200 499
57
34
28
99
92
46
91
69
9
70
4
5
27
60
75
19
95
60
49
31
100
10
69
71
68
56
9
20
2
3
65
82
15
58
24
50
58
68
9
93
88
58
34
47
91
72
39
23
18
7
28
87
13
58
58
6
50
72
42
85
67
4
57
37
33
52
36
83
34
79
97
1
49
96
8
23
19
70
54
61
64
49
85
39
9
5
78
59
81
28
38
45
46
6
98
40
88
58
64
40
40
36
91
32
70
86
79
1
18
90
44
4
51
29
43
92
27
3
74
28
63
22
87
9
91
17
9
60
95
66
100
31
34
46
54
15
92
26
88
70
56
66
7
92
55
52
82
85
31
23
35
80
70
73
19
66
48
7
20
57
96
58
13
7
68
92
54
50
84
78
55
30
15
28
80
20
54
5
90
97
82
77
38
62
77
7
51
92
45
44
18
42
87
96
83
39
11
97
17
26
0 8
0 53
0 56
0 101
0 145
0 194
1 8
1 75
3 112
3 134
3 197
4 63
4 106
4 116
4 120
5 15
5 35
5 57
5 80
5 112
5 196
6 120
6 140
6 145
6 169
7 36
7 95
7 108
8 17
8 133
8 169
8 185
9 80
9 101
9 121
9 167
10 53
10 95
10 113
10 154
10 179
11 37
12 40
12 78
12 93
12 128
12 130
12 165
12 168
13 26
13 163
13 190
14 80
14 117
14 159
14 160
14 181
15 25
15 37
15 40
15 105
15 141
16 61
16 114
16 116
17 62
17 117
17 118
17 120
17 158
18 31
18 117
18 139
18 165
18 180
19 35
19 37
19 129
19 138
19 163
19 195
20 121
20 131
20 158
20 173
20 181
21 74
21 85
21 97
21 193
22 56
22 103
22 134
22 135
22 141
22 154
23 104
23 116
23 180
24 30
24 33
24 61
24 84
24 180
25 59
25 63
25 78
25 137
25 142
25 145
25 153
26 60
26 166
26 181
27 51
27 77
27 101
27 140
27 159
28 120
28 165
29 40
29 50
29 57
29 59
29 97
29 170
30 183
31 59
31 110
31 127
31 156
31 162
32 165
32 185
33 38
33 113
33 136
33 145
33 174
33 177
34 127
34 192
35 36
35 107
35 113
36 40
36 60
36 76
36 128
37 109
37 170
38 46
38 82
38 176
38 186
38 191
38 194
39 111
39 147
39 168
40 41
41 133
41 143
41 157
41 194
42 124
42 154
43 46
43 59
43 64
43 85
44 84
44 161
45 75
45 76
45 103
45 126
45 152
46 70
46 73
46 103
46 141
47 54
47 62
48 146
48 192
49 60
49 144
49 146
49 186
50 54
50 171
51 74
51 79
51 101
51 113
51 140
51 150
51 162
52 176
52 199
53 61
53 63
53 139
53 152
53 177
54 84
54 151
54 171
54 195
55 80
55 165
56 66
56 149
56 186
57 59
57 60
57 90
57 148
59 77
59 89
59 93
59 120
59 149
60 148
60 164
60 186
61 103
61 107
61 139
61 150
62 84
62 165
63 68
63 122
63 198
64 93
64 145
64 146
64 185
65 72
65 95
65 124
65 160
66 143
66 179
67 77
67 110
67 135
67 150
67 175
67 198
68 71
68 88
68 107
68 112
68 140
69 88
69 92
69 99
69 184
70 81
70 83
70 92
70 142
70 199
71 73
71 95
71 146
71 171
72 99
72 130
73 112
73 124
73 151
73 157
74 89
74 90
74 172
74 176
74 179
74 182
75 79
75 100
75 131
75 141
75 143
75 154
75 172
75 186
76 137
77 98
77 125
77 195
78 105
78 119
78 122
78 126
78 156
78 172
78 194
79 119
79 142
80 81
80 117
80 120
80 140
80 142
80 159
80 173
80 176
81 101
81 112
81 131
81 151
82 124
82 176
82 187
83 127
83 181
84 126
84 183
85 108
86 106
86 142
86 177
87 150
87 187
87 192
88 103
88 181
88 182
89 110
89 112
89 119
89 146
89 167
90 159
90 185
90 190
91 137
91 182
92 117
92 127
93 142
93 190
94 100
94 156
94 190
94 199
95 194
96 153
96 155
96 196
96 199
97 100
97 123
97 124
97 132
97 196
98 154
98 157
98 159
98 192
99 108
99 137
100 120
100 140
100 161
101 118
101 146
101 171
101 182
102 106
102 126
102 186
102 195
103 158
103 184
104 174
105 115
105 152
105 164
106 130
106 158
106 162
107 130
107 131
107 156
108 155
108 172
109 161
109 191
109 194
110 193
110 196
111 134
111 179
112 156
112 159
112 185
112 190
113 134
113 150
113 151
114 136
114 153
114 155
114 189
115 154
115 187
117 128
117 152
118 137
118 148
118 168
118 195
119 123
119 125
120 126
120 153
120 199
121 146
121 194
122 146
122 149
123 162
123 164
125 196
126 147
126 172
126 177
126 180
126 183
126 196
127 164
127 196
128 170
130 139
130 145
132 143
132 147
132 180
133 192
133 197
134 142
134 144
135 156
135 159
136 139
138 170
138 175
139 183
140 165
141 181
143 183
144 153
144 165
145 169
145 176
145 194
146 150
146 153
146 184
148 152
148 166
149 151
149 167
150 155
150 187
151 195
152 179
153 174
153 184
154 156
154 178
155 158
155 172
157 190
157 195
159 186
160 173
160 180
160 183
161 165
161 179
161 191
162 178
163 169
164 186
165 198
171 187
171 196
176 193
177 186
177 190
179 190
183 198
