200 525
92
67
60
13
80
92
68
68
33
56
34
27
15
42
38
81
96
59
11
90
98
96
1
57
27
62
75
56
7
9
63
78
23
9
84
5
74
92
31
9
9
73
62
24
81
61
4
81
65
99
69
33
12
43
45
27
8
60
10
22
21
86
5
67
94
64
71
26
62
64
17
61
16
71
29
13
87
50
95
5
64
32
61
6
44
73
7
100
77
26
64
74
65
7
23
10
3
73
73
47
51
9
73
85
75
13
54
21
89
34
31
25
72
86
87
88
35
78
8
71
57
44
6
49
93
69
84
27
88
19
10
25
23
46
53
76
50
85
9
17
75
78
76
64
57
40
12
78
44
93
77
81
52
93
93
84
81
40
33
98
83
87
45
41
51
11
84
81
57
13
34
60
61
13
81
34
56
91
5
92
76
25
73
52
86
6
5
96
90
58
89
42
88
61
34
50
16
19
19
58
0 139
1 16
1 19
1 30
1 33
1 75
1 82
1 85
1 106
1 119
1 129
1 152
1 159
1 160
2 21
2 111
2 112
2 144
3 38
4 5
4 8
4 26
4 39
4 58
5 33
5 47
5 56
5 71
5 140
5 145
5 194
6 33
6 84
6 149
6 181
6 182
6 183
7 37
7 60
7 64
7 99
7 190
8 51
8 84
8 146
8 195
9 41
9 81
9 89
9 96
9 108
9 194
10 110
10 116
11 25
11 37
11 54
11 61
11 91
11 113
11 121
11 144
11 163
11 198
12 15
12 64
12 92
12 95
12 99
12 131
12 139
13 76
13 90
13 140
13 171
13 186
14 43
14 48
14 61
14 66
14 92
14 108
14 197
15 30
15 46
15 87
15 176
15 198
16 41
16 66
16 96
16 113
16 143
17 27
17 197
18 62
18 158
19 111
19 140
19 151
20 36
20 51
20 136
21 43
21 133
21 139
21 150
21 180
21 185
21 196
22 66
22 173
22 180
22 186
23 74
23 104
23 121
23 148
23 187
24 31
24 37
24 56
24 87
24 134
24 148
24 186
25 31
25 100
25 103
25 147
25 162
25 169
25 186
25 195
26 80
26 91
26 184
27 76
27 142
27 156
28 87
28 105
28 127
28 170
28 183
28 196
29 57
29 74
29 99
29 106
29 116
30 72
30 86
30 176
30 189
31 76
31 95
31 108
31 141
31 143
31 144
31 162
32 40
32 121
32 122
32 140
32 148
33 51
33 62
33 68
33 120
33 147
33 149
34 45
34 100
34 186
35 48
35 50
35 115
35 150
36 57
36 87
36 127
36 151
36 174
36 187
37 115
37 161
37 186
38 48
38 50
38 81
38 189
38 199
39 102
39 104
39 121
39 135
39 156
39 186
40 58
40 92
40 97
41 73
41 90
41 178
41 179
42 85
42 86
42 153
42 198
43 90
43 135
44 105
44 175
45 53
45 63
45 115
45 196
46 72
47 64
47 86
48 73
48 146
48 161
48 182
49 124
50 56
50 69
50 117
50 120
50 135
50 136
50 138
50 153
51 132
52 63
52 97
52 109
52 163
52 194
53 88
53 107
53 149
54 64
54 66
54 103
54 115
54 141
54 190
55 73
55 100
55 152
55 159
55 170
55 185
56 72
56 94
56 115
56 164
56 165
57 100
57 156
57 175
58 151
58 180
58 181
59 72
59 104
59 158
59 178
59 179
59 198
60 84
60 125
60 126
60 133
60 149
60 158
61 145
61 179
61 185
62 64
62 73
62 191
63 71
63 84
63 106
63 116
63 165
63 175
64 104
64 160
64 186
65 128
65 131
65 166
66 93
67 103
67 121
67 177
67 178
67 187
67 195
68 69
68 71
68 105
68 138
69 76
70 97
70 121
70 144
70 165
70 178
70 180
70 195
70 199
71 131
72 85
72 151
73 74
73 81
73 86
73 178
74 100
74 101
74 105
74 119
74 125
74 142
74 148
74 184
75 139
75 192
76 108
77 125
78 124
78 129
78 149
78 195
79 119
79 167
80 105
80 160
80 165
80 169
80 170
80 188
80 193
81 95
81 101
81 105
81 118
82 145
82 173
83 87
83 96
83 148
83 186
83 198
84 97
84 108
84 115
84 125
84 132
84 134
85 110
85 119
85 174
86 124
86 149
86 153
87 134
87 178
88 118
88 173
88 178
88 187
89 128
89 156
89 157
90 116
91 156
92 140
92 160
93 117
94 155
94 157
96 154
97 100
98 99
98 186
99 112
99 182
101 111
101 122
101 189
101 192
102 114
102 190
103 152
103 154
103 181
103 185
104 157
104 166
105 118
105 124
105 130
105 146
105 191
106 123
106 129
106 130
106 186
108 115
108 118
109 121
109 127
109 131
109 144
109 158
109 195
110 134
110 175
110 183
110 186
111 127
112 131
112 142
112 175
112 189
113 117
113 199
114 149
114 160
114 193
115 158
117 119
117 155
119 130
119 140
120 151
120 180
121 166
121 169
122 136
122 162
122 171
123 148
123 158
123 184
124 137
125 131
125 132
125 141
125 169
125 187
127 168
127 173
127 184
128 186
129 168
130 140
130 145
130 195
131 137
131 141
131 161
131 173
132 161
135 184
137 148
137 173
138 199
139 147
139 189
140 188
141 182
142 158
142 169
142 195
143 160
143 173
143 189
144 174
144 190
146 152
146 182
147 161
148 153
150 181
150 189
150 196
152 168
153 189
154 184
155 167
155 183
156 186
157 185
160 184
161 166
161 174
162 184
168 185
169 176
169 177
169 198
173 182
173 192
173 194
174 196
175 182
176 177
177 179
179 190
179 197
180 194
183 184
183 187
183 195
184 196
188 196
189 192
