200 511
43
2
74
50
1
2
97
1
28
95
28
9
18
61
96
94
49
6
26
70
46
86
26
68
31
28
16
15
23
23
8
57
11
44
60
1
44
96
85
74
99
7
10
14
27
28
25
5
94
63
97
32
96
14
81
78
1
37
14
70
88
24
8
72
23
74
47
92
61
15
46
34
76
68
19
45
34
33
66
19
89
14
90
67
82
54
4
61
15
63
52
14
83
64
87
4
39
32
40
78
88
88
33
16
26
50
63
20
9
47
14
60
73
25
45
62
22
36
17
8
75
75
24
73
9
57
4
85
35
63
84
54
4
73
92
43
27
90
2
97
66
5
84
84
88
2
2
90
17
54
14
45
81
77
65
38
95
78
91
29
1
8
13
59
32
81
39
82
11
91
34
34
5
13
77
28
66
73
14
18
15
79
4
7
17
91
91
64
41
45
21
98
74
53
71
2
39
3
42
55
0 22
0 69
0 171
1 6
1 24
1 74
1 79
1 135
2 55
2 72
2 85
2 131
2 195
3 17
3 69
3 111
3 120
3 123
3 126
3 154
3 179
3 181
3 199
4 18
4 62
4 94
4 144
5 15
5 80
5 136
5 152
5 190
6 62
6 72
6 194
7 8
7 45
7 49
7 100
7 110
7 112
8 61
8 132
8 134
8 155
9 39
9 47
9 95
9 121
9 192
10 188
11 35
11 65
11 134
11 145
11 176
11 188
11 189
12 25
12 60
12 149
12 161
12 176
12 183
13 16
13 20
13 155
14 62
14 67
14 113
14 192
15 46
15 70
15 77
15 98
15 126
15 154
15 187
16 73
16 140
17 75
17 133
17 137
17 170
17 178
18 61
18 81
18 140
18 168
18 176
18 191
18 192
19 171
20 30
20 54
20 65
20 77
20 84
20 110
20 116
20 130
20 144
21 27
21 95
21 139
21 147
21 173
22 27
22 60
22 76
22 94
22 95
22 99
22 100
23 61
23 77
23 147
23 175
24 34
24 45
24 54
24 88
24 143
24 152
24 193
25 28
25 42
25 55
25 126
25 140
25 143
25 148
25 188
26 45
26 74
26 141
26 181
26 182
27 35
27 96
27 144
28 32
28 87
28 183
29 85
29 108
29 166
30 34
30 81
30 140
31 70
31 106
31 194
32 61
32 80
32 90
32 150
32 186
32 195
33 111
33 186
34 80
34 142
34 165
34 192
35 108
35 132
35 161
36 69
36 89
36 125
36 134
37 46
37 49
37 66
37 199
38 81
38 113
39 61
39 66
39 141
39 153
39 155
40 80
40 187
40 198
41 109
41 161
42 109
42 165
42 172
42 191
42 192
43 154
43 162
44 55
44 147
44 150
44 182
44 199
45 84
46 47
46 156
47 54
47 66
47 95
47 109
47 127
47 160
48 53
48 80
48 90
48 162
48 171
49 120
50 66
50 88
50 175
51 185
52 107
52 122
52 168
52 171
52 172
53 65
53 71
53 75
53 111
53 191
54 74
54 136
54 150
54 185
54 190
55 89
55 124
56 62
56 105
56 134
56 156
56 184
57 114
57 117
57 121
57 123
57 153
57 185
58 67
58 70
58 120
58 153
58 198
59 144
59 147
59 181
60 90
60 126
60 127
60 128
61 193
62 116
62 119
62 165
62 184
63 70
63 98
63 138
63 199
64 80
65 116
65 158
67 76
67 121
67 132
68 121
68 136
68 143
68 167
68 172
69 78
69 89
69 91
69 112
69 113
69 124
69 129
69 151
69 194
70 114
70 147
70 154
70 183
70 187
71 87
71 121
71 135
71 162
71 174
71 189
72 98
72 99
72 188
72 189
72 199
73 85
73 95
73 120
73 135
73 195
74 139
74 148
74 160
75 158
75 198
76 163
76 168
77 99
78 95
78 138
78 179
79 113
79 130
79 154
80 81
80 142
80 192
80 194
81 130
82 111
82 180
82 183
82 195
83 101
83 124
83 132
83 160
83 174
85 133
85 136
85 149
85 183
86 96
86 158
86 194
86 199
87 107
87 141
87 145
87 153
89 120
89 160
90 113
90 150
91 110
91 184
93 134
93 169
94 111
94 118
94 121
94 151
94 162
94 166
95 137
95 144
96 112
96 115
96 150
96 165
96 171
97 98
97 107
97 117
97 154
97 173
97 179
97 186
97 194
98 104
98 142
98 176
99 113
99 136
100 101
100 113
100 138
100 172
100 188
101 117
101 138
101 160
101 193
102 149
102 187
103 125
104 118
104 154
104 162
104 182
104 196
105 162
106 146
106 166
106 177
106 179
107 108
107 115
107 116
107 117
107 176
108 157
108 161
109 189
109 195
110 136
110 195
111 121
111 138
111 180
112 191
113 134
113 186
114 128
114 130
114 147
114 155
115 138
115 190
116 154
116 179
117 160
117 189
118 162
118 196
119 138
119 168
120 180
120 191
120 198
122 127
123 126
123 147
123 157
124 152
124 165
124 189
124 190
125 198
126 152
129 132
129 155
130 143
130 146
130 150
131 196
133 192
134 186
134 195
135 197
137 149
137 171
137 192
138 153
138 193
139 170
140 153
141 142
141 145
141 166
141 188
142 173
142 183
143 191
143 198
144 153
145 164
145 179
145 185
148 183
148 198
151 154
151 169
151 183
155 191
156 166
157 183
158 162
158 192
160 169
160 175
162 171
162 180
162 185
163 181
163 188
163 198
168 181
169 180
169 198
171 192
174 195
176 184
176 188
179 183
180 182
180 186
180 197
181 183
186 193
192 194
196 197
