200 480
12
13
8
60
18
43
54
25
50
47
43
2
30
64
60
56
89
25
44
45
30
19
66
66
73
2
91
44
14
24
6
31
24
82
18
85
7
93
66
65
97
14
26
24
31
3
62
93
27
69
92
45
27
5
60
40
62
82
4
9
8
67
76
74
52
46
18
91
66
32
78
82
79
29
82
33
40
14
33
89
97
51
93
75
76
87
31
11
9
79
44
50
68
46
34
7
66
82
78
25
33
98
89
11
5
56
20
89
80
17
36
7
45
60
68
9
44
81
19
83
6
78
42
18
7
18
87
17
42
55
26
8
26
39
76
76
39
18
23
44
5
41
91
52
31
89
27
100
30
89
1
53
53
57
72
43
41
50
81
14
26
10
48
86
70
10
56
86
5
40
85
62
98
73
62
68
8
74
95
27
31
22
93
54
78
18
11
12
72
26
68
8
9
71
77
51
62
76
71
36
0 16
0 21
0 55
0 61
0 85
0 113
0 138
1 70
1 82
1 170
2 126
2 166
2 186
3 66
3 78
3 88
3 170
3 172
3 189
4 76
5 35
5 83
5 94
5 135
5 142
5 143
5 164
5 183
6 13
6 19
6 76
6 81
6 162
6 164
6 193
7 32
7 98
7 160
8 69
8 187
9 68
9 71
9 79
9 161
9 192
10 13
10 51
10 77
10 82
10 147
11 107
11 140
11 157
11 188
12 15
12 72
12 107
12 115
12 125
13 16
13 30
13 157
14 18
14 34
14 84
14 109
14 122
14 166
15 22
15 40
15 41
15 46
15 80
15 82
15 87
15 110
15 162
16 21
16 73
16 92
16 122
16 132
16 143
17 63
17 67
17 81
17 108
17 147
17 148
17 152
18 111
18 128
18 146
18 172
19 26
19 50
19 58
19 109
19 116
19 154
19 164
19 166
20 71
20 108
20 111
20 185
21 42
21 153
21 184
22 66
22 73
22 147
22 168
22 188
23 32
23 43
23 189
24 41
24 72
24 79
24 118
26 109
26 151
26 155
26 191
27 40
27 102
27 131
27 161
27 175
28 41
28 42
28 76
28 88
28 89
28 118
28 125
28 133
29 48
29 92
29 106
29 142
30 50
30 87
30 147
31 65
31 82
31 90
31 97
31 189
31 199
32 85
32 94
32 113
32 161
33 56
33 129
33 141
33 165
34 92
34 112
34 123
34 165
35 79
36 62
36 145
36 169
37 117
37 151
37 178
38 42
38 65
38 68
38 125
38 162
39 93
40 66
40 74
40 107
40 146
41 96
41 102
41 116
41 155
42 72
42 155
43 116
43 177
43 180
43 186
44 53
44 84
44 115
44 121
44 132
44 158
45 115
45 132
45 143
46 135
46 171
47 57
47 77
47 94
47 116
47 188
49 83
49 100
49 161
50 107
50 196
51 132
51 173
52 63
52 72
52 113
52 115
52 170
52 198
53 65
53 110
53 137
53 143
54 187
55 98
55 103
55 127
55 130
55 153
56 76
56 79
56 132
56 164
56 172
56 184
56 194
57 60
57 61
57 83
57 87
57 156
57 177
57 180
57 189
58 93
58 131
58 141
58 153
58 173
58 190
59 62
59 81
59 90
59 98
59 104
59 195
60 70
60 179
60 183
61 92
61 115
61 122
61 136
61 151
61 194
62 73
62 153
62 170
62 189
62 198
63 111
63 148
64 161
64 169
64 185
65 72
65 78
65 138
65 181
65 186
66 79
66 97
66 98
66 118
66 127
66 146
66 169
66 175
67 72
67 83
67 153
67 159
67 191
68 137
68 160
68 179
68 187
68 194
69 99
70 76
70 104
70 124
70 133
70 149
70 160
71 74
71 84
71 134
71 179
72 82
72 111
73 119
73 132
73 163
73 176
74 113
74 160
74 192
76 89
76 91
77 118
77 127
77 174
77 193
78 85
78 97
79 176
79 193
81 84
81 108
81 111
81 119
83 109
83 170
84 105
84 124
84 158
85 96
85 98
85 124
85 132
85 153
86 95
86 106
86 138
86 140
86 159
86 162
86 181
86 199
87 145
87 151
87 172
88 176
89 93
89 150
90 93
90 146
90 164
92 124
92 129
93 109
94 112
95 119
95 156
96 137
96 165
98 101
98 155
98 199
100 153
101 157
102 132
102 176
104 136
104 151
104 170
105 146
105 148
105 162
106 133
107 132
107 136
107 185
107 194
108 121
108 138
108 186
109 117
109 172
110 111
110 159
110 179
110 195
111 118
111 125
111 128
112 160
112 163
113 146
113 157
114 145
117 138
119 176
120 125
120 135
120 177
121 199
122 130
125 170
125 184
126 194
127 136
127 140
127 188
128 130
128 136
130 157
132 157
132 195
134 139
134 141
134 172
134 187
134 192
135 147
135 189
137 169
137 199
138 146
138 184
139 143
139 156
140 143
141 174
141 199
143 193
144 169
145 154
145 159
145 167
145 192
146 188
146 196
147 150
147 180
147 197
148 183
150 152
150 153
150 193
151 181
151 196
152 160
152 182
153 181
153 187
155 164
156 198
160 193
161 171
164 171
164 197
166 199
167 194
168 195
171 199
174 196
174 198
175 181
176 182
176 189
176 191
178 197
179 198
182 196
186 189
189 193
190 197
192 193
