200 543
88
71
94
52
26
99
98
55
7
55
29
87
28
60
43
56
7
59
33
12
87
3
34
58
69
58
22
18
4
7
71
72
28
82
77
55
77
56
69
47
95
44
45
30
3
20
2
59
13
91
98
33
41
32
52
81
2
79
17
7
71
74
32
91
62
41
100
77
57
5
90
37
36
82
61
16
53
48
1
41
39
28
91
22
20
35
7
4
17
49
6
71
52
19
77
75
75
8
48
26
13
52
50
72
7
44
34
19
31
73
24
83
94
89
32
48
93
50
17
93
70
26
31
39
89
99
9
59
92
49
2
70
21
11
96
100
36
15
71
9
79
35
7
75
82
84
60
20
85
76
33
76
54
32
64
62
28
49
63
39
20
8
72
70
30
14
61
75
4
36
56
33
81
42
73
93
1
84
60
72
92
61
53
53
69
33
4
19
14
23
27
3
23
74
97
94
60
76
54
31
0 51
0 59
0 122
0 139
1 7
1 12
1 23
1 37
1 45
1 81
1 83
1 148
1 149
1 158
1 197
2 12
2 18
2 34
2 59
2 63
2 90
2 111
2 131
2 157
3 54
3 75
3 107
3 176
3 195
4 50
4 54
4 71
4 112
4 120
4 147
4 150
4 157
4 165
4 176
5 30
5 45
5 84
6 21
6 85
6 136
6 199
7 12
7 37
7 54
7 71
8 34
8 81
8 103
9 14
9 33
9 43
9 46
9 49
9 179
9 184
10 57
10 80
10 91
10 144
10 153
11 77
11 112
11 113
11 135
11 142
11 177
12 16
12 27
12 38
12 39
12 44
12 52
12 93
12 104
12 105
12 140
12 161
12 199
13 34
13 41
13 49
13 122
13 170
13 183
14 101
14 108
14 127
14 172
15 34
15 62
15 87
15 93
15 114
15 135
16 101
16 141
17 41
17 56
17 128
17 156
17 192
18 21
18 59
18 130
18 133
18 160
18 186
19 43
19 73
19 79
19 86
19 162
19 192
20 57
20 64
20 70
20 77
20 172
20 197
21 83
21 113
22 83
22 110
22 147
22 198
23 65
23 72
23 81
23 90
23 93
23 104
23 158
23 182
23 187
24 146
24 158
24 177
25 26
25 46
25 63
25 84
25 87
25 103
25 121
25 180
26 137
27 45
27 57
27 88
27 92
27 117
27 124
28 83
28 102
29 49
29 99
29 107
29 117
29 146
30 82
30 91
30 193
31 87
31 112
31 119
31 125
32 50
32 60
32 74
32 90
32 157
33 53
34 49
34 143
34 155
34 159
34 160
35 93
35 96
35 100
35 135
35 137
36 64
36 144
37 87
37 150
38 107
38 129
38 142
38 189
39 41
39 50
39 72
39 128
39 141
39 159
39 186
40 52
40 61
40 64
40 94
40 99
40 120
41 100
41 139
42 102
42 135
43 44
43 108
44 49
44 112
44 123
44 133
44 160
45 68
45 105
45 107
45 142
46 48
46 61
46 108
46 190
47 76
47 78
47 85
47 160
47 178
47 186
48 111
48 155
49 172
49 186
49 190
50 69
50 96
50 149
50 167
51 62
51 65
51 81
51 110
51 124
51 180
52 75
52 77
52 166
53 103
53 121
53 142
54 58
54 81
54 84
54 123
54 148
54 183
54 198
55 140
55 176
55 189
56 65
56 71
56 163
57 146
57 147
59 72
59 191
60 112
60 145
60 158
60 178
60 181
60 198
61 80
61 140
62 69
62 79
62 87
62 90
62 118
62 125
62 153
63 114
63 146
63 172
64 75
64 89
64 140
64 176
65 121
65 128
65 145
65 153
65 164
66 92
66 96
66 125
67 94
67 102
67 156
67 166
68 116
68 119
68 141
68 190
68 197
69 138
69 141
69 171
69 194
69 197
70 104
70 186
71 113
71 157
71 175
72 161
73 168
73 188
73 192
74 92
74 111
74 162
74 188
75 91
75 144
75 169
75 190
75 193
76 127
76 137
76 140
76 154
76 165
77 81
77 120
77 121
77 176
78 109
78 112
78 180
79 80
79 101
79 181
79 199
80 83
80 110
80 153
81 110
81 114
82 85
82 134
83 104
83 167
83 169
83 175
83 176
83 184
84 98
84 155
85 107
85 125
85 144
85 160
85 167
85 198
86 103
86 126
86 136
86 176
87 140
87 160
87 192
88 145
89 150
89 173
90 127
91 99
91 112
91 121
91 198
92 144
92 171
93 116
93 128
93 131
93 152
93 154
93 156
93 164
94 117
94 132
94 167
94 169
95 137
95 143
95 166
95 173
96 112
96 114
96 147
96 158
96 172
96 181
96 187
96 190
96 191
98 121
98 152
98 186
98 192
100 111
100 127
100 179
100 198
101 189
103 150
104 106
104 133
105 169
105 189
106 177
107 170
107 198
108 143
108 152
108 191
109 144
109 151
109 161
109 172
109 193
110 137
110 152
110 157
110 162
110 179
111 115
111 150
111 151
114 120
114 124
114 199
115 135
115 163
115 171
115 173
115 188
116 190
117 125
117 167
117 171
117 195
117 196
118 127
119 149
120 149
120 197
121 129
122 145
122 184
122 195
123 144
123 154
124 174
124 197
125 159
125 178
126 127
126 176
127 164
129 137
129 167
130 158
131 199
132 134
132 166
132 172
132 188
133 187
134 179
134 192
135 139
135 158
136 150
136 166
137 143
137 172
138 199
139 142
139 188
140 168
140 187
141 156
141 163
143 149
143 174
144 190
145 168
145 170
145 178
147 171
147 176
147 194
147 198
148 164
148 166
148 199
150 156
150 190
151 154
152 173
152 181
153 167
154 170
157 162
159 167
159 168
159 193
160 191
161 165
162 178
163 193
164 198
165 186
165 190
167 179
167 186
168 186
168 195
173 178
175 180
178 188
180 185
181 182
182 195
183 184
185 191
194 198
