200 512
81
86
19
10
7
3
18
32
66
22
90
56
62
95
72
79
76
64
93
57
77
4
46
90
28
33
37
90
50
87
97
98
36
61
87
13
39
90
67
47
74
72
77
100
6
90
88
30
39
80
79
50
22
89
76
59
11
3
13
63
69
86
5
18
56
68
38
72
93
27
69
81
68
79
59
87
87
59
42
2
64
67
66
4
99
36
36
81
55
36
80
28
23
87
54
48
100
26
54
91
58
34
51
26
26
3
17
58
56
96
85
40
65
86
76
29
98
12
9
28
33
10
36
61
7
39
21
24
37
42
93
60
56
45
92
25
64
76
9
37
4
81
78
90
17
29
27
9
67
100
70
97
52
16
96
33
2
2
87
54
76
14
92
37
5
26
58
16
73
33
96
91
50
54
81
66
81
19
9
47
82
1
36
44
40
98
93
60
12
43
44
8
54
63
60
65
11
26
89
74
0 12
0 60
0 86
0 92
0 95
0 103
0 107
1 3
1 46
1 83
1 101
1 173
2 9
2 44
2 50
2 72
2 109
2 122
2 153
3 14
3 34
3 55
3 94
3 162
3 170
3 175
3 181
4 14
4 78
4 81
4 135
4 137
4 143
5 21
5 115
5 133
5 164
5 196
6 26
6 69
6 149
6 196
7 56
7 144
7 181
8 108
8 186
9 29
9 128
9 190
10 27
10 48
10 49
10 63
10 80
10 153
10 197
11 40
11 80
11 88
11 124
11 127
11 128
11 153
11 182
11 197
11 198
12 94
12 192
13 26
13 44
13 66
13 81
13 155
13 168
13 191
14 89
14 98
14 192
15 39
15 83
15 84
15 86
15 190
16 35
16 106
16 125
17 33
17 43
17 149
17 177
18 34
18 96
18 122
18 163
18 164
18 184
18 187
19 49
19 92
19 142
19 153
19 185
19 188
20 98
20 132
21 34
21 186
22 26
22 30
22 76
22 86
22 99
22 129
22 143
22 165
22 180
23 47
23 97
23 179
23 189
23 198
24 31
24 102
24 147
24 176
25 57
25 82
25 167
26 143
26 145
26 146
26 185
26 198
27 49
27 52
27 71
27 75
27 109
27 170
28 61
28 79
28 94
28 119
28 177
29 30
29 34
29 65
29 70
29 77
29 80
29 131
30 34
30 41
30 110
30 111
30 136
30 183
31 45
31 83
31 87
31 126
31 193
31 197
32 128
32 131
32 142
32 150
32 159
32 190
34 61
34 87
34 88
34 106
34 139
35 138
35 195
35 197
36 42
36 54
36 115
36 118
37 58
37 67
37 70
37 183
38 126
39 50
39 76
39 122
39 133
39 172
40 72
40 116
41 65
41 78
41 185
42 90
42 143
42 185
42 198
43 48
43 166
43 197
44 151
44 185
44 187
45 115
45 149
45 172
46 58
46 88
46 118
46 123
46 135
46 146
47 68
47 99
47 102
47 118
47 168
47 184
47 198
48 77
48 99
48 101
49 73
49 91
49 116
49 153
50 78
50 98
50 138
51 75
51 124
51 192
52 91
52 108
52 163
53 90
53 111
53 197
54 62
54 112
54 149
54 177
54 186
54 199
55 124
55 133
55 148
55 150
55 185
55 187
56 157
56 180
56 192
57 158
58 85
59 73
59 103
59 122
59 175
59 176
59 194
60 72
60 110
60 111
60 177
61 88
61 89
61 106
61 118
61 144
61 197
62 81
62 95
62 102
62 131
62 132
62 161
62 174
62 192
63 111
63 136
64 118
64 127
64 180
64 187
65 87
65 89
65 130
66 146
66 149
66 180
67 96
67 199
68 75
68 129
69 179
69 191
70 118
70 132
71 123
71 145
71 161
71 194
72 163
73 74
73 96
73 106
73 176
74 125
75 84
75 177
76 88
76 109
76 148
76 156
77 128
77 146
77 171
77 190
78 106
78 160
78 168
78 191
80 86
81 121
81 130
81 148
81 163
82 89
82 120
82 152
82 197
84 101
84 110
84 122
84 128
84 152
84 181
85 123
85 160
86 140
86 160
87 99
87 114
87 131
87 155
87 197
88 159
89 106
89 120
89 129
89 163
90 131
91 100
91 106
91 111
91 129
91 133
92 116
92 193
93 110
93 186
93 191
94 142
94 144
94 179
94 190
95 105
96 142
96 164
96 174
97 112
97 143
97 170
97 174
97 181
98 110
98 132
99 120
99 124
99 130
99 150
100 114
100 125
100 134
100 138
100 164
100 169
100 187
100 191
101 157
101 174
102 137
103 146
103 172
103 192
104 105
104 114
104 161
104 178
105 146
105 159
105 173
106 197
108 114
109 121
109 154
109 166
109 187
109 188
110 129
110 174
112 144
112 152
113 146
113 171
114 184
115 163
115 190
116 118
117 154
117 161
117 193
118 151
120 161
120 166
120 186
121 139
121 171
121 186
122 174
123 190
124 146
125 146
125 162
126 168
127 198
128 154
128 171
129 135
129 186
131 142
132 169
133 176
134 148
134 149
134 164
136 170
136 186
137 146
137 148
137 153
138 155
138 174
138 175
138 184
138 185
138 195
139 180
139 188
139 195
139 198
140 153
140 156
140 191
143 180
143 186
144 159
144 167
145 152
145 160
146 157
148 160
149 160
150 159
150 187
153 171
155 162
156 158
156 177
156 179
158 161
158 181
158 186
159 184
160 164
160 179
161 179
162 184
163 196
164 180
164 185
164 197
166 199
167 193
168 181
168 196
169 177
171 172
172 188
173 188
175 176
178 194
180 182
181 186
183 198
184 185
186 195
