200 506
46
68
41
70
98
41
97
75
19
11
56
74
59
58
76
73
77
85
50
21
30
47
38
6
16
14
69
7
82
58
41
72
90
52
48
28
59
1
51
82
81
28
10
39
100
34
53
34
31
91
93
81
15
41
47
75
43
78
66
20
24
76
88
87
71
63
14
65
43
28
51
84
95
25
15
38
19
22
90
61
25
97
78
16
15
22
55
36
71
19
4
83
69
48
41
39
68
62
49
50
73
75
11
30
66
41
21
81
37
51
67
13
88
24
37
40
99
94
90
30
93
59
46
31
79
71
96
53
44
67
76
7
76
42
92
23
79
68
75
75
14
72
29
89
75
28
91
66
50
92
46
38
4
31
48
17
61
39
62
82
99
63
23
53
45
27
54
31
62
70
12
96
39
30
92
67
18
58
90
63
91
9
17
34
25
24
52
75
12
43
20
72
51
4
80
31
54
33
12
3
0 36
0 73
0 113
1 51
2 116
2 132
2 162
3 16
4 21
4 38
4 106
4 110
4 124
4 145
4 174
4 190
5 33
5 42
5 76
5 97
5 195
5 196
6 49
6 56
6 132
6 141
6 176
6 184
7 27
7 74
7 89
7 93
8 70
8 115
8 186
8 195
9 26
9 101
9 159
9 177
10 32
10 79
10 95
11 15
11 56
11 65
11 146
11 158
11 180
11 181
12 27
12 50
12 58
12 140
12 158
12 185
13 58
13 70
13 76
13 118
13 151
13 158
14 33
14 93
14 98
14 183
15 17
15 43
15 77
15 117
15 124
15 146
15 147
16 26
16 55
16 186
17 73
17 122
18 99
18 120
18 135
18 166
19 33
19 37
19 66
19 73
20 61
20 82
20 124
20 143
20 146
21 50
21 55
21 62
21 103
22 36
22 98
22 141
22 154
22 178
22 181
23 76
23 87
23 152
23 169
23 173
23 185
24 71
24 143
25 101
25 122
25 126
25 148
26 53
26 91
26 118
26 150
27 49
28 64
28 74
28 146
28 172
28 190
29 83
29 133
29 166
29 173
29 198
30 97
30 165
30 192
30 197
31 38
31 43
31 44
31 116
31 121
31 125
31 134
31 161
31 191
32 97
32 99
32 101
32 141
32 176
33 45
33 105
33 134
33 185
33 190
33 194
34 37
34 49
34 69
34 85
34 123
34 143
34 146
34 191
35 53
35 110
35 122
35 137
36 57
36 83
36 94
36 108
36 114
36 121
36 186
36 196
37 127
37 187
38 52
38 116
38 137
39 73
39 119
39 146
39 154
39 192
40 54
40 112
40 158
41 56
41 72
41 125
41 151
41 157
41 191
42 119
42 180
42 198
43 134
44 58
44 71
44 98
44 118
44 124
45 81
45 87
45 114
45 131
45 138
45 198
46 154
46 199
47 67
47 114
47 136
47 152
48 68
48 85
48 115
48 199
49 61
49 84
49 135
49 156
49 179
49 193
50 136
50 174
50 190
52 75
52 132
52 173
53 81
53 102
53 142
53 143
53 187
54 72
54 86
54 121
54 122
54 146
54 161
55 105
55 119
55 162
55 173
55 184
56 94
56 108
56 148
56 156
56 166
57 76
57 132
57 183
58 83
58 159
58 178
59 60
59 62
59 75
59 98
59 125
59 147
59 185
60 62
60 98
60 126
60 128
61 69
62 75
62 93
62 126
62 176
63 154
63 155
64 169
65 73
65 76
65 107
65 116
65 141
65 148
65 197
66 68
66 166
66 194
67 111
67 116
67 124
68 108
68 110
68 139
68 178
68 180
69 71
70 85
70 105
71 86
71 88
71 100
71 106
71 116
71 121
71 125
71 131
71 196
72 75
72 90
72 135
72 137
72 180
72 191
73 84
73 172
74 76
74 151
74 183
75 86
75 100
75 112
75 131
75 157
75 190
76 82
76 106
76 176
77 79
77 80
77 179
78 80
78 196
79 172
79 199
80 124
80 174
81 94
81 153
82 100
82 151
82 163
82 168
82 184
83 143
83 178
85 88
85 186
86 112
86 127
86 132
86 136
87 96
87 97
87 122
87 147
87 162
87 165
88 116
88 123
88 155
88 192
89 141
89 143
89 151
89 174
90 108
90 112
90 128
90 196
91 118
92 147
93 103
93 148
93 165
93 175
93 188
93 191
94 108
94 127
94 179
94 188
96 158
96 164
97 189
97 198
98 121
98 186
99 128
99 134
99 165
100 110
100 180
101 135
101 198
102 107
103 137
104 135
105 113
106 128
106 136
106 148
106 187
107 129
107 136
107 166
107 188
108 129
108 196
109 113
109 124
109 184
110 121
110 145
110 178
110 182
111 117
111 119
111 132
111 154
112 147
112 149
112 164
112 165
113 171
115 130
115 144
116 140
117 153
117 156
117 170
119 179
119 181
120 125
121 133
121 146
121 150
122 123
122 149
122 183
122 192
123 162
123 193
125 137
125 183
126 129
126 152
126 192
127 172
127 199
128 163
128 199
129 143
129 165
129 191
129 197
131 168
134 141
134 153
134 165
134 188
134 198
135 159
136 157
136 162
136 171
137 147
137 176
138 183
139 140
139 166
140 147
140 173
140 193
141 144
141 156
141 163
142 159
142 176
143 168
143 197
145 168
146 157
146 162
147 195
147 197
149 161
149 194
149 195
150 163
151 157
152 177
156 181
157 179
158 189
160 193
161 183
162 176
163 166
169 184
171 183
172 183
173 177
173 188
174 181
175 187
175 198
177 184
178 190
184 191
