200 504
98
19
32
39
59
82
44
17
4
82
39
64
43
48
87
33
6
72
71
65
40
94
19
96
16
46
78
25
3
49
10
88
66
88
69
9
3
33
28
10
53
76
8
73
26
98
45
68
17
31
32
36
96
47
47
65
63
66
34
95
56
23
48
51
85
7
97
95
24
74
96
77
93
9
63
29
27
95
18
36
39
76
68
85
74
52
6
23
10
82
35
68
25
45
25
63
76
59
83
7
78
79
74
3
64
70
57
22
89
91
29
97
61
95
45
65
81
77
99
12
31
67
28
39
7
58
2
100
74
91
40
91
56
6
34
61
6
15
29
43
71
59
91
84
15
21
14
4
12
100
46
20
34
75
77
26
54
89
72
92
58
90
83
44
39
31
48
72
23
95
66
8
3
30
13
27
10
89
100
89
24
51
50
55
15
91
64
9
29
87
13
20
100
3
68
79
4
5
51
85
0 6
0 14
0 41
0 47
0 57
0 62
0 76
0 78
1 45
1 95
1 132
2 46
2 97
2 108
2 120
2 167
2 182
3 65
3 107
3 119
3 129
4 172
5 74
5 75
5 80
5 82
5 125
6 112
6 117
6 137
6 155
6 158
7 57
7 102
7 125
7 155
8 83
8 123
8 141
8 147
8 162
9 24
9 94
9 176
9 184
9 187
10 125
10 148
10 150
10 166
10 181
10 195
11 137
11 151
12 17
12 25
12 51
12 132
13 23
13 77
13 79
13 118
13 190
14 52
14 181
14 187
15 179
15 186
16 54
16 78
16 189
17 41
17 54
17 78
17 129
17 155
18 24
18 82
18 140
18 186
19 31
19 79
19 89
19 93
19 99
19 129
19 183
20 172
21 30
21 66
21 103
21 130
21 170
22 86
22 102
23 59
23 63
23 114
23 135
23 176
23 193
24 39
24 56
24 80
25 48
25 92
25 139
25 153
25 188
26 32
26 41
26 73
26 75
26 122
26 137
26 140
26 168
26 171
27 44
27 91
27 139
27 188
28 48
28 62
28 94
28 107
28 116
28 147
28 177
28 190
28 198
29 36
29 109
29 152
30 72
30 127
30 166
31 53
31 58
31 123
31 164
32 37
32 38
32 67
32 150
33 35
33 78
33 79
33 100
33 127
34 38
34 49
34 93
34 104
34 125
34 146
34 156
34 167
35 63
35 114
36 69
36 71
36 83
36 117
37 87
37 97
37 120
37 126
37 127
37 132
38 42
38 55
38 82
38 83
38 197
39 43
39 56
39 153
39 167
39 199
40 59
40 81
40 128
40 154
40 193
41 101
41 111
42 60
42 67
42 86
42 153
43 45
43 60
43 94
43 167
44 104
44 110
44 142
44 147
44 180
45 126
45 136
45 166
46 132
46 142
46 162
47 105
47 164
47 187
48 72
48 73
48 104
49 51
49 83
49 129
49 148
50 64
50 102
50 116
51 77
51 137
51 155
51 194
52 122
52 145
52 158
53 65
53 106
53 110
54 86
54 159
54 184
54 194
54 195
55 73
55 110
55 118
55 123
56 104
56 106
56 192
57 76
57 163
57 175
57 197
58 107
58 136
58 146
58 147
58 149
59 65
59 91
59 175
60 61
60 67
60 69
60 91
60 109
60 126
60 161
60 168
60 172
60 188
63 88
63 124
64 95
64 137
64 148
65 101
65 120
66 142
66 165
66 187
67 145
67 157
67 172
67 191
68 105
68 122
68 154
68 156
68 178
68 189
69 76
69 97
69 143
69 188
70 141
71 74
71 114
71 187
72 88
72 137
72 197
73 91
73 115
73 163
73 165
74 81
74 133
74 143
75 99
75 160
76 78
76 119
76 122
76 134
76 147
76 190
77 174
78 96
78 156
78 182
78 188
78 192
79 188
80 113
80 114
80 137
80 168
80 198
81 141
81 157
81 171
81 185
82 111
82 185
83 106
83 117
83 124
83 129
83 152
83 154
83 170
84 127
84 136
84 139
84 153
84 186
84 192
84 198
85 130
85 133
86 179
88 90
88 92
88 122
88 140
89 120
89 179
89 193
90 98
90 102
90 111
90 138
90 150
90 190
91 128
91 138
91 149
91 160
91 164
91 172
91 183
91 193
92 154
92 157
92 168
93 129
93 161
93 192
94 115
94 141
94 187
95 176
97 131
97 134
97 181
97 197
98 111
98 113
98 133
98 147
99 120
99 168
100 130
101 139
101 162
102 140
102 144
102 177
103 110
104 118
104 155
105 124
105 146
105 186
105 199
106 134
106 138
106 140
106 169
106 184
106 189
106 190
107 123
108 111
108 175
109 150
109 189
110 122
110 155
111 152
111 177
112 132
113 125
113 149
113 151
113 154
114 127
114 181
114 185
116 149
116 195
117 122
118 137
118 143
118 151
118 158
118 171
119 173
119 184
119 197
120 195
121 129
123 167
123 197
124 153
125 136
125 178
126 136
128 167
128 181
129 141
130 161
131 135
131 145
131 171
131 187
133 138
133 156
133 176
133 177
133 178
133 191
135 159
136 174
136 197
137 141
137 151
137 157
137 174
138 176
139 147
139 191
141 157
142 143
142 182
143 158
144 170
144 173
145 170
147 187
148 159
149 168
149 191
150 172
151 182
151 190
152 165
153 187
154 196
155 192
156 192
158 161
158 165
158 166
158 188
159 163
160 173
162 174
163 187
165 183
167 174
167 178
168 198
169 170
169 194
172 174
174 193
178 185
181 189
182 186
182 194
