200 513
19
55
19
41
60
44
17
21
61
87
65
19
78
99
53
56
85
70
90
9
12
66
32
67
38
83
91
18
17
31
25
99
34
42
2
21
7
39
15
33
4
45
40
78
32
32
95
10
32
76
83
79
51
71
55
76
42
79
15
68
87
46
18
48
3
66
100
11
69
77
22
28
73
44
76
81
44
42
88
74
5
20
29
62
46
37
10
76
95
19
45
16
14
64
1
4
84
38
74
32
18
75
47
12
99
2
32
99
27
1
10
4
3
81
67
88
97
96
22
5
16
9
96
12
87
20
85
69
11
50
81
11
47
26
35
29
46
95
20
97
52
75
16
46
61
34
62
81
11
88
36
24
36
50
24
24
86
65
61
80
45
34
81
32
55
93
83
42
86
22
11
94
70
71
31
49
74
68
16
71
35
95
76
48
37
87
34
33
58
49
18
94
12
63
46
24
89
43
89
91
0 95
0 119
0 185
1 13
1 61
1 102
1 154
1 183
2 31
2 37
2 57
2 100
2 103
2 136
2 162
3 40
3 41
3 170
3 188
4 97
4 133
5 30
5 88
5 118
5 147
5 183
5 188
6 111
6 121
6 166
6 190
7 20
7 39
7 40
7 104
7 143
7 163
8 141
8 155
8 168
8 181
9 15
9 56
9 104
9 131
9 155
9 159
9 172
10 100
10 166
11 28
11 59
11 60
11 98
11 117
11 150
11 168
12 39
12 45
12 64
12 70
12 95
12 180
13 32
13 44
13 78
13 106
13 113
13 142
14 18
14 29
14 36
14 38
14 43
14 47
14 63
14 83
14 90
14 113
14 174
15 16
15 27
15 57
15 106
15 128
16 77
16 172
16 177
16 181
17 43
17 124
18 42
18 46
18 54
18 83
18 163
19 22
19 33
19 40
19 45
19 78
19 144
19 158
19 176
20 35
20 41
20 55
20 120
20 121
20 160
20 169
21 47
21 53
21 155
21 161
22 36
22 84
22 132
22 159
22 168
22 179
23 44
23 165
23 192
24 25
24 54
24 122
24 196
25 37
25 50
25 80
25 118
25 165
26 29
26 142
26 183
27 70
27 102
27 125
27 140
28 30
28 36
28 38
28 167
28 181
29 56
29 60
29 106
29 112
29 113
29 181
30 69
30 108
30 127
31 105
31 191
32 77
32 104
32 187
32 193
33 83
33 167
34 60
34 136
34 167
34 168
35 58
35 148
35 173
36 83
36 133
36 178
36 196
37 119
37 159
38 80
38 132
38 152
38 154
38 157
39 142
39 185
40 74
40 114
40 159
41 52
41 85
41 156
41 172
41 184
41 192
42 45
42 53
42 78
43 100
43 119
43 156
43 175
44 105
44 113
45 68
45 166
45 178
45 199
46 109
46 146
46 159
46 184
46 191
47 60
47 117
47 143
47 188
47 192
48 54
48 73
48 77
48 91
48 123
48 129
48 148
48 194
48 195
49 88
49 100
49 190
50 64
50 123
50 124
51 97
51 99
51 164
51 190
52 56
52 152
52 182
53 98
53 136
53 153
54 167
54 195
55 162
55 191
56 80
56 97
56 111
56 114
56 177
57 80
57 101
57 105
57 120
57 152
57 179
57 188
58 64
58 179
58 198
59 68
59 113
59 119
59 155
59 174
59 192
60 66
60 106
60 130
60 187
61 79
61 146
61 157
61 191
62 123
62 190
63 88
63 119
63 125
63 187
64 81
64 111
64 139
65 76
65 133
65 158
65 165
65 197
66 79
66 94
66 113
66 146
66 148
67 94
67 97
68 86
68 110
68 149
68 161
68 173
68 194
69 72
69 88
69 98
69 139
69 157
69 187
70 99
70 156
71 190
71 194
72 95
72 108
72 141
72 155
72 169
72 194
73 84
73 90
73 176
73 191
73 199
74 149
75 84
75 125
75 132
75 138
75 170
76 81
76 96
76 125
76 159
76 186
77 130
77 155
77 178
77 180
77 196
78 149
78 177
79 97
79 177
79 179
80 92
80 117
80 147
80 169
81 82
81 149
82 95
82 183
83 90
83 116
83 180
84 124
84 130
85 109
86 89
86 156
87 97
87 145
87 149
87 180
88 97
88 125
89 110
90 134
90 144
90 168
90 174
90 189
91 98
92 100
92 149
93 103
93 113
93 117
93 142
93 182
94 103
94 114
95 159
96 99
96 108
96 111
96 171
97 123
97 124
97 155
97 183
98 134
99 121
99 123
99 128
99 170
99 172
99 178
100 180
101 145
102 147
102 153
102 194
103 134
103 156
103 196
104 110
104 115
104 137
104 153
104 163
105 109
105 167
105 174
105 177
105 183
105 186
106 197
107 109
107 127
107 159
107 185
107 190
107 193
108 135
108 147
109 119
112 143
112 175
113 132
114 174
114 187
115 170
116 133
116 148
117 120
117 151
117 199
118 136
118 138
119 123
119 128
119 177
119 187
121 124
121 129
121 164
122 126
122 155
122 156
123 166
124 131
124 134
124 159
125 138
125 141
125 162
125 169
127 133
130 167
130 168
130 187
131 140
131 155
131 188
131 193
132 135
132 137
132 147
134 137
134 165
134 166
136 137
136 190
138 140
138 150
138 157
138 172
138 176
138 178
138 185
139 160
142 145
142 182
142 184
148 167
148 187
149 180
150 152
150 169
151 163
153 182
154 177
154 181
155 175
157 188
158 163
158 190
160 189
162 183
164 172
166 188
166 197
168 170
169 177
170 172
172 177
173 176
174 190
178 182
179 185
181 187
181 199
183 188
184 199
189 199
