200 408
89
89
20
86
30
49
60
85
60
1
66
84
23
38
93
72
93
77
28
11
72
11
16
13
28
83
25
96
93
56
13
32
35
95
81
75
78
98
80
55
97
89
100
20
56
77
83
53
23
34
70
12
55
91
37
94
23
50
57
90
57
86
25
63
98
78
45
96
77
52
15
63
77
65
97
21
87
81
62
57
73
9
72
14
96
30
67
30
81
71
82
24
64
11
41
93
28
86
98
14
77
16
63
48
40
3
28
70
95
87
81
39
98
90
27
47
62
16
74
32
65
22
63
45
16
44
70
9
27
23
26
31
26
7
68
69
16
69
11
3
6
96
86
30
42
24
86
6
56
50
72
30
65
47
69
68
86
97
58
62
54
37
32
14
45
49
6
95
11
51
15
100
85
38
65
67
10
92
53
26
3
87
46
53
100
73
42
89
87
61
15
91
52
26
88
40
59
75
33
64
0 33
0 63
0 80
0 93
0 102
0 135
0 145
0 152
0 159
0 180
1 4
1 5
2 21
2 99
2 138
2 163
2 176
3 53
3 65
3 70
3 85
4 7
4 14
4 47
4 48
4 76
4 86
4 108
4 111
4 158
5 43
5 48
5 56
5 70
5 137
5 193
6 30
6 55
6 147
6 159
7 22
7 53
7 68
7 141
7 160
7 174
8 27
8 42
8 43
9 150
9 178
9 183
9 186
10 41
10 104
10 186
10 197
11 82
11 114
11 148
11 162
12 62
12 146
13 16
13 26
13 170
15 18
15 157
15 165
16 19
16 22
16 51
16 98
16 119
16 123
17 54
17 64
17 67
17 130
17 162
17 175
17 179
18 24
18 79
18 80
18 114
18 149
19 21
19 54
19 86
20 28
20 35
20 179
21 26
21 30
21 35
21 43
21 183
22 44
22 69
22 104
22 126
23 48
23 97
24 195
25 112
25 180
25 184
26 68
26 196
26 199
27 86
27 96
27 142
27 149
28 31
28 45
28 79
28 181
29 60
29 90
29 140
29 186
30 75
30 136
30 174
31 67
31 84
31 171
31 192
32 79
32 134
32 179
33 45
33 64
33 162
33 178
34 63
34 152
34 179
35 48
35 63
35 115
35 127
35 171
36 49
36 68
36 94
36 138
36 173
37 184
37 193
38 104
38 112
38 148
39 176
39 187
40 175
41 90
41 93
41 147
41 168
42 88
43 121
43 159
43 179
44 46
44 96
44 145
45 51
45 96
45 146
46 79
46 105
46 178
46 185
47 75
48 75
48 139
48 198
49 142
50 103
50 109
51 77
51 180
52 113
52 154
52 161
53 72
53 96
53 122
53 182
54 98
54 109
54 112
54 145
54 186
55 57
56 66
56 84
56 89
57 114
57 177
58 107
58 128
59 68
59 115
59 134
59 137
59 169
60 141
60 151
60 153
60 181
61 87
61 116
61 163
62 74
62 78
62 85
62 94
62 141
62 164
63 74
63 103
63 115
63 117
64 113
64 198
65 115
66 94
70 84
70 133
70 180
71 124
71 182
71 198
72 88
72 95
72 130
72 185
73 100
73 114
73 197
74 91
74 166
74 185
75 115
75 166
75 184
75 185
75 199
78 85
78 95
78 154
78 167
78 196
79 117
79 120
79 133
79 150
79 154
79 178
81 83
81 116
81 165
82 175
82 195
83 110
83 129
84 98
84 151
85 119
85 196
87 157
88 184
88 196
89 158
89 165
89 176
90 134
91 141
91 187
92 135
92 147
92 175
92 189
93 102
94 148
94 155
95 116
95 136
96 107
97 150
98 108
98 114
99 102
99 112
99 136
99 191
101 142
103 134
104 108
104 133
104 177
104 192
105 146
105 161
105 164
105 189
106 135
106 193
107 120
107 126
107 165
107 171
107 190
107 194
107 199
108 149
108 169
108 178
108 185
109 171
110 177
111 151
111 186
111 194
112 131
112 152
112 159
112 170
113 184
115 139
117 171
118 145
118 184
119 130
119 134
119 136
119 141
120 170
122 149
122 159
123 143
123 152
124 170
124 173
124 176
125 138
125 139
125 159
125 193
126 182
127 148
128 175
128 184
131 155
131 183
132 162
133 154
133 159
133 161
133 186
133 194
134 193
135 145
135 149
136 189
138 158
138 188
138 197
139 178
140 143
141 174
142 146
143 148
144 161
144 183
145 160
145 199
146 175
149 189
150 177
151 175
152 160
153 163
153 181
153 184
155 189
157 190
158 180
158 193
159 167
160 198
167 185
170 173
170 190
172 180
173 195
181 193
182 183
182 191
182 197
186 198
188 193
189 192
189 195
