200 400
75
81
52
26
71
19
30
34
67
5
73
84
37
6
67
49
45
28
29
86
42
68
60
51
60
76
8
78
33
83
3
50
41
87
42
22
99
63
78
41
34
86
78
1
45
53
53
90
91
49
77
90
59
31
63
49
62
62
27
57
43
38
54
96
39
62
4
41
71
19
3
69
89
97
49
56
70
40
83
71
66
46
98
71
62
42
74
54
21
45
62
94
48
2
89
36
72
9
55
79
28
81
61
35
32
65
49
80
15
17
53
14
32
84
82
6
62
3
32
87
61
43
81
58
46
92
9
94
63
8
9
83
77
27
77
18
79
81
7
32
96
48
50
95
71
6
76
45
91
79
42
78
69
52
68
63
5
37
15
36
37
87
24
79
2
63
51
94
26
91
62
18
53
48
86
54
41
49
30
36
91
91
14
21
29
8
84
17
96
22
85
33
73
85
75
78
70
94
22
30
0 20
0 89
0 100
0 151
0 180
1 14
1 70
2 10
2 68
2 126
2 128
2 134
3 13
3 24
3 34
3 71
3 76
3 82
3 116
3 157
4 27
4 51
4 63
4 77
4 149
4 171
4 173
5 102
5 111
5 128
6 91
6 198
7 197
8 190
9 83
10 23
10 74
10 77
10 79
10 114
11 15
11 30
11 72
11 77
12 28
12 50
12 58
12 129
13 106
13 172
13 183
13 188
13 195
14 108
14 130
15 160
15 168
15 171
15 183
16 34
16 61
16 78
16 125
16 142
16 149
16 171
16 196
17 21
17 34
17 87
17 114
17 159
17 199
18 27
18 35
18 48
18 197
20 42
20 72
21 103
22 45
22 64
23 27
23 38
23 89
23 178
23 182
24 55
24 99
24 105
24 177
25 57
25 77
25 94
25 105
25 160
26 61
26 85
26 105
26 121
27 129
27 169
28 45
28 65
28 82
28 184
28 193
29 42
29 59
29 89
30 127
30 144
30 145
30 181
31 62
31 79
31 148
31 158
31 182
32 72
32 124
32 144
32 170
32 188
33 78
33 127
33 181
34 48
34 133
34 148
34 158
34 185
35 60
35 71
35 146
36 83
36 166
36 198
37 79
37 105
38 87
38 92
38 107
38 177
39 60
39 67
39 114
39 150
39 153
39 155
39 198
40 101
41 95
42 175
43 86
43 196
44 54
44 139
44 166
45 122
45 130
46 97
46 115
47 60
47 94
47 163
48 86
48 189
49 56
49 78
49 159
49 179
50 73
50 93
50 99
50 151
50 187
51 139
51 199
52 116
52 157
52 159
52 171
52 184
53 89
53 143
54 64
54 90
54 174
55 91
55 134
55 193
56 62
56 104
57 67
57 81
57 162
58 76
58 91
59 135
59 160
59 181
60 79
60 108
60 121
60 167
60 185
60 194
61 130
62 112
62 180
62 195
63 119
64 76
64 77
64 178
65 66
65 84
65 103
65 106
66 80
66 100
66 123
66 158
67 68
67 98
67 104
67 143
67 190
67 192
70 130
70 133
70 164
70 179
71 113
71 133
71 171
71 185
72 102
72 118
72 145
72 146
73 117
73 135
73 183
74 110
74 121
74 163
74 175
74 184
75 143
75 147
75 152
76 106
76 114
76 145
77 180
78 96
79 100
79 199
80 107
80 115
80 164
81 185
81 189
82 130
83 131
83 186
83 188
84 134
84 190
85 116
85 142
85 147
85 151
86 142
87 137
87 157
87 179
87 196
88 92
88 151
88 158
88 176
89 142
90 98
90 107
91 111
91 141
92 164
92 182
93 156
93 158
95 107
95 170
95 173
96 181
98 153
98 184
99 136
99 177
99 180
100 183
101 108
101 111
101 117
101 181
102 121
102 161
102 169
103 104
103 132
103 163
103 192
104 125
104 137
105 159
105 176
106 122
107 132
107 157
108 169
109 151
109 155
109 167
110 128
110 137
111 180
115 141
118 144
118 150
118 167
119 138
121 138
121 161
121 163
122 126
122 157
122 179
122 181
123 167
124 138
124 148
124 176
125 138
125 181
126 198
127 199
129 134
129 183
129 184
130 135
130 153
131 178
132 140
132 147
132 151
132 197
133 191
134 136
134 173
135 139
135 170
138 197
140 165
141 176
141 186
141 194
142 157
142 179
142 181
142 185
144 154
145 149
146 156
147 187
148 149
148 155
149 165
150 199
151 192
151 199
154 178
155 173
156 195
158 177
159 197
160 187
166 182
166 185
169 180
170 191
171 184
176 182
176 194
179 182
180 192
185 191
191 195
192 199
