200 398
22
29
16
86
46
64
84
1
39
69
88
38
21
67
40
33
52
26
74
20
99
91
80
69
61
67
53
34
17
15
23
66
90
31
88
77
42
25
52
75
76
19
10
39
73
28
76
91
95
37
61
45
9
17
100
51
86
57
91
85
67
72
2
71
90
2
4
63
76
82
21
38
22
59
81
7
64
92
58
79
58
87
2
45
50
20
72
20
11
43
11
5
28
74
24
33
70
85
77
70
82
67
94
12
99
79
94
60
14
23
59
81
32
68
15
24
55
37
89
26
92
7
65
57
73
22
13
38
69
91
10
34
2
71
38
54
57
42
19
43
23
8
97
66
65
38
33
13
93
2
24
64
64
97
49
76
97
93
91
85
63
38
55
80
92
3
58
62
58
52
28
23
63
46
84
95
33
55
18
75
21
32
44
14
1
68
99
95
28
45
82
3
96
53
73
35
66
77
16
68
0 32
0 37
0 73
0 83
0 140
1 100
1 134
1 149
1 170
1 193
2 6
2 41
2 82
2 83
2 114
2 150
3 12
3 15
3 16
4 5
4 181
5 10
5 60
5 170
6 135
6 156
7 87
7 101
7 134
8 48
8 64
9 98
9 191
10 124
10 190
11 17
11 18
11 56
11 137
12 89
12 142
12 157
13 31
13 50
13 134
14 24
14 69
14 120
14 165
15 49
15 108
15 113
15 122
15 130
15 156
16 57
16 89
16 139
16 173
17 19
17 62
17 132
17 139
17 162
18 138
18 140
18 157
18 192
19 54
19 116
19 174
20 28
20 31
20 84
20 122
20 146
20 159
21 56
21 114
21 129
21 149
22 67
22 119
22 158
23 37
23 50
23 61
23 119
23 122
23 125
23 138
23 182
24 55
24 75
24 171
24 172
25 145
25 187
26 51
26 152
26 180
26 196
27 99
27 102
28 67
28 122
28 180
29 54
29 141
29 174
30 152
30 168
30 172
31 46
31 74
31 122
31 168
32 69
32 176
33 164
34 68
34 81
34 166
35 77
35 99
35 109
35 110
36 78
36 100
36 102
36 105
36 110
37 42
37 184
38 159
38 168
38 186
39 55
39 195
40 46
40 111
40 192
41 58
41 68
41 113
42 90
42 92
42 119
42 196
44 55
44 127
44 170
45 183
45 194
46 128
46 141
46 191
47 62
47 63
47 91
47 92
47 100
47 123
47 125
47 150
47 184
48 70
48 131
48 176
48 183
49 60
50 56
50 109
50 198
51 68
51 83
52 59
52 104
53 146
53 182
55 156
55 160
55 164
57 79
58 63
58 114
58 124
59 77
59 98
59 176
60 96
61 65
61 167
62 93
62 194
63 67
63 69
63 115
63 143
63 187
64 69
64 124
64 199
65 89
65 97
65 112
65 152
65 159
66 99
66 172
66 196
67 101
67 108
67 122
67 184
68 121
68 169
69 109
69 192
69 194
70 116
70 130
71 103
71 153
71 187
71 188
72 191
73 106
73 131
74 82
74 181
75 76
75 112
75 128
76 141
76 175
77 184
77 193
78 79
78 80
78 101
78 111
78 133
78 134
78 150
79 171
80 90
80 194
81 99
81 165
82 115
82 123
82 139
82 168
83 86
85 118
85 137
85 167
86 87
86 146
87 110
87 116
87 143
88 140
88 158
88 169
88 170
89 112
89 153
89 165
90 123
92 118
92 162
93 153
94 125
94 192
95 152
96 104
96 111
96 118
96 161
97 123
98 100
98 120
99 112
99 119
100 108
100 157
100 169
100 173
100 177
100 189
101 113
101 120
101 152
102 143
103 132
103 153
103 177
103 195
104 112
104 138
104 157
105 116
105 122
105 136
105 140
105 149
106 114
106 132
106 169
107 122
107 163
107 191
108 138
108 159
108 168
109 149
110 185
111 120
111 185
112 152
114 121
115 152
115 153
115 166
116 166
118 171
118 195
119 148
119 163
119 177
120 169
120 186
121 150
121 186
124 157
124 159
124 174
125 177
126 145
127 154
127 180
129 188
129 193
130 191
131 146
132 156
132 189
133 171
133 187
134 136
134 174
135 190
135 193
137 194
138 139
138 147
138 192
139 161
139 199
140 164
141 161
141 162
142 160
142 161
142 189
142 196
144 189
147 165
147 171
148 154
148 187
148 188
152 161
156 157
156 158
157 197
158 162
159 169
161 164
161 167
161 175
161 177
163 197
166 188
169 190
172 187
173 178
173 180
173 196
175 189
175 195
178 187
180 189
183 196
186 193
188 189
