200 399
64
2
20
82
100
83
2
33
48
6
36
3
74
36
83
68
24
62
59
15
7
54
63
26
30
67
37
34
88
21
51
43
59
71
76
27
96
25
4
97
38
14
20
15
44
42
37
12
39
14
25
28
77
19
67
65
65
12
46
15
37
40
73
61
62
31
82
42
10
66
63
17
56
23
40
29
97
60
71
64
73
64
37
52
3
98
69
53
21
45
45
40
68
68
52
28
61
50
46
57
86
19
93
5
45
81
76
23
75
49
88
84
21
24
15
18
83
45
53
41
3
37
89
92
32
85
100
51
67
33
16
6
52
35
86
98
69
97
76
51
79
56
93
98
31
57
17
21
4
96
85
60
88
82
15
52
88
88
94
81
96
31
32
84
1
71
61
78
70
19
86
78
80
26
72
61
84
66
89
14
9
90
79
89
70
70
60
88
22
36
18
74
71
15
54
54
5
12
87
38
0 19
0 135
0 198
1 159
1 163
1 179
1 191
2 27
2 79
2 100
3 37
3 40
3 62
3 70
3 120
3 189
4 106
4 131
4 135
5 12
5 48
5 74
5 143
5 191
6 18
6 43
7 46
7 58
7 71
7 128
7 174
8 122
8 153
8 178
9 13
9 36
9 37
9 83
9 104
9 131
9 140
10 100
10 101
10 135
10 137
10 149
10 192
11 78
11 139
12 19
12 25
12 26
12 40
12 175
13 17
13 93
13 142
13 158
14 94
14 106
14 132
15 149
15 169
15 199
16 199
17 60
17 94
17 98
17 133
17 159
17 175
18 97
18 147
18 149
19 184
20 33
20 69
20 132
20 151
21 53
21 181
21 183
22 119
22 151
22 152
22 190
23 143
23 148
23 193
23 196
24 27
24 170
25 29
25 66
25 118
26 27
26 71
26 102
26 181
26 195
27 57
28 100
28 137
28 183
29 36
29 57
29 59
29 84
29 105
29 180
30 44
30 50
30 95
30 103
30 109
30 125
30 179
31 33
31 53
31 60
31 143
31 146
31 155
31 163
32 77
32 169
33 116
34 52
34 135
34 159
34 168
35 159
35 168
36 37
37 131
37 140
38 44
38 60
38 78
38 156
39 59
39 147
39 167
40 49
40 53
40 132
40 136
41 57
41 124
42 94
42 116
43 55
43 124
43 194
44 151
44 182
44 191
45 88
45 113
45 118
46 52
46 129
46 137
47 152
48 68
49 65
49 114
49 144
49 182
50 84
50 107
50 116
50 132
51 63
51 104
51 106
51 129
51 165
52 61
52 89
52 101
52 154
53 90
53 111
53 147
53 170
53 171
54 71
54 75
54 84
54 88
54 122
54 172
54 188
55 58
55 76
55 156
55 188
55 193
55 194
56 76
56 99
56 145
57 123
57 191
58 63
58 70
58 159
58 167
59 141
59 163
59 169
59 195
60 112
60 138
60 148
61 73
61 109
61 140
61 173
62 75
62 88
62 110
62 126
62 127
63 89
63 114
63 131
63 159
63 181
63 198
64 131
64 158
65 194
66 100
66 132
67 192
69 186
71 183
72 81
72 90
72 126
72 159
72 180
73 182
74 97
74 157
74 165
74 174
75 144
76 158
76 174
77 114
78 168
78 171
79 102
80 103
80 178
81 99
81 198
82 111
83 86
83 111
83 161
84 130
84 150
85 113
86 146
86 165
86 189
88 123
88 131
89 99
90 101
90 129
90 185
90 188
91 193
92 171
92 197
93 94
93 123
93 127
93 141
93 155
94 182
94 184
94 192
95 175
96 114
96 118
96 122
96 123
96 170
96 189
96 192
97 101
97 127
98 144
98 145
98 196
99 153
99 185
100 185
100 186
101 195
102 109
102 114
102 130
102 173
103 167
105 181
106 177
108 170
109 132
109 155
111 143
112 127
112 131
112 141
112 175
112 178
113 122
114 155
114 157
114 176
115 133
115 147
116 178
116 199
117 121
117 178
118 170
118 199
119 130
120 152
121 161
121 164
121 178
121 187
124 164
124 177
124 193
125 144
125 174
125 183
126 174
126 182
127 186
127 188
128 134
128 136
129 131
129 172
129 183
132 146
133 134
133 146
133 156
134 154
134 186
138 175
140 155
140 199
141 168
143 182
147 156
147 175
148 190
148 197
149 153
150 163
151 179
151 193
152 186
154 177
155 173
160 168
160 177
160 188
161 193
162 179
163 172
163 182
164 178
164 179
165 179
165 198
167 196
170 197
172 192
173 176
173 192
173 199
174 194
175 178
176 177
182 197
190 191
