200 439
79
36
42
33
61
19
2
37
72
6
82
18
7
2
17
73
95
62
39
22
24
66
82
14
37
28
83
27
63
17
50
64
82
28
85
27
66
66
6
76
29
98
37
30
75
67
64
37
11
16
93
93
66
89
93
62
2
94
13
81
18
74
66
93
82
86
17
65
49
87
100
5
44
94
34
33
64
10
70
45
36
65
46
41
66
51
87
55
84
94
55
91
29
12
89
41
1
84
100
96
76
36
4
68
99
85
33
45
22
40
99
86
16
73
87
96
38
7
75
47
5
20
56
31
41
88
28
7
73
39
36
94
50
47
10
81
23
53
83
3
29
36
44
91
21
75
42
17
15
42
31
82
84
24
62
41
65
28
56
5
93
24
1
14
81
6
29
25
43
21
98
26
89
42
81
31
76
77
47
74
4
55
75
41
14
33
93
7
87
96
68
21
12
86
89
99
54
80
25
48
0 29
0 64
0 96
0 174
1 12
1 46
1 123
1 183
2 60
2 124
2 136
2 157
2 187
3 97
3 121
3 122
4 82
4 114
5 31
5 68
5 92
5 197
6 20
6 26
6 57
6 142
6 144
6 147
7 25
7 28
7 75
7 109
7 120
7 141
7 152
7 174
8 84
8 136
8 175
8 195
9 187
10 66
10 78
10 118
10 150
10 160
10 192
10 198
11 32
11 62
11 67
11 98
11 129
12 32
12 113
12 119
12 184
13 14
13 51
13 127
13 171
14 19
14 20
14 37
14 42
14 120
14 124
14 169
15 21
15 52
15 90
15 100
15 156
16 25
16 55
16 117
16 129
16 181
16 187
17 43
17 45
17 58
17 78
17 95
17 170
18 95
18 97
18 190
19 54
19 58
19 161
19 175
19 183
20 97
20 114
20 139
21 156
22 33
22 63
22 68
22 69
23 152
24 91
24 125
24 147
24 165
24 184
25 135
25 198
26 69
27 46
27 101
27 169
27 189
28 92
28 128
28 132
28 193
28 199
29 72
29 128
30 174
31 37
31 45
31 60
31 84
31 145
32 64
32 78
32 101
33 92
33 97
33 141
33 183
34 57
34 75
34 84
34 97
34 103
34 117
34 164
34 182
35 66
35 70
35 164
35 170
35 176
36 129
36 194
37 83
37 120
37 128
37 195
38 90
38 150
38 197
39 44
39 58
40 57
40 68
40 121
40 132
41 112
41 161
41 187
42 135
42 164
42 172
42 173
43 123
43 159
43 167
44 51
44 61
45 56
45 187
46 169
47 67
47 76
48 89
48 138
48 140
48 144
48 154
48 168
48 173
48 199
49 181
50 74
50 80
50 110
50 175
50 199
51 123
52 162
52 195
52 196
53 55
53 99
53 114
53 150
53 170
54 166
54 186
54 190
55 68
55 87
55 92
55 105
55 166
56 79
56 80
56 96
56 182
57 130
58 64
58 120
58 195
59 80
59 112
59 129
59 175
59 180
60 71
60 102
60 116
60 145
61 95
62 113
62 186
63 89
63 110
63 129
63 157
63 197
65 98
65 101
65 109
65 113
65 183
65 190
66 145
66 179
67 95
67 161
68 75
68 78
68 85
68 100
68 129
68 158
69 150
69 177
70 99
70 104
71 72
71 92
71 140
71 168
72 85
72 105
73 128
73 164
73 177
74 78
75 97
75 119
75 130
75 185
76 171
77 84
77 139
77 196
78 142
78 182
79 119
79 183
79 184
80 140
80 154
81 107
82 86
82 88
82 111
82 185
83 86
83 147
83 180
84 92
84 151
85 119
86 103
86 109
86 137
86 192
88 123
88 167
89 119
89 148
89 168
89 196
89 198
89 199
90 148
90 167
90 175
91 137
91 152
92 140
92 172
93 136
93 175
93 192
94 103
94 125
94 157
95 159
95 166
95 172
95 180
96 111
96 115
96 151
97 147
97 171
98 123
98 131
98 189
98 193
99 190
100 137
100 138
100 160
100 191
101 110
101 145
101 187
102 129
102 166
102 171
103 146
105 122
105 156
106 154
106 162
106 175
107 134
107 164
108 126
111 119
111 177
111 197
112 144
112 152
113 152
113 179
114 124
114 153
115 168
115 182
115 188
116 159
117 194
118 136
119 174
120 187
121 167
122 171
122 198
123 163
123 188
124 143
124 157
124 159
124 188
125 152
125 156
125 175
126 189
127 144
127 176
128 172
128 199
129 157
130 191
130 193
131 179
132 154
132 178
132 187
133 144
133 189
134 191
136 151
136 168
136 182
136 193
137 184
137 196
138 140
139 163
140 144
140 157
140 174
145 177
147 158
147 175
147 180
148 151
148 178
148 180
149 163
149 164
149 178
153 192
155 179
155 194
156 199
157 188
159 197
161 168
163 182
165 198
166 192
166 196
167 184
172 173
172 183
172 192
174 184
174 185
174 195
177 182
179 187
186 198
190 193
190 199
191 193
196 199
