2000 2962
39
65
23
44
46
83
14
44
51
66
26
69
85
60
84
79
82
51
39
76
17
53
61
83
89
77
18
27
76
21
5
63
65
9
76
93
45
96
31
98
33
19
1
28
19
58
43
78
4
92
29
56
32
12
27
60
93
90
42
30
72
66
33
9
16
100
64
29
18
11
67
91
23
48
46
36
67
28
71
26
91
84
79
35
18
33
26
67
81
69
61
36
54
100
2
29
91
66
52
32
100
6
67
10
13
89
29
73
31
17
77
44
95
10
79
48
61
76
49
83
78
17
75
61
80
29
31
37
50
65
77
93
56
78
34
81
49
78
15
41
44
77
61
12
94
67
37
8
73
74
9
68
83
71
24
31
14
15
68
9
11
39
78
70
68
38
75
1
34
17
4
73
82
41
5
23
57
80
20
84
87
78
57
75
55
81
89
64
57
73
15
60
90
69
28
20
16
36
48
30
87
19
92
58
29
28
17
21
96
51
45
20
96
23
20
22
10
64
20
40
20
43
53
49
17
94
12
58
62
41
88
83
90
46
73
97
96
73
29
19
41
9
50
33
90
11
11
67
22
48
76
28
4
82
61
55
100
6
30
2
47
26
56
67
38
73
49
51
3
55
98
26
27
84
1
40
5
60
94
81
66
96
34
33
57
47
49
18
16
62
66
3
41
13
68
73
92
59
81
79
4
79
73
86
49
29
62
19
98
8
13
28
32
11
50
77
2
37
24
75
34
18
43
35
38
1
82
41
41
80
22
55
43
2
97
69
58
37
89
89
2
90
67
80
80
84
38
37
27
38
99
39
15
17
84
89
86
80
74
74
47
4
42
52
77
55
2
74
78
69
40
42
95
63
53
61
46
36
41
70
1
10
56
78
14
74
98
62
64
30
86
37
3
80
69
71
36
2
44
93
82
63
93
99
76
87
77
45
51
31
77
86
69
33
80
35
37
9
46
70
86
52
87
49
41
78
5
41
61
20
58
37
65
27
15
98
76
99
65
79
25
13
63
12
72
13
14
34
69
61
21
63
68
97
54
74
45
77
21
21
26
11
54
65
20
94
13
30
70
8
25
32
89
63
95
61
68
47
38
58
72
24
44
17
50
40
14
87
23
17
33
78
62
77
75
56
85
51
47
38
76
37
67
32
54
16
52
50
59
95
39
28
31
21
24
80
76
23
78
78
66
5
92
33
19
6
24
2
68
50
20
45
66
61
37
80
9
73
2
48
87
63
45
44
47
93
6
69
46
11
31
15
39
20
61
26
63
60
72
49
74
64
38
91
82
92
33
36
89
91
32
21
70
90
51
2
39
76
34
25
14
58
49
25
4
79
74
83
25
90
87
73
41
66
83
37
69
23
74
93
14
2
58
49
62
11
47
2
62
60
20
28
95
25
17
55
68
28
44
66
7
45
44
54
63
45
38
85
49
24
81
44
48
41
30
94
6
17
81
44
28
25
82
90
7
52
61
20
99
100
59
6
92
96
56
23
36
15
21
86
39
61
68
24
20
49
77
59
88
46
2
46
93
57
33
31
56
59
41
81
46
49
42
100
56
93
4
92
16
20
22
17
39
3
73
16
81
52
40
83
36
87
50
44
67
65
70
9
57
2
66
2
15
13
79
46
61
76
90
79
3
39
74
47
51
72
87
12
90
47
35
35
53
22
29
83
54
26
24
8
66
96
7
59
49
37
42
50
91
82
13
98
94
13
84
42
38
64
51
44
80
34
27
32
9
67
8
94
19
85
95
9
10
46
94
15
31
70
66
40
57
57
70
18
13
73
49
31
86
26
21
33
6
53
99
35
2
81
71
53
35
60
32
94
35
69
85
1
76
54
63
7
45
52
74
44
49
2
89
28
5
7
36
60
47
4
11
63
37
94
60
60
99
84
29
80
18
77
46
14
14
25
99
54
6
86
57
97
29
55
65
42
81
47
51
37
26
90
91
57
65
84
24
40
81
90
1
42
24
67
86
79
6
63
4
75
58
3
18
2
42
27
73
83
73
46
72
75
67
12
29
23
92
17
71
91
35
69
93
4
66
57
24
66
65
69
53
100
91
48
37
11
90
97
59
61
98
86
21
36
52
66
14
47
44
50
38
22
47
95
24
30
82
41
82
83
17
13
78
46
98
79
93
88
66
41
95
5
5
48
28
14
33
93
15
91
55
34
56
42
74
16
33
72
55
73
25
30
94
95
25
80
14
49
12
67
28
97
11
21
25
54
7
45
73
54
22
96
26
50
75
2
60
76
57
17
15
59
21
29
92
17
87
45
59
40
5
72
77
35
34
65
33
89
71
54
67
82
61
93
49
71
2
55
63
93
62
25
10
51
42
48
65
21
65
65
23
74
23
27
64
25
69
4
28
11
68
58
42
68
81
54
72
7
27
29
100
73
22
14
46
11
65
73
6
94
67
33
32
73
56
25
100
21
58
83
49
69
90
41
12
12
48
52
38
96
60
14
10
58
24
18
17
89
73
44
95
4
99
49
46
11
96
84
57
81
88
10
29
56
66
87
74
40
50
73
18
25
40
84
19
68
76
95
100
13
79
95
100
96
22
95
54
10
71
61
39
10
13
60
95
24
7
91
35
56
99
29
47
49
40
81
100
93
49
22
92
29
70
6
14
70
98
54
16
10
40
43
54
92
10
28
32
67
64
3
46
6
12
13
30
74
44
20
29
41
94
89
33
71
60
12
36
42
77
51
50
79
47
72
27
14
10
8
76
90
91
24
41
65
28
24
82
49
74
81
7
49
82
90
61
14
91
41
78
76
59
87
100
41
78
68
78
82
40
34
9
98
57
27
81
30
41
41
42
58
74
56
66
73
8
21
43
11
60
31
94
49
41
37
86
77
91
72
92
99
7
25
90
71
43
48
87
65
99
86
70
68
42
87
38
48
62
49
79
48
85
38
31
78
94
18
76
62
38
55
70
81
35
64
59
77
18
9
21
100
3
74
21
14
56
87
50
7
16
40
31
22
66
2
37
45
76
16
21
90
60
82
53
32
3
76
45
83
85
83
52
20
43
24
13
33
31
60
62
28
13
81
69
51
95
93
79
83
41
26
13
83
59
19
62
77
50
26
37
94
37
91
7
62
57
81
12
82
41
15
100
93
15
94
63
25
68
9
74
87
83
89
95
25
52
30
21
23
92
30
23
26
7
11
15
83
93
71
87
52
71
87
44
60
36
99
51
55
88
19
56
27
30
53
99
43
72
1
29
37
91
99
44
95
76
54
8
54
18
50
98
7
3
24
16
28
9
97
12
66
83
55
14
19
74
93
100
82
35
54
90
39
88
67
49
13
98
52
6
88
100
94
79
74
38
43
48
60
12
28
77
80
33
84
51
28
4
3
44
8
64
22
10
47
53
6
22
93
47
17
66
29
92
54
47
45
1
5
1
71
83
63
59
85
98
51
52
68
98
63
20
99
32
24
68
73
96
94
60
27
10
99
4
38
66
78
42
96
3
13
40
80
79
53
34
17
10
87
87
76
17
30
12
83
100
54
93
94
25
89
44
44
16
74
62
60
36
90
64
72
16
14
95
38
20
72
66
64
50
100
18
48
100
94
53
66
20
87
98
73
12
35
53
94
93
54
73
47
59
93
27
94
13
50
72
63
98
62
23
70
68
69
83
99
45
34
68
77
64
24
67
83
72
27
69
10
19
51
31
77
85
83
7
57
75
89
11
11
41
23
61
35
9
56
81
93
20
50
72
51
57
92
68
93
66
61
100
16
20
95
60
30
68
69
93
99
6
12
71
46
57
39
97
87
94
19
94
62
24
92
79
63
41
27
33
35
21
81
64
7
4
22
86
89
46
34
14
9
35
53
6
20
10
46
27
85
64
30
24
33
7
100
95
46
27
88
44
97
19
39
28
42
36
95
89
83
87
52
47
94
43
42
2
72
67
74
86
20
77
38
99
79
10
71
54
73
35
19
29
16
63
21
18
55
59
81
96
83
14
94
47
78
5
74
1
34
58
84
31
19
34
18
4
97
78
30
51
1
67
65
3
3
88
8
30
30
9
93
79
10
54
18
70
32
1
20
57
20
86
8
14
60
45
46
15
2
36
98
70
31
93
100
33
11
80
11
73
50
13
14
13
17
30
81
95
78
63
72
87
68
18
22
55
30
93
47
77
77
68
72
19
56
66
92
55
65
24
46
79
2
96
34
81
56
4
29
6
60
43
50
18
58
6
27
26
58
50
52
74
42
38
37
42
60
5
21
26
33
12
24
53
85
46
37
31
80
30
21
76
25
29
89
23
75
46
30
30
32
29
96
76
6
66
51
59
12
16
54
53
36
56
33
8
25
20
69
96
20
11
48
100
73
63
47
94
30
80
30
19
95
19
6
80
91
36
70
93
65
94
66
16
58
27
66
32
62
15
36
50
79
4
96
99
78
80
88
37
69
14
47
8
96
31
46
57
49
57
95
61
18
3
48
57
56
49
83
57
88
52
51
75
4
88
42
9
19
36
91
18
46
20
50
26
54
11
2
19
94
85
48
48
97
57
9
0 1055
0 1413
0 1653
1 361
1 1102
1 1455
2 1020
2 1527
3 1422
3 1880
3 1918
4 220
4 289
4 654
4 1032
4 1239
5 1420
6 249
6 500
6 871
6 1728
7 456
7 555
7 696
7 943
7 1142
7 1273
7 1645
7 1738
8 1998
9 445
9 1887
9 1943
9 1957
10 608
10 854
10 1401
11 476
11 838
11 1060
13 601
13 856
13 897
13 1351
13 1809
14 294
15 180
15 1229
15 1230
15 1279
15 1689
16 1360
16 1419
16 1668
17 289
17 457
17 1005
17 1657
18 602
18 682
19 325
19 518
19 1550
20 389
20 1515
21 109
21 1050
21 1086
21 1118
21 1469
22 360
22 1089
22 1778
23 148
23 563
23 764
23 878
23 1081
23 1443
24 772
24 1025
24 1579
24 1777
24 1905
25 1386
26 639
26 1129
26 1423
26 1731
27 972
27 1184
27 1752
28 247
28 1644
28 1728
28 1820
29 1674
29 1677
29 1867
30 262
30 400
30 488
30 1028
30 1369
30 1413
30 1988
32 1199
33 1068
33 1072
33 1513
34 793
34 1326
36 191
36 1526
36 1912
37 1586
38 71
38 157
38 1137
38 1500
39 820
39 1152
39 1833
40 786
40 897
40 1005
40 1006
40 1152
40 1196
41 1750
42 362
42 476
43 177
43 578
43 1739
44 106
44 1133
45 221
45 801
45 1054
46 128
46 672
46 690
46 1100
47 145
47 609
47 688
47 707
47 779
47 1403
47 1437
47 1794
48 235
48 1679
48 1759
49 144
49 815
50 57
50 594
50 1842
51 79
51 437
51 751
51 1108
52 67
52 370
52 1635
52 1830
53 190
53 992
53 1186
53 1187
53 1345
53 1703
54 1479
54 1643
55 791
55 1298
55 1650
56 824
56 1282
58 240
58 243
58 463
58 1385
58 1423
58 1687
59 451
59 1655
60 1023
60 1696
60 1847
61 470
61 472
61 526
61 1223
62 686
62 1212
63 1420
63 1631
63 1685
64 320
64 723
64 893
64 1282
65 1147
65 1173
65 1302
65 1706
67 976
68 1101
68 1609
69 1214
69 1796
70 716
70 1573
70 1763
71 421
72 903
72 1476
72 1520
73 113
74 510
74 1056
74 1200
75 607
75 966
75 1326
76 373
77 1366
78 112
78 1866
79 1511
79 1749
80 116
80 519
80 1610
80 1622
80 1763
81 288
81 1620
81 1637
82 161
82 1367
82 1693
83 951
83 967
83 1648
83 1768
84 297
85 659
86 341
86 613
87 537
87 732
87 913
87 1569
88 164
88 781
88 866
88 944
89 1713
90 488
91 194
91 1510
91 1822
91 1853
92 379
92 1227
92 1427
92 1603
93 143
94 182
94 1592
94 1989
95 370
96 416
96 1379
98 765
98 1138
98 1572
99 618
99 736
99 1048
99 1061
99 1735
100 329
100 343
100 725
100 1223
100 1381
100 1727
102 531
102 1512
102 1962
103 1101
103 1940
104 592
104 611
104 944
104 1132
104 1237
105 789
105 1189
105 1950
106 1240
106 1340
106 1460
107 1291
108 508
108 782
108 1843
109 325
109 357
109 419
109 572
109 926
110 1632
111 240
111 1575
111 1761
112 139
112 339
112 1182
112 1236
112 1602
112 1968
113 1366
114 614
114 752
115 900
116 300
116 988
116 1250
116 1261
116 1486
117 235
117 674
117 896
117 1160
117 1426
118 310
118 666
118 747
118 894
118 1157
118 1226
118 1803
119 277
119 573
119 1920
119 1964
120 328
120 1156
120 1301
120 1340
120 1683
120 1936
122 1976
123 548
123 1575
123 1845
124 1455
124 1541
125 140
125 467
125 998
125 1840
125 1849
125 1882
126 138
126 422
126 660
126 774
126 780
126 1532
126 1737
127 271
127 291
127 1154
127 1188
127 1306
127 1451
127 1978
128 1563
129 1249
130 755
131 1356
131 1464
131 1586
132 1667
133 1259
133 1664
133 1764
133 1895
133 1986
134 476
134 1291
135 265
136 145
137 306
137 815
137 820
137 1740
138 875
138 1066
139 599
139 665
139 1676
140 390
140 1039
140 1380
141 1204
141 1205
141 1208
141 1604
141 1932
142 866
142 1260
144 1246
144 1841
145 411
145 773
145 899
146 299
146 585
146 675
146 688
146 929
146 1688
147 827
147 874
147 1886
148 916
148 1169
148 1506
149 1903
150 1475
152 704
152 967
153 1097
154 502
156 796
156 1771
156 1854
157 570
157 875
157 1306
158 188
158 236
158 1669
159 771
159 1753
160 411
160 651
160 841
160 1477
161 288
161 768
163 301
163 456
163 708
163 1664
164 1330
165 390
165 1039
166 524
166 1224
166 1535
166 1879
167 518
167 1343
167 1541
168 1198
168 1336
168 1394
168 1725
168 1911
169 935
169 1176
169 1544
169 1555
169 1891
169 1898
170 496
171 289
171 1782
172 173
172 625
172 1589
173 383
173 1332
173 1826
173 1893
173 1901
174 252
174 527
174 572
175 799
175 1036
175 1667
175 1777
176 1497
177 984
177 1512
178 635
179 955
179 1417
180 440
180 1182
180 1537
180 1957
181 383
181 1619
182 1022
183 1495
184 857
184 1008
184 1572
185 1342
185 1415
185 1586
185 1714
186 1901
188 408
188 1021
188 1478
188 1926
189 378
189 658
189 1030
189 1130
189 1455
190 639
190 935
191 881
191 1124
191 1542
191 1668
192 1047
192 1446
193 620
193 652
193 847
193 1818
193 1946
194 246
194 459
194 697
194 903
194 1654
195 1294
196 575
196 947
196 1406
197 1021
197 1786
198 237
198 987
198 1436
199 388
199 1139
200 714
200 759
200 876
200 1089
201 1299
201 1310
201 1534
202 244
202 374
202 1380
202 1583
202 1880
203 940
203 1601
204 429
204 1041
205 242
205 1256
206 528
206 632
206 688
206 1192
207 465
207 506
207 1408
207 1641
207 1901
208 977
208 1183
208 1406
208 1649
208 1805
209 217
210 639
210 773
210 806
210 987
210 1875
211 603
211 1400
212 795
212 1474
212 1834
213 366
213 447
213 476
213 791
214 500
214 1111
214 1184
215 1275
216 606
216 1141
216 1410
217 575
217 1445
217 1479
218 750
218 929
219 455
220 274
221 558
222 440
222 849
222 1230
222 1785
222 1909
223 294
223 351
223 464
223 466
223 699
223 1262
224 392
224 612
224 910
224 1810
225 260
225 860
225 1288
225 1935
226 952
226 983
226 1105
226 1622
227 644
227 680
227 973
227 1001
228 1607
228 1805
228 1875
228 1923
229 940
229 1010
229 1031
230 1421
230 1709
230 1805
231 1534
232 699
232 1005
232 1033
233 322
233 804
234 470
234 1080
234 1861
235 564
236 510
236 917
236 1568
237 246
237 606
237 1381
237 1635
238 895
238 1853
239 1251
240 1198
240 1759
240 1930
241 1371
241 1438
242 305
242 732
242 956
242 1552
242 1938
242 1990
243 1718
244 734
244 872
244 987
245 720
245 817
245 1134
245 1241
246 330
247 411
248 308
250 698
250 899
250 1684
250 1933
251 695
251 1753
251 1939
252 435
253 258
253 790
253 1018
253 1234
253 1406
253 1500
253 1547
253 1857
253 1891
254 506
254 1242
254 1698
255 970
255 1210
256 397
256 458
256 639
256 1665
257 464
257 565
257 825
257 1499
258 1369
258 1565
258 1829
260 1718
261 1109
261 1209
261 1488
262 492
262 1591
262 1718
263 975
263 1934
264 460
264 1939
265 536
265 1513
266 872
266 1997
268 922
269 1189
269 1253
269 1416
269 1465
270 380
271 323
271 1428
272 744
272 930
272 1187
273 855
273 1503
274 484
274 1661
274 1960
275 561
275 790
275 1932
276 408
276 1040
276 1383
276 1460
277 527
277 782
277 1493
278 1020
278 1273
278 1394
279 683
279 940
279 1196
279 1496
279 1549
279 1878
280 406
280 476
280 776
280 835
280 1115
280 1186
280 1645
280 1666
281 691
281 754
281 1734
281 1798
282 1121
283 1322
284 914
285 638
285 891
285 1422
286 828
286 1610
286 1814
287 373
287 704
287 1809
287 1833
288 492
288 818
288 1255
288 1264
289 972
289 1325
289 1358
289 1476
289 1526
290 1025
290 1211
290 1232
290 1982
291 542
291 1097
291 1261
291 1393
293 1247
294 562
295 553
295 1119
295 1341
295 1434
295 1455
296 726
296 938
296 1840
298 841
298 1829
299 1862
300 585
302 594
302 1830
302 1941
304 688
305 1889
306 355
307 706
307 1194
307 1430
308 523
308 947
308 1193
308 1997
309 516
309 623
310 1502
310 1907
311 977
311 1554
312 326
312 1338
312 1803
312 1887
313 1471
314 1269
314 1389
315 1076
315 1860
316 343
316 375
316 876
316 1222
316 1332
316 1823
317 361
317 395
317 486
317 1126
318 1589
319 858
320 868
320 1313
321 1388
321 1633
322 614
322 637
323 902
323 1376
324 470
324 678
325 379
325 1309
325 1554
325 1972
327 829
327 1198
328 393
328 1253
329 693
329 974
329 1354
331 1617
331 1771
331 1894
332 468
332 634
332 1121
332 1584
332 1778
333 1674
333 1782
334 532
334 544
334 617
335 1613
336 932
336 967
337 432
337 1360
337 1547
337 1562
338 949
338 1026
338 1282
338 1299
338 1576
338 1892
339 1478
339 1731
339 1779
340 1687
341 991
341 1406
341 1488
342 474
342 1300
342 1436
342 1560
343 799
343 815
345 1377
345 1446
348 673
348 1198
348 1640
349 664
349 1130
349 1704
349 1881
350 1110
351 402
351 1123
351 1128
351 1129
351 1712
352 722
352 832
352 1082
352 1636
353 1953
354 669
354 911
354 1212
355 1273
355 1825
356 1854
357 481
358 603
358 816
359 475
359 1012
359 1638
359 1935
360 1758
361 1767
362 1015
362 1017
362 1097
362 1456
364 1378
364 1681
365 372
365 1063
365 1500
366 713
366 1998
367 1672
368 1485
368 1748
368 1939
369 535
369 987
369 1862
371 507
371 1197
371 1940
372 446
372 767
372 1648
374 700
374 1772
375 608
375 1620
377 643
378 1319
378 1574
379 852
379 1144
380 605
380 1056
380 1090
381 604
381 1381
382 899
382 1989
383 956
383 1416
383 1680
383 1843
384 580
384 1454
384 1470
384 1567
385 1016
385 1379
385 1840
385 1980
386 1287
387 560
388 451
388 1253
388 1695
389 1064
390 395
390 829
390 1198
390 1236
390 1519
390 1900
391 1603
392 678
392 1162
392 1519
392 1523
392 1821
393 648
393 1105
393 1150
393 1712
394 683
394 925
394 929
394 1320
394 1374
394 1680
395 1084
396 1209
396 1716
397 655
397 1560
398 624
398 678
398 1243
398 1299
398 1789
398 1824
398 1935
398 1975
400 903
400 953
400 1659
401 1531
401 1811
402 711
402 1661
402 1809
402 1892
403 998
403 1380
403 1912
405 770
405 1198
405 1285
406 722
406 1341
406 1737
406 1887
407 1402
407 1900
408 1093
408 1750
410 972
410 1207
410 1450
411 753
411 1572
411 1784
412 733
412 735
412 1419
412 1685
413 1094
413 1108
413 1284
413 1441
413 1648
413 1683
414 958
414 1035
414 1927
415 1014
416 476
416 697
417 1187
417 1254
417 1262
417 1288
418 1528
418 1688
418 1892
419 1079
419 1151
419 1699
419 1758
420 1098
420 1147
420 1435
421 955
421 1776
422 438
422 776
423 737
423 1029
424 1050
424 1415
425 942
425 1580
425 1892
426 1350
426 1716
427 1032
428 1456
429 503
429 580
429 1343
429 1610
431 575
431 821
431 891
431 1056
432 1078
432 1885
432 1930
433 1197
434 584
434 751
434 1374
434 1431
434 1526
434 1836
434 1897
435 1888
435 1926
436 1020
436 1760
437 583
437 850
438 1215
438 1782
439 915
439 1065
439 1544
440 466
440 1978
441 1038
442 637
442 749
442 860
442 1074
442 1795
443 1237
443 1614
444 948
445 1006
446 629
446 1783
447 1650
448 668
448 1232
448 1968
449 890
450 733
451 1387
452 655
452 1035
452 1116
452 1986
453 1116
453 1195
453 1223
453 1298
454 831
454 1080
454 1867
455 1352
455 1376
455 1575
455 1748
456 1009
456 1024
456 1702
457 1001
457 1433
458 1203
458 1590
459 1318
459 1640
459 1724
460 589
460 845
460 1429
461 772
461 1234
461 1505
462 1053
462 1135
462 1444
462 1655
462 1706
463 817
463 1804
463 1972
464 544
464 609
464 951
464 1516
466 926
466 1535
467 1112
468 1210
468 1529
469 1422
469 1643
469 1695
470 950
470 1766
471 552
471 965
471 1922
472 566
472 576
472 1183
472 1210
472 1561
472 1562
472 1634
473 847
473 1233
475 930
475 1504
476 829
476 1481
477 760
477 878
478 1145
478 1390
478 1913
479 721
479 828
479 985
479 1150
479 1742
480 1145
480 1656
481 785
481 806
481 1049
482 565
482 600
482 891
483 1491
483 1616
484 561
484 1094
484 1179
485 731
485 939
486 1712
487 544
487 1262
487 1747
487 1786
487 1917
488 789
488 897
488 1073
488 1576
488 1883
489 1451
493 788
493 930
493 1270
493 1452
494 1985
495 734
495 772
495 1752
495 1787
497 769
497 1711
498 1702
499 1007
500 589
500 1650
501 1063
501 1268
501 1902
502 542
502 1049
503 751
503 895
503 1157
504 1311
505 1571
506 1457
506 1529
506 1821
507 1169
508 641
508 648
508 674
508 1628
509 705
509 1249
509 1409
510 582
510 838
510 1053
511 970
512 969
513 541
513 1328
513 1452
514 1072
515 967
516 872
516 1508
517 677
517 930
517 1896
518 675
518 1589
519 806
519 905
519 1545
519 1626
520 1488
521 1669
522 649
522 689
522 1504
523 1145
524 1044
525 839
525 1567
526 1297
527 1277
528 562
528 703
529 598
529 1007
530 548
530 1937
532 1849
533 756
533 1521
533 1550
534 1020
534 1162
535 841
535 1605
535 1662
535 1760
535 1873
536 687
536 1935
537 981
537 1070
538 1791
539 924
541 676
541 1310
542 961
542 1013
542 1156
542 1786
542 1871
543 1064
543 1321
543 1960
544 726
544 930
544 1413
544 1801
545 1527
546 1006
546 1134
546 1311
546 1399
546 1530
547 1435
547 1777
549 1181
549 1959
550 1958
551 795
551 1019
551 1332
551 1393
553 834
553 1013
553 1610
553 1856
554 680
554 725
554 1472
555 980
555 1998
556 826
556 955
556 1426
557 1213
558 1232
558 1741
559 825
559 852
560 935
560 1665
561 957
561 1662
561 1747
562 790
562 904
563 966
563 1937
564 802
564 1643
564 1785
566 1437
566 1643
567 1642
568 876
568 951
569 1656
569 1881
569 1907
570 658
570 1614
570 1767
571 1184
571 1262
571 1500
572 1008
572 1236
572 1577
572 1815
573 692
573 1630
573 1666
574 694
574 1023
574 1583
574 1923
575 680
575 897
575 1015
575 1863
576 725
576 767
576 852
577 1273
577 1967
578 1698
578 1909
579 1195
579 1983
580 737
580 1584
582 974
582 1122
582 1708
583 1726
584 712
584 959
584 1027
584 1330
586 734
586 876
586 1152
586 1383
587 1458
589 694
590 1805
591 1226
591 1962
592 1253
592 1520
592 1770
594 864
594 1511
594 1584
595 1371
595 1817
595 1981
596 1498
596 1879
598 972
598 1406
599 1497
599 1563
599 1835
600 871
600 1913
601 627
601 1677
602 1219
603 931
604 1628
605 711
605 848
605 1284
605 1461
606 1320
607 759
608 1050
608 1414
608 1554
609 656
609 1453
609 1880
610 787
611 1304
613 669
613 1214
613 1494
614 740
614 1385
614 1817
615 797
615 1311
615 1743
617 1633
618 967
618 1086
618 1143
619 1972
620 1308
620 1755
620 1975
621 697
621 1125
621 1131
621 1262
621 1781
621 1822
622 846
622 1033
622 1724
625 780
625 1140
626 928
626 1755
627 1054
628 1365
628 1652
628 1660
629 1568
629 1697
629 1927
630 689
630 1089
630 1286
631 811
631 906
631 1435
631 1519
632 894
632 1768
633 1046
633 1053
634 746
634 961
634 1212
635 869
635 1334
635 1974
638 1386
639 1428
640 1098
640 1362
640 1672
641 1425
642 1360
644 748
645 967
645 1001
645 1006
645 1294
645 1879
646 1774
648 724
648 881
648 1156
650 762
650 839
650 900
651 1126
651 1428
652 1030
652 1416
653 966
653 994
653 1166
653 1545
654 920
654 1057
654 1342
656 766
656 1091
657 1135
657 1284
658 1032
658 1251
658 1845
659 1938
660 769
660 1046
661 1081
662 682
662 1951
663 805
663 869
663 1754
663 1992
664 1643
664 1735
665 1367
665 1760
665 1841
666 1002
666 1073
666 1116
666 1205
666 1853
667 863
667 1478
667 1614
667 1834
668 1238
668 1973
669 1092
669 1303
669 1953
670 694
670 1095
670 1695
671 848
671 1380
671 1834
673 1910
675 1833
676 948
676 1948
677 711
677 745
679 721
679 1135
679 1610
680 968
680 1941
681 688
682 991
682 1034
682 1213
682 1423
683 1681
684 894
684 1437
684 1626
685 706
685 1251
687 1034
687 1243
687 1316
687 1509
687 1829
688 1836
689 1185
689 1364
689 1616
690 1639
691 1208
692 800
692 1562
693 1673
693 1949
694 1517
694 1939
695 1388
695 1415
695 1641
695 1805
696 1527
696 1910
697 897
697 1166
697 1262
697 1885
698 1386
698 1952
699 1288
702 987
702 1145
702 1412
702 1781
703 1401
704 972
704 1037
704 1863
705 1871
706 1101
706 1161
707 853
707 999
707 1801
707 1874
708 1117
708 1820
709 792
709 979
709 1028
709 1658
710 873
710 881
710 1979
711 1273
715 948
715 1332
716 796
716 865
716 1802
716 1810
716 1882
718 1749
718 1814
719 838
719 1088
719 1251
719 1645
719 1785
719 1829
721 1422
722 1239
723 1707
724 813
724 866
724 1067
724 1784
725 1090
725 1137
725 1335
725 1563
726 1066
726 1595
726 1850
727 880
727 993
727 1149
727 1286
727 1632
727 1764
727 1955
728 1133
728 1638
729 858
729 1886
729 1889
730 778
730 1537
731 1303
733 951
733 968
734 1013
734 1127
734 1409
735 1496
736 1515
737 1444
738 1436
739 1963
740 1965
741 1053
741 1077
741 1744
741 1752
742 769
742 988
742 1393
743 905
743 1919
745 1201
746 860
746 1649
746 1854
747 1282
747 1954
748 1089
748 1135
748 1365
749 1049
749 1299
750 1270
750 1817
750 1876
751 1151
751 1310
752 985
753 1534
753 1949
754 1805
755 911
755 978
756 1217
756 1231
756 1643
757 1243
757 1666
758 836
758 1959
759 1469
760 821
760 901
760 979
760 1251
761 970
762 1028
762 1781
763 1142
763 1444
763 1880
764 1618
765 1944
766 826
766 1720
767 1241
768 815
768 1065
768 1146
768 1446
768 1570
768 1595
768 1696
768 1717
769 1257
769 1850
770 1848
771 1077
771 1537
771 1610
771 1668
771 1838
772 822
773 1694
774 933
774 1623
774 1828
775 806
775 809
775 1085
775 1429
777 910
777 1810
778 1157
778 1269
778 1562
779 1729
779 1734
780 901
780 936
780 1564
781 851
781 1627
782 1025
782 1825
783 1216
783 1769
784 928
784 948
784 1530
785 1264
785 1773
786 944
787 1175
787 1370
787 1678
788 1627
788 1856
788 1938
789 1121
790 967
790 1071
790 1268
793 1483
793 1730
794 1427
796 854
797 1752
798 821
798 1174
798 1885
799 977
800 1190
800 1352
800 1685
801 873
802 1924
803 1989
804 1524
805 1097
805 1273
805 1682
806 835
806 1383
806 1485
806 1733
806 1882
807 1132
807 1162
807 1350
807 1563
808 981
808 1051
808 1482
808 1615
809 823
809 1428
810 924
810 1165
810 1182
810 1209
810 1946
811 1277
811 1654
812 1671
812 1789
813 1440
813 1725
813 1969
814 1498
814 1689
815 904
815 1734
815 1998
816 998
817 1103
817 1582
817 1740
817 1989
818 1277
818 1424
819 1403
819 1685
821 1028
821 1073
821 1996
822 1623
823 882
824 1022
824 1482
824 1660
825 1190
825 1616
826 1382
827 1834
828 1060
828 1352
828 1751
829 1741
830 1582
830 1597
831 915
831 1011
831 1106
831 1324
831 1629
832 1147
832 1764
833 1285
833 1542
833 1753
833 1835
834 1322
835 1004
835 1402
835 1960
836 1587
836 1991
838 1439
838 1827
839 1270
839 1908
840 1477
840 1894
841 1720
841 1903
842 1963
842 1986
843 1579
843 1688
843 1928
843 1938
844 1395
844 1440
844 1628
845 1853
846 1808
847 1738
848 931
849 1525
850 873
850 1200
850 1442
850 1498
851 1777
852 971
852 1429
852 1868
853 1183
853 1804
854 1338
855 1056
855 1762
856 1191
857 1174
858 1100
859 1189
859 1357
860 1363
861 1211
861 1267
861 1625
861 1829
862 1321
862 1325
863 891
863 1181
863 1197
864 1477
864 1852
865 1701
865 1949
866 1534
867 1741
868 1424
869 959
869 1343
869 1988
870 1018
871 1067
871 1235
871 1384
871 1872
872 1815
875 1688
876 934
876 1268
877 964
878 1045
878 1341
879 1811
880 1859
880 1897
881 1003
881 1878
882 1231
882 1980
883 1595
883 1760
884 1056
884 1152
884 1946
885 1097
886 914
887 1248
887 1362
888 1043
889 1289
890 1335
892 941
894 1066
895 1298
895 1352
896 1224
896 1591
896 1769
898 1495
898 1519
899 1025
899 1265
900 1590
901 1413
901 1941
901 1944
904 1204
904 1638
905 1210
905 1712
905 1865
907 1115
907 1249
908 1990
911 1366
911 1973
912 1744
913 1353
914 1576
914 1665
915 1455
915 1484
916 1899
917 1652
918 1199
918 1252
918 1345
918 1415
918 1658
920 1079
920 1210
920 1659
921 1502
921 1581
921 1592
922 1523
924 1967
925 1088
925 1587
925 1923
926 1002
926 1597
927 1141
928 933
928 1237
928 1597
929 1320
929 1792
929 1904
930 1143
930 1151
930 1162
930 1398
931 1290
931 1311
931 1350
931 1600
933 1891
934 1181
934 1474
935 1200
935 1346
935 1478
935 1552
935 1935
936 1180
936 1370
937 1311
938 996
938 1182
938 1519
939 949
939 1957
940 1019
941 1216
944 1126
944 1401
944 1520
944 1558
945 1426
946 1705
946 1804
947 1170
947 1683
948 1054
948 1829
949 1284
949 1751
951 1919
952 1815
953 1193
955 1539
955 1757
955 1978
958 1316
958 1459
959 1124
960 1209
961 1362
961 1535
962 1701
963 1259
967 1114
970 1268
970 1360
970 1465
971 1132
971 1618
971 1685
972 1063
972 1482
972 1824
973 1703
974 1143
975 1293
975 1449
975 1482
975 1664
976 1639
977 1249
978 1262
979 1466
980 1343
980 1543
981 1805
984 1196
984 1516
987 1911
988 1537
989 1460
990 1780
991 1593
991 1882
991 1972
992 1198
992 1282
992 1896
994 996
995 1087
995 1898
996 1450
996 1835
997 1342
997 1527
999 1532
999 1607
1000 1958
1001 1416
1001 1513
1002 1606
1002 1817
1003 1748
1003 1863
1004 1022
1004 1449
1004 1473
1005 1102
1005 1523
1005 1616
1005 1900
1005 1992
1006 1662
1007 1759
1008 1246
1008 1881
1008 1891
1008 1911
1009 1906
1010 1539
1010 1675
1010 1956
1011 1684
1012 1417
1013 1988
1015 1719
1015 1752
1015 1997
1016 1508
1016 1666
1018 1108
1018 1222
1019 1060
1019 1077
1020 1951
1023 1347
1023 1374
1024 1302
1025 1156
1026 1998
1027 1467
1027 1838
1028 1468
1028 1793
1028 1865
1029 1322
1029 1638
1030 1521
1030 1558
1030 1834
1031 1425
1033 1560
1033 1967
1035 1447
1036 1176
1036 1349
1036 1360
1037 1248
1038 1108
1038 1180
1038 1361
1039 1251
1039 1997
1042 1101
1042 1135
1043 1079
1043 1613
1043 1677
1043 1869
1043 1925
1044 1512
1045 1239
1046 1691
1047 1123
1047 1493
1047 1910
1049 1198
1049 1443
1049 1572
1050 1212
1050 1730
1051 1231
1051 1569
1051 1669
1053 1069
1053 1573
1053 1577
1053 1903
1054 1941
1055 1217
1055 1553
1055 1774
1056 1433
1056 1458
1056 1571
1058 1806
1058 1901
1059 1218
1059 1349
1061 1218
1062 1841
1063 1229
1063 1339
1064 1805
1065 1462
1066 1715
1067 1712
1067 1807
1068 1374
1068 1386
1070 1674
1071 1919
1072 1110
1072 1334
1072 1470
1072 1507
1073 1606
1075 1143
1076 1170
1077 1146
1077 1594
1078 1265
1080 1928
1081 1360
1081 1527
1081 1969
1082 1391
1082 1863
1085 1447
1085 1480
1085 1712
1086 1425
1086 1575
1087 1264
1087 1476
1087 1601
1087 1800
1088 1774
1088 1785
1088 1836
1088 1989
1089 1422
1089 1559
1089 1834
1090 1368
1091 1610
1091 1968
1093 1422
1093 1541
1093 1882
1094 1992
1095 1946
1096 1172
1097 1421
1097 1491
1097 1494
1098 1315
1100 1239
1101 1168
1101 1564
1101 1646
1102 1276
1103 1290
1106 1179
1106 1531
1106 1620
1107 1755
1108 1318
1108 1837
1108 1901
1109 1171
1109 1396
1109 1575
1110 1459
1111 1250
1111 1855
1111 1924
1112 1256
1113 1832
1114 1915
1115 1187
1116 1576
1117 1554
1118 1903
1118 1990
1119 1311
1119 1513
1119 1695
1120 1396
1121 1512
1122 1603
1123 1486
1124 1893
1126 1460
1126 1714
1127 1373
1129 1189
1130 1540
1132 1212
1132 1259
1132 1805
1132 1887
1132 1944
1133 1491
1134 1205
1134 1207
1134 1691
1135 1829
1135 1884
1136 1688
1137 1555
1138 1915
1139 1317
1139 1467
1140 1399
1140 1574
1142 1920
1143 1320
1143 1724
1144 1987
1145 1781
1146 1720
1147 1428
1147 1717
1147 1886
1148 1233
1149 1728
1149 1758
1151 1449
1152 1242
1152 1617
1153 1487
1153 1565
1153 1799
1154 1357
1155 1483
1155 1738
1156 1927
1157 1374
1158 1207
1160 1253
1160 1285
1161 1648
1161 1979
1162 1924
1163 1978
1164 1468
1164 1638
1166 1289
1168 1369
1168 1870
1168 1938
1169 1574
1170 1217
1170 1431
1170 1735
1170 1785
1171 1637
1172 1209
1172 1816
1173 1437
1174 1322
1175 1464
1175 1937
1176 1702
1176 1705
1176 1752
1177 1338
1178 1718
1178 1860
1179 1192
1179 1433
1179 1680
1180 1183
1181 1295
1181 1425
1181 1645
1182 1800
1186 1700
1191 1417
1191 1580
1192 1487
1192 1574
1192 1626
1193 1387
1193 1452
1193 1656
1194 1375
1194 1914
1195 1197
1196 1784
1199 1823
1200 1576
1201 1504
1201 1627
1201 1822
1202 1871
1202 1919
1204 1214
1204 1496
1205 1809
1208 1264
1208 1736
1208 1868
1209 1787
1211 1405
1212 1412
1213 1319
1213 1360
1213 1423
1213 1939
1217 1425
1221 1608
1222 1374
1222 1679
1223 1511
1223 1959
1224 1333
1224 1674
1225 1632
1225 1662
1225 1960
1226 1391
1226 1788
1226 1817
1226 1849
1227 1619
1229 1266
1229 1739
1230 1949
1231 1732
1232 1849
1233 1324
1233 1529
1233 1620
1234 1835
1234 1904
1235 1971
1236 1345
1236 1356
1236 1383
1236 1847
1236 1965
1237 1379
1238 1429
1239 1325
1242 1313
1242 1373
1243 1322
1244 1750
1244 1768
1245 1599
1245 1822
1247 1714
1247 1857
1248 1607
1249 1346
1249 1779
1250 1545
1251 1850
1252 1262
1253 1448
1254 1411
1255 1837
1256 1474
1257 1297
1257 1855
1258 1287
1259 1410
1259 1503
1259 1561
1261 1354
1261 1712
1262 1940
1264 1708
1265 1802
1265 1988
1267 1291
1271 1874
1272 1490
1273 1307
1273 1671
1274 1579
1274 1680
1274 1984
1275 1638
1276 1564
1280 1601
1281 1691
1282 1322
1282 1407
1283 1860
1283 1928
1284 1369
1284 1724
1287 1415
1287 1597
1288 1640
1288 1969
1289 1587
1290 1664
1290 1753
1291 1738
1292 1307
1292 1843
1293 1770
1294 1585
1294 1899
1294 1936
1299 1683
1299 1909
1300 1546
1300 1711
1300 1734
1301 1499
1303 1819
1304 1936
1306 1731
1306 1823
1307 1411
1308 1997
1309 1378
1309 1708
1310 1431
1310 1505
1311 1889
1315 1440
1316 1970
1317 1509
1317 1639
1318 1418
1318 1870
1319 1364
1319 1475
1319 1963
1321 1450
1322 1597
1323 1524
1325 1348
1328 1887
1328 1988
1329 1705
1329 1806
1329 1827
1335 1355
1335 1746
1336 1408
1337 1894
1338 1566
1340 1346
1341 1427
1341 1590
1343 1536
1343 1832
1344 1996
1345 1650
1346 1883
1347 1871
1348 1350
1348 1548
1348 1607
1349 1683
1351 1747
1354 1836
1357 1587
1359 1606
1359 1958
1361 1436
1362 1957
1363 1889
1364 1735
1369 1446
1371 1765
1372 1717
1375 1578
1375 1724
1377 1597
1378 1556
1379 1706
1381 1776
1382 1907
1384 1390
1384 1521
1384 1855
1385 1459
1386 1482
1387 1898
1390 1646
1391 1423
1393 1756
1394 1879
1397 1849
1398 1747
1400 1708
1400 1717
1402 1498
1404 1499
1404 1809
1406 1597
1406 1694
1407 1434
1408 1538
1408 1756
1409 1483
1409 1723
1412 1788
1413 1991
1414 1617
1414 1623
1418 1561
1419 1901
1420 1751
1423 1584
1423 1600
1424 1554
1424 1664
1424 1739
1425 1567
1429 1742
1429 1920
1430 1434
1430 1472
1430 1720
1431 1917
1432 1682
1434 1657
1434 1724
1436 1668
1436 1970
1438 1488
1441 1457
1445 1538
1445 1945
1447 1844
1448 1577
1448 1665
1448 1679
1449 1866
1449 1995
1451 1719
1451 1964
1452 1699
1454 1697
1456 1795
1461 1837
1467 1903
1470 1500
1474 1500
1474 1997
1477 1753
1483 1923
1484 1488
1484 1659
1484 1855
1488 1861
1489 1642
1489 1808
1491 1798
1491 1866
1492 1703
1494 1556
1494 1891
1495 1847
1496 1560
1496 1809
1496 1994
1497 1578
1497 1604
1497 1772
1501 1560
1501 1700
1501 1938
1507 1519
1508 1662
1511 1654
1512 1963
1513 1596
1513 1795
1513 1976
1518 1602
1518 1680
1526 1703
1526 1906
1527 1710
1528 1763
1529 1595
1531 1811
1531 1988
1532 1570
1533 1914
1533 1927
1536 1708
1537 1645
1538 1795
1540 1616
1543 1753
1544 1872
1546 1927
1550 1984
1553 1842
1554 1938
1555 1674
1556 1845
1560 1657
1565 1937
1566 1695
1568 1798
1569 1802
1572 1996
1574 1677
1575 1928
1577 1674
1577 1707
1582 1595
1585 1625
1587 1963
1587 1965
1589 1673
1590 1752
1604 1974
1610 1983
1611 1838
1611 1967
1612 1979
1613 1889
1615 1700
1615 1768
1616 1983
1619 1864
1621 1922
1622 1820
1622 1900
1623 1698
1623 1925
1627 1820
1627 1914
1640 1772
1649 1979
1650 1759
1650 1813
1653 1743
1655 1748
1657 1693
1661 1874
1665 1736
1670 1816
1677 1876
1680 1858
1681 1930
1685 1958
1688 1909
1691 1702
1693 1896
1696 1979
1708 1718
1711 1942
1713 1719
1713 1742
1716 1937
1719 1984
1721 1832
1724 1940
1733 1957
1734 1832
1735 1889
1739 1812
1741 1957
1755 1886
1755 1935
1756 1913
1767 1823
1770 1789
1770 1811
1771 1988
1772 1871
1773 1811
1774 1881
1780 1814
1783 1906
1784 1911
1791 1870
1794 1820
1797 1916
1797 1975
1798 1947
1800 1941
1806 1869
1820 1825
1820 1890
1832 1847
1839 1937
1847 1895
1855 1879
1867 1981
1870 1876
1874 1899
1877 1950
1877 1955
1887 1897
1895 1974
1905 1914
1917 1982
1926 1941
1939 1988
