2000 2939
85
29
72
83
34
13
76
70
54
73
37
2
91
79
3
25
29
23
65
58
19
100
32
56
12
80
76
1
31
30
56
100
71
74
55
13
10
40
33
13
100
51
91
23
84
78
3
54
34
91
98
96
56
24
58
39
89
75
80
73
60
73
54
81
43
27
26
4
13
34
34
60
18
7
45
3
48
12
59
25
32
5
58
9
14
99
85
45
49
94
31
80
98
14
97
11
48
24
60
43
8
67
23
47
28
86
32
83
85
33
61
60
5
61
13
82
54
43
27
58
11
8
39
55
8
65
100
72
87
51
65
56
24
65
2
81
16
83
79
14
22
91
30
85
61
44
54
35
29
36
48
46
44
56
44
32
44
41
84
65
19
64
71
8
97
5
5
46
4
96
77
37
9
67
58
63
40
2
9
2
13
9
62
79
65
43
92
9
91
22
90
22
97
67
42
51
10
28
75
15
18
31
12
97
97
59
26
80
26
35
36
73
67
27
12
63
40
44
14
84
69
100
16
9
35
78
22
80
64
92
14
44
73
52
19
95
14
65
76
78
14
31
55
73
82
75
45
72
81
22
59
42
15
89
2
51
18
66
1
19
77
4
80
68
20
12
56
69
13
26
6
63
35
22
37
53
27
74
100
73
38
62
98
45
52
86
79
31
81
73
42
81
59
43
35
21
16
86
32
47
66
99
39
89
17
62
94
42
1
55
62
2
49
69
47
9
93
45
14
14
22
49
21
27
3
21
30
75
33
46
37
85
85
83
57
99
2
80
36
54
45
84
92
87
26
59
30
52
10
27
32
26
67
69
19
21
86
17
61
81
55
28
99
21
26
20
75
58
62
70
37
68
4
94
72
61
73
84
79
24
91
97
25
61
37
24
13
78
17
65
68
45
34
4
84
16
80
40
1
92
64
4
1
55
33
1
71
24
23
47
10
1
70
15
78
13
2
57
95
49
81
83
4
4
30
43
96
17
52
34
58
60
49
59
40
40
78
23
63
99
11
14
88
76
10
57
94
96
42
74
75
52
95
68
1
75
58
66
59
31
67
27
7
53
93
29
40
48
49
39
59
90
19
17
87
6
20
65
25
5
15
90
57
85
94
75
69
47
20
16
20
37
12
37
20
83
78
66
13
69
93
39
92
57
69
42
97
88
77
69
76
93
32
94
38
27
36
5
25
97
38
66
72
74
87
48
80
97
98
24
75
68
4
35
85
22
58
17
85
94
20
85
28
79
66
39
96
65
76
1
75
78
5
3
25
57
98
15
71
35
12
24
33
70
8
47
88
38
69
83
4
20
25
93
28
99
56
23
38
35
17
14
11
33
59
10
72
86
88
46
50
99
6
71
3
64
32
73
9
84
20
20
37
14
28
33
18
95
80
1
47
19
75
28
99
1
92
70
53
27
6
64
87
84
58
7
47
35
33
87
39
44
58
66
60
2
35
43
46
57
45
9
1
33
38
76
8
42
31
92
38
74
87
24
77
85
19
94
61
44
76
24
9
24
63
3
58
78
12
42
15
81
71
95
23
3
9
56
26
33
54
81
46
23
51
53
35
76
60
89
55
26
32
85
72
85
64
25
98
96
21
7
46
68
41
5
72
44
2
6
70
70
25
69
76
32
72
55
19
90
47
62
36
87
6
3
95
90
3
40
22
72
61
58
27
6
6
63
82
13
52
60
3
99
55
55
44
9
67
55
4
28
74
56
28
11
73
28
45
35
36
3
9
83
9
79
18
77
94
18
13
37
14
72
23
78
12
25
36
4
71
54
77
51
56
7
97
19
34
57
67
19
14
75
1
79
21
63
2
7
30
39
89
64
93
88
83
15
29
15
20
86
46
88
97
49
74
83
4
15
40
45
34
92
80
11
48
7
68
32
36
41
17
80
83
97
52
57
69
13
6
17
66
21
28
38
15
50
95
29
48
38
51
48
50
68
84
3
87
44
98
92
2
87
87
85
57
49
64
92
68
56
10
76
12
64
51
46
50
7
95
31
16
96
61
69
82
61
58
8
38
86
27
44
92
28
41
13
34
82
59
53
89
68
17
4
16
87
64
76
69
100
1
37
7
75
90
38
44
96
85
66
27
26
9
42
65
30
99
81
72
94
23
69
22
7
55
2
38
69
27
98
37
3
34
99
31
74
57
36
88
85
48
74
22
71
61
9
83
71
41
73
43
13
52
7
26
77
27
68
89
66
34
25
43
74
46
52
47
90
96
12
70
92
57
24
58
2
78
94
49
90
11
69
8
70
50
16
8
42
68
39
68
36
78
11
79
59
100
68
3
85
35
46
71
70
97
34
46
28
74
6
93
12
76
40
74
38
14
93
28
38
69
68
21
6
93
80
54
11
85
9
23
43
69
74
91
90
46
3
28
45
31
64
7
55
19
66
25
11
24
95
65
33
35
7
7
1
58
27
60
39
34
94
89
35
54
61
3
84
68
26
22
60
31
22
69
22
12
70
31
57
73
42
61
97
74
84
37
79
1
49
62
65
11
13
82
85
65
69
48
67
47
86
30
35
60
84
47
42
78
92
55
81
70
2
31
94
86
30
29
92
7
95
60
87
84
87
91
35
43
22
82
74
51
50
44
18
8
27
20
39
97
79
45
78
61
52
73
12
43
95
78
15
80
13
53
63
66
25
34
100
92
10
52
46
96
87
88
48
98
52
87
89
15
13
74
32
20
8
48
78
68
60
29
45
56
20
59
45
3
46
59
56
96
83
58
33
76
84
33
95
47
38
45
80
95
58
94
44
38
8
46
87
42
47
31
3
23
85
18
60
90
15
92
100
85
7
34
32
38
77
4
41
6
75
60
27
49
53
65
35
94
69
74
48
15
48
4
94
84
85
42
75
74
87
28
68
82
29
35
9
26
91
13
13
86
90
13
99
29
39
60
2
51
91
51
94
47
51
100
100
3
53
89
92
35
74
33
75
67
96
45
75
84
83
30
83
16
50
22
84
61
67
18
85
90
44
65
45
46
34
45
80
86
34
54
91
53
12
25
87
6
46
40
80
65
53
98
91
13
50
73
93
24
23
61
35
64
5
42
45
85
18
71
37
7
20
99
96
17
17
61
44
54
18
36
5
53
12
79
100
16
76
84
22
57
15
59
27
9
89
27
21
22
40
65
52
50
58
17
71
92
32
63
71
95
18
26
100
49
80
58
44
53
1
12
33
41
35
6
18
5
20
86
60
76
86
78
43
55
27
74
21
49
90
23
58
85
71
17
67
93
18
13
10
27
66
80
3
74
32
99
74
93
64
28
7
74
89
96
30
36
52
42
37
6
41
35
41
55
63
69
48
4
29
38
26
30
57
25
30
76
18
91
37
50
66
4
85
89
36
7
25
37
33
51
9
24
88
94
13
27
59
14
15
81
61
96
97
9
41
14
40
63
61
72
61
88
20
45
36
64
79
58
1
66
76
87
25
71
46
15
12
85
42
61
40
55
42
43
85
36
89
12
72
37
82
97
91
48
49
17
97
93
56
93
27
56
1
73
77
3
41
98
43
68
54
4
49
89
24
68
94
49
5
48
28
37
73
76
16
57
25
100
99
12
33
57
17
63
57
96
86
80
85
85
84
73
15
61
76
83
67
63
80
33
74
91
96
84
70
23
46
40
11
94
80
10
4
1
74
25
86
90
29
45
43
53
23
39
13
97
35
8
42
90
4
19
47
17
11
42
75
3
6
73
54
67
40
30
47
22
86
75
83
70
17
44
88
75
91
14
82
51
80
29
48
50
29
42
52
23
26
31
91
6
3
36
43
27
64
41
13
19
75
74
76
24
36
76
20
8
71
73
61
82
44
47
93
6
27
33
22
58
5
24
59
16
49
47
23
23
1
27
26
5
35
16
41
58
85
63
4
8
77
89
91
7
50
32
64
2
8
41
79
44
40
69
89
19
29
98
84
53
97
12
8
25
86
82
9
29
77
56
82
71
6
57
22
81
83
4
46
23
63
44
41
42
61
47
85
50
21
56
83
97
3
48
11
44
31
28
64
50
38
35
37
46
56
48
86
80
10
52
22
77
88
69
56
4
82
40
46
76
59
81
70
71
1
9
46
14
66
25
58
24
14
7
46
10
9
25
44
79
60
1
76
67
46
52
84
22
88
33
31
6
70
20
67
78
21
4
13
99
48
1
70
29
90
84
65
24
17
20
81
57
74
44
65
7
76
10
61
11
90
23
76
11
4
24
87
5
80
79
92
4
97
42
87
24
42
25
88
90
64
85
42
54
28
3
10
84
32
40
66
37
36
72
24
16
11
81
47
54
37
84
21
6
21
62
24
88
42
93
74
74
86
26
61
34
10
80
59
43
31
74
54
9
30
13
53
74
62
87
95
44
31
40
83
86
19
67
26
24
83
75
6
15
46
20
26
79
46
72
28
65
50
51
43
75
79
99
19
10
18
36
90
88
87
93
95
64
85
1
50
79
33
69
88
58
41
70
49
14
92
61
95
39
22
83
73
55
16
58
89
38
70
48
27
25
3
40
44
6
1
59
17
87
87
0 1007
0 1192
0 1264
0 1370
0 1576
0 1786
1 749
1 1126
1 1234
1 1619
2 221
2 1419
3 975
3 1218
3 1369
3 1657
3 1959
4 374
4 616
4 673
5 654
5 771
5 1172
5 1634
5 1743
7 474
7 749
7 998
7 1141
8 321
8 1828
9 1940
10 800
10 1032
10 1236
11 60
11 417
11 431
11 552
11 594
11 1999
12 877
12 1004
12 1048
13 984
13 1135
14 1678
14 1780
15 227
15 302
15 871
15 1471
16 298
16 615
16 688
16 1288
16 1878
17 427
17 982
17 1765
17 1959
18 524
18 756
18 927
18 994
18 1318
19 83
19 137
19 513
19 812
20 1303
20 1948
21 383
22 39
22 1230
23 756
23 899
24 100
24 1177
25 464
25 1140
25 1407
26 262
26 710
26 1444
26 1902
26 1970
27 486
27 546
27 838
27 904
27 977
27 1093
28 875
28 1431
28 1860
29 1348
30 898
30 1599
30 1639
30 1847
31 763
32 450
32 1482
33 371
34 172
34 565
35 232
35 432
35 510
36 272
36 1059
36 1496
37 45
37 1719
38 1213
39 44
39 52
39 579
39 950
39 1020
40 500
40 648
40 1910
41 401
41 470
41 1008
41 1101
41 1586
42 335
42 573
42 1066
42 1534
42 1693
42 1705
42 1775
44 291
44 1394
44 1430
44 1624
45 1102
45 1279
45 1977
46 128
47 675
47 1376
48 993
48 1221
48 1584
48 1870
49 1495
49 1520
49 1782
50 1426
50 1553
51 605
52 1631
54 1686
54 1698
54 1819
55 756
55 1251
55 1619
56 291
56 1028
56 1487
57 1218
58 63
58 325
58 598
58 1297
58 1382
58 1847
59 1616
60 1582
60 1887
61 1594
61 1782
62 247
62 548
62 1900
63 131
63 1029
64 578
65 1456
66 832
66 1178
66 1269
66 1925
67 106
68 935
68 1194
69 1456
69 1822
70 866
70 1385
70 1698
70 1706
70 1720
71 81
71 624
72 700
72 1154
73 1070
73 1181
74 375
74 1481
74 1932
75 82
75 680
75 831
75 1433
75 1600
76 579
77 80
77 1386
77 1806
78 861
78 1423
79 403
79 1754
80 142
81 483
81 1601
82 353
82 1519
82 1965
83 127
83 937
84 88
84 1022
85 261
85 1490
86 205
86 427
86 1473
87 757
87 1262
88 426
88 473
88 876
88 1033
88 1369
88 1717
88 1756
89 1015
89 1099
89 1331
89 1982
90 1420
90 1698
90 1712
90 1869
91 184
92 844
92 995
92 1193
93 579
93 1266
93 1311
93 1391
94 195
94 1829
94 1866
94 1986
95 1149
96 195
96 314
96 1402
97 451
97 1167
97 1465
97 1675
98 252
98 411
99 1055
99 1083
99 1707
100 1045
100 1898
101 1053
101 1731
101 1744
102 230
102 471
102 947
102 1835
102 1936
103 1364
103 1390
104 789
104 1125
104 1557
104 1628
105 413
105 1269
106 246
106 741
106 1425
107 266
107 1633
107 1746
107 1832
108 201
108 1463
108 1568
109 607
110 1535
111 254
111 560
111 742
111 859
111 1132
111 1155
111 1730
112 830
112 1036
112 1217
112 1395
112 1844
113 281
113 963
113 1253
114 501
115 149
115 645
115 944
116 737
117 749
117 1112
117 1293
117 1846
118 608
118 647
118 727
118 1046
118 1627
118 1687
119 445
119 1326
120 481
120 1270
121 142
121 1050
121 1799
122 722
122 1324
122 1344
123 696
124 794
125 1344
126 548
126 702
126 1762
127 758
127 1750
128 431
128 569
128 893
128 1598
129 696
129 1118
129 1569
130 1890
131 1507
132 892
132 1798
132 1879
133 1301
133 1418
133 1878
134 589
134 629
134 734
135 1214
135 1712
136 389
136 497
136 1847
137 158
137 1504
138 813
139 1769
139 1848
140 187
140 270
140 930
140 1585
141 1823
142 179
142 200
142 1085
142 1493
142 1644
143 375
144 303
144 694
144 1101
144 1215
144 1792
145 1647
145 1722
146 225
146 787
146 860
146 1963
146 1982
147 316
147 467
147 636
147 804
148 364
148 550
148 903
148 1383
148 1742
148 1837
149 566
149 975
149 1450
150 1312
150 1815
151 577
151 965
151 1209
151 1904
152 551
152 625
152 711
152 1109
152 1226
152 1308
152 1820
153 1295
153 1329
153 1780
154 1077
154 1260
154 1897
155 158
155 235
155 1025
155 1269
155 1474
156 1227
157 175
157 292
157 305
157 657
157 907
157 1330
157 1873
158 459
158 628
158 780
159 390
159 621
159 1008
159 1097
159 1631
159 1858
160 344
160 942
160 1592
161 546
161 898
161 1693
161 1766
161 1894
162 1052
162 1508
163 362
164 1572
165 697
166 945
166 1009
167 256
167 601
167 1316
167 1349
167 1643
168 589
168 644
168 923
168 1400
169 587
169 1032
170 379
170 1087
171 196
171 692
172 1075
172 1471
172 1535
172 1603
173 812
173 1709
173 1775
174 220
174 729
174 1993
175 1153
175 1521
176 503
176 956
177 1005
177 1405
177 1561
178 735
178 992
178 1064
178 1399
178 1421
178 1988
179 207
179 338
179 479
179 648
179 1154
180 307
180 1731
181 448
181 1091
181 1558
181 1761
182 1345
182 1902
183 1180
183 1257
183 1780
183 1886
184 1276
184 1666
185 843
185 1030
185 1226
185 1333
186 1152
187 700
187 871
187 1517
188 642
188 1980
189 826
189 1053
190 268
190 1939
190 1989
191 769
192 1138
192 1217
192 1339
192 1834
193 434
193 826
193 1219
193 1276
194 754
194 1840
194 1869
194 1985
195 196
195 280
195 1228
196 372
196 665
196 930
196 1669
197 1064
198 658
198 1323
199 964
199 1651
200 477
200 1404
201 403
201 983
201 1456
201 1532
201 1807
202 289
202 547
202 705
202 1593
202 1617
203 539
204 247
204 352
204 1100
204 1700
204 1834
205 359
205 886
205 1064
206 368
206 729
206 799
206 1844
207 521
207 931
207 1519
208 399
208 1870
209 543
209 717
210 565
210 582
210 1238
210 1469
210 1908
211 377
211 380
211 748
211 1522
211 1720
212 443
212 1871
213 1530
215 283
215 1619
216 1938
217 1099
217 1507
218 761
218 1630
218 1704
219 268
219 823
219 1508
219 1751
219 1931
220 572
220 1815
221 266
221 353
221 1171
222 378
222 383
222 1410
222 1830
223 592
223 597
223 858
223 1033
223 1389
223 1405
223 1560
224 902
224 958
224 1216
224 1535
224 1841
224 1875
225 319
225 1470
225 1969
227 268
227 678
227 783
227 874
227 954
227 1856
228 1363
228 1435
229 553
229 1064
229 1507
230 349
230 1315
231 479
231 823
232 368
232 873
232 1730
234 647
234 923
234 1098
234 1656
234 1766
235 299
235 703
235 793
235 1094
235 1273
235 1512
235 1674
236 424
236 606
236 668
237 1351
237 1901
238 584
238 1169
238 1410
239 793
239 1041
239 1666
239 1984
240 465
240 564
240 1749
241 959
242 256
242 1766
244 1077
244 1240
245 791
245 1616
245 1990
246 623
246 639
246 1090
246 1230
246 1477
246 1614
247 1130
247 1362
247 1651
248 267
248 336
248 884
248 1864
248 1883
248 1948
249 408
249 1287
250 1319
250 1925
251 754
251 947
252 276
253 489
255 399
255 1203
256 707
256 825
256 1040
257 748
257 867
257 890
257 1349
258 744
258 1018
258 1047
258 1192
258 1247
258 1660
260 312
260 1023
260 1292
260 1867
260 1902
261 781
261 978
261 1634
262 323
262 390
262 1655
262 1987
263 401
263 1624
264 463
264 857
264 1248
265 547
265 1731
265 1858
266 1629
266 1777
266 1797
267 524
267 545
267 583
267 942
267 1111
268 429
268 638
268 1721
270 385
270 595
270 908
270 1322
270 1986
271 1717
272 1098
273 356
274 862
274 956
274 997
274 1371
274 1417
275 291
275 1886
276 603
276 1215
276 1727
276 1838
277 415
277 1724
278 698
278 1069
279 871
280 401
280 673
280 868
280 1727
281 1438
281 1697
281 1771
282 1091
282 1353
284 1018
284 1208
285 1141
285 1275
285 1508
286 291
286 534
286 1118
286 1438
286 1515
287 744
288 1867
289 1039
289 1634
290 371
290 878
290 1282
290 1519
291 1662
291 1793
292 1104
292 1706
293 485
293 1266
294 483
294 1569
294 1920
295 1720
296 494
296 732
297 1370
297 1634
298 1122
298 1924
299 454
299 1489
300 1967
300 1984
301 1830
302 362
303 307
303 429
303 819
303 1053
304 425
304 1067
304 1122
304 1481
305 311
305 511
305 1007
305 1479
306 909
306 915
306 1960
307 784
307 1032
308 566
308 596
308 1326
309 703
310 1343
310 1815
311 1440
311 1954
312 889
312 1098
312 1175
313 1491
313 1730
313 1731
313 1837
314 1815
315 1536
315 1629
316 1431
316 1845
317 338
317 1557
317 1757
318 447
318 1880
320 1049
320 1091
320 1597
320 1975
321 1162
321 1878
322 333
322 393
322 426
322 682
324 824
325 435
325 1130
325 1536
325 1601
326 377
326 445
326 930
326 1294
326 1958
327 735
327 944
327 1429
328 548
328 1079
328 1602
329 1255
330 765
330 775
330 842
330 1525
332 1838
333 925
333 1028
333 1750
333 1883
334 504
334 880
335 1523
336 981
337 863
337 1827
337 1840
338 1119
338 1186
338 1221
339 1138
339 1835
340 537
340 561
340 1362
340 1513
340 1624
340 1813
341 910
341 1690
342 1476
343 502
343 590
344 1264
344 1695
345 594
345 1191
345 1274
345 1313
345 1703
346 482
346 670
346 740
346 1416
346 1591
347 1588
349 936
349 1576
350 1012
350 1360
350 1672
351 659
351 1167
352 751
352 1145
353 1179
353 1815
354 1861
355 569
356 1019
356 1404
357 1976
358 1554
358 1971
359 605
359 796
359 919
359 1431
361 741
361 1101
362 879
362 932
362 1159
363 666
363 1297
363 1817
364 834
365 420
365 576
365 1216
366 631
366 1172
367 1111
367 1168
368 492
368 1910
368 1975
369 762
369 1285
370 415
370 791
370 1491
371 1429
371 1492
371 1717
371 1887
372 1822
374 1507
375 1184
375 1818
376 634
376 1771
376 1927
377 985
377 1285
378 834
378 1174
378 1566
380 1299
380 1555
380 1762
380 1963
381 905
381 1572
381 1593
382 1064
382 1604
383 938
383 947
383 1574
384 714
384 1335
384 1456
384 1525
385 1731
387 1207
388 1227
389 1295
390 581
390 960
391 786
391 1097
391 1311
393 1887
394 563
394 1027
394 1420
394 1844
395 627
395 676
395 700
395 1580
395 1706
396 1210
397 423
399 1354
400 473
401 630
401 924
402 576
402 589
402 671
403 428
404 637
404 779
404 890
404 981
405 716
406 1136
406 1539
407 623
407 1174
407 1342
408 1357
408 1677
409 617
409 857
409 1834
410 585
410 1669
410 1936
411 988
411 1081
411 1085
412 690
412 979
412 1103
412 1687
412 1811
413 446
413 545
413 1630
414 530
414 702
414 1784
414 1911
415 1288
415 1407
415 1705
415 1950
416 1018
418 1679
419 543
419 1538
420 1036
420 1171
420 1781
421 1637
422 1504
423 585
423 1712
423 1856
425 558
425 891
425 1655
426 560
426 1570
428 693
428 871
429 1888
430 849
430 1852
431 1370
432 1488
433 1296
433 1354
434 566
434 1669
435 771
435 1350
436 1162
436 1481
436 1674
437 1341
438 1348
438 1888
439 514
439 517
439 1090
439 1660
440 665
440 1460
441 563
441 642
442 683
442 1588
442 1605
443 596
443 787
443 1370
444 833
444 932
444 1879
445 1330
445 1355
445 1506
445 1916
446 1359
447 762
448 1667
448 1857
449 1222
449 1867
449 1920
450 644
450 1181
450 1508
451 616
451 662
451 729
451 1634
451 1752
451 1792
452 568
452 782
452 1270
453 1216
453 1642
454 731
454 864
454 888
454 1557
455 960
455 1734
455 1893
456 1586
456 1996
457 1176
459 622
459 980
459 1141
460 621
460 640
460 1012
460 1271
460 1384
461 632
461 1366
461 1905
464 1636
465 516
465 527
465 1246
465 1588
465 1608
465 1885
466 615
466 1384
467 791
467 1064
467 1628
467 1665
469 969
469 1647
470 553
470 1170
470 1381
470 1760
470 1941
471 1696
471 1861
472 1192
473 711
473 892
473 1385
474 1397
474 1642
475 838
475 1173
475 1602
476 837
476 921
477 850
477 867
477 1346
477 1546
478 710
478 1360
478 1367
478 1389
478 1767
479 506
480 489
480 1052
481 1250
483 986
483 1009
483 1602
484 1194
485 1575
486 1601
487 1994
488 1359
488 1596
490 634
490 1397
490 1608
491 1017
491 1380
492 743
492 1678
493 596
493 739
493 1369
493 1514
493 1729
493 1856
494 766
494 1473
495 763
495 1120
495 1289
496 1612
497 1358
497 1987
498 1683
498 1847
499 898
499 1743
500 1004
500 1459
500 1680
500 1954
501 1936
502 656
502 680
503 750
504 641
505 973
505 1383
506 1151
506 1823
507 633
507 764
507 1824
508 877
508 1940
509 1079
509 1508
511 1664
511 1890
511 1979
512 1202
512 1840
514 1625
515 795
515 819
515 1164
515 1403
516 922
516 1095
516 1262
516 1524
517 823
517 912
517 1910
518 1259
519 1478
520 1421
520 1560
521 1136
521 1531
522 546
522 605
522 1668
523 1463
523 1561
523 1978
524 536
524 1480
524 1846
525 617
525 1402
526 811
526 1027
527 1013
527 1963
528 587
528 1273
529 919
529 1137
530 767
530 1411
530 1565
531 1569
532 769
532 1401
533 616
534 641
534 896
534 1113
534 1934
536 1510
537 675
537 698
537 1004
537 1581
537 1942
538 1191
539 1880
540 958
541 795
542 1667
542 1668
543 938
543 1140
544 696
544 708
544 734
544 1748
545 756
545 848
545 991
545 1361
546 1145
546 1917
547 755
548 1100
548 1222
548 1855
549 1688
550 665
550 1009
551 644
551 790
551 1051
551 1464
551 1586
552 822
552 1153
552 1488
552 1704
552 1976
553 762
553 1914
555 710
555 1791
555 1922
556 1700
559 1699
560 1429
561 1031
561 1635
562 804
562 1128
562 1494
563 1526
563 1738
564 709
564 1089
564 1174
564 1560
565 661
566 723
566 825
567 741
569 801
570 1253
570 1299
570 1771
571 685
571 1169
571 1326
572 1530
573 1338
573 1749
574 898
575 1053
575 1100
575 1102
576 737
576 1291
576 1363
577 1125
577 1713
578 595
579 835
580 936
581 588
581 880
581 1832
582 1063
583 852
583 1292
583 1981
584 875
584 901
585 1292
585 1517
585 1740
585 1781
586 1245
586 1657
588 608
588 874
588 1349
588 1584
588 1605
588 1735
589 901
589 1878
590 1354
590 1380
591 982
591 1770
591 1796
592 1389
592 1428
592 1978
593 751
593 1406
593 1845
594 1140
596 1755
597 640
598 664
598 769
598 1168
599 938
599 971
599 1743
600 879
600 1212
601 758
601 1327
601 1373
601 1746
602 678
602 709
602 1487
602 1538
602 1610
602 1656
604 811
604 949
604 1901
604 1930
605 1055
605 1302
606 802
608 884
608 1089
608 1308
608 1485
608 1661
609 822
610 1127
611 952
612 1647
613 663
613 1093
613 1378
613 1653
613 1944
614 851
615 908
616 659
616 797
616 1486
617 636
617 1910
618 1544
619 957
620 930
620 1572
621 1059
621 1932
622 662
622 1264
622 1389
623 815
623 1464
624 1134
624 1465
625 831
626 924
626 1079
626 1542
626 1910
627 692
627 1992
628 1179
628 1327
628 1851
629 688
629 942
629 1285
630 1855
631 663
631 1625
632 1590
632 1944
633 888
635 1634
635 1696
636 1654
636 1839
637 771
637 1543
637 1962
638 1594
638 1877
639 835
639 1668
640 886
640 1459
643 1369
643 1519
643 1612
644 1742
645 1474
645 1552
646 835
647 1460
648 1437
649 1451
651 673
651 1126
652 1204
655 1848
656 895
656 902
656 1277
656 1559
658 1050
658 1155
660 1481
662 1076
662 1098
662 1348
662 1882
664 904
664 1250
664 1411
666 721
666 1364
666 1453
666 1525
667 751
667 969
667 1068
667 1769
667 1847
668 1354
668 1388
668 1470
668 1879
669 1025
669 1056
669 1568
669 1703
670 1559
670 1561
671 1287
671 1403
672 1504
672 1638
673 961
674 1750
675 770
675 815
675 1202
675 1612
675 1684
675 1953
677 1910
678 756
679 753
679 830
679 1271
679 1944
680 991
680 1526
680 1566
680 1670
680 1833
681 916
681 1802
682 1721
683 1172
683 1632
684 721
684 1333
684 1412
685 1723
686 1057
687 1878
688 698
688 1931
689 1223
689 1321
690 978
690 1235
690 1320
690 1326
691 1365
691 1518
691 1698
691 1715
691 1880
695 1583
696 1764
697 1704
698 1702
698 1949
699 1508
699 1704
700 1119
700 1345
700 1778
700 1937
701 1084
701 1613
701 1645
702 963
702 1007
702 1225
703 1628
703 1953
703 1998
705 791
705 1846
705 1901
705 1973
706 802
706 1480
708 918
708 1234
708 1803
709 766
709 1233
709 1399
710 920
710 976
710 1575
710 1827
711 1426
711 1510
711 1604
711 1610
711 1750
711 1914
713 1001
713 1044
713 1504
714 1604
715 914
715 951
716 1571
717 1832
717 1980
718 923
718 1012
718 1569
719 1620
720 1004
720 1011
720 1880
721 814
722 1801
723 746
725 1089
727 879
728 1297
729 1248
729 1564
730 1029
730 1158
730 1472
731 1131
731 1270
731 1919
732 1258
732 1737
733 953
733 1963
734 1095
735 995
735 1226
735 1554
736 1507
736 1589
736 1594
736 1629
737 1530
737 1777
737 1850
738 1292
739 1046
739 1237
739 1573
739 1634
739 1797
740 980
740 1207
740 1549
740 1897
741 878
742 1082
742 1136
742 1141
743 789
744 863
744 1508
744 1530
745 1857
745 1986
746 1015
747 1254
747 1705
748 1389
749 1353
750 1361
751 811
751 882
752 1071
752 1304
752 1505
752 1933
753 1055
753 1126
753 1644
753 1663
754 1392
755 929
755 1171
755 1378
756 1127
757 787
757 1512
757 1970
758 774
758 1416
758 1734
759 1641
760 972
760 1002
760 1735
761 987
761 1017
762 890
762 1679
762 1971
764 912
764 1480
764 1809
765 1376
766 789
766 795
766 802
766 1324
767 1010
767 1247
767 1858
769 1473
769 1836
770 927
770 1647
770 1835
771 966
771 1522
771 1532
773 1337
773 1688
774 1621
775 1137
776 847
778 1367
778 1492
778 1610
778 1804
779 1487
781 1587
781 1718
781 1869
782 948
782 1327
782 1376
782 1902
784 1313
784 1962
785 1240
786 1051
786 1173
786 1518
787 900
787 1970
788 853
788 1470
789 1605
789 1854
790 885
791 1730
792 1367
793 1329
794 864
794 1094
794 1799
794 1973
795 1148
796 837
798 824
798 1477
798 1797
799 963
799 1095
799 1156
799 1411
799 1701
800 923
800 1899
801 932
801 1241
801 1352
802 1653
802 1963
803 872
803 1130
804 1122
805 902
805 1286
805 1535
805 1845
808 1063
808 1776
809 1161
809 1725
809 1839
810 1199
810 1607
812 1621
813 1750
814 1424
815 1072
815 1344
815 1969
818 950
818 1187
819 926
819 1217
819 1831
820 1126
820 1461
820 1984
821 1720
822 1046
822 1631
822 1833
822 1957
824 1597
825 1161
825 1549
825 1968
826 1075
826 1791
827 1848
827 1859
830 1184
830 1626
831 901
832 893
832 1652
832 1656
833 1475
834 1325
835 989
836 958
836 1168
836 1737
836 1929
838 1356
839 1220
839 1587
839 1631
840 1178
840 1226
840 1581
840 1586
841 1515
841 1562
841 1817
841 1994
842 1792
846 1121
847 1113
847 1416
847 1467
848 1647
849 1532
850 1992
854 1054
854 1975
855 1389
855 1594
856 1052
856 1172
856 1373
856 1864
857 1448
857 1645
857 1708
857 1756
858 1140
858 1616
859 1566
860 1963
861 1639
862 945
862 1155
862 1923
863 1012
864 1686
865 1748
867 1724
867 1836
868 971
868 1456
868 1932
870 1857
873 1158
873 1168
873 1458
873 1824
873 1828
874 1129
875 935
875 1143
875 1499
876 1261
876 1677
876 1679
877 1487
879 978
879 1614
880 947
882 1232
882 1397
882 1557
882 1908
882 1962
883 1952
884 1178
884 1455
884 1474
884 1659
884 1707
885 1027
886 1664
887 1140
887 1548
888 1119
889 1005
889 1392
889 1851
891 1445
892 1116
892 1877
893 1773
895 1146
895 1799
896 1530
896 1684
896 1823
897 1158
898 1494
899 1260
900 1738
900 1949
901 1469
902 956
902 1476
902 1761
903 932
903 1069
904 986
905 1196
905 1315
906 1003
906 1438
906 1530
906 1904
907 1288
911 1716
911 1741
913 1195
913 1614
913 1985
914 952
915 920
916 1349
916 1662
917 1885
918 1129
918 1298
919 1407
919 1559
919 1840
920 1076
921 1126
923 1241
923 1307
924 954
924 1357
925 1155
925 1269
925 1336
926 1030
927 1204
928 1391
928 1705
928 1975
929 1640
931 960
931 1186
931 1381
931 1596
932 1504
932 1597
935 1590
935 1875
936 1006
936 1192
936 1798
937 1456
938 1038
938 1631
939 1198
939 1228
939 1860
940 1400
941 1471
941 1889
942 1394
942 1929
943 1681
944 1651
945 1281
945 1894
946 1965
947 1520
947 1545
948 1295
948 1359
949 1485
950 1112
950 1460
950 1532
951 1334
951 1420
952 1267
953 1619
955 1098
955 1718
956 1940
957 1462
957 1722
959 966
959 1405
959 1753
960 1860
961 1860
963 1198
964 1553
964 1658
964 1806
965 1137
965 1415
965 1447
965 1650
965 1725
965 1727
966 1457
966 1562
966 1730
967 1266
968 1005
968 1084
969 1665
969 1835
970 1187
970 1527
970 1910
973 1323
973 1797
974 1140
974 1152
974 1363
974 1691
974 1801
974 1866
975 1094
975 1469
975 1730
977 1265
978 1485
978 1640
978 1716
980 1650
981 1467
981 1802
982 1946
983 993
983 1649
983 1996
985 1435
985 1442
985 1640
986 1729
987 1668
987 1982
988 1687
988 1864
989 1112
989 1614
989 1830
990 1459
991 1780
992 1829
993 1003
996 1514
997 1805
998 1099
998 1370
998 1464
998 1465
999 1280
999 1746
999 1751
1001 1014
1001 1618
1001 1747
1002 1510
1002 1666
1003 1062
1004 1456
1005 1130
1005 1461
1007 1276
1007 1787
1008 1541
1009 1235
1009 1257
1009 1556
1009 1610
1012 1403
1012 1557
1013 1185
1013 1982
1014 1200
1014 1532
1014 1933
1015 1783
1017 1639
1019 1141
1019 1505
1020 1855
1021 1467
1023 1221
1023 1263
1024 1141
1024 1630
1025 1552
1025 1687
1027 1540
1027 1551
1027 1848
1028 1575
1028 1665
1029 1048
1030 1158
1030 1338
1030 1694
1031 1164
1031 1615
1032 1654
1032 1837
1033 1660
1034 1821
1034 1834
1035 1251
1036 1159
1036 1839
1039 1664
1040 1379
1042 1043
1042 1208
1042 1992
1043 1512
1043 1964
1044 1758
1045 1260
1045 1555
1046 1188
1046 1359
1046 1561
1047 1483
1048 1193
1049 1908
1050 1293
1050 1803
1051 1256
1052 1194
1053 1185
1053 1438
1054 1182
1055 1129
1055 1236
1055 1751
1058 1819
1059 1291
1060 1364
1060 1397
1060 1779
1061 1312
1061 1609
1062 1366
1064 1084
1064 1443
1064 1843
1064 1917
1065 1432
1066 1367
1066 1489
1067 1235
1067 1664
1068 1759
1070 1430
1070 1729
1071 1095
1073 1278
1076 1727
1077 1297
1077 1387
1078 1947
1079 1877
1081 1122
1081 1297
1081 1673
1082 1281
1084 1318
1084 1392
1084 1511
1084 1745
1085 1320
1085 1781
1086 1169
1086 1291
1086 1314
1087 1342
1087 1489
1088 1479
1090 1205
1090 1261
1091 1206
1091 1385
1092 1729
1093 1292
1093 1962
1093 1977
1094 1494
1094 1513
1094 1791
1095 1160
1096 1786
1097 1794
1097 1958
1098 1442
1099 1442
1100 1580
1100 1617
1100 1679
1102 1355
1102 1789
1103 1493
1103 1744
1104 1622
1104 1729
1107 1896
1108 1544
1109 1292
1110 1301
1110 1396
1110 1641
1112 1968
1113 1369
1113 1672
1114 1333
1114 1809
1114 1813
1115 1912
1116 1362
1116 1448
1117 1726
1120 1189
1121 1139
1121 1373
1121 1420
1123 1945
1125 1431
1125 1840
1126 1312
1126 1528
1127 1307
1128 1313
1128 1914
1129 1628
1130 1567
1130 1754
1133 1574
1135 1236
1135 1284
1137 1815
1137 1841
1138 1201
1138 1288
1138 1382
1139 1184
1139 1320
1139 1949
1140 1318
1140 1890
1141 1936
1141 1978
1142 1272
1143 1668
1143 1936
1146 1807
1147 1281
1147 1556
1148 1390
1148 1597
1150 1581
1150 1804
1153 1377
1153 1847
1153 1862
1155 1706
1156 1383
1156 1563
1157 1841
1158 1762
1159 1871
1160 1173
1160 1193
1160 1227
1160 1828
1162 1990
1163 1944
1165 1553
1167 1444
1168 1598
1170 1876
1172 1754
1172 1872
1173 1781
1173 1938
1175 1994
1176 1581
1176 1687
1177 1591
1177 1671
1177 1744
1178 1482
1178 1742
1178 1855
1180 1625
1180 1984
1181 1413
1181 1582
1182 1247
1183 1834
1184 1269
1184 1520
1187 1207
1187 1909
1188 1416
1188 1556
1188 1775
1189 1422
1189 1873
1190 1490
1190 1744
1191 1482
1191 1593
1191 1755
1191 1841
1192 1206
1192 1379
1192 1437
1193 1819
1195 1564
1195 1598
1195 1773
1195 1832
1195 1972
1195 1979
1196 1695
1196 1762
1197 1223
1197 1450
1197 1900
1197 1975
1198 1412
1199 1585
1200 1820
1201 1969
1202 1759
1202 1875
1203 1596
1203 1816
1205 1238
1206 1232
1207 1431
1208 1901
1209 1387
1211 1516
1212 1538
1212 1908
1213 1385
1214 1352
1214 1486
1215 1733
1215 1967
1216 1230
1219 1673
1219 1684
1219 1822
1221 1254
1223 1419
1223 1736
1223 1916
1224 1632
1224 1634
1224 1727
1228 1285
1229 1447
1231 1472
1231 1621
1231 1889
1231 1926
1233 1913
1233 1926
1234 1754
1235 1242
1235 1570
1235 1782
1236 1540
1237 1335
1237 1666
1237 1984
1245 1432
1247 1571
1247 1749
1248 1450
1250 1383
1251 1385
1252 1307
1253 1840
1254 1316
1255 1760
1257 1459
1257 1590
1257 1650
1258 1347
1258 1728
1258 1797
1259 1933
1260 1612
1260 1845
1261 1329
1263 1765
1265 1398
1265 1830
1266 1444
1267 1515
1268 1696
1270 1415
1270 1625
1271 1777
1272 1609
1272 1975
1273 1777
1274 1451
1277 1290
1277 1962
1278 1759
1278 1998
1279 1690
1281 1367
1281 1842
1282 1283
1282 1817
1283 1611
1285 1700
1285 1870
1286 1850
1286 1991
1287 1326
1287 1744
1289 1696
1291 1617
1292 1429
1293 1987
1294 1360
1294 1640
1294 1903
1296 1373
1298 1313
1299 1439
1299 1599
1301 1504
1301 1779
1302 1505
1302 1623
1302 1904
1304 1965
1305 1878
1307 1541
1307 1627
1307 1711
1308 1896
1309 1418
1310 1696
1310 1920
1311 1995
1312 1982
1313 1437
1317 1874
1317 1935
1319 1822
1323 1831
1323 1932
1325 1655
1325 1697
1325 1861
1326 1329
1326 1511
1326 1866
1326 1944
1327 1613
1328 1374
1328 1402
1328 1448
1330 1414
1330 1943
1331 1750
1333 1739
1333 1870
1333 1897
1333 1999
1334 1831
1335 1722
1337 1700
1338 1725
1339 1533
1339 1864
1340 1932
1342 1364
1343 1408
1345 1628
1346 1824
1351 1537
1351 1552
1351 1564
1351 1690
1351 1885
1352 1611
1353 1427
1354 1611
1354 1813
1354 1826
1355 1846
1356 1416
1356 1766
1357 1513
1357 1898
1359 1363
1360 1413
1365 1381
1366 1532
1368 1813
1370 1987
1372 1660
1374 1738
1374 1755
1374 1800
1376 1572
1377 1544
1378 1412
1379 1545
1380 1412
1382 1664
1382 1865
1383 1966
1384 1385
1384 1902
1385 1435
1386 1736
1389 1400
1389 1742
1390 1510
1392 1752
1393 1585
1393 1634
1394 1438
1396 1992
1397 1649
1399 1751
1400 1677
1401 1898
1402 1537
1402 1713
1402 1849
1404 1841
1405 1716
1406 1409
1406 1792
1407 1745
1408 1716
1413 1820
1415 1895
1416 1526
1416 1639
1417 1774
1418 1857
1420 1866
1421 1797
1423 1517
1423 1710
1424 1557
1424 1572
1424 1763
1425 1818
1426 1452
1426 1897
1426 1921
1428 1530
1428 1783
1428 1974
1429 1799
1431 1798
1435 1489
1435 1991
1442 1521
1445 1457
1445 1765
1445 1861
1446 1804
1446 1905
1448 1494
1448 1750
1451 1990
1452 1651
1452 1655
1456 1831
1457 1692
1458 1615
1458 1729
1459 1639
1459 1809
1460 1464
1461 1979
1463 1663
1463 1688
1465 1649
1465 1936
1468 1960
1470 1664
1470 1785
1471 1532
1471 1939
1473 1844
1474 1657
1476 1505
1476 1549
1477 1667
1478 1902
1479 1784
1483 1815
1485 1522
1485 1977
1487 1546
1487 1747
1493 1852
1495 1945
1496 1671
1496 1949
1496 1986
1497 1785
1498 1549
1498 1632
1501 1511
1501 1551
1504 1620
1506 1828
1508 1511
1508 1717
1508 1792
1509 1836
1510 1579
1512 1897
1512 1921
1514 1690
1516 1596
1517 1950
1523 1602
1523 1724
1523 1814
1524 1913
1524 1980
1527 1641
1528 1589
1535 1709
1535 1789
1538 1596
1538 1713
1538 1927
1540 1694
1541 1938
1545 1677
1546 1554
1546 1636
1546 1752
1546 1935
1547 1760
1551 1905
1555 1783
1559 1840
1560 1764
1563 1811
1567 1843
1568 1669
1569 1857
1570 1638
1570 1978
1572 1688
1577 1594
1577 1777
1578 1758
1578 1948
1579 1601
1579 1697
1579 1702
1579 1730
1579 1768
1580 1821
1582 1615
1583 1916
1584 1717
1586 1805
1586 1810
1586 1988
1587 1852
1588 1626
1588 1701
1589 1865
1590 1609
1590 1641
1592 1984
1593 1637
1594 1712
1597 1712
1597 1758
1600 1606
1600 1934
1601 1727
1604 1647
1604 1849
1610 1876
1613 1745
1616 1721
1618 1801
1620 1723
1626 1926
1626 1978
1629 1808
1629 1946
1630 1633
1636 1756
1636 1937
1638 1655
1638 1771
1638 1823
1641 1873
1644 1790
1644 1814
1649 1745
1652 1949
1653 1769
1655 1869
1658 1731
1662 1720
1663 1720
1663 1959
1664 1826
1665 1725
1667 1830
1668 1714
1669 1932
1669 1949
1671 1980
1675 1961
1676 1996
1681 1969
1684 1899
1686 1893
1689 1806
1692 1932
1696 1906
1697 1816
1697 1819
1701 1704
1701 1758
1702 1706
1707 1850
1714 1926
1716 1926
1716 1958
1718 1938
1725 1877
1726 1806
1726 1927
1727 1980
1728 1875
1732 1898
1737 1980
1742 1770
1747 1997
1751 1864
1752 1825
1756 1981
1759 1803
1759 1962
1762 1914
1766 1835
1769 1960
1775 1885
1779 1966
1781 1956
1787 1936
1790 1970
1796 1957
1799 1866
1800 1958
1803 1884
1809 1858
1811 1834
1811 1854
1813 1876
1815 1918
1815 1999
1818 1821
1821 1954
1828 1846
1828 1990
1830 1877
1830 1893
1843 1862
1847 1876
1848 1987
1852 1904
1859 1872
1864 1993
1873 1996
1878 1893
1879 1987
1901 1908
1902 1977
1922 1924
1936 1947
