2000 2879
39
78
98
67
40
71
18
58
5
63
14
30
16
26
31
2
7
50
16
31
55
96
85
54
55
41
88
78
25
51
41
74
42
42
16
80
76
39
38
93
11
59
31
25
12
25
14
34
29
14
51
60
45
68
4
93
10
56
44
86
2
23
65
82
53
35
21
89
44
53
71
15
93
33
22
63
93
30
64
53
21
74
27
36
1
15
82
76
19
54
75
91
90
4
4
69
75
90
78
74
61
65
33
97
20
68
44
36
32
35
71
18
2
43
95
68
84
50
57
2
8
71
62
5
52
32
91
57
11
89
26
4
46
54
21
93
64
23
16
33
16
59
87
65
1
32
71
7
80
3
22
95
10
89
28
71
95
29
71
4
29
80
16
36
76
62
17
59
18
5
19
26
54
98
75
93
37
28
68
85
82
58
39
56
99
69
60
70
98
57
79
42
36
55
74
10
30
55
100
15
48
59
8
35
3
96
97
97
48
16
4
32
54
38
67
34
51
79
31
19
95
22
83
11
41
74
95
68
21
52
20
18
54
38
6
25
93
33
71
27
22
28
19
1
22
89
68
46
57
93
45
85
70
57
49
21
94
33
10
28
78
30
81
92
40
18
59
12
4
91
66
30
37
35
38
22
21
72
19
31
14
57
58
86
24
18
15
12
8
28
74
1
3
27
42
1
94
78
44
8
22
24
90
82
32
71
34
23
100
77
62
71
7
47
55
45
3
68
63
4
19
39
70
44
73
44
27
62
8
1
37
30
30
76
8
71
39
2
48
9
12
68
8
35
72
31
23
10
29
56
34
41
38
51
94
64
25
9
59
63
51
28
30
45
92
47
68
17
7
30
77
18
55
61
2
30
45
16
69
74
32
14
13
83
44
18
60
47
85
21
84
8
94
9
55
38
38
93
26
1
84
100
13
53
75
89
95
69
98
20
16
89
13
82
85
7
42
22
53
47
31
35
97
97
92
60
20
45
47
42
100
20
1
91
19
12
20
27
97
90
32
25
33
38
65
9
12
90
53
52
40
90
100
20
79
97
71
53
48
99
40
75
77
28
100
30
61
25
39
20
80
6
55
74
50
45
56
66
62
53
50
43
45
11
12
2
16
97
46
16
12
85
52
74
52
83
21
43
4
23
52
89
73
70
28
78
15
19
56
64
97
31
93
60
92
45
84
26
59
69
81
62
62
17
52
96
87
99
96
69
73
67
61
9
74
12
44
47
54
45
79
13
44
93
93
55
11
40
59
60
16
7
25
76
36
74
13
88
56
33
51
42
53
44
97
80
37
83
10
77
33
88
1
61
65
65
30
61
13
36
9
95
6
88
23
14
84
96
58
67
65
37
73
10
15
28
49
20
98
86
32
74
51
39
30
51
53
48
45
58
30
90
69
1
58
44
11
39
51
47
41
54
32
33
92
18
41
56
97
82
62
20
90
50
98
27
41
64
19
18
46
11
43
61
92
55
73
69
80
20
63
31
5
14
81
42
90
72
20
94
73
67
50
50
84
85
15
24
84
45
1
83
13
64
12
45
65
30
34
99
89
79
35
9
17
35
50
59
40
38
91
72
85
8
91
47
77
29
100
93
28
86
92
73
16
43
32
86
94
46
74
41
24
67
33
99
42
76
57
99
37
81
37
54
83
96
80
67
67
7
1
73
12
59
59
41
81
75
46
36
62
69
21
24
35
67
3
36
83
86
50
23
33
12
89
15
32
43
13
98
100
42
76
10
70
21
1
34
59
11
34
1
86
87
88
36
15
69
99
13
25
65
13
31
4
87
98
27
79
78
37
42
99
60
19
99
79
64
89
68
58
90
64
9
38
13
63
54
82
52
77
73
31
63
44
42
42
42
27
44
67
15
29
26
35
97
85
24
57
94
79
80
52
57
57
39
31
58
76
92
49
28
78
43
70
73
54
21
81
24
67
36
78
92
23
49
57
82
93
49
23
26
63
55
94
57
77
41
54
50
92
90
77
13
14
37
4
6
22
48
96
17
5
56
15
53
35
43
35
46
83
1
92
3
3
92
79
3
96
3
96
35
31
9
33
58
37
99
51
47
74
75
91
34
11
87
40
87
57
5
52
89
9
57
42
49
72
21
52
95
54
12
73
97
10
67
30
43
86
43
83
65
91
14
36
72
97
76
22
69
62
59
66
59
100
81
84
17
12
59
81
40
34
59
28
31
61
76
1
86
32
94
32
5
22
60
40
11
82
61
2
49
63
4
80
54
84
2
2
62
92
23
92
66
69
12
95
32
54
14
21
80
39
79
1
11
35
29
34
64
100
23
61
23
21
18
13
30
95
67
74
98
40
10
13
88
91
36
36
78
16
92
7
55
46
71
75
5
51
7
8
3
62
19
15
81
93
7
92
78
61
97
31
4
95
97
100
97
78
37
80
38
39
90
1
75
78
74
68
44
1
72
27
79
49
82
16
37
33
50
55
67
80
94
6
5
2
63
66
7
25
90
2
62
59
68
70
8
75
46
92
21
33
53
68
29
32
49
3
85
80
97
28
9
43
72
41
66
40
100
48
39
26
6
7
24
42
99
32
75
43
12
81
57
79
51
19
32
53
97
64
60
92
46
85
14
42
2
23
58
52
53
39
91
62
31
28
4
67
83
81
16
69
81
31
24
77
22
11
93
28
76
100
52
47
31
92
98
73
50
45
73
96
96
33
32
1
95
74
82
19
40
43
10
84
22
94
17
32
29
58
23
22
93
99
39
1
24
45
5
93
90
44
32
59
42
24
20
34
71
75
44
25
77
11
20
42
1
29
73
71
51
14
87
63
32
73
10
24
39
65
16
16
47
51
7
9
65
17
8
3
12
64
43
1
18
38
72
45
34
33
76
90
3
99
66
12
77
77
17
58
20
62
81
44
95
15
56
38
29
60
68
10
74
46
61
74
93
87
35
54
97
84
66
11
72
68
19
55
83
18
8
64
91
63
12
9
30
32
75
32
2
74
27
80
77
64
91
61
57
47
19
25
14
31
26
47
16
10
71
79
100
26
47
36
74
40
84
15
91
21
38
49
61
91
6
84
62
90
70
60
56
16
90
48
52
57
52
33
38
30
38
12
87
18
27
22
67
61
16
28
16
3
21
23
5
29
87
33
36
60
11
28
4
48
61
49
4
32
56
76
40
66
40
28
2
81
45
27
88
52
52
39
70
23
3
97
83
35
46
46
43
74
12
30
52
5
4
95
6
82
8
60
65
70
40
41
16
8
23
3
42
73
68
73
43
25
82
41
87
17
75
12
82
82
6
27
21
87
15
44
48
73
15
61
58
97
92
21
80
86
95
76
99
5
98
96
58
42
77
27
90
11
85
80
36
73
90
61
60
79
21
89
80
69
10
23
75
16
45
31
10
58
35
72
39
98
33
92
35
18
1
10
44
8
93
47
80
33
96
39
44
20
73
53
55
1
77
22
74
41
76
81
47
99
22
31
16
87
97
2
47
76
83
66
24
35
66
23
46
91
45
98
97
99
58
42
58
47
59
82
23
47
79
53
23
71
60
19
50
58
40
36
99
67
64
2
100
36
66
51
81
71
39
46
40
94
58
20
73
51
96
6
3
52
37
9
10
79
44
65
19
39
47
27
88
100
30
30
76
10
88
48
2
29
59
39
44
47
5
35
17
73
93
12
29
66
91
77
76
31
92
66
86
45
90
40
72
57
98
96
31
63
74
17
79
69
27
9
26
12
10
74
88
15
8
59
4
42
94
54
46
52
32
18
31
21
75
22
99
86
26
97
81
8
64
46
11
88
18
10
93
69
47
63
99
64
14
61
37
87
86
45
89
98
2
84
23
81
17
84
20
17
22
19
13
30
25
15
16
64
57
70
21
77
84
61
98
75
80
16
78
6
85
21
78
60
55
8
37
33
50
20
29
91
49
20
75
33
22
47
58
61
19
61
51
48
29
23
83
63
47
9
61
36
14
10
38
55
19
92
71
43
60
47
67
37
14
49
21
79
26
8
12
15
30
60
26
95
2
26
47
6
90
66
76
55
22
38
21
75
75
69
60
35
32
95
99
57
83
24
5
8
3
59
60
11
89
9
62
9
5
72
16
96
75
56
76
47
72
65
46
73
52
97
49
32
8
49
91
89
45
95
29
43
48
11
88
59
72
63
58
34
81
10
27
47
72
55
75
67
37
45
67
25
59
93
44
14
5
75
26
4
72
53
41
6
76
29
93
55
85
72
60
20
49
100
79
74
66
5
21
62
61
26
55
84
94
56
10
52
69
73
53
29
84
44
19
22
3
84
25
18
73
15
29
94
77
16
42
60
50
97
36
88
39
36
29
70
67
83
37
92
15
40
62
45
86
72
1
75
26
49
92
38
18
15
14
90
32
51
56
92
97
97
28
41
19
55
54
12
20
87
68
74
42
52
39
50
21
80
62
82
98
99
1
76
11
100
21
80
79
35
8
6
14
4
41
64
43
49
46
17
73
58
30
77
50
80
5
51
53
15
2
23
5
20
23
84
36
46
3
87
9
6
23
22
48
68
30
0 1022
0 1378
1 218
1 548
1 1637
1 1775
2 152
2 750
2 1421
2 1908
3 104
3 181
3 1782
3 1899
3 1906
4 452
4 660
4 866
4 1680
4 1870
4 1998
5 685
5 1671
5 1734
7 687
7 713
7 968
7 1031
7 1187
7 1444
8 347
8 906
8 1008
8 1761
9 358
9 604
9 1273
10 78
10 274
10 558
10 689
11 842
11 946
13 546
13 631
13 1285
14 1848
15 492
16 75
16 859
16 1391
16 1590
17 703
17 1631
18 512
18 807
19 576
19 1243
19 1684
19 1715
19 1936
20 52
20 162
20 570
20 863
20 1692
22 210
22 461
23 648
23 911
23 1393
23 1855
24 87
24 393
24 1374
24 1727
25 478
25 503
26 31
26 1598
26 1880
27 1010
27 1211
27 1268
27 1479
28 530
28 1058
28 1364
29 110
29 439
29 576
29 829
30 1085
30 1150
31 1272
32 656
34 1539
35 696
35 1005
35 1245
35 1387
35 1845
37 331
37 689
37 884
38 1076
39 1473
39 1960
40 1618
41 630
41 1149
41 1187
41 1825
42 588
42 1403
42 1594
43 261
43 1031
43 1098
44 834
44 993
44 1391
44 1657
45 1400
45 1562
46 134
46 256
46 499
46 623
46 1672
47 516
47 703
47 806
47 1549
47 1671
49 1567
49 1997
50 346
50 559
51 83
51 836
51 856
51 1848
51 1888
52 1355
53 1192
53 1374
53 1647
53 1682
54 984
54 1265
55 165
55 570
55 1022
56 591
56 605
56 627
56 1557
57 640
57 826
57 1166
57 1481
57 1510
58 503
58 1037
58 1404
58 1630
58 1827
59 370
59 671
59 1747
60 271
60 981
60 1186
60 1829
61 1537
61 1563
62 424
62 1153
62 1183
62 1629
62 1904
63 1300
65 154
65 489
65 537
65 643
65 672
65 1011
66 1209
67 481
67 1092
67 1846
68 247
68 259
68 264
68 952
69 538
69 546
70 723
70 848
70 1205
70 1276
70 1748
71 242
71 860
71 1187
72 1681
72 1750
73 1209
73 1437
74 733
75 598
75 1196
75 1893
76 474
76 1218
77 1024
77 1599
77 1716
77 1734
79 957
79 962
79 1197
79 1856
79 1927
80 1507
80 1591
81 1299
81 1459
81 1558
81 1928
82 1842
83 91
83 379
83 856
83 1921
83 1949
84 618
84 724
85 1238
85 1776
85 1824
86 974
86 1230
87 123
87 1213
87 1849
88 1201
88 1253
88 1405
88 1809
88 1912
89 603
89 765
89 1078
90 667
90 965
90 1742
92 99
92 288
92 419
92 920
92 978
92 1493
92 1961
93 497
93 760
93 1059
93 1192
93 1949
94 193
94 1724
95 1578
95 1780
96 159
96 305
96 1542
96 1943
97 718
97 757
97 1347
97 1458
97 1827
98 1424
98 1637
99 1224
99 1247
99 1335
100 1408
101 711
101 970
101 1641
102 1535
103 143
103 373
103 438
103 1502
105 1099
105 1846
105 1861
106 834
106 844
106 863
106 1215
106 1967
107 588
107 789
107 925
107 1887
108 466
108 726
108 781
108 1424
109 656
110 214
110 1578
110 1747
110 1761
110 1819
111 1452
111 1526
112 331
112 418
112 545
112 1131
113 627
113 797
115 991
115 1073
116 134
116 208
116 425
116 658
116 1369
116 1885
117 294
117 591
117 839
118 901
118 1598
119 565
119 911
119 1284
119 1522
119 1680
121 1412
122 1169
123 326
123 1720
124 444
124 605
124 1373
124 1569
125 645
125 738
125 1009
125 1705
125 1759
126 1122
127 438
127 1085
127 1215
127 1379
128 484
128 810
128 1210
130 971
130 1637
130 1653
130 1889
131 615
131 913
132 646
132 1246
133 814
133 1099
133 1926
134 544
135 196
135 1136
136 255
136 428
136 799
136 1539
137 369
137 384
137 513
138 1345
139 727
140 269
140 499
140 1072
140 1670
140 1849
141 1036
142 906
142 1084
142 1138
142 1735
143 1100
143 1581
145 211
145 1743
146 152
146 661
146 1697
146 1958
147 1571
148 902
148 922
148 924
149 992
149 1510
149 1865
150 571
150 1038
151 617
151 873
151 1060
151 1131
151 1871
152 187
152 891
153 257
153 1487
154 1335
156 573
156 828
157 585
157 760
158 1062
158 1099
158 1219
158 1472
158 1646
159 500
159 869
160 800
160 909
160 1525
160 1863
160 1966
161 694
161 1199
161 1367
161 1674
162 258
162 1673
162 1728
163 496
163 698
163 853
163 1399
164 271
165 1798
165 1828
166 1203
166 1989
167 1237
168 1798
169 1239
169 1389
169 1751
169 1838
169 1909
170 866
170 1087
170 1189
171 703
172 1609
173 400
173 750
173 1961
174 1181
174 1682
174 1832
175 436
175 1141
175 1236
175 1317
176 683
176 1380
177 599
177 1096
177 1309
178 359
178 1755
179 600
179 1399
179 1484
180 620
180 1600
180 1683
180 1795
181 586
181 910
181 1153
182 701
182 767
182 1010
182 1861
183 570
183 608
183 740
183 1234
183 1521
183 1532
183 1930
184 970
184 1914
185 334
185 531
186 1336
187 344
187 372
187 1116
187 1332
187 1466
187 1551
189 1151
189 1392
189 1835
190 339
190 1633
191 744
192 675
192 1637
193 797
194 396
195 1760
197 1153
197 1893
199 305
199 308
199 478
199 1582
201 455
202 524
202 1435
203 913
203 1030
203 1214
203 1772
204 311
204 1841
204 1889
205 215
205 1052
205 1572
205 1638
205 1886
206 1347
206 1574
208 330
208 409
208 1663
210 456
210 1462
210 1470
211 818
211 1224
212 702
212 990
212 1511
213 322
214 789
214 1155
214 1670
215 597
215 1857
216 453
216 1123
216 1452
216 1718
217 804
217 969
217 1400
217 1536
218 1199
219 589
219 597
219 1619
220 869
221 1304
222 881
222 1334
223 461
223 552
223 1740
224 638
224 1539
225 1941
226 343
226 1311
226 1423
227 1421
228 694
228 1799
229 553
229 661
229 1116
229 1188
229 1275
229 1790
229 1866
229 1935
230 795
230 1225
230 1394
231 459
231 562
231 671
231 1015
231 1547
232 1375
232 1585
232 1842
233 452
233 505
233 1628
234 253
234 919
234 1357
235 560
235 986
236 635
236 1070
237 327
237 590
237 1256
237 1357
238 280
238 328
238 498
238 1922
238 1932
239 280
239 1374
240 1214
240 1569
241 772
241 1360
241 1612
242 1732
242 1835
242 1838
243 358
243 655
243 1118
243 1360
243 1797
244 964
244 1109
245 811
245 1000
245 1497
246 323
246 1014
246 1207
247 573
247 1273
247 1995
248 378
248 1028
250 815
250 1723
251 424
251 516
251 542
251 954
251 987
252 1201
252 1577
252 1679
253 331
253 751
254 1710
254 1816
255 503
256 618
256 1671
257 1368
257 1791
257 1905
258 859
259 410
259 967
259 1281
259 1669
261 724
261 831
262 760
262 881
262 1129
262 1298
262 1621
263 1502
263 1959
264 1476
264 1819
265 708
265 1136
265 1216
266 694
266 1862
267 419
267 800
267 1034
269 1011
269 1373
270 713
270 1462
270 1928
271 302
271 1518
271 1813
272 827
272 1429
272 1870
274 818
274 828
274 953
275 311
275 657
275 1286
275 1289
275 1578
276 820
276 1264
276 1775
277 740
277 1288
277 1359
278 589
278 1127
278 1140
280 1694
280 1873
281 348
281 1048
282 647
282 1016
282 1501
283 509
283 1426
284 471
284 1266
284 1533
284 1631
285 578
285 823
286 1580
287 510
287 582
287 585
287 1110
288 631
288 1424
288 1588
289 1826
290 1302
290 1582
290 1947
291 601
291 1168
291 1505
291 1992
292 1040
292 1781
292 1926
293 501
294 701
294 1211
296 1300
296 1464
296 1981
297 421
297 435
298 1552
300 687
300 915
300 1390
300 1573
300 1580
300 1620
300 1908
301 582
302 890
302 1146
303 1048
303 1468
303 1816
305 1016
305 1604
306 468
306 668
306 1239
307 357
307 654
307 1211
308 435
308 654
308 720
308 1785
309 1599
309 1840
309 1991
310 392
310 817
310 1567
311 1351
312 1220
312 1558
313 1038
313 1737
313 1987
314 1154
315 1368
316 768
316 907
316 1278
316 1612
316 1680
317 968
317 975
317 1865
318 687
318 696
318 794
318 876
319 1564
320 1368
321 1093
321 1679
321 1866
322 1489
322 1710
323 681
323 1404
323 1764
323 1818
324 1133
325 372
325 862
325 919
325 1312
326 757
326 1191
326 1318
326 1832
327 759
329 361
329 1188
330 381
330 668
330 844
331 777
331 1480
331 1938
333 391
333 953
333 967
333 1083
333 1276
333 1436
333 1590
333 1761
334 690
335 388
335 510
335 698
335 941
335 1035
335 1526
336 882
336 1213
336 1277
336 1469
336 1756
336 1970
337 926
338 503
338 724
338 834
338 855
338 893
338 1305
338 1351
338 1525
338 1652
338 1663
339 1523
339 1643
340 815
341 375
341 414
341 707
341 1213
342 710
342 832
342 1210
342 1760
342 1892
343 839
343 1090
343 1820
344 1290
345 1655
345 1897
346 1007
346 1561
346 1646
347 911
347 1011
347 1867
348 692
349 500
349 561
349 997
349 1399
349 1723
350 799
350 1081
350 1518
350 1667
352 1420
353 538
353 1156
353 1358
353 1979
354 384
354 1489
354 1761
355 1564
356 1717
357 484
357 1345
357 1391
357 1778
358 756
358 889
358 1221
358 1347
358 1651
358 1684
359 481
359 913
359 1483
359 1780
360 1031
360 1812
361 987
361 1771
361 1951
363 822
363 847
363 1961
364 1420
365 956
365 1056
365 1092
366 1435
366 1518
367 1356
368 541
368 1727
369 423
369 872
370 495
370 808
370 819
370 1641
370 1674
370 1703
370 1784
371 762
371 1054
371 1367
373 465
373 716
373 1547
373 1620
373 1768
373 1836
374 537
374 1404
374 1729
375 901
375 1068
375 1171
376 1309
376 1490
377 504
377 751
377 1313
377 1547
378 1047
378 1479
378 1842
378 1905
378 1927
379 870
379 1070
379 1246
379 1354
380 800
381 1266
383 678
383 923
383 1240
383 1334
384 596
384 777
385 435
385 774
385 788
385 1144
386 787
387 939
388 1010
389 1252
389 1400
390 963
390 1780
391 760
391 952
391 1292
391 1682
392 560
392 1258
392 1629
392 1741
394 519
395 657
395 960
396 871
396 1249
396 1348
396 1383
397 644
397 751
397 1179
397 1823
399 474
399 1181
399 1185
399 1760
399 1786
400 483
400 635
401 633
401 643
401 1671
402 441
402 835
402 1222
403 1938
404 905
405 479
405 723
405 928
405 1482
405 1620
405 1688
406 509
406 564
406 1004
406 1560
407 1223
407 1446
407 1624
407 1842
408 974
409 806
409 1094
409 1757
410 778
410 997
410 1099
410 1972
411 588
411 1216
411 1982
412 771
412 1215
412 1969
413 991
413 1790
413 1974
414 524
414 749
414 869
414 995
415 1594
415 1944
417 469
417 1355
418 494
418 527
418 1147
418 1174
418 1697
419 587
420 1606
421 1625
421 1948
421 1987
422 1508
423 1089
423 1536
423 1852
423 1951
424 704
424 1433
424 1973
425 817
426 883
426 1321
426 1401
428 523
428 1815
429 459
429 1229
430 541
430 880
430 1272
430 1859
431 1419
432 629
432 744
432 1310
432 1490
433 1670
433 1769
433 1898
434 913
435 612
435 695
437 736
438 444
438 462
438 776
439 1201
439 1523
440 979
440 1738
441 634
441 1260
442 1136
443 1396
443 1982
444 470
446 1481
446 1749
447 1107
447 1169
447 1516
448 777
449 615
449 977
449 1096
450 997
450 1204
450 1639
451 1348
452 690
453 465
453 957
453 1902
454 859
454 1515
455 1504
455 1612
456 1760
458 606
458 1037
458 1135
458 1301
459 983
459 1025
460 1552
461 771
461 1008
461 1295
461 1540
461 1807
462 611
462 1496
463 1657
463 1724
466 655
466 1177
466 1182
466 1530
466 1884
466 1929
467 1384
467 1430
467 1717
468 531
468 577
468 1497
469 1181
469 1589
469 1727
469 1896
470 797
470 998
471 975
471 1253
471 1528
471 1648
472 818
472 1826
473 1176
473 1941
474 518
474 1209
474 1746
475 915
476 1133
478 562
478 805
478 1009
479 846
480 1204
480 1279
481 692
481 906
482 504
482 1313
482 1441
482 1569
482 1830
483 1103
483 1523
483 1609
483 1916
484 1522
485 595
485 699
485 1648
485 1778
485 1928
486 1641
486 1904
487 489
487 989
487 1462
488 1539
488 1964
489 514
489 1423
489 1596
489 1958
490 706
490 709
490 790
491 1016
492 842
492 1885
493 551
493 576
493 733
493 912
494 1246
494 1356
494 1858
496 1716
497 1851
498 1397
499 546
499 1671
500 683
500 928
500 1455
500 1485
500 1564
500 1703
501 607
501 671
501 1079
501 1701
501 1967
502 560
502 991
504 1367
505 563
505 1178
506 577
506 1379
507 840
507 1397
508 1556
509 561
509 741
509 1753
509 1969
510 512
510 529
511 1285
511 1397
511 1476
512 663
512 1107
513 543
513 756
513 773
514 1005
514 1972
515 559
515 1145
515 1229
515 1801
516 1139
516 1266
516 1366
517 1403
517 1748
518 636
518 949
518 1350
519 634
519 830
519 886
519 1094
519 1120
520 1296
520 1458
522 1613
523 1043
523 1550
525 1286
526 725
527 901
527 922
527 1070
527 1491
528 700
529 630
529 707
530 552
530 839
530 920
531 803
531 1700
532 1113
532 1212
532 1640
532 1700
533 1431
533 1532
534 1139
536 1159
536 1661
537 1015
539 1081
539 1295
540 1250
540 1350
540 1551
540 1552
541 900
543 908
544 1525
544 1595
544 1981
545 1489
546 976
546 1282
546 1337
546 1527
546 1674
547 655
547 941
548 1537
548 1747
549 702
549 1307
549 1722
550 774
550 991
551 1612
551 1821
551 1928
552 793
552 921
553 1179
553 1918
554 658
554 924
554 1000
555 684
555 810
555 1951
556 621
556 768
556 1430
557 1233
557 1260
557 1655
557 1706
558 810
558 1728
558 1852
558 1861
559 890
559 1680
559 1905
560 808
560 1017
560 1319
560 1535
560 1883
563 1121
563 1278
566 1175
566 1637
567 1589
567 1737
568 599
568 671
568 693
568 1302
568 1432
568 1735
569 793
569 1204
569 1794
569 1910
570 1403
570 1586
570 1943
570 1965
571 912
571 1241
571 1392
572 696
572 1494
573 1430
574 1392
574 1417
574 1876
575 1188
575 1535
575 1978
576 623
576 883
578 899
578 1751
578 1867
579 906
580 1297
580 1321
580 1367
582 1183
582 1616
583 1265
584 1407
584 1536
585 800
585 853
585 1061
586 1911
587 952
588 896
588 1293
588 1602
589 1095
590 855
590 863
590 1705
591 1493
592 1776
592 1944
592 1949
593 1560
594 1305
595 1330
596 1008
596 1110
596 1543
596 1564
596 1718
596 1917
597 913
597 1233
597 1716
598 745
598 1762
598 1849
598 1866
599 993
599 1069
599 1954
600 627
601 1020
601 1780
602 838
602 1223
603 653
603 1712
603 1854
604 1100
604 1520
604 1999
605 1025
605 1537
606 1126
606 1236
607 865
608 686
608 1393
610 1141
610 1637
610 1747
610 1814
611 1669
612 839
612 1500
613 1379
614 1364
614 1624
615 961
615 1212
616 639
616 1330
616 1966
617 648
617 683
617 986
617 1344
619 1735
620 1040
621 997
621 1034
621 1119
621 1304
622 1350
623 1068
623 1444
623 1755
627 1202
627 1777
628 805
628 979
629 1089
629 1292
630 1382
630 1513
632 1224
633 720
634 1607
634 1838
635 667
635 1011
635 1184
635 1644
635 1745
636 1375
637 1463
638 1361
638 1689
639 949
639 1086
641 1299
641 1886
642 655
643 1101
643 1485
643 1568
643 1853
644 1482
644 1797
646 885
646 1308
646 1431
647 1891
648 1178
649 1954
650 1748
651 1016
651 1664
652 1352
652 1362
653 1896
654 1818
655 1096
655 1723
655 1801
655 1966
656 1021
656 1752
656 1790
658 1592
658 1664
659 1792
659 1847
660 1400
660 1602
660 1700
662 1195
662 1755
663 701
664 774
664 1413
664 1565
665 765
665 1116
665 1459
665 1536
665 1558
665 1743
666 847
666 1193
666 1720
667 1130
667 1351
668 917
669 673
669 1298
669 1572
669 1869
670 737
670 751
670 1193
670 1254
671 1373
671 1984
672 784
674 738
674 1711
675 1486
675 1992
676 772
676 1060
676 1171
676 1858
677 1307
677 1379
677 1395
678 977
678 1120
679 912
679 1130
680 1433
680 1873
681 914
681 1883
682 880
682 1522
682 1690
682 1950
683 1099
684 1314
684 1446
684 1597
686 925
686 970
686 1516
687 726
687 1195
687 1954
688 768
688 1103
688 1327
688 1382
688 1767
689 1463
689 1788
690 1037
690 1219
693 1158
693 1756
695 1098
696 1391
696 1445
696 1529
696 1592
697 982
698 818
703 1042
704 1273
705 1712
706 1676
706 1786
706 1844
706 1988
707 781
707 1047
707 1121
708 1098
708 1615
708 1790
710 1040
710 1639
711 1868
712 932
712 1460
712 1507
713 890
714 1131
714 1250
714 1913
715 780
715 1850
715 1942
716 1816
719 1074
719 1481
719 1538
720 1271
721 1390
721 1790
722 1956
723 774
723 775
724 1497
724 1523
724 1943
725 1669
726 1356
726 1432
726 1805
727 1558
727 1790
728 1221
728 1339
729 838
729 1059
729 1610
729 1695
729 1951
730 1126
730 1137
730 1324
730 1424
731 1618
733 1255
733 1856
733 1864
734 760
734 1121
734 1985
735 1034
735 1661
735 1943
736 1529
738 1142
738 1466
739 1179
739 1206
740 882
740 1155
740 1691
742 1529
743 781
743 1971
745 1118
745 1326
746 1370
747 813
747 1096
748 1522
748 1861
749 756
749 1226
750 1380
750 1681
750 1920
750 1990
751 995
751 1668
751 1907
751 1918
752 836
752 940
752 1507
754 1243
754 1605
755 1300
756 1278
756 1885
757 1153
757 1880
758 1093
758 1607
758 1892
759 899
759 1156
761 873
761 1187
762 1616
764 1142
764 1610
764 1636
766 880
766 1801
767 1691
767 1805
767 1940
768 1509
768 1937
769 1514
771 1069
771 1311
771 1417
771 1617
772 932
772 1129
772 1378
772 1514
772 1800
774 1775
775 1377
776 1621
777 802
777 985
778 782
778 1354
779 1607
781 1014
782 1502
782 1933
784 953
784 1013
785 797
785 892
785 1316
785 1503
786 1538
787 1132
787 1411
787 1812
788 1910
789 1040
789 1794
790 1401
790 1816
791 1564
791 1762
792 1030
794 1924
796 889
796 1687
797 1113
799 1100
801 998
801 1125
801 1166
801 1417
802 960
802 1007
803 1005
803 1112
804 1543
805 1517
806 832
806 1307
806 1477
808 997
809 1999
810 1297
811 1902
812 1474
813 1794
814 1181
814 1201
815 1785
816 1289
816 1859
817 1389
818 1135
818 1515
818 1590
818 1684
819 956
819 1315
820 1192
821 1220
822 1198
823 1703
824 1444
825 872
825 1051
825 1609
826 1279
826 1328
827 1293
827 1796
828 1657
830 869
830 919
830 1031
830 1190
830 1516
831 1024
831 1736
832 972
832 1625
833 1535
833 1839
834 1407
834 1704
835 995
835 1329
835 1392
836 875
836 1830
837 1817
839 1009
839 1829
840 940
841 1148
841 1250
841 1895
842 1033
843 965
843 1649
844 1401
844 1739
845 1033
845 1528
846 1344
847 1049
847 1229
847 1309
847 1363
847 1552
847 1743
847 1882
848 1331
848 1950
850 1749
851 1402
851 1792
853 1915
855 921
855 952
855 1898
856 1453
856 1738
857 1527
857 1975
859 878
859 1486
861 1179
861 1365
861 1990
862 1422
862 1897
863 1264
863 1790
864 1027
865 1049
865 1348
865 1564
866 1418
868 1323
869 1150
869 1600
870 1321
871 1090
871 1120
871 1985
871 1990
871 1993
872 1365
873 1030
873 1206
873 1615
874 1940
875 1226
875 1819
876 1368
877 1827
878 927
879 1731
880 884
880 1140
880 1285
882 1029
882 1090
882 1352
882 1568
883 1222
883 1374
883 1888
885 911
885 1673
885 1699
886 1238
886 1378
887 1491
887 1568
887 1898
888 1400
888 1440
889 954
890 1127
890 1134
891 1664
891 1700
891 1971
892 1106
893 1280
893 1840
893 1942
894 1337
897 906
898 1000
898 1068
898 1445
899 1043
901 1157
902 1993
903 1174
903 1787
903 1999
904 1593
904 1745
906 1392
906 1439
906 1597
906 1777
907 1233
907 1743
908 1069
908 1765
910 914
910 1746
911 1570
912 988
912 1220
912 1695
913 1493
913 1970
914 1054
915 1210
915 1400
915 1427
916 963
917 1110
917 1169
917 1171
917 1444
917 1601
918 1182
918 1189
919 935
920 1507
921 1234
922 1048
922 1376
922 1415
923 1889
924 1062
924 1933
925 1395
925 1898
926 1021
926 1062
927 1859
928 1137
928 1710
931 1200
931 1315
932 1807
933 934
933 1229
933 1311
934 1479
935 996
935 1480
937 1403
939 1092
939 1923
940 1969
941 1884
942 1814
942 1878
942 1879
943 1450
943 1869
944 1761
945 1106
945 1249
945 1300
945 1442
945 1818
945 1847
946 1374
947 1274
947 1675
948 1408
949 1553
950 1384
951 1227
951 1660
952 1451
953 1360
954 1381
954 1862
954 1965
955 1136
956 1132
956 1249
957 1838
961 1510
962 1240
964 1675
964 1790
965 1691
966 1112
966 1488
966 1755
966 1888
967 1028
967 1678
968 1214
968 1524
968 1630
968 1703
969 1096
970 995
970 1711
970 1868
972 1506
972 1703
973 1869
974 1001
974 1120
974 1242
974 1425
974 1898
975 1242
976 1444
976 1874
977 1255
977 1876
979 1777
979 1846
979 1893
980 981
980 1178
980 1398
980 1979
981 1167
981 1805
981 1880
982 1303
982 1947
983 1088
983 1708
985 1208
985 1296
985 1999
986 1349
986 1546
986 1812
987 1377
987 1914
988 1560
989 1615
990 1256
990 1571
990 1834
991 1457
991 1942
992 1018
995 1147
995 1464
997 1079
999 1918
1000 1138
1001 1374
1001 1378
1001 1591
1001 1656
1001 1724
1001 1863
1001 1982
1002 1059
1002 1111
1002 1755
1003 1447
1004 1410
1005 1234
1005 1483
1005 1894
1006 1384
1006 1448
1009 1329
1009 1753
1010 1081
1011 1934
1012 1339
1013 1128
1014 1331
1014 1733
1015 1055
1017 1530
1017 1716
1018 1997
1019 1444
1020 1048
1020 1132
1020 1243
1020 1610
1021 1314
1022 1139
1022 1251
1022 1284
1026 1399
1026 1804
1027 1143
1027 1380
1028 1551
1029 1119
1029 1615
1030 1193
1030 1888
1031 1737
1032 1447
1033 1188
1034 1416
1036 1884
1037 1191
1037 1507
1037 1813
1038 1296
1038 1331
1039 1720
1039 1991
1040 1754
1041 1659
1042 1235
1043 1590
1045 1216
1047 1169
1048 1072
1049 1294
1051 1119
1051 1787
1052 1074
1052 1740
1054 1259
1056 1109
1056 1249
1057 1114
1057 1590
1057 1600
1058 1735
1059 1509
1060 1642
1061 1173
1061 1652
1062 1114
1062 1535
1063 1695
1063 1886
1065 1542
1066 1208
1066 1238
1066 1384
1066 1518
1067 1551
1068 1147
1069 1154
1069 1749
1070 1498
1070 1559
1070 1747
1071 1134
1072 1867
1072 1948
1073 1102
1073 1411
1073 1429
1074 1649
1077 1142
1077 1366
1077 1624
1078 1943
1080 1221
1081 1458
1081 1578
1082 1231
1084 1910
1086 1112
1086 1387
1087 1992
1088 1090
1088 1605
1089 1206
1089 1576
1089 1796
1090 1206
1091 1339
1091 1839
1094 1230
1095 1213
1095 1337
1096 1236
1096 1457
1098 1485
1099 1371
1099 1780
1100 1143
1100 1522
1100 1592
1100 1724
1102 1194
1102 1875
1103 1519
1105 1230
1105 1607
1106 1108
1106 1882
1106 1968
1107 1120
1108 1387
1110 1514
1111 1767
1112 1191
1112 1594
1113 1373
1114 1155
1114 1895
1116 1178
1116 1259
1117 1633
1117 1644
1118 1338
1118 1347
1118 1739
1119 1324
1121 1832
1122 1208
1123 1282
1124 1289
1124 1474
1124 1646
1125 1185
1125 1479
1125 1558
1126 1939
1127 1187
1128 1478
1128 1639
1129 1282
1130 1774
1130 1840
1132 1686
1132 1917
1133 1185
1138 1394
1138 1935
1139 1388
1140 1313
1140 1519
1141 1777
1141 1817
1142 1271
1142 1818
1143 1434
1144 1224
1146 1165
1146 1383
1146 1472
1148 1899
1148 1911
1150 1691
1151 1243
1151 1376
1151 1656
1151 1973
1152 1718
1155 1442
1155 1944
1156 1534
1156 1887
1157 1465
1157 1497
1157 1808
1158 1397
1158 1424
1160 1731
1161 1386
1161 1909
1162 1929
1163 1862
1164 1898
1165 1200
1166 1265
1166 1933
1168 1813
1169 1266
1170 1179
1170 1349
1171 1309
1171 1652
1171 1901
1172 1391
1173 1686
1174 1284
1176 1299
1176 1944
1177 1196
1177 1964
1182 1203
1183 1668
1183 1770
1183 1867
1185 1533
1186 1199
1186 1769
1188 1647
1189 1610
1190 1734
1190 1856
1191 1431
1193 1229
1194 1796
1196 1301
1196 1710
1197 1441
1201 1508
1201 1602
1201 1937
1202 1436
1203 1446
1204 1831
1204 1925
1204 1955
1205 1578
1206 1804
1206 1813
1206 1998
1209 1816
1210 1214
1210 1928
1210 1975
1211 1849
1213 1898
1214 1821
1214 1839
1215 1531
1215 1717
1216 1794
1216 1946
1218 1822
1221 1228
1221 1616
1222 1794
1222 1811
1223 1735
1223 1772
1225 1285
1225 1511
1227 1473
1227 1912
1228 1231
1228 1402
1228 1617
1228 1832
1228 1899
1229 1230
1229 1624
1229 1706
1231 1264
1231 1663
1232 1543
1232 1813
1233 1561
1234 1829
1236 1397
1236 1563
1238 1731
1239 1539
1239 1717
1240 1329
1240 1706
1241 1404
1243 1913
1243 1923
1245 1306
1245 1799
1246 1734
1246 1826
1247 1251
1248 1543
1249 1749
1250 1323
1251 1535
1252 1718
1252 1748
1253 1809
1253 1854
1253 1857
1255 1282
1257 1747
1260 1343
1260 1632
1260 1814
1262 1878
1263 1323
1263 1768
1264 1902
1265 1785
1266 1460
1267 1269
1267 1380
1267 1477
1267 1953
1268 1959
1273 1923
1274 1968
1276 1572
1276 1873
1277 1424
1279 1755
1280 1315
1280 1880
1281 1904
1284 1446
1284 1632
1284 1778
1285 1647
1285 1705
1286 1462
1287 1947
1288 1862
1288 1906
1289 1813
1292 1343
1293 1515
1293 1602
1293 1956
1295 1453
1298 1970
1300 1319
1301 1512
1301 1833
1303 1900
1305 1587
1305 1639
1307 1320
1307 1434
1308 1558
1310 1358
1311 1687
1312 1381
1314 1490
1314 1597
1315 1620
1315 1680
1317 1696
1317 1837
1317 1854
1317 1863
1319 1771
1320 1750
1320 1764
1321 1849
1324 1633
1325 1740
1326 1640
1326 1998
1327 1855
1331 1742
1333 1645
1333 1923
1334 1799
1336 1338
1337 1375
1337 1900
1337 1934
1339 1482
1339 1669
1340 1662
1340 1790
1342 1443
1342 1522
1342 1975
1344 1453
1345 1717
1346 1434
1348 1620
1349 1597
1350 1749
1350 1871
1351 1950
1352 1592
1352 1666
1353 1711
1353 1822
1353 1857
1354 1615
1355 1758
1356 1466
1356 1881
1356 1915
1357 1995
1358 1623
1361 1877
1364 1918
1365 1506
1366 1448
1367 1537
1367 1956
1369 1980
1370 1669
1370 1842
1370 1870
1372 1380
1374 1459
1374 1561
1375 1676
1376 1890
1377 1870
1377 1937
1378 1511
1379 1425
1379 1899
1380 1527
1381 1808
1383 1386
1383 1419
1383 1436
1383 1621
1384 1950
1386 1760
1387 1647
1388 1934
1389 1652
1392 1983
1393 1887
1394 1453
1396 1398
1398 1472
1401 1878
1402 1730
1406 1817
1407 1426
1407 1445
1407 1756
1408 1480
1408 1714
1411 1846
1412 1919
1412 1925
1414 1523
1414 1832
1415 1861
1418 1449
1418 1751
1420 1744
1425 1644
1425 1759
1426 1483
1426 1917
1429 1891
1432 1590
1437 1478
1438 1544
1440 1760
1443 1885
1444 1541
1444 1737
1448 1843
1451 1745
1453 1740
1453 1876
1457 1569
1460 1701
1464 1974
1465 1605
1465 1711
1466 1818
1468 1545
1468 1811
1471 1505
1472 1994
1476 1829
1478 1841
1479 1646
1480 1770
1481 1641
1481 1802
1482 1851
1482 1938
1483 1500
1483 1668
1484 1529
1484 1623
1487 1559
1488 1743
1489 1525
1489 1583
1490 1572
1490 1648
1495 1867
1496 1929
1497 1687
1498 1556
1498 1616
1514 1979
1516 1741
1518 1635
1522 1582
1522 1904
1523 1556
1523 1908
1523 1999
1524 1543
1524 1606
1524 1727
1525 1816
1526 1853
1531 1558
1532 1733
1538 1761
1539 1859
1540 1780
1544 1553
1544 1692
1544 1899
1548 1743
1553 1938
1554 1957
1557 1641
1563 1791
1567 1895
1568 1903
1569 1816
1571 1775
1575 1624
1575 1861
1576 1924
1577 1751
1578 1720
1583 1630
1584 1804
1584 1981
1585 1794
1586 1688
1586 1816
1587 1672
1588 1971
1589 1824
1590 1703
1590 1812
1591 1614
1592 1926
1594 1605
1594 1704
1600 1792
1600 1880
1604 1641
1607 1709
1607 1929
1611 1617
1613 1765
1613 1823
1615 1650
1616 1638
1616 1867
1618 1760
1621 1759
1622 1996
1625 1809
1626 1845
1627 1725
1629 1993
1630 1770
1631 1948
1632 1783
1633 1650
1642 1795
1645 1710
1647 1838
1649 1996
1654 1968
1656 1856
1658 1910
1659 1670
1660 1740
1660 1792
1661 1767
1665 1702
1665 1741
1666 1861
1666 1864
1667 1779
1667 1878
1670 1916
1671 1811
1671 1836
1672 1836
1674 1872
1674 1971
1676 1743
1678 1769
1678 1786
1684 1854
1685 1795
1689 1752
1690 1701
1690 1950
1691 1910
1691 1956
1695 1958
1696 1891
1697 1743
1700 1842
1701 1738
1703 1754
1705 1953
1709 1945
1710 1828
1712 1894
1712 1907
1717 1853
1717 1974
1718 1879
1720 1899
1725 1987
1729 1793
1729 1820
1729 1965
1730 1838
1741 1923
1745 1958
1746 1766
1750 1783
1750 1933
1757 1867
1757 1961
1760 1809
1762 1939
1767 1887
1767 1891
1769 1993
1770 1815
1774 1875
1776 1998
1779 1938
1779 1961
1785 1926
1785 1957
1796 1853
1799 1974
1810 1829
1814 1875
1817 1958
1829 1952
1832 1971
1847 1977
1848 1978
1853 1868
1856 1948
1857 1958
1858 1956
1858 1957
1860 1965
1866 1920
1866 1931
1867 1904
1872 1968
1881 1966
1884 1922
1884 1948
1886 1928
1902 1928
1931 1965
1933 1952
1958 1963
