2000 2993
51
18
24
94
90
88
29
26
27
25
29
56
9
20
26
28
14
100
80
41
75
46
56
16
2
18
58
19
42
3
88
52
86
5
80
86
47
96
60
71
18
54
28
59
54
11
74
88
3
37
79
53
27
81
60
7
74
63
79
32
13
14
68
99
45
88
5
13
30
86
57
66
86
11
97
71
29
88
44
90
65
46
64
10
4
96
64
82
95
11
38
9
19
52
24
60
63
47
68
94
97
96
14
44
38
22
92
28
32
87
33
51
8
48
100
37
54
37
63
75
78
71
82
76
60
3
13
54
76
95
55
70
12
55
23
86
18
70
90
9
29
64
61
66
90
15
64
33
12
76
66
77
6
50
89
69
15
92
16
99
66
71
32
23
55
50
86
5
67
86
72
66
16
59
75
45
64
44
64
34
64
66
17
6
8
23
12
71
25
5
17
13
5
39
2
9
61
82
67
9
83
29
83
59
83
16
73
48
38
71
68
32
11
54
58
73
36
14
4
27
37
83
53
80
13
8
89
45
42
9
6
20
90
31
51
38
30
98
85
51
62
98
35
38
52
37
50
44
7
46
24
88
38
85
82
96
6
57
55
79
38
24
68
33
11
17
72
42
96
7
20
30
41
72
2
64
12
11
57
68
89
52
51
56
79
2
88
85
80
33
68
56
7
71
34
14
3
75
29
46
24
10
51
52
58
45
93
6
29
21
69
80
26
32
9
91
4
6
87
4
18
76
50
97
58
77
51
76
13
48
75
29
100
6
51
93
28
28
6
71
22
50
49
80
57
96
61
19
10
80
4
81
66
42
4
19
43
96
61
45
27
52
16
80
37
19
59
71
39
90
21
55
76
43
18
26
2
58
44
99
71
8
21
59
84
80
42
61
59
71
100
2
51
44
95
17
65
67
54
7
82
8
74
68
32
67
79
50
82
69
26
100
40
87
23
42
73
91
94
64
93
30
99
47
2
98
88
2
2
32
43
13
18
65
72
77
34
37
100
69
17
42
77
61
58
79
39
38
65
49
35
42
13
63
35
76
30
68
87
57
62
5
44
70
19
75
51
52
13
64
5
16
14
73
50
52
40
86
62
73
66
85
37
70
21
18
31
7
53
49
5
66
43
73
35
35
88
47
78
91
33
7
80
98
34
5
39
74
9
86
58
80
73
70
63
14
90
89
60
73
33
14
39
99
52
11
62
34
99
40
40
96
85
47
19
2
22
86
77
56
85
29
96
69
61
66
3
67
40
2
10
86
66
99
13
64
44
23
54
98
84
77
62
80
73
29
70
21
25
98
47
44
28
33
86
90
74
62
6
70
45
89
2
76
58
41
77
7
72
33
40
73
26
83
23
12
57
43
69
28
33
41
16
52
53
75
6
69
42
88
77
54
65
82
51
20
11
67
14
72
85
33
39
11
62
45
6
75
87
24
52
70
79
64
54
42
90
8
79
87
36
97
89
2
36
25
6
83
45
66
35
6
44
12
77
28
53
21
42
28
73
77
21
75
52
30
71
93
91
98
59
15
23
56
95
39
93
41
22
41
50
9
18
51
34
24
22
9
23
61
38
11
73
91
43
97
33
6
23
67
39
78
41
13
25
79
32
71
22
92
99
4
24
22
13
68
45
83
93
87
6
23
96
59
97
41
43
45
92
21
51
20
42
80
82
70
49
7
21
2
63
67
84
3
4
46
18
72
48
92
54
9
92
87
57
44
67
8
47
27
60
32
60
54
52
65
82
22
40
99
6
72
65
43
39
13
18
11
33
81
78
50
99
51
56
22
82
63
85
92
73
13
70
4
79
9
6
100
24
66
31
12
88
91
37
37
65
27
67
96
51
57
62
58
67
44
36
63
60
97
43
13
24
53
10
77
76
80
69
95
88
9
20
70
11
21
21
89
56
20
5
33
50
94
46
51
54
21
99
67
82
43
61
100
28
80
68
86
74
69
48
80
37
7
89
66
78
74
31
48
73
99
66
89
39
63
69
25
80
73
34
3
83
24
70
72
20
27
22
100
73
12
76
20
85
4
64
13
55
15
50
46
27
48
46
32
3
42
62
59
99
56
39
81
38
99
59
85
74
12
21
71
4
84
28
69
27
43
72
3
45
56
63
14
38
47
59
29
98
24
79
94
19
16
74
78
86
11
55
86
34
97
46
53
8
33
82
26
68
37
17
84
61
27
29
6
68
80
63
24
4
34
85
64
83
100
5
55
48
68
39
13
79
49
100
84
84
60
84
16
29
15
17
43
94
9
15
42
21
84
2
47
38
18
75
15
54
12
65
9
35
25
50
52
75
69
68
61
20
46
77
59
28
99
74
16
73
74
88
67
45
57
64
37
55
39
80
28
96
20
17
77
97
45
45
69
25
40
50
76
31
85
10
78
28
17
47
29
70
97
94
41
47
76
42
55
53
22
84
70
74
24
24
67
22
46
86
34
78
35
20
78
49
20
12
36
83
92
7
80
84
38
27
34
7
95
22
62
72
18
46
19
99
48
15
83
52
2
41
94
5
67
26
74
4
98
79
9
96
94
99
3
19
42
31
59
12
6
37
38
55
1
47
18
81
76
47
33
56
80
36
83
41
73
99
60
7
91
54
3
74
60
83
28
44
40
95
59
54
77
49
9
6
88
78
37
6
67
56
31
91
81
45
47
58
46
79
49
4
84
64
12
79
41
75
76
53
95
56
78
65
30
16
82
39
26
69
32
75
86
42
76
49
75
89
94
76
9
72
77
63
56
44
81
41
82
52
18
77
69
47
97
66
47
77
42
29
74
64
6
43
21
77
62
43
81
26
61
25
66
7
72
65
81
50
93
22
41
77
37
1
45
66
54
17
14
6
54
22
80
28
53
55
94
96
95
74
78
84
60
97
86
41
57
96
74
50
76
29
56
18
31
31
93
72
35
63
38
20
79
7
4
39
23
85
39
70
28
4
6
87
44
43
53
89
39
73
50
86
97
31
93
23
3
49
45
49
91
15
79
59
32
44
81
34
45
86
21
98
71
94
87
61
62
49
25
27
48
19
43
78
92
85
37
10
13
64
53
73
64
69
13
42
94
47
73
96
45
67
94
44
48
91
73
60
19
16
44
69
98
71
78
84
48
56
80
24
8
36
60
20
47
65
32
39
75
8
93
32
43
73
10
70
37
67
8
90
39
11
36
51
43
2
64
41
9
5
50
3
11
27
4
85
99
82
7
56
1
76
47
43
66
83
83
20
26
39
27
4
57
46
24
78
35
25
20
100
81
12
67
49
40
55
95
93
88
89
45
8
4
48
15
87
78
70
41
18
67
34
43
98
59
58
46
6
71
51
87
43
34
68
92
54
16
2
74
14
20
100
76
66
68
71
50
84
87
72
78
79
15
79
34
28
48
69
29
84
23
52
7
41
43
74
62
91
18
7
29
46
67
61
42
48
64
94
6
45
21
30
43
21
19
17
11
52
87
55
22
40
91
23
11
50
82
20
95
31
13
75
38
99
17
17
55
94
56
46
88
6
2
76
24
2
62
93
10
60
90
39
78
82
55
23
67
89
62
5
87
11
94
45
94
19
67
14
60
47
49
15
30
76
76
62
11
89
97
68
29
81
90
67
9
63
29
79
88
44
12
70
42
54
73
10
5
78
17
6
55
95
95
29
70
5
56
8
64
54
20
2
16
24
65
75
82
57
19
74
51
21
76
3
10
100
25
30
51
63
23
97
8
40
9
83
27
88
20
15
53
53
57
51
45
59
53
78
7
38
1
38
33
92
64
78
73
99
49
77
3
41
48
65
7
69
78
67
42
22
53
89
29
20
80
18
65
32
40
49
76
17
85
44
86
99
28
19
77
58
73
13
6
48
29
20
85
48
74
17
46
3
54
79
78
34
18
71
65
86
91
57
35
6
98
11
90
59
95
42
34
24
23
18
36
99
28
66
14
88
73
99
48
78
4
55
57
42
90
40
86
59
96
2
98
82
50
61
85
49
55
85
42
80
13
78
16
34
34
32
70
77
46
76
55
94
3
36
67
27
43
36
54
49
49
35
74
64
83
33
2
39
91
83
54
50
61
61
33
50
65
71
2
77
48
88
30
31
47
76
68
87
58
52
54
77
63
69
25
32
15
45
46
34
3
94
52
3
5
51
97
1
20
4
9
81
9
10
45
79
98
76
64
38
49
94
58
56
97
58
81
21
35
51
38
87
81
4
82
95
27
68
72
40
78
74
6
98
77
32
13
74
27
33
99
63
54
77
78
98
71
10
9
82
90
80
88
67
100
81
64
86
68
25
10
22
57
31
88
98
74
11
49
85
41
53
11
5
63
35
73
34
83
44
99
7
53
89
73
37
46
84
53
90
24
80
38
23
21
60
28
5
21
28
68
81
9
73
72
84
57
59
74
77
46
33
59
63
25
64
86
15
69
29
76
52
39
78
41
2
22
38
54
7
64
80
11
99
44
7
98
30
7
13
39
59
31
70
22
11
55
53
40
67
82
82
19
42
23
78
62
28
62
88
83
76
77
57
11
77
9
74
44
0 244
0 283
0 291
0 1919
1 214
1 365
1 847
1 1736
2 1032
3 410
3 1298
4 516
4 1016
4 1719
5 896
6 155
6 1253
6 1321
6 1451
6 1605
6 1789
7 167
7 549
7 1856
8 1174
9 1875
10 879
10 1643
10 1976
11 140
11 1405
11 1795
12 277
12 1166
12 1830
13 40
13 231
13 467
13 1442
13 1833
13 1984
14 342
14 817
15 467
15 1033
15 1238
15 1915
17 154
17 624
17 1278
17 1840
18 435
18 761
18 919
18 1492
18 1500
19 181
19 1860
19 1951
20 1090
21 310
21 480
21 1301
21 1703
22 938
22 996
22 998
22 1957
23 1364
23 1748
24 1059
24 1575
25 925
25 1758
26 189
26 828
26 869
26 1011
26 1243
26 1768
26 1791
27 439
27 1850
28 1418
28 1761
29 329
29 932
29 1676
30 869
30 1124
31 347
31 1006
32 878
32 965
32 1057
32 1838
33 46
33 1224
33 1954
34 1477
35 575
35 1091
36 641
37 969
37 1265
38 1368
39 66
39 95
39 236
39 474
39 1471
39 1726
39 1986
40 208
40 377
40 1375
40 1899
41 1963
42 504
42 860
42 999
42 1502
43 230
43 570
43 607
43 698
43 1110
44 851
44 1513
45 1253
45 1257
47 400
47 407
48 548
48 1584
49 144
49 598
49 912
49 1676
49 1951
50 407
51 1364
51 1879
51 1964
52 515
52 1131
52 1181
52 1612
53 131
53 314
53 682
53 1013
53 1047
54 158
54 224
54 321
54 1344
55 622
56 192
57 1117
58 1570
58 1935
59 191
59 1494
59 1517
59 1690
59 1751
59 1893
60 277
60 1194
61 217
61 1056
61 1793
61 1977
62 1005
63 449
63 1089
63 1578
63 1785
63 1829
63 1894
63 1981
65 553
65 1327
66 380
66 688
66 909
66 1584
66 1821
67 663
67 847
67 1060
68 1202
68 1597
69 777
70 1830
71 120
71 1670
72 472
72 820
73 1575
74 1078
74 1191
74 1921
75 306
75 495
75 618
75 1201
76 186
76 507
76 1228
76 1254
76 1442
76 1965
77 668
77 1633
77 1821
78 1006
78 1067
78 1596
78 1956
78 1975
79 773
79 1086
79 1402
80 686
80 1130
80 1707
81 507
81 751
81 1400
81 1421
81 1770
82 190
82 724
82 736
82 1315
82 1369
83 897
83 1508
84 679
84 865
84 1165
84 1534
84 1717
85 1119
86 314
86 473
86 857
86 1043
87 1117
87 1160
88 411
88 867
88 917
88 933
88 1372
89 1593
89 1697
90 239
90 335
90 1925
91 462
91 1917
92 1931
93 1468
95 1047
95 1580
96 393
96 765
96 1102
96 1137
96 1441
97 465
98 483
98 1800
99 372
99 991
99 1067
99 1198
99 1450
99 1678
99 1714
99 1772
100 492
101 1388
101 1438
102 591
102 1400
103 623
103 914
103 1393
103 1559
105 745
105 974
105 1416
105 1891
106 119
106 302
107 418
107 610
107 1740
108 336
108 1533
109 322
109 429
109 795
109 923
110 240
110 1979
111 1264
111 1324
111 1954
112 120
112 391
112 727
112 1634
112 1650
113 717
113 1330
113 1336
113 1631
113 1661
114 161
114 1518
114 1927
115 347
115 443
115 529
115 638
115 779
115 1004
116 594
117 779
117 1628
117 1752
118 1300
119 581
119 1449
120 950
121 696
121 854
121 1729
122 1573
123 137
123 615
123 1045
123 1213
123 1872
124 362
124 1363
124 1764
126 226
126 1161
127 831
127 1516
127 1781
128 1005
128 1100
128 1333
128 1908
129 192
129 642
129 1877
130 1823
131 375
131 872
131 875
131 1062
131 1085
131 1159
131 1393
131 1494
132 1801
133 143
133 686
133 998
134 282
134 467
134 646
134 1627
135 1005
135 1015
136 674
136 1381
136 1764
136 1851
137 421
137 829
137 1300
138 529
138 698
138 973
138 1155
138 1492
139 309
139 994
139 1014
139 1386
140 1032
140 1108
140 1249
140 1911
140 1934
141 934
141 1595
141 1645
142 519
142 959
142 1087
142 1229
143 372
143 709
143 1783
144 1051
144 1118
144 1760
145 348
145 668
145 1605
145 1969
146 921
146 968
146 1428
146 1934
147 454
147 631
147 1187
147 1730
148 508
148 756
148 933
148 1233
148 1242
148 1309
148 1365
148 1803
149 1287
150 1122
151 322
151 619
151 1917
152 297
152 1091
152 1150
153 518
153 532
153 584
153 737
153 936
153 1667
154 1466
154 1810
155 1472
155 1483
155 1620
156 429
156 1317
156 1473
156 1624
156 1919
157 362
157 717
157 734
157 1145
157 1896
158 254
158 424
158 1409
158 1479
159 213
159 749
159 1942
160 442
161 1589
161 1783
161 1929
161 1931
162 252
162 797
162 1330
162 1861
163 262
163 302
163 736
163 1776
164 506
165 291
165 698
165 1369
166 1421
166 1882
166 1899
167 319
167 1289
168 1252
168 1284
168 1516
168 1853
168 1890
169 917
169 1178
169 1771
170 446
170 674
170 1552
171 460
171 1030
171 1163
171 1239
171 1444
171 1501
171 1648
172 421
172 683
172 1568
173 232
173 1406
173 1710
174 567
174 841
174 1013
174 1723
175 532
175 1162
175 1772
176 577
178 960
178 1088
178 1096
179 569
180 282
180 464
180 767
180 1049
180 1648
181 645
181 768
181 802
181 1083
181 1164
181 1662
182 1149
182 1383
183 1708
184 846
185 1698
185 1714
186 295
186 1097
186 1555
187 603
187 836
187 1563
188 570
188 747
188 1438
189 1459
191 1441
191 1980
192 442
192 796
193 957
193 1597
193 1705
194 1082
195 1230
196 1278
196 1572
196 1710
197 767
197 1255
198 306
198 483
198 858
198 1933
199 420
199 1744
200 1685
202 1217
202 1263
202 1278
202 1501
202 1606
202 1937
203 1868
204 1384
205 1403
205 1885
206 1221
207 704
207 716
207 884
207 1881
208 1585
209 417
209 785
209 1745
210 351
210 768
210 930
211 579
211 891
211 989
211 1495
213 1009
213 1691
214 763
214 847
214 1227
214 1490
215 1033
216 576
216 1185
216 1659
217 346
217 1139
217 1223
217 1779
218 1311
218 1807
220 361
220 381
220 1582
221 609
221 1120
222 759
223 666
223 1220
224 266
224 380
224 493
224 1576
224 1596
225 544
225 1211
225 1639
226 1513
226 1672
226 1941
227 1158
228 442
228 1053
229 351
229 448
229 1071
229 1522
229 1531
230 1360
230 1938
231 241
231 1083
231 1206
231 1459
231 1557
232 1175
232 1215
232 1896
233 701
233 702
233 1114
234 566
234 1814
235 378
235 1129
235 1450
235 1662
235 1872
236 1503
237 679
238 833
238 1198
239 704
239 1223
239 1832
239 1918
240 578
241 346
241 1422
241 1789
241 1836
242 358
242 513
242 567
242 754
242 773
242 1430
242 1804
243 908
243 1187
243 1477
243 1501
243 1948
244 386
244 1474
244 1506
245 498
245 657
245 907
245 1315
245 1667
246 377
246 1282
246 1750
247 1355
247 1833
248 1969
249 572
249 1673
249 1781
250 301
250 705
250 1238
251 460
251 803
251 1794
251 1854
252 949
252 970
252 1575
252 1634
253 283
253 352
254 1266
254 1267
255 441
255 973
255 1188
255 1792
256 1523
256 1628
257 460
257 720
257 769
257 969
257 1101
257 1318
258 589
258 922
258 1510
259 279
260 322
260 907
260 990
260 1985
261 1079
261 1782
261 1828
262 1606
262 1753
262 1945
262 1959
263 369
263 475
263 489
263 1284
263 1560
263 1590
264 269
264 604
264 1462
264 1643
265 1084
265 1425
266 901
266 1330
267 1132
267 1221
267 1255
268 322
268 1011
268 1281
268 1668
268 1737
269 370
269 431
269 1266
270 1622
271 441
272 875
272 1301
272 1933
273 751
273 1646
274 1679
275 367
276 941
276 1214
276 1702
276 1915
277 688
277 1086
277 1506
278 1129
278 1918
278 1953
280 470
280 698
280 812
280 1441
280 1559
281 1746
282 507
282 1531
283 550
283 1715
284 316
284 725
284 864
285 1425
285 1545
285 1552
286 1019
286 1647
286 1916
287 931
287 983
287 1271
287 1919
288 553
288 622
288 764
288 1872
289 372
290 320
290 373
290 743
290 1025
291 1303
292 966
292 1096
292 1973
293 1743
294 1001
295 517
296 440
296 1165
296 1922
297 840
297 1989
298 1222
298 1249
298 1681
298 1853
299 841
300 1217
300 1444
301 1156
302 354
303 1028
304 321
304 1158
304 1272
304 1420
304 1827
304 1848
305 626
305 1115
306 1438
306 1521
306 1576
306 1755
306 1948
307 874
307 1612
308 1380
309 446
309 582
309 1241
309 1716
310 966
310 1693
311 1004
311 1244
312 1747
312 1912
313 466
313 1637
314 485
315 706
315 935
315 992
315 1079
315 1475
315 1764
316 1244
316 1513
316 1998
317 1995
318 438
318 1095
318 1287
318 1350
318 1952
320 507
320 994
321 678
321 1966
322 1256
322 1959
323 480
323 1303
323 1578
323 1777
323 1784
325 685
325 1579
325 1624
326 1280
326 1812
327 786
327 1426
327 1757
328 732
329 902
329 1316
329 1471
330 461
331 1771
332 1928
334 477
334 1370
334 1391
336 730
336 1075
336 1160
336 1666
337 1058
338 1200
338 1427
338 1522
338 1864
339 700
339 1339
340 495
340 1171
340 1289
340 1666
341 407
341 1723
341 1805
342 546
342 813
343 988
343 1649
344 449
344 1806
344 1847
346 756
346 965
346 1825
348 1732
350 771
351 636
351 781
352 1356
352 1980
353 799
353 999
353 1061
353 1574
353 1632
354 1834
355 1106
356 516
356 1137
356 1280
356 1480
356 1670
356 1684
356 1816
357 453
357 565
357 1682
358 1403
358 1779
359 536
359 1266
359 1326
360 681
360 749
360 1065
360 1082
361 1638
362 445
362 1735
363 475
363 1907
364 677
364 823
364 1856
365 1029
365 1748
365 1913
366 1943
367 751
367 1582
367 1656
368 1664
369 590
369 950
369 1141
369 1527
370 969
370 1040
370 1198
371 1581
371 1700
371 1768
372 1268
372 1327
372 1775
373 1144
373 1529
373 1589
374 560
374 1011
374 1124
375 1393
375 1557
375 1786
376 1110
378 1592
379 1624
379 1818
379 1953
380 496
381 449
381 1675
382 1731
384 924
384 1342
384 1608
384 1728
385 436
385 616
385 1398
386 1702
386 1722
387 1087
387 1366
388 674
388 771
388 1025
388 1303
388 1513
389 566
389 619
389 629
389 634
389 819
389 830
389 1362
389 1941
390 1448
390 1819
391 1755
391 1959
392 1733
393 412
393 1239
394 805
394 865
394 1092
394 1693
396 1409
397 787
397 1115
398 693
398 804
398 1164
398 1484
399 634
399 1225
399 1829
399 1921
400 1242
400 1253
401 1431
401 1770
401 1780
402 915
402 1355
402 1389
402 1720
403 744
403 1400
403 1474
403 1620
404 734
404 1486
404 1489
404 1882
405 567
405 688
405 768
405 1630
406 797
407 995
407 1201
407 1701
408 1937
409 997
410 946
410 1010
410 1173
410 1213
410 1225
411 476
411 725
411 1120
412 1089
412 1366
412 1433
413 1965
415 1256
416 1582
417 1337
418 719
418 1642
419 713
419 1011
419 1516
420 1010
420 1291
420 1300
421 1903
422 840
422 1605
422 1697
423 1022
423 1126
424 842
424 998
424 1168
424 1579
425 1107
425 1909
426 731
426 1053
426 1368
427 1571
429 1167
429 1739
430 1043
430 1810
430 1874
431 601
431 647
431 859
431 1105
431 1593
432 701
432 967
433 1904
434 605
434 740
434 1554
434 1804
436 636
436 1628
436 1955
437 619
437 1139
437 1529
438 1026
438 1695
440 977
440 1081
440 1228
441 1921
442 522
442 530
443 477
443 558
444 1825
445 1321
445 1864
445 1945
446 759
446 1103
446 1487
447 481
447 1764
448 1382
448 1912
450 1032
451 630
452 766
452 1959
453 517
453 1615
454 825
454 1587
455 851
455 960
455 1036
455 1981
456 1329
457 1795
458 1610
458 1948
459 489
459 825
460 599
461 628
462 1406
463 1179
463 1409
463 1495
463 1506
463 1978
464 534
464 544
464 1155
464 1394
464 1506
465 788
465 868
465 1773
467 1554
468 690
468 810
468 1168
469 695
469 1065
469 1220
470 502
470 768
471 513
471 744
471 1192
472 1513
472 1537
473 1040
473 1330
473 1335
473 1569
474 1524
474 1784
475 484
475 1352
475 1818
477 629
477 1704
478 789
478 1578
478 1888
479 1393
480 710
480 833
480 1968
481 1271
481 1518
482 1177
482 1197
482 1410
482 1532
482 1950
483 806
483 1390
483 1395
484 807
484 1905
485 688
485 692
485 915
485 974
485 1296
486 1645
486 1670
487 1002
487 1037
488 879
488 887
489 980
489 1746
490 906
491 921
492 1649
492 1760
493 762
493 1264
494 1063
495 637
495 819
495 1021
495 1061
495 1769
496 1009
496 1767
497 1079
498 841
498 1074
498 1191
500 1195
500 1224
500 1590
501 910
501 1150
502 676
502 719
502 938
502 1374
502 1699
503 690
503 1686
504 1515
505 1905
506 1448
506 1910
507 683
507 1743
508 1001
510 1305
510 1906
511 713
511 809
511 1035
512 1130
513 1176
513 1791
515 545
515 1096
516 781
516 1852
517 539
518 1177
518 1868
521 730
521 1266
521 1719
522 1721
523 1414
524 935
524 974
524 987
524 1141
524 1193
526 548
526 658
526 754
526 1165
526 1320
527 678
529 1135
529 1491
530 1107
530 1249
531 836
532 1317
533 1658
533 1676
534 583
534 1059
534 1435
535 1153
536 781
536 1478
536 1977
538 645
538 1879
539 1114
539 1923
540 1578
540 1599
540 1962
541 1208
541 1775
542 643
542 718
542 813
542 1284
543 1143
543 1694
543 1890
545 687
545 887
545 1722
545 1746
546 624
546 1987
547 1505
547 1528
547 1815
547 1956
548 958
548 1575
549 1882
550 984
551 792
551 1178
551 1979
552 849
552 1310
552 1380
552 1829
553 1003
553 1101
553 1130
553 1534
554 771
554 993
554 1311
555 1870
556 709
556 1513
556 1831
556 1920
557 1347
558 1711
559 983
559 997
559 1725
560 1888
561 1098
561 1369
561 1828
561 1867
562 1279
562 1607
563 833
563 870
563 1206
563 1265
563 1975
564 1435
565 1302
565 1363
565 1449
565 1898
566 718
566 753
566 1445
566 1524
567 731
567 1920
568 953
568 1535
568 1741
569 1944
570 868
570 1470
571 1965
572 1648
573 1334
573 1800
574 935
574 990
574 1264
574 1530
574 1732
575 578
576 638
576 667
576 970
576 1434
577 610
577 1703
578 1022
578 1709
579 602
579 744
579 1491
579 1743
580 1254
580 1656
580 1855
581 1407
582 996
582 1319
582 1516
582 1523
583 806
583 949
583 1075
583 1221
583 1529
583 1857
584 671
584 1298
584 1564
585 1977
586 721
586 911
586 1457
586 1744
588 1541
588 1685
588 1942
589 737
590 1172
590 1435
590 1690
591 1552
592 1846
593 1695
594 730
594 1817
595 1531
595 1563
598 1542
599 779
599 1408
599 1474
600 936
600 1941
601 685
601 1914
601 1958
602 1702
602 1804
604 1629
605 1666
606 960
606 968
606 1320
607 1030
607 1544
607 1570
607 1658
608 786
608 791
608 1361
608 1471
610 1071
610 1327
611 935
611 1010
611 1292
611 1590
612 780
612 1156
613 853
613 1298
614 1470
614 1533
614 1981
615 1420
616 849
616 1000
618 1541
619 1181
619 1211
619 1294
619 1503
620 1854
621 1178
621 1179
621 1299
621 1412
621 1431
622 976
624 1686
625 1206
625 1335
626 741
626 865
627 864
627 1146
627 1790
628 1537
628 1594
628 1816
629 947
629 1007
629 1066
629 1308
629 1993
630 1818
631 1556
631 1611
632 933
633 1898
634 1114
634 1423
634 1958
635 688
636 660
637 851
638 1441
638 1780
638 1916
639 792
640 1641
641 1118
642 1003
642 1012
642 1197
643 665
644 1666
645 1809
646 937
646 1861
647 663
647 1737
649 1459
649 1696
650 1081
650 1146
650 1604
650 1625
651 762
651 1070
651 1582
652 1226
652 1303
652 1328
652 1422
653 1494
654 1453
655 1318
656 1637
657 724
657 1708
658 1011
658 1519
658 1794
659 968
660 1612
660 1942
662 926
662 1001
662 1149
662 1633
663 800
663 1487
663 1935
663 1953
663 1985
664 1045
664 1894
664 1920
665 915
665 1042
665 1593
666 1015
666 1252
666 1601
666 1672
667 792
667 809
667 1720
668 1038
668 1598
669 907
669 1824
670 762
670 888
670 1001
670 1152
670 1551
670 1662
670 1982
671 751
671 1165
671 1359
671 1652
671 1860
673 840
674 809
674 846
674 1588
674 1763
675 1585
676 1816
677 1382
678 712
679 690
680 753
680 1543
681 1613
681 1959
682 963
682 972
682 1782
683 1995
685 868
685 1984
686 1929
687 1098
687 1337
687 1693
687 1880
690 827
690 1368
690 1558
690 1799
690 1993
691 714
691 725
691 1546
692 928
692 936
692 1969
693 1357
693 1612
693 1629
693 1943
694 1114
694 1650
696 1199
696 1206
697 814
697 1369
697 1719
698 911
698 919
698 972
699 1588
699 1807
700 1081
700 1399
700 1855
700 1934
701 1501
703 1383
703 1826
704 1221
704 1428
705 791
705 1075
705 1394
706 790
706 1663
707 1457
708 1149
708 1235
708 1412
708 1602
709 1566
710 918
710 973
711 1133
712 1302
713 1617
713 1704
714 786
714 1105
715 1990
717 1046
717 1543
717 1985
718 1128
719 1652
719 1690
719 1867
719 1879
720 1090
720 1708
720 1751
720 1812
721 1031
721 1038
723 1143
723 1394
724 833
724 1021
724 1764
726 842
726 1082
726 1940
727 1138
728 937
728 1769
729 1187
729 1444
730 960
730 1755
731 812
731 1611
731 1742
732 1934
733 947
734 1258
735 992
735 1071
736 878
736 1398
737 1128
737 1440
738 1914
738 1922
739 1026
739 1157
740 882
740 1547
741 757
741 1161
741 1361
741 1671
741 1688
742 1203
743 1246
743 1454
743 1584
743 1925
744 1143
745 854
745 974
745 1376
746 972
747 1039
747 1376
747 1450
747 1903
748 861
748 1576
749 1192
749 1610
750 977
750 1050
750 1164
750 1638
751 1752
752 1695
752 1795
753 830
753 1476
753 1704
753 1841
753 1976
755 1803
756 1191
758 1474
758 1918
759 1493
759 1649
760 1073
760 1219
760 1630
761 1921
763 1578
763 1604
764 1113
764 1543
765 1432
766 866
766 878
766 1353
766 1647
767 944
767 950
767 1525
769 1802
769 1811
770 1043
770 1682
770 1875
774 1104
774 1412
774 1455
775 1083
775 1757
775 1819
776 1004
776 1278
776 1284
776 1527
776 1803
777 1189
777 1275
777 1759
778 1195
778 1736
779 1157
779 1613
781 998
782 1164
782 1452
782 1637
783 923
784 983
784 1962
786 1603
787 1616
787 1774
788 1058
788 1124
790 1125
790 1177
790 1590
791 1465
791 1926
792 999
792 1421
793 914
793 1047
793 1188
793 1435
793 1735
794 1796
795 1545
796 1996
797 1725
797 1948
797 1965
798 1294
799 977
799 1204
799 1674
800 1078
800 1122
800 1167
800 1867
801 929
801 1068
802 894
802 1772
803 918
804 1122
805 1475
805 1575
805 1653
807 1328
807 1472
807 1511
807 1656
808 1160
808 1914
809 1007
810 1449
810 1505
810 1778
811 1088
811 1427
811 1533
812 1257
812 1538
812 1841
813 1077
813 1162
814 1497
815 1160
815 1431
816 1134
816 1372
816 1925
817 1826
818 998
818 1382
818 1486
818 1560
818 1907
819 1448
819 1522
819 1724
820 1648
821 1283
821 1620
821 1873
821 1877
822 1171
823 1192
823 1485
823 1499
824 873
824 1095
824 1357
825 932
825 1202
825 1695
826 1198
827 1083
827 1347
827 1399
827 1632
827 1836
827 1863
827 1995
828 1214
828 1370
828 1822
828 1896
831 1246
832 914
832 1723
833 1607
833 1831
833 1978
834 1783
835 1207
836 1125
836 1347
837 1885
838 878
838 1386
839 1281
840 1354
841 1477
841 1621
842 1873
844 1769
844 1977
846 1739
847 1623
849 1062
849 1841
850 1449
850 1641
851 1829
851 1887
853 1294
853 1411
853 1487
855 1637
856 1340
856 1453
856 1652
857 1205
857 1414
859 1381
861 950
861 1695
861 1788
861 1856
861 1941
862 1218
864 1146
865 1295
865 1334
867 1005
868 898
868 1641
869 1450
869 1712
869 1893
870 919
870 1068
870 1821
870 1914
872 1041
873 1151
873 1310
873 1484
873 1619
874 906
874 1871
875 1848
876 1952
879 897
879 1130
879 1851
880 1103
880 1739
881 895
881 1833
882 1362
882 1962
883 1135
883 1873
885 930
885 1175
885 1197
885 1388
885 1633
887 1128
887 1231
887 1539
887 1722
887 1823
887 1864
888 904
888 1028
888 1502
888 1520
888 1653
889 1111
889 1547
889 1762
893 941
893 1232
893 1432
894 1184
896 1375
896 1473
896 1712
897 1288
897 1375
897 1427
898 1067
898 1654
899 1574
900 1090
900 1250
901 1279
902 1306
902 1375
902 1508
902 1979
903 1050
903 1837
904 1166
904 1968
904 1979
906 1703
906 1726
907 973
907 1042
907 1633
908 1432
908 1639
908 1676
913 1277
913 1635
913 1698
914 1614
915 1198
915 1263
915 1282
917 949
917 1351
918 1391
919 1293
919 1745
920 1887
923 1343
923 1809
923 1963
926 1876
927 1404
927 1578
928 1238
928 1445
928 1485
928 1559
929 1229
929 1790
929 1974
931 1504
931 1767
933 968
933 1263
933 1387
933 1867
935 1493
936 959
936 1037
936 1481
936 1541
936 1635
937 1339
938 1438
939 1631
941 1195
941 1857
942 975
942 1789
943 1238
943 1329
943 1561
944 1254
944 1293
944 1328
944 1495
944 1849
945 1649
945 1674
946 986
947 1192
948 1405
949 1257
949 1518
950 1316
951 992
951 1558
954 1114
954 1354
954 1468
954 1671
955 1463
956 1795
957 977
957 1065
957 1821
958 1604
959 981
959 1081
959 1510
961 973
961 1244
961 1709
962 1209
962 1238
962 1351
962 1944
963 1468
963 1694
964 1648
965 1228
965 1274
968 1479
969 1837
970 1413
972 1358
972 1636
972 1681
972 1730
973 1424
973 1826
973 1888
976 1286
976 1716
977 1199
977 1583
978 1502
978 1982
979 1699
979 1817
981 1987
983 1446
983 1725
984 1050
984 1230
984 1394
985 1847
985 1961
986 1136
986 1692
987 1188
987 1771
988 1923
989 1365
990 1422
990 1586
991 1329
991 1806
991 1961
992 1609
992 1816
993 1140
993 1386
994 1032
994 1194
994 1368
994 1852
995 1663
995 1920
996 1501
998 1892
999 1549
999 1578
999 1645
999 1931
1001 1621
1003 1443
1003 1475
1004 1640
1005 1102
1005 1797
1006 1257
1006 1776
1008 1603
1008 1960
1009 1054
1010 1427
1011 1432
1011 1551
1011 1904
1012 1128
1014 1714
1015 1570
1015 1749
1016 1186
1016 1574
1017 1430
1017 1660
1017 1775
1017 1869
1019 1612
1020 1203
1020 1867
1021 1088
1021 1147
1021 1591
1022 1458
1022 1568
1022 1869
1022 1993
1023 1190
1024 1230
1024 1292
1026 1497
1026 1613
1026 1631
1028 1052
1030 1580
1030 1710
1032 1559
1032 1918
1033 1438
1034 1352
1036 1143
1036 1180
1036 1854
1036 1954
1037 1094
1037 1595
1038 1060
1039 1603
1039 1774
1040 1285
1041 1421
1043 1825
1044 1883
1045 1366
1045 1992
1046 1296
1046 1658
1047 1055
1047 1056
1048 1830
1049 1586
1049 1684
1050 1838
1050 1881
1051 1310
1051 1332
1051 1378
1053 1358
1053 1550
1053 1603
1053 1627
1053 1869
1055 1269
1055 1842
1056 1383
1056 1520
1056 1739
1057 1823
1059 1297
1059 1827
1060 1134
1060 1618
1060 1807
1061 1091
1061 1478
1061 1611
1062 1860
1063 1286
1063 1354
1064 1857
1066 1324
1067 1791
1068 1262
1068 1353
1068 1448
1068 1828
1068 1964
1070 1105
1070 1199
1070 1546
1070 1864
1070 1937
1072 1115
1073 1114
1076 1130
1076 1179
1076 1716
1077 1330
1080 1585
1080 1924
1082 1582
1083 1317
1083 1813
1084 1377
1084 1797
1084 1971
1085 1271
1085 1458
1085 1547
1085 1569
1085 1650
1086 1881
1087 1466
1089 1100
1090 1962
1092 1444
1092 1678
1092 1753
1095 1377
1095 1901
1096 1584
1096 1962
1097 1396
1098 1295
1098 1952
1099 1692
1101 1932
1102 1193
1102 1337
1102 1708
1103 1134
1103 1314
1104 1205
1104 1943
1106 1342
1106 1497
1107 1485
1108 1369
1109 1740
1111 1470
1112 1671
1117 1335
1118 1805
1119 1721
1120 1261
1121 1975
1122 1634
1122 1688
1122 1933
1123 1452
1123 1618
1124 1367
1124 1914
1125 1676
1127 1697
1127 1805
1127 1863
1127 1905
1128 1388
1128 1919
1129 1333
1129 1546
1131 1840
1132 1316
1133 1775
1135 1784
1135 1813
1137 1270
1137 1373
1137 1532
1137 1686
1138 1806
1141 1400
1141 1796
1144 1854
1145 1192
1146 1195
1146 1618
1146 1677
1147 1519
1148 1269
1149 1305
1149 1679
1154 1662
1154 1872
1154 1970
1156 1844
1157 1693
1158 1253
1159 1309
1160 1768
1162 1358
1163 1202
1163 1894
1164 1801
1165 1280
1166 1724
1167 1916
1169 1444
1170 1622
1171 1430
1171 1603
1171 1702
1171 1864
1172 1382
1172 1762
1173 1376
1173 1734
1175 1235
1175 1264
1176 1370
1176 1456
1176 1562
1176 1592
1176 1822
1177 1227
1180 1545
1180 1817
1182 1669
1182 1843
1182 1884
1183 1485
1183 1784
1185 1332
1186 1920
1187 1775
1188 1684
1188 1876
1190 1623
1191 1845
1191 1878
1192 1400
1192 1571
1192 1987
1195 1361
1195 1575
1197 1895
1198 1215
1198 1395
1198 1993
1199 1792
1199 1864
1199 1933
1200 1246
1200 1315
1200 1492
1201 1415
1201 1476
1202 1657
1202 1940
1203 1782
1204 1575
1204 1688
1204 1706
1205 1517
1206 1863
1206 1893
1208 1843
1208 1925
1209 1474
1209 1780
1209 1969
1210 1347
1210 1706
1211 1761
1212 1402
1214 1735
1216 1773
1217 1400
1219 1291
1220 1463
1221 1796
1221 1924
1222 1515
1222 1819
1223 1657
1224 1330
1225 1254
1226 1375
1226 1790
1227 1275
1227 1712
1227 1765
1231 1568
1232 1310
1232 1328
1232 1751
1233 1534
1234 1471
1234 1907
1235 1686
1236 1376
1236 1858
1237 1297
1237 1964
1239 1783
1240 1276
1240 1426
1244 1502
1246 1782
1248 1318
1249 1796
1251 1774
1252 1257
1252 1653
1252 1766
1253 1573
1255 1409
1256 1448
1256 1578
1257 1650
1259 1932
1260 1296
1260 1664
1260 1803
1261 1405
1261 1966
1262 1493
1263 1461
1265 1764
1267 1776
1268 1572
1268 1844
1269 1464
1269 1705
1269 1767
1270 1918
1273 1418
1273 1637
1274 1329
1274 1534
1275 1627
1278 1742
1279 1351
1279 1399
1279 1449
1279 1575
1280 1353
1280 1824
1280 1866
1280 1971
1281 1584
1282 1362
1282 1580
1283 1450
1283 1882
1284 1643
1285 1933
1286 1315
1286 1676
1288 1562
1288 1955
1290 1391
1290 1812
1291 1327
1291 1778
1292 1331
1292 1467
1292 1715
1293 1407
1293 1492
1293 1637
1295 1398
1296 1841
1297 1556
1300 1338
1301 1507
1301 1998
1302 1506
1302 1765
1305 1579
1305 1973
1306 1678
1307 1899
1308 1708
1309 1713
1310 1524
1312 1820
1314 1711
1315 1486
1316 1453
1317 1344
1317 1496
1317 1777
1319 1599
1319 1841
1320 1511
1320 1972
1321 1477
1322 1892
1323 1929
1324 1918
1325 1498
1329 1675
1330 1805
1332 1334
1332 1822
1333 1549
1334 1396
1334 1524
1335 1427
1335 1785
1335 1843
1336 1549
1337 1585
1341 1605
1341 1748
1342 1910
1343 1484
1345 1456
1345 1512
1347 1504
1348 1453
1348 1693
1350 1564
1353 1802
1354 1432
1355 1463
1355 1576
1356 1662
1360 1427
1360 1652
1360 1679
1360 1939
1361 1476
1361 1495
1362 1695
1362 1743
1362 1910
1363 1875
1364 1956
1365 1490
1365 1540
1365 1839
1365 1886
1366 1623
1367 1461
1367 1621
1368 1918
1369 1710
1369 1822
1370 1643
1372 1812
1373 1905
1374 1427
1374 1553
1374 1569
1375 1481
1375 1513
1375 1708
1375 1727
1375 1763
1377 1900
1378 1576
1378 1618
1380 1637
1384 1850
1386 1590
1387 1570
1387 1689
1388 1913
1388 1927
1388 1998
1391 1954
1391 1988
1394 1400
1394 1710
1395 1975
1397 1453
1398 1580
1398 1713
1399 1509
1402 1436
1404 1977
1406 1843
1408 1793
1408 1866
1408 1990
1410 1631
1411 1657
1411 1784
1411 1801
1412 1990
1413 1788
1414 1763
1414 1804
1417 1824
1419 1878
1419 1997
1420 1895
1423 1614
1426 1758
1428 1536
1428 1617
1429 1795
1430 1447
1430 1840
1434 1764
1435 1793
1436 1955
1439 1659
1440 1608
1440 1868
1442 1855
1444 1641
1444 1741
1445 1541
1447 1760
1447 1983
1449 1980
1451 1483
1454 1604
1454 1605
1456 1600
1457 1603
1461 1807
1462 1471
1463 1880
1464 1894
1467 1898
1468 1544
1468 1795
1468 1862
1469 1573
1470 1594
1471 1636
1472 1854
1475 1750
1476 1875
1478 1666
1478 1703
1479 1830
1480 1909
1481 1882
1482 1505
1482 1598
1483 1548
1483 1637
1483 1738
1483 1877
1484 1805
1485 1807
1486 1884
1487 1552
1487 1731
1487 1789
1488 1581
1488 1768
1489 1533
1490 1797
1490 1800
1490 1995
1491 1573
1494 1568
1494 1908
1496 1952
1497 1863
1499 1548
1500 1592
1501 1555
1503 1740
1504 1534
1507 1867
1509 1680
1510 1571
1510 1793
1511 1975
1512 1769
1514 1916
1516 1740
1516 1782
1517 1947
1522 1797
1523 1680
1523 1874
1525 1755
1528 1940
1532 1559
1532 1959
1537 1598
1537 1621
1538 1869
1539 1736
1540 1756
1541 1818
1546 1899
1547 1580
1549 1628
1550 1567
1550 1694
1551 1642
1551 1874
1552 1666
1552 1801
1552 1959
1555 1669
1555 1843
1555 1931
1556 1591
1557 1988
1560 1628
1560 1693
1561 1723
1562 1767
1565 1575
1565 1905
1566 1630
1566 1943
1567 1867
1568 1816
1568 1835
1570 1643
1573 1693
1573 1730
1575 1609
1575 1656
1578 1750
1579 1843
1579 1873
1585 1863
1591 1732
1591 1959
1592 1674
1592 1994
1593 1736
1599 1730
1604 1746
1606 1877
1606 1883
1608 1750
1609 1663
1611 1994
1613 1866
1615 1677
1615 1949
1617 1639
1621 1767
1621 1815
1623 1800
1626 1724
1631 1708
1633 1745
1637 1945
1641 1687
1644 1862
1644 1952
1645 1732
1648 1781
1649 1961
1650 1797
1653 1994
1655 1952
1656 1957
1658 1732
1659 1836
1662 1816
1662 1899
1667 1880
1667 1991
1669 1688
1673 1691
1675 1705
1680 1934
1681 1972
1682 1995
1686 1952
1691 1836
1691 1888
1698 1831
1698 1991
1701 1741
1708 1757
1713 1740
1713 1870
1715 1968
1718 1741
1718 1809
1720 1855
1725 1917
1728 1780
1728 1814
1733 1822
1733 1859
1734 1821
1736 1943
1740 1874
1747 1850
1747 1914
1748 1855
1749 1882
1755 1834
1760 1966
1763 1774
1770 1904
1771 1820
1774 1783
1777 1977
1779 1944
1780 1812
1784 1852
1786 1952
1787 1989
1788 1953
1795 1871
1809 1924
1820 1984
1821 1891
1831 1978
1835 1869
1837 1878
1846 1984
1849 1917
1851 1962
1851 1984
1852 1875
1857 1993
1866 1993
1869 1992
1877 1925
1877 1991
1878 1914
1878 1997
1895 1926
1899 1929
1901 1960
1910 1969
1934 1986
1938 1940
1948 1973
1958 1979
1958 1980
