2000 2915
2
69
23
15
32
45
33
71
29
76
75
67
65
47
15
97
57
60
25
52
46
40
53
53
36
10
43
76
36
17
25
26
94
10
83
48
57
57
80
79
88
77
47
95
30
34
96
74
51
5
15
42
62
73
65
85
61
71
5
79
34
53
47
71
47
92
99
4
40
50
13
27
65
52
39
12
49
64
5
54
92
43
9
15
27
38
50
23
40
14
42
83
70
45
34
36
53
10
95
34
96
40
74
38
2
42
55
48
2
9
90
32
3
24
66
1
84
51
60
18
4
6
39
46
96
77
66
46
38
35
68
84
46
35
49
4
35
83
22
1
35
8
55
44
6
87
63
33
61
3
31
9
3
46
74
87
55
94
43
79
12
38
43
13
45
63
73
93
75
14
83
37
6
38
40
97
90
83
95
87
57
21
22
8
88
18
55
75
11
10
100
15
57
80
40
74
68
19
47
51
82
40
89
9
46
87
26
56
45
51
8
29
81
5
82
23
61
69
38
27
3
78
21
8
95
28
8
89
41
54
19
87
13
11
96
26
34
73
97
54
7
12
42
81
73
21
10
49
11
64
51
31
64
23
24
26
53
56
83
31
8
69
60
39
80
95
41
81
88
49
78
86
61
66
24
84
77
43
28
51
59
57
64
53
17
55
72
67
69
92
94
68
1
18
23
78
35
61
87
93
59
3
44
64
48
7
70
77
13
48
6
57
96
83
22
54
3
3
60
26
46
29
39
35
39
78
60
52
15
47
21
32
71
68
1
94
66
87
42
22
33
7
60
9
94
86
47
10
32
55
21
11
4
55
96
52
78
82
39
91
71
94
23
18
50
48
77
15
90
99
14
30
3
91
70
13
24
51
61
1
73
96
1
56
39
37
15
43
27
75
92
85
48
71
42
89
78
48
49
6
50
51
26
47
1
100
65
6
70
81
42
41
49
56
20
27
31
50
45
71
67
61
80
23
70
52
98
99
25
45
36
68
99
92
35
90
15
81
90
23
70
84
63
38
49
14
45
79
21
48
100
36
59
20
86
60
12
29
94
73
44
26
21
85
60
13
58
10
97
24
61
95
44
39
57
90
98
88
44
49
71
91
24
2
81
92
72
28
94
71
61
13
77
92
82
98
65
98
45
26
20
56
49
29
45
94
34
46
45
68
71
33
37
92
38
50
46
67
3
7
75
38
39
16
66
74
32
55
40
15
26
98
49
61
38
82
23
4
96
95
100
28
67
69
6
33
4
36
54
31
61
56
41
100
31
48
50
20
95
94
11
2
51
53
84
81
25
9
80
35
72
68
93
21
20
94
17
59
59
33
69
78
45
100
86
80
14
9
13
3
77
86
37
30
57
86
18
91
68
2
93
19
19
20
76
45
35
78
19
26
83
31
28
72
95
32
55
27
48
8
55
5
92
62
8
88
51
64
67
52
79
20
64
69
9
59
80
62
90
52
10
62
7
100
66
60
23
20
44
15
32
49
90
28
41
72
95
94
73
27
35
45
50
92
51
90
7
80
91
62
13
48
58
57
98
3
13
53
4
38
28
73
77
80
55
75
14
85
83
82
92
50
3
33
51
40
81
88
46
96
60
94
24
33
2
76
80
83
98
88
68
28
66
97
7
64
57
6
94
4
3
90
24
78
50
7
8
19
84
44
28
67
16
31
24
98
25
95
39
15
23
66
12
84
85
65
50
58
80
2
91
96
9
41
62
18
86
29
93
71
74
100
36
65
19
43
93
41
83
87
81
46
41
59
45
71
82
26
18
65
74
27
85
96
26
18
76
91
11
7
23
57
76
8
5
92
78
98
75
74
44
57
52
67
72
96
66
53
97
54
22
95
10
80
72
60
66
54
60
53
44
9
26
43
97
26
93
13
52
60
32
13
31
65
81
28
81
7
67
61
57
46
45
32
46
32
45
22
79
26
34
90
36
99
69
98
83
90
51
75
18
10
42
68
82
65
61
77
65
95
31
54
10
65
45
42
30
66
100
40
37
2
35
15
85
76
57
33
38
2
44
34
47
84
55
70
8
60
68
10
11
22
17
96
75
1
5
4
19
37
79
45
80
99
51
88
28
40
43
4
15
79
79
10
81
27
7
8
48
32
70
41
91
43
12
33
21
46
30
48
3
88
25
24
27
47
52
1
28
44
50
91
26
47
28
96
97
8
15
100
67
34
3
87
7
29
79
23
91
60
24
61
22
44
97
48
78
37
36
8
95
85
83
3
43
20
79
73
20
62
32
84
36
27
89
59
63
6
72
84
51
19
89
52
7
74
94
41
42
41
8
73
57
45
92
27
15
81
21
63
20
41
30
78
52
70
95
78
66
45
72
8
32
45
49
62
44
97
33
95
33
58
45
63
37
85
40
59
44
13
79
90
59
21
86
55
4
66
45
89
28
36
87
96
45
88
98
40
100
68
86
25
26
86
21
85
86
80
31
92
50
35
48
15
74
84
4
2
51
3
20
30
79
84
55
23
20
45
96
97
2
28
55
100
12
39
65
48
94
66
78
32
75
22
3
20
22
23
74
71
18
5
54
32
94
26
88
98
9
51
85
87
45
37
81
41
31
55
36
93
13
37
30
3
98
69
4
14
17
33
28
12
43
64
71
49
33
84
63
64
25
6
6
79
94
97
45
68
34
51
82
7
94
66
52
82
94
72
13
54
42
18
86
78
80
49
59
22
46
49
35
67
24
47
12
90
77
36
19
82
89
32
10
13
88
79
67
4
41
76
79
57
25
2
20
42
99
57
58
29
71
70
36
36
82
27
1
72
32
54
5
13
70
4
51
11
39
62
15
56
24
15
20
80
35
28
7
30
37
44
97
100
54
69
25
57
12
43
94
94
29
94
92
63
100
91
27
26
3
77
53
92
75
3
61
97
64
14
4
67
54
45
93
25
71
50
2
33
31
3
56
90
64
60
41
48
90
51
100
81
53
11
52
90
84
81
57
16
8
87
35
17
69
53
12
71
62
87
84
95
86
18
15
38
36
57
74
38
58
77
8
26
11
93
21
42
26
97
11
51
80
93
41
62
50
56
52
37
96
78
50
5
23
68
62
80
22
48
98
36
100
22
55
88
41
89
29
55
14
42
61
21
54
81
71
9
9
6
28
45
28
79
7
39
38
32
4
65
86
52
98
20
53
37
19
51
42
23
44
16
75
56
60
46
51
72
54
94
51
93
6
86
75
62
2
84
22
75
63
4
71
72
65
79
88
74
74
3
66
28
92
44
81
3
79
93
60
66
9
35
97
1
12
17
32
69
26
40
65
77
89
18
7
91
81
38
46
19
12
12
73
24
54
97
93
78
28
63
44
41
75
79
72
86
35
59
72
67
64
15
93
49
56
67
60
26
54
35
25
62
88
10
59
62
93
52
40
24
64
50
12
75
69
34
20
22
35
81
70
35
31
75
71
58
43
22
25
25
11
43
13
90
75
52
20
33
78
8
64
11
78
79
42
54
12
90
11
7
71
61
61
35
63
33
27
53
21
41
90
21
16
90
56
31
99
67
20
21
69
36
23
4
33
17
40
64
2
41
37
2
36
100
25
99
78
81
56
15
86
1
14
46
21
71
17
99
63
76
96
91
67
51
90
54
61
31
73
15
68
42
96
91
20
97
87
42
61
41
41
50
72
99
91
82
91
25
63
27
36
18
28
33
78
24
4
65
45
33
6
98
66
69
4
95
7
59
76
87
7
13
36
41
80
81
61
94
58
95
89
20
5
94
97
28
54
98
7
34
36
73
59
32
14
9
27
54
96
7
24
5
16
90
2
66
55
46
69
49
17
47
54
12
17
60
42
38
45
94
16
64
85
35
44
56
92
52
93
57
32
97
28
38
37
42
1
50
46
30
88
29
7
36
35
4
79
89
84
58
61
22
76
44
14
89
11
93
2
56
52
50
40
15
82
87
80
22
12
12
35
14
6
21
32
48
34
22
5
56
39
12
81
33
73
10
90
97
87
6
83
31
58
5
70
28
13
32
22
93
58
25
42
18
17
13
8
64
49
48
31
5
3
10
57
2
36
2
56
76
33
18
69
75
28
44
12
36
50
1
67
69
37
59
48
11
60
55
42
72
94
12
43
46
67
18
42
51
29
64
22
22
6
77
27
9
41
40
85
23
92
85
5
6
1
21
2
43
17
80
100
51
99
11
2
58
21
44
45
19
72
72
8
88
67
28
32
76
69
79
53
34
33
27
88
41
68
92
67
33
91
100
50
86
42
17
86
73
36
41
46
18
95
42
92
79
72
96
19
65
39
9
58
35
25
91
61
78
8
92
66
10
43
8
56
1
14
32
55
63
40
85
34
41
37
37
45
67
72
62
67
23
29
85
52
54
64
10
67
63
1
72
6
96
7
82
16
54
59
81
42
76
26
35
49
1
96
30
28
83
73
33
40
56
89
64
72
66
87
70
75
76
14
71
76
44
52
13
95
79
67
92
77
97
22
57
55
34
33
78
22
35
49
74
12
92
15
22
24
13
87
20
60
88
20
4
51
24
28
92
10
90
0 56
0 339
0 1469
1 62
1 255
1 414
1 1367
3 178
3 853
4 746
4 821
4 1599
5 1129
6 8
6 196
6 258
6 423
6 562
6 1052
6 1341
6 1685
7 1938
8 192
8 600
8 638
8 884
8 959
9 127
9 1345
9 1872
10 771
10 1316
10 1974
11 952
11 1030
11 1267
12 427
12 1081
12 1089
12 1123
12 1310
12 1515
12 1711
12 1818
13 139
13 540
13 868
14 283
14 1251
14 1465
15 1122
15 1756
15 1913
16 204
16 214
16 234
16 610
16 619
16 1442
16 1651
17 68
17 1146
17 1294
18 34
18 557
18 609
18 1567
19 1108
19 1663
19 1717
21 1098
21 1405
21 1884
22 175
23 1974
24 455
25 402
25 495
25 713
25 1539
25 1886
26 480
26 693
26 809
27 496
27 1167
27 1403
27 1437
28 288
28 309
28 990
28 1087
29 57
29 68
29 115
29 1533
29 1727
29 1805
30 713
30 873
30 1530
31 1069
31 1721
32 790
33 824
33 1402
34 923
34 1878
35 49
35 56
35 157
35 554
35 661
35 1707
36 272
36 651
36 1344
36 1421
36 1699
37 530
37 997
39 1314
39 1803
40 408
40 1138
42 914
42 928
42 1320
43 1442
43 1469
43 1496
43 1873
44 291
45 610
45 1453
46 159
46 1220
46 1835
47 188
47 484
48 1912
49 866
49 1169
50 215
50 534
50 640
50 684
50 786
51 881
51 1094
52 1187
52 1236
53 136
53 687
53 725
53 1175
53 1457
53 1924
53 1926
54 132
55 541
55 1663
56 210
56 264
56 1117
56 1646
57 883
57 1023
57 1116
57 1419
58 371
58 433
58 641
58 917
58 1045
58 1342
59 1198
59 1945
60 114
60 1292
60 1294
60 1419
61 752
61 1160
61 1179
61 1480
62 313
62 830
62 1299
62 1396
62 1418
63 216
63 541
63 691
63 1025
64 1557
65 360
66 574
66 658
66 1581
67 223
67 473
67 1812
68 172
68 280
68 472
68 816
69 419
69 575
69 1525
69 1615
69 1768
69 1855
70 694
70 828
70 1253
71 275
71 831
71 895
71 1042
71 1135
72 151
72 455
72 1196
72 1549
72 1843
73 214
73 257
73 271
73 407
73 1158
74 541
74 1349
75 287
75 500
75 573
75 988
75 1107
76 375
76 464
76 1676
77 1305
77 1575
77 1852
78 1764
79 578
79 1691
80 388
80 398
80 1833
81 1698
82 319
82 1674
82 1681
83 131
83 264
83 1095
83 1172
84 223
84 261
84 781
84 1118
84 1215
85 504
85 1602
86 1157
86 1359
86 1619
88 95
88 140
88 1583
89 748
89 910
90 409
90 1572
91 257
91 334
91 506
91 1768
92 1035
93 1876
94 370
95 765
95 1677
96 960
97 164
97 956
97 1206
98 336
98 424
98 782
98 1016
98 1804
99 1799
100 882
100 1501
100 1740
101 344
101 1172
101 1224
102 1016
102 1343
102 1825
102 1880
103 582
104 492
104 1587
105 769
105 1092
105 1177
105 1575
106 184
106 274
106 1835
106 1848
107 460
107 822
107 838
107 1405
107 1461
108 685
108 870
108 1154
108 1426
109 480
109 904
109 914
109 1292
109 1900
110 758
110 1234
110 1722
111 112
113 1556
114 1019
115 1765
116 1426
116 1992
117 545
117 1017
117 1102
118 284
118 632
118 1443
119 986
120 368
120 473
120 981
120 1100
120 1794
121 601
121 1329
121 1956
122 211
122 1349
122 1527
122 1568
123 460
123 1155
123 1306
124 869
124 1574
125 747
125 1431
126 1839
127 181
127 1509
128 1654
128 1726
129 227
129 1059
130 195
130 1489
130 1803
131 590
131 730
131 1650
131 1883
132 720
132 754
132 1036
132 1726
132 1978
133 1657
134 777
134 1677
134 1943
135 385
135 574
135 1734
136 425
136 498
136 1052
137 631
137 670
137 1060
137 1349
137 1625
137 1938
137 1961
138 550
138 877
138 1589
138 1921
138 1933
139 433
140 1188
141 297
141 879
141 1549
141 1648
142 336
142 679
142 1433
142 1960
143 266
143 593
143 1483
143 1803
144 1228
144 1814
144 1843
145 1165
145 1843
146 285
146 643
146 1410
146 1835
147 678
148 696
148 1288
148 1368
148 1378
149 652
149 891
149 1286
149 1813
150 384
150 1111
151 197
151 376
151 450
151 749
151 1324
152 567
152 1057
152 1127
152 1600
152 1778
153 1082
153 1964
153 1993
154 664
154 1086
154 1331
154 1599
154 1601
155 895
155 1019
156 258
156 784
157 1399
158 659
158 1803
159 1644
161 780
161 893
161 1239
161 1349
161 1424
161 1432
162 167
162 325
162 1419
162 1476
162 1706
162 1869
163 600
163 972
163 1071
164 242
164 1027
165 222
165 437
165 774
165 1305
165 1376
166 306
167 986
167 1582
168 426
168 1052
168 1211
168 1920
170 1683
171 1223
171 1256
171 1611
172 422
172 1518
173 1015
173 1475
173 1498
173 1664
174 411
174 1216
174 1305
174 1390
174 1429
176 1560
177 772
177 1442
177 1686
178 636
178 1313
178 1346
178 1730
178 1835
179 661
179 1218
179 1818
179 1847
180 185
180 324
182 1929
183 863
183 1458
183 1649
185 249
186 1526
186 1740
186 1907
186 1967
187 188
187 1598
188 222
188 579
188 1792
189 352
189 632
189 1003
189 1109
190 460
190 902
190 957
190 1846
191 466
191 753
192 512
192 1558
192 1771
192 1800
193 709
193 794
193 994
193 1318
194 1654
195 946
195 1550
195 1663
195 1790
196 471
196 927
196 1714
197 225
197 848
197 1467
198 207
198 263
198 877
198 1838
199 741
199 902
199 1401
199 1593
200 239
200 734
201 787
201 823
201 1686
202 1725
203 1066
204 1130
206 1250
206 1610
207 305
207 572
207 811
207 1628
209 381
210 1346
210 1497
210 1979
211 1334
213 427
214 525
214 1139
214 1413
215 585
215 1266
216 1164
216 1815
217 1170
218 336
218 539
218 1833
219 636
219 725
220 238
220 537
220 1525
221 1231
221 1463
222 1452
222 1475
223 258
223 725
223 1834
224 386
224 603
224 1005
225 1126
225 1925
226 1556
226 1770
228 718
229 1195
229 1620
229 1683
230 419
230 715
230 1460
231 558
231 613
231 725
231 1741
232 451
232 1920
232 1992
233 304
233 1047
234 259
234 1431
234 1948
236 1140
236 1554
237 320
237 872
237 1563
238 344
238 469
238 575
238 642
238 1037
239 478
239 548
239 1608
239 1613
240 1493
241 1527
241 1588
241 1610
241 1935
242 568
242 652
242 1312
242 1846
243 279
243 1621
243 1636
244 513
244 806
244 1329
244 1908
245 787
245 1144
245 1503
245 1812
246 983
246 1425
247 810
247 1134
248 518
248 635
248 878
248 1583
249 491
249 721
249 1047
250 290
250 343
250 812
250 1125
250 1745
250 1757
250 1764
250 1780
251 741
251 1176
251 1365
252 1946
253 575
253 748
253 1166
253 1222
253 1862
253 1903
254 572
254 1039
254 1042
254 1232
254 1770
255 1507
256 289
256 1123
257 621
257 781
257 1102
257 1315
258 754
258 802
258 1013
259 1786
260 1416
260 1757
261 794
261 1001
261 1464
262 448
262 952
262 1336
262 1619
263 547
263 1276
263 1469
264 618
264 798
265 1193
265 1290
266 969
267 818
267 1035
267 1220
267 1502
268 1018
269 798
270 828
270 1062
270 1088
270 1624
270 1648
271 745
271 1035
271 1235
272 828
273 778
273 802
273 1367
273 1447
273 1491
273 1649
274 723
274 745
274 973
274 1477
274 1613
275 348
275 595
275 664
275 1823
276 1775
277 459
277 901
277 1650
277 1705
278 846
279 324
279 446
279 660
279 792
279 1164
280 878
281 477
281 1394
282 446
282 458
282 462
282 580
282 839
282 860
282 1057
282 1177
283 850
284 856
285 348
286 594
286 1069
286 1235
286 1942
287 531
288 1755
289 1115
289 1403
290 554
290 1431
292 557
292 1947
293 370
293 1291
294 1291
294 1452
294 1848
295 384
297 424
297 1759
298 953
298 1755
300 1179
300 1545
301 541
301 1709
302 329
302 469
302 1544
304 1695
305 670
305 1472
305 1525
305 1830
306 932
307 1123
308 353
308 729
308 1258
308 1554
308 1644
309 1516
310 603
310 1450
310 1477
311 682
311 801
311 1025
311 1113
311 1859
312 548
313 536
313 576
313 672
313 959
313 1701
314 561
315 1574
316 450
316 784
316 1512
317 1460
317 1536
318 1151
318 1288
318 1468
318 1584
318 1730
318 1741
318 1994
319 717
319 959
320 635
320 944
320 1121
320 1171
320 1773
321 770
321 1410
321 1831
322 555
322 1224
322 1423
323 1168
324 1421
325 1301
325 1874
326 898
327 657
327 1279
327 1360
328 1721
328 1861
329 366
330 693
330 944
330 1065
331 853
331 1199
332 594
332 802
332 1871
333 780
333 1324
333 1751
334 1617
334 1981
335 380
335 485
336 1529
336 1867
337 601
337 900
338 930
338 1448
339 954
340 1253
340 1732
340 1748
341 1082
341 1319
341 1812
341 1835
342 424
343 1974
344 615
344 1380
345 1476
346 1874
347 809
347 943
347 1257
347 1903
348 845
348 861
349 1137
349 1474
350 404
351 986
352 1295
352 1548
352 1635
352 1744
352 1861
353 1375
355 747
355 1438
356 1267
356 1343
357 477
357 1181
357 1247
357 1978
358 682
358 1609
358 1722
359 1742
360 1148
360 1267
360 1455
360 1531
360 1675
361 1183
361 1533
361 1686
362 1332
362 1767
362 1843
362 1857
363 1758
364 386
364 1121
364 1440
364 1470
365 426
365 430
365 1201
365 1272
366 528
366 1259
366 1648
367 870
367 1593
368 1362
368 1386
368 1827
368 1919
369 427
369 818
369 1709
369 1842
369 1915
370 408
370 1482
370 1486
371 656
371 991
371 1418
372 581
372 919
373 511
373 604
373 1053
374 500
374 551
374 1030
375 513
375 1090
376 584
376 886
376 992
377 571
377 789
377 1675
378 507
378 1053
378 1204
379 702
379 997
379 1082
379 1149
379 1282
379 1471
379 1571
380 1858
381 1079
382 1375
383 1598
383 1782
383 1862
384 1971
385 498
385 1364
386 617
387 619
387 770
387 800
387 963
387 1717
388 740
388 860
388 1191
388 1390
389 1220
389 1437
389 1822
390 539
390 757
390 1222
390 1436
390 1925
390 1966
391 486
392 857
393 671
393 957
393 1122
393 1216
393 1513
394 531
395 1098
395 1572
396 487
398 1428
398 1913
401 1129
402 417
402 924
403 1591
404 447
404 828
404 1264
404 1774
404 1951
405 1628
407 1815
408 1047
409 526
409 1178
410 1476
410 1706
411 452
412 671
412 859
412 1102
413 979
413 1167
413 1367
413 1424
414 1107
414 1182
415 867
415 1403
415 1579
415 1993
416 875
417 960
418 806
418 1280
418 1953
419 1541
420 577
423 812
423 975
423 1326
423 1691
423 1733
424 1396
426 1747
427 1972
428 1827
428 1865
428 1899
429 595
429 1771
430 441
430 883
430 946
431 467
431 1479
431 1855
432 1031
433 1846
434 934
434 1501
434 1828
435 1021
435 1175
435 1983
436 923
436 1234
436 1386
436 1587
437 502
437 783
437 1442
438 799
438 1079
438 1452
438 1486
439 603
439 992
439 1567
439 1831
440 534
440 769
440 1984
441 738
442 1358
442 1441
443 485
443 1194
443 1275
443 1343
443 1351
443 1969
444 1618
445 849
445 1058
445 1276
445 1540
446 1861
447 1624
447 1932
448 596
448 1003
448 1265
448 1712
448 1718
449 953
450 601
450 733
450 828
450 886
450 914
450 981
450 1763
451 937
451 1662
452 908
452 1257
452 1586
452 1726
453 1274
453 1646
454 1059
454 1307
455 757
456 1190
457 1905
458 1261
458 1728
459 1298
460 1244
460 1451
461 1660
462 1339
463 729
463 830
463 906
463 1565
463 1865
463 1922
463 1945
464 775
464 1557
465 964
465 1834
466 951
466 1368
468 769
468 893
468 1456
469 1415
469 1719
469 1821
469 1869
470 1456
471 1067
471 1385
471 1465
471 1573
471 1584
472 1903
473 1636
475 555
475 1196
475 1418
476 1937
477 1629
478 1518
479 1394
480 573
480 796
480 1463
481 1500
481 1694
482 599
483 1029
483 1110
485 1240
485 1277
485 1284
485 1343
485 1569
485 1607
486 709
486 784
486 983
486 1152
487 984
487 1628
488 1347
489 1180
491 513
492 1375
492 1869
493 1221
494 1546
494 1643
495 1702
496 692
496 1194
497 944
497 1011
497 1525
497 1933
499 708
500 994
500 1106
500 1382
500 1786
500 1848
501 1241
501 1358
501 1528
501 1615
501 1908
503 1203
503 1707
503 1771
504 568
504 722
504 1648
504 1777
505 1110
505 1158
505 1414
505 1819
505 1853
506 735
506 1060
506 1869
507 1110
508 1945
509 1176
509 1829
509 1908
509 1955
510 621
510 896
510 1742
511 894
511 1068
512 781
512 1498
512 1775
512 1866
513 514
513 847
513 1216
514 621
514 784
514 997
514 1067
515 1691
515 1771
516 849
517 1067
517 1728
519 524
519 805
519 1983
519 1990
520 1549
520 1889
520 1983
521 697
521 701
521 868
521 1505
523 916
523 1244
523 1307
523 1503
524 1129
525 830
525 879
525 1074
526 1052
526 1386
526 1854
526 1948
527 1351
528 1049
528 1094
528 1556
528 1563
528 1797
529 1017
529 1548
530 551
530 1525
532 797
532 1788
533 1202
533 1509
534 1172
534 1340
534 1540
534 1965
535 1494
537 590
538 899
538 1571
538 1606
539 1048
539 1743
539 1773
539 1955
540 1381
541 719
541 1629
542 986
542 1214
542 1456
542 1548
543 696
543 706
543 717
543 1986
544 1363
545 756
545 1008
545 1605
545 1753
545 1847
546 593
546 897
546 1573
547 717
547 990
547 1343
547 1731
548 843
549 1818
550 734
550 1008
551 1426
551 1436
551 1758
552 769
552 1187
552 1671
552 1736
552 1746
553 1001
553 1259
554 1273
554 1410
556 797
556 941
557 1266
558 723
558 767
558 1138
558 1440
558 1616
559 1167
559 1224
559 1267
560 632
560 1335
560 1394
561 581
561 1079
562 1014
563 1067
563 1566
564 1382
564 1432
565 958
566 868
566 1267
566 1731
567 893
567 1346
567 1420
567 1737
567 1951
568 1153
568 1257
568 1418
568 1555
568 1757
569 577
569 651
570 1283
570 1284
570 1864
571 602
571 904
573 1038
573 1090
573 1657
574 1100
574 1574
574 1833
574 1862
575 857
575 1230
575 1784
575 1879
576 944
576 1189
576 1245
576 1443
576 1733
577 1423
577 1431
577 1492
578 848
578 1045
578 1652
579 719
579 1104
579 1130
580 1223
580 1779
581 1491
582 909
583 1158
583 1223
583 1398
583 1624
583 1745
584 968
585 1157
586 1130
587 1197
587 1875
589 1017
589 1601
590 1804
590 1948
591 1085
591 1521
591 1879
593 1853
594 804
594 1074
594 1540
594 1777
594 1945
595 1405
596 1168
597 913
597 1054
597 1093
597 1492
600 1727
601 1551
601 1658
602 1046
603 1060
603 1571
603 1659
604 690
604 768
604 1430
604 1886
605 635
605 717
605 750
605 796
605 1280
605 1446
606 881
606 1670
607 1132
607 1975
608 644
608 946
608 1309
608 1836
609 1052
609 1574
609 1582
610 1593
611 621
611 1036
611 1581
612 807
612 1955
614 1501
614 1661
616 1710
617 970
617 1423
617 1711
618 1041
618 1050
618 1198
618 1359
618 1398
618 1512
618 1671
619 1732
620 774
620 1263
620 1472
621 1985
622 1031
622 1132
623 745
623 1027
623 1750
623 1958
624 1372
624 1614
626 1167
627 1415
627 1570
628 1902
630 910
630 988
630 1171
630 1780
631 1454
631 1955
632 635
632 803
632 1113
632 1801
634 1283
634 1836
634 1862
635 1161
635 1467
636 1352
636 1623
636 1634
638 753
638 847
638 1555
638 1782
639 1769
640 856
641 652
641 1317
641 1793
642 1590
643 851
643 1438
644 1038
644 1380
644 1425
644 1689
645 865
646 830
646 1292
646 1478
646 1490
647 895
647 1299
647 1997
648 952
648 1874
649 1581
649 1827
649 1978
650 1393
650 1713
651 1036
651 1363
651 1822
653 864
654 700
654 1406
655 827
656 842
657 1103
657 1150
658 1513
659 1171
659 1515
659 1545
660 853
660 1520
660 1971
661 794
661 1178
661 1742
661 1801
662 1368
663 913
663 1199
663 1867
664 1887
665 1047
666 683
666 866
666 954
667 786
668 974
668 1000
668 1293
669 937
669 1666
670 983
670 1029
670 1591
671 1687
672 781
672 892
672 991
673 891
673 1660
674 1875
675 956
675 1247
675 1356
676 1538
677 965
677 1268
677 1515
678 1196
679 1544
680 924
680 1252
680 1443
681 842
681 1349
681 1608
682 1240
682 1560
683 1057
683 1770
684 1329
684 1501
684 1712
685 1345
685 1536
686 835
686 1068
686 1223
686 1681
688 1608
688 1937
688 1972
689 1084
689 1339
689 1350
690 1211
690 1222
690 1683
690 1871
694 857
694 1110
694 1332
694 1924
696 1345
696 1702
697 1704
697 1723
697 1838
697 1959
698 1301
698 1655
699 1306
699 1364
699 1466
700 1061
700 1135
701 1374
707 1413
707 1569
708 1199
708 1900
709 1266
709 1795
712 1443
712 1945
713 718
713 1352
713 1800
714 1437
715 1286
715 1374
715 1468
715 1717
716 1545
716 1733
717 1177
717 1365
718 1004
718 1501
718 1786
718 1848
719 945
719 998
719 1245
722 1102
722 1411
722 1640
723 1206
723 1513
724 1589
724 1694
726 1103
727 1360
727 1434
727 1897
729 1792
730 1886
732 885
733 1034
734 737
734 1188
734 1546
734 1685
735 1169
736 1073
738 1908
739 1357
739 1913
740 1099
740 1921
742 1333
743 750
744 1120
745 1103
745 1301
746 778
746 899
746 1379
747 1798
748 1101
748 1683
748 1814
749 1442
749 1914
750 754
750 1590
750 1818
751 985
752 935
752 1521
752 1741
753 850
753 1924
754 958
754 1861
755 1180
755 1873
756 1923
757 1170
758 1759
759 965
760 989
761 907
761 1008
761 1446
761 1683
761 1815
762 1707
763 1450
764 1105
764 1749
764 1888
765 1393
765 1705
765 1966
767 1377
768 1169
768 1350
769 1792
770 1883
771 1231
771 1679
771 1704
772 1131
774 1686
774 1773
775 1171
775 1447
775 1526
775 1530
775 1689
776 810
776 1066
777 1398
777 1612
778 993
779 1733
780 1453
782 1717
783 1658
783 1783
784 850
785 1710
785 1735
785 1769
785 1990
786 1335
787 1751
788 918
789 810
789 1211
789 1343
789 1934
791 920
791 1239
791 1776
792 1482
793 1039
793 1547
794 960
794 1338
794 1679
795 1274
795 1463
795 1724
796 1157
796 1200
797 799
798 1929
798 1950
799 983
801 1767
802 991
803 1294
804 887
804 1193
804 1905
805 1010
806 1074
806 1107
806 1135
807 1004
807 1496
807 1723
807 1855
808 1276
809 1128
809 1676
810 1920
812 913
812 1091
812 1378
812 1572
813 839
813 1012
813 1392
813 1504
814 1456
815 1140
815 1423
817 896
818 1334
818 1724
818 1882
819 1033
819 1078
819 1439
819 1760
820 1920
821 1903
823 982
823 1352
824 894
824 1391
824 1593
824 1941
826 1515
827 1320
827 1468
829 1314
829 1349
829 1426
830 1540
830 1892
831 1551
831 1637
832 1335
832 1816
833 993
833 1104
833 1143
833 1784
833 1877
833 1911
834 1118
834 1246
834 1347
835 921
836 848
836 1156
836 1304
836 1312
836 1783
837 1455
838 865
838 1354
838 1687
838 1749
839 973
840 1756
840 1759
840 1821
840 1918
840 1927
841 1532
841 1762
841 1843
842 1919
843 943
844 1869
845 1394
846 1132
849 1100
849 1826
849 1855
851 906
852 1283
853 1114
853 1161
855 1501
856 1102
856 1366
857 1114
857 1228
857 1352
857 1526
858 916
858 1009
859 1841
860 1902
861 902
861 1013
862 874
862 1386
862 1440
862 1710
863 1131
863 1964
864 1314
864 1416
864 1568
865 957
865 1150
866 919
866 987
866 1197
866 1214
866 1380
867 1670
868 1710
869 1575
869 1884
871 1768
872 1072
872 1442
874 1616
875 1310
876 974
876 1077
876 1195
876 1498
877 1070
877 1304
877 1460
878 1239
878 1284
879 894
879 1037
880 988
880 1105
882 1059
882 1426
883 1807
884 1132
884 1280
884 1560
884 1687
888 1798
888 1812
889 1466
891 1289
891 1621
891 1870
892 1368
893 988
893 1056
894 1487
894 1683
894 1977
895 1470
895 1478
897 1341
898 945
899 1469
900 1374
900 1864
901 975
902 1242
902 1253
902 1800
904 1320
906 1157
907 952
907 1034
907 1056
908 1265
908 1277
908 1346
909 1456
909 1522
911 954
912 1771
913 1683
914 995
914 1494
915 985
915 1971
916 1090
916 1575
916 1926
918 1283
918 1610
919 1068
921 1494
922 929
922 1602
926 1986
928 1297
928 1300
928 1404
928 1549
929 1700
930 1108
930 1123
930 1979
931 1111
931 1175
932 1209
932 1371
934 1085
934 1837
934 1868
935 1241
935 1527
936 1368
937 1023
937 1816
939 978
939 1076
940 1560
941 1003
942 1871
944 1112
944 1285
944 1762
944 1916
945 1185
945 1785
945 1917
946 1401
946 1747
946 1845
947 1382
947 1638
947 1831
949 1030
949 1529
950 1086
950 1831
951 1152
951 1302
951 1516
951 1714
952 1566
953 1458
953 1787
953 1883
954 1165
954 1546
955 1538
956 1001
956 1130
956 1284
956 1640
957 1268
957 1826
957 1862
961 1011
961 1015
961 1339
962 1460
963 969
963 1115
963 1220
964 1407
964 1612
964 1878
965 1103
965 1326
965 1811
966 1899
967 1650
968 1584
968 1870
969 1683
970 1122
970 1418
970 1965
971 1804
972 1551
972 1585
973 1078
975 1826
976 1372
976 1729
976 1806
977 1251
977 1677
980 1304
980 1457
980 1948
983 984
983 1803
986 1404
986 1804
987 1145
987 1501
989 1484
989 1706
990 1500
993 1170
994 1063
995 1217
996 1926
997 1379
997 1841
999 1652
1000 1045
1000 1438
1000 1487
1002 1408
1004 1331
1004 1731
1006 1447
1006 1521
1007 1227
1007 1536
1007 1944
1009 1472
1009 1698
1011 1435
1011 1573
1012 1264
1012 1747
1013 1277
1013 1367
1013 1430
1013 1456
1015 1170
1015 1440
1015 1508
1015 1632
1017 1641
1018 1071
1018 1275
1018 1751
1019 1120
1019 1783
1020 1640
1021 1301
1021 1466
1021 1512
1023 1919
1024 1199
1025 1757
1025 1856
1026 1701
1028 1723
1029 1591
1029 1934
1030 1243
1030 1436
1032 1610
1034 1742
1036 1500
1036 1770
1037 1092
1037 1362
1039 1482
1040 1106
1040 1932
1041 1389
1043 1592
1044 1258
1044 1476
1045 1289
1046 1186
1047 1132
1047 1677
1047 1925
1048 1812
1049 1368
1050 1741
1052 1787
1053 1404
1054 1458
1054 1974
1055 1186
1057 1831
1058 1683
1059 1821
1060 1128
1060 1904
1060 1994
1062 1156
1062 1165
1064 1835
1068 1698
1070 1144
1071 1952
1071 1975
1072 1390
1073 1532
1073 1827
1073 1837
1075 1251
1077 1594
1077 1625
1077 1812
1080 1632
1080 1638
1084 1112
1084 1280
1085 1211
1085 1751
1085 1868
1087 1110
1087 1497
1088 1133
1088 1329
1089 1133
1089 1637
1090 1246
1090 1259
1090 1271
1091 1966
1092 1901
1093 1354
1094 1727
1095 1979
1096 1557
1096 1691
1096 1981
1097 1430
1098 1692
1099 1337
1100 1260
1100 1446
1102 1349
1102 1765
1102 1856
1103 1721
1104 1476
1104 1894
1106 1492
1106 1707
1107 1675
1108 1231
1108 1439
1108 1832
1108 1906
1109 1831
1110 1441
1110 1830
1110 1848
1111 1643
1112 1337
1113 1601
1115 1583
1115 1657
1115 1751
1115 1929
1117 1140
1118 1175
1118 1246
1118 1772
1120 1537
1120 1841
1121 1620
1122 1360
1122 1392
1122 1691
1123 1315
1124 1242
1124 1793
1124 1850
1124 1904
1125 1894
1125 1974
1126 1384
1126 1626
1127 1288
1128 1948
1130 1557
1130 1789
1132 1202
1132 1297
1132 1442
1132 1563
1135 1401
1137 1784
1138 1878
1139 1336
1140 1488
1140 1660
1140 1931
1141 1397
1141 1504
1142 1688
1142 1710
1144 1754
1145 1332
1145 1575
1147 1456
1148 1353
1148 1717
1148 1997
1149 1366
1149 1478
1151 1176
1152 1372
1152 1622
1153 1260
1153 1585
1153 1945
1154 1495
1155 1436
1155 1722
1159 1624
1159 1875
1160 1583
1161 1551
1161 1647
1161 1805
1162 1735
1163 1312
1163 1550
1163 1948
1164 1390
1164 1576
1166 1898
1166 1969
1167 1558
1167 1928
1167 1952
1171 1771
1172 1971
1173 1530
1173 1626
1174 1319
1174 1719
1176 1532
1177 1451
1179 1580
1179 1973
1180 1819
1180 1995
1182 1360
1183 1200
1184 1439
1184 1584
1184 1866
1186 1751
1188 1221
1188 1764
1189 1241
1189 1402
1190 1763
1192 1482
1195 1776
1196 1981
1197 1394
1197 1758
1197 1768
1198 1606
1200 1717
1200 1953
1203 1393
1203 1915
1204 1251
1204 1282
1205 1591
1206 1603
1206 1802
1207 1339
1207 1978
1208 1676
1209 1490
1210 1566
1211 1812
1212 1277
1213 1464
1214 1533
1214 1599
1214 1721
1215 1308
1215 1369
1216 1654
1216 1700
1216 1948
1217 1709
1218 1353
1218 1446
1218 1810
1218 1947
1219 1261
1219 1742
1221 1711
1221 1897
1222 1228
1226 1365
1227 1333
1229 1520
1229 1947
1230 1389
1230 1920
1231 1383
1231 1911
1234 1382
1234 1476
1234 1959
1234 1978
1237 1257
1238 1634
1240 1659
1241 1588
1241 1758
1242 1712
1243 1366
1243 1743
1244 1457
1244 1855
1244 1915
1245 1499
1245 1538
1245 1647
1246 1266
1246 1323
1247 1880
1248 1882
1249 1261
1249 1694
1250 1332
1250 1515
1250 1990
1252 1651
1252 1760
1252 1855
1253 1316
1254 1851
1254 1967
1257 1504
1257 1759
1260 1317
1261 1814
1262 1320
1262 1358
1263 1438
1263 1536
1263 1567
1263 1684
1263 1739
1264 1289
1264 1487
1264 1681
1264 1736
1265 1457
1266 1926
1267 1576
1267 1614
1267 1770
1269 1314
1269 1695
1271 1740
1272 1867
1273 1631
1274 1632
1275 1340
1275 1453
1276 1459
1278 1556
1279 1343
1279 1355
1279 1451
1280 1428
1282 1586
1283 1354
1284 1601
1284 1605
1285 1352
1286 1568
1287 1948
1290 1485
1290 1648
1290 1790
1291 1873
1292 1734
1296 1472
1297 1530
1301 1555
1302 1329
1302 1620
1303 1632
1304 1504
1304 1512
1305 1513
1308 1546
1308 1956
1310 1466
1310 1487
1311 1533
1311 1744
1312 1900
1313 1670
1314 1798
1315 1406
1318 1854
1319 1413
1319 1416
1319 1665
1320 1504
1323 1648
1324 1992
1328 1727
1330 1964
1331 1849
1332 1709
1333 1584
1333 1761
1334 1904
1335 1710
1335 1729
1336 1600
1337 1475
1338 1837
1340 1727
1343 1798
1344 1441
1345 1540
1346 1477
1346 1817
1347 1363
1348 1802
1348 1991
1351 1662
1352 1697
1352 1944
1354 1428
1354 1778
1355 1453
1355 1842
1358 1897
1359 1698
1361 1416
1361 1575
1363 1632
1363 1800
1363 1830
1364 1387
1364 1424
1364 1472
1364 1644
1364 1889
1366 1609
1367 1697
1370 1739
1370 1908
1371 1697
1372 1428
1373 1836
1376 1454
1376 1882
1377 1495
1378 1994
1379 1518
1379 1791
1380 1691
1380 1852
1380 1868
1381 1583
1382 1893
1382 1897
1383 1474
1383 1619
1385 1595
1385 1980
1386 1436
1389 1623
1389 1634
1389 1969
1391 1928
1392 1703
1392 1878
1393 1778
1394 1789
1396 1518
1396 1656
1398 1916
1399 1473
1399 1499
1399 1516
1400 1516
1401 1421
1402 1783
1404 1962
1405 1619
1410 1851
1410 1902
1410 1946
1411 1416
1411 1929
1414 1949
1415 1702
1416 1772
1419 1584
1421 1987
1422 1847
1422 1957
1424 1493
1425 1668
1428 1469
1428 1619
1430 1801
1431 1551
1431 1637
1432 1943
1434 1484
1434 1862
1437 1849
1439 1506
1439 1797
1441 1946
1442 1572
1442 1975
1443 1572
1446 1457
1448 1467
1448 1623
1452 1934
1455 1664
1455 1938
1457 1603
1457 1847
1458 1676
1462 1664
1465 1548
1465 1735
1468 1880
1470 1556
1470 1589
1470 1615
1473 1781
1474 1829
1474 1954
1476 1912
1478 1802
1480 1538
1480 1619
1480 1796
1481 1502
1481 1887
1483 1538
1483 1731
1484 1659
1485 1868
1486 1801
1487 1855
1487 1933
1496 1953
1497 1768
1497 1833
1499 1686
1499 1772
1503 1786
1504 1580
1504 1843
1507 1803
1509 1899
1510 1579
1511 1772
1512 1731
1513 1733
1513 1737
1520 1750
1521 1869
1524 1703
1525 1824
1526 1694
1528 1559
1529 1746
1529 1770
1530 1809
1531 1746
1531 1815
1534 1567
1536 1930
1538 1704
1538 1960
1539 1768
1539 1847
1541 1865
1543 1821
1543 1839
1544 1720
1544 1967
1545 1561
1549 1602
1549 1790
1549 1830
1549 1978
1551 1873
1556 1942
1557 1733
1557 1838
1558 1669
1558 1763
1558 1933
1559 1563
1559 1767
1560 1870
1561 1597
1561 1688
1561 1740
1563 1759
1568 1569
1568 1719
1568 1898
1569 1783
1572 1573
1574 1713
1576 1767
1578 1767
1578 1921
1580 1609
1580 1995
1581 1834
1585 1930
1586 1881
1588 1687
1594 1778
1596 1972
1597 1673
1598 1729
1598 1950
1600 1771
1600 1953
1604 1694
1604 1888
1606 1614
1606 1980
1607 1722
1608 1627
1608 1909
1609 1962
1612 1703
1617 1974
1618 1634
1620 1846
1621 1704
1621 1885
1621 1891
1624 1678
1627 1869
1630 1785
1632 1766
1632 1794
1632 1815
1632 1877
1642 1855
1644 1818
1651 1991
1653 1777
1655 1916
1656 1672
1657 1673
1661 1836
1663 1936
1674 1795
1679 1784
1682 1872
1684 1809
1686 1777
1689 1786
1689 1827
1691 1771
1700 1940
1701 1904
1702 1799
1704 1890
1705 1788
1705 1829
1706 1779
1706 1969
1708 1948
1713 1721
1714 1987
1717 1830
1726 1966
1727 1931
1732 1958
1736 1826
1738 1894
1741 1789
1747 1968
1748 1897
1750 1951
1752 1908
1754 1838
1756 1845
1757 1979
1761 1840
1762 1999
1766 1906
1769 1834
1769 1912
1770 1976
1779 1879
1779 1914
1784 1972
1787 1842
1792 1869
1792 1944
1793 1904
1795 1994
1803 1899
1808 1983
1816 1874
1827 1843
1832 1881
1834 1893
1837 1938
1838 1996
1839 1952
1842 1849
1846 1937
1851 1856
1851 1907
1857 1887
1865 1961
1867 1942
1868 1990
1877 1905
1878 1984
1882 1925
1886 1988
1903 1904
1910 1968
1914 1984
1922 1978
1938 1955
1943 1954
1977 1985
