2000 2922
41
7
47
57
13
63
99
99
10
96
45
21
78
35
35
27
51
99
25
9
62
86
27
9
83
73
68
93
56
7
36
93
79
89
37
58
46
20
16
79
35
100
33
29
82
47
86
36
99
85
94
45
64
21
69
66
65
3
22
22
32
61
80
87
64
13
10
49
86
72
30
85
15
75
10
33
41
70
75
44
97
27
81
74
23
71
33
58
40
97
53
16
27
100
54
93
31
40
29
31
93
42
28
34
68
92
9
84
34
82
80
84
40
47
33
41
25
31
96
98
37
59
9
51
62
57
71
80
24
88
41
4
1
24
50
16
71
68
49
96
6
89
55
36
80
24
100
98
62
17
2
80
66
66
85
51
70
23
25
11
2
19
38
54
79
78
34
51
44
86
63
12
100
36
96
38
19
54
17
59
73
75
24
3
24
43
9
24
77
95
58
50
52
55
59
87
20
45
16
43
87
74
82
2
14
31
71
13
93
59
71
67
12
54
45
56
63
90
45
1
87
91
85
99
6
49
35
35
32
80
37
3
11
15
96
33
42
41
14
7
75
26
16
94
79
39
25
43
64
58
33
25
82
69
57
39
73
44
54
73
40
60
92
38
56
40
22
63
17
20
47
16
87
94
5
6
30
18
83
22
68
99
62
50
78
58
87
20
28
40
33
32
71
39
93
39
33
71
37
52
81
71
73
67
49
24
26
6
47
2
84
89
71
26
19
7
33
86
1
25
19
89
50
88
94
30
13
9
93
37
3
97
32
95
14
86
51
74
9
84
47
69
17
30
93
59
81
42
1
64
88
92
99
48
58
74
59
22
35
10
42
62
19
91
33
73
57
59
34
47
72
11
29
44
71
44
9
76
19
80
87
10
53
72
80
33
57
39
99
43
37
51
73
11
81
58
71
89
36
98
1
5
14
68
55
59
53
100
88
52
3
22
9
27
96
21
69
63
56
14
17
39
75
93
63
61
44
95
67
80
76
33
81
100
69
68
73
62
10
39
93
44
87
23
79
50
45
66
81
78
94
82
89
65
70
50
76
75
51
42
21
42
32
82
40
95
2
54
72
21
10
72
59
57
67
4
96
5
80
95
30
85
88
9
21
27
4
85
11
84
28
52
4
87
9
75
95
91
38
86
18
99
22
19
43
21
17
5
38
17
70
53
30
29
88
26
82
43
32
24
77
43
95
53
40
51
26
20
58
5
8
89
32
95
84
30
91
81
74
73
49
66
22
69
49
96
68
74
36
40
66
57
1
75
96
45
70
94
75
98
68
69
28
88
42
44
95
92
9
62
6
83
82
97
10
19
79
12
88
27
19
92
17
42
45
33
46
50
50
42
25
80
9
27
84
12
70
9
79
20
5
60
33
53
60
2
63
77
86
56
7
48
100
44
68
77
88
97
99
73
78
91
23
87
75
87
80
31
58
18
78
7
93
42
89
47
8
13
25
21
34
34
79
43
14
90
78
33
97
85
31
68
56
31
45
37
89
86
66
36
18
80
44
47
17
27
32
16
37
2
55
18
5
64
72
74
22
33
40
93
73
9
1
48
8
76
48
28
56
55
73
53
6
34
91
23
34
3
13
17
28
51
56
28
67
83
53
36
76
93
60
30
14
81
54
17
46
33
82
6
38
55
5
94
15
19
96
48
85
13
23
3
47
24
79
51
67
79
3
50
21
23
100
60
16
83
43
95
8
56
22
21
22
82
40
31
91
73
58
14
60
98
18
63
58
99
48
59
4
3
69
84
76
71
21
52
99
88
8
27
11
72
66
93
6
47
62
69
30
98
51
31
45
81
20
58
99
87
66
50
61
84
6
82
19
18
47
98
48
44
17
82
9
71
81
33
2
21
2
57
45
40
70
86
45
48
71
21
94
91
10
80
28
44
92
90
58
53
79
5
92
16
23
77
9
37
27
72
74
81
62
36
37
58
95
99
27
89
55
86
93
12
30
26
32
90
72
67
12
95
86
38
67
94
29
56
80
43
84
1
97
89
78
70
51
26
61
81
6
99
72
11
26
86
14
48
29
83
10
34
38
66
95
44
13
21
87
20
11
45
31
39
93
84
74
47
74
57
44
68
51
7
18
74
55
94
31
39
80
30
23
4
18
70
65
57
74
74
57
78
67
56
35
50
13
36
39
56
78
69
12
85
70
60
82
50
27
51
39
56
41
35
95
42
25
67
55
38
50
11
52
46
97
72
70
96
24
72
13
76
87
44
95
90
28
42
9
48
9
50
96
39
49
69
17
11
60
32
64
82
40
75
6
66
8
40
83
84
99
17
42
74
6
10
49
7
73
34
46
71
95
6
72
78
31
72
37
76
34
6
82
22
92
89
64
15
16
52
81
90
83
17
11
2
48
44
34
67
24
59
27
95
87
45
63
2
32
96
70
55
2
96
78
2
7
37
10
19
46
57
89
79
46
37
23
45
98
80
82
84
27
54
14
23
39
3
86
7
54
32
47
63
24
32
63
87
49
53
34
47
20
88
92
30
39
69
64
48
84
94
49
94
93
86
100
30
85
31
40
76
98
8
51
4
39
45
8
83
88
54
2
2
40
10
20
49
81
60
60
28
99
82
9
15
64
18
22
31
11
20
72
88
25
35
35
79
65
86
6
33
15
98
94
35
26
80
90
2
23
33
46
18
14
33
81
78
25
66
82
59
11
27
17
38
8
80
8
29
68
25
60
2
37
16
77
82
22
10
72
55
71
83
35
61
27
57
16
65
43
84
88
48
33
18
80
56
22
93
54
55
25
48
44
50
100
5
71
89
12
59
65
51
85
26
55
56
66
77
86
71
7
89
100
63
57
29
19
21
33
48
98
95
73
91
100
74
36
72
49
78
7
87
49
22
17
53
67
70
61
75
92
13
26
95
45
53
20
15
78
18
32
24
77
63
72
93
5
52
5
40
15
25
10
72
82
65
7
24
100
42
60
85
96
91
65
5
23
26
89
43
22
31
57
11
22
33
7
68
33
18
44
82
1
32
98
90
47
82
62
66
90
47
35
41
64
52
56
57
24
3
67
33
32
19
62
5
10
61
87
81
85
86
48
30
33
60
97
31
52
58
58
53
53
71
7
48
79
13
55
61
77
91
28
58
4
52
8
19
17
49
71
45
40
28
95
30
39
7
64
89
63
48
62
50
5
25
79
5
12
65
64
29
7
21
96
31
69
62
98
8
18
77
50
99
49
49
98
66
55
22
95
92
70
15
21
79
40
94
97
22
70
48
43
54
79
57
83
89
23
30
72
35
23
58
10
52
85
48
81
91
76
40
20
46
95
98
17
100
37
88
84
83
18
66
100
25
75
91
40
64
20
15
17
98
13
11
1
36
29
98
56
3
48
93
46
53
71
36
42
95
10
60
49
60
29
87
77
31
98
18
86
47
21
50
74
4
40
7
96
25
76
83
51
33
15
68
92
41
39
27
96
80
76
41
93
27
98
29
18
76
76
10
75
100
12
55
81
60
8
47
100
84
1
39
15
61
77
49
13
23
19
88
53
69
97
2
31
65
99
22
91
16
27
88
93
83
66
13
51
94
96
19
36
88
99
85
84
32
10
10
33
3
95
52
25
33
36
23
74
16
57
58
39
52
5
100
21
40
58
2
74
35
18
55
28
5
74
4
11
90
82
65
46
77
34
24
16
84
13
16
53
35
47
60
36
27
2
63
61
65
51
11
78
87
97
24
40
42
51
3
21
85
92
15
5
40
45
13
6
25
51
26
72
38
21
28
33
91
88
29
18
26
38
39
47
28
7
31
33
18
74
99
61
92
92
83
92
13
41
81
75
97
35
81
47
42
65
60
9
64
84
80
57
2
16
6
62
15
68
32
61
85
59
28
34
12
79
86
86
57
44
90
46
34
14
25
87
42
14
58
69
82
37
19
5
71
90
53
92
84
9
69
63
24
60
45
28
94
21
4
87
8
56
72
93
21
29
67
76
73
45
18
38
8
7
17
71
20
47
4
100
28
46
1
36
74
37
83
8
88
77
16
25
29
12
87
63
71
56
29
57
33
80
49
50
71
49
20
57
15
77
45
69
27
36
87
70
43
79
99
23
10
2
28
1
60
45
12
73
23
33
99
79
30
26
22
25
44
89
3
22
71
2
72
16
94
59
43
26
91
59
5
64
11
19
58
13
71
26
99
93
100
100
39
6
55
100
38
40
62
28
77
10
43
17
46
49
38
73
6
46
89
46
30
87
74
77
81
53
11
6
34
82
93
35
78
68
62
90
18
12
21
60
43
96
18
50
58
55
80
92
66
63
1
1
73
22
75
16
27
66
69
63
39
30
56
28
9
59
17
9
61
3
30
49
14
54
9
59
24
99
42
100
21
37
5
65
41
29
83
50
56
21
88
83
41
1
96
88
8
8
45
20
6
81
5
74
94
61
29
78
77
35
10
93
90
78
54
64
70
30
98
80
91
49
5
69
87
25
27
67
38
19
51
83
82
33
69
83
97
75
90
53
46
60
70
51
36
39
45
15
12
12
96
40
57
4
36
7
7
0 347
0 350
0 743
0 787
1 525
1 1960
2 144
2 1851
3 151
3 338
3 1380
3 1959
4 1447
4 1849
4 1894
5 480
6 74
6 448
7 258
7 1288
7 1815
8 76
8 157
8 829
8 926
8 1351
10 578
10 1967
11 1160
12 435
13 51
13 1346
14 726
14 966
14 1146
14 1319
15 404
15 1825
15 1872
16 336
16 1696
16 1918
17 726
18 992
19 467
19 886
19 1410
19 1513
19 1727
20 543
20 1731
21 174
21 636
21 1597
21 1633
23 350
23 680
23 1114
23 1404
23 1833
24 336
24 597
24 883
24 1239
25 1077
26 1121
26 1219
26 1310
27 128
27 513
27 834
28 333
28 886
28 1093
28 1788
29 929
29 1122
30 127
30 128
30 243
30 819
30 1274
31 141
31 1645
31 1765
31 1870
32 1660
33 1111
33 1244
33 1371
33 1493
33 1798
34 1635
34 1658
34 1726
35 811
35 1414
35 1708
35 1882
36 1446
37 804
37 1293
37 1560
37 1733
37 1937
38 374
38 1230
39 365
39 747
39 1271
40 219
40 1697
41 950
41 1583
42 1123
42 1873
43 525
43 1263
43 1840
44 1707
44 1845
45 430
45 1217
46 1207
46 1934
47 216
47 1304
47 1711
48 192
48 428
48 1396
48 1585
48 1680
49 133
49 136
50 264
50 433
50 590
50 806
50 1170
50 1249
50 1537
50 1734
51 217
51 949
51 1748
51 1923
52 318
52 386
52 540
52 1246
52 1950
53 799
53 1082
54 653
54 1483
56 88
56 129
56 331
56 413
56 1776
57 469
57 768
57 1075
57 1603
58 181
58 503
59 330
59 622
60 314
60 329
60 1246
61 486
61 506
61 539
61 689
61 1504
61 1604
61 1618
61 1724
61 1919
62 590
63 440
63 1052
63 1105
63 1483
63 1549
63 1828
64 569
65 76
65 564
65 809
65 1160
65 1351
66 598
66 832
66 860
66 1066
66 1614
67 220
67 304
67 893
67 1380
67 1545
68 481
68 1933
68 1941
69 1917
70 1066
71 693
71 1441
72 240
72 338
72 747
72 1023
73 720
74 483
74 738
74 778
76 816
76 1453
77 511
77 997
77 1381
77 1813
78 831
78 1135
78 1151
78 1451
79 716
80 215
81 317
82 627
83 847
84 337
84 1084
84 1120
84 1620
85 469
85 866
86 587
86 671
86 1142
86 1339
86 1556
87 623
87 1982
88 257
88 923
88 1030
89 358
89 1148
89 1435
89 1974
90 111
90 507
90 1609
91 137
91 166
91 715
91 745
92 441
92 469
92 564
92 701
92 1269
92 1511
92 1723
93 1678
94 186
94 1040
94 1284
94 1398
94 1486
94 1738
95 270
95 807
95 853
95 1826
96 1674
97 335
97 846
97 1279
97 1408
97 1557
98 743
99 859
99 932
99 942
100 1038
101 461
101 789
101 1114
101 1753
102 1207
102 1691
103 108
103 481
103 645
103 1689
104 258
104 623
104 1776
105 1565
105 1569
106 1638
107 468
107 948
107 1312
108 320
108 1057
108 1454
108 1514
109 1195
109 1645
110 422
110 812
110 1792
110 1800
111 532
111 1214
112 350
112 801
112 891
113 941
113 1265
114 239
114 494
114 876
114 1632
114 1966
115 270
115 1127
115 1266
115 1387
116 915
116 1314
116 1535
116 1758
117 219
117 325
117 968
117 1334
117 1394
117 1635
118 254
118 1058
118 1406
118 1769
119 344
119 1073
120 488
120 1724
120 1810
121 328
121 752
121 863
121 941
121 1098
121 1154
122 936
122 1237
122 1492
123 497
123 589
123 1105
124 514
124 904
124 1811
125 1166
127 1957
128 771
128 1013
129 568
129 1315
129 1616
129 1980
131 759
131 1789
132 913
133 244
133 512
133 884
133 1670
134 860
134 1065
134 1247
134 1483
135 1023
135 1702
135 1886
136 1277
136 1476
136 1804
137 148
137 1028
138 1175
138 1256
138 1734
138 1751
139 543
139 670
139 1653
139 1669
140 504
140 1395
140 1523
140 1814
141 966
141 1044
142 383
142 1847
143 1427
143 1790
144 171
144 1318
145 1964
146 451
146 1772
147 1699
148 1945
150 1185
150 1523
151 319
151 539
151 573
151 1297
152 350
152 759
152 1162
152 1278
153 599
153 1586
153 1976
154 244
154 659
154 955
154 1814
154 1982
155 475
155 765
155 1416
155 1997
156 408
156 697
156 786
156 1618
156 1957
157 1304
157 1547
157 1636
157 1950
158 162
158 890
158 1716
158 1929
158 1984
159 1102
159 1179
159 1455
160 1291
160 1797
160 1806
161 769
162 524
162 645
162 964
162 1119
162 1410
163 1367
163 1382
164 497
164 738
164 865
164 1623
165 1138
166 1132
167 1606
167 1702
168 370
168 928
168 1066
168 1158
168 1200
168 1535
168 1730
168 1810
169 686
169 1956
170 534
170 1931
172 655
172 921
172 1015
172 1879
173 444
173 462
173 1019
174 1544
174 1615
175 1772
176 629
176 687
176 751
176 1146
176 1459
176 1548
177 236
177 493
178 1604
178 1649
178 1904
179 251
179 426
179 657
179 704
179 742
179 818
179 830
180 547
180 1055
181 327
181 338
181 1188
181 1796
181 1999
182 295
182 1164
183 1506
184 493
184 543
184 784
185 1545
185 1675
186 210
186 1805
186 1961
187 577
188 613
188 764
188 1106
188 1725
188 1734
189 1388
190 396
190 1115
190 1762
190 1922
190 1926
191 372
191 610
191 710
191 1033
192 466
192 1078
192 1113
192 1693
194 643
194 1199
194 1636
195 1060
196 893
197 976
197 1076
197 1604
197 1644
197 1919
197 1932
198 278
198 628
198 1534
198 1614
199 395
199 1938
200 1020
200 1095
200 1130
200 1210
202 209
202 210
203 278
203 1127
204 467
204 639
204 1970
205 701
205 781
205 796
206 645
206 1354
206 1784
207 346
207 799
208 1525
209 1774
210 763
210 855
211 751
211 759
211 999
211 1026
211 1140
211 1653
212 815
212 1582
213 592
213 739
213 1003
213 1652
214 617
214 648
214 1241
215 327
215 892
215 1494
216 668
216 861
216 1033
217 286
217 685
217 905
217 1052
217 1216
219 1003
219 1329
220 627
220 912
220 1006
220 1843
221 1385
221 1791
221 1992
222 487
223 359
223 363
223 511
223 892
224 504
224 613
224 1938
224 1989
225 300
225 417
225 685
225 1021
226 664
226 972
226 1588
227 1565
227 1952
228 1037
228 1873
228 1973
229 414
229 937
230 248
230 512
230 610
230 1076
230 1383
230 1804
231 736
232 277
232 715
232 816
233 522
233 977
233 1287
233 1334
234 1121
234 1564
234 1705
234 1802
235 860
235 918
235 1804
235 1813
237 625
237 1325
237 1656
238 300
238 717
238 743
238 1530
240 1654
240 1942
241 337
241 351
241 1056
241 1883
241 1899
242 931
242 1390
242 1878
242 1951
243 1073
243 1862
243 1959
244 1261
245 1777
246 536
246 1469
247 909
247 1202
247 1873
248 323
248 916
248 1406
248 1685
249 542
249 1253
250 1004
250 1272
250 1288
251 945
252 439
252 647
252 1830
253 457
253 1316
253 1603
254 1889
255 1547
256 915
256 1365
256 1625
257 367
257 428
259 390
259 1343
260 1346
260 1560
261 1430
261 1577
263 934
263 1531
264 926
264 1338
265 411
265 738
265 1380
266 941
266 1393
266 1814
266 1830
267 767
267 855
267 1183
267 1326
267 1904
268 811
268 1458
269 524
269 744
269 1157
270 630
270 1180
270 1727
271 871
272 365
272 553
272 1085
272 1231
272 1320
272 1323
272 1578
273 565
273 1206
274 335
274 1464
274 1467
274 1936
275 465
275 723
275 872
275 1085
276 1269
276 1661
276 1786
277 1001
277 1743
278 686
278 997
278 1474
279 1633
280 1004
280 1624
281 1897
282 905
282 1751
284 1190
284 1638
284 1757
285 962
286 454
286 1051
286 1429
287 760
288 541
289 986
290 1193
291 461
292 444
292 1046
292 1399
293 368
293 1125
294 986
295 1798
297 827
297 1720
299 1139
299 1276
299 1344
299 1542
299 1816
300 466
300 738
300 1287
300 1735
302 709
303 605
303 1626
304 435
304 552
304 732
304 1361
305 1778
306 754
306 1050
306 1154
307 792
307 985
308 671
308 683
308 709
308 850
308 874
309 607
309 831
309 1297
310 672
310 723
311 1270
311 1813
312 589
312 768
313 636
313 718
313 990
315 848
315 1101
316 794
316 1865
317 340
317 1010
317 1488
318 547
318 1324
318 1371
318 1778
318 1991
319 1187
320 374
321 434
321 1252
321 1455
321 1858
322 1989
323 442
323 491
323 537
323 882
323 1314
325 1227
325 1641
326 1054
326 1070
327 637
327 922
329 514
329 1079
329 1928
330 431
330 1269
330 1365
330 1778
331 389
331 852
332 520
332 652
332 762
332 1257
332 1400
332 1735
333 886
333 1138
333 1831
334 1867
334 1898
334 1923
335 549
336 681
336 1612
336 1654
337 845
337 1469
337 1569
338 1910
339 1532
339 1962
340 348
340 487
340 567
340 1228
341 601
341 1544
342 979
342 1107
342 1992
343 1838
344 814
344 938
344 1623
345 960
345 1282
345 1549
346 604
346 1474
346 1781
347 1642
348 916
349 442
350 396
350 1410
350 1913
351 1236
352 539
352 709
352 963
352 1267
352 1350
353 1528
354 458
355 850
355 1771
356 777
356 1351
357 1169
357 1582
357 1948
358 709
358 774
358 889
358 1168
359 383
359 480
359 991
359 1457
359 1594
359 1996
360 417
360 1255
361 685
361 1048
361 1104
361 1557
362 485
362 1194
363 606
363 812
363 814
363 1875
364 750
365 1499
365 1920
366 1343
366 1661
366 1880
366 1886
367 836
367 1529
368 410
368 901
368 1182
368 1214
368 1754
368 1882
369 819
369 1063
369 1396
370 1707
371 765
371 1520
372 417
372 483
372 847
372 1743
372 1884
373 1020
373 1762
374 1482
374 1888
375 610
375 631
375 1322
378 1136
378 1270
378 1493
378 1769
379 989
380 1184
381 1902
382 755
382 1958
383 744
383 1910
384 556
384 853
384 1309
384 1342
384 1363
386 1223
386 1742
387 1390
387 1927
387 1958
390 509
390 1612
390 1899
391 415
391 498
391 963
391 1890
392 936
392 1493
393 420
394 1023
394 1041
394 1070
394 1868
395 1117
395 1831
396 440
396 454
396 716
396 723
396 1486
396 1645
397 427
397 675
397 1213
397 1220
398 1697
399 1414
400 1265
401 505
401 804
401 1634
402 729
402 992
402 1252
403 958
404 611
404 1164
404 1517
404 1600
405 684
406 1057
406 1443
406 1975
407 1509
407 1791
407 1950
408 709
408 1321
408 1731
409 926
409 1653
410 492
410 664
410 710
411 1476
412 628
412 1832
413 518
413 1058
413 1618
414 479
414 885
414 900
414 1460
415 895
416 817
416 864
416 936
416 1185
416 1188
417 491
417 1516
417 1835
417 1883
418 454
418 688
418 1365
418 1460
418 1768
419 560
419 703
419 821
419 1128
419 1389
420 736
421 1259
422 867
422 982
422 1502
422 1669
423 697
423 867
423 1954
424 466
424 482
424 895
424 1062
424 1910
425 736
425 1185
425 1594
425 1865
427 483
427 1115
427 1323
428 770
428 799
428 1536
428 1952
429 1638
429 1798
430 1183
430 1377
431 506
431 887
431 1121
431 1155
431 1401
431 1408
434 1970
435 1417
436 665
436 1194
436 1557
437 535
437 581
438 606
438 936
438 1229
438 1646
438 1862
439 542
439 898
439 1101
440 1215
440 1567
441 1379
441 1386
441 1995
442 954
443 1003
443 1065
443 1331
443 1378
444 478
444 1374
444 1757
446 1781
447 1980
450 984
450 1993
451 567
451 762
451 1048
451 1142
452 605
453 550
453 1385
453 1683
453 1688
454 611
454 1136
454 1440
455 1525
456 951
456 976
458 1172
458 1494
458 1622
459 998
459 1185
460 1763
460 1781
461 756
461 903
461 1629
461 1681
462 1680
462 1877
463 850
463 930
463 1501
463 1751
464 1599
465 571
468 971
468 1783
468 1896
469 1008
469 1838
470 831
470 1291
471 1186
471 1269
471 1360
471 1520
471 1666
472 1366
472 1525
472 1691
473 1333
473 1350
473 1354
473 1504
473 1560
474 479
474 701
474 921
474 1313
474 1524
475 1529
475 1872
476 1256
477 836
477 1346
478 591
479 598
479 1329
480 860
481 973
482 484
483 1782
484 619
485 1430
486 853
487 624
487 670
487 1311
488 1087
488 1921
488 1997
489 1011
490 731
490 746
490 1001
490 1041
490 1308
490 1638
490 1838
491 1069
494 726
495 1655
495 1925
496 858
496 1165
497 808
497 932
497 935
497 1202
497 1455
497 1550
498 911
498 1101
498 1833
498 1863
498 1896
499 1207
500 871
500 944
500 1011
500 1214
500 1464
500 1643
501 1603
502 1017
502 1222
502 1284
503 1187
503 1351
503 1545
504 860
504 1324
504 1646
505 908
506 1504
507 563
507 1155
507 1162
507 1475
507 1793
508 1936
509 643
509 1217
509 1520
509 1716
510 813
510 1575
510 1952
511 1378
511 1865
512 631
512 1918
513 1964
514 578
514 1149
514 1999
515 663
516 1166
516 1618
517 698
517 1406
518 528
518 894
518 1136
518 1873
519 1172
519 1277
520 1055
521 639
521 1017
521 1773
521 1906
522 617
523 1197
524 969
524 1194
524 1597
525 1661
525 1844
526 1012
526 1747
527 559
527 1234
528 596
528 944
528 1764
530 1785
531 851
532 919
532 1443
533 1729
533 1871
534 1125
534 1812
534 1963
535 1505
536 540
536 541
536 1561
536 1766
537 904
537 1484
537 1924
537 1992
538 1022
538 1208
538 1244
538 1782
539 934
539 1903
540 1327
540 1838
541 1439
541 1649
541 1657
542 780
542 1047
542 1518
542 1982
544 820
544 900
544 1618
544 1685
544 1920
544 1985
545 772
545 1388
548 742
548 762
548 936
548 1267
548 1676
550 1767
551 890
551 1309
552 733
552 1824
552 1910
553 1332
553 1779
554 561
554 1010
554 1778
555 1279
556 1520
557 1368
558 861
558 1168
558 1232
558 1893
559 1616
559 1709
559 1802
560 1470
560 1751
561 646
561 735
561 1475
561 1868
562 1728
562 1801
562 1919
563 1006
564 1537
564 1803
565 707
565 1519
566 782
567 646
567 796
567 1214
568 938
570 759
570 1268
570 1335
570 1971
571 910
571 1219
572 935
573 631
573 1895
574 623
574 727
575 591
575 710
575 1353
576 782
576 1349
578 1354
579 1088
579 1158
579 1867
580 1120
581 1083
581 1690
583 631
585 958
585 1343
586 803
586 1323
587 808
587 984
587 1286
587 1750
589 1712
590 1243
590 1361
590 1613
591 812
591 958
591 1469
592 690
592 806
592 816
592 1577
592 1681
593 678
593 687
593 1700
594 834
594 1387
594 1473
595 720
595 793
595 1855
596 765
596 1615
596 1671
598 1446
598 1664
599 1814
600 1648
601 839
601 1716
602 1552
603 1338
603 1361
604 680
604 1677
605 1057
605 1375
605 1536
607 1093
609 1326
609 1346
610 775
610 905
610 1220
610 1680
611 730
611 1457
611 1989
612 1896
613 1921
614 1407
614 1964
615 756
615 832
615 1746
615 1889
615 1993
616 702
616 861
617 881
617 892
617 1641
618 1922
619 812
619 1141
619 1422
619 1974
621 1019
621 1891
622 1251
622 1317
623 1017
623 1832
624 1318
625 626
625 916
626 1088
626 1199
626 1451
627 1123
627 1271
628 1677
629 1096
630 1117
630 1275
631 976
631 1049
631 1358
632 726
632 784
633 658
633 1033
633 1460
634 944
634 1393
634 1663
634 1782
634 1944
635 1476
635 1673
637 840
637 1219
637 1369
637 1448
638 1148
638 1398
639 1324
640 953
640 1082
640 1542
640 1670
641 879
641 882
641 1245
641 1387
642 739
642 1340
642 1441
642 1805
643 1118
643 1755
644 675
644 1162
644 1283
644 1631
644 1890
645 1011
645 1390
645 1556
646 921
646 974
646 1908
647 1575
647 1980
648 1291
648 1510
649 1110
649 1170
650 921
651 736
651 1008
651 1259
651 1619
651 1924
652 926
652 1600
653 1467
655 1626
656 798
656 1582
657 829
657 1277
658 972
658 1183
658 1779
658 1927
658 1989
659 1495
660 1641
661 1218
662 1767
662 1886
662 1912
663 1523
663 1553
664 1727
664 1868
666 1213
667 1794
667 1871
668 1392
669 1172
671 1534
672 1702
673 1268
673 1515
673 1794
674 896
674 1040
675 720
675 1450
675 1711
676 1205
678 892
680 841
680 1045
680 1529
680 1650
680 1903
681 1087
681 1598
682 1696
683 1367
683 1428
683 1511
683 1823
683 1882
683 1890
684 1660
684 1717
685 901
685 925
685 935
686 1617
686 1914
688 1176
688 1816
689 1311
689 1390
690 1073
690 1610
691 790
691 860
691 1700
691 1711
692 775
693 1008
694 829
694 943
694 1051
694 1597
695 780
696 1241
696 1774
697 1526
698 1305
698 1710
698 1743
699 935
700 1256
701 980
701 1038
701 1488
702 1265
703 865
703 1067
703 1653
703 1912
704 1421
704 1466
704 1882
706 868
706 938
706 1578
706 1586
706 1595
707 956
707 1977
708 794
708 1064
708 1238
708 1585
709 1177
709 1483
709 1717
710 1022
711 1069
712 1086
713 883
713 1129
714 746
714 798
714 1419
715 1102
715 1504
715 1558
716 800
716 930
716 1838
716 1889
716 1944
716 1951
717 1683
719 826
719 889
719 951
719 1070
719 1096
719 1819
720 1565
721 741
722 1562
722 1571
723 830
725 1032
725 1429
726 1804
727 892
728 973
728 1555
728 1924
729 738
729 1087
729 1111
730 1126
730 1320
730 1512
731 1544
732 880
732 959
733 1018
733 1138
733 1236
734 1582
735 1849
736 794
736 1637
736 1720
737 1761
738 936
738 1124
738 1283
738 1559
738 1830
739 1298
739 1903
740 878
740 1018
740 1490
740 1723
740 1916
741 894
741 1080
742 1997
743 1436
743 1514
744 948
744 1013
745 1281
745 1528
745 1536
746 937
746 1444
746 1873
746 1877
747 853
747 888
747 1348
747 1529
748 1387
749 1186
749 1430
750 912
750 1690
750 1773
751 1473
751 1848
752 774
753 755
753 1090
754 797
755 820
756 1219
756 1341
756 1393
757 1120
757 1204
758 1057
758 1645
759 1330
759 1761
761 1257
761 1373
762 797
762 1308
765 940
765 1247
766 1413
767 1026
767 1461
768 1221
768 1646
769 1127
769 1346
769 1681
769 1691
770 1380
770 1754
770 1864
771 1524
771 1810
772 831
772 944
772 1624
773 1089
773 1468
773 1600
773 1661
774 1519
775 846
775 1129
775 1492
776 1087
776 1358
776 1399
776 1687
778 1223
778 1475
778 1721
778 1961
779 1102
779 1212
779 1269
780 1149
781 873
781 1630
782 1802
783 1917
784 1082
786 873
786 926
788 1256
788 1829
789 970
789 1858
790 906
790 1310
790 1363
790 1471
790 1652
791 1583
791 1745
792 965
793 1498
794 1176
794 1660
795 1801
797 1498
798 884
798 1484
800 825
800 1367
800 1532
801 1271
802 1642
802 1981
803 1016
803 1292
803 1719
803 1858
804 866
804 1744
804 1856
806 1534
807 1045
807 1233
807 1437
807 1738
807 1955
808 1150
808 1157
809 1897
811 1936
812 1007
812 1670
813 1936
814 1237
815 1221
815 1632
816 935
817 1086
817 1569
818 1980
820 913
820 1494
821 1410
822 1359
826 1036
827 1338
828 902
828 1350
829 1375
829 1678
829 1906
830 1493
830 1500
830 1846
831 1641
832 1179
832 1465
833 990
833 1139
834 1577
835 1067
836 909
836 1608
836 1734
837 899
837 1033
838 1945
839 1342
839 1375
840 963
840 1097
841 948
841 1900
841 1990
842 1143
842 1391
843 1949
844 888
844 992
844 1728
846 1955
847 916
848 1141
848 1194
848 1315
849 1938
850 1568
851 1047
851 1363
852 857
852 989
852 1169
854 1154
854 1354
855 1438
855 1689
855 1967
856 871
856 883
856 1364
856 1727
857 1868
858 1166
859 1291
860 1573
861 897
861 1181
861 1788
862 1028
862 1161
863 1356
863 1450
864 1425
864 1675
867 1102
867 1605
868 1127
868 1470
870 948
871 1078
871 1607
872 1490
873 1771
874 1040
874 1683
874 1962
875 1803
876 1338
876 1456
876 1797
877 1208
877 1268
877 1449
878 1250
878 1618
878 1935
879 1091
879 1565
879 1586
879 1716
880 990
880 1220
881 1669
882 1260
882 1593
883 1641
884 893
884 1039
884 1284
884 1654
884 1939
885 1552
885 1597
886 1108
886 1175
886 1888
887 1048
889 1141
889 1174
889 1341
890 1398
891 1606
892 1157
892 1487
892 1677
892 1977
894 1200
894 1619
895 1784
897 1880
898 1026
898 1898
900 1444
900 1761
901 1984
902 1933
903 1224
904 1333
904 1982
905 1042
906 1893
906 1898
908 1542
908 1880
909 1233
909 1675
910 1395
910 1553
911 1053
911 1392
911 1620
911 1978
912 1728
913 1188
914 1991
915 1190
915 1243
915 1412
916 1848
917 1020
917 1390
917 1513
918 1195
918 1615
920 1271
920 1660
920 1803
921 1477
921 1678
922 1607
922 1868
923 942
923 1143
923 1224
924 1548
925 966
925 990
925 1016
925 1087
925 1824
926 941
926 1028
926 1145
926 1196
926 1411
927 1472
928 1377
929 1450
931 1075
931 1289
934 1105
936 1426
936 1493
937 997
937 1870
938 1516
940 1529
940 1784
940 1825
942 1923
943 1176
944 1745
944 1835
948 1227
948 1885
948 1930
949 1975
950 1091
950 1722
951 1078
951 1251
951 1482
952 1747
953 1137
953 1289
954 1222
954 1236
954 1508
954 1560
954 1644
954 1817
955 1257
955 1382
955 1471
956 1153
956 1455
956 1653
956 1746
957 1950
960 1620
961 1502
961 1699
962 1000
962 1136
962 1145
963 1780
964 1847
965 1572
965 1794
966 1731
966 1732
967 1292
968 1861
968 1924
969 1094
969 1462
969 1797
970 1215
970 1622
971 976
971 1527
971 1809
972 1732
973 1076
975 1798
975 1949
976 1271
976 1650
977 1726
977 1769
978 1434
979 1558
979 1711
982 1395
983 1828
984 1525
985 1183
985 1470
986 988
987 1113
988 1330
988 1631
989 1005
991 1319
991 1635
991 1995
992 1626
995 1365
997 1009
997 1318
997 1754
998 1982
1000 1070
1000 1523
1000 1743
1000 1747
1001 1441
1001 1867
1003 1420
1003 1478
1003 1920
1004 1375
1005 1430
1006 1673
1007 1345
1007 1456
1007 1605
1008 1103
1008 1679
1009 1163
1009 1789
1011 1557
1012 1657
1013 1171
1013 1296
1013 1889
1014 1854
1016 1046
1016 1645
1017 1598
1018 1185
1018 1341
1019 1329
1020 1290
1021 1336
1021 1424
1021 1452
1021 1574
1023 1650
1023 1729
1024 1574
1025 1305
1025 1363
1026 1766
1028 1478
1029 1105
1030 1673
1030 1837
1031 1749
1032 1629
1032 1726
1032 1730
1034 1341
1034 1509
1034 1896
1036 1336
1037 1168
1038 1201
1038 1343
1038 1786
1041 1609
1042 1901
1044 1194
1045 1916
1047 1074
1047 1154
1049 1786
1049 1867
1049 1884
1049 1929
1050 1382
1050 1509
1052 1768
1053 1337
1053 1411
1055 1658
1056 1317
1056 1404
1057 1563
1059 1868
1060 1527
1060 1827
1061 1231
1063 1234
1063 1360
1064 1894
1065 1484
1065 1535
1065 1902
1067 1503
1069 1370
1070 1951
1072 1236
1072 1802
1073 1302
1073 1340
1074 1191
1075 1730
1076 1272
1077 1553
1078 1714
1079 1810
1079 1895
1080 1794
1081 1111
1081 1188
1082 1551
1082 1651
1083 1557
1084 1459
1084 1843
1085 1476
1085 1744
1086 1264
1086 1315
1087 1371
1089 1980
1089 1987
1090 1350
1092 1689
1092 1818
1092 1871
1094 1462
1094 1778
1095 1751
1096 1628
1097 1778
1097 1885
1098 1171
1098 1872
1099 1210
1099 1396
1100 1421
1100 1618
1101 1295
1102 1343
1102 1435
1102 1455
1102 1456
1103 1141
1104 1550
1105 1417
1105 1875
1106 1460
1107 1812
1109 1622
1110 1360
1112 1350
1114 1228
1114 1645
1114 1713
1118 1186
1118 1433
1118 1549
1118 1588
1120 1228
1120 1675
1120 1866
1120 1873
1122 1995
1123 1513
1123 1561
1125 1133
1125 1191
1125 1747
1125 1794
1127 1253
1127 1746
1130 1838
1131 1769
1131 1989
1132 1201
1132 1762
1133 1744
1134 1237
1134 1373
1134 1895
1135 1210
1138 1301
1140 1545
1140 1985
1141 1388
1142 1284
1143 1427
1145 1407
1145 1434
1145 1851
1146 1765
1146 1875
1148 1539
1148 1721
1149 1864
1153 1350
1154 1305
1155 1329
1155 1896
1156 1488
1156 1949
1156 1968
1157 1469
1157 1571
1158 1488
1158 1986
1159 1415
1159 1708
1161 1647
1162 1336
1164 1229
1164 1466
1164 1603
1164 1945
1165 1638
1166 1928
1167 1962
1168 1766
1170 1700
1170 1721
1170 1807
1170 1838
1171 1655
1172 1255
1172 1376
1173 1220
1174 1192
1174 1317
1174 1338
1174 1826
1178 1828
1179 1582
1180 1371
1180 1410
1181 1534
1181 1904
1182 1221
1182 1321
1182 1794
1182 1810
1183 1454
1183 1651
1186 1512
1187 1549
1187 1587
1187 1694
1187 1720
1187 1927
1188 1456
1188 1660
1188 1708
1189 1589
1191 1322
1193 1271
1193 1596
1196 1372
1196 1554
1197 1392
1199 1924
1200 1420
1200 1535
1200 1830
1200 1951
1201 1738
1204 1345
1204 1496
1204 1509
1206 1272
1206 1352
1206 1457
1207 1570
1209 1675
1210 1269
1211 1266
1211 1327
1211 1487
1211 1736
1211 1779
1211 1793
1214 1528
1215 1671
1215 1731
1215 1914
1215 1950
1218 1233
1218 1294
1218 1784
1220 1245
1220 1397
1220 1729
1221 1313
1221 1480
1222 1340
1222 1986
1223 1441
1224 1264
1228 1720
1229 1586
1230 1825
1232 1589
1233 1780
1234 1523
1234 1930
1234 1965
1238 1411
1239 1837
1241 1598
1242 1363
1242 1642
1243 1651
1243 1702
1246 1552
1246 1607
1247 1666
1247 1917
1248 1847
1249 1658
1249 1685
1250 1326
1250 1537
1250 1900
1250 1920
1252 1689
1253 1838
1254 1854
1255 1505
1255 1820
1256 1832
1258 1436
1259 1655
1264 1516
1265 1746
1265 1959
1266 1653
1266 1879
1266 1948
1267 1881
1268 1360
1270 1657
1271 1694
1271 1710
1271 1849
1273 1707
1275 1631
1275 1700
1276 1916
1277 1586
1277 1794
1278 1995
1279 1420
1281 1295
1281 1397
1282 1297
1282 1933
1283 1843
1286 1343
1289 1538
1290 1331
1290 1973
1291 1698
1292 1695
1292 1718
1293 1460
1293 1991
1294 1434
1296 1861
1297 1645
1297 1813
1299 1492
1299 1910
1304 1700
1306 1993
1308 1427
1308 1544
1311 1692
1313 1331
1313 1386
1313 1699
1314 1342
1315 1939
1320 1689
1321 1952
1322 1667
1322 1810
1327 1744
1328 1581
1331 1967
1332 1626
1334 1795
1335 1742
1336 1985
1337 1682
1337 1740
1340 1705
1341 1387
1343 1362
1344 1802
1346 1613
1349 1919
1351 1706
1352 1436
1354 1647
1355 1998
1357 1423
1357 1528
1358 1984
1360 1762
1360 1828
1362 1547
1362 1883
1363 1608
1363 1813
1364 1573
1365 1617
1370 1504
1370 1925
1372 1557
1375 1516
1377 1436
1377 1440
1379 1959
1380 1504
1384 1629
1385 1777
1386 1725
1387 1443
1388 1627
1388 1672
1390 1490
1395 1874
1396 1731
1400 1602
1400 1833
1400 1944
1401 1955
1401 1991
1403 1549
1403 1753
1410 1434
1410 1458
1410 1904
1411 1692
1414 1566
1414 1672
1415 1746
1416 1523
1417 1967
1418 1830
1419 1459
1420 1959
1421 1756
1422 1576
1424 1528
1427 1448
1430 1756
1431 1615
1432 1524
1434 1442
1435 1830
1437 1484
1438 1624
1440 1808
1441 1768
1441 1845
1444 1466
1444 1849
1445 1537
1445 1762
1446 1486
1446 1978
1447 1805
1447 1820
1449 1673
1449 1745
1450 1616
1450 1679
1453 1688
1454 1511
1457 1539
1457 1675
1460 1697
1461 1620
1461 1754
1462 1833
1463 1835
1464 1546
1465 1844
1465 1876
1466 1590
1468 1620
1469 1702
1469 1737
1472 1830
1475 1937
1476 1659
1477 1597
1481 1683
1481 1999
1482 1931
1484 1527
1485 1569
1485 1774
1485 1853
1485 1878
1486 1596
1488 1560
1491 1645
1492 1665
1492 1992
1493 1601
1495 1884
1498 1874
1499 1709
1500 1542
1500 1999
1501 1651
1503 1920
1504 1603
1504 1728
1504 1876
1506 1576
1506 1843
1507 1604
1507 1807
1507 1833
1508 1641
1508 1660
1508 1844
1510 1927
1511 1883
1511 1897
1513 1514
1513 1921
1516 1541
1516 1908
1522 1552
1522 1635
1525 1877
1526 1529
1527 1944
1528 1603
1530 1663
1530 1701
1531 1669
1532 1782
1535 1561
1535 1599
1535 1745
1535 1879
1536 1653
1536 1979
1538 1613
1544 1876
1544 1913
1547 1807
1548 1719
1550 1851
1555 1678
1555 1706
1555 1799
1563 1582
1564 1905
1565 1787
1570 1870
1574 1859
1578 1826
1578 1962
1580 1616
1582 1735
1583 1610
1583 1806
1583 1935
1585 1743
1586 1946
1590 1694
1591 1832
1593 1822
1593 1964
1595 1731
1598 1848
1598 1854
1598 1924
1599 1693
1600 1654
1603 1799
1605 1838
1608 1706
1613 1672
1613 1717
1614 1869
1614 1881
1617 1983
1620 1648
1620 1814
1620 1937
1626 1944
1628 1790
1629 1807
1633 1933
1634 1869
1637 1675
1637 1737
1642 1880
1643 1814
1643 1878
1646 1968
1648 1738
1648 1866
1649 1927
1655 1744
1658 1878
1658 1953
1660 1962
1663 1961
1664 1727
1666 1818
1667 1951
1669 1956
1676 1840
1677 1971
1678 1720
1686 1784
1689 1722
1689 1800
1689 1875
1690 1806
1690 1964
1690 1990
1692 1839
1693 1913
1696 1874
1697 1900
1700 1882
1704 1830
1704 1897
1709 1779
1709 1864
1712 1716
1712 1790
1715 1852
1717 1735
1717 1773
1718 1857
1719 1939
1722 1859
1723 1905
1726 1872
1729 1962
1732 1791
1733 1969
1734 1835
1734 1977
1737 1881
1740 1760
1742 1786
1748 1881
1748 1898
1750 1819
1750 1970
1754 1987
1760 1885
1761 1810
1761 1824
1762 1856
1763 1858
1766 1983
1768 1791
1768 1937
1769 1869
1775 1982
1777 1967
1781 1909
1782 1806
1783 1887
1786 1865
1790 1872
1794 1834
1796 1803
1799 1840
1802 1976
1802 1985
1803 1829
1804 1978
1811 1963
1821 1837
1826 1867
1830 1885
1833 1852
1836 1839
1836 1938
1840 1925
1840 1926
1844 1945
1852 1949
1857 1981
1858 1897
1858 1906
1860 1889
1866 1872
1875 1980
1876 1877
1876 1956
1879 1969
1883 1965
1884 1902
1896 1911
1917 1962
1922 1958
1963 1991
1964 1965
