2000 2966
21
46
64
100
70
52
88
65
100
9
10
40
5
61
1
53
21
42
14
85
34
9
88
50
34
14
73
79
11
76
78
33
8
86
25
34
94
20
40
79
72
38
24
42
29
14
95
89
60
39
41
11
79
94
99
22
74
19
7
86
73
57
49
6
58
97
71
10
22
22
53
78
32
87
64
67
26
76
33
26
40
30
16
95
89
27
39
28
68
27
60
6
17
56
91
11
22
78
22
32
43
84
53
71
7
63
81
77
11
59
45
28
20
7
23
53
81
28
39
71
1
46
49
2
18
45
8
29
89
71
92
80
85
64
7
61
47
17
53
76
1
89
99
68
95
35
52
84
61
54
21
46
58
3
91
45
20
51
12
65
97
66
19
64
42
24
39
69
90
69
29
21
12
22
2
75
72
99
76
47
15
31
67
69
29
78
84
85
97
77
29
79
63
81
3
78
94
17
10
93
83
74
14
35
61
78
56
96
70
29
57
62
56
95
87
52
56
52
42
35
10
9
56
78
51
90
4
34
93
9
40
92
49
56
58
29
7
44
92
54
99
14
77
14
18
92
66
21
2
2
82
10
49
37
82
42
2
66
60
6
75
88
76
81
87
93
1
24
26
71
61
95
86
45
30
100
51
83
80
53
26
4
30
22
89
94
1
13
75
25
39
24
91
17
93
18
37
91
13
28
100
64
99
31
31
77
60
73
98
91
48
59
37
2
37
79
82
33
16
70
69
63
66
60
94
30
6
42
28
37
38
59
55
94
1
47
100
37
45
94
56
21
6
72
23
8
15
70
40
33
75
32
42
39
78
46
53
52
3
91
62
44
35
78
73
38
84
1
61
93
52
91
88
24
70
26
3
18
39
83
95
17
49
57
58
73
32
84
75
45
59
58
72
87
74
48
49
13
59
4
99
69
90
43
39
31
52
99
40
66
38
50
25
59
42
26
60
1
4
2
41
59
39
25
53
4
47
20
72
93
54
25
10
28
57
62
10
92
19
73
46
18
52
69
57
14
38
36
73
25
1
81
31
56
59
75
62
24
4
23
84
43
48
48
34
73
48
24
24
8
30
40
42
93
67
40
54
92
41
6
71
56
52
29
41
54
66
31
47
27
84
31
81
87
46
75
20
54
74
14
80
53
33
43
47
41
93
33
5
44
74
82
61
91
83
75
6
42
22
54
59
29
58
87
10
37
10
97
29
57
24
24
59
98
12
54
2
56
38
51
39
43
41
14
70
89
9
38
50
64
86
94
7
11
72
5
25
79
41
31
7
73
1
43
48
98
15
21
11
67
46
85
78
58
96
38
19
27
98
26
21
61
78
7
85
20
5
38
56
11
41
70
38
54
26
85
93
16
16
62
13
80
100
26
4
10
4
63
41
96
7
68
48
67
60
24
5
64
79
84
79
88
65
80
71
25
6
35
52
52
5
30
59
35
49
8
3
92
22
13
85
50
12
92
41
62
55
12
94
27
84
65
77
51
27
45
72
35
95
13
1
15
31
76
57
6
7
30
29
43
87
65
90
46
64
24
78
58
17
87
80
28
11
49
77
68
40
45
70
9
80
25
90
42
92
89
62
55
17
70
17
33
40
21
27
9
41
53
72
15
12
37
88
50
52
43
97
41
46
8
1
22
6
60
55
36
64
50
25
24
12
32
77
8
22
76
71
27
17
63
59
52
9
19
64
84
75
1
42
93
67
57
61
18
76
14
15
36
42
26
47
45
76
66
79
16
56
76
19
71
30
80
42
87
10
18
18
66
85
100
28
100
96
9
59
36
88
27
4
75
66
7
41
37
18
76
56
98
32
63
98
58
32
72
1
10
28
64
46
74
53
58
33
51
80
59
99
70
70
68
95
34
28
76
73
74
34
93
74
93
58
28
84
27
27
77
39
36
44
36
17
31
92
57
82
35
23
99
86
66
94
59
43
72
60
56
35
69
35
2
33
6
33
26
22
64
55
13
30
75
16
65
8
30
72
45
43
4
56
36
66
83
24
16
68
83
54
90
38
6
43
56
97
20
87
61
63
70
20
85
91
96
46
80
45
97
47
89
99
69
95
16
33
18
63
65
89
37
25
6
79
24
32
52
72
47
30
96
19
47
86
10
25
35
61
40
37
35
84
19
65
7
34
94
32
82
87
55
81
19
60
91
61
40
22
71
29
16
44
59
46
49
86
47
50
94
16
13
37
47
70
31
91
79
96
85
62
40
8
31
5
81
21
27
61
15
96
16
22
13
19
50
83
86
58
97
80
68
15
97
76
28
88
71
20
23
78
81
76
24
55
9
87
77
67
98
54
62
63
23
28
97
94
17
25
30
90
13
72
15
81
12
70
57
17
32
83
24
84
29
36
66
91
91
7
25
86
31
31
89
37
57
88
92
61
29
58
68
95
29
59
71
63
46
60
46
73
20
53
44
79
55
24
90
73
47
79
30
72
58
86
14
58
59
12
80
55
44
18
1
6
63
13
19
43
75
34
92
52
57
60
69
62
90
14
66
51
100
18
67
90
36
35
98
95
66
56
75
72
78
65
13
84
66
81
96
70
71
82
51
41
62
46
37
42
39
79
62
100
94
17
45
43
42
60
49
53
70
73
71
16
64
16
59
18
85
17
44
2
30
80
34
19
53
45
53
91
52
60
71
92
24
56
52
64
34
18
14
79
12
75
58
33
86
74
65
57
90
19
82
43
91
19
8
49
7
90
8
10
7
19
7
48
34
70
42
59
94
72
39
76
66
74
10
36
2
81
94
95
66
71
65
59
66
17
66
66
95
84
52
99
58
60
15
29
35
46
10
43
96
15
93
55
69
55
17
98
70
28
26
24
11
84
80
35
13
48
5
88
22
78
49
37
71
13
59
89
6
92
28
89
41
94
58
71
52
51
52
100
62
54
88
61
38
62
62
79
51
72
2
90
17
77
16
17
89
4
12
28
49
37
44
2
49
30
8
50
60
77
46
92
96
15
16
71
45
56
93
69
74
96
95
68
100
39
20
75
63
3
32
22
72
22
97
24
49
99
55
22
22
3
87
95
11
82
3
77
72
26
67
32
9
97
5
73
2
10
28
32
64
2
62
48
37
89
60
60
15
88
100
82
75
31
24
63
5
69
62
29
26
12
88
75
49
70
13
21
56
75
61
10
37
77
31
55
27
85
92
52
1
58
17
30
60
39
26
92
86
52
10
84
66
95
84
9
87
9
11
11
64
17
73
34
47
19
10
38
8
86
11
73
68
91
12
93
61
14
75
90
97
46
36
42
50
52
68
82
36
80
38
68
44
84
71
27
86
98
93
32
42
16
27
23
96
20
14
61
12
69
29
41
5
83
66
25
94
57
7
9
40
37
31
94
9
82
1
99
93
85
77
41
82
54
9
73
41
69
88
25
60
18
35
6
68
77
59
79
27
31
42
43
22
42
96
89
25
89
87
24
47
8
36
86
44
93
33
48
94
30
59
19
13
83
27
87
82
98
62
17
47
20
70
23
75
7
75
88
82
12
7
89
87
23
74
28
39
17
32
54
2
26
36
65
15
40
61
90
23
31
30
56
78
73
3
14
46
34
19
79
45
73
15
91
6
77
51
51
8
21
52
94
22
45
35
67
80
99
70
19
23
91
65
14
30
94
45
80
80
2
40
12
87
24
75
59
49
63
90
60
96
56
100
42
91
87
94
67
18
57
66
90
98
79
97
65
67
50
37
23
32
53
15
57
5
27
87
20
79
23
26
90
12
87
68
95
93
34
10
97
86
16
18
42
46
18
35
50
36
95
54
79
35
86
99
17
86
87
86
90
14
8
75
70
64
98
83
82
43
75
12
31
63
80
50
81
93
95
63
83
64
81
68
77
99
31
99
75
17
28
50
24
89
86
60
27
15
31
83
10
60
29
41
27
88
1
55
61
32
3
11
89
31
23
59
21
86
48
86
92
75
62
50
10
15
52
23
63
63
40
83
1
82
28
29
76
53
17
88
4
5
98
68
98
30
27
37
88
86
12
74
48
35
72
72
29
69
19
96
57
97
37
93
93
83
20
2
51
62
79
73
25
24
33
37
29
50
87
26
80
36
74
79
12
36
92
36
52
4
52
67
99
21
97
17
5
16
71
74
39
53
9
51
53
92
72
17
20
82
3
64
34
18
93
15
18
16
30
2
88
76
9
28
77
38
7
60
34
84
11
21
49
46
93
28
30
40
67
92
23
36
35
71
1
36
19
53
11
38
85
76
85
52
55
58
35
83
98
78
37
88
31
40
48
17
2
93
100
32
14
43
2
32
48
36
16
76
39
53
96
3
15
55
23
96
69
3
79
79
46
20
80
24
36
79
83
35
1
34
42
61
48
10
95
64
12
57
63
71
46
22
71
51
79
53
80
22
24
93
77
40
52
48
35
87
26
8
88
66
42
14
55
41
15
20
45
50
41
3
70
84
42
79
47
81
59
97
41
91
99
26
100
9
83
58
5
84
23
44
73
44
98
76
80
91
57
79
9
59
12
91
65
74
91
25
88
7
100
34
76
63
0 780
0 1598
0 1926
1 387
1 793
1 1037
1 1175
1 1512
2 1123
2 1463
2 1890
3 283
3 603
3 1816
3 1938
4 76
4 651
4 699
5 182
5 674
5 1608
6 1908
7 1611
7 1636
8 18
8 1325
8 1789
9 1275
9 1608
10 57
10 1717
11 507
11 617
12 351
12 1474
13 74
13 82
13 406
13 709
13 1979
14 344
14 1306
14 1999
15 602
15 1079
16 892
16 1238
16 1253
16 1266
16 1279
16 1398
17 69
17 245
17 626
17 683
17 770
17 967
17 1850
17 1857
18 992
19 124
19 807
19 1284
20 1202
21 23
21 336
21 672
21 1599
22 215
22 826
22 1271
23 1021
23 1049
23 1749
23 1760
24 223
24 490
24 1594
25 127
25 934
26 1000
27 34
28 184
28 1304
29 983
30 310
30 536
30 1454
31 893
32 111
32 750
32 861
32 1927
33 507
33 538
33 1124
33 1732
34 420
34 1840
35 151
35 262
36 219
36 1971
37 997
37 1878
38 1031
38 1474
38 1699
39 702
39 962
39 1864
40 1892
41 252
41 1617
41 1916
42 239
44 222
44 434
45 352
45 422
46 172
46 874
46 1732
46 1844
46 1890
46 1971
47 1388
48 1808
49 1123
49 1136
49 1168
49 1463
49 1468
49 1598
49 1659
50 78
50 432
50 659
50 1580
50 1703
51 139
51 1829
52 293
52 370
52 522
52 794
52 1039
52 1405
52 1809
53 364
53 742
53 969
53 1166
53 1211
53 1257
53 1311
53 1966
54 434
54 622
54 720
54 828
54 1484
54 1692
54 1721
55 60
55 345
55 974
55 1266
55 1501
56 473
57 1480
59 169
59 375
59 418
59 754
59 778
59 951
59 1429
59 1504
60 1274
60 1310
61 540
61 795
62 653
62 658
62 1752
63 783
63 1586
64 105
64 1317
64 1338
64 1555
65 376
65 446
65 1316
66 536
67 275
67 1156
67 1370
68 648
68 1526
69 1668
70 923
70 1678
72 314
72 353
72 1355
74 844
74 1235
74 1716
75 675
75 1537
76 1033
76 1947
77 548
77 1446
77 1793
78 629
78 991
78 1045
78 1500
79 550
79 941
79 1084
79 1155
81 259
81 1256
81 1360
81 1842
82 645
82 1123
82 1704
82 1971
83 884
83 1004
83 1792
84 818
84 1773
84 1973
85 170
85 1258
87 239
87 454
87 563
87 685
87 995
88 207
88 622
88 1046
88 1134
89 856
89 1145
89 1550
90 1487
91 110
91 1025
91 1265
91 1457
92 102
92 725
92 1293
93 484
93 987
94 194
94 303
94 1154
94 1256
94 1500
94 1579
95 680
95 773
95 1122
95 1924
96 490
96 647
97 711
97 762
97 1149
99 779
100 270
100 953
100 1584
101 848
101 1337
101 1658
101 1679
101 1779
102 230
102 867
102 1298
102 1387
102 1727
102 1769
102 1904
103 1536
104 159
104 544
104 953
104 1787
105 150
105 1357
105 1700
106 493
106 1032
107 456
107 468
107 982
107 1624
108 542
108 654
108 720
108 1118
110 973
111 710
111 1239
111 1453
111 1730
111 1828
112 169
112 337
112 1256
113 982
113 1127
113 1238
113 1584
113 1608
114 579
114 955
114 1337
114 1478
114 1619
114 1652
114 1825
115 1872
116 615
116 620
116 723
116 1199
117 267
117 497
117 863
117 1666
117 1947
118 1386
119 1239
120 343
120 502
120 674
120 961
120 1106
120 1394
120 1521
121 327
121 759
121 1118
121 1352
121 1911
122 363
122 739
122 1122
122 1205
123 1240
123 1881
125 928
125 1081
125 1186
125 1549
126 1295
126 1647
127 631
127 1106
128 1202
128 1968
129 453
129 560
129 724
129 1917
129 1989
130 839
130 1120
130 1217
130 1475
130 1608
130 1823
131 838
131 1234
131 1626
131 1964
132 519
132 1045
132 1722
133 610
133 1056
133 1210
134 363
134 715
134 763
134 828
134 1126
134 1220
135 153
135 665
135 1286
136 272
136 464
136 692
137 1506
138 1051
139 402
139 819
139 1594
140 643
140 1443
140 1828
141 203
141 1970
142 620
142 1138
143 981
143 1293
144 330
144 762
145 1851
146 199
146 1323
146 1767
147 593
147 713
147 1470
148 1509
148 1678
148 1752
149 263
149 1952
150 1603
152 156
152 207
152 1061
153 692
153 790
153 1802
154 1931
155 384
155 557
155 959
155 1294
155 1756
156 875
156 1279
156 1832
157 172
157 254
157 562
157 746
157 1614
157 1958
158 1480
159 352
159 1438
159 1689
160 772
160 1560
160 1829
161 419
161 978
161 1263
161 1903
162 492
162 864
162 1204
162 1736
163 909
163 1678
164 809
164 888
164 1909
165 452
165 1668
165 1731
166 1180
166 1938
166 1990
167 293
167 680
167 1864
170 672
170 752
170 1659
171 459
171 672
171 1359
171 1969
172 1078
172 1085
172 1245
172 1414
172 1527
173 510
173 1170
174 687
174 890
175 1327
176 1618
177 873
177 1501
177 1540
178 397
178 1025
178 1116
178 1544
179 252
179 887
180 555
180 1157
180 1414
180 1575
181 1731
181 1968
182 205
182 226
182 1135
182 1327
182 1980
184 250
184 806
184 1888
185 448
185 1436
186 1339
186 1538
186 1820
187 556
188 682
188 812
188 1426
188 1951
189 297
189 328
189 572
189 814
189 932
189 1270
189 1333
189 1790
190 569
190 1629
192 1057
192 1712
192 1777
193 350
193 751
193 1472
194 320
194 365
194 536
195 281
196 446
196 724
196 1135
197 334
197 742
197 968
197 1497
197 1772
198 647
198 1182
199 372
199 424
199 1687
199 1901
200 1364
201 1852
202 439
202 663
202 737
202 868
202 1220
202 1397
202 1415
202 1436
202 1500
202 1833
202 1856
204 636
205 548
205 791
206 571
208 867
208 1541
208 1634
208 1666
208 1677
210 1235
210 1635
212 581
212 645
212 1037
212 1932
214 303
214 627
214 1563
217 457
217 869
217 957
217 1886
218 447
218 1046
219 548
219 648
219 1560
219 1796
219 1830
220 380
220 467
220 1290
221 416
221 1839
222 673
222 1434
222 1837
223 328
223 365
224 603
224 1026
224 1608
224 1670
225 851
225 1764
226 1002
226 1829
226 1935
227 634
227 1235
227 1429
227 1838
227 1839
228 348
228 1913
229 313
229 717
229 728
229 1578
229 1583
230 304
230 1144
230 1478
231 530
231 1154
232 871
232 1393
233 1574
233 1775
233 1984
234 807
234 1038
234 1591
234 1622
235 568
235 1701
235 1939
236 763
236 1554
237 835
237 1512
237 1949
238 318
238 792
239 1870
240 727
240 962
240 1172
241 839
241 932
242 727
242 779
242 1171
242 1237
242 1380
243 407
243 825
243 1016
243 1407
243 1534
243 1679
243 1770
244 445
244 734
244 985
244 1171
244 1937
244 1964
245 302
245 358
245 437
245 815
245 1048
245 1167
245 1730
245 1912
246 371
246 1114
246 1222
246 1444
246 1559
246 1635
247 1523
248 401
248 788
249 1068
249 1126
249 1798
250 1214
251 545
251 1309
251 1464
251 1619
251 1759
252 492
252 1548
253 634
254 406
254 1210
254 1303
254 1401
254 1840
255 633
255 1492
256 331
256 890
256 1552
257 718
257 1886
257 1934
258 1713
259 705
259 859
259 1802
260 993
260 1090
261 1208
262 493
262 725
262 1076
262 1179
263 1934
264 1532
264 1548
265 1159
265 1469
265 1965
266 854
267 1335
268 1039
269 546
269 550
269 589
269 1770
269 1830
270 1513
270 1586
270 1957
271 296
271 1039
272 849
272 1561
273 1774
273 1806
274 955
274 967
274 1282
274 1472
275 993
275 1662
275 1956
276 1594
277 756
277 1278
277 1734
277 1761
278 360
278 1000
278 1692
278 1705
278 1796
278 1870
279 368
279 404
279 768
279 1685
280 434
280 1198
280 1672
281 1021
281 1308
281 1659
282 541
282 1781
284 1387
284 1440
285 668
285 811
285 1427
286 574
286 1003
286 1518
287 861
287 974
287 1665
287 1845
288 325
288 542
288 548
288 972
288 1142
288 1629
289 958
289 1005
289 1200
289 1715
289 1921
290 857
290 1575
291 958
292 909
292 1793
293 696
293 818
293 1958
294 465
294 1054
295 735
295 1667
295 1772
296 1204
296 1747
296 1867
297 544
297 955
298 688
298 1506
298 1723
298 1734
298 1847
299 386
299 1226
299 1572
299 1761
299 1892
300 1210
300 1963
301 550
301 611
301 747
301 1059
302 1613
303 1624
303 1628
304 602
304 915
305 912
305 1777
306 1210
306 1554
306 1934
306 1955
307 856
307 923
307 991
307 1049
308 1217
308 1851
308 1870
308 1971
309 824
309 1003
309 1086
309 1853
310 345
310 697
310 1259
310 1643
311 855
312 716
312 789
312 1116
312 1463
312 1932
313 446
313 450
313 560
313 1724
314 466
314 1525
315 563
315 736
315 1191
316 325
316 341
316 473
316 640
316 661
316 1262
316 1335
316 1420
317 1019
317 1026
317 1329
317 1550
318 320
318 804
319 376
319 627
319 992
319 1229
319 1932
320 1189
320 1689
320 1947
320 1962
321 758
322 545
322 912
322 1641
322 1860
322 1931
323 579
324 371
324 919
324 1892
325 1109
326 1157
327 1090
327 1810
328 1258
328 1806
329 1185
330 642
331 1128
331 1995
332 1189
332 1744
334 424
334 869
334 1218
334 1270
334 1339
335 661
335 1240
335 1943
336 651
336 1459
336 1960
337 374
338 473
338 633
338 1184
339 691
339 1865
340 624
340 679
340 873
340 883
340 1533
341 664
341 1015
342 641
343 632
343 844
343 1104
343 1300
344 481
344 679
344 858
344 1290
344 1368
344 1670
345 771
345 874
345 1145
346 398
346 554
346 761
347 507
347 998
348 1646
349 446
349 709
349 871
349 1028
349 1202
350 464
350 1292
350 1411
351 423
351 890
351 907
351 1362
352 1305
353 881
353 1105
353 1168
353 1371
354 797
354 959
354 1149
354 1480
354 1651
354 1978
355 542
356 532
357 856
358 1272
358 1522
359 883
359 1825
360 853
360 1859
361 898
361 1988
362 1211
362 1920
362 1947
363 664
363 1141
363 1915
364 767
364 1344
364 1800
365 818
365 1506
365 1552
366 385
368 1580
369 936
370 610
370 683
370 1591
370 1820
370 1952
371 1572
371 1598
371 1922
371 1995
372 943
372 1449
374 1016
374 1099
374 1421
374 1490
375 550
375 1318
376 556
377 413
377 1764
378 639
379 590
379 615
379 1245
379 1810
379 1853
379 1897
380 458
380 685
380 738
380 1453
380 1662
381 1042
381 1234
381 1361
381 1501
381 1715
383 395
383 1391
384 608
384 1512
385 1535
386 749
386 1318
387 807
387 812
387 952
387 1471
387 1521
387 1542
387 1894
387 1919
388 586
388 668
388 1407
389 1332
389 1429
389 1880
390 884
390 1368
391 856
391 893
391 1557
392 507
392 815
392 1148
393 512
394 1508
394 1981
395 522
396 642
396 991
396 1577
396 1701
396 1883
396 1903
397 1167
397 1317
397 1707
398 1834
398 1869
399 666
400 539
400 1450
400 1479
401 968
403 994
403 1466
403 1895
404 579
404 683
404 813
404 939
404 1078
405 410
406 958
407 437
407 996
407 1217
408 820
408 1679
409 1204
410 973
410 1075
411 821
411 1078
411 1263
413 531
413 577
413 1194
414 569
414 810
414 1187
414 1452
415 794
415 891
415 1475
415 1648
415 1804
416 508
416 855
416 1302
417 1401
417 1595
418 643
418 1043
418 1495
419 607
420 1071
420 1646
422 1746
423 1424
424 467
424 1178
424 1817
426 903
426 1560
426 1710
427 1470
427 1740
427 1743
427 1974
428 445
428 457
428 1580
429 629
429 1345
429 1893
430 1293
430 1301
430 1430
430 1642
431 1486
432 1460
432 1745
433 1367
434 632
434 1012
434 1625
435 1284
436 564
436 793
437 1870
437 1910
438 1316
438 1543
439 605
439 643
439 745
440 455
440 1712
441 451
441 623
442 1669
442 1957
444 498
444 686
444 792
444 794
444 925
445 1216
445 1599
445 1936
446 673
446 1738
447 499
447 1462
447 1596
447 1786
447 1886
448 1245
449 1424
450 916
450 1848
451 1304
452 727
452 1235
452 1461
452 1638
455 996
455 1575
455 1758
456 563
456 1095
456 1513
456 1583
456 1891
457 479
458 1801
459 526
459 959
460 651
461 1511
462 1588
463 1487
463 1724
463 1880
464 1077
465 588
465 1521
466 497
466 1399
466 1508
467 683
467 850
467 1408
467 1808
468 1017
468 1098
468 1207
468 1969
469 1286
469 1455
471 1196
471 1821
472 909
472 1192
472 1277
473 543
473 787
473 1182
473 1440
473 1677
474 549
474 580
474 812
474 1628
474 1702
474 1912
475 745
475 1611
476 1384
476 1904
477 1565
477 1876
478 1337
479 605
479 663
479 1397
481 1096
482 584
482 1181
482 1271
482 1322
482 1545
483 544
483 769
483 776
483 1033
483 1461
483 1590
484 636
485 736
485 1454
487 1136
487 1430
488 1555
490 1654
491 1158
491 1747
492 606
492 1166
494 1206
495 609
495 612
495 1808
495 1891
496 1402
499 816
500 578
500 1017
500 1887
502 603
502 805
504 534
504 733
504 947
504 1467
505 1137
505 1248
505 1564
506 682
506 1027
506 1900
507 1279
507 1983
508 1584
508 1755
508 1977
509 1961
510 707
510 905
510 1085
510 1430
510 1438
511 1013
511 1072
512 656
512 688
512 934
512 1563
512 1748
513 652
513 1571
513 1865
514 628
514 852
514 861
514 1098
514 1331
514 1352
514 1891
515 858
516 724
516 1262
516 1793
516 1955
517 597
517 1108
517 1354
518 563
518 1480
519 1846
519 1973
520 603
520 637
520 694
520 1955
521 872
522 523
522 822
523 990
523 1685
523 1772
523 1979
525 655
525 703
526 879
526 1661
526 1694
527 912
528 744
530 763
530 1455
531 1036
531 1425
531 1520
531 1661
531 1816
532 662
532 762
533 1560
534 928
534 1875
535 582
535 1001
535 1387
536 1085
536 1295
536 1398
536 1488
537 621
537 822
537 1159
538 1134
538 1552
538 1794
539 601
539 1992
541 658
541 920
541 1298
541 1673
541 1797
541 1854
542 982
542 1291
542 1503
544 573
544 1495
545 815
545 1922
547 952
547 1308
547 1931
548 1022
548 1773
548 1873
548 1878
550 712
550 865
550 917
550 1205
551 754
551 1581
552 1748
553 642
553 1891
554 985
554 1765
555 1117
556 755
557 955
557 1746
558 737
558 1519
560 882
560 1084
560 1088
560 1480
560 1726
562 826
563 813
563 1929
563 1980
564 1050
564 1116
565 611
565 813
565 1035
565 1541
565 1922
566 668
566 1426
567 1092
567 1361
567 1582
568 879
568 1957
570 682
570 888
571 1043
571 1063
572 751
572 866
572 1087
572 1406
572 1535
572 1923
573 931
573 1460
573 1700
573 1779
574 814
574 1281
575 1518
577 1955
578 1223
579 843
579 1674
580 1092
580 1802
582 1072
582 1261
583 1269
584 594
584 651
584 779
584 1312
584 1519
585 829
585 1246
585 1849
586 1130
586 1629
586 1961
587 879
588 1294
589 1392
591 615
591 1460
591 1636
591 1974
593 617
593 632
593 1088
594 1848
594 1950
594 1979
595 783
595 1107
595 1350
595 1419
595 1617
596 1429
596 1646
596 1692
597 758
597 1079
597 1286
598 1233
598 1240
598 1341
598 1405
599 924
600 846
600 1298
600 1672
601 710
601 1511
602 658
602 715
602 1169
602 1795
603 1354
605 976
606 1831
607 608
607 1460
608 998
608 1464
609 969
611 1411
612 1088
612 1910
615 1515
616 1439
617 1637
618 1063
618 1453
618 1649
619 993
619 1008
619 1035
619 1218
619 1283
620 646
621 916
621 1519
622 1535
622 1611
623 1731
624 1217
625 1433
625 1537
625 1699
626 706
626 880
626 1952
627 773
627 853
627 1388
627 1538
627 1834
628 805
628 1176
629 1079
629 1483
629 1906
630 1314
630 1811
630 1894
630 1980
631 1105
631 1239
631 1635
632 1021
632 1241
632 1510
633 785
633 1244
633 1299
633 1828
633 1907
634 736
634 1430
634 1491
634 1979
637 1139
638 1054
638 1290
638 1406
639 652
639 1871
640 669
640 773
640 871
640 1135
641 769
641 1649
642 792
643 1199
643 1933
644 1105
644 1746
644 1984
645 911
645 1001
645 1931
646 1557
647 914
647 1167
647 1781
647 1956
648 693
648 1167
648 1359
648 1695
649 845
649 1773
651 1017
651 1752
652 1022
652 1302
652 1696
653 1108
653 1690
655 957
658 802
658 983
658 1124
659 1363
660 856
660 931
660 1424
660 1510
660 1614
661 971
662 770
662 1065
662 1951
663 1365
664 1039
665 1483
666 1648
667 1251
668 740
668 1779
669 1896
670 888
670 985
670 1487
671 1591
671 1895
672 837
672 847
673 772
673 1507
674 677
675 791
675 1038
675 1718
675 1769
675 1864
675 1935
676 735
676 1301
677 1160
677 1454
678 820
678 1030
678 1099
678 1120
678 1205
679 1037
679 1112
680 1377
680 1576
680 1748
681 797
681 1486
683 1859
684 833
684 1921
686 1283
687 789
687 1719
688 743
688 964
688 1841
689 985
689 1675
690 1225
690 1231
690 1381
691 760
691 1525
692 1834
694 832
694 1051
695 1385
695 1444
695 1587
695 1913
696 1154
696 1666
699 963
699 1029
699 1474
701 1682
701 1935
702 837
702 1070
703 970
703 1119
705 796
706 1193
706 1974
707 1806
708 821
708 1663
709 1148
709 1984
710 923
710 1310
711 738
711 921
711 940
711 1619
711 1724
712 1137
712 1281
713 1258
713 1298
713 1317
713 1752
713 1808
713 1924
715 1180
715 1237
715 1476
716 1703
716 1872
717 1349
717 1480
719 850
719 973
719 1307
720 1913
721 763
721 1060
721 1632
722 961
723 1624
724 1698
724 1846
725 985
725 1246
725 1553
726 1096
727 1043
727 1527
727 1606
728 1511
728 1649
728 1748
729 1967
730 1149
730 1481
730 1698
731 938
731 1304
731 1320
731 1942
732 836
733 841
733 979
733 1212
734 915
734 1690
736 1343
737 838
737 1190
737 1452
738 1411
739 1843
739 1890
740 991
740 1189
741 1828
742 1079
742 1225
742 1295
743 1014
743 1787
744 894
744 902
744 1101
744 1310
744 1923
745 1393
746 1147
749 871
750 829
750 1163
751 1325
751 1810
752 800
752 1705
752 1711
753 957
754 949
754 1192
755 760
755 1617
756 1018
758 1827
759 775
759 1057
759 1104
759 1124
759 1594
760 882
761 1404
762 1244
762 1918
763 1374
763 1880
764 1075
764 1455
764 1818
766 1193
766 1547
767 1113
767 1378
767 1396
767 1944
768 836
769 790
769 1072
770 791
770 937
770 1142
770 1763
771 1252
771 1536
771 1979
772 1434
774 1301
774 1341
775 1912
776 980
777 831
777 894
778 1548
778 1898
779 1527
779 1631
781 1598
782 1032
782 1440
782 1681
785 1021
785 1138
785 1781
787 891
788 1316
788 1433
788 1435
789 1301
789 1639
789 1806
790 1075
790 1978
791 1005
791 1192
791 1481
793 1037
793 1100
794 971
794 1436
795 847
795 1460
795 1656
795 1961
797 1499
797 1767
798 1167
798 1248
798 1525
800 1426
800 1576
800 1843
801 1108
801 1137
801 1164
801 1603
802 885
802 1351
803 965
803 1947
804 1703
804 1739
805 933
805 1774
806 1653
807 1038
807 1150
808 1240
808 1443
808 1522
809 1419
810 1814
811 1306
812 997
813 1848
814 959
814 1313
815 1827
815 1869
817 854
817 1009
819 1122
819 1432
819 1793
819 1895
821 1027
821 1752
823 1577
824 880
825 1537
825 1672
825 1942
826 1599
831 1844
834 1590
834 1969
835 1604
836 1144
838 1191
838 1713
839 884
839 1047
840 1134
841 1298
841 1634
841 1853
843 1113
843 1516
845 1235
845 1302
845 1674
846 1036
846 1500
846 1625
846 1894
847 1023
847 1839
848 1562
849 1439
849 1737
850 867
851 1639
851 1877
852 1541
852 1777
852 1858
853 1449
853 1811
854 1885
855 1334
855 1895
856 1751
857 1658
857 1839
858 1009
859 1090
859 1266
860 939
861 1842
862 1551
865 1389
866 1147
866 1224
867 1156
867 1159
867 1804
868 1226
868 1786
868 1905
869 1150
870 1166
870 1807
870 1828
870 1987
871 1102
872 1293
872 1479
872 1484
872 1728
872 1763
872 1798
872 1931
873 1295
874 1897
875 1414
875 1657
876 1482
876 1903
878 1293
879 1461
879 1964
880 995
880 1552
880 1571
880 1735
880 1815
883 1478
883 1576
885 1575
887 1056
888 945
888 1474
888 1520
888 1703
889 945
890 1069
890 1400
890 1727
891 1344
891 1873
893 1324
893 1883
894 1238
894 1978
895 1295
895 1397
896 911
896 1618
896 1736
897 1560
901 932
901 1435
903 1033
903 1239
904 1168
904 1758
909 1006
909 1079
909 1338
910 1116
910 1319
910 1320
911 1823
913 917
913 1020
913 1262
914 1099
914 1503
915 1540
917 1358
917 1810
919 1406
920 1532
922 1642
923 1950
924 946
924 1469
925 1228
926 1624
928 1280
928 1444
928 1589
929 1487
930 1644
930 1702
930 1795
931 985
932 1808
933 1851
934 1973
934 1983
936 1379
937 1448
938 1377
938 1504
938 1728
939 1408
939 1490
939 1509
940 1127
940 1892
941 1203
941 1313
941 1380
942 1906
943 1220
943 1679
946 1362
946 1616
948 1680
950 1006
950 1337
951 1336
952 1283
953 1966
954 1184
954 1671
955 1518
955 1532
956 1541
956 1693
956 1826
957 1718
958 961
959 1436
960 1042
960 1523
961 1151
962 1423
963 1999
964 1305
965 1911
966 1560
966 1582
968 1125
969 1233
970 1039
971 1037
971 1291
971 1401
972 1173
972 1862
973 1691
975 1327
975 1684
976 1736
977 1509
977 1596
977 1877
978 1842
979 1303
980 1547
981 1814
982 1787
984 1361
984 1407
985 1389
985 1540
986 1037
986 1170
986 1196
987 1248
987 1493
987 1520
987 1810
987 1865
987 1959
988 1230
988 1341
988 1519
988 1722
989 1397
989 1919
990 1133
990 1865
990 1908
991 1513
992 1481
992 1734
994 1043
994 1650
995 1712
997 1038
997 1316
997 1577
997 1601
998 1957
999 1608
999 1866
1000 1220
1000 1630
1000 1873
1001 1243
1001 1878
1004 1976
1004 1991
1005 1077
1005 1225
1006 1293
1006 1854
1008 1016
1009 1016
1009 1031
1009 1463
1009 1694
1012 1406
1012 1437
1014 1586
1016 1265
1018 1365
1018 1813
1018 1882
1019 1202
1019 1407
1020 1765
1020 1856
1020 1889
1022 1252
1023 1600
1023 1755
1024 1138
1024 1601
1026 1335
1026 1735
1028 1263
1028 1575
1029 1428
1030 1792
1031 1361
1031 1416
1031 1994
1032 1109
1032 1525
1033 1493
1034 1520
1034 1659
1036 1655
1036 1742
1037 1332
1037 1673
1038 1409
1038 1858
1039 1358
1040 1449
1040 1586
1040 1597
1040 1642
1041 1056
1042 1393
1042 1448
1042 1451
1042 1943
1043 1834
1044 1885
1045 1128
1045 1397
1045 1592
1045 1767
1048 1485
1048 1558
1049 1253
1050 1080
1050 1614
1050 1999
1051 1850
1052 1651
1053 1257
1053 1644
1055 1308
1056 1185
1056 1770
1057 1398
1058 1224
1059 1845
1060 1638
1061 1067
1061 1570
1062 1643
1064 1450
1065 1339
1066 1211
1067 1289
1067 1390
1067 1697
1068 1342
1070 1480
1070 1808
1070 1933
1070 1934
1070 1977
1071 1725
1072 1334
1072 1716
1072 1866
1073 1487
1073 1512
1073 1587
1073 1847
1075 1394
1076 1204
1076 1550
1077 1904
1078 1837
1079 1184
1081 1473
1082 1357
1083 1410
1083 1442
1083 1605
1085 1563
1086 1365
1086 1633
1087 1627
1089 1308
1089 1635
1090 1266
1090 1268
1090 1869
1091 1529
1091 1817
1091 1913
1093 1469
1093 1933
1093 1979
1096 1408
1097 1943
1099 1295
1099 1379
1099 1829
1100 1951
1101 1312
1101 1638
1102 1127
1104 1344
1104 1909
1104 1937
1106 1517
1106 1525
1106 1865
1106 1953
1107 1441
1108 1686
1109 1420
1109 1766
1109 1810
1110 1316
1110 1479
1111 1454
1111 1662
1111 1962
1114 1211
1114 1670
1115 1318
1115 1526
1115 1691
1116 1262
1116 1457
1117 1834
1118 1363
1118 1615
1118 1857
1119 1133
1121 1631
1122 1606
1123 1361
1123 1640
1124 1637
1124 1659
1125 1712
1126 1402
1127 1297
1127 1380
1129 1744
1131 1427
1131 1623
1131 1659
1132 1264
1133 1685
1135 1422
1135 1801
1138 1176
1138 1796
1139 1153
1139 1317
1139 1331
1141 1491
1141 1573
1141 1776
1142 1421
1143 1177
1143 1599
1143 1833
1144 1446
1144 1528
1146 1641
1146 1651
1147 1426
1147 1525
1148 1457
1149 1595
1149 1985
1151 1453
1154 1248
1154 1454
1155 1302
1157 1528
1159 1525
1159 1730
1162 1514
1163 1868
1165 1983
1166 1264
1166 1864
1167 1502
1167 1970
1168 1563
1168 1600
1170 1934
1171 1269
1171 1544
1173 1225
1174 1468
1174 1533
1174 1794
1176 1231
1178 1435
1178 1571
1178 1761
1178 1847
1180 1567
1180 1699
1181 1719
1182 1326
1183 1516
1184 1558
1185 1591
1187 1412
1187 1966
1188 1245
1188 1636
1188 1677
1188 1838
1191 1260
1192 1670
1193 1453
1193 1750
1196 1461
1196 1773
1197 1199
1198 1862
1200 1636
1201 1586
1201 1866
1202 1283
1203 1432
1205 1389
1206 1754
1207 1899
1209 1248
1209 1276
1209 1475
1209 1652
1210 1357
1210 1751
1210 1870
1211 1979
1212 1599
1212 1983
1214 1418
1215 1422
1215 1514
1216 1230
1216 1329
1217 1258
1218 1277
1218 1327
1218 1610
1218 1810
1220 1630
1220 1783
1220 1989
1222 1593
1222 1907
1223 1480
1223 1841
1224 1410
1225 1470
1225 1630
1225 1740
1225 1922
1226 1330
1226 1667
1226 1681
1226 1800
1226 1886
1227 1333
1227 1721
1227 1892
1228 1482
1230 1684
1231 1355
1234 1275
1235 1809
1236 1740
1236 1778
1236 1863
1237 1481
1237 1751
1238 1645
1239 1851
1240 1734
1240 1980
1241 1376
1241 1853
1242 1355
1246 1365
1246 1718
1248 1564
1250 1308
1250 1770
1252 1516
1254 1318
1254 1366
1254 1635
1257 1542
1258 1459
1259 1449
1263 1324
1263 1779
1263 1852
1266 1318
1266 1493
1266 1802
1268 1933
1269 1517
1270 1515
1270 1805
1271 1305
1271 1980
1272 1731
1273 1605
1275 1352
1275 1447
1277 1340
1277 1416
1277 1609
1277 1979
1278 1668
1279 1349
1279 1417
1279 1426
1279 1499
1279 1685
1279 1693
1281 1904
1283 1991
1284 1378
1284 1877
1284 1968
1285 1334
1285 1643
1286 1351
1286 1681
1288 1493
1289 1418
1290 1822
1290 1908
1293 1762
1294 1842
1295 1929
1298 1938
1299 1311
1305 1583
1306 1455
1310 1963
1313 1946
1314 1446
1315 1841
1318 1372
1318 1600
1319 1515
1319 1841
1320 1734
1321 1347
1322 1366
1322 1571
1323 1977
1325 1641
1325 1679
1325 1808
1326 1874
1326 1964
1327 1572
1327 1620
1329 1398
1330 1487
1331 1693
1332 1429
1332 1649
1332 1656
1333 1685
1334 1594
1335 1486
1335 1765
1335 1791
1336 1556
1337 1694
1337 1822
1338 1424
1338 1708
1338 1943
1339 1415
1339 1419
1339 1685
1342 1492
1342 1717
1347 1974
1347 1998
1350 1998
1350 1999
1353 1505
1354 1949
1355 1717
1356 1433
1356 1947
1358 1756
1359 1890
1360 1602
1360 1660
1361 1482
1362 1923
1364 1517
1364 1524
1365 1547
1366 1585
1366 1785
1370 1949
1371 1810
1373 1764
1375 1880
1376 1667
1378 1487
1380 1618
1381 1574
1381 1611
1381 1711
1383 1930
1385 1563
1388 1581
1389 1566
1390 1395
1390 1596
1391 1455
1392 1424
1394 1908
1395 1573
1396 1915
1397 1857
1400 1866
1400 1896
1402 1698
1408 1415
1410 1534
1410 1982
1411 1601
1411 1737
1413 1529
1415 1501
1418 1473
1419 1751
1420 1469
1420 1812
1422 1817
1424 1470
1424 1489
1424 1643
1424 1715
1424 1716
1424 1966
1431 1697
1431 1801
1431 1835
1432 1616
1432 1987
1433 1667
1435 1854
1436 1611
1436 1848
1437 1661
1437 1792
1439 1512
1439 1602
1440 1764
1440 1884
1441 1562
1441 1799
1442 1509
1442 1616
1443 1954
1451 1874
1453 1458
1453 1582
1453 1945
1453 1983
1455 1760
1456 1710
1457 1837
1458 1479
1459 1845
1460 1659
1460 1865
1461 1652
1461 1781
1462 1834
1463 1478
1463 1729
1463 1913
1463 1938
1464 1608
1464 1773
1468 1515
1470 1497
1474 1512
1474 1939
1474 1960
1476 1590
1476 1778
1478 1666
1478 1680
1479 1946
1481 1556
1481 1795
1482 1987
1484 1873
1484 1883
1485 1616
1489 1541
1490 1545
1490 1747
1491 1507
1491 1677
1491 1692
1492 1507
1493 1854
1493 1893
1494 1746
1495 1809
1498 1757
1499 1719
1500 1862
1500 1951
1502 1561
1503 1561
1504 1791
1506 1659
1509 1989
1511 1954
1512 1766
1513 1565
1518 1550
1518 1570
1518 1655
1519 1913
1519 1942
1520 1759
1520 1822
1521 1600
1524 1548
1527 1738
1529 1795
1529 1932
1530 1832
1531 1953
1532 1765
1535 1752
1535 1852
1537 1928
1538 1840
1539 1998
1540 1668
1541 1805
1541 1861
1543 1560
1545 1903
1545 1966
1547 1843
1549 1709
1549 1716
1551 1597
1552 1576
1553 1808
1553 1931
1555 1710
1556 1841
1558 1644
1559 1807
1561 1863
1562 1774
1563 1846
1564 1686
1564 1744
1568 1597
1569 1690
1570 1631
1574 1845
1575 1808
1577 1993
1578 1747
1581 1764
1582 1700
1582 1709
1583 1966
1584 1759
1584 1913
1586 1626
1591 1645
1591 1964
1592 1780
1594 1953
1597 1730
1599 1790
1599 1920
1601 1689
1603 1742
1607 1692
1608 1770
1609 1806
1609 1997
1610 1757
1613 1764
1614 1669
1617 1670
1618 1894
1620 1876
1622 1926
1624 1994
1627 1905
1628 1658
1630 1645
1630 1860
1631 1787
1633 1660
1634 1714
1635 1685
1638 1880
1638 1979
1639 1908
1641 1758
1641 1760
1641 1908
1644 1823
1646 1835
1646 1897
1650 1687
1650 1804
1652 1763
1653 1769
1654 1718
1654 1851
1654 1860
1655 1663
1655 1679
1656 1720
1656 1969
1656 1983
1658 1703
1659 1663
1662 1928
1662 1967
1663 1812
1664 1696
1664 1703
1666 1974
1667 1838
1669 1910
1670 1695
1670 1706
1670 1833
1672 1718
1673 1971
1675 1951
1676 1714
1682 1711
1684 1875
1688 1741
1692 1833
1692 1992
1698 1824
1702 1966
1702 1994
1706 1869
1708 1716
1711 1807
1712 1982
1718 1826
1720 1859
1723 1742
1728 1824
1729 1910
1730 1930
1734 1740
1737 1833
1739 1894
1743 1959
1744 1902
1744 1906
1745 1815
1748 1753
1749 1899
1750 1760
1750 1818
1750 1868
1770 1886
1771 1864
1776 1979
1782 1939
1784 1796
1784 1945
1786 1934
1793 1809
1794 1994
1795 1974
1797 1948
1801 1803
1803 1919
1804 1971
1808 1967
1808 1998
1813 1862
1813 1957
1816 1880
1825 1843
1827 1957
1832 1934
1833 1963
1842 1886
1855 1961
1857 1934
1914 1963
1939 1976
1943 1993
