2000 2930
34
64
66
92
31
32
89
19
58
96
36
21
25
55
25
87
38
64
78
24
42
52
22
33
93
98
42
42
48
42
62
52
51
59
11
92
30
23
62
69
90
37
32
44
66
95
72
37
1
88
98
10
88
17
25
78
95
90
60
44
31
95
16
10
46
6
26
58
34
37
28
77
20
87
66
26
88
2
99
99
7
93
6
41
78
39
56
39
76
86
83
39
74
19
10
65
11
58
18
60
8
2
78
60
36
42
92
24
84
31
80
58
100
19
100
32
5
87
87
71
7
42
1
52
86
17
64
10
28
72
8
34
63
31
36
73
84
42
64
38
11
13
96
41
10
33
99
68
50
89
72
44
50
1
86
64
58
88
28
58
98
51
69
34
54
86
60
90
22
19
51
37
74
83
21
47
41
70
15
90
89
24
77
74
21
51
63
94
69
49
96
92
100
43
76
28
43
36
88
36
75
66
18
48
42
44
7
64
15
47
39
33
80
5
41
71
64
8
49
32
93
31
63
41
88
19
5
64
67
42
59
94
20
47
40
69
51
44
87
93
85
43
58
94
11
16
99
15
31
25
66
81
88
75
100
24
62
35
93
16
17
52
87
93
23
86
44
69
1
47
53
36
58
22
15
84
27
16
80
7
25
55
82
98
39
47
25
25
58
79
42
34
80
48
46
21
69
85
55
61
79
94
45
77
72
4
58
71
26
20
67
80
85
30
47
52
11
13
82
1
14
46
2
28
63
60
68
22
31
37
82
4
25
23
48
51
59
71
76
29
17
26
57
46
28
34
42
20
21
21
43
18
97
76
11
76
68
96
86
60
85
81
82
35
54
35
73
22
84
10
27
54
21
75
43
10
61
14
39
21
35
73
21
67
56
39
10
47
24
43
37
37
79
20
10
37
16
13
31
100
33
19
79
25
94
2
97
43
87
27
55
85
100
48
92
43
37
54
45
46
43
96
89
29
56
71
67
21
15
80
31
93
14
42
65
3
60
77
14
57
17
73
84
36
93
59
75
57
35
11
76
95
4
87
36
17
23
30
83
65
93
97
79
24
14
47
86
70
43
41
97
98
48
80
54
80
28
12
12
44
16
75
79
33
29
36
31
70
36
100
8
5
69
43
4
15
7
78
59
8
65
45
73
38
18
35
49
46
60
81
24
48
23
43
26
34
50
29
79
65
28
82
21
42
50
57
35
86
79
46
85
28
60
59
75
66
54
69
27
68
64
32
60
7
85
55
47
63
18
85
1
90
32
42
49
81
17
77
37
25
94
30
69
84
39
76
11
32
72
24
98
37
20
68
37
10
66
42
93
44
24
73
1
29
98
20
60
23
71
3
70
47
92
70
20
9
83
73
94
60
17
83
20
56
71
25
23
14
48
15
70
66
71
26
89
33
95
61
78
91
91
75
53
43
12
91
66
10
93
28
96
34
79
67
91
41
31
82
83
44
42
75
94
75
56
6
40
80
79
64
24
50
30
77
13
67
5
69
26
45
64
16
55
76
79
92
72
95
28
59
23
80
31
32
48
1
15
95
25
30
63
4
3
32
17
21
76
13
81
77
43
52
27
31
6
36
83
66
54
79
70
65
17
3
63
78
74
53
35
85
100
67
31
7
52
65
3
37
23
95
90
49
19
52
41
4
66
81
80
92
98
35
61
32
36
7
73
81
81
76
4
18
40
42
51
42
41
25
56
63
6
47
8
50
87
64
100
66
45
66
35
77
75
85
22
5
61
9
8
47
83
79
33
22
22
55
22
21
85
69
86
98
41
28
43
57
92
50
29
87
24
84
78
58
88
64
75
37
10
59
9
38
27
5
61
19
73
54
74
78
24
54
94
44
12
99
42
58
87
82
86
95
30
43
24
66
92
67
85
92
73
2
93
88
24
55
26
38
55
64
69
83
19
72
3
82
76
49
68
23
77
63
66
86
44
63
20
85
73
13
61
49
62
47
7
20
7
93
92
47
44
69
67
54
81
80
65
37
81
66
85
63
86
56
10
8
5
4
89
1
70
53
5
80
7
4
90
92
31
90
24
97
100
70
58
19
78
97
46
64
32
47
54
47
42
58
31
31
27
7
5
31
81
51
17
99
70
1
25
32
2
25
42
40
46
34
98
61
41
16
10
54
74
10
70
59
75
49
30
73
78
45
24
83
84
1
38
89
27
79
33
37
15
27
68
36
6
73
39
63
54
35
71
77
54
44
21
92
74
10
65
2
8
100
62
41
48
29
66
2
75
77
36
100
34
4
46
95
73
19
63
26
94
59
24
80
2
79
24
1
90
83
58
67
55
100
73
16
89
95
75
16
45
3
91
55
63
72
17
76
59
55
78
30
50
4
76
36
16
51
11
26
43
42
79
59
55
82
73
7
28
16
100
71
60
11
36
85
100
5
99
68
20
27
48
97
69
43
78
68
91
66
79
98
57
2
55
78
26
58
7
100
41
82
83
26
13
100
50
93
66
91
6
4
2
12
53
46
95
14
21
44
97
34
2
40
8
27
89
27
39
72
56
78
69
91
75
29
92
95
17
81
60
26
33
57
75
27
85
21
44
63
20
22
3
41
40
12
57
54
48
5
25
88
24
73
100
91
31
100
45
23
17
98
50
97
39
72
96
24
3
100
76
35
36
55
20
21
74
27
64
87
100
70
87
96
48
15
8
71
90
35
34
93
32
74
11
70
21
11
100
6
57
60
15
98
15
47
67
66
2
49
58
77
15
96
74
17
32
54
18
52
94
90
62
60
61
69
23
25
20
86
97
10
24
38
43
3
25
22
69
55
97
51
83
32
90
89
77
63
67
94
44
45
51
51
50
11
36
66
37
78
11
18
61
21
89
14
14
36
32
32
22
2
49
29
64
18
93
87
30
92
47
22
18
55
63
76
68
49
85
30
98
2
97
57
65
56
77
98
14
36
61
10
52
18
57
78
18
68
74
62
39
24
19
7
51
26
35
90
92
94
4
51
95
48
67
12
98
37
45
80
21
80
18
21
28
34
75
8
3
86
98
38
42
84
6
73
19
67
1
98
39
100
62
49
99
86
10
92
57
5
23
98
12
24
3
98
61
53
25
38
73
37
80
13
73
24
29
76
65
27
69
81
64
18
48
36
81
55
23
22
8
47
31
72
59
56
89
9
86
94
76
67
79
96
9
52
100
92
37
54
67
98
45
48
62
85
13
16
44
86
16
94
28
65
66
16
75
61
52
56
54
77
87
48
36
30
79
33
49
54
26
1
90
99
98
57
80
36
56
4
47
96
90
35
15
99
29
38
71
18
2
90
56
85
77
3
100
1
25
71
51
69
62
84
25
35
57
74
36
39
17
60
15
43
26
36
46
78
10
95
38
77
90
88
93
73
69
95
77
18
99
28
40
17
5
97
73
65
52
55
20
46
62
11
82
42
95
42
39
64
37
31
41
50
66
45
55
18
66
14
94
91
36
94
98
45
10
14
13
1
49
77
94
17
79
53
4
77
13
14
44
96
42
24
34
98
26
50
48
30
65
26
21
59
9
69
77
70
53
46
6
64
87
32
18
29
58
59
72
8
68
23
5
70
26
19
23
22
21
42
90
50
50
73
10
56
17
13
50
96
90
45
10
10
46
61
83
7
62
88
67
8
67
33
42
38
83
92
14
66
12
58
99
58
56
78
73
21
99
9
92
36
3
55
81
1
88
36
26
18
2
59
40
90
90
45
24
44
25
45
99
65
57
27
26
46
38
89
74
39
30
80
25
78
43
81
36
12
37
37
63
77
82
21
15
31
47
98
2
22
91
55
26
57
74
92
31
77
95
6
47
88
79
85
38
29
78
39
98
70
50
45
67
24
67
15
49
78
73
33
30
15
55
24
1
55
26
87
85
3
84
25
80
49
13
34
56
75
32
37
55
74
96
21
71
34
13
30
27
69
77
81
94
78
16
81
9
94
60
22
50
53
59
44
59
29
68
31
72
83
56
16
33
100
89
10
81
15
19
39
31
30
11
1
23
4
39
4
43
23
79
38
32
37
49
79
14
36
7
22
40
38
84
58
71
85
10
88
60
94
49
96
50
97
53
54
34
88
13
63
81
73
66
10
76
14
53
88
90
5
7
12
43
80
73
3
56
42
27
50
7
75
7
51
51
23
12
62
59
98
45
34
49
31
64
27
96
98
52
88
57
87
89
87
83
38
49
42
83
70
78
34
53
25
17
63
40
9
80
38
23
100
73
30
67
90
21
35
58
98
44
63
51
86
52
16
21
90
13
90
54
83
36
57
49
31
16
53
72
9
100
91
89
50
16
36
90
67
30
97
50
94
2
68
73
76
79
100
64
55
50
77
37
61
68
31
54
73
61
3
10
90
72
55
88
75
82
71
17
46
25
79
74
57
64
60
4
19
25
38
80
28
46
40
44
58
24
70
29
39
20
96
39
11
32
25
77
93
67
56
77
49
22
5
86
43
33
71
98
26
19
41
12
92
6
4
91
49
100
28
87
43
92
92
65
21
31
38
98
82
44
87
16
61
90
83
28
97
0 271
0 1132
0 1973
1 452
1 529
1 544
1 1788
2 1305
2 1308
2 1475
3 704
3 792
3 1187
4 407
4 435
4 674
5 464
5 1905
6 1021
7 222
7 598
7 1553
8 169
8 1633
9 256
9 1170
9 1338
9 1418
9 1825
10 958
10 1184
10 1236
10 1954
11 152
11 191
11 841
12 1398
12 1923
13 338
13 366
13 1483
13 1974
14 105
14 453
14 511
15 882
15 1929
16 1238
17 733
17 1953
18 898
18 1333
19 152
19 235
19 1872
19 1938
21 150
21 204
21 1033
21 1637
21 1780
22 347
22 474
22 796
22 1085
22 1134
23 146
23 207
23 692
23 721
23 792
23 976
23 1144
23 1396
23 1565
25 486
25 586
26 595
26 829
27 377
27 594
27 1987
28 382
28 749
28 1327
29 157
29 179
30 864
30 1896
30 1950
31 299
31 686
31 1049
31 1258
32 99
32 1102
32 1213
32 1214
32 1444
32 1733
33 873
33 1964
34 485
34 1331
34 1498
34 1730
34 1794
35 1037
35 1064
35 1674
36 83
36 84
36 512
36 923
36 1441
36 1780
36 1804
37 757
37 795
37 1351
38 452
38 687
38 1522
39 1608
40 259
40 1624
42 576
42 1316
42 1414
43 966
43 1236
43 1244
43 1524
43 1866
44 639
44 711
44 978
44 1173
45 1339
46 597
46 1155
46 1301
46 1509
47 213
48 853
48 1192
49 76
49 550
50 383
50 417
50 619
52 1027
52 1105
52 1357
52 1435
52 1638
53 1107
53 1141
54 1326
54 1933
55 195
55 232
55 247
55 599
55 982
56 338
56 403
56 1821
57 1894
59 376
59 987
60 233
60 277
60 1359
60 1754
61 582
61 1368
62 772
62 1669
63 491
63 1117
63 1156
63 1373
63 1456
63 1812
64 97
64 539
64 555
64 595
64 873
64 1508
65 1598
65 1647
65 1871
66 1974
67 171
67 1969
68 910
68 1255
69 1910
70 283
71 364
71 375
71 1656
72 900
73 1176
73 1195
73 1686
73 1942
74 810
75 810
75 1241
75 1901
76 470
76 617
76 1251
77 503
77 507
78 617
78 1640
79 1358
80 316
80 344
80 598
80 618
80 1710
81 1843
83 247
83 834
83 1887
84 1407
84 1428
84 1821
84 1915
85 848
85 1221
85 1811
86 1181
87 132
87 315
87 1167
87 1763
88 541
88 602
88 635
88 1230
88 1751
89 1597
89 1988
90 709
90 1131
91 194
91 358
91 1085
91 1199
91 1786
92 196
93 657
93 1224
95 506
95 1689
96 950
96 1320
97 125
97 475
97 623
97 946
97 1884
98 532
98 687
98 709
98 1058
99 406
100 238
100 625
101 216
101 780
101 805
101 1718
102 1239
102 1333
102 1705
102 1716
103 780
103 1963
104 1555
104 1923
105 279
105 291
105 754
105 1994
106 1376
107 1124
107 1415
107 1641
107 1985
108 807
108 1617
108 1794
109 917
109 1885
110 365
111 781
111 1928
112 592
112 1145
112 1471
113 491
113 608
113 616
113 1021
114 162
114 445
114 780
114 1363
114 1368
115 716
116 1358
116 1563
116 1568
116 1798
117 1082
118 289
118 579
120 873
120 1060
120 1352
120 1637
121 962
121 1151
121 1979
122 1034
122 1685
123 542
123 1088
124 165
124 1894
125 795
125 1048
125 1379
126 1673
127 966
127 987
127 1985
128 576
128 1142
129 462
129 811
129 1077
131 674
131 741
131 1006
131 1634
131 1744
131 1770
132 528
132 649
132 1098
132 1666
132 1896
133 1552
133 1608
134 989
134 1463
135 462
135 1707
135 1863
135 1898
136 563
136 1343
136 1396
136 1903
137 679
137 1169
138 1001
138 1454
138 1623
138 1892
139 595
140 618
140 1270
141 927
141 1018
141 1742
141 1946
142 1224
142 1633
142 1912
143 706
143 1083
143 1334
143 1602
144 1498
145 156
145 228
145 395
145 818
145 896
145 1702
146 385
146 438
146 1313
146 1873
147 161
147 734
147 1304
148 1284
148 1732
149 365
149 384
149 849
149 1387
149 1929
150 182
150 186
150 791
150 1875
151 1925
152 1358
153 285
154 181
154 684
154 856
154 1124
155 1255
155 1663
155 1893
156 1198
156 1305
156 1748
157 1276
157 1777
158 417
158 1018
158 1218
159 1244
159 1595
159 1788
160 202
160 799
160 1544
160 1599
161 686
161 923
161 1097
161 1391
161 1845
162 1731
162 1822
162 1952
163 207
163 419
163 597
163 1384
163 1488
163 1869
163 1997
164 642
165 1182
165 1255
166 1354
166 1869
167 265
167 1041
167 1388
167 1568
168 669
170 534
170 651
170 1359
171 1304
171 1629
171 1650
172 397
172 845
172 1075
173 634
173 1104
174 1175
174 1707
175 254
175 313
175 1051
175 1276
175 1633
175 1846
176 1789
176 1951
177 371
177 807
177 895
177 1666
178 1432
179 405
179 635
179 1677
180 642
180 1265
181 220
181 616
181 922
181 1233
182 1173
183 1016
183 1512
184 1436
184 1576
185 376
185 875
185 883
185 1124
186 1250
187 1675
188 939
188 1250
188 1701
189 247
189 266
189 1581
190 850
190 949
190 1157
190 1813
191 355
191 615
191 621
191 941
191 989
191 1360
191 1440
191 1618
192 307
192 891
192 899
193 378
193 381
193 432
193 706
193 940
194 506
194 1175
195 1493
195 1836
197 258
197 1448
197 1678
197 1697
197 1781
198 1001
199 519
199 900
199 1778
200 310
200 1005
201 447
201 473
201 695
201 1871
202 1560
202 1951
203 398
203 1004
204 939
204 1053
204 1081
204 1106
204 1705
204 1833
205 1121
207 856
207 954
207 1653
208 1769
209 544
209 1304
209 1509
210 1326
212 1301
212 1921
213 1453
213 1727
214 1193
214 1376
215 1597
215 1861
215 1911
216 745
216 1068
217 964
217 1374
218 606
218 1028
219 723
219 1393
219 1464
220 491
221 595
221 620
221 892
221 971
222 814
222 1133
222 1205
222 1715
222 1977
222 1986
223 1404
223 1615
223 1829
224 1129
225 769
225 1150
225 1511
226 1505
227 796
227 877
227 1507
227 1839
227 1975
228 259
228 898
229 599
229 1332
229 1547
230 1200
230 1403
230 1432
230 1952
231 713
231 1336
232 431
232 648
232 1036
232 1519
232 1633
232 1765
233 413
233 1217
233 1495
233 1564
234 250
235 546
235 892
236 673
237 712
237 742
237 1474
238 263
238 1674
238 1728
239 301
239 445
239 639
239 706
239 825
240 403
240 768
240 907
240 1204
240 1690
241 800
242 357
242 1436
242 1792
242 1880
242 1957
243 330
243 694
243 1359
243 1739
243 1806
244 1354
244 1586
245 1933
246 907
246 1073
246 1987
247 330
247 479
247 1218
247 1933
248 639
248 1186
248 1630
249 1357
249 1535
249 1654
249 1939
250 1671
250 1737
251 312
251 373
251 609
251 988
252 742
253 1733
254 361
254 596
254 891
255 386
255 608
256 1067
257 406
258 951
258 1663
258 1694
259 943
259 1532
259 1650
259 1850
260 725
260 775
260 1946
260 1953
261 1936
262 1684
263 284
263 531
263 1625
263 1949
263 1963
264 334
264 515
265 1667
266 399
266 617
266 655
266 1288
267 1656
268 1101
268 1123
268 1545
268 1577
269 1476
270 404
270 1138
270 1428
271 812
271 1688
272 819
272 1325
272 1709
273 417
273 438
274 543
274 1136
274 1554
274 1787
275 458
275 1299
276 580
276 1353
276 1768
277 552
277 1537
278 624
278 1346
278 1689
279 1852
280 717
281 423
281 1007
282 534
282 544
282 974
282 1206
282 1738
283 342
283 1632
283 1811
283 1918
284 322
284 327
284 841
284 1481
284 1487
285 789
286 1121
286 1438
286 1745
287 1657
287 1830
288 627
288 856
288 1574
288 1691
289 296
289 498
289 537
289 562
289 1479
289 1765
290 715
290 757
290 1225
291 627
291 628
292 1362
292 1729
293 1960
294 486
294 683
294 816
294 1232
294 1586
295 572
295 1022
295 1930
296 688
296 963
296 1239
297 325
297 844
297 1407
297 1871
298 1181
299 1063
299 1473
300 478
300 1090
301 1465
301 1735
302 1045
302 1891
303 425
303 1351
303 1472
303 1888
304 711
305 954
305 1594
305 1788
306 337
306 1015
306 1845
307 583
307 636
307 687
307 695
307 1887
308 420
308 622
308 721
308 1303
309 612
310 1455
310 1881
311 396
311 1144
311 1413
311 1439
311 1969
312 1141
312 1249
312 1351
312 1865
313 879
313 1693
314 525
314 921
314 1893
315 1136
315 1477
315 1700
316 366
316 1706
316 1731
317 560
318 357
318 1246
319 617
319 801
319 812
319 1379
319 1510
319 1544
320 949
320 1314
321 1616
321 1874
322 731
322 1183
322 1233
322 1312
323 1462
324 821
324 1203
324 1344
325 1380
326 900
326 1415
326 1542
326 1567
328 1124
328 1707
329 373
329 866
329 1306
330 966
330 1528
330 1612
331 547
331 687
332 959
332 1276
332 1952
333 850
333 1068
333 1507
334 406
334 559
334 728
334 961
335 1203
335 1340
336 413
336 879
336 971
336 1025
336 1042
336 1116
336 1859
338 1803
339 478
339 595
339 1015
340 835
340 1294
340 1359
340 1394
340 1469
340 1752
341 692
341 1574
341 1666
341 1784
342 434
342 703
342 1014
342 1151
343 1061
343 1944
344 1281
344 1464
346 1537
347 1171
347 1996
348 566
348 571
348 1571
349 499
349 900
349 1074
350 1042
350 1417
350 1559
351 516
351 530
351 881
351 1351
351 1444
351 1840
352 956
352 1360
352 1653
352 1973
353 522
353 1471
353 1733
353 1849
354 1218
354 1602
355 376
355 1548
357 567
357 1511
357 1612
357 1749
358 823
358 1024
358 1774
359 867
359 1001
360 646
360 1350
360 1907
361 931
363 736
363 956
364 652
364 1073
364 1901
365 1256
365 1665
367 451
367 1746
367 1878
367 1983
368 428
368 1104
368 1263
368 1449
368 1646
368 1856
369 688
369 1198
369 1276
369 1571
369 1871
369 1925
370 449
370 596
370 1795
371 636
371 1921
372 1223
373 964
373 1336
374 1318
374 1840
375 1115
376 435
376 1011
377 587
378 470
378 750
378 1795
379 399
379 829
380 430
380 591
380 914
381 1009
381 1869
382 613
382 714
382 1042
382 1118
383 1402
383 1420
383 1563
383 1565
383 1671
384 818
384 1297
385 1014
385 1826
386 998
386 1083
386 1125
386 1477
386 1982
387 1015
387 1199
387 1213
387 1323
387 1905
388 586
388 1095
388 1396
388 1895
389 1021
392 502
393 433
393 958
394 556
394 971
394 1025
394 1146
394 1699
395 824
395 988
395 1049
395 1515
396 631
396 671
396 1048
396 1596
397 483
397 775
397 846
398 442
398 1560
398 1648
398 1866
398 1883
399 461
399 1902
400 1407
400 1938
401 520
401 977
401 1558
401 1755
401 1794
402 685
402 837
402 878
402 885
402 1846
403 785
403 907
403 1371
404 476
404 574
404 1160
405 584
405 1218
406 1852
407 489
407 1829
408 1384
408 1445
408 1855
409 998
410 900
410 1729
410 1805
410 1950
411 768
411 1186
412 1350
413 692
413 1613
413 1689
414 423
414 602
414 604
414 1426
414 1974
414 1976
415 849
415 1237
415 1351
416 542
416 655
416 1478
417 790
418 649
418 874
418 1234
418 1717
419 446
419 525
419 1504
420 559
420 886
420 962
420 1290
420 1717
420 1772
422 601
422 881
423 1310
423 1559
423 1953
424 1826
425 1205
425 1249
426 1577
426 1808
427 433
427 1318
428 1734
428 1825
428 1930
428 1947
429 1065
430 1032
430 1554
432 918
432 1312
432 1495
433 1878
433 1903
434 926
434 1051
434 1210
435 932
435 1134
436 1368
436 1883
437 1284
437 1843
439 637
439 962
440 705
440 1345
440 1439
440 1966
441 574
441 1545
442 659
442 1788
442 1851
443 490
443 1407
443 1536
443 1595
444 451
444 710
444 1275
444 1350
444 1544
445 585
445 614
445 1470
445 1863
445 1995
446 1380
446 1563
446 1855
446 1918
447 554
447 585
447 637
447 1850
448 1971
449 1199
449 1772
450 475
450 675
451 1019
451 1165
451 1628
453 1545
453 1765
454 566
455 784
456 694
456 698
456 1425
456 1921
457 1352
457 1608
457 1837
458 1310
459 644
461 1050
462 1512
462 1999
463 1825
464 621
464 712
465 700
465 906
465 1102
465 1197
465 1202
465 1903
466 594
466 765
466 1225
466 1440
466 1620
467 1253
467 1365
468 803
468 1676
470 677
470 784
470 1117
470 1189
470 1957
472 1771
473 1530
474 641
474 1019
474 1104
474 1958
475 672
476 623
476 781
476 1017
477 1246
477 1974
478 1656
478 1673
479 535
479 1391
481 805
481 1774
482 1379
483 682
483 694
483 910
483 990
484 811
485 602
486 1278
486 1636
487 1211
487 1247
488 688
488 971
488 1552
488 1734
488 1969
491 1790
492 518
493 1337
493 1439
493 1491
493 1507
494 1765
495 553
495 968
495 1788
496 828
496 1389
496 1842
497 1152
497 1225
498 615
498 1572
499 1700
499 1721
499 1839
500 534
501 701
501 715
501 1855
502 1870
503 982
504 1919
505 940
506 1947
508 1143
509 1658
510 1011
510 1854
511 929
511 994
511 1276
512 782
512 1791
512 1896
513 686
513 778
513 1611
514 952
514 1199
514 1927
515 921
516 1705
517 804
519 627
519 1159
520 979
520 1592
521 1370
521 1441
521 1956
522 1145
522 1343
522 1408
522 1558
522 1565
522 1704
522 1743
524 1170
524 1220
524 1529
524 1896
527 767
528 1305
528 1504
528 1916
529 990
529 1385
529 1696
529 1932
530 1817
531 866
531 1601
531 1812
532 950
533 717
535 592
535 1470
535 1993
536 945
536 1006
536 1732
536 1842
537 1003
537 1319
537 1648
538 562
538 897
538 960
538 1427
538 1920
539 881
540 1981
541 948
541 980
541 1119
541 1709
542 740
542 988
542 994
542 1889
542 1913
543 875
543 1263
543 1354
544 628
544 635
544 987
544 1134
544 1233
545 692
545 886
545 1318
545 1396
546 1370
547 799
547 1619
547 1649
547 1755
548 664
548 1026
548 1324
549 1292
551 1947
552 1873
552 1953
552 1964
553 694
553 1596
554 1032
554 1148
554 1400
554 1934
555 938
555 1142
555 1831
555 1842
556 611
556 726
556 1143
556 1692
556 1802
557 754
557 1973
558 721
558 1473
558 1860
558 1905
558 1918
559 733
559 998
559 1566
560 1202
560 1239
560 1309
561 1460
561 1737
562 1126
562 1159
562 1352
562 1557
562 1572
562 1581
562 1767
563 1561
564 634
564 976
565 1169
565 1409
565 1800
566 1457
567 1084
567 1356
567 1814
568 664
568 777
568 1007
568 1863
569 634
569 859
570 737
570 1013
571 1058
571 1131
572 1807
573 609
573 1627
573 1996
575 812
575 1058
576 1383
576 1637
577 1066
577 1470
578 766
578 1239
578 1598
578 1632
579 683
579 1058
580 591
580 1176
581 744
581 1087
582 598
582 615
582 882
582 988
582 1130
583 946
583 1109
583 1945
584 1522
585 765
585 933
585 968
585 1206
586 925
586 1414
586 1498
587 894
587 1426
588 1586
588 1861
589 1606
589 1935
590 877
590 1351
590 1460
590 1690
591 690
591 866
591 1042
592 736
593 1232
593 1699
594 857
594 1179
594 1413
594 1833
595 1967
596 1449
597 612
598 649
598 1522
599 1222
599 1646
599 1797
600 1672
602 1143
605 1947
606 609
606 806
606 1013
606 1427
606 1669
607 1294
607 1481
608 1485
608 1713
610 1049
610 1561
611 865
611 1767
611 1847
613 1391
613 1947
614 786
614 1573
615 1211
615 1780
616 1954
617 953
618 1829
618 1911
619 1056
620 738
620 934
620 1292
621 1038
621 1186
621 1576
622 667
622 1212
623 652
623 1584
625 1870
626 1300
627 1017
629 1880
630 1332
630 1673
630 1932
631 656
632 1668
633 1731
635 926
635 1212
635 1896
635 1990
636 732
637 853
637 1059
637 1486
638 747
638 998
638 1317
639 1082
639 1263
639 1445
639 1458
640 1319
641 816
641 1056
642 1005
643 904
644 825
644 1061
644 1127
645 1858
646 871
646 1158
647 1570
648 1673
649 891
649 897
649 1994
650 675
650 865
650 1184
650 1317
652 694
652 1194
652 1299
652 1357
652 1753
653 694
653 1510
653 1602
654 935
654 1409
654 1884
655 1298
655 1406
655 1840
655 1857
655 1884
655 1984
656 1615
656 1660
657 871
657 1051
657 1739
657 1880
657 1989
658 687
658 1317
658 1392
658 1456
658 1780
659 663
659 805
659 859
659 892
659 1254
659 1376
659 1982
660 1029
661 957
661 1472
661 1741
662 1168
662 1315
662 1719
663 1614
664 701
664 773
664 907
664 1564
665 826
665 1793
666 1637
669 848
669 1270
669 1334
671 1370
671 1722
672 1549
673 1719
674 1886
675 807
675 1124
676 893
677 1009
677 1896
678 875
678 960
680 1177
680 1676
681 1532
681 1555
681 1977
682 1984
684 1047
684 1502
685 981
685 1176
685 1595
686 1065
686 1185
686 1471
688 1004
688 1101
688 1578
688 1656
688 1657
688 1826
688 1839
689 906
689 1007
693 1206
693 1782
694 1276
695 1069
695 1243
695 1715
696 849
696 1028
697 1446
697 1920
698 1146
698 1450
699 897
699 984
699 1014
699 1043
699 1485
699 1770
700 1032
701 1391
701 1915
701 1975
702 790
703 1213
703 1368
703 1477
705 997
705 1509
706 1361
707 1296
707 1335
708 1719
708 1756
709 830
709 1360
709 1376
709 1401
709 1875
709 1911
710 1587
711 1464
712 1106
712 1717
713 1792
714 1942
715 968
715 998
717 1549
718 1355
718 1942
719 1575
720 1254
720 1485
720 1807
721 1191
721 1307
721 1729
722 1183
722 1800
724 876
724 960
724 1534
724 1737
725 1418
725 1451
725 1677
727 1374
728 799
728 1810
729 1447
730 1761
731 1265
732 1797
732 1918
734 805
734 1346
734 1868
734 1993
735 1316
735 1480
735 1668
736 1791
736 1855
737 1238
737 1528
738 1758
738 1970
739 1857
742 1014
743 1376
743 1390
744 828
744 1015
744 1155
744 1236
745 1762
746 1321
747 1172
747 1264
747 1912
748 844
748 1600
749 862
749 986
749 1173
749 1324
749 1465
750 1437
750 1559
750 1711
751 1172
751 1187
751 1405
751 1578
752 835
752 1220
752 1594
753 1153
754 831
754 1537
754 1870
755 905
755 1328
756 914
756 1095
756 1170
757 1340
759 781
760 1543
761 1663
762 1143
762 1340
762 1943
763 842
763 1056
764 840
764 940
765 1308
765 1333
766 770
767 974
767 1520
767 1523
767 1644
767 1760
768 1524
769 1573
773 1511
773 1559
774 1232
775 795
777 846
777 1927
778 990
778 1151
780 1467
782 1212
782 1288
782 1869
783 796
783 805
783 1127
783 1569
784 790
784 1690
787 1721
787 1741
788 1860
789 1402
789 1425
790 897
792 1792
794 1167
795 1429
796 1422
796 1857
799 873
800 898
800 946
800 1123
801 920
801 1027
801 1730
801 1803
802 999
802 1905
802 1916
803 1263
803 1370
804 834
804 1164
804 1238
805 1745
805 1783
806 1551
806 1873
807 1339
807 1398
808 848
808 1613
809 854
809 1260
810 977
811 1038
811 1180
811 1511
811 1904
811 1950
812 1416
814 930
814 1825
815 925
815 1123
816 1108
817 1170
817 1217
817 1588
818 1967
819 1049
820 1412
821 1156
821 1699
821 1960
822 996
822 1272
822 1983
823 1420
824 1632
824 1768
825 1038
825 1189
825 1866
827 1390
827 1669
828 892
828 1480
829 896
829 1260
830 1135
830 1320
831 1408
831 1464
833 1113
833 1421
834 890
835 1033
835 1081
835 1105
835 1545
837 1066
838 888
841 1477
841 1761
841 1780
842 985
843 1242
843 1331
843 1860
844 1158
844 1609
844 1831
845 1854
846 1198
846 1224
846 1387
846 1615
847 1182
847 1795
848 1461
849 1018
849 1151
850 1514
850 1617
850 1736
851 866
851 1283
852 1237
852 1584
853 1040
853 1432
854 1798
854 1900
855 919
855 962
855 1018
856 971
856 1597
857 1818
857 1824
857 1868
858 1029
858 1274
859 1289
860 884
860 1621
860 1661
861 1637
861 1740
862 1247
862 1871
863 1624
863 1646
865 932
865 978
865 1620
865 1827
865 1932
866 1023
867 908
868 972
868 1711
869 870
871 986
871 1460
871 1692
872 1693
872 1883
873 1744
874 917
875 911
875 945
875 1323
876 1000
877 1221
877 1263
877 1907
878 889
878 1118
878 1209
880 1292
881 1040
881 1236
881 1340
881 1716
882 899
882 1309
882 1335
882 1758
883 1446
883 1516
883 1589
883 1801
885 1661
885 1772
885 1892
885 1971
886 1612
887 1156
887 1310
887 1338
887 1516
887 1615
888 1053
888 1072
889 1420
889 1449
889 1473
889 1635
889 1800
890 1109
890 1358
894 1016
895 1095
896 1304
896 1479
896 1891
897 1150
897 1408
898 1047
898 1620
899 1867
900 1940
901 1761
903 929
903 1563
904 1150
904 1640
904 1981
905 1478
906 1251
906 1492
907 1139
907 1509
909 1106
909 1124
909 1455
910 1015
910 1247
910 1454
911 1063
911 1368
912 1761
913 1035
913 1450
913 1998
914 989
915 1333
915 1799
915 1936
917 1104
918 1572
919 1711
920 1047
920 1326
920 1629
921 1093
921 1658
921 1871
922 1150
922 1855
923 955
923 1132
925 986
925 1157
925 1326
925 1867
927 1189
927 1209
927 1837
928 1946
930 1675
930 1971
931 1052
931 1861
932 1057
934 941
934 1665
935 1924
936 1093
937 1940
938 1080
939 1959
940 969
942 1172
943 1377
943 1671
945 1027
945 1176
945 1179
945 1730
946 1179
946 1478
946 1727
947 960
948 1290
953 1279
953 1351
955 1726
956 1545
957 1845
959 1057
959 1242
959 1398
959 1724
960 1035
960 1302
960 1412
960 1681
961 1457
962 1957
965 1287
966 1158
966 1174
966 1197
966 1914
967 1125
967 1609
969 1262
969 1601
969 1602
969 1605
969 1788
970 981
970 1480
970 1875
971 1507
971 1868
973 1826
973 1900
974 1658
975 1668
975 1959
976 1109
976 1743
978 1810
979 1300
979 1383
979 1691
981 1595
982 1022
982 1966
984 1593
985 1661
986 1168
986 1415
987 1535
989 1170
991 1637
992 1597
992 1853
992 1986
993 1476
994 1563
994 1812
995 1561
996 1472
996 1666
997 1042
998 1061
998 1868
999 1072
999 1094
999 1501
999 1896
1000 1172
1000 1174
1001 1514
1002 1048
1003 1526
1004 1897
1006 1660
1008 1146
1009 1311
1009 1859
1010 1289
1012 1330
1012 1992
1013 1348
1013 1602
1013 1981
1014 1654
1015 1317
1015 1416
1015 1708
1015 1729
1016 1088
1016 1405
1016 1534
1016 1984
1017 1714
1017 1810
1018 1320
1018 1558
1018 1774
1019 1817
1020 1166
1020 1346
1020 1504
1021 1209
1023 1046
1023 1187
1023 1883
1025 1609
1026 1324
1026 1612
1026 1814
1027 1500
1027 1736
1027 1971
1028 1421
1028 1913
1030 1529
1030 1988
1031 1401
1032 1790
1033 1657
1034 1757
1034 1895
1034 1991
1035 1660
1036 1190
1037 1237
1038 1506
1039 1903
1040 1561
1041 1881
1041 1975
1042 1356
1043 1352
1043 1400
1044 1372
1044 1499
1044 1965
1045 1118
1049 1491
1050 1058
1052 1225
1052 1983
1053 1083
1053 1107
1053 1592
1054 1999
1055 1059
1055 1303
1056 1336
1056 1404
1057 1208
1058 1824
1058 1922
1059 1920
1062 1649
1063 1379
1063 1385
1063 1972
1065 1074
1065 1215
1065 1696
1065 1889
1068 1994
1070 1347
1070 1625
1071 1843
1071 1853
1074 1148
1076 1154
1077 1340
1078 1361
1079 1161
1079 1902
1081 1772
1083 1203
1083 1463
1085 1758
1085 1829
1086 1321
1086 1621
1087 1559
1087 1588
1088 1325
1088 1863
1090 1728
1091 1471
1091 1688
1092 1335
1093 1688
1093 1935
1095 1212
1096 1530
1096 1771
1099 1126
1101 1146
1101 1924
1103 1253
1105 1260
1105 1361
1106 1985
1109 1799
1110 1723
1110 1772
1112 1510
1114 1328
1115 1264
1115 1452
1115 1653
1116 1364
1117 1511
1117 1561
1117 1689
1119 1287
1120 1310
1121 1479
1123 1527
1123 1592
1124 1272
1125 1235
1127 1474
1128 1530
1130 1336
1131 1220
1132 1497
1132 1987
1133 1145
1133 1290
1133 1319
1135 1454
1135 1926
1137 1688
1137 1844
1137 1854
1137 1889
1137 1938
1138 1472
1138 1490
1139 1140
1140 1806
1141 1949
1142 1511
1143 1964
1144 1422
1144 1536
1146 1444
1146 1554
1146 1559
1147 1439
1149 1219
1149 1862
1150 1426
1152 1687
1153 1159
1153 1308
1153 1651
1153 1883
1154 1795
1154 1937
1156 1174
1157 1521
1158 1161
1158 1981
1160 1694
1161 1680
1161 1805
1164 1524
1165 1767
1166 1229
1166 1313
1166 1400
1166 1677
1167 1426
1167 1826
1168 1250
1169 1183
1170 1946
1171 1375
1171 1660
1171 1960
1173 1355
1173 1882
1174 1254
1174 1529
1175 1273
1176 1357
1177 1311
1177 1437
1178 1190
1178 1364
1178 1377
1179 1489
1180 1365
1181 1469
1184 1412
1184 1839
1185 1967
1186 1871
1187 1218
1187 1329
1187 1421
1187 1721
1187 1758
1187 1947
1188 1269
1189 1272
1190 1386
1192 1442
1193 1341
1193 1947
1199 1234
1199 1335
1201 1464
1202 1283
1203 1240
1203 1472
1204 1891
1206 1901
1207 1534
1207 1602
1208 1671
1209 1644
1210 1223
1210 1436
1211 1957
1212 1473
1212 1810
1212 1882
1213 1219
1213 1936
1214 1994
1218 1894
1219 1674
1220 1648
1222 1812
1222 1826
1226 1581
1227 1414
1227 1459
1227 1957
1228 1293
1229 1370
1229 1588
1230 1596
1230 1603
1230 1748
1230 1796
1231 1522
1234 1392
1235 1298
1236 1361
1237 1516
1238 1458
1238 1714
1239 1328
1241 1796
1242 1714
1242 1765
1244 1314
1244 1868
1246 1619
1248 1884
1249 1538
1249 1676
1250 1481
1250 1492
1251 1509
1251 1616
1252 1783
1253 1763
1256 1599
1257 1616
1258 1509
1258 1771
1259 1400
1259 1564
1260 1837
1262 1719
1264 1934
1265 1480
1265 1936
1266 1980
1269 1423
1269 1566
1270 1941
1271 1687
1271 1770
1272 1958
1273 1913
1273 1979
1274 1437
1274 1637
1274 1918
1275 1319
1279 1525
1281 1722
1282 1893
1283 1342
1283 1920
1284 1317
1284 1334
1284 1659
1284 1840
1285 1815
1286 1312
1286 1938
1287 1303
1289 1952
1290 1334
1290 1551
1290 1644
1290 1735
1292 1775
1295 1637
1297 1322
1299 1591
1301 1857
1302 1445
1302 1830
1303 1316
1304 1636
1304 1815
1304 1893
1306 1993
1307 1730
1309 1843
1311 1756
1312 1503
1312 1587
1312 1976
1313 1376
1313 1550
1313 1837
1314 1436
1315 1555
1316 1660
1318 1395
1318 1748
1318 1794
1319 1804
1321 1490
1322 1587
1322 1907
1325 1612
1326 1390
1326 1410
1330 1606
1331 1547
1332 1499
1332 1524
1332 1803
1332 1946
1333 1489
1333 1748
1335 1984
1337 1766
1339 1767
1342 1456
1345 1692
1345 1950
1347 1422
1347 1481
1347 1730
1348 1643
1348 1867
1349 1984
1350 1716
1351 1712
1353 1735
1358 1711
1358 1727
1358 1763
1360 1700
1360 1987
1364 1655
1365 1786
1365 1904
1367 1428
1367 1752
1368 1397
1368 1412
1370 1527
1371 1676
1371 1784
1371 1832
1373 1482
1373 1805
1374 1656
1377 1402
1378 1910
1379 1973
1380 1659
1380 1818
1384 1736
1384 1981
1385 1460
1385 1746
1387 1956
1391 1497
1393 1565
1393 1679
1396 1735
1398 1408
1399 1639
1399 1836
1399 1955
1401 1445
1401 1531
1401 1698
1401 1953
1401 1971
1403 1549
1403 1606
1404 1875
1408 1787
1410 1678
1410 1864
1411 1683
1412 1850
1412 1889
1412 1900
1413 1642
1413 1685
1414 1852
1414 1878
1416 1616
1417 1449
1421 1560
1421 1617
1421 1855
1422 1995
1425 1604
1425 1762
1426 1460
1427 1516
1427 1622
1427 1925
1432 1526
1432 1833
1434 1765
1435 1966
1436 1709
1437 1872
1439 1774
1441 1484
1441 1952
1445 1559
1447 1569
1447 1643
1447 1828
1450 1824
1450 1857
1450 1909
1451 1662
1451 1724
1456 1559
1459 1461
1460 1528
1462 1622
1462 1962
1464 1509
1465 1762
1467 1614
1469 1779
1473 1736
1473 1922
1474 1707
1476 1659
1476 1704
1476 1813
1480 1620
1482 1887
1485 1555
1486 1629
1486 1809
1487 1983
1489 1622
1490 1917
1491 1930
1493 1928
1494 1874
1496 1570
1497 1921
1501 1989
1502 1676
1503 1987
1504 1907
1507 1783
1508 1766
1513 1593
1516 1790
1516 1978
1518 1560
1518 1617
1518 1697
1518 1731
1519 1543
1521 1589
1522 1803
1525 1754
1528 1551
1535 1812
1535 1915
1538 1774
1539 1592
1541 1875
1546 1733
1546 1973
1547 1739
1548 1794
1549 1568
1549 1685
1550 1567
1550 1953
1551 1617
1553 1640
1555 1556
1555 1990
1558 1823
1558 1901
1559 1693
1560 1588
1561 1655
1565 1715
1565 1986
1565 1996
1568 1671
1568 1824
1571 1642
1572 1900
1574 1719
1575 1852
1578 1895
1579 1983
1581 1929
1584 1772
1590 1621
1590 1704
1592 1651
1592 1801
1592 1817
1594 1600
1599 1620
1602 1971
1603 1669
1603 1750
1604 1809
1605 1671
1605 1778
1606 1698
1607 1942
1608 1753
1617 1636
1619 1841
1622 1685
1623 1776
1623 1903
1624 1885
1629 1856
1630 1856
1630 1922
1633 1720
1638 1914
1639 1690
1645 1847
1646 1992
1649 1935
1652 1834
1653 1851
1653 1965
1657 1763
1658 1727
1658 1955
1660 1758
1668 1750
1668 1996
1669 1712
1671 1692
1671 1706
1672 1759
1675 1690
1678 1837
1679 1807
1680 1712
1681 1833
1682 1785
1685 1869
1686 1702
1686 1820
1686 1843
1687 1923
1688 1805
1688 1974
1689 1748
1692 1802
1693 1816
1694 1913
1701 1750
1703 1774
1705 1899
1709 1951
1710 1789
1712 1892
1713 1719
1717 1809
1718 1992
1721 1865
1723 1754
1728 1985
1731 1913
1733 1758
1735 1965
1738 1900
1738 1946
1738 1950
1741 1750
1741 1825
1741 1964
1745 1974
1748 1791
1749 1761
1751 1896
1751 1985
1755 1860
1756 1868
1761 1924
1763 1869
1765 1998
1766 1971
1770 1837
1770 1861
1772 1781
1777 1856
1779 1939
1780 1870
1783 1957
1791 1913
1791 1977
1793 1862
1797 1891
1801 1835
1803 1988
1810 1830
1810 1957
1812 1883
1812 1947
1813 1888
1818 1906
1836 1883
1838 1998
1851 1910
1853 1896
1858 1961
1864 1931
1880 1960
1883 1961
1884 1993
1916 1956
1923 1967
1929 1993
1930 1933
1947 1969
1952 1969
