2000 2984
76
52
82
80
97
94
100
35
7
26
52
77
43
63
19
44
54
39
13
13
9
68
19
26
36
55
48
78
26
31
45
87
27
19
40
33
90
59
25
50
94
5
21
27
76
25
45
70
2
68
42
99
65
85
78
72
94
65
57
35
30
85
4
10
72
91
41
45
65
88
93
3
63
23
23
54
58
95
57
34
91
47
69
63
83
90
77
52
21
58
79
50
85
87
34
16
67
34
76
64
54
100
88
34
53
83
32
72
40
58
9
98
44
2
82
20
61
39
49
2
25
84
9
53
6
38
32
49
5
74
9
74
17
92
67
97
96
81
64
21
28
95
11
62
100
57
9
19
76
47
71
5
53
67
92
3
72
11
3
41
66
38
46
89
3
20
11
69
80
33
50
91
100
84
85
52
94
22
98
6
98
87
77
50
86
68
38
1
42
5
94
5
29
96
75
3
84
66
44
4
77
38
89
68
58
44
61
41
43
20
77
17
71
21
90
24
3
21
88
86
25
61
42
54
11
45
91
95
83
24
31
61
47
98
13
52
71
36
36
62
32
40
37
38
68
100
94
34
11
89
34
99
73
15
91
69
28
4
73
94
85
11
73
26
55
75
14
91
1
65
81
57
94
19
1
86
85
42
40
78
57
19
53
42
87
80
36
24
52
31
4
55
94
75
7
62
94
39
34
28
81
46
84
56
11
71
85
5
98
4
37
12
41
49
50
52
86
71
76
77
56
75
81
69
81
46
70
46
4
67
8
25
52
63
50
48
55
33
63
85
69
14
75
77
89
84
35
63
21
34
13
57
90
15
36
83
12
31
28
65
100
82
16
25
8
51
80
7
93
72
1
35
27
53
77
10
83
88
39
87
11
73
22
71
53
24
81
92
31
98
29
65
95
21
88
30
60
26
84
83
35
83
30
85
86
13
82
52
100
27
25
98
100
46
21
62
33
2
65
98
56
43
98
64
76
47
69
79
26
28
75
64
34
80
28
92
51
98
31
93
63
32
16
50
73
37
44
29
44
90
11
66
64
52
21
55
4
84
46
79
57
31
62
78
21
92
10
17
64
100
22
12
32
59
23
86
52
72
56
99
30
50
89
24
38
20
51
59
27
92
32
58
42
55
16
77
64
92
56
74
88
4
32
20
57
78
83
8
3
70
95
16
99
17
79
47
55
63
34
93
58
46
7
6
3
80
20
10
5
19
81
61
47
33
19
89
20
47
8
14
100
26
78
50
83
92
35
91
72
4
3
94
6
67
83
34
54
68
86
22
83
92
29
87
53
98
87
66
100
15
24
27
90
38
49
69
14
87
47
22
76
99
19
26
71
93
29
46
79
94
87
69
31
38
33
60
30
50
88
52
60
79
78
52
7
86
55
71
11
94
51
8
58
78
88
8
20
81
39
93
68
63
2
85
41
61
72
37
62
1
53
58
32
38
100
20
28
30
21
31
95
56
56
55
35
48
98
70
45
52
27
43
67
45
16
57
88
31
31
21
47
13
37
45
35
3
82
11
55
98
69
51
47
27
61
46
90
2
63
42
41
36
7
59
7
17
72
94
78
14
23
56
34
53
47
49
33
86
69
37
10
34
93
26
98
58
74
82
76
41
7
18
55
78
15
53
97
89
64
10
53
85
76
66
5
70
62
64
18
4
99
65
54
11
26
3
87
60
51
11
75
96
12
81
33
3
91
5
20
11
75
98
17
60
17
51
30
78
72
58
19
5
31
81
40
74
88
35
49
59
85
41
22
10
98
74
91
79
39
42
18
40
9
44
47
68
31
44
33
99
54
83
48
87
70
44
49
12
51
36
66
35
65
64
99
13
28
29
24
79
77
52
28
40
38
46
35
16
5
82
80
90
47
97
67
97
33
16
49
18
11
23
87
93
76
42
1
26
4
34
31
24
14
54
79
34
28
36
24
85
62
77
1
57
63
28
4
19
54
10
70
1
94
99
97
59
45
55
56
13
6
81
7
36
49
95
79
68
27
19
70
44
65
32
29
57
24
55
100
80
3
54
55
10
90
91
85
41
38
52
91
55
42
96
10
5
85
97
13
37
23
23
56
36
20
74
79
18
50
21
1
30
88
37
92
80
42
58
82
22
14
33
67
76
75
63
6
43
72
81
28
77
28
27
24
15
59
16
92
57
19
61
84
15
98
56
85
25
29
50
68
32
55
22
73
76
3
13
63
62
32
78
91
76
98
63
30
72
66
90
51
38
25
56
22
38
27
85
9
46
13
12
16
16
29
83
13
11
55
34
48
9
17
60
94
17
36
35
38
58
42
91
28
33
20
25
12
60
25
31
96
9
87
63
85
23
34
18
73
21
4
100
83
58
24
5
23
93
8
57
100
46
20
91
65
65
85
74
51
82
74
1
96
90
12
19
44
100
18
24
38
16
48
78
82
64
69
20
63
8
99
36
24
26
64
62
41
91
76
70
23
76
69
26
27
37
21
12
49
34
93
75
3
16
21
94
26
36
77
46
13
74
53
66
92
78
54
80
95
25
21
67
99
68
52
54
18
75
95
90
17
9
4
55
94
81
24
44
58
75
27
31
32
52
6
28
60
18
59
99
76
24
54
65
32
6
95
85
28
71
65
50
25
41
41
86
76
29
60
58
47
41
19
79
70
40
12
75
44
73
29
70
57
50
42
12
31
87
53
42
61
45
29
96
70
77
13
11
21
53
75
62
68
25
68
89
6
61
61
74
85
49
60
59
28
77
24
38
100
62
12
45
59
57
100
77
1
33
61
37
39
48
91
71
21
12
50
38
27
26
86
5
88
74
41
5
59
47
77
59
72
74
68
61
70
13
96
23
47
82
92
86
88
19
22
18
14
39
61
87
64
18
66
100
73
17
1
34
94
57
94
98
88
45
25
86
61
80
36
7
78
86
51
91
25
80
41
54
85
5
58
13
52
31
22
67
3
26
57
62
1
21
36
82
7
75
67
73
14
3
43
85
36
54
12
57
87
69
62
44
27
23
61
94
30
35
58
9
41
62
6
81
19
60
75
70
81
50
30
87
76
20
67
94
80
27
53
41
61
24
29
34
29
97
33
64
81
59
34
53
67
72
28
26
10
48
19
27
54
45
91
91
58
47
2
73
20
24
52
63
68
59
75
80
31
66
33
81
31
9
74
39
86
66
74
52
74
14
45
40
96
35
11
48
4
11
80
76
79
3
68
35
10
10
83
11
55
49
87
79
80
46
33
1
77
93
38
65
86
40
82
17
79
44
55
62
68
61
88
70
46
71
91
13
78
34
15
73
3
54
50
67
76
50
77
23
97
72
5
94
23
55
46
5
49
51
11
32
71
79
81
78
76
29
53
25
35
8
50
33
90
77
68
83
70
37
61
2
20
73
34
7
56
60
73
9
30
67
21
88
70
53
50
23
41
6
82
20
88
57
4
32
35
27
57
43
71
93
38
21
69
6
19
85
55
30
53
25
83
54
66
76
67
77
87
80
65
45
22
17
24
30
20
31
85
95
36
6
68
66
89
13
16
79
58
87
32
98
86
96
74
29
72
67
44
17
32
2
52
97
70
11
95
73
41
82
16
53
13
68
68
65
82
61
40
94
58
10
25
85
35
28
49
99
37
77
28
97
43
19
44
32
19
97
18
51
97
99
37
24
52
56
77
35
77
37
44
51
33
66
65
41
89
75
63
7
73
43
75
17
63
14
29
51
10
21
77
49
63
12
39
34
29
70
40
56
47
45
2
4
31
65
63
40
53
23
35
78
66
25
23
93
82
22
93
93
99
97
71
94
52
6
15
27
37
45
83
36
52
1
44
72
23
72
23
87
59
29
62
35
71
15
6
21
12
20
65
9
75
91
87
74
53
78
4
90
17
61
94
75
61
10
38
63
19
43
44
87
80
66
25
23
6
83
33
49
48
39
70
3
20
75
79
95
47
63
67
88
26
98
88
30
89
95
63
87
66
43
70
54
65
85
73
20
64
66
47
58
50
85
13
18
46
14
13
43
27
31
31
95
41
33
80
68
87
70
45
14
18
33
68
79
55
12
35
80
10
34
79
57
25
54
50
24
59
93
47
93
16
5
85
83
52
23
89
94
26
15
12
63
76
55
43
41
1
39
13
79
13
76
31
30
90
10
8
55
43
92
91
39
89
54
36
25
48
69
87
20
22
80
90
3
55
76
78
90
61
51
7
54
5
82
24
17
10
25
73
77
6
88
11
78
44
46
91
16
85
40
45
88
93
16
24
99
92
58
92
62
24
27
36
60
20
10
70
58
82
86
61
35
100
18
87
56
66
10
8
36
12
22
23
71
44
95
2
71
3
35
12
42
84
90
85
55
25
21
14
89
5
93
77
58
47
38
6
93
41
30
27
94
10
63
11
38
16
29
6
92
54
43
67
11
47
4
88
57
16
6
70
52
16
66
44
51
69
94
10
86
31
38
23
13
78
59
29
16
25
37
3
20
58
62
17
51
24
42
73
40
52
74
1
46
43
33
13
78
28
81
57
94
69
45
56
18
51
49
95
11
86
11
0 905
0 1228
0 1919
1 98
2 950
2 1238
2 1411
3 355
3 460
3 1352
3 1840
4 343
4 1267
5 399
5 775
5 1008
5 1362
6 41
6 88
7 173
9 598
9 1163
9 1583
9 1928
10 896
12 475
12 679
12 839
12 1329
12 1503
12 1566
14 66
14 1087
14 1797
15 1792
15 1937
16 45
16 153
16 698
16 1718
17 48
17 788
17 1890
17 1980
18 53
18 1697
19 35
19 418
19 555
19 920
19 923
20 1184
20 1257
20 1559
21 675
22 54
22 165
23 1219
24 665
24 1877
25 440
25 1059
25 1839
26 624
26 1251
26 1685
27 603
28 431
28 845
28 956
28 1362
28 1926
29 337
29 831
29 1532
30 134
30 1393
31 980
31 1995
32 1181
33 674
33 1111
33 1320
33 1787
34 1729
35 70
35 455
35 624
35 1404
35 1565
35 1796
36 839
37 343
37 505
37 576
37 912
37 1399
37 1962
38 120
38 320
38 1547
39 1591
39 1609
40 994
40 1113
42 244
42 328
42 1223
42 1252
43 721
43 765
43 932
43 1610
43 1638
44 677
44 1100
44 1741
44 1878
45 202
45 1199
45 1951
46 1491
47 268
47 596
49 911
49 1026
49 1064
50 1304
51 158
51 206
51 851
51 1517
52 285
52 1357
53 137
53 707
53 969
53 1892
54 567
54 743
54 1086
54 1492
54 1758
55 389
55 579
55 897
55 1746
57 972
57 1044
57 1608
58 681
58 1140
58 1245
59 179
59 435
60 653
60 963
60 1178
60 1405
60 1650
60 1689
60 1891
61 328
61 1756
61 1780
61 1933
62 859
62 1388
62 1838
63 88
63 757
63 765
63 1187
63 1309
63 1511
64 331
64 983
64 1031
64 1329
64 1907
65 302
65 405
65 1410
65 1739
65 1865
65 1949
66 137
66 1138
67 866
68 357
68 1884
69 902
69 1105
69 1441
70 1180
71 870
71 1251
71 1661
71 1935
72 355
72 529
72 593
73 350
73 1119
73 1617
73 1921
74 122
74 1585
75 201
75 409
75 1278
76 628
76 890
76 1424
76 1541
76 1831
77 704
77 1652
78 149
78 1727
78 1802
78 1908
78 1951
79 299
79 308
79 375
79 1438
79 1788
79 1883
79 1902
80 171
80 183
80 417
80 520
80 800
80 1024
82 1145
82 1275
82 1297
82 1348
82 1769
82 1878
83 119
83 215
83 1940
84 602
84 1421
84 1488
85 420
85 832
85 1513
86 295
86 1040
86 1939
87 366
87 738
87 1836
87 1998
88 156
88 866
89 174
89 1205
90 726
90 1438
90 1457
90 1877
91 216
91 304
91 657
91 1279
92 574
92 1617
93 754
93 1380
94 293
94 320
94 408
94 876
94 1383
94 1447
95 600
95 633
96 975
97 444
97 1356
97 1793
98 519
98 1034
99 1612
99 1717
99 1862
100 244
100 469
100 1186
100 1596
101 143
101 692
101 729
102 396
102 852
102 1546
103 411
103 755
103 877
103 1104
103 1532
103 1856
104 620
105 234
106 1270
107 509
107 1946
108 217
108 1217
108 1986
109 447
109 1122
109 1379
109 1496
109 1499
109 1741
110 1659
111 1622
111 1856
112 1967
113 601
113 816
113 1214
113 1430
113 1908
113 1940
114 985
114 1166
114 1206
115 509
116 1099
117 253
117 1857
118 651
119 381
120 172
120 935
120 1753
120 1893
121 603
121 851
121 1078
121 1660
121 1748
122 126
122 358
122 582
122 1132
123 342
123 1461
125 604
125 1870
126 407
126 488
126 1407
128 588
128 1304
128 1991
129 600
129 1213
130 671
130 1666
131 226
131 297
131 476
131 1269
131 1370
132 487
133 1234
134 158
134 975
134 1520
135 1148
136 576
136 1831
138 467
138 1667
140 384
140 987
140 1137
141 995
141 1067
141 1385
142 1467
142 1666
143 814
143 1961
144 182
144 202
144 1100
144 1136
144 1984
145 364
145 1551
146 1945
147 344
147 1095
148 621
148 887
148 1085
148 1746
149 1946
150 1075
150 1275
151 1673
151 1682
152 957
152 1671
152 1736
152 1810
152 1829
153 792
153 1003
153 1617
153 1897
154 321
154 961
154 984
154 1396
155 712
155 1084
155 1579
155 1619
155 1893
156 279
156 588
156 1996
157 1061
158 1085
158 1609
159 797
159 1211
159 1409
159 1644
160 425
160 456
160 629
160 634
160 1689
161 1707
161 1807
162 1036
162 1316
162 1644
162 1658
162 1849
163 1388
163 1982
164 1433
166 1193
166 1471
166 1479
167 605
167 1926
168 1051
168 1400
168 1498
170 377
170 773
170 973
170 1419
170 1763
171 295
171 364
171 988
171 1344
171 1564
171 1744
172 405
173 338
173 613
174 775
174 945
174 1385
174 1610
174 1925
175 477
175 1939
176 799
176 1900
177 735
177 1156
177 1339
178 637
178 820
178 1021
178 1894
179 563
179 970
179 1159
179 1645
180 204
180 402
181 500
181 525
182 1039
182 1788
183 256
183 1089
184 464
184 1082
185 219
185 1109
185 1416
186 859
186 1048
186 1489
187 639
187 1562
188 895
188 948
188 1615
189 668
189 1284
189 1380
190 202
190 743
190 1086
191 1034
191 1829
192 830
192 1656
193 194
193 612
193 692
193 1088
193 1374
193 1603
193 1671
193 1734
193 1764
194 657
194 1577
194 1663
195 1880
196 1589
197 988
197 1710
198 677
198 1478
198 1565
198 1784
198 1837
199 1128
200 390
201 579
202 660
202 772
202 1721
203 486
204 400
204 435
204 518
204 1588
205 294
206 768
206 1488
206 1587
207 472
207 1678
207 1700
207 1802
208 651
208 1231
208 1629
209 649
210 359
210 952
210 1439
210 1620
210 1928
212 231
212 1643
213 416
213 528
213 904
214 539
215 370
215 1974
217 333
217 1633
218 1623
218 1627
219 691
219 918
220 312
220 1587
221 280
221 672
222 721
222 966
222 1006
223 273
223 746
223 1486
224 1271
224 1670
224 1840
225 1015
225 1519
225 1604
226 371
226 1404
227 1127
227 1538
228 668
228 1676
228 1700
229 244
229 323
229 736
229 828
229 835
229 1609
230 353
230 1826
232 292
232 557
232 880
232 1005
232 1059
232 1261
232 1308
232 1621
233 290
233 779
233 863
233 1044
233 1480
234 1301
235 474
235 975
235 1009
235 1335
235 1478
235 1750
236 1452
236 1543
237 1222
238 446
238 596
238 676
239 1073
239 1502
239 1662
240 1159
241 404
241 641
242 480
242 1135
242 1422
242 1661
242 1917
243 1255
244 1275
244 1504
244 1638
245 405
245 940
245 966
245 1555
245 1804
246 1672
248 403
248 549
248 1928
249 568
249 1364
249 1398
249 1525
249 1573
251 698
251 1230
251 1566
251 1811
252 884
252 982
252 994
253 441
253 517
253 700
253 762
253 1176
253 1235
253 1427
253 1480
253 1574
254 493
254 1064
254 1676
255 301
255 843
256 1111
256 1408
256 1438
256 1899
256 1933
257 876
257 1528
257 1923
259 477
259 1221
260 1797
261 558
261 1016
262 333
262 422
262 1237
262 1402
263 954
264 404
264 420
264 1025
264 1418
264 1756
265 531
266 1704
266 1872
268 459
268 1612
269 295
269 322
269 926
270 863
270 1369
270 1449
270 1622
271 1140
271 1953
272 493
272 1210
273 283
273 911
273 917
273 997
273 1861
274 999
275 332
275 398
275 1565
276 741
276 1378
276 1904
277 582
277 1240
277 1476
279 557
279 1213
279 1893
280 1301
280 1401
280 1501
280 1834
281 568
281 583
281 1803
282 1466
282 1825
283 699
284 718
284 1250
284 1671
285 1012
285 1757
286 810
286 1568
286 1804
287 680
287 1733
288 1184
288 1185
289 529
290 1081
290 1733
291 855
291 1097
293 1159
293 1381
293 1643
293 1947
294 1933
295 684
295 1455
295 1860
296 654
296 731
296 1740
296 1758
297 346
297 691
297 768
297 1481
297 1631
298 597
298 1257
298 1773
299 1444
299 1819
299 1928
300 1400
301 490
301 656
301 878
301 927
301 1929
302 536
302 1198
302 1498
303 1192
303 1193
304 1141
304 1150
305 336
305 1111
305 1950
306 893
306 930
306 1514
307 311
307 467
307 798
307 976
307 1548
307 1790
308 447
308 1060
308 1979
309 1026
309 1293
309 1557
310 314
310 497
311 1608
312 663
312 1507
313 1773
314 1061
314 1196
314 1865
316 512
316 1324
316 1866
317 581
317 1536
318 553
318 582
318 1442
318 1594
318 1842
319 395
319 1608
320 321
320 564
320 779
320 1188
321 767
321 1028
322 664
322 1298
323 860
323 1346
323 1424
323 1842
324 1336
325 920
325 1582
326 455
326 677
326 1084
326 1280
326 1490
326 1832
327 1012
327 1114
328 667
328 798
328 1574
329 906
329 1071
329 1118
329 1496
330 1027
330 1509
331 1144
331 1840
332 858
332 1351
333 1023
333 1334
333 1513
333 1528
334 433
334 496
334 917
334 1364
336 645
336 1720
336 1735
337 618
337 992
337 1029
337 1053
337 1168
337 1946
337 1981
338 1248
338 1264
339 1610
340 624
340 995
340 1582
340 1971
341 918
341 1038
341 1877
342 467
342 1011
342 1049
342 1989
343 1344
343 1776
343 1917
344 674
345 945
345 1081
346 1014
346 1541
346 1945
347 1720
348 1135
348 1966
349 1439
349 1986
350 1194
350 1836
351 906
351 1331
351 1647
351 1815
353 1460
353 1953
354 581
354 1273
354 1548
355 503
355 853
355 1891
356 741
356 1478
356 1695
357 413
357 415
358 868
360 647
360 870
360 1289
361 1634
361 1880
363 701
363 788
363 1406
365 1566
366 470
366 850
366 1597
367 383
367 751
367 1053
367 1100
367 1646
367 1888
368 799
369 371
369 738
369 1882
369 1936
371 1291
371 1833
372 1140
372 1226
373 400
373 1670
374 819
374 1079
374 1158
375 1299
375 1608
375 1708
376 556
376 1923
377 412
377 634
377 1590
377 1786
378 889
378 1733
380 617
380 1572
380 1970
381 568
381 825
381 1732
383 1440
384 1559
385 475
385 907
385 1278
385 1325
386 791
386 1001
386 1206
387 480
387 687
387 844
387 1572
387 1662
387 1697
388 854
388 980
388 1496
388 1543
388 1767
388 1864
389 798
389 1121
389 1197
389 1255
389 1270
390 942
391 1067
391 1838
392 545
393 743
393 947
394 1433
395 691
395 738
396 746
397 1799
398 502
398 1983
399 904
399 979
400 583
401 462
401 960
402 757
402 846
402 1390
402 1924
403 1263
403 1398
403 1991
404 756
404 998
404 1140
404 1148
405 546
405 933
405 1217
405 1728
406 865
406 1105
406 1308
407 754
407 901
407 1287
408 427
408 1098
408 1420
408 1718
409 464
409 810
409 902
409 1000
409 1227
410 589
410 974
410 1672
410 1785
411 851
413 1198
413 1389
414 1196
414 1906
415 774
415 1291
415 1781
417 1857
419 582
419 1083
419 1730
420 1909
421 555
421 1202
421 1782
422 603
422 720
423 1144
424 530
424 705
424 1064
424 1342
425 1869
425 1904
426 550
426 1694
427 599
427 635
427 717
427 725
427 1842
428 1014
428 1186
428 1332
429 672
429 1361
429 1460
430 1231
431 852
431 1132
431 1843
432 468
432 501
432 933
432 1251
433 744
433 1967
434 554
434 565
434 1393
437 1216
438 945
438 1011
439 1398
440 1432
441 761
441 1196
442 826
442 911
442 1806
443 785
443 991
443 1075
443 1346
443 1713
444 1405
444 1814
445 1403
445 1419
445 1585
445 1724
446 963
446 1264
446 1856
447 729
447 1416
447 1835
448 1363
449 810
449 1666
449 1736
450 1367
452 769
452 1804
453 578
454 1069
454 1681
454 1957
455 711
455 1411
455 1737
456 622
456 793
456 1464
457 1357
457 1984
459 596
459 710
459 1461
460 987
461 1093
462 501
462 682
463 647
463 1061
463 1517
463 1978
464 806
464 1008
464 1152
465 633
465 678
465 721
465 897
465 1133
466 832
466 1120
466 1517
467 1273
467 1311
467 1614
467 1785
468 1538
468 1937
469 1204
469 1214
469 1454
469 1562
469 1860
470 915
470 966
470 1792
471 912
471 1971
472 1745
472 1990
473 478
473 854
474 1042
474 1413
474 1901
475 665
475 1095
475 1648
475 1717
476 856
476 958
476 1578
477 660
477 1023
477 1189
478 1533
479 1281
479 1511
480 1036
480 1151
480 1980
481 496
482 1139
482 1987
483 627
483 829
483 1953
484 852
484 993
484 1182
484 1585
484 1610
484 1874
485 942
485 1254
485 1594
485 1703
486 542
486 973
486 1992
486 1993
488 850
488 890
489 1234
490 783
490 836
490 1164
491 527
491 697
492 840
492 1167
492 1323
493 1109
494 872
494 1239
494 1522
495 1344
496 632
497 771
497 1237
497 1476
497 1955
498 1388
498 1558
498 1707
498 1768
500 1074
501 741
501 1048
502 1844
503 629
504 590
504 786
504 1324
505 716
505 1463
505 1706
506 731
506 1456
507 1485
507 1575
508 751
508 1217
508 1815
509 605
510 965
511 659
511 1350
511 1539
512 561
513 1825
515 1309
516 736
517 1565
518 695
518 804
518 1338
518 1800
519 1023
520 597
520 932
521 741
521 1682
522 1097
522 1934
523 559
523 1435
523 1477
524 568
524 1382
524 1856
524 1876
524 1999
525 652
525 1068
525 1175
525 1279
525 1483
525 1574
526 703
526 1224
527 1055
527 1151
527 1831
528 557
528 1812
529 581
529 708
529 903
529 1020
529 1185
529 1203
530 902
530 1757
530 1759
531 616
531 963
531 1449
531 1775
532 896
532 1248
532 1392
532 1445
533 860
533 1630
533 1641
534 1059
535 1839
536 542
536 592
537 1742
538 1674
539 663
540 850
540 886
540 1215
541 855
541 1165
541 1231
541 1569
542 1325
542 1405
542 1493
543 1585
543 1613
545 1231
545 1323
545 1884
546 825
546 1155
546 1624
546 1768
547 720
547 1172
549 809
549 1541
549 1583
550 603
550 1046
550 1195
550 1447
551 555
551 828
552 1242
553 1235
554 630
554 695
554 853
555 661
555 1118
555 1934
556 1701
557 581
557 592
557 670
557 1048
557 1105
557 1530
558 1305
558 1361
559 960
559 1113
559 1484
559 1633
559 1834
560 938
560 1197
560 1310
560 1470
560 1507
560 1704
560 1985
562 1013
563 1329
565 1030
565 1104
565 1563
565 1675
565 1911
565 1970
566 758
566 871
566 1223
569 928
569 1803
569 1993
571 1109
571 1999
572 593
572 1031
572 1168
572 1596
573 724
573 728
575 950
575 1051
576 632
576 1002
576 1419
576 1720
578 1165
578 1271
578 1627
578 1823
579 767
579 1386
580 1480
581 903
581 918
582 912
585 1856
585 1955
586 1121
586 1822
587 951
587 1281
588 724
588 1655
588 1910
588 1984
589 784
589 1300
590 704
590 1035
591 737
591 1629
591 1694
591 1859
592 1755
592 1890
593 694
593 913
593 931
593 985
594 607
594 1088
594 1691
595 654
595 930
595 972
596 709
596 1455
596 1833
597 617
597 1197
597 1327
597 1600
598 1244
598 1384
599 1011
600 1182
601 871
601 1453
604 1499
605 608
606 1138
606 1243
606 1689
606 1897
607 763
607 1733
607 1745
608 650
608 675
608 1565
609 1885
610 1340
610 1461
610 1701
611 1383
612 779
612 1708
612 1918
613 782
613 1523
614 839
614 929
614 958
615 1335
615 1550
618 1361
618 1949
619 971
620 1193
620 1516
621 765
621 823
621 1164
622 1248
623 810
623 968
623 1356
623 1955
624 905
624 1477
624 1774
625 1960
626 697
626 1218
626 1731
627 905
627 1916
628 1316
628 1635
628 1693
629 885
630 1169
630 1187
631 1265
631 1868
632 1033
632 1036
632 1331
633 1101
633 1465
634 1289
634 1370
634 1375
636 1102
638 655
638 901
639 1445
639 1497
639 1510
641 909
641 1218
641 1247
641 1590
641 1730
642 1158
642 1640
642 1696
642 1745
644 894
644 1295
644 1452
645 651
645 1589
645 1969
646 1153
647 862
647 1142
647 1155
647 1394
647 1454
648 671
648 1275
648 1301
648 1509
649 744
649 867
649 1504
650 851
650 1436
651 993
651 1009
651 1034
651 1358
652 1740
652 1830
652 1891
653 1349
653 1694
653 1777
654 807
654 908
654 1301
654 1743
655 735
655 1176
656 1661
656 1998
660 1850
660 1853
661 739
661 920
661 1193
661 1417
662 1229
662 1324
662 1369
662 1678
662 1760
662 1924
663 1298
664 699
664 701
666 748
666 1422
666 1651
667 1298
668 757
669 1101
669 1191
669 1850
670 1449
671 898
671 901
671 1609
672 771
672 1316
672 1503
673 830
673 1242
673 1547
675 830
676 701
676 729
676 855
676 983
677 883
677 1519
678 1295
680 689
680 1552
681 1082
681 1160
683 725
684 1692
684 1848
685 751
685 1280
685 1901
686 719
687 1609
687 1620
688 803
688 1009
688 1687
689 985
689 1277
689 1407
690 1603
691 971
691 1497
691 1746
691 1896
691 1988
692 956
693 1242
693 1997
694 1594
695 991
696 1283
696 1699
697 1412
697 1498
698 806
698 997
698 1397
699 701
699 797
699 1388
700 1921
700 1927
701 833
701 1901
703 739
703 767
703 1155
703 1703
703 1852
704 744
704 1963
705 766
705 1894
706 737
706 1368
707 1375
707 1903
708 1289
708 1451
708 1517
708 1552
708 1915
709 1416
709 1748
711 803
711 1026
713 727
713 811
713 813
713 1325
713 1866
714 1608
716 770
716 1104
716 1347
716 1416
717 850
717 1441
719 1446
719 1455
719 1592
719 1975
720 799
720 1294
720 1376
721 985
721 1222
721 1238
721 1576
721 1612
721 1631
722 919
722 921
722 937
722 1690
722 1880
723 1143
724 1723
724 1818
725 1254
725 1739
726 1187
726 1267
726 1921
727 1440
727 1828
728 1084
728 1166
729 1009
729 1011
729 1398
729 1476
729 1522
731 985
731 1561
732 1053
732 1789
733 838
733 1080
733 1622
733 1768
733 1978
734 1184
734 1273
736 773
736 1438
736 1578
736 1852
737 1036
739 1021
739 1396
739 1815
741 904
742 1907
744 920
744 1530
746 1813
746 1902
747 828
747 839
747 886
747 1118
748 1107
748 1707
749 831
749 1180
749 1335
749 1343
749 1430
750 764
750 1216
750 1786
751 1969
752 992
752 1322
752 1483
752 1578
753 1129
753 1359
755 789
755 909
755 995
755 1114
757 819
757 1667
758 1475
758 1943
759 808
759 1819
760 771
760 943
760 1570
761 1025
761 1042
762 858
763 991
763 1346
763 1401
764 1194
764 1428
767 878
768 914
768 1265
768 1996
771 936
771 1934
772 1043
772 1666
775 1161
775 1267
775 1373
775 1378
775 1468
775 1520
775 1758
776 1843
777 1399
777 1830
778 1513
778 1930
779 1930
780 939
780 1633
780 1643
781 1820
782 1209
783 1365
783 1374
784 1111
784 1645
786 1599
786 1609
787 1031
787 1122
787 1125
789 999
789 1251
789 1502
789 1700
789 1963
789 1998
790 1603
790 1882
791 1337
791 1578
791 1714
791 1780
793 1067
793 1249
793 1552
793 1714
795 1380
796 875
796 1253
796 1695
798 879
798 955
798 1990
798 1997
799 1237
800 1173
801 846
801 856
801 1799
802 937
802 1256
803 1241
803 1368
803 1599
804 888
804 1010
804 1078
804 1366
804 1634
804 1777
805 876
805 1138
805 1416
805 1913
806 836
807 871
807 1038
807 1490
807 1521
807 1550
808 1074
808 1075
809 941
809 1193
810 861
810 1135
811 1764
812 883
812 958
812 1057
812 1242
813 886
813 1303
814 1010
814 1939
815 1039
815 1107
816 1244
817 1199
817 1711
818 1013
818 1507
818 1931
819 1399
820 1077
820 1129
820 1525
821 1048
821 1528
821 1839
821 1850
822 1327
822 1449
823 1211
824 851
824 1245
824 1973
824 1981
825 946
825 1664
826 1556
827 1597
828 1490
828 1661
830 1868
830 1957
831 1688
832 1168
832 1560
833 1134
833 1565
834 873
834 957
834 996
834 1011
834 1448
835 1234
835 1839
837 1011
837 1301
838 1127
838 1292
838 1992
839 967
839 1719
839 1882
840 1434
840 1469
840 1936
841 1033
841 1404
841 1457
841 1532
841 1897
842 861
842 1776
842 1784
843 853
843 899
843 1154
843 1327
843 1947
844 917
844 974
844 1062
844 1718
845 921
845 1353
846 1681
846 1834
847 919
847 1227
847 1490
848 1859
849 1995
850 1384
851 1649
852 1014
852 1719
854 1794
858 1451
858 1737
858 1856
859 1416
859 1700
859 1856
861 1268
861 1588
861 1751
862 1840
864 1413
865 1278
866 1756
868 1762
869 979
869 1108
871 1735
872 880
872 1490
873 1843
874 1331
875 1128
875 1522
876 1091
876 1454
877 1721
877 1910
879 987
879 1100
879 1362
880 967
880 1282
881 1796
882 1305
882 1422
883 1807
885 890
885 1189
886 1066
886 1213
887 1011
887 1663
888 976
888 1003
888 1432
888 1520
888 1747
889 1304
892 978
892 1010
892 1164
893 1553
894 1796
894 1843
894 1862
895 1416
895 1787
895 1806
896 987
896 1276
896 1346
896 1643
896 1674
897 1190
897 1469
897 1909
899 1204
901 1439
901 1583
901 1726
901 1826
902 1303
903 1389
903 1440
903 1861
904 922
904 1393
904 1553
905 1402
906 1843
907 1670
908 1028
908 1362
908 1462
908 1943
909 1917
910 913
910 1024
910 1564
911 1002
912 1029
912 1603
912 1761
913 1578
914 1137
914 1665
915 1302
917 1982
918 1156
918 1253
918 1351
918 1461
918 1696
919 1037
919 1277
920 1360
920 1886
921 994
921 1389
921 1452
921 1517
921 1533
922 1040
922 1738
922 1810
924 1177
924 1505
924 1974
925 1386
927 1075
927 1375
928 1356
928 1589
928 1658
930 1336
930 1379
931 1337
931 1463
931 1501
933 1046
933 1376
933 1447
933 1720
934 1582
934 1775
935 1049
936 1167
936 1700
936 1912
938 1966
941 1734
942 1339
942 1483
943 1319
943 1900
943 1988
944 1252
945 1102
947 1028
947 1842
948 1482
948 1958
949 961
949 1658
950 1620
951 1085
951 1586
952 1966
953 1125
954 1158
954 1247
954 1530
956 1282
956 1602
956 1885
957 1432
957 1647
958 1165
958 1355
958 1856
959 1013
959 1496
960 1182
960 1443
961 1289
962 1314
962 1753
965 1191
965 1361
965 1631
967 1056
967 1616
967 1794
968 1468
969 1609
969 1788
969 1866
969 1994
970 1826
971 1994
972 1461
973 1801
976 1455
976 1472
977 1310
979 1490
980 1542
981 1580
983 1379
983 1391
983 1700
984 1826
987 1106
987 1221
987 1314
987 1642
988 1084
989 1541
989 1599
990 1381
990 1591
990 1799
991 1106
991 1202
991 1766
991 1955
992 1256
992 1834
994 1720
995 1338
995 1569
995 1749
996 1239
996 1841
998 1815
999 1132
999 1245
1000 1567
1001 1797
1002 1317
1002 1928
1003 1126
1003 1383
1004 1371
1004 1571
1004 1964
1005 1540
1005 1943
1006 1636
1007 1259
1007 1260
1009 1198
1011 1555
1012 1067
1012 1409
1013 1833
1014 1032
1015 1219
1015 1258
1016 1377
1017 1851
1020 1225
1021 1033
1021 1638
1021 1893
1022 1694
1023 1310
1023 1582
1024 1115
1025 1143
1025 1718
1025 1747
1026 1473
1026 1742
1026 1793
1027 1570
1028 1774
1029 1567
1030 1316
1032 1660
1033 1985
1033 1995
1033 1999
1035 1374
1035 1720
1036 1915
1038 1190
1040 1460
1040 1989
1041 1060
1043 1106
1043 1170
1044 1079
1044 1366
1047 1610
1048 1087
1049 1479
1049 1569
1050 1635
1050 1891
1051 1931
1052 1199
1052 1737
1055 1081
1055 1412
1055 1990
1056 1386
1056 1473
1057 1868
1060 1128
1060 1353
1061 1302
1062 1921
1064 1777
1064 1859
1066 1741
1067 1518
1067 1548
1067 1643
1068 1126
1068 1495
1070 1515
1070 1887
1071 1399
1071 1728
1071 1931
1073 1607
1074 1663
1076 1569
1077 1830
1077 1930
1078 1377
1078 1616
1079 1752
1081 1637
1082 1240
1082 1565
1082 1859
1084 1407
1085 1213
1085 1424
1086 1845
1088 1409
1089 1761
1089 1939
1090 1966
1090 1987
1091 1304
1091 1697
1091 1818
1092 1276
1092 1402
1094 1173
1096 1242
1098 1156
1099 1339
1100 1557
1101 1441
1101 1926
1102 1766
1102 1847
1104 1148
1104 1556
1104 1705
1105 1408
1105 1724
1105 1725
1106 1219
1106 1644
1106 1791
1107 1180
1108 1273
1108 1758
1109 1193
1109 1496
1110 1604
1111 1268
1111 1593
1111 1623
1111 1863
1112 1499
1112 1746
1113 1434
1113 1490
1113 1649
1114 1602
1114 1735
1114 1901
1117 1123
1117 1924
1119 1249
1120 1302
1120 1871
1122 1837
1123 1265
1123 1635
1124 1141
1124 1374
1125 1249
1125 1311
1126 1395
1129 1970
1130 1585
1130 1707
1130 1949
1132 1867
1133 1311
1133 1348
1133 1549
1134 1757
1135 1767
1135 1851
1137 1924
1138 1866
1139 1183
1140 1244
1140 1759
1142 1880
1142 1993
1145 1303
1145 1634
1147 1221
1147 1749
1147 1779
1148 1232
1149 1739
1149 1757
1150 1329
1150 1481
1150 1612
1150 1733
1152 1474
1152 1793
1154 1408
1154 1597
1155 1225
1155 1630
1155 1659
1158 1384
1158 1695
1159 1206
1159 1290
1160 1429
1160 1669
1162 1414
1162 1518
1163 1553
1164 1297
1164 1630
1165 1255
1165 1276
1165 1512
1166 1180
1167 1760
1168 1198
1168 1395
1168 1891
1170 1617
1170 1876
1171 1181
1172 1698
1172 1757
1172 1951
1173 1227
1173 1569
1175 1181
1176 1325
1179 1394
1179 1754
1180 1646
1180 1786
1182 1767
1184 1366
1184 1641
1186 1228
1186 1913
1187 1223
1188 1521
1189 1882
1190 1396
1190 1763
1190 1899
1191 1675
1191 1841
1192 1243
1192 1376
1193 1578
1193 1883
1195 1453
1195 1525
1195 1586
1195 1600
1198 1648
1198 1927
1198 1993
1199 1812
1201 1417
1201 1654
1201 1687
1201 1928
1202 1260
1202 1954
1204 1236
1204 1876
1205 1522
1206 1712
1206 1946
1207 1771
1208 1276
1209 1348
1210 1666
1210 1991
1211 1313
1212 1851
1212 1945
1213 1794
1214 1730
1215 1911
1216 1281
1217 1313
1219 1898
1220 1282
1220 1908
1220 1962
1221 1450
1225 1429
1226 1345
1227 1850
1230 1444
1230 1856
1230 1904
1232 1913
1233 1462
1233 1773
1234 1305
1235 1342
1235 1975
1236 1281
1236 1450
1236 1631
1237 1497
1238 1467
1240 1451
1240 1697
1241 1902
1241 1956
1242 1635
1242 1870
1243 1645
1244 1493
1244 1558
1244 1755
1245 1826
1245 1909
1247 1495
1247 1524
1247 1821
1248 1571
1248 1798
1248 1912
1249 1920
1250 1479
1251 1804
1252 1478
1253 1575
1253 1730
1256 1783
1257 1749
1258 1584
1258 1650
1258 1695
1258 1814
1260 1282
1260 1875
1261 1434
1261 1605
1261 1859
1262 1821
1263 1722
1264 1863
1265 1710
1265 1994
1265 1995
1269 1663
1269 1943
1270 1982
1271 1973
1272 1589
1272 1942
1273 1771
1274 1560
1274 1604
1275 1299
1275 1591
1276 1731
1276 1980
1281 1373
1282 1285
1284 1735
1286 1609
1287 1539
1288 1608
1288 1730
1289 1467
1289 1762
1290 1547
1293 1506
1294 1422
1294 1518
1296 1918
1298 1476
1298 1775
1298 1875
1298 1906
1299 1469
1301 1899
1302 1913
1303 1367
1304 1689
1305 1482
1311 1530
1311 1760
1311 1921
1314 1572
1316 1444
1318 1388
1320 1512
1322 1601
1322 1658
1325 1856
1326 1630
1327 1433
1328 1965
1329 1610
1329 1913
1330 1618
1330 1877
1331 1407
1332 1422
1332 1713
1333 1426
1333 1512
1333 1765
1333 1977
1335 1561
1335 1706
1335 1884
1338 1915
1339 1352
1340 1358
1341 1353
1342 1437
1342 1757
1342 1805
1342 1945
1343 1348
1343 1543
1346 1718
1346 1841
1350 1475
1350 1654
1350 1735
1352 1475
1352 1857
1353 1549
1353 1960
1355 1402
1355 1414
1357 1450
1357 1460
1357 1742
1358 1425
1360 1752
1361 1484
1361 1893
1367 1652
1367 1917
1367 1942
1369 1528
1371 1456
1371 1695
1372 1650
1373 1880
1375 1563
1375 1999
1376 1454
1376 1786
1377 1406
1377 1526
1377 1941
1379 1580
1379 1729
1380 1682
1381 1843
1381 1902
1382 1984
1383 1519
1383 1802
1385 1618
1385 1713
1385 1811
1386 1636
1386 1999
1387 1694
1389 1482
1389 1625
1389 1776
1390 1396
1390 1516
1392 1953
1393 1609
1395 1444
1398 1621
1398 1808
1399 1411
1399 1891
1402 1502
1402 1616
1408 1523
1408 1822
1408 1880
1410 1625
1411 1477
1412 1602
1413 1707
1415 1661
1415 1798
1416 1485
1416 1568
1418 1939
1419 1435
1419 1887
1420 1762
1422 1774
1424 1766
1426 1465
1426 1796
1429 1518
1429 1581
1429 1754
1429 1957
1430 1456
1430 1664
1431 1653
1434 1488
1434 1882
1435 1543
1435 1750
1435 1989
1435 1994
1437 1826
1438 1512
1439 1818
1443 1829
1448 1745
1448 1945
1450 1521
1454 1667
1456 1696
1457 1507
1457 1896
1460 1960
1462 1477
1462 1528
1462 1567
1462 1842
1463 1513
1464 1470
1464 1475
1464 1762
1466 1692
1467 1826
1472 1942
1473 1567
1474 1550
1475 1629
1476 1817
1477 1771
1477 1797
1479 1786
1481 1841
1483 1690
1485 1617
1485 1718
1487 1581
1491 1572
1495 1946
1495 1989
1496 1954
1499 1716
1502 1955
1503 1659
1506 1908
1510 1617
1510 1727
1511 1680
1511 1856
1514 1800
1515 1619
1517 1914
1517 1947
1518 1639
1520 1522
1520 1672
1521 1638
1523 1667
1524 1602
1526 1730
1528 1653
1530 1684
1531 1727
1535 1595
1535 1609
1536 1815
1538 1845
1539 1586
1539 1727
1540 1770
1542 1547
1545 1989
1546 1693
1546 1826
1549 1945
1550 1795
1555 1559
1556 1643
1556 1958
1558 1588
1559 1908
1564 1817
1565 1660
1567 1817
1568 1834
1570 1961
1575 1811
1576 1668
1576 1860
1577 1726
1577 1760
1582 1930
1585 1603
1585 1915
1587 1892
1597 1964
1601 1813
1602 1814
1602 1900
1603 1638
1608 1622
1609 1633
1609 1809
1610 1969
1614 1943
1618 1845
1620 1743
1621 1985
1622 1906
1628 1708
1629 1692
1629 1896
1634 1710
1634 1855
1638 1916
1646 1742
1648 1748
1650 1749
1654 1780
1657 1684
1660 1751
1662 1730
1663 1953
1663 1980
1666 1925
1668 1669
1668 1719
1671 1822
1672 1822
1673 1701
1674 1938
1675 1885
1679 1925
1685 1916
1687 1805
1687 1965
1688 1897
1688 1922
1693 1988
1694 1903
1702 1869
1704 1991
1705 1917
1707 1907
1710 1783
1712 1743
1712 1908
1715 1895
1719 1999
1721 1896
1722 1906
1731 1791
1737 1953
1738 1768
1739 1903
1750 1791
1751 1959
1756 1922
1756 1933
1757 1954
1760 1786
1764 1935
1765 1919
1773 1877
1776 1889
1790 1864
1792 1848
1799 1960
1801 1823
1806 1850
1808 1871
1814 1878
1816 1913
1816 1990
1820 1933
1823 1855
1824 1931
1826 1861
1827 1937
1832 1955
1833 1870
1837 1910
1848 1977
1849 1884
1855 1872
1855 1976
1858 1880
1861 1894
1869 1878
1873 1904
1879 1977
1882 1952
1882 1965
1883 1911
1890 1904
1891 1954
1892 1949
1898 1951
1902 1993
1912 1928
1915 1934
1920 1978
1926 1947
1931 1997
1933 1998
1952 1955
