2000 2868
86
91
76
22
11
65
55
92
3
37
30
2
4
69
67
17
87
100
20
77
15
6
87
84
45
58
80
51
14
45
24
64
49
15
33
94
93
20
97
19
41
7
11
16
96
88
37
54
31
32
95
1
41
81
91
62
69
78
96
34
100
38
38
36
67
100
13
93
13
32
79
89
93
4
75
98
51
6
10
35
62
53
8
65
24
81
83
98
5
49
97
95
10
26
87
1
44
75
56
7
98
43
25
100
81
93
96
22
45
97
88
27
75
12
9
84
76
76
53
32
91
19
56
90
65
76
73
12
23
69
47
61
2
67
67
69
15
27
5
46
25
95
81
98
81
6
63
97
62
1
54
42
48
47
11
100
44
61
83
24
48
50
20
79
44
14
67
20
14
61
87
7
70
5
2
73
66
59
56
33
76
57
62
4
17
38
32
24
60
73
57
91
88
79
43
17
32
30
98
84
31
40
55
49
66
87
62
16
41
99
57
64
50
52
12
35
38
15
3
49
57
36
79
42
24
23
55
6
30
42
70
27
29
10
55
36
77
6
9
13
31
68
94
10
37
2
98
37
37
34
15
7
5
69
88
26
31
46
29
19
3
75
68
25
27
96
28
89
11
24
69
38
1
96
73
85
86
71
80
71
27
17
78
21
62
95
9
64
80
6
98
89
76
94
27
8
73
37
92
28
32
18
62
43
26
86
82
29
40
90
41
79
52
26
29
37
12
46
72
69
60
3
69
3
89
59
59
63
26
67
16
17
2
61
71
63
43
93
64
35
75
61
86
72
35
63
69
1
13
4
56
32
44
13
3
68
27
12
10
8
25
71
97
99
26
100
91
13
52
94
37
11
11
9
55
80
37
56
68
95
95
34
22
25
31
4
3
52
82
5
41
48
46
82
24
70
95
24
77
31
11
94
83
58
11
30
1
28
63
58
53
4
13
45
25
14
77
45
59
1
25
67
2
18
6
12
51
16
50
29
72
60
28
75
5
14
51
25
25
72
65
61
86
34
9
23
30
60
55
9
39
55
99
45
62
67
74
89
64
52
2
83
4
68
31
61
77
74
52
15
17
80
3
59
15
95
8
23
58
54
3
10
4
36
96
14
74
8
9
77
2
35
45
8
90
52
95
63
46
31
82
57
23
77
70
70
18
87
26
98
95
42
60
30
41
13
88
32
45
68
28
99
57
91
91
19
85
44
32
74
43
61
65
32
50
37
34
71
86
12
53
25
84
59
48
9
3
3
82
69
58
22
34
44
56
42
63
53
45
50
35
96
10
34
37
5
38
3
29
66
70
53
83
99
40
56
47
70
9
34
9
6
68
68
42
64
84
72
91
39
31
58
57
11
24
37
97
20
72
65
80
7
6
61
49
86
77
75
72
97
77
3
20
35
16
95
70
64
96
85
40
75
14
53
11
36
31
70
35
96
34
29
71
67
75
67
71
89
51
38
99
74
16
12
63
41
91
8
47
75
46
92
58
2
74
4
18
1
11
23
88
95
16
85
78
81
13
61
95
38
60
11
18
3
74
54
19
22
12
82
5
23
67
50
29
2
29
68
19
97
48
69
2
77
94
34
78
82
17
49
15
22
62
6
26
53
51
22
9
66
20
83
26
1
61
32
96
72
26
14
12
5
53
90
14
67
73
35
45
21
6
25
36
75
21
26
58
15
4
52
38
21
84
44
35
98
4
31
75
75
97
67
62
96
100
59
26
79
83
65
51
99
39
46
8
2
30
58
13
90
49
61
10
34
13
64
83
54
62
78
100
37
74
53
65
36
67
26
95
47
57
97
81
50
41
60
23
9
56
86
28
38
29
24
3
77
24
7
85
57
22
84
37
15
41
60
42
97
56
29
20
36
45
87
14
13
67
5
65
83
48
21
8
17
52
48
44
79
11
44
12
72
88
75
45
45
96
77
34
98
60
74
4
52
71
100
17
91
47
41
79
8
57
49
66
13
65
40
36
85
98
3
57
36
35
89
53
44
64
30
53
27
59
66
27
20
63
35
72
7
35
24
41
66
64
94
72
24
78
92
8
32
52
89
92
6
4
38
3
30
50
76
26
50
84
10
62
89
7
28
34
35
45
19
86
96
74
78
52
35
62
20
11
91
90
9
50
75
64
13
63
54
76
46
73
62
4
41
35
66
28
27
45
12
11
58
23
63
72
52
18
91
34
80
19
2
50
8
35
55
22
25
33
35
99
73
95
93
87
7
72
37
11
78
10
71
2
92
59
76
54
17
90
26
60
75
67
76
39
46
51
50
74
38
43
93
96
50
49
2
13
76
97
60
51
78
21
50
70
48
55
15
34
8
65
31
74
17
33
76
74
55
24
4
5
71
50
72
17
59
73
45
76
88
85
84
15
8
83
64
45
54
27
15
87
57
27
76
84
97
51
26
28
99
38
64
82
97
80
67
28
9
95
41
10
36
63
42
68
96
52
28
87
58
19
76
75
89
36
22
85
96
51
49
18
67
34
51
50
23
2
36
39
68
89
28
47
96
88
74
80
13
33
44
26
38
95
91
95
77
96
22
35
8
89
53
36
68
22
59
17
70
50
6
70
9
21
28
99
77
69
29
75
63
98
56
70
25
43
74
8
33
89
62
33
94
32
56
92
64
18
48
20
6
98
60
64
86
42
92
73
28
27
52
16
74
57
53
83
8
89
98
20
45
84
49
58
80
87
16
96
38
68
100
85
15
87
54
33
89
30
66
15
31
12
72
48
100
52
49
82
8
74
98
44
51
71
43
2
16
6
25
97
52
25
94
26
31
76
39
63
92
63
15
56
23
27
92
22
31
66
1
39
29
88
20
46
8
97
37
72
77
2
6
75
52
56
79
17
8
2
38
8
8
8
21
54
100
56
50
13
97
59
57
5
21
10
83
24
18
25
61
12
16
89
5
20
19
78
80
68
92
51
85
16
65
64
74
96
73
96
23
100
27
60
49
57
43
6
47
38
66
75
62
81
18
39
75
7
37
68
70
15
61
25
18
51
100
39
64
66
54
49
32
48
46
22
96
46
11
20
31
56
97
25
33
91
58
40
40
29
85
49
13
2
36
48
66
16
13
19
22
71
80
97
84
75
80
8
86
56
24
72
3
60
54
81
95
60
2
80
77
8
46
25
76
52
80
20
8
66
62
18
51
34
82
24
64
22
15
12
57
8
42
15
59
29
26
35
31
1
54
98
81
73
40
3
64
19
76
88
20
31
12
70
41
100
79
65
52
83
87
5
1
1
15
32
63
45
5
35
1
52
20
66
66
73
46
100
4
8
57
14
15
33
10
80
71
67
62
31
23
1
49
79
27
21
9
29
52
45
12
57
13
84
96
21
35
70
3
10
80
18
11
89
36
6
35
58
31
98
10
41
77
68
22
10
65
51
59
100
90
78
38
60
9
27
31
27
50
51
28
65
35
18
99
24
43
37
2
18
62
94
75
29
77
94
69
90
13
5
76
8
69
46
90
22
30
26
24
54
42
12
88
40
76
67
40
27
8
75
97
87
71
13
58
75
76
59
39
45
61
65
19
23
49
78
44
78
72
76
59
45
58
95
56
16
52
40
76
87
94
15
38
44
57
45
21
86
67
87
71
76
9
37
33
20
80
40
77
54
12
4
79
14
63
86
51
76
3
33
22
64
83
2
6
72
46
25
74
27
26
40
36
26
1
16
32
12
20
94
4
89
100
57
32
15
9
86
24
65
6
10
19
98
11
44
25
40
60
4
89
70
61
69
53
53
62
71
17
36
12
26
17
27
65
48
90
72
44
17
42
92
20
81
29
87
39
68
61
54
46
17
69
90
77
8
28
57
39
21
42
10
95
73
1
69
55
51
56
87
30
12
72
95
51
10
10
86
88
95
39
2
86
76
20
66
14
67
9
27
66
49
32
24
90
96
16
4
12
87
38
54
85
71
47
15
32
49
70
33
63
5
88
63
93
90
5
32
56
6
27
74
56
88
49
59
67
65
5
74
58
91
58
14
61
6
58
76
43
96
88
99
15
58
4
3
88
78
84
34
91
14
31
72
70
19
91
63
71
80
77
22
30
50
48
97
16
46
100
18
16
37
91
70
25
15
67
26
59
22
19
92
19
95
6
9
36
83
80
84
12
98
34
27
73
11
52
3
44
89
33
29
100
18
39
75
6
62
79
82
66
58
48
26
84
67
40
39
69
96
62
100
68
54
98
50
21
99
77
50
31
21
100
44
29
50
80
26
73
92
16
69
37
43
84
20
24
6
33
2
100
60
60
95
58
29
66
99
77
14
66
14
99
65
48
88
29
71
2
88
89
92
99
1
30
53
3
4
3
30
26
17
84
32
2
90
45
60
10
13
28
67
34
73
83
60
6
78
84
2
85
82
50
14
10
32
27
10
91
24
33
48
65
80
40
66
1
67
94
69
61
46
60
40
20
95
90
90
25
31
96
24
25
62
46
74
36
75
35
75
82
49
16
5
3
66
23
84
54
93
54
86
13
81
48
63
20
51
73
85
76
86
84
90
62
39
69
75
12
0 9
0 819
0 965
0 1524
0 1549
0 1678
0 1806
1 362
1 694
1 1133
1 1270
1 1598
2 360
2 1441
4 1686
5 134
5 206
5 1014
5 1257
6 453
6 553
6 610
6 647
6 743
6 1355
6 1538
6 1702
7 423
7 1811
7 1814
8 16
8 135
8 992
8 1320
8 1703
9 553
9 584
9 605
9 1044
9 1783
9 1838
11 174
12 287
12 628
12 897
12 1195
12 1736
12 1866
13 453
13 489
13 1387
14 1358
15 1360
15 1582
15 1847
16 888
16 1110
16 1744
17 82
17 759
17 1035
17 1227
18 148
18 1244
19 1270
19 1324
19 1488
19 1898
20 972
21 1092
21 1707
22 213
22 496
22 1255
23 292
23 522
23 1115
24 323
24 591
24 1702
25 721
25 1529
25 1734
25 1958
26 35
26 72
26 1378
26 1633
26 1777
26 1780
27 326
27 429
27 698
27 1168
27 1536
27 1786
28 135
28 280
28 1129
28 1501
28 1502
29 845
29 1426
29 1493
30 220
30 320
30 332
30 1015
31 694
31 1084
31 1409
32 149
32 161
32 352
32 894
33 83
33 804
33 846
33 883
33 1937
34 392
34 512
34 1559
35 529
35 767
36 1329
36 1551
36 1751
37 362
37 713
37 783
37 1968
37 1987
38 1199
38 1870
38 1999
39 510
39 665
39 692
39 793
40 1463
41 872
41 1953
42 693
42 1923
43 168
43 244
43 460
43 852
43 1434
43 1458
43 1616
43 1747
44 908
44 979
44 1453
45 754
46 379
46 568
46 636
46 1534
47 754
47 1210
47 1668
48 258
48 480
48 865
48 1565
48 1614
50 312
50 1351
50 1413
50 1772
51 1735
53 107
53 152
53 715
53 920
54 299
54 387
56 608
57 93
57 523
57 1208
58 1559
58 1653
59 1127
59 1318
59 1841
60 100
60 154
60 944
60 1717
61 1767
62 149
62 428
62 1075
62 1708
63 1231
64 353
64 1194
64 1370
64 1475
65 93
65 673
66 1888
67 738
68 1715
69 410
69 1892
70 214
70 573
70 1508
70 1738
70 1749
70 1933
71 520
71 1492
71 1556
72 825
72 866
72 1997
73 720
74 882
75 219
76 170
76 867
77 250
77 473
77 1300
77 1489
78 963
78 1995
79 805
79 1043
80 138
80 332
80 1940
81 114
81 155
81 538
81 624
81 713
81 1051
81 1291
82 805
83 926
83 1403
83 1796
84 1176
84 1644
86 965
86 1110
86 1191
86 1588
86 1772
88 1147
88 1265
88 1894
89 181
89 327
89 897
89 1612
89 1822
90 641
90 1255
91 104
91 662
93 1695
94 515
94 607
94 1069
94 1937
95 849
96 795
97 1944
98 258
98 299
98 617
98 1183
98 1572
98 1734
99 252
99 628
99 913
99 1099
99 1449
99 1664
100 639
100 905
100 1557
100 1854
101 117
101 240
101 269
101 765
101 1066
101 1246
101 1328
102 566
102 1329
102 1464
103 780
103 1401
104 965
104 1034
104 1794
105 1228
105 1944
106 180
107 239
107 1253
107 1763
107 1913
108 582
108 1990
109 254
109 559
109 1617
110 1039
111 428
111 457
111 554
111 617
111 800
111 1028
112 643
112 1112
112 1237
112 1330
112 1678
113 452
113 1479
115 376
115 709
115 1354
116 450
116 986
117 422
117 604
117 1178
117 1814
118 1015
120 229
120 984
120 1810
121 216
121 1146
121 1551
122 690
122 1152
122 1561
122 1831
123 1197
123 1772
124 1379
124 1878
125 474
125 553
125 1297
125 1645
125 1657
125 1675
125 1931
126 189
126 843
127 306
127 788
127 971
127 1051
127 1265
128 174
128 360
128 642
129 178
129 960
130 919
130 1801
130 1854
130 1930
131 494
131 934
131 1765
132 566
132 728
132 1496
132 1865
133 1204
133 1439
134 604
134 881
134 1523
134 1918
135 750
135 946
136 599
136 1032
136 1844
137 1312
137 1410
138 696
138 1606
138 1909
139 810
139 985
139 1928
140 369
140 526
140 1613
141 391
141 424
141 834
141 1236
141 1717
142 160
142 1107
142 1704
143 278
143 764
144 149
144 384
144 607
144 814
144 1434
144 1468
145 250
146 849
146 1076
147 364
147 1302
149 1039
149 1471
149 1621
150 498
151 375
151 974
151 1069
152 244
152 1475
153 1936
154 187
154 1627
155 1377
156 711
157 218
157 1061
157 1715
158 1896
159 642
159 680
159 1019
160 1169
161 1011
162 1999
163 538
163 1181
164 408
164 720
164 1363
166 1566
167 405
167 654
167 1592
167 1752
168 477
168 510
168 761
168 1046
168 1082
169 1302
169 1359
169 1847
170 647
170 1468
170 1803
171 516
171 1035
171 1417
172 542
172 548
173 614
173 755
173 1020
173 1164
174 1507
174 1932
175 1217
176 560
176 729
176 1452
177 183
177 828
177 1774
177 1801
178 592
178 716
179 833
179 932
179 1499
179 1513
180 286
180 467
181 1326
181 1731
182 875
183 1352
183 1423
183 1478
183 1633
183 1649
184 681
184 1220
185 840
185 1212
186 817
186 1184
187 1141
187 1382
187 1881
188 1780
189 206
189 1391
189 1488
189 1762
190 696
190 1158
190 1751
190 1838
190 1839
190 1868
191 1037
192 915
193 619
193 1345
194 1122
195 1446
196 263
196 324
196 1222
197 475
197 582
198 432
198 511
198 704
198 1265
199 583
199 593
199 1658
199 1904
199 1926
200 730
200 737
200 932
200 1171
201 713
203 341
203 743
203 1236
203 1703
204 221
204 952
204 1426
204 1597
204 1664
205 527
205 1129
206 340
206 543
206 855
206 1408
207 939
207 948
207 1589
208 849
208 1029
208 1381
208 1648
209 661
209 748
209 1130
209 1625
210 376
211 1132
211 1995
213 218
213 656
213 835
213 857
213 1238
213 1906
214 1992
215 454
215 942
216 899
217 971
217 1061
217 1120
217 1899
218 756
218 1002
218 1733
219 1490
219 1538
219 1708
220 250
220 1422
220 1890
221 912
221 1419
221 1755
222 1732
223 526
223 1040
223 1684
224 228
224 321
224 847
224 1351
225 587
225 1403
225 1454
226 819
226 1632
226 1765
227 938
227 1586
228 711
228 1697
229 808
229 814
229 1035
229 1625
230 478
230 560
230 1790
231 1078
232 246
232 715
232 1448
232 1929
233 1985
233 1999
234 1096
234 1706
234 1762
235 350
235 688
235 1279
236 896
237 292
237 384
237 1112
237 1583
237 1910
238 1058
239 1220
239 1487
240 801
240 1977
241 944
241 1039
242 1368
242 1846
243 1614
243 1673
243 1966
244 374
244 1210
244 1317
244 1541
244 1937
244 1971
245 612
245 1681
246 1261
247 313
247 497
247 778
248 1151
248 1452
249 1179
249 1219
249 1636
250 649
250 1885
251 1027
251 1770
252 374
252 582
252 962
252 1396
254 1417
254 1867
255 404
255 1464
256 1207
256 1921
257 628
257 632
257 1698
258 783
258 884
258 916
259 401
259 610
259 1116
259 1250
259 1301
259 1892
260 455
260 1524
261 590
261 1786
262 1415
263 442
263 568
263 1737
263 1851
264 291
265 921
265 1050
265 1198
265 1509
265 1927
267 832
267 850
267 1578
267 1898
268 552
268 1703
269 350
269 1456
270 360
270 1571
271 312
272 1183
272 1473
272 1882
272 1940
273 344
273 1117
273 1881
274 1740
275 756
275 1700
276 463
276 1251
276 1416
277 489
277 777
277 824
277 1586
278 904
278 1275
278 1351
278 1421
278 1745
279 1041
279 1897
280 1278
280 1387
281 498
281 1220
283 932
283 1030
283 1116
283 1746
284 576
284 675
284 1184
284 1192
284 1392
284 1465
285 949
285 1530
285 1879
286 639
286 818
288 374
288 1855
289 1103
289 1263
289 1611
289 1631
289 1705
290 1080
290 1861
291 743
291 860
291 1099
291 1799
291 1965
292 1002
292 1247
292 1693
293 1415
293 1677
294 473
294 1517
295 905
295 1342
296 529
296 933
297 846
297 850
297 1972
298 695
298 1199
298 1262
299 378
300 556
300 856
300 1586
300 1882
301 687
301 711
301 1390
302 922
302 1357
303 435
303 448
303 1297
303 1705
304 809
305 1270
305 1557
305 1801
306 1482
307 708
308 528
308 1250
309 990
309 1317
309 1371
309 1826
309 1832
309 1869
310 435
310 712
310 840
311 1112
311 1118
311 1872
312 835
312 1707
313 332
313 336
313 489
313 1054
314 623
314 845
315 846
316 1733
317 1279
317 1526
317 1538
318 1391
318 1440
318 1683
318 1905
318 1996
319 1674
321 1210
322 376
322 492
322 1332
322 1551
322 1734
323 733
323 1786
324 1014
324 1164
325 1371
325 1518
325 1648
325 1787
326 1388
326 1528
329 334
329 1614
329 1649
330 1084
330 1523
331 531
331 570
331 1033
331 1309
332 556
332 1602
332 1690
333 344
334 786
334 847
334 1359
334 1367
335 910
335 999
335 1251
335 1323
335 1379
335 1996
336 1130
336 1635
336 1704
336 1884
337 685
337 1799
337 1913
339 547
339 606
339 976
339 1147
339 1161
339 1934
340 968
341 648
341 744
341 1466
341 1723
342 1480
342 1554
343 563
343 869
343 1479
344 1257
344 1905
345 1013
345 1515
345 1770
346 1839
346 1868
347 1459
349 934
349 1209
349 1589
350 463
350 615
350 1583
350 1617
351 415
351 1260
351 1732
351 1957
352 497
354 1709
354 1734
354 1819
355 779
355 1119
356 539
356 704
356 1313
357 1203
357 1444
357 1529
357 1583
358 1432
358 1644
358 1781
359 419
360 437
360 1153
360 1307
360 1822
361 471
361 901
362 906
363 1121
363 1141
363 1998
364 891
364 1253
364 1383
365 385
365 741
365 1979
366 846
366 1401
367 687
367 1946
369 798
370 1570
370 1814
371 1034
372 652
372 1295
372 1744
372 1925
373 842
373 881
373 1561
373 1779
374 634
374 778
374 1515
375 473
375 1491
375 1647
375 1955
376 1068
376 1111
377 645
377 1568
377 1757
377 1889
377 1899
378 1391
379 1376
379 1828
379 1900
380 754
380 1180
380 1727
381 451
381 782
381 919
382 721
383 662
385 602
385 1988
386 1355
386 1751
387 1881
388 692
389 1929
389 1963
390 887
391 839
392 1252
392 1780
393 734
393 853
394 1123
394 1551
395 1160
395 1350
395 1356
396 1516
396 1551
397 687
397 902
397 1679
397 1691
399 1108
399 1383
399 1811
401 930
401 1193
402 1097
402 1342
403 1374
403 1397
403 1465
403 1643
404 1125
405 1681
406 1833
407 468
407 1129
407 1692
408 527
408 802
408 1016
408 1671
409 1134
409 1319
409 1803
410 981
410 1111
410 1604
410 1653
411 979
411 995
411 1106
411 1187
412 582
412 599
413 1517
413 1944
413 1971
414 510
414 1166
414 1246
414 1471
416 1733
417 641
417 1654
418 861
418 1845
419 1041
419 1211
419 1975
420 942
421 592
421 716
421 850
421 1515
424 558
424 1001
425 472
425 773
425 852
425 1357
426 1019
426 1369
426 1839
429 815
429 868
429 1274
431 791
431 1066
431 1710
432 1072
432 1567
432 1620
432 1710
433 988
433 1322
433 1618
434 584
434 968
435 1598
436 651
436 1513
436 1548
436 1926
437 742
437 880
438 1070
438 1138
439 1181
440 536
440 1186
440 1660
441 817
441 820
441 1121
443 839
443 1432
444 1074
444 1666
447 1773
447 1816
448 939
448 1321
448 1349
448 1598
448 1750
450 531
450 840
450 987
450 989
450 1314
450 1825
451 1130
451 1404
451 1458
451 1825
454 947
454 1603
455 790
456 1218
456 1779
457 803
457 1109
457 1915
458 1569
458 1705
459 709
459 1738
460 855
460 1788
460 1833
461 1293
462 1014
462 1510
462 1832
462 1914
463 545
463 916
463 1465
463 1976
464 1096
464 1764
465 1024
465 1474
466 698
466 1880
467 1615
467 1882
468 858
468 937
468 1242
469 701
470 1454
471 1118
471 1542
471 1598
471 1696
472 624
472 964
472 1189
473 1552
473 1779
474 991
474 1494
475 945
476 1893
477 511
477 750
477 1503
478 1380
478 1920
479 696
479 1061
480 673
480 1218
480 1826
480 1851
480 1866
481 596
481 1007
481 1752
481 1758
482 853
482 1038
482 1356
482 1631
483 1347
483 1439
484 837
484 1581
485 908
486 1046
486 1155
487 1669
487 1949
488 607
489 1299
489 1620
489 1621
489 1750
489 1994
490 691
491 535
492 1412
492 1905
493 1553
494 512
494 1774
494 1806
495 619
495 1484
495 1537
496 795
496 1120
496 1957
497 811
497 1526
498 1882
499 1287
500 1791
501 1120
501 1818
503 1233
503 1799
504 1727
505 1673
505 1692
505 1978
506 1248
506 1740
506 1929
508 910
508 1093
508 1691
508 1885
508 1955
509 1050
509 1924
509 1936
510 1090
511 912
513 1215
513 1939
514 949
514 1197
515 1050
516 547
516 602
516 1410
516 1954
517 1163
517 1304
518 649
518 1077
518 1227
518 1846
519 1188
519 1406
519 1577
520 840
520 1824
521 813
522 999
522 1153
522 1217
524 616
524 1665
526 559
527 1071
528 1296
528 1722
529 630
529 663
529 1675
530 990
530 1781
531 1274
532 845
532 1090
532 1523
534 685
534 1227
535 1804
536 1169
536 1254
537 1191
538 555
539 1875
541 982
541 1637
542 600
542 929
542 1304
542 1407
543 644
543 962
543 1676
544 584
545 1710
546 596
546 1477
546 1794
548 793
548 906
548 1968
549 875
549 1962
551 622
551 1425
551 1733
552 784
552 1741
553 1575
553 1839
553 1876
554 1783
555 604
555 970
555 1598
555 1872
556 623
556 727
556 1481
556 1954
557 716
557 748
557 1189
557 1404
557 1863
558 1014
558 1822
559 631
559 685
560 662
560 1313
561 1905
562 936
562 1261
562 1397
562 1899
563 1229
563 1708
564 1038
564 1655
564 1737
565 1118
565 1156
565 1614
565 1619
565 1643
566 1268
566 1806
567 635
567 1679
568 1925
569 584
569 1053
569 1106
569 1150
569 1238
569 1256
569 1347
569 1764
570 848
570 1224
570 1537
570 1977
571 704
571 725
571 1165
573 917
573 1004
573 1868
574 1562
575 1736
575 1926
576 710
576 799
576 1499
577 649
577 934
577 1956
578 1170
579 586
579 1217
579 1490
580 1434
580 1762
581 1233
581 1519
582 974
583 684
583 1110
583 1163
583 1445
583 1574
583 1655
583 1946
584 1506
584 1560
585 634
585 1650
585 1750
586 896
586 960
586 1123
587 1723
588 725
588 832
588 1791
589 722
589 900
589 1470
589 1689
589 1793
590 1621
591 1096
591 1464
592 1315
594 1471
595 795
595 999
595 1084
595 1488
595 1789
596 1845
597 775
597 1726
598 923
599 1463
600 1090
600 1144
600 1546
600 1721
601 810
602 1049
603 1205
603 1530
603 1842
604 685
604 1103
604 1353
604 1379
604 1518
605 964
605 1793
606 1925
607 1320
608 700
608 1096
609 746
609 787
609 976
610 737
610 1318
610 1614
613 1138
614 1535
615 845
615 936
615 1644
615 1940
615 1954
616 1803
617 725
617 893
617 1116
617 1235
617 1595
617 1776
618 966
618 1091
619 757
619 762
619 1272
619 1339
619 1924
620 626
620 683
620 926
620 1977
621 1574
622 1309
622 1850
623 648
623 761
623 964
623 1016
623 1997
625 633
626 1288
628 1118
628 1927
630 1084
630 1315
631 846
631 1151
631 1490
631 1653
632 1122
632 1784
633 1390
633 1779
634 812
634 870
634 1017
635 1050
635 1826
636 871
636 1561
637 894
638 1245
638 1666
639 1477
639 1964
639 1974
640 744
640 1559
641 1016
641 1455
641 1561
641 1788
642 1332
642 1460
642 1540
642 1981
643 1173
644 675
644 806
646 1271
647 937
647 1088
649 1555
651 1887
652 692
652 1009
652 1187
652 1583
653 750
653 1425
653 1740
653 1827
653 1869
654 984
654 1431
654 1979
655 1358
656 695
656 1246
657 758
658 1726
660 1465
661 1625
661 1795
662 1265
662 1818
663 1976
664 1073
665 1542
666 1388
666 1771
667 1020
668 938
668 1870
669 1082
669 1102
669 1530
670 774
670 1359
670 1833
670 1840
672 1253
672 1319
672 1344
672 1627
672 1707
675 846
675 1146
675 1498
675 1793
676 800
676 1299
677 744
678 808
678 888
678 1534
678 1743
679 1018
679 1468
679 1725
679 1849
679 1888
680 1317
680 1337
681 693
681 987
681 1467
681 1835
681 1858
682 993
683 690
683 1244
683 1414
683 1893
685 784
685 1836
686 1209
686 1325
687 1324
688 922
688 1197
688 1438
689 1603
690 939
690 946
690 1757
692 1015
692 1453
693 1624
694 1264
694 1406
695 1570
695 1728
696 1110
697 1516
697 1523
697 1535
697 1843
699 1290
699 1626
699 1922
700 1272
701 835
702 1219
703 1564
703 1709
704 1761
705 743
705 1446
705 1624
707 1270
707 1677
708 1378
708 1497
708 1716
709 934
709 1335
709 1885
710 1853
712 737
712 1701
713 839
713 1591
714 926
714 1407
714 1442
715 1433
715 1614
716 1130
716 1150
716 1278
717 767
717 822
717 1491
718 1399
720 1615
720 1711
722 1202
722 1535
723 782
723 1654
723 1912
723 1974
724 1258
725 1633
726 838
726 1777
727 1116
727 1169
727 1898
727 1970
728 1273
728 1942
729 876
729 932
729 1274
729 1790
730 1074
730 1254
731 997
731 1736
732 818
732 1212
732 1860
733 1617
733 1639
734 818
734 827
734 850
734 1103
734 1762
735 1931
736 861
736 1114
736 1219
736 1387
736 1427
736 1972
737 988
737 1572
738 1561
739 1009
739 1405
740 1293
741 1445
742 787
742 1005
742 1850
743 1101
743 1167
743 1619
743 1788
745 1943
745 1977
746 874
746 896
746 1050
746 1583
746 1889
747 1495
748 1394
748 1702
750 1681
751 877
752 1038
752 1330
752 1564
753 927
753 1189
753 1534
754 1063
754 1651
755 1934
756 837
756 1076
757 929
757 994
758 823
760 1286
760 1372
760 1453
761 947
761 1291
762 1797
763 1713
764 838
766 1093
766 1703
768 995
769 802
769 860
769 968
770 816
770 873
770 1323
770 1391
771 1955
772 1290
772 1945
772 1979
773 1718
774 1073
774 1395
775 1279
775 1560
776 978
776 1920
777 1229
778 1655
780 1764
780 1910
781 1607
782 856
782 1555
782 1742
783 1807
783 1883
784 1179
784 1202
784 1426
784 1841
786 1151
787 1093
787 1111
787 1884
788 901
788 1361
788 1373
789 1221
790 808
790 869
790 925
790 1594
790 1636
790 1710
793 1540
793 1542
793 1795
794 944
794 1030
795 1189
795 1742
796 820
796 862
798 1184
799 1447
799 1887
800 1485
800 1655
801 1447
801 1602
801 1814
802 863
802 1283
806 950
806 1463
807 835
807 892
807 1317
808 1697
808 1711
810 1544
814 1420
814 1859
815 1105
815 1359
815 1384
815 1774
816 1234
816 1723
816 1890
817 1022
818 977
818 1954
820 1237
820 1627
820 1849
821 1069
821 1369
821 1769
821 1813
822 860
822 876
822 1388
822 1394
822 1933
823 1543
824 1704
825 1299
825 1397
825 1733
827 979
828 1022
828 1480
828 1498
828 1650
829 883
829 1099
829 1740
831 1404
831 1988
832 1194
832 1685
833 1797
835 1678
840 1068
840 1300
841 850
841 1056
842 1008
842 1371
843 1142
843 1361
843 1869
845 1527
845 1630
846 1534
846 1657
846 1879
847 1308
848 996
849 1040
849 1196
849 1391
850 966
850 1358
851 1060
851 1072
851 1590
852 953
852 1472
852 1965
853 1266
853 1606
854 1068
854 1194
854 1894
855 1704
855 1727
855 1899
856 1478
857 938
857 971
858 958
858 1406
858 1536
859 1425
860 1108
860 1163
860 1895
861 1869
863 1741
863 1836
864 1078
865 877
865 1049
865 1193
865 1564
865 1716
865 1945
866 1131
866 1311
866 1680
867 1169
867 1452
867 1592
869 882
869 964
869 1922
871 1699
872 947
872 996
872 1620
873 1244
875 1759
876 1813
877 1806
878 1216
879 944
879 1339
879 1404
880 1485
880 1497
880 1781
880 1813
881 1182
882 896
882 1510
882 1864
883 1782
886 914
888 1085
888 1343
888 1675
888 1926
889 977
889 1089
890 1113
890 1280
891 1978
892 1421
893 1471
894 1066
894 1418
895 1869
896 1337
896 1590
898 1215
898 1985
899 1140
899 1202
900 1144
901 1633
903 1034
903 1506
903 1827
904 1960
905 1765
906 1022
907 1073
907 1207
907 1544
908 1218
909 1038
909 1801
910 1786
912 1478
912 1509
914 1384
914 1436
917 1100
917 1377
917 1840
918 1127
918 1694
919 1069
920 1103
920 1907
921 1705
922 1191
922 1794
922 1847
923 1770
924 1158
925 1750
926 1240
926 1875
928 1774
929 998
929 1336
930 1893
932 1171
932 1465
933 981
933 1341
933 1640
934 987
934 1136
935 1338
935 1980
937 1560
938 1876
939 1129
939 1262
940 1130
940 1272
940 1742
940 1928
941 1938
942 1266
942 1408
944 954
945 1084
946 985
947 1382
947 1654
947 1953
948 961
949 1333
949 1685
949 1993
949 1996
950 1323
950 1662
951 1179
951 1402
951 1733
951 1863
953 1221
953 1935
954 1057
954 1935
954 1975
955 1890
957 1093
958 1242
958 1687
958 1847
959 1346
960 1479
960 1615
961 1379
963 994
965 1776
965 1792
966 1545
967 1509
968 1413
968 1500
968 1644
969 1954
970 1252
972 1647
973 1135
973 1575
974 1642
975 1028
975 1187
978 1164
978 1755
979 1651
979 1920
980 1016
980 1663
982 1448
983 1641
984 1218
984 1601
985 988
985 1763
985 1816
986 1190
986 1832
988 1821
988 1942
988 1944
989 1131
989 1145
989 1234
991 1299
992 1698
993 1752
994 1322
994 1766
996 1223
996 1397
997 1397
998 1334
999 1340
999 1434
999 1778
999 1845
1000 1490
1001 1647
1002 1183
1003 1148
1003 1659
1003 1849
1004 1394
1005 1703
1005 1918
1006 1399
1007 1070
1007 1223
1009 1140
1011 1248
1011 1815
1013 1451
1013 1661
1013 1923
1014 1114
1014 1514
1014 1730
1015 1827
1015 1833
1016 1419
1018 1298
1019 1978
1020 1513
1020 1547
1020 1805
1021 1530
1021 1946
1022 1393
1022 1832
1023 1131
1024 1321
1024 1444
1024 1490
1024 1753
1025 1963
1026 1541
1027 1586
1027 1599
1027 1612
1029 1937
1030 1749
1032 1120
1032 1721
1033 1813
1034 1603
1034 1840
1034 1945
1036 1973
1037 1651
1037 1883
1038 1440
1039 1127
1041 1216
1041 1811
1042 1282
1042 1358
1042 1807
1043 1483
1043 1826
1044 1080
1044 1420
1044 1583
1044 1661
1044 1720
1047 1941
1048 1887
1049 1302
1049 1487
1049 1495
1049 1532
1050 1051
1053 1536
1054 1308
1055 1559
1055 1825
1056 1988
1057 1133
1059 1542
1060 1401
1060 1789
1062 1328
1062 1458
1063 1243
1063 1320
1063 1605
1063 1984
1064 1092
1064 1363
1064 1431
1067 1111
1067 1246
1069 1712
1069 1869
1070 1163
1073 1683
1074 1376
1076 1218
1076 1708
1077 1431
1078 1451
1078 1506
1078 1549
1078 1992
1079 1400
1080 1406
1080 1673
1081 1143
1081 1546
1083 1098
1086 1307
1086 1437
1087 1632
1088 1461
1089 1875
1090 1659
1091 1184
1091 1936
1092 1128
1092 1966
1093 1793
1094 1124
1094 1154
1094 1610
1094 1918
1097 1704
1099 1325
1099 1738
1101 1266
1101 1592
1101 1608
1101 1784
1101 1829
1102 1315
1102 1922
1103 1398
1103 1877
1105 1515
1105 1683
1105 1791
1106 1360
1106 1783
1107 1583
1107 1915
1108 1590
1109 1773
1110 1984
1112 1415
1116 1284
1116 1398
1116 1646
1117 1214
1118 1246
1118 1376
1119 1143
1119 1352
1119 1612
1120 1428
1122 1517
1123 1249
1125 1305
1125 1390
1127 1657
1127 1679
1127 1722
1128 1148
1128 1323
1128 1802
1129 1312
1129 1371
1131 1510
1131 1627
1132 1350
1132 1666
1133 1409
1133 1471
1136 1216
1137 1208
1137 1580
1138 1905
1140 1292
1142 1145
1143 1189
1143 1311
1143 1839
1143 1991
1145 1330
1146 1545
1146 1729
1146 1776
1148 1557
1148 1563
1148 1588
1149 1205
1149 1822
1150 1453
1150 1527
1151 1256
1151 1470
1151 1817
1153 1573
1153 1738
1153 1828
1153 1845
1154 1554
1155 1207
1155 1328
1156 1337
1157 1590
1158 1881
1160 1489
1162 1269
1163 1594
1163 1601
1164 1302
1164 1768
1165 1572
1165 1759
1167 1240
1167 1913
1167 1934
1168 1847
1168 1943
1169 1177
1169 1182
1169 1752
1170 1213
1170 1643
1173 1571
1174 1175
1174 1275
1175 1282
1176 1312
1176 1499
1177 1535
1179 1722
1182 1190
1183 1604
1185 1543
1185 1804
1186 1319
1186 1734
1187 1311
1187 1980
1188 1251
1189 1579
1189 1797
1189 1818
1190 1536
1191 1276
1191 1465
1192 1351
1193 1403
1193 1818
1194 1685
1195 1197
1197 1609
1198 1381
1198 1585
1199 1692
1199 1696
1200 1655
1200 1942
1201 1461
1201 1693
1202 1526
1203 1364
1204 1476
1204 1512
1206 1796
1207 1853
1208 1617
1210 1851
1211 1593
1212 1358
1212 1538
1212 1749
1212 1863
1213 1351
1215 1649
1216 1766
1217 1292
1217 1769
1218 1613
1218 1993
1219 1493
1219 1872
1222 1489
1222 1615
1223 1721
1224 1827
1224 1939
1225 1346
1225 1353
1226 1300
1226 1467
1230 1918
1231 1764
1234 1432
1234 1912
1235 1237
1235 1957
1237 1272
1237 1417
1237 1578
1237 1612
1237 1679
1239 1952
1241 1776
1242 1524
1246 1859
1248 1580
1249 1721
1250 1435
1250 1469
1250 1505
1250 1614
1252 1302
1253 1367
1253 1710
1255 1500
1256 1388
1258 1289
1261 1807
1262 1530
1262 1580
1263 1722
1264 1543
1265 1535
1265 1644
1265 1661
1265 1833
1267 1780
1268 1962
1269 1649
1270 1999
1274 1281
1276 1339
1278 1875
1279 1468
1279 1866
1280 1364
1280 1568
1281 1550
1282 1493
1284 1641
1285 1631
1285 1864
1286 1916
1287 1629
1288 1421
1288 1974
1290 1298
1290 1793
1291 1433
1291 1787
1296 1476
1296 1804
1296 1992
1297 1519
1297 1693
1297 1712
1298 1445
1299 1660
1300 1411
1300 1997
1301 1463
1301 1694
1304 1514
1304 1790
1307 1907
1309 1663
1309 1746
1310 1875
1312 1593
1314 1544
1315 1764
1316 1655
1317 1437
1318 1586
1319 1742
1321 1788
1325 1423
1325 1686
1326 1373
1326 1399
1327 1390
1332 1920
1332 1973
1333 1939
1334 1535
1335 1379
1335 1902
1336 1932
1339 1471
1339 1556
1339 1913
1340 1351
1340 1831
1341 1748
1343 1411
1343 1750
1345 1996
1346 1742
1347 1959
1348 1652
1351 1533
1351 1867
1353 1430
1353 1541
1354 1600
1356 1559
1356 1844
1357 1708
1357 1782
1357 1833
1358 1870
1360 1686
1360 1803
1362 1675
1363 1601
1363 1659
1363 1931
1364 1398
1366 1473
1367 1386
1369 1656
1369 1751
1371 1680
1371 1689
1372 1986
1375 1867
1375 1998
1376 1639
1376 1828
1377 1856
1380 1672
1383 1743
1384 1411
1384 1425
1384 1469
1384 1938
1385 1660
1386 1766
1386 1769
1387 1391
1390 1417
1391 1640
1391 1771
1392 1454
1392 1872
1393 1842
1394 1489
1395 1991
1396 1540
1397 1813
1399 1651
1400 1676
1400 1815
1402 1768
1403 1775
1403 1971
1404 1671
1404 1837
1407 1681
1407 1932
1409 1542
1410 1586
1412 1873
1417 1995
1417 1997
1418 1652
1418 1902
1419 1711
1421 1529
1422 1509
1422 1911
1422 1934
1422 1992
1427 1489
1428 1790
1428 1849
1433 1493
1434 1691
1438 1496
1440 1663
1440 1990
1444 1510
1444 1556
1445 1762
1446 1709
1448 1537
1449 1973
1450 1812
1452 1489
1452 1731
1453 1578
1454 1486
1454 1763
1456 1464
1456 1783
1457 1604
1457 1919
1458 1718
1459 1960
1463 1508
1463 1781
1465 1807
1465 1955
1466 1865
1467 1690
1468 1502
1468 1750
1470 1519
1470 1520
1470 1623
1470 1805
1470 1842
1470 1909
1473 1702
1474 1731
1474 1963
1475 1493
1476 1545
1476 1835
1479 1549
1480 1492
1480 1606
1481 1710
1482 1858
1483 1854
1484 1501
1485 1567
1488 1781
1491 1897
1493 1786
1493 1956
1495 1997
1496 1746
1497 1788
1498 1766
1499 1729
1500 1677
1501 1617
1503 1666
1504 1737
1504 1777
1504 1810
1510 1511
1510 1638
1513 1674
1513 1963
1517 1530
1517 1772
1520 1787
1524 1604
1527 1825
1532 1599
1532 1889
1532 1998
1534 1854
1534 1876
1535 1949
1535 1987
1539 1598
1541 1833
1541 1871
1542 1822
1544 1610
1544 1623
1548 1635
1551 1809
1553 1783
1553 1847
1554 1980
1555 1633
1555 1642
1560 1676
1560 1979
1565 1790
1565 1887
1568 1963
1570 1618
1570 1996
1571 1586
1572 1797
1575 1620
1576 1663
1581 1603
1581 1612
1583 1740
1584 1779
1584 1860
1585 1937
1588 1644
1589 1907
1593 1600
1593 1980
1594 1683
1594 1871
1594 1913
1594 1966
1595 1601
1596 1880
1599 1818
1600 1786
1600 1943
1602 1604
1602 1890
1604 1958
1606 1720
1608 1933
1613 1979
1614 1704
1615 1768
1616 1627
1617 1714
1617 1866
1622 1647
1625 1946
1636 1844
1637 1921
1642 1834
1644 1788
1644 1817
1645 1708
1647 1775
1648 1903
1649 1962
1650 1969
1651 1684
1651 1954
1653 1893
1659 1868
1664 1966
1665 1743
1667 1969
1667 1984
1672 1746
1672 1839
1674 1773
1676 1942
1679 1699
1686 1691
1687 1969
1688 1808
1688 1931
1691 1744
1692 1803
1694 1824
1695 1938
1699 1908
1700 1879
1701 1868
1702 1730
1702 1765
1705 1797
1709 1967
1711 1981
1720 1805
1725 1844
1727 1752
1728 1991
1733 1861
1735 1861
1738 1778
1741 1756
1743 1896
1746 1777
1749 1981
1753 1840
1755 1779
1759 1793
1763 1938
1767 1920
1768 1941
1771 1970
1774 1797
1774 1949
1778 1853
1778 1945
1791 1876
1794 1977
1795 1890
1802 1929
1802 1939
1808 1944
1809 1952
1812 1961
1821 1891
1822 1986
1823 1835
1832 1952
1835 1939
1864 1988
1877 1914
1884 1887
1924 1968
1955 1957
1971 1978
1974 1996
