2000 3005
69
100
51
7
38
66
41
92
78
95
91
45
6
51
3
13
19
15
53
51
69
75
72
23
92
69
96
78
27
17
27
35
93
82
43
31
59
99
72
37
93
52
47
100
36
6
83
58
66
64
53
84
68
80
52
25
38
94
37
60
76
13
33
51
25
23
19
7
12
36
79
25
8
45
34
58
94
77
38
77
86
98
44
3
83
15
30
60
32
26
38
14
27
83
46
5
30
19
94
91
100
3
48
11
84
88
65
25
69
98
61
41
92
47
71
44
61
3
60
97
6
100
63
79
89
8
55
61
67
51
21
92
99
34
2
58
83
52
42
16
6
33
5
50
1
99
40
5
10
39
65
97
84
19
92
8
34
89
78
26
59
99
60
21
68
29
17
51
13
24
18
84
43
27
55
70
9
62
44
28
51
98
29
81
77
39
24
9
53
15
51
82
3
99
94
80
7
74
29
25
18
44
4
53
32
4
9
9
53
64
8
77
47
6
33
69
20
63
21
60
24
64
39
96
82
67
49
77
22
74
62
45
74
25
7
5
12
90
64
89
94
82
25
8
17
49
10
78
42
44
14
91
61
21
95
32
9
10
21
13
45
35
35
67
98
3
57
62
4
40
42
64
14
1
95
42
79
98
18
97
41
64
65
32
46
17
78
1
4
95
81
20
56
4
56
58
38
65
20
11
8
31
88
11
84
70
20
24
89
5
37
70
2
85
68
67
7
32
31
51
64
12
89
81
92
45
72
8
88
55
18
87
98
7
70
16
2
32
42
23
46
85
24
58
19
94
28
88
66
51
91
20
10
25
22
59
9
86
14
87
75
15
18
47
47
14
79
69
59
57
67
6
47
20
5
88
31
55
80
72
75
17
15
51
53
24
62
51
40
29
61
49
64
87
38
23
61
17
49
100
71
78
47
43
14
94
36
62
11
9
83
13
60
90
56
38
34
94
32
83
70
86
37
36
49
53
60
34
4
91
27
88
62
7
79
35
32
38
8
51
6
53
61
66
34
100
76
52
78
82
12
37
27
63
42
89
52
100
32
38
79
5
70
23
40
72
28
61
42
32
21
45
58
30
4
2
57
15
88
54
80
1
79
20
86
73
6
9
19
28
52
12
99
31
98
61
91
35
23
28
3
22
40
53
29
58
71
81
44
28
64
52
55
27
94
22
91
48
12
3
9
97
56
86
35
38
12
28
39
95
32
93
5
44
58
93
52
62
53
11
90
70
33
10
3
22
80
19
69
97
76
7
26
17
44
91
65
12
52
69
86
21
30
85
57
72
76
71
39
62
61
70
60
64
73
92
100
67
14
60
45
25
65
91
67
94
2
46
13
95
100
66
14
28
83
59
80
39
11
66
96
56
49
38
79
46
93
9
28
94
47
68
22
98
77
41
95
26
12
76
41
19
15
56
95
84
51
9
65
14
20
71
39
63
29
97
42
73
31
4
21
3
58
11
65
66
62
48
79
13
27
15
78
27
29
44
27
32
95
16
79
9
97
89
34
79
97
18
14
69
45
33
97
60
34
73
56
15
26
97
60
75
84
44
56
97
43
36
75
70
85
79
100
87
2
52
97
17
72
23
54
85
7
44
95
27
29
19
70
87
80
100
89
17
1
98
6
81
2
96
98
93
3
50
78
61
1
68
8
63
56
2
10
25
59
32
28
68
69
40
8
77
36
36
97
45
82
41
46
51
51
44
35
3
68
17
19
90
26
11
66
51
89
36
80
43
7
13
25
63
54
40
81
11
65
44
25
22
53
26
92
46
15
78
30
17
85
71
59
27
67
1
1
56
23
28
56
14
16
19
87
31
66
33
29
89
13
52
79
34
58
31
71
60
17
83
33
40
60
26
98
25
78
84
100
65
15
57
97
3
89
48
99
12
79
13
76
98
93
14
36
61
91
87
100
40
71
74
9
12
22
35
26
95
2
16
79
51
27
91
29
67
53
88
44
4
66
48
85
67
11
17
92
62
61
97
18
78
89
13
11
1
81
57
41
88
41
73
81
51
84
24
12
37
38
30
28
100
4
36
42
60
23
83
23
79
79
40
100
71
52
1
69
71
17
69
59
84
29
96
73
6
31
2
39
100
72
67
98
29
97
47
36
72
39
69
24
38
96
99
11
95
26
97
3
23
84
34
98
70
61
41
9
22
69
39
36
98
80
7
18
65
17
3
25
82
69
82
12
99
82
29
49
35
37
88
74
87
62
22
17
55
10
48
26
66
31
33
33
65
74
90
85
86
8
34
15
23
1
35
56
5
10
50
4
16
46
73
39
52
16
3
86
34
46
64
5
46
92
74
2
5
40
89
28
93
57
42
48
98
13
99
14
75
88
57
13
6
12
99
14
49
39
22
71
38
70
64
21
38
86
30
51
69
25
43
80
15
77
45
5
31
2
80
14
46
4
13
23
45
71
88
56
60
79
23
16
57
28
45
13
14
72
34
91
50
17
97
10
41
33
18
77
29
12
22
56
78
88
85
92
12
34
14
45
57
71
74
81
95
65
68
78
6
4
64
29
23
55
100
37
78
64
35
52
3
40
15
64
81
74
58
70
56
34
100
63
53
13
90
60
51
12
63
45
59
90
57
49
93
87
83
49
15
47
68
54
50
60
47
55
84
82
10
88
62
29
36
28
87
46
73
41
83
33
50
97
95
6
53
42
50
78
54
27
38
98
69
41
72
41
77
28
76
8
55
22
7
1
33
58
74
88
49
53
95
19
19
8
19
39
89
95
50
15
54
83
97
48
83
61
65
45
68
99
88
18
27
70
88
1
91
52
16
97
41
92
39
67
66
40
84
44
10
8
49
31
23
54
97
25
93
77
6
100
19
62
30
38
23
88
100
63
96
74
24
16
15
29
8
26
40
76
60
87
25
89
5
5
78
37
84
38
46
1
26
19
88
59
73
5
99
83
14
90
37
6
8
94
90
85
22
74
23
31
60
45
49
95
69
91
88
93
32
91
38
17
96
15
87
71
1
43
100
53
91
10
87
95
59
98
19
78
85
39
92
85
50
8
34
17
89
69
40
48
4
22
28
51
59
87
2
75
52
54
19
31
59
10
52
79
96
54
46
91
90
5
45
79
40
25
37
89
81
60
35
5
95
6
78
68
47
61
46
55
84
94
55
11
84
86
55
10
78
53
27
44
63
56
70
97
60
62
22
12
70
66
87
84
87
75
9
40
63
20
12
78
28
37
45
47
20
22
86
98
37
27
16
22
44
49
15
35
52
77
91
12
68
97
91
53
69
20
10
67
26
68
59
7
33
6
44
48
100
3
22
79
65
47
87
84
54
91
76
55
100
92
63
73
100
12
28
80
63
100
99
62
12
86
55
94
78
90
56
93
95
20
47
44
45
35
46
99
54
27
40
35
32
36
18
51
91
54
10
79
11
64
83
36
9
82
15
12
2
100
21
41
86
20
33
52
83
30
41
17
99
2
72
12
56
37
24
47
59
79
58
84
9
10
70
58
4
97
2
79
18
54
94
73
100
99
4
99
71
24
79
27
52
4
35
72
93
98
30
55
76
44
31
18
72
49
98
96
53
62
14
11
29
14
99
17
24
19
20
87
85
35
70
45
87
37
62
43
69
39
87
49
48
56
23
50
81
45
4
82
45
84
29
10
54
92
78
58
28
19
51
12
61
13
58
75
9
38
43
69
85
2
79
93
57
24
96
55
32
68
16
100
35
29
37
87
98
10
73
92
85
76
84
36
58
16
32
89
47
46
3
60
40
91
35
55
23
47
43
48
79
81
93
49
92
99
95
5
64
86
99
59
87
38
95
77
100
92
47
20
78
43
74
35
89
73
80
63
22
94
92
80
87
91
99
61
63
29
71
35
17
70
17
32
41
87
23
60
62
48
6
80
24
15
74
68
66
90
19
22
35
4
52
69
45
85
69
32
84
73
6
82
52
53
67
35
78
11
57
86
69
99
92
51
82
15
82
56
62
76
88
27
26
40
86
27
55
1
11
37
74
2
92
73
29
89
55
69
24
1
14
62
94
66
35
57
92
84
71
31
18
75
52
15
15
46
51
22
51
27
3
10
37
85
29
59
78
46
18
79
26
59
58
90
68
6
47
21
26
35
49
73
63
46
92
50
44
53
48
6
40
20
34
82
1
61
26
84
58
58
28
2
69
85
91
46
47
98
25
18
39
27
77
85
43
97
93
93
66
21
98
22
69
9
53
80
63
50
63
24
72
63
87
78
18
35
97
73
76
40
10
13
33
93
17
25
4
80
33
66
23
13
26
62
2
59
18
5
11
82
29
51
11
9
16
86
49
33
8
96
73
38
81
39
78
95
86
98
77
25
87
23
68
83
30
93
53
83
17
92
34
53
78
97
29
52
79
86
80
39
98
9
24
92
53
86
60
5
69
70
89
2
82
70
6
92
65
45
24
61
48
89
10
7
49
30
47
99
40
56
59
18
75
59
58
49
28
28
20
64
65
94
23
37
91
99
49
34
36
80
89
10
64
7
75
93
45
22
32
16
88
36
37
50
74
0 763
0 1349
1 62
1 704
2 142
2 1733
4 1628
5 52
5 1011
5 1886
6 557
6 967
6 1152
6 1278
6 1331
7 257
7 353
7 1686
7 1807
8 196
8 601
8 900
8 1013
8 1255
8 1392
9 115
9 130
9 703
10 1427
11 742
11 1007
12 572
12 1337
12 1362
12 1469
12 1810
13 354
13 764
13 1816
14 19
14 838
15 315
15 549
15 901
16 546
16 1693
17 24
17 566
17 599
17 869
17 1097
18 478
18 748
18 1772
18 1843
19 464
19 1689
20 365
20 487
20 1064
20 1125
21 244
21 429
21 940
21 1658
22 128
22 283
22 589
22 818
22 1460
22 1530
23 84
23 1262
24 42
24 467
24 776
26 144
26 244
26 387
26 396
26 404
26 474
27 37
27 248
27 307
27 1631
28 643
28 1182
28 1941
29 829
30 1519
31 859
32 565
33 112
33 1896
34 1035
34 1066
34 1258
34 1874
35 1819
35 1844
36 102
36 109
36 360
36 1795
37 1407
38 325
38 426
38 574
39 469
39 801
39 1067
39 1092
39 1613
40 900
40 1624
41 432
41 725
41 741
41 810
41 991
41 997
42 87
42 301
42 1100
42 1476
42 1573
43 1090
43 1383
44 78
44 599
44 883
44 965
45 61
45 844
46 1875
46 1924
47 917
47 1583
48 796
48 937
48 1894
49 77
49 1049
50 174
50 1402
50 1732
50 1770
51 879
51 891
51 1015
51 1137
51 1883
52 1579
52 1951
53 998
53 1184
53 1466
54 102
54 394
55 343
55 435
55 619
55 620
55 755
55 1311
56 701
56 1310
57 632
57 985
58 1064
58 1167
58 1540
58 1914
60 65
60 627
60 1772
61 649
62 476
63 187
64 839
64 926
64 1590
65 1015
65 1184
66 468
66 779
66 1983
67 695
67 1368
67 1998
68 538
68 696
68 1003
68 1113
68 1131
68 1225
68 1258
69 236
69 413
69 1312
69 1698
70 1111
72 524
73 198
73 857
73 1405
74 130
74 1155
74 1305
74 1926
75 1898
76 135
76 875
77 1553
78 1942
79 1023
79 1040
79 1495
79 1813
80 559
80 1268
80 1781
80 1914
81 1880
82 1291
82 1819
84 567
84 719
85 142
85 1811
86 305
86 507
86 581
87 196
87 634
87 858
87 1721
87 1894
88 175
88 1095
89 1119
89 1717
90 516
90 1979
91 321
92 375
92 1258
93 458
93 954
93 1938
94 1013
94 1246
94 1645
95 462
95 1325
95 1342
96 121
96 315
96 1319
97 776
97 862
98 1124
98 1814
98 1828
99 124
99 1512
99 1762
100 305
100 522
100 587
100 858
100 1204
100 1255
100 1506
100 1674
101 394
101 715
102 1131
102 1494
103 351
103 793
103 914
103 1812
103 1843
104 802
104 1505
105 510
105 535
105 881
105 1832
106 641
106 648
106 985
107 253
107 1082
108 748
108 1086
108 1365
108 1754
108 1779
109 876
109 1903
110 260
110 853
111 283
111 474
111 1328
111 1458
111 1949
111 1969
112 355
112 668
112 1029
112 1333
112 1344
112 1703
113 311
113 1744
113 1889
115 953
115 1498
115 1550
115 1556
115 1586
116 847
116 1277
116 1759
116 1791
116 1981
117 233
118 543
119 145
119 317
119 985
119 1524
119 1560
119 1646
120 1420
120 1773
120 1999
121 131
121 1554
121 1648
122 530
122 1815
122 1893
122 1935
123 307
124 903
124 1723
124 1861
124 1987
125 457
125 466
125 1358
125 1799
127 240
127 283
127 287
127 1329
127 1492
127 1520
128 935
128 1478
129 1251
130 145
130 555
130 1287
130 1320
131 770
131 1546
131 1759
132 428
132 1875
133 898
133 1213
133 1330
133 1497
133 1575
134 1426
134 1762
135 1179
135 1330
136 884
136 1855
137 284
137 723
138 270
138 915
138 1463
139 1709
140 392
140 1347
140 1893
140 1973
141 637
141 710
141 860
141 1128
141 1202
142 533
142 977
142 1059
142 1182
142 1529
143 173
143 1033
144 342
144 1408
144 1550
144 1568
144 1731
145 526
145 1448
146 557
146 1165
147 455
148 531
148 590
148 1493
148 1770
148 1977
148 1990
149 1584
150 1885
151 208
151 233
151 487
151 788
151 931
152 465
152 1392
152 1836
153 1378
153 1497
153 1608
154 623
154 771
154 1281
155 272
155 1769
155 1908
156 1021
156 1082
156 1564
157 875
157 1401
157 1554
158 232
158 460
159 1630
160 1040
162 1975
163 533
163 1790
164 1267
165 608
165 1363
166 711
166 816
166 1872
167 346
168 176
168 410
168 1641
169 289
169 689
169 811
169 1149
169 1455
170 186
170 216
170 732
171 219
171 1383
171 1611
171 1746
172 458
172 1535
172 1594
172 1730
173 220
173 1138
173 1828
174 1448
175 1209
175 1514
175 1674
176 198
176 866
177 497
177 563
177 1433
178 223
178 1363
179 659
179 1612
180 322
181 570
181 1581
182 1093
182 1349
183 523
183 839
184 230
184 824
184 1005
184 1103
185 781
185 937
185 1490
186 823
186 1161
186 1448
186 1879
187 1802
188 571
188 612
188 1241
189 336
189 857
189 889
189 1249
190 709
190 1088
190 1378
191 333
192 970
192 1878
193 1280
194 213
194 988
195 1353
195 1485
195 1588
195 1773
195 1951
196 469
196 545
196 1240
196 1341
197 463
197 858
197 1102
198 305
198 631
198 808
198 815
198 1122
198 1229
198 1772
199 1019
199 1907
199 1926
200 203
200 399
200 457
200 1169
200 1521
201 1161
201 1280
202 1220
202 1232
202 1456
202 1927
203 306
203 954
203 1260
203 1428
204 446
204 1309
204 1484
205 689
205 1535
206 740
206 1439
207 1746
209 604
209 691
210 578
211 1185
211 1241
211 1559
212 511
212 555
212 1168
212 1245
212 1512
212 1943
213 867
213 1666
213 1803
213 1959
214 1712
215 987
215 1399
215 1668
216 667
216 728
216 969
216 1909
217 489
217 826
217 1375
217 1729
217 1896
218 456
218 463
218 1703
219 1258
220 632
220 789
221 629
221 1530
221 1665
222 529
222 1777
222 1841
223 343
223 634
223 1064
224 282
224 623
224 871
224 1356
224 1619
224 1954
225 1173
225 1265
225 1755
225 1818
226 404
226 750
226 766
227 402
227 913
228 602
228 1321
228 1547
229 379
230 653
230 1249
230 1763
231 1854
232 693
232 985
232 1658
234 1409
234 1534
234 1991
235 1806
236 634
236 688
236 1451
236 1985
237 392
237 408
237 841
238 602
238 1873
240 931
240 1287
240 1397
240 1809
241 1098
241 1157
241 1282
241 1909
241 1951
242 414
242 571
242 1318
243 539
243 1045
244 401
244 844
244 912
245 589
246 1512
247 390
247 507
247 1714
247 1852
248 291
248 382
248 899
248 1033
249 275
249 1371
250 722
251 316
251 412
251 744
251 798
251 955
252 542
252 822
252 1377
252 1692
252 1749
253 930
253 1499
253 1558
253 1572
253 1707
254 488
254 1017
254 1554
256 486
257 709
257 760
257 1398
257 1461
258 772
259 500
259 635
259 964
260 300
260 542
260 1671
260 1736
261 337
261 745
263 1014
263 1515
263 1825
264 1376
264 1544
264 1851
265 314
265 446
265 775
265 825
266 1259
267 291
267 1296
267 1570
267 1945
268 806
268 1227
270 516
270 600
270 751
270 1554
271 663
272 1254
273 438
274 890
274 1053
274 1908
275 525
275 1146
275 1688
276 641
276 1127
276 1908
277 534
277 606
277 836
277 1986
278 304
278 1039
279 481
279 1098
279 1353
279 1957
280 643
281 978
281 1653
281 1790
281 1924
282 346
282 662
282 1641
283 1047
283 1100
283 1345
283 1565
284 511
284 675
284 1030
284 1895
285 738
285 1274
286 351
286 563
286 1193
286 1499
286 1598
286 1832
287 607
287 1120
287 1176
289 650
289 1229
289 1264
289 1618
289 1820
290 978
290 1008
291 404
292 1014
292 1385
292 1957
293 1447
294 1204
294 1575
294 1863
295 882
295 887
295 1038
295 1339
295 1713
296 776
296 1045
296 1821
297 302
297 556
297 1294
297 1686
297 1847
298 1095
300 1236
302 576
302 1030
302 1388
304 526
305 568
305 1297
305 1327
306 1523
306 1660
307 557
307 1405
307 1720
308 864
309 930
309 1011
310 348
310 1095
310 1350
310 1901
311 643
311 1017
311 1641
311 1879
314 456
314 1921
316 836
316 1636
318 351
318 1787
319 471
319 1222
319 1227
319 1527
319 1967
320 471
320 483
320 1306
321 1275
321 1783
322 443
322 561
322 571
323 851
323 1348
323 1363
323 1859
324 348
324 536
324 1009
324 1019
324 1974
325 493
325 551
325 621
325 1470
325 1937
325 1944
326 1578
326 1820
327 1544
328 504
328 764
329 409
329 1695
329 1816
329 1940
330 827
330 1645
330 1664
331 538
332 486
332 838
332 1232
332 1776
333 868
333 1132
334 336
335 1341
335 1643
337 1760
338 420
338 466
338 687
338 1731
339 720
339 1406
339 1553
341 1154
342 1117
342 1151
343 1920
345 921
345 1325
346 1441
346 1922
347 489
347 1106
347 1376
347 1835
348 640
348 754
348 825
348 1079
348 1330
349 589
349 1062
349 1556
349 1866
350 626
350 1952
351 1077
351 1159
351 1654
352 711
352 751
353 1051
353 1155
354 1752
355 671
355 1923
355 1945
356 384
356 1205
356 1280
356 1323
357 504
357 983
357 1899
358 474
358 662
358 1540
359 716
359 1815
359 1870
360 1276
361 1411
361 1617
362 459
363 1358
363 1700
364 1583
365 548
365 1576
366 730
367 616
367 654
367 704
368 872
369 697
369 1012
369 1793
369 1911
370 903
370 1220
370 1775
371 448
371 1084
372 788
372 1536
372 1596
373 465
373 638
373 1326
374 1406
374 1547
375 578
375 1078
375 1123
375 1388
376 1427
377 1176
377 1328
378 1149
378 1150
378 1524
378 1530
379 686
379 1794
379 1810
379 1872
380 868
380 1638
380 1778
381 1832
382 1008
382 1250
383 961
383 1092
383 1956
384 422
384 1236
384 1388
384 1448
385 636
385 793
385 926
385 1012
386 639
386 1009
388 840
388 1257
388 1359
388 1497
388 1666
389 987
389 1124
389 1509
389 1963
390 1084
390 1269
391 740
391 1928
392 1759
392 1965
393 1046
393 1074
393 1488
394 502
394 1944
395 881
395 1139
395 1871
396 880
396 900
396 1271
397 1163
397 1776
398 577
398 960
398 1846
398 1849
399 413
399 847
399 1086
399 1127
399 1292
400 962
400 1151
400 1361
400 1852
401 1158
401 1256
402 1156
402 1307
403 910
403 948
403 1323
403 1737
404 732
404 994
405 519
405 520
405 680
405 1093
405 1180
405 1347
405 1479
405 1834
406 583
407 1634
408 862
408 1321
408 1594
409 1128
409 1550
409 1601
409 1868
410 413
410 1138
412 608
412 715
412 718
413 487
413 520
413 1875
414 950
414 1815
414 1999
415 814
416 869
417 1513
418 1176
419 789
419 1200
419 1297
420 714
420 831
421 513
421 652
421 1544
422 1448
422 1482
423 565
424 1029
424 1238
424 1616
424 1684
424 1757
425 959
425 1054
427 624
427 1235
427 1279
428 952
428 1328
428 1455
429 644
429 822
429 1351
429 1797
430 470
430 1318
431 1062
431 1150
431 1939
432 1717
433 522
433 599
434 530
434 997
435 746
435 1165
435 1332
436 805
436 1080
437 1222
437 1860
438 829
438 898
438 1233
438 1995
439 1117
440 648
440 665
440 1587
441 1171
441 1558
442 483
442 1759
443 524
445 836
446 1735
447 1235
447 1590
447 1828
450 898
450 1043
451 1901
452 586
452 688
452 1177
452 1481
453 572
453 720
453 1617
453 1903
454 925
454 1147
454 1320
454 1385
454 1819
454 1919
455 633
455 972
455 1172
456 754
456 920
456 1178
456 1287
456 1355
456 1478
457 1338
458 741
458 934
458 1100
458 1396
459 513
459 1537
459 1698
460 580
460 1289
460 1375
460 1814
461 1859
462 565
462 657
462 954
462 1020
462 1847
463 832
464 1143
464 1996
465 512
465 1023
465 1363
465 1380
465 1447
465 1750
466 1708
467 914
467 1171
467 1787
468 1761
469 657
469 897
471 948
471 1325
472 548
473 945
473 1366
473 1738
473 1759
474 1671
475 1328
475 1545
476 1137
476 1259
476 1791
477 1318
477 1520
477 1931
478 576
479 903
479 1018
480 636
480 1108
480 1480
480 1599
481 569
481 1680
482 770
482 1429
483 618
483 876
483 1637
484 705
484 793
484 1004
484 1342
485 641
485 776
486 602
486 1590
486 1772
486 1842
487 620
487 1688
489 1132
489 1562
489 1663
491 820
491 1296
491 1429
491 1539
491 1760
492 812
492 979
494 841
494 1807
495 1937
496 572
496 581
496 1854
497 928
497 1378
498 1663
499 921
500 606
501 1227
501 1249
501 1384
501 1848
502 1071
502 1274
503 703
503 988
503 1184
503 1195
503 1266
504 542
504 611
504 764
504 971
504 1369
505 1188
506 1365
507 968
507 1151
507 1523
507 1824
508 980
508 1398
508 1643
509 1166
511 720
511 1799
513 548
513 1500
513 1513
513 1739
514 986
514 997
515 1108
515 1584
516 1200
516 1795
517 1051
517 1100
518 660
519 938
520 1885
521 820
521 1301
522 904
523 1667
524 1976
525 558
525 576
525 603
525 1317
525 1580
526 892
526 1820
527 540
527 1030
527 1038
528 710
529 588
529 895
529 1692
529 1856
530 817
530 1356
530 1781
531 684
531 972
531 1984
532 1900
533 597
533 818
533 1043
533 1167
534 1006
534 1657
534 1695
535 815
535 1656
536 900
536 1131
537 1001
537 1912
539 1889
540 1674
541 968
541 1457
541 1536
542 1929
543 910
543 1232
543 1380
543 1515
543 1581
543 1630
544 1728
544 1817
545 1179
545 1413
546 765
546 1386
546 1524
546 1532
546 1608
547 1646
548 653
548 814
548 881
548 1137
548 1335
549 1065
549 1679
550 895
550 1965
551 692
551 1355
551 1877
551 1881
552 762
552 838
552 1422
554 1977
555 890
555 1477
555 1584
556 963
556 1032
556 1057
556 1147
557 872
557 1248
558 1303
559 1194
560 945
560 1457
561 1005
561 1269
561 1540
563 782
565 949
566 911
566 1902
567 1092
567 1331
567 1719
568 1352
568 1453
568 1968
569 899
570 1151
572 914
572 1084
572 1663
573 901
573 1484
573 1961
574 1270
574 1548
575 872
575 1659
576 646
576 1348
576 1457
576 1650
576 1745
578 1777
579 724
580 1815
581 620
581 1744
582 1451
583 1180
583 1844
584 1163
584 1402
584 1600
584 1972
585 673
585 1253
585 1841
586 1170
586 1660
587 1162
587 1258
587 1542
588 730
588 943
588 1502
589 1239
589 1516
589 1717
590 1366
590 1648
593 1484
593 1854
594 1923
595 1677
595 1700
597 1579
597 1925
598 1120
598 1239
599 1265
599 1373
599 1380
599 1579
600 776
601 1067
602 981
602 1193
602 1344
602 1401
603 1795
603 1981
605 891
605 1007
606 695
606 1496
606 1849
607 745
607 819
607 1224
607 1503
608 691
610 1362
610 1414
611 1809
612 831
612 1183
612 1380
612 1985
613 718
615 1860
616 986
616 1863
617 1323
617 1753
618 780
618 826
618 1209
618 1215
618 1485
618 1646
619 1266
619 1352
619 1533
620 962
620 1643
620 1984
623 1192
624 672
625 825
625 1174
625 1682
625 1857
625 1904
626 1739
627 1089
627 1149
628 685
628 1884
630 1067
631 1556
632 931
632 1794
633 719
633 1063
633 1516
633 1852
633 1988
634 1724
635 801
635 1685
635 1714
636 1194
637 1513
637 1594
637 1822
638 1268
638 1400
638 1458
638 1849
639 836
639 1930
640 682
640 1196
640 1695
640 1942
641 1894
642 984
642 1555
643 912
644 753
644 1414
644 1783
645 1124
645 1212
645 1915
646 1415
648 813
648 1704
648 1746
649 710
649 1613
650 668
650 747
650 1271
651 1811
651 1948
652 1458
653 889
653 976
654 820
655 1103
655 1617
655 1778
656 1257
656 1269
656 1432
657 872
657 1124
657 1558
657 1692
659 670
660 1208
661 1966
661 1993
662 878
662 1250
662 1341
662 1595
663 747
663 965
663 1153
663 1677
664 1072
665 1187
665 1694
665 1702
665 1729
666 916
666 1212
666 1390
666 1895
666 1989
667 1218
668 1881
669 1470
670 744
670 929
670 1465
671 730
671 1607
675 1111
675 1681
675 1763
675 1931
676 1644
677 1219
678 1450
678 1597
678 1955
679 871
679 1054
679 1864
680 930
680 1086
680 1202
680 1470
680 1554
681 888
681 1776
681 1952
682 828
682 1277
682 1476
683 699
684 1400
684 1628
684 1734
685 1464
685 1722
686 1238
686 1439
686 1532
686 1631
686 1787
687 895
688 734
688 1405
688 1431
689 943
689 1317
689 1891
690 835
690 1305
690 1478
690 1663
691 749
691 1258
691 1899
691 1947
692 890
692 1400
692 1442
692 1775
693 1414
694 1354
695 1355
695 1809
696 1102
696 1377
697 1031
698 1269
699 1067
699 1536
699 1828
701 861
701 881
701 938
701 1254
702 1392
703 809
703 1409
703 1520
703 1656
703 1822
704 888
705 827
706 1817
707 1208
708 1995
709 1125
710 717
710 1756
710 1775
711 753
711 1176
712 893
712 1210
713 794
713 949
713 1144
714 824
714 978
714 1790
714 1845
714 1913
715 1255
715 1367
715 1719
715 1996
716 984
716 1670
716 1819
716 1995
717 1442
717 1667
718 1955
719 919
719 1712
720 889
721 1420
722 1627
723 924
724 1336
724 1345
724 1991
725 802
726 1526
726 1785
727 974
728 823
728 1285
728 1525
728 1715
728 1827
728 1996
729 742
729 874
730 1408
731 1001
731 1381
731 1393
731 1885
732 1060
732 1299
732 1866
733 1935
734 881
734 1064
734 1143
734 1946
735 978
735 1150
736 748
736 1618
736 1897
737 1006
737 1065
737 1164
737 1542
737 1620
738 894
738 982
738 1533
738 1595
739 972
739 1232
739 1426
740 1820
740 1916
741 1249
741 1607
743 754
743 1276
744 831
744 1057
744 1834
745 1602
746 1283
746 1783
747 1420
747 1806
747 1831
750 1680
751 929
751 1319
751 1500
751 1537
752 924
753 1594
754 1294
755 1435
756 828
756 1803
756 1857
757 1416
757 1958
758 1463
759 1350
759 1422
761 1085
762 1897
763 1672
764 878
765 880
769 1192
769 1628
769 1722
769 1874
770 1342
770 1537
771 1296
771 1593
772 976
772 1936
773 1760
773 1818
774 1200
775 1927
776 1120
776 1606
777 1318
777 1651
778 952
778 1494
779 1400
780 1416
780 1497
780 1734
781 1346
781 1401
781 1624
781 1711
782 1684
783 812
783 1245
783 1795
784 1349
784 1381
785 877
785 1234
786 1302
786 1851
786 1869
787 1144
787 1606
787 1701
788 1522
789 860
789 1124
790 1776
792 1185
792 1446
793 1212
794 1022
794 1055
794 1592
795 1028
795 1450
796 1026
796 1378
796 1699
797 1629
798 857
798 873
798 1779
800 1077
800 1827
801 1064
801 1166
802 1900
805 1460
805 1889
806 1569
808 1480
808 1519
809 939
809 992
809 1432
810 917
810 957
810 1251
810 1810
812 1810
813 910
813 1505
814 1519
814 1627
815 1025
815 1312
815 1627
815 1676
816 1978
817 978
817 996
817 1036
817 1447
817 1935
818 977
818 1465
818 1562
819 1862
820 1429
820 1455
820 1682
820 1910
820 1964
821 1496
822 1572
822 1709
823 1363
823 1397
824 1103
824 1283
825 1523
825 1747
826 1993
827 1616
828 889
829 1632
831 1012
831 1237
831 1509
831 1592
831 1638
831 1980
832 1815
833 1298
834 1776
835 1480
835 1746
836 1471
836 1721
836 1907
837 845
837 1606
837 1923
839 1064
840 974
841 1856
842 1086
842 1484
844 1285
844 1305
846 1362
846 1459
846 1637
847 1061
847 1388
847 1567
849 1099
850 881
850 1145
850 1192
851 1245
851 1325
853 1487
853 1774
854 1427
854 1788
855 862
855 1307
855 1383
856 880
856 1448
857 1104
857 1216
857 1480
858 1032
858 1501
858 1724
859 1152
859 1796
859 1819
859 1981
860 1306
860 1581
861 1377
861 1849
862 1711
863 867
863 998
863 1806
864 1657
865 1089
865 1204
866 1707
867 1070
868 1068
868 1761
868 1839
869 1833
870 1098
872 975
872 1038
872 1163
872 1704
876 1171
876 1788
876 1962
877 897
877 1311
877 1984
878 984
878 1644
879 1260
879 1356
879 1569
879 1947
880 1009
880 1048
881 1786
882 1163
882 1300
882 1945
884 888
884 944
884 979
886 1650
887 1018
889 966
889 1260
889 1409
890 1636
890 1653
891 1422
891 1970
892 1005
893 1417
894 1004
894 1153
894 1769
895 1487
895 1646
895 1932
896 1396
897 1007
897 1439
898 1254
898 1584
899 1254
900 1350
900 1731
901 1720
902 1085
902 1841
903 1636
903 1944
904 915
904 1138
904 1300
904 1397
904 1693
905 1420
908 1156
908 1522
908 1581
908 1589
908 1780
909 932
909 1461
911 1138
913 1133
913 1261
913 1699
914 973
914 1446
915 1344
915 1385
916 1987
916 1995
918 1902
919 1816
921 1611
922 1412
922 1665
924 1575
925 1852
927 1981
928 1417
928 1757
928 1943
929 1880
929 1887
930 1202
930 1504
930 1773
930 1898
931 1474
931 1630
931 1710
931 1731
931 1763
932 1090
932 1510
934 1465
934 1696
935 1711
937 986
938 944
939 1588
940 1076
940 1417
941 1307
941 1540
941 1565
942 1227
943 1123
943 1568
944 1946
944 1991
945 952
945 1227
945 1503
948 1965
949 1595
949 1977
950 1060
950 1236
950 1275
950 1478
950 1948
951 1361
951 1769
952 1083
952 1184
952 1274
952 1754
952 1850
954 1461
954 1906
954 1977
956 1165
956 1283
956 1578
958 992
958 1335
958 1447
958 1525
958 1696
959 1454
960 1252
960 1326
960 1822
961 1968
962 998
965 1215
965 1545
965 1583
968 1177
968 1728
968 1798
969 1185
969 1565
970 1187
970 1194
970 1709
971 1150
971 1216
971 1930
973 974
974 1120
975 1994
976 1751
977 1220
977 1376
979 1105
979 1263
979 1282
981 1874
982 1493
982 1740
982 1874
983 1234
983 1318
983 1615
983 1838
983 1903
984 1870
985 1354
986 1957
987 1022
990 1247
990 1324
990 1453
991 997
991 1422
991 1961
994 1133
994 1215
994 1694
995 1407
995 1432
995 1503
995 1957
998 1744
998 1975
999 1400
1000 1310
1001 1490
1001 1553
1001 1852
1002 1718
1003 1332
1003 1774
1005 1422
1005 1664
1005 1800
1007 1185
1007 1549
1008 1424
1009 1678
1009 1743
1011 1638
1011 1751
1012 1369
1012 1460
1012 1534
1013 1333
1013 1813
1014 1619
1015 1225
1017 1257
1017 1290
1017 1613
1017 1729
1018 1146
1018 1251
1018 1294
1018 1716
1021 1149
1022 1124
1022 1734
1022 1851
1023 1832
1024 1976
1025 1135
1025 1963
1026 1080
1028 1379
1029 1127
1030 1110
1030 1352
1030 1627
1031 1228
1032 1481
1033 1654
1034 1623
1036 1405
1036 1651
1036 1659
1037 1112
1037 1130
1037 1439
1037 1528
1038 1482
1039 1303
1039 1378
1039 1683
1041 1614
1042 1695
1043 1380
1043 1506
1043 1885
1043 1970
1044 1076
1044 1273
1044 1600
1046 1709
1048 1412
1049 1308
1050 1055
1050 1170
1050 1176
1050 1241
1050 1432
1050 1689
1051 1171
1051 1616
1052 1517
1052 1958
1053 1877
1053 1942
1054 1306
1055 1077
1056 1459
1057 1594
1057 1672
1057 1932
1058 1210
1058 1703
1059 1114
1059 1262
1059 1520
1061 1798
1062 1614
1063 1422
1064 1109
1064 1151
1064 1641
1064 1891
1065 1192
1065 1310
1067 1107
1067 1896
1070 1474
1070 1893
1070 1997
1071 1720
1072 1249
1073 1457
1075 1494
1077 1293
1077 1387
1077 1816
1078 1316
1078 1444
1078 1654
1078 1999
1079 1370
1079 1669
1079 1797
1079 1841
1079 1957
1081 1559
1084 1859
1085 1867
1086 1612
1086 1613
1087 1663
1089 1825
1089 1951
1091 1601
1092 1989
1093 1720
1094 1153
1094 1811
1095 1972
1096 1105
1096 1624
1096 1642
1096 1656
1096 1877
1097 1412
1098 1116
1099 1459
1099 1535
1100 1532
1101 1682
1101 1875
1102 1344
1102 1755
1103 1593
1104 1616
1105 1111
1105 1995
1106 1120
1106 1494
1106 1549
1107 1800
1108 1610
1108 1706
1109 1276
1109 1387
1109 1592
1109 1680
1110 1130
1112 1484
1112 1673
1113 1217
1113 1558
1113 1658
1113 1808
1114 1994
1116 1976
1117 1636
1118 1129
1118 1559
1118 1917
1118 1989
1119 1743
1119 1861
1121 1911
1121 1964
1122 1222
1125 1898
1125 1923
1126 1318
1126 1693
1127 1280
1127 1587
1127 1695
1127 1750
1128 1304
1128 1790
1128 1831
1129 1345
1129 1787
1130 1164
1130 1321
1130 1490
1132 1395
1132 1728
1132 1764
1132 1800
1133 1177
1135 1493
1135 1539
1137 1643
1139 1420
1139 1847
1140 1695
1140 1799
1140 1846
1140 1894
1142 1777
1143 1464
1144 1170
1144 1576
1144 1715
1145 1386
1146 1260
1148 1213
1148 1619
1149 1327
1150 1250
1150 1479
1150 1514
1152 1916
1154 1738
1155 1376
1156 1338
1156 1710
1157 1470
1159 1513
1160 1432
1160 1877
1161 1455
1162 1220
1162 1856
1163 1187
1163 1487
1163 1673
1163 1793
1163 1854
1164 1821
1165 1884
1166 1703
1167 1768
1167 1809
1167 1862
1169 1471
1169 1817
1170 1370
1171 1558
1171 1583
1171 1808
1171 1965
1172 1251
1174 1181
1174 1404
1174 1646
1174 1701
1174 1945
1174 1957
1175 1740
1175 1747
1175 1991
1176 1788
1177 1738
1177 1920
1179 1536
1180 1209
1181 1198
1181 1961
1182 1323
1182 1682
1184 1839
1184 1862
1185 1286
1186 1350
1188 1625
1190 1769
1191 1685
1192 1442
1193 1383
1193 1749
1194 1679
1195 1625
1197 1997
1199 1387
1203 1723
1203 1847
1203 1971
1205 1466
1206 1730
1207 1439
1208 1564
1208 1605
1208 1947
1209 1927
1210 1244
1211 1530
1213 1473
1214 1523
1217 1229
1218 1932
1219 1317
1220 1912
1220 1949
1221 1520
1222 1252
1224 1593
1224 1980
1225 1616
1226 1735
1229 1421
1230 1348
1230 1438
1234 1341
1235 1440
1235 1480
1235 1782
1237 1913
1238 1266
1239 1393
1239 1515
1239 1640
1239 1837
1239 1941
1241 1386
1242 1306
1243 1619
1247 1328
1251 1832
1252 1485
1253 1262
1254 1523
1255 1353
1256 1413
1256 1633
1257 1693
1258 1780
1261 1381
1261 1788
1263 1436
1264 1502
1265 1741
1266 1365
1266 1641
1266 1677
1266 1952
1268 1661
1269 1778
1270 1876
1271 1914
1273 1545
1273 1973
1275 1317
1275 1529
1275 1542
1282 1595
1282 1629
1283 1678
1284 1532
1287 1913
1288 1486
1288 1809
1289 1527
1292 1401
1293 1871
1294 1794
1295 1312
1295 1653
1295 1833
1296 1361
1298 1517
1299 1637
1300 1398
1302 1324
1302 1564
1302 1998
1306 1652
1307 1507
1308 1334
1311 1435
1311 1479
1311 1575
1313 1353
1313 1544
1314 1521
1316 1516
1317 1527
1317 1582
1318 1464
1319 1622
1320 1723
1321 1344
1322 1582
1324 1840
1325 1389
1328 1643
1328 1742
1329 1886
1330 1350
1330 1415
1330 1546
1330 1801
1330 1837
1330 1841
1331 1446
1331 1790
1331 1904
1334 1881
1338 1534
1339 1655
1340 1741
1340 1820
1341 1728
1342 1602
1342 1793
1342 1979
1345 1346
1346 1471
1346 1820
1347 1931
1347 1940
1348 1736
1352 1406
1352 1565
1352 1714
1352 1785
1353 1721
1354 1927
1355 1963
1356 1542
1356 1581
1356 1774
1357 1362
1359 1408
1360 1499
1360 1767
1361 1567
1361 1842
1362 1671
1365 1708
1368 1733
1369 1600
1372 1562
1373 1394
1373 1796
1375 1596
1376 1704
1379 1713
1380 1575
1380 1628
1380 1668
1381 1658
1384 1432
1386 1443
1386 1904
1388 1575
1388 1761
1388 1879
1388 1954
1390 1550
1390 1767
1390 1910
1391 1461
1391 1782
1391 1905
1392 1992
1393 1475
1393 1678
1393 1711
1393 1848
1400 1706
1401 1701
1402 1766
1403 1746
1404 1796
1405 1490
1405 1613
1405 1904
1406 1744
1406 1807
1406 1832
1407 1655
1410 1629
1411 1791
1413 1468
1413 1737
1415 1597
1416 1784
1417 1982
1418 1814
1419 1989
1420 1454
1420 1670
1422 1783
1425 1845
1428 1816
1429 1731
1430 1512
1432 1616
1433 1476
1433 1748
1436 1564
1436 1957
1437 1818
1437 1923
1440 1984
1442 1857
1444 1883
1445 1501
1445 1836
1447 1630
1447 1671
1449 1533
1452 1980
1453 1676
1456 1961
1457 1511
1458 1658
1458 1816
1458 1941
1459 1709
1459 1796
1459 1932
1462 1858
1463 1967
1464 1993
1465 1468
1465 1486
1468 1888
1469 1500
1469 1770
1471 1521
1473 1883
1474 1944
1475 1535
1476 1667
1476 1728
1477 1483
1477 1509
1478 1914
1478 1971
1481 1902
1482 1504
1482 1921
1482 1928
1483 1704
1483 1851
1484 1787
1485 1516
1487 1777
1488 1568
1488 1595
1490 1729
1490 1761
1491 1807
1492 1535
1493 1523
1494 1903
1496 1585
1497 1792
1499 1822
1499 1858
1500 1823
1501 1799
1502 1768
1503 1866
1503 1933
1504 1508
1504 1809
1505 1544
1510 1897
1511 1732
1513 1755
1513 1908
1514 1862
1515 1856
1516 1576
1518 1632
1520 1619
1520 1893
1523 1596
1524 1548
1526 1783
1526 1869
1530 1813
1531 1927
1533 1745
1533 1757
1533 1970
1534 1581
1535 1913
1539 1622
1541 1668
1542 1811
1543 1663
1543 1786
1545 1592
1545 1612
1545 1909
1546 1990
1547 1653
1547 1932
1550 1604
1550 1708
1552 1864
1553 1907
1555 1669
1555 1715
1555 1933
1556 1635
1557 1618
1557 1727
1559 1780
1559 1867
1559 1950
1560 1971
1561 1682
1563 1575
1563 1821
1564 1580
1565 1920
1567 1958
1572 1827
1572 1916
1573 1666
1574 1731
1575 1912
1576 1581
1576 1937
1577 1894
1581 1909
1581 1979
1582 1780
1585 1886
1588 1889
1590 1661
1591 1797
1593 1767
1593 1911
1594 1790
1594 1983
1596 1851
1599 1660
1600 1834
1601 1711
1601 1728
1602 1625
1604 1976
1609 1611
1610 1718
1612 1759
1613 1622
1615 1684
1620 1674
1622 1840
1625 1769
1628 1882
1629 1788
1631 1762
1632 1690
1633 1985
1634 1647
1634 1789
1636 1848
1636 1949
1637 1906
1637 1996
1638 1922
1642 1991
1643 1994
1646 1702
1649 1972
1650 1706
1650 1989
1651 1874
1652 1685
1653 1897
1655 1703
1660 1930
1662 1919
1662 1933
1663 1795
1664 1879
1666 1735
1667 1699
1669 1809
1670 1717
1670 1729
1670 1764
1672 1939
1673 1699
1673 1795
1678 1739
1679 1726
1683 1910
1685 1907
1688 1926
1691 1904
1693 1717
1694 1767
1694 1845
1696 1812
1697 1910
1698 1886
1701 1826
1702 1774
1705 1900
1705 1944
1707 1818
1708 1919
1711 1777
1713 1719
1713 1846
1714 1737
1715 1910
1717 1813
1720 1993
1722 1842
1724 1785
1727 1841
1730 1744
1732 1977
1736 1869
1741 1784
1744 1799
1746 1967
1747 1806
1747 1953
1749 1786
1751 1938
1754 1774
1756 1850
1765 1980
1770 1772
1772 1820
1783 1861
1784 1984
1785 1878
1789 1806
1791 1859
1796 1938
1797 1909
1801 1940
1803 1870
1813 1818
1813 1918
1816 1913
1832 1868
1832 1912
1838 1914
1842 1909
1850 1893
1850 1995
1854 1861
1865 1900
1867 1912
1884 1929
1890 1898
1902 1977
1907 1974
1913 1948
1925 1999
1931 1991
1933 1973
1941 1963
