2000 3013
49
78
16
45
98
72
74
46
96
91
56
57
10
93
8
75
39
40
71
80
51
48
31
97
12
44
95
47
69
86
87
62
21
8
17
65
11
10
3
5
90
75
59
12
89
23
81
25
26
49
20
75
62
76
87
26
71
58
46
17
73
34
7
56
73
93
17
39
55
16
58
65
61
72
96
7
97
66
15
87
57
32
60
63
83
57
94
34
56
73
73
89
68
44
8
83
6
96
25
42
82
42
93
38
5
30
5
27
94
23
47
21
47
92
42
44
56
19
93
96
48
26
69
73
57
27
59
84
92
73
70
94
21
60
38
78
59
96
24
93
48
2
10
73
94
56
74
76
2
85
8
20
12
73
51
72
96
71
88
51
92
72
96
38
39
2
73
78
22
32
74
30
64
76
55
32
69
12
92
30
61
53
28
1
78
61
42
40
99
24
30
96
87
64
54
79
21
58
4
19
84
29
80
86
70
12
90
63
36
38
48
17
28
94
93
48
53
93
99
99
95
60
56
11
41
90
36
51
71
19
61
31
64
33
90
2
25
97
55
64
71
77
88
13
13
48
82
39
59
24
84
4
95
2
25
85
39
44
100
3
14
50
68
26
97
48
14
93
5
35
80
46
84
98
95
55
35
30
64
80
51
15
70
8
96
42
86
72
41
59
25
57
95
26
61
89
69
10
1
34
75
64
37
6
16
81
80
57
77
71
65
26
14
55
71
2
15
53
63
13
12
88
94
100
63
34
7
72
58
36
24
24
43
32
88
48
7
7
32
49
98
76
68
74
12
42
21
24
99
24
45
23
75
90
48
68
23
66
94
23
62
89
61
78
99
96
24
59
92
63
92
53
39
79
92
46
52
49
48
56
30
54
61
10
3
24
80
89
99
28
99
76
79
89
5
6
3
47
45
40
16
15
55
57
59
57
77
22
64
64
91
38
74
67
54
72
44
95
29
7
57
16
26
81
56
66
38
81
97
30
43
41
93
78
22
45
32
18
86
43
55
56
67
40
2
10
93
88
10
62
51
93
97
1
62
77
74
4
60
12
27
25
8
41
73
38
19
13
55
21
13
46
97
36
38
19
78
35
68
10
41
56
15
73
44
58
4
77
13
91
99
94
95
48
35
70
57
57
99
18
22
98
48
25
10
6
25
82
4
30
77
89
76
91
81
5
48
23
41
17
46
87
47
11
1
75
37
52
94
33
10
90
61
71
72
83
83
29
88
74
68
63
37
40
80
93
88
52
85
69
55
73
15
95
24
22
86
84
99
39
35
31
61
33
53
73
35
22
8
72
73
59
56
38
79
62
60
60
72
11
76
91
48
47
24
62
22
28
57
97
28
36
55
96
59
96
60
46
28
20
5
44
25
1
86
66
65
20
6
92
26
80
14
72
56
78
52
26
91
10
90
77
42
14
69
18
70
61
21
62
47
1
53
39
39
10
51
76
37
15
83
31
17
96
37
64
40
29
39
42
3
63
57
86
84
58
77
77
96
36
26
73
72
24
90
59
17
83
25
100
42
37
60
55
45
77
58
50
37
69
37
65
83
58
74
30
9
49
82
75
37
66
2
23
62
97
19
58
13
99
98
75
14
97
56
99
49
92
64
34
64
45
86
25
26
64
87
14
41
27
98
88
75
80
43
58
27
42
59
53
32
92
100
66
52
76
11
22
30
86
95
4
54
48
92
92
71
45
71
80
44
61
92
11
24
31
43
16
83
7
92
84
40
64
50
11
37
88
55
40
36
77
34
75
77
99
45
39
55
18
74
77
93
18
97
38
95
56
73
6
11
95
11
11
63
75
21
39
1
46
84
54
72
30
94
4
50
17
68
82
87
97
89
33
81
65
60
21
32
79
68
52
95
26
29
55
45
18
88
5
94
36
78
36
22
66
87
65
71
99
44
45
2
69
50
64
19
47
12
89
100
87
19
14
70
74
42
63
38
22
8
84
41
51
2
82
94
87
94
23
77
8
54
97
25
28
65
43
51
30
71
36
14
37
21
69
66
31
91
46
12
97
70
72
18
32
50
99
100
36
49
94
30
1
26
40
61
58
14
51
48
74
59
44
8
72
27
60
99
73
6
98
70
68
89
67
18
53
49
32
8
6
25
64
82
21
81
83
77
16
33
27
29
88
87
55
75
38
79
26
95
36
59
71
5
7
94
34
36
34
95
63
72
91
70
45
14
79
41
68
57
46
63
93
5
13
46
79
99
48
33
39
86
75
49
98
23
86
41
11
47
33
46
33
71
23
12
16
97
37
64
91
10
73
7
10
92
100
37
18
48
42
29
16
66
36
84
82
51
79
12
52
78
12
50
66
64
10
25
8
4
38
19
32
31
93
83
37
63
2
10
75
21
35
3
70
23
71
32
36
56
71
22
21
25
62
82
31
13
19
90
65
52
30
15
47
69
97
72
1
78
90
92
8
58
46
47
18
81
38
42
50
18
43
36
8
71
5
44
9
20
40
16
32
71
3
66
65
69
10
49
80
97
67
3
24
66
18
26
22
17
78
32
38
45
20
52
5
98
70
34
57
64
43
47
84
97
81
23
16
57
89
53
26
44
17
42
97
81
98
95
21
12
16
47
98
22
86
50
6
13
73
56
68
12
14
67
23
14
38
39
5
30
56
49
7
23
22
68
37
59
38
34
30
63
10
2
4
23
60
59
73
65
23
9
57
75
36
40
92
65
94
21
76
84
56
77
74
67
43
33
98
100
96
22
11
100
4
32
4
93
76
72
83
43
91
62
59
12
3
69
17
38
15
5
8
3
1
53
20
27
75
34
61
7
63
100
43
19
10
100
32
20
43
54
17
94
52
90
83
71
44
90
60
38
31
84
85
53
34
70
10
19
76
6
65
53
64
12
67
82
87
40
20
62
91
11
36
88
84
57
40
78
11
62
65
43
78
61
4
90
49
79
18
14
6
75
87
15
42
86
26
43
43
89
74
7
95
91
5
43
54
98
94
65
100
80
46
89
88
49
35
54
80
67
21
34
50
64
10
49
56
42
73
18
4
85
97
4
72
36
13
69
87
84
33
21
46
13
30
52
74
49
71
61
40
9
20
36
21
8
41
99
64
96
34
24
91
85
65
17
61
5
72
37
30
87
15
70
67
43
92
52
87
38
31
60
22
99
2
9
32
37
83
69
75
95
39
17
34
44
54
41
13
73
79
30
73
59
66
38
1
77
3
74
57
83
5
93
24
32
71
55
46
34
12
79
33
99
29
94
5
48
91
55
51
8
44
4
97
70
69
3
78
85
44
44
19
43
15
12
8
52
47
44
63
3
43
60
24
13
52
75
6
48
48
53
76
3
65
95
34
9
2
11
45
12
2
10
29
62
95
80
78
1
60
66
74
79
2
11
19
65
84
58
50
99
76
96
85
73
76
26
29
38
81
13
33
73
7
42
19
11
63
48
43
26
54
8
42
100
35
90
19
87
79
34
47
62
44
12
43
66
67
61
96
55
59
100
48
31
40
45
10
72
75
38
82
2
96
72
95
53
25
98
24
66
64
25
99
92
90
94
84
34
42
69
16
40
89
72
17
7
43
59
9
66
83
23
40
100
90
22
12
41
3
4
49
91
40
32
87
82
24
69
84
5
29
27
71
60
30
53
25
37
96
28
37
88
46
53
53
30
52
28
95
55
41
89
53
8
13
89
73
82
66
82
5
46
83
98
27
25
65
71
5
100
75
16
21
54
33
38
96
99
5
59
90
48
94
12
89
35
40
15
73
20
90
69
6
93
70
91
17
89
57
81
25
32
41
14
57
79
18
55
2
14
47
70
58
51
45
79
32
84
19
40
35
73
59
49
28
34
69
77
53
100
14
24
76
80
38
11
99
54
97
35
34
35
50
73
7
25
69
48
39
11
37
82
52
86
32
7
6
68
18
51
7
38
38
17
15
80
76
8
78
93
13
1
46
3
70
21
10
89
51
41
43
21
27
15
1
57
55
72
46
37
88
64
73
34
96
88
66
2
3
35
25
46
10
90
49
23
73
53
2
71
70
81
36
13
53
6
81
53
48
46
37
91
29
28
25
70
35
17
57
75
2
2
82
58
83
15
21
62
33
82
100
91
62
46
10
48
90
87
43
91
96
3
21
12
86
22
39
31
37
40
69
81
9
63
57
67
99
99
31
37
66
58
21
75
90
18
84
4
8
88
1
84
59
99
5
79
99
71
61
92
55
70
10
38
93
15
46
83
38
85
34
13
29
30
97
10
6
70
65
8
19
99
32
26
48
8
47
40
11
100
51
23
60
78
35
43
89
99
57
30
27
34
51
55
78
81
31
5
86
33
31
38
74
59
46
5
53
67
30
47
17
28
84
50
7
99
74
83
55
55
53
12
35
59
14
73
83
24
80
39
94
76
57
11
65
8
1
72
94
39
46
91
70
8
66
55
91
63
10
90
69
34
58
25
28
80
62
89
35
94
57
62
28
81
27
66
25
67
56
21
8
60
53
66
35
62
44
19
18
62
92
13
83
80
84
39
48
59
51
78
49
81
67
0 1367
1 83
1 328
1 842
2 85
2 183
2 192
2 463
2 861
2 1099
2 1870
2 1953
3 810
3 1227
3 1467
3 1861
4 671
5 671
5 866
6 472
6 1610
6 1613
7 253
7 398
7 1929
8 95
8 550
8 960
9 935
9 1867
10 1515
10 1994
11 495
11 810
11 1211
11 1955
11 1998
12 1494
12 1867
13 831
13 942
13 1455
13 1754
15 1259
16 171
16 327
16 406
16 1269
16 1519
17 173
17 559
17 1142
18 131
18 592
18 923
18 1908
19 183
19 1622
20 311
20 1113
20 1466
21 1147
21 1585
22 1153
22 1372
22 1460
22 1740
23 356
24 266
24 555
24 609
24 646
24 946
24 1696
25 372
25 866
25 1623
26 132
26 150
26 198
26 429
26 682
26 1637
27 726
27 865
27 1191
28 1018
28 1735
29 73
29 201
30 333
30 1407
31 566
32 842
32 1117
32 1193
32 1356
32 1469
33 870
33 1058
33 1461
33 1571
33 1876
34 430
34 842
34 1389
34 1748
35 1185
35 1985
35 1991
36 349
36 647
36 1953
38 833
39 50
39 352
39 742
41 1684
42 986
42 1107
42 1485
42 1513
43 873
43 1477
43 1706
43 1983
44 1834
45 47
45 375
45 974
46 251
46 1609
47 566
47 1116
47 1302
48 1493
49 1450
49 1752
49 1799
50 821
51 192
51 600
51 1837
52 647
52 785
52 1668
53 363
53 1066
53 1120
54 465
54 908
54 1644
54 1762
54 1818
55 690
55 810
55 1383
56 1141
56 1612
57 654
57 1185
58 258
58 879
58 970
58 1719
59 872
59 1170
60 322
60 1135
60 1282
60 1858
60 1869
61 419
61 598
61 639
61 1090
61 1750
62 949
62 1238
62 1964
64 1640
64 1661
65 315
65 374
65 463
66 542
66 632
66 895
66 948
66 1957
67 427
67 863
67 957
68 1717
69 296
69 1383
70 96
70 108
70 219
70 998
70 1390
70 1600
70 1661
71 432
71 1805
72 636
72 769
72 1975
73 242
73 1919
74 464
74 678
74 840
74 1388
74 1596
75 283
75 1341
75 1856
76 1446
76 1526
77 942
77 1312
77 1664
77 1979
79 1176
79 1451
79 1591
79 1830
79 1930
80 235
80 586
80 1629
81 87
81 1082
81 1347
81 1725
81 1918
82 253
82 1013
82 1573
83 131
83 555
83 692
83 965
83 1784
84 1756
85 131
85 549
85 1453
85 1941
86 1762
86 1877
88 575
88 1054
88 1099
89 157
89 768
90 325
90 474
90 766
90 846
90 1367
90 1876
90 1893
91 167
91 317
91 766
91 823
91 856
91 1483
92 390
93 475
93 622
93 1540
94 1084
94 1732
94 1842
94 1875
95 342
95 994
95 1490
97 277
97 510
97 589
97 1665
98 1289
98 1512
99 210
99 305
99 934
99 984
99 1230
99 1302
99 1777
100 1667
101 703
101 734
101 895
101 1053
102 629
103 786
103 1419
103 1850
104 543
104 879
104 1619
105 1061
105 1624
105 1629
106 686
106 711
106 1137
106 1885
107 557
107 908
107 1911
108 770
109 129
109 169
109 1446
109 1731
109 1835
110 361
110 1340
110 1566
110 1959
111 196
111 581
111 1761
111 1946
112 748
112 1094
112 1422
112 1986
113 536
113 546
113 694
113 1218
114 210
114 745
114 1006
114 1754
114 1837
115 371
115 743
115 1569
116 743
116 864
116 882
116 901
117 836
117 1572
117 1828
118 1243
118 1313
118 1583
118 1755
119 180
119 628
119 1205
119 1531
119 1949
120 1838
121 620
121 1021
121 1972
122 974
122 1154
122 1518
122 1582
123 384
123 1681
124 449
124 936
124 1186
124 1364
124 1755
124 1968
125 397
125 953
125 1227
125 1554
126 507
126 763
126 1200
126 1947
127 774
127 906
127 1513
127 1665
128 519
128 1357
129 1899
130 1783
130 1930
131 394
131 1710
132 1270
133 1286
134 298
135 180
135 192
135 729
135 1927
136 893
136 909
136 1372
137 294
137 912
137 928
138 636
138 1290
138 1512
138 1611
139 1778
141 457
141 1891
141 1971
142 436
142 1807
143 467
143 1126
143 1782
143 1830
144 1261
144 1419
145 728
145 1105
145 1243
145 1372
145 1381
146 1133
146 1300
148 337
148 774
148 1663
148 1822
149 414
149 1689
150 240
150 861
150 1877
151 1082
151 1767
152 1635
153 383
153 649
153 1168
153 1466
153 1757
154 439
154 1652
155 830
156 455
156 552
156 891
156 1444
157 340
157 645
157 845
158 1921
159 1951
160 1411
160 1796
160 1839
161 1358
162 1361
163 241
163 351
163 499
163 552
163 761
163 1026
163 1155
163 1641
163 1750
165 740
165 1414
166 200
166 1145
166 1535
166 1730
167 249
167 1529
167 1744
167 1930
168 678
168 1517
168 1892
170 1105
170 1134
170 1562
171 241
171 1829
172 1653
172 1877
173 573
173 643
173 1141
173 1187
173 1225
173 1323
173 1909
174 809
174 1320
175 972
175 1339
175 1517
175 1565
176 755
176 1310
176 1410
176 1710
177 895
177 941
177 1542
178 796
178 1281
178 1427
178 1778
178 1936
179 240
179 455
179 818
179 851
179 1080
179 1565
180 1102
180 1779
181 200
181 481
181 1347
182 839
183 610
183 1212
183 1643
184 197
184 1036
186 1327
186 1901
187 952
187 1453
187 1513
187 1704
187 1844
188 878
189 372
189 1492
189 1519
189 1680
189 1865
190 940
190 1239
191 223
191 407
191 1030
191 1054
191 1154
192 541
192 1296
192 1452
193 1712
193 1821
194 1048
194 1790
195 690
195 1636
196 1638
197 365
197 494
197 716
197 864
197 1115
197 1530
197 1688
198 578
198 797
198 1514
199 885
199 902
199 1111
199 1622
200 1509
201 1017
201 1092
201 1572
203 360
203 1356
203 1415
204 291
204 479
204 1471
205 643
205 1185
205 1363
206 339
206 584
206 1140
206 1753
207 465
207 851
207 1949
208 962
208 1106
209 661
209 667
209 747
209 1888
210 256
210 773
211 877
211 1071
211 1401
211 1521
213 324
213 915
213 1168
213 1648
214 343
214 637
214 788
215 413
215 491
215 784
215 1175
215 1257
215 1553
215 1915
216 324
216 530
216 906
217 941
217 1059
217 1141
217 1620
217 1927
218 1230
218 1394
219 1233
220 651
220 674
220 752
220 1006
223 1302
223 1489
223 1503
223 1980
224 713
225 457
225 618
225 1226
226 257
226 447
226 1424
226 1840
226 1966
227 396
228 572
228 816
228 1829
229 1604
229 1977
230 1619
230 1623
230 1658
230 1975
231 308
231 1529
231 1794
231 1954
232 362
232 826
232 1649
232 1823
233 1066
233 1126
234 958
235 587
235 672
235 726
236 1091
237 324
237 563
238 850
238 1643
239 844
239 1596
239 1849
240 358
241 719
241 1690
242 1523
243 978
243 1847
244 564
244 1185
244 1541
245 1233
245 1425
246 443
246 619
246 803
246 1292
246 1883
247 937
248 721
248 1621
249 254
249 738
249 1626
250 411
250 669
250 1608
250 1782
251 473
251 849
252 654
252 1756
253 659
253 745
253 1178
253 1352
254 384
255 386
255 574
255 1007
256 275
256 673
256 1850
257 1421
257 1508
257 1750
258 881
258 1404
258 1423
259 409
259 1272
260 1044
260 1146
260 1636
260 1961
262 501
262 852
264 1021
265 899
265 1408
265 1690
265 1709
266 545
266 1941
267 444
267 637
267 926
267 1338
268 292
268 903
268 1005
268 1617
269 1138
269 1422
270 841
270 987
270 1315
270 1476
270 1962
271 901
272 1264
272 1444
272 1450
272 1985
273 447
273 452
273 551
273 1109
273 1232
273 1382
273 1398
273 1746
274 1554
274 1689
274 1778
275 315
275 365
275 940
275 961
275 1629
275 1818
276 944
277 1415
277 1749
278 308
278 439
278 626
278 786
278 1354
278 1918
279 493
279 503
279 518
279 758
279 904
280 451
280 480
280 1233
281 845
281 1615
281 1652
282 687
282 1685
282 1794
282 1999
283 509
283 655
284 313
284 866
284 1171
284 1518
284 1546
285 934
285 1353
285 1775
286 1222
286 1249
286 1518
286 1562
287 791
287 866
287 938
287 1514
287 1776
287 1908
287 1950
288 505
288 1385
288 1906
289 461
289 780
289 859
290 749
290 1073
291 1023
291 1131
291 1594
293 299
293 452
294 318
294 365
294 619
294 1206
294 1718
294 1831
295 1082
296 483
297 341
297 504
298 866
298 1091
298 1365
298 1540
298 1682
298 1972
299 599
299 1045
299 1594
300 1198
300 1337
300 1947
301 386
301 552
301 1862
302 1073
302 1776
302 1867
303 995
303 1139
303 1747
305 979
305 1052
305 1059
305 1613
306 803
306 920
307 761
307 1668
308 314
308 1507
309 608
310 1581
311 557
312 317
312 591
312 1418
313 755
313 1785
314 631
314 1405
314 1654
316 1080
316 1645
317 424
318 1056
318 1146
318 1268
318 1780
319 1562
320 1201
320 1628
321 399
321 532
321 811
321 1285
321 1405
321 1953
322 1199
323 365
323 650
323 1106
324 445
324 1050
324 1846
325 1618
326 484
327 558
328 1529
329 1964
329 1984
330 692
330 1635
331 909
331 1065
331 1770
332 412
332 1030
332 1982
333 621
333 629
333 1407
333 1729
334 621
334 1673
335 345
335 493
335 1793
336 1563
336 1926
337 727
337 1940
338 1128
339 982
339 1211
340 497
341 737
341 836
341 1650
341 1684
343 434
343 531
343 1201
344 1250
344 1360
345 1437
345 1702
346 1050
347 653
347 1340
347 1393
347 1423
347 1677
347 1859
348 1554
348 1583
349 806
349 1886
350 399
350 443
350 1856
351 841
351 1036
351 1205
352 824
353 1093
353 1112
353 1720
355 358
355 671
355 761
355 1669
356 499
356 745
356 935
357 467
357 1687
357 1823
358 1819
359 653
359 718
359 1496
360 1984
361 557
361 1126
361 1955
363 579
363 906
363 1864
364 626
364 858
364 1004
365 1227
365 1523
366 1234
366 1385
366 1866
367 1160
368 1494
369 951
370 1133
370 1464
370 1755
371 1275
371 1446
372 1716
373 628
374 523
374 1918
375 541
375 1331
375 1451
375 1980
376 1075
376 1554
376 1558
377 748
377 1115
377 1174
378 860
378 1363
378 1369
378 1388
379 524
379 770
379 1347
380 643
381 1462
382 795
382 1136
382 1802
383 780
383 1478
383 1761
384 697
384 761
384 1763
385 475
385 570
385 639
385 677
385 729
385 1607
386 756
386 1111
386 1780
387 540
387 1550
387 1553
387 1575
388 643
389 876
389 1485
389 1670
389 1728
390 547
390 672
391 556
391 647
392 689
392 951
392 1306
392 1401
393 713
393 1760
394 438
394 1272
395 1072
395 1155
395 1923
395 1933
396 687
396 851
396 1928
397 461
397 1840
398 1071
398 1165
399 410
399 787
400 543
400 759
401 911
401 1275
401 1774
401 1937
402 1970
403 561
403 1174
403 1412
404 429
404 720
404 1774
404 1996
405 808
405 1915
406 661
406 829
406 1033
406 1981
407 585
407 1263
407 1702
408 500
408 886
408 1665
408 1857
409 826
409 1589
412 1091
412 1101
412 1530
413 740
413 1220
414 503
414 1164
415 666
415 953
415 1736
416 525
416 1027
416 1132
416 1224
417 895
418 471
418 1287
418 1991
419 810
419 1010
419 1849
420 1711
420 1767
420 1796
421 990
422 820
422 1964
423 535
423 1305
423 1636
424 988
424 1342
426 966
426 989
426 1083
426 1778
426 1842
428 487
428 1407
428 1975
429 608
429 1214
430 767
430 789
430 861
430 1238
430 1254
430 1450
432 593
432 862
432 1462
432 1603
433 881
433 1481
434 720
434 1054
434 1074
434 1609
434 1635
435 1845
436 1070
436 1171
437 1048
438 803
439 1444
440 611
440 856
441 1796
442 569
442 1004
442 1059
442 1171
442 1378
443 810
444 845
444 887
444 1383
445 876
445 1411
445 1541
445 1595
445 1954
448 1337
449 1587
449 1930
450 616
450 923
450 1422
451 1683
452 754
454 567
454 1301
455 515
455 1048
455 1992
456 1219
457 964
458 839
458 1020
459 465
459 965
459 1346
459 1844
460 1684
460 1739
460 1752
460 1843
461 1509
461 1941
462 556
462 763
462 1013
462 1268
462 1507
463 1905
464 500
464 673
464 996
464 1309
464 1313
465 926
465 1193
465 1356
465 1361
467 1096
468 1331
468 1483
468 1859
468 1935
469 1213
469 1343
469 1411
470 1878
471 683
471 1790
472 617
472 902
472 1484
472 1531
473 589
473 629
473 748
474 720
474 890
474 1920
475 531
475 638
475 1078
475 1320
475 1700
476 633
476 788
476 1223
477 1648
478 645
478 1646
479 630
479 1163
479 1555
480 529
480 1012
480 1421
480 1695
481 868
481 1150
482 508
482 1341
482 1517
482 1873
483 1095
483 1490
483 1953
483 1965
484 1051
484 1833
485 711
485 927
485 1488
486 623
487 1502
488 670
488 716
488 1003
488 1719
490 1162
490 1570
490 1609
491 936
491 1066
491 1147
492 778
493 1063
493 1428
493 1442
494 659
495 909
495 1010
495 1947
496 769
496 1657
498 1493
498 1645
499 589
499 1154
500 775
500 1115
500 1552
501 580
501 781
501 1649
502 531
502 1203
503 546
503 1842
504 1026
504 1753
505 995
507 553
507 742
507 1398
508 1876
509 1471
510 959
511 959
511 1736
511 1949
512 1433
514 968
514 1038
514 1241
514 1305
514 1384
514 1930
515 1024
515 1371
516 1311
516 1316
516 1536
516 1580
516 1782
517 1156
517 1447
517 1664
518 1507
518 1556
520 1099
521 1712
522 884
522 1840
524 1826
524 1972
525 788
525 1469
525 1484
526 645
526 1559
526 1675
527 1630
527 1714
527 1757
528 1158
528 1468
528 1728
529 1363
529 1563
530 873
530 998
531 718
531 1096
531 1129
531 1782
532 843
532 1053
533 1541
534 625
534 982
534 1430
534 1559
534 1744
534 1960
537 1441
538 901
538 1721
538 1975
539 626
540 1611
540 1709
541 1796
542 1855
543 1050
543 1160
543 1402
544 862
544 1155
544 1615
544 1692
544 1738
544 1973
545 1230
545 1614
546 986
547 1130
547 1910
547 1945
548 669
549 628
549 1808
550 889
550 1503
551 1287
551 1514
552 783
552 965
553 1495
554 1222
554 1508
554 1513
554 1932
555 831
556 596
556 1699
557 1337
558 1505
558 1712
559 1165
559 1228
560 1193
560 1713
560 1830
561 1227
561 1521
562 1864
563 1406
563 1501
563 1702
563 1863
564 888
564 1697
565 638
565 815
565 1305
565 1742
566 778
566 1192
567 751
567 1912
568 1617
569 798
570 1044
570 1130
570 1742
571 1673
572 586
572 913
572 915
572 971
572 1190
572 1413
572 1671
572 1743
574 1198
574 1429
575 584
575 858
575 1422
575 1765
576 1926
577 1291
577 1917
579 763
579 973
579 1171
580 1169
581 1145
582 1211
582 1372
582 1780
583 1782
584 1402
585 1006
585 1351
585 1450
585 1729
585 1903
586 1409
587 1681
587 1846
588 1163
588 1506
588 1537
588 1648
589 597
589 695
589 885
589 1076
590 1161
591 683
591 842
591 980
591 1748
591 1837
592 1504
592 1602
593 812
593 1034
593 1041
593 1444
593 1477
594 856
594 1498
595 624
595 1741
595 1778
595 1831
596 1186
597 1134
597 1999
598 1100
598 1114
598 1382
599 1303
600 1279
600 1350
600 1556
600 1873
601 1659
602 664
602 805
603 865
603 1286
603 1561
604 1454
604 1922
605 747
606 1379
607 1223
607 1386
607 1462
608 947
608 1559
608 1594
609 1114
609 1277
609 1287
609 1350
610 1455
610 1870
611 849
611 1069
611 1243
611 1345
611 1565
611 1932
611 1945
612 877
612 947
612 1592
613 1474
614 1384
614 1580
614 1848
615 706
615 829
615 1199
615 1247
616 621
616 645
616 741
616 1259
616 1556
618 811
619 1574
620 1321
620 1436
620 1591
620 1919
622 1375
622 1563
623 866
624 1144
624 1236
624 1709
625 852
625 1500
626 1239
627 1195
628 1326
628 1670
629 1422
629 1880
629 1941
630 1007
630 1496
631 1550
632 777
632 1122
632 1454
632 1591
633 702
633 1203
633 1714
634 1167
634 1584
635 648
635 1309
635 1626
635 1857
635 1900
636 1341
636 1706
637 731
637 1884
638 639
638 1661
638 1764
639 719
639 721
639 899
639 1692
640 1005
640 1613
641 1092
641 1566
642 1273
643 1359
643 1436
643 1684
643 1842
644 860
645 767
646 1493
646 1622
646 1922
647 1167
647 1377
647 1909
648 655
648 786
649 690
650 1148
650 1236
650 1371
651 1264
651 1515
651 1563
652 709
652 977
652 1892
653 1836
654 1696
655 1135
655 1204
656 1821
656 1963
657 1176
657 1267
659 1573
659 1791
660 1015
660 1248
661 1828
662 1531
662 1606
662 1841
663 871
663 1032
664 1122
664 1597
664 1815
667 682
667 1718
667 1862
668 1110
669 867
669 1476
670 1624
670 1760
670 1901
671 1410
671 1435
672 801
672 1653
673 790
675 739
675 1053
675 1186
675 1730
675 1876
678 1007
679 1166
680 687
680 801
680 1532
681 1676
682 1292
682 1374
682 1550
682 1761
682 1956
683 1038
683 1464
683 1489
684 1031
684 1051
684 1471
684 1490
684 1966
685 740
686 784
686 816
686 1158
687 1115
688 693
688 720
688 1291
688 1362
688 1458
689 806
689 1151
690 1872
692 1383
693 1435
693 1575
693 1702
693 1813
694 1286
694 1902
695 1380
697 1231
698 1248
699 1430
699 1611
699 1625
700 1629
701 1092
701 1336
701 1709
702 1319
704 1224
705 784
705 1289
705 1767
706 908
706 1659
710 754
710 863
710 1366
710 1476
710 1950
711 794
711 1300
712 1031
713 1144
713 1702
713 1879
714 756
714 1394
714 1395
715 721
716 1504
716 1920
717 1402
717 1410
718 791
718 1347
718 1982
720 1222
721 845
721 1394
722 1606
723 1501
723 1717
724 1257
724 1893
724 1989
725 1828
725 1928
726 1735
727 1720
728 1712
728 1775
729 747
730 1931
732 1276
732 1984
733 943
733 1994
734 1298
734 1432
735 1007
735 1119
735 1484
735 1945
737 991
738 924
738 1899
739 824
739 1480
740 1416
741 1667
741 1957
742 1768
743 1400
744 1299
744 1779
745 1790
747 1681
747 1720
747 1999
748 1086
748 1540
748 1656
749 1562
749 1682
750 1220
750 1333
751 1375
751 1603
753 847
753 1380
753 1551
754 1068
754 1769
755 783
755 1228
755 1722
755 1906
757 928
757 1505
757 1862
758 825
758 1544
758 1566
759 784
759 1204
759 1637
760 1082
760 1231
761 1335
762 1942
763 1387
764 1271
764 1295
764 1731
765 1810
767 783
768 1865
769 864
769 1102
770 829
770 1355
770 1884
771 1028
771 1070
771 1417
771 1778
772 1210
772 1726
773 1095
774 832
774 1494
775 930
775 1215
775 1297
775 1612
775 1635
775 1748
776 1618
777 794
778 993
778 1053
778 1125
778 1366
778 1875
780 1481
781 819
781 1208
782 1230
782 1651
782 1677
783 952
783 1091
783 1447
783 1791
784 1746
785 1073
785 1447
786 936
786 1755
786 1839
786 1922
787 1343
787 1994
788 1913
790 1394
790 1559
791 1445
792 1488
793 800
793 842
793 979
793 1179
793 1476
795 830
798 1020
798 1426
799 1181
799 1506
801 962
801 1873
802 1457
803 1264
803 1325
803 1592
805 984
805 1018
806 1262
806 1298
806 1665
807 1565
807 1921
808 1610
808 1747
808 1754
808 1782
809 902
809 1087
809 1472
809 1643
809 1761
809 1858
810 1081
810 1663
813 1950
813 1985
814 1412
816 1100
816 1534
816 1732
817 925
817 1865
818 1901
820 1072
821 905
821 1083
821 1515
821 1651
822 1470
823 1290
824 1580
825 944
825 1165
825 1254
825 1333
825 1871
826 1174
826 1784
827 1818
828 1514
828 1966
829 849
829 1056
829 1372
830 1465
830 1516
831 976
832 1360
833 1064
833 1584
833 1795
833 1830
833 1841
834 855
835 1657
835 1928
836 1024
836 1061
836 1984
837 1068
837 1469
838 1908
839 1334
839 1727
840 1249
840 1258
841 969
841 1093
843 976
843 1257
843 1463
844 1534
845 933
845 1091
845 1965
847 911
847 1266
848 1385
849 1541
850 1044
850 1265
850 1297
851 1704
852 1066
852 1370
852 1759
857 1169
859 1465
861 1032
861 1324
861 1507
861 1961
862 1642
862 1828
864 1306
864 1945
865 1348
865 1612
865 1704
865 1793
865 1835
866 1203
866 1442
866 1598
867 1449
867 1663
868 888
868 1043
868 1216
868 1730
869 1235
869 1727
869 1848
870 1931
871 941
871 1232
871 1831
871 1965
872 1732
873 1077
874 1974
875 911
875 984
875 1099
875 1449
875 1466
876 1145
876 1468
877 1413
877 1499
878 1207
878 1400
878 1464
878 1554
878 1957
880 1087
882 909
882 1015
883 1816
885 1576
885 1776
886 1080
887 1065
887 1238
887 1264
887 1702
887 1994
888 1353
888 1751
890 1081
891 1216
891 1390
891 1879
892 1135
892 1999
894 1210
894 1396
895 978
895 1153
895 1367
896 1801
896 1893
896 1965
897 1066
897 1241
897 1364
897 1376
899 991
899 1203
902 1427
902 1505
902 1868
903 915
903 1244
904 1147
906 1031
906 1139
906 1860
907 1672
909 1092
909 1131
910 1910
911 1563
912 1632
912 1757
913 1114
913 1800
914 1029
915 1323
916 1819
916 1975
917 1392
917 1600
917 1742
917 1844
917 1958
918 953
918 1970
919 1694
919 1915
920 1222
920 1322
920 1498
921 1103
922 1511
923 938
923 1073
924 1039
924 1527
924 1726
924 1771
925 1351
925 1589
926 1399
926 1933
927 967
927 1401
928 1802
929 1807
931 1188
932 1313
932 1741
933 1013
933 1063
933 1682
934 1018
934 1683
935 1382
937 1155
938 1021
938 1179
939 1148
940 1237
940 1698
942 1437
942 1621
942 1798
943 957
943 1158
944 1135
944 1428
944 1738
945 1954
946 1478
946 1767
947 1176
947 1397
947 1449
947 1705
949 1214
949 1948
951 1727
952 1530
952 1661
953 1191
953 1453
953 1586
954 1386
954 1608
954 1844
955 1597
955 1616
956 1330
957 1519
957 1546
958 1019
958 1374
959 1357
959 1793
961 1895
963 1107
965 1095
965 1365
965 1673
967 1020
968 1147
968 1217
968 1525
969 1658
969 1846
970 1884
971 1095
972 1130
973 1520
974 1046
974 1659
975 1612
976 1503
976 1735
977 1210
977 1598
977 1726
979 1029
979 1313
979 1927
980 1724
981 1017
981 1048
981 1079
981 1403
981 1457
981 1991
982 1523
984 1785
985 1314
985 1430
986 1024
986 1974
987 1206
987 1211
988 1312
988 1523
989 1421
989 1634
991 1012
991 1814
992 1010
992 1609
993 1338
995 1355
995 1764
996 1105
996 1803
997 1162
997 1393
998 1304
998 1965
998 1973
999 1958
1000 1141
1000 1409
1000 1758
1001 1097
1001 1235
1002 1127
1002 1153
1003 1290
1003 1368
1004 1072
1005 1949
1006 1615
1006 1623
1006 1930
1006 1989
1007 1718
1008 1082
1008 1209
1009 1324
1009 1691
1009 1727
1010 1170
1011 1475
1011 1765
1012 1698
1012 1753
1013 1580
1015 1054
1016 1886
1017 1183
1017 1322
1017 1388
1017 1717
1019 1160
1019 1443
1019 1614
1020 1257
1021 1954
1023 1232
1025 1028
1025 1483
1025 1487
1025 1525
1025 1814
1025 1875
1026 1050
1026 1082
1027 1371
1027 1911
1028 1572
1030 1565
1033 1673
1034 1087
1034 1720
1035 1474
1036 1092
1037 1564
1038 1180
1038 1522
1038 1973
1039 1529
1041 1673
1043 1637
1044 1527
1045 1079
1045 1670
1045 1973
1046 1470
1046 1677
1046 1948
1047 1197
1047 1227
1048 1906
1050 1070
1050 1196
1050 1981
1051 1529
1051 1810
1052 1673
1053 1986
1054 1421
1054 1617
1054 1950
1055 1076
1056 1589
1057 1199
1057 1864
1057 1878
1057 1941
1058 1461
1058 1656
1059 1963
1060 1183
1061 1104
1061 1131
1061 1425
1061 1432
1062 1617
1062 1820
1063 1117
1063 1551
1063 1699
1064 1139
1064 1320
1065 1198
1065 1254
1065 1463
1065 1986
1068 1453
1068 1883
1069 1205
1069 1552
1070 1746
1070 1975
1073 1208
1074 1369
1074 1625
1075 1927
1076 1700
1077 1543
1077 1926
1078 1291
1078 1511
1079 1229
1081 1708
1081 1914
1083 1431
1084 1536
1085 1774
1086 1315
1088 1257
1089 1903
1090 1678
1091 1181
1091 1736
1091 1887
1092 1291
1092 1353
1094 1279
1095 1097
1095 1202
1096 1428
1096 1811
1097 1422
1099 1962
1100 1279
1100 1631
1101 1416
1102 1411
1103 1344
1103 1739
1104 1712
1105 1368
1106 1526
1106 1726
1107 1457
1107 1595
1107 1805
1108 1851
1110 1377
1111 1558
1112 1328
1112 1925
1113 1992
1114 1445
1114 1554
1114 1694
1114 1928
1114 1947
1118 1230
1119 1635
1119 1884
1119 1911
1120 1165
1120 1322
1120 1512
1120 1790
1121 1351
1122 1587
1122 1916
1124 1411
1125 1158
1125 1487
1126 1398
1127 1393
1129 1169
1129 1452
1130 1556
1131 1787
1132 1254
1132 1833
1134 1328
1136 1240
1136 1961
1137 1605
1137 1613
1137 1914
1138 1223
1140 1484
1141 1987
1143 1263
1148 1912
1151 1708
1153 1674
1153 1885
1155 1226
1155 1747
1155 1826
1156 1182
1156 1783
1158 1261
1158 1715
1158 1814
1160 1538
1160 1548
1161 1997
1162 1276
1162 1335
1162 1700
1166 1208
1167 1874
1171 1305
1173 1599
1174 1846
1175 1178
1176 1416
1176 1732
1176 1843
1179 1844
1179 1905
1179 1938
1180 1252
1181 1748
1183 1448
1183 1626
1184 1469
1185 1537
1185 1594
1185 1766
1187 1522
1187 1800
1188 1317
1189 1202
1190 1350
1194 1199
1194 1583
1194 1972
1195 1378
1195 1811
1196 1642
1196 1773
1196 1888
1197 1375
1197 1763
1199 1299
1199 1407
1199 1616
1199 1853
1201 1807
1202 1813
1203 1358
1204 1561
1205 1298
1206 1262
1206 1419
1207 1278
1209 1646
1210 1822
1211 1721
1211 1810
1212 1802
1212 1834
1213 1912
1214 1660
1217 1343
1218 1262
1218 1480
1218 1946
1219 1223
1219 1311
1219 1758
1219 1954
1222 1278
1222 1442
1223 1799
1223 1949
1224 1322
1224 1605
1224 1881
1225 1750
1225 1884
1226 1685
1226 1743
1226 1993
1227 1568
1227 1940
1228 1551
1228 1993
1229 1354
1229 1370
1229 1661
1230 1593
1230 1866
1231 1624
1231 1671
1231 1802
1232 1291
1233 1973
1234 1961
1235 1320
1235 1842
1236 1330
1237 1636
1238 1702
1240 1919
1242 1804
1243 1493
1244 1960
1246 1349
1246 1593
1248 1529
1249 1896
1251 1271
1253 1314
1254 1274
1255 1855
1258 1344
1258 1373
1258 1534
1259 1965
1260 1324
1260 1391
1261 1691
1262 1392
1262 1596
1262 1777
1263 1803
1264 1943
1267 1303
1268 1489
1269 1282
1270 1370
1270 1536
1270 1575
1270 1718
1272 1925
1275 1346
1275 1446
1275 1668
1275 1738
1275 1984
1276 1334
1278 1284
1279 1455
1279 1648
1280 1384
1280 1653
1281 1760
1281 1857
1282 1573
1282 1946
1284 1448
1286 1381
1286 1719
1288 1875
1289 1548
1290 1855
1292 1613
1294 1317
1294 1959
1294 1995
1296 1341
1296 1774
1298 1987
1299 1471
1299 1477
1299 1737
1301 1735
1302 1507
1304 1482
1304 1733
1305 1566
1306 1415
1308 1730
1309 1340
1310 1990
1312 1424
1312 1834
1312 1846
1314 1452
1316 1369
1318 1405
1318 1748
1318 1949
1323 1462
1326 1726
1327 1884
1328 1875
1329 1609
1329 1648
1329 1853
1329 1885
1330 1371
1330 1383
1332 1491
1332 1761
1334 1669
1335 1864
1337 1884
1338 1565
1340 1381
1340 1626
1341 1610
1342 1755
1343 1863
1344 1536
1344 1869
1345 1993
1346 1541
1349 1356
1349 1525
1349 1554
1350 1721
1353 1387
1353 1510
1353 1987
1354 1646
1354 1663
1354 1849
1355 1699
1357 1452
1357 1870
1357 1949
1358 1359
1358 1966
1358 1993
1358 1995
1359 1521
1361 1935
1365 1694
1365 1715
1368 1636
1368 1740
1370 1637
1371 1606
1371 1929
1373 1790
1374 1804
1376 1953
1378 1552
1379 1688
1379 1825
1380 1900
1382 1387
1382 1826
1384 1636
1386 1499
1386 1668
1388 1907
1390 1572
1392 1444
1393 1767
1394 1842
1395 1911
1396 1431
1396 1905
1397 1492
1397 1640
1397 1970
1399 1616
1399 1914
1400 1548
1401 1560
1402 1748
1403 1629
1403 1939
1403 1942
1404 1616
1405 1797
1406 1623
1407 1659
1408 1654
1409 1759
1410 1871
1411 1799
1411 1974
1413 1985
1415 1468
1416 1658
1416 1907
1420 1965
1422 1995
1423 1590
1423 1721
1424 1819
1425 1908
1427 1695
1428 1727
1430 1761
1431 1989
1432 1853
1432 1969
1433 1625
1436 1737
1436 1972
1437 1451
1437 1812
1438 1638
1439 1929
1443 1511
1443 1675
1445 1826
1445 1918
1447 1452
1447 1728
1447 1731
1451 1793
1452 1654
1455 1791
1456 1714
1456 1845
1458 1598
1458 1806
1459 1762
1459 1804
1461 1551
1467 1711
1467 1826
1469 1916
1471 1540
1471 1736
1472 1532
1474 1734
1477 1866
1479 1521
1483 1785
1483 1987
1487 1656
1488 1657
1488 1768
1492 1563
1493 1533
1493 1827
1493 1832
1494 1689
1494 1901
1495 1519
1496 1941
1497 1503
1501 1869
1502 1507
1502 1873
1505 1584
1506 1717
1510 1530
1510 1963
1511 1618
1511 1679
1512 1785
1515 1693
1516 1757
1516 1828
1520 1778
1521 1549
1521 1885
1522 1935
1524 1914
1526 1711
1527 1616
1529 1555
1532 1685
1533 1576
1539 1969
1541 1624
1542 1714
1544 1594
1547 1905
1549 1635
1551 1998
1557 1791
1557 1850
1558 1646
1559 1718
1559 1730
1559 1786
1559 1834
1562 1680
1562 1712
1562 1930
1563 1625
1564 1971
1565 1721
1565 1773
1572 1645
1572 1740
1574 1642
1574 1667
1575 1713
1576 1822
1577 1884
1577 1893
1579 1797
1580 1945
1581 1898
1582 1667
1584 1856
1584 1938
1588 1938
1588 1962
1592 1851
1593 1799
1595 1961
1596 1610
1598 1729
1599 1615
1600 1733
1601 1853
1602 1629
1602 1658
1602 1667
1602 1668
1603 1994
1604 1931
1606 1859
1607 1613
1607 1763
1609 1905
1611 1903
1611 1920
1614 1846
1616 1690
1618 1950
1621 1987
1622 1761
1628 1712
1628 1750
1630 1715
1630 1755
1631 1964
1635 1765
1635 1789
1637 1924
1640 1708
1640 1840
1640 1862
1640 1896
1642 1659
1645 1866
1647 1828
1649 1868
1651 1896
1656 1704
1658 1677
1661 1845
1661 1986
1662 1666
1664 1758
1667 1677
1673 1675
1674 1766
1683 1731
1686 1952
1688 1997
1694 1820
1695 1930
1702 1894
1704 1764
1708 1921
1715 1833
1716 1728
1716 1819
1717 1775
1718 1977
1719 1774
1719 1827
1720 1739
1722 1954
1723 1749
1723 1807
1726 1987
1730 1891
1732 1801
1733 1922
1739 1903
1740 1857
1741 1782
1741 1937
1744 1960
1755 1779
1755 1861
1756 1762
1757 1859
1757 1904
1761 1946
1765 1779
1766 1873
1766 1950
1766 1989
1771 1778
1773 1960
1774 1999
1775 1985
1776 1797
1777 1897
1778 1848
1778 1953
1788 1900
1791 1797
1792 1804
1797 1877
1799 1848
1800 1971
1800 1973
1801 1953
1802 1970
1803 1928
1809 1949
1810 1972
1811 1985
1812 1982
1827 1839
1832 1976
1835 1992
1839 1869
1851 1948
1857 1994
1858 1957
1866 1928
1869 1964
1872 1980
1884 1979
1888 1966
1898 1959
1898 1975
1902 1910
1910 1968
1911 1983
1923 1959
1925 1973
1938 1997
1987 1990
