2000 2984
28
96
3
22
19
65
95
73
17
11
82
14
30
75
52
99
81
13
38
79
90
92
70
10
21
92
31
16
69
88
85
29
34
36
64
31
51
93
20
39
93
72
74
75
20
21
40
10
33
77
54
86
18
81
45
67
68
42
67
46
39
21
87
7
84
26
83
48
16
31
85
17
5
18
35
56
49
35
27
99
68
38
24
9
36
9
69
56
77
91
62
95
34
22
61
45
62
100
68
6
16
6
67
93
20
8
35
19
13
28
65
14
93
19
84
46
7
42
57
65
47
43
96
81
1
87
83
53
20
9
72
29
92
93
29
22
44
100
23
5
16
2
36
47
25
4
79
3
31
16
23
51
81
28
36
28
14
16
69
67
93
26
70
53
7
74
82
6
46
54
55
2
63
16
59
6
20
26
60
26
100
54
31
11
25
72
8
9
77
49
44
41
56
21
54
33
88
87
87
99
74
18
60
90
13
97
63
30
18
77
34
11
34
1
15
73
22
76
41
95
71
5
21
6
55
90
92
51
16
93
22
44
24
52
72
40
31
42
26
52
77
67
23
78
41
53
99
1
38
42
27
32
18
55
26
47
24
63
53
48
1
37
53
88
50
81
28
55
11
40
76
11
44
27
80
5
24
20
25
31
98
39
95
68
74
53
63
66
87
66
96
2
58
68
30
8
91
60
22
75
54
62
80
10
47
69
37
89
47
27
25
10
63
37
75
85
70
42
96
60
87
81
12
33
51
32
61
6
47
63
39
95
36
17
5
97
99
7
73
83
83
11
20
92
97
49
50
80
3
8
13
12
74
69
44
61
63
24
30
81
9
16
47
57
64
96
80
49
48
49
62
4
91
7
81
64
91
49
75
94
90
63
46
9
6
18
9
68
68
49
24
53
55
6
77
90
56
16
50
61
30
63
21
52
69
18
51
89
76
8
68
8
69
24
93
8
92
97
92
5
27
85
45
53
88
63
14
2
31
79
32
26
50
73
43
52
65
41
50
1
33
65
6
95
87
47
35
73
42
88
15
54
64
99
40
31
64
56
9
19
97
62
19
10
67
99
48
6
2
58
1
96
96
7
22
82
81
11
89
100
9
83
78
25
49
49
30
97
14
89
50
96
18
13
88
50
85
81
49
23
98
82
71
6
27
92
15
76
52
59
80
6
83
43
6
32
29
73
7
41
79
40
29
50
63
25
79
53
57
34
15
23
25
44
62
92
59
3
78
27
62
72
39
29
95
15
51
75
29
3
16
28
81
47
39
27
73
97
39
34
52
57
3
99
63
90
69
34
86
66
100
33
60
42
24
90
40
94
16
12
25
7
35
34
65
72
37
89
32
61
76
88
71
38
62
52
65
87
22
70
88
25
31
67
38
85
90
78
43
11
94
91
78
48
21
3
40
47
32
69
25
86
24
63
54
72
71
38
9
11
27
88
94
86
32
41
93
3
73
12
91
8
83
72
71
35
47
5
10
17
47
8
22
24
32
65
20
15
16
59
81
69
13
57
42
87
41
18
34
65
20
56
45
36
50
93
93
41
78
11
28
82
79
74
16
6
71
40
81
15
21
5
73
19
74
42
91
38
81
70
75
91
4
96
96
87
75
42
56
93
73
46
61
23
66
44
36
56
38
64
45
81
16
93
17
22
43
34
26
26
55
54
51
86
95
51
77
74
4
66
24
82
90
76
70
21
26
56
58
95
98
38
92
59
50
50
36
11
13
95
43
46
69
79
100
72
74
35
1
44
43
23
64
65
3
11
7
62
58
28
94
47
74
40
7
57
80
85
46
36
54
62
15
82
52
40
98
51
21
97
28
75
59
8
49
91
96
73
32
43
67
62
26
5
20
64
6
47
11
4
64
35
78
63
88
28
67
24
55
82
37
37
69
68
23
72
59
14
7
71
73
63
100
84
73
48
5
47
21
31
56
18
20
38
3
78
60
73
61
5
96
33
90
60
73
81
55
91
59
14
53
21
15
38
22
65
44
98
53
11
71
56
24
91
43
8
92
30
27
89
57
63
92
97
70
29
82
64
39
91
84
50
43
92
81
56
68
39
97
97
96
7
85
92
54
47
39
77
60
5
80
66
93
28
52
80
92
53
32
32
100
17
79
69
96
67
79
21
75
69
81
78
77
75
84
25
40
68
20
20
51
11
86
43
27
51
73
58
76
36
72
33
90
46
82
47
68
92
17
64
68
30
81
31
53
58
43
1
24
12
23
99
82
95
32
13
47
74
46
98
72
73
92
88
19
70
42
31
39
33
35
56
24
16
63
7
80
12
96
75
81
12
5
62
25
16
47
68
28
37
56
3
90
98
73
85
27
61
30
64
69
86
12
33
18
63
64
98
60
2
57
41
15
27
59
24
52
10
39
83
95
85
71
28
13
16
95
33
37
30
55
54
59
96
93
99
43
31
79
85
71
48
67
34
95
54
42
63
99
96
16
95
73
76
86
98
77
85
94
34
72
42
58
15
17
4
63
24
30
80
49
38
61
45
53
17
17
53
76
15
94
64
74
64
34
53
39
22
52
37
59
28
70
76
48
59
4
50
60
41
86
93
23
18
41
4
15
28
62
40
16
70
35
84
21
13
46
83
92
39
15
89
49
85
8
82
39
83
75
38
88
79
22
32
29
64
72
90
23
55
8
74
66
99
1
63
43
100
3
42
73
54
17
17
30
37
42
16
55
68
99
98
99
52
72
66
40
64
6
15
7
28
7
56
97
66
34
63
45
20
22
50
63
32
1
26
54
48
76
63
93
87
41
60
4
50
42
73
65
82
70
3
37
38
25
22
75
38
51
92
46
42
47
76
75
75
75
25
86
31
14
68
6
25
30
72
39
29
42
70
35
34
57
44
41
49
87
92
54
37
49
99
98
54
11
31
15
66
81
63
45
65
50
57
7
4
15
23
23
22
74
59
6
90
8
35
95
39
60
14
82
52
58
26
21
85
15
11
38
38
25
58
70
75
70
38
19
72
18
81
15
6
99
100
74
27
84
57
62
72
79
100
73
62
55
41
5
47
75
77
54
71
92
73
31
66
66
98
39
43
75
93
88
39
2
15
8
73
72
20
50
61
21
90
18
39
79
28
84
10
53
15
24
49
45
31
71
85
14
85
65
19
11
30
3
42
44
71
12
8
98
4
19
6
91
11
48
11
82
66
15
34
88
82
91
31
83
78
16
79
6
89
33
23
32
19
61
15
31
92
18
85
61
94
35
80
22
16
64
66
94
98
29
67
45
16
33
81
2
40
74
15
100
4
2
82
12
42
56
62
5
53
38
89
50
23
3
48
20
46
3
34
44
1
72
55
47
8
24
37
21
32
38
1
71
56
100
16
34
82
78
82
23
72
11
7
58
93
64
88
49
16
58
75
13
69
91
49
18
7
4
89
29
43
39
55
52
82
22
45
54
96
51
17
77
26
85
14
30
43
81
49
82
98
62
12
21
53
84
78
44
90
4
65
67
17
67
66
66
88
34
66
51
57
7
90
51
49
37
91
2
13
56
43
3
100
84
19
70
58
75
69
35
8
51
84
29
64
36
1
26
99
88
90
15
85
19
56
92
80
76
16
77
82
35
66
11
66
52
17
8
49
98
43
59
55
77
46
29
60
79
29
74
50
36
66
10
44
47
33
24
50
53
98
43
19
96
37
36
39
69
71
93
42
87
2
88
12
24
45
89
77
51
93
84
34
100
74
57
31
29
59
59
93
89
56
28
96
10
47
17
45
96
26
86
100
48
55
1
90
83
81
45
94
96
62
48
14
39
60
28
93
42
56
67
67
16
74
22
16
78
43
73
75
76
15
42
74
48
67
67
63
4
66
38
44
44
99
97
58
19
11
100
85
38
70
16
10
36
42
52
80
73
14
94
1
28
67
3
29
7
80
43
10
85
67
22
57
59
12
82
81
75
72
98
30
21
87
34
72
89
4
6
96
31
41
7
79
70
18
69
12
59
51
78
80
46
68
83
62
77
71
96
80
62
39
94
3
79
69
47
67
44
9
27
78
6
63
22
61
81
73
38
3
71
85
51
92
53
87
35
87
44
91
47
10
26
87
50
46
72
72
65
43
62
54
34
9
98
13
85
54
87
27
15
56
56
15
29
33
97
90
20
100
64
74
13
67
63
18
30
30
28
69
98
67
14
79
57
15
19
66
33
16
92
62
46
31
92
64
26
54
100
54
10
13
42
42
83
1
75
83
80
59
81
97
71
13
22
43
14
83
69
88
52
40
72
18
23
12
21
2
10
10
61
23
6
33
70
68
17
52
33
100
17
87
72
39
41
1
55
81
87
36
5
82
60
91
45
40
62
91
92
10
64
69
84
54
76
4
42
96
65
13
94
20
85
60
87
15
47
43
88
16
70
16
91
94
88
68
63
37
13
73
92
68
64
88
4
64
89
19
20
49
12
73
97
94
100
22
61
8
22
68
26
89
81
42
27
15
12
84
4
93
30
37
88
74
78
61
85
57
90
81
88
92
61
50
6
11
73
97
20
79
64
71
27
51
13
33
0 131
1 10
1 701
1 1000
2 1902
3 131
3 1356
3 1848
4 69
4 436
4 1149
4 1339
4 1731
4 1911
5 359
5 453
5 1574
5 1838
6 1320
7 71
7 1402
7 1565
8 69
8 517
8 896
8 1394
8 1444
8 1499
8 1602
8 1878
8 1985
9 670
9 1782
10 106
10 1940
11 383
11 1014
11 1885
11 1923
12 570
13 543
13 959
13 1729
14 69
14 482
15 374
15 882
15 1229
15 1311
15 1825
15 1937
16 23
16 430
16 438
17 737
18 430
18 639
18 1818
18 1949
19 734
19 1360
19 1919
20 324
21 512
21 623
22 382
22 517
22 826
22 893
22 1670
23 344
23 350
23 944
23 1306
23 1958
24 532
24 740
24 821
24 965
24 1540
24 1638
26 263
26 912
27 374
27 674
27 1529
27 1874
28 630
28 732
28 1118
28 1244
29 449
30 208
30 559
30 1974
31 270
31 1688
32 227
32 971
32 1033
32 1569
32 1604
33 336
33 533
33 827
33 895
33 951
33 1139
33 1378
33 1520
34 729
34 991
34 1712
35 195
35 512
35 1768
36 1566
36 1657
37 429
37 962
37 1021
37 1096
37 1190
37 1642
37 1747
38 1066
38 1454
39 796
39 986
40 467
40 646
40 768
40 804
40 1077
40 1290
40 1839
40 1985
41 377
41 414
41 455
41 1309
41 1529
42 117
42 146
42 1040
42 1886
43 414
43 890
44 773
44 1034
44 1456
45 1215
46 70
46 91
47 630
48 450
48 1915
48 1995
49 151
49 469
49 569
49 1053
50 743
50 895
50 1216
50 1846
51 485
51 1683
52 149
52 432
52 1260
52 1372
52 1518
53 778
53 1244
53 1543
54 62
54 1126
54 1256
54 1582
54 1677
54 1688
55 829
55 950
56 72
56 196
56 608
56 1602
57 644
57 1018
57 1422
58 725
58 1174
58 1678
59 396
59 858
59 1190
59 1218
59 1354
59 1854
60 515
60 1313
60 1760
61 827
61 993
61 1700
63 1845
64 93
64 877
64 1744
65 657
65 1559
66 250
66 308
66 872
66 1620
67 917
67 1206
67 1329
68 954
69 391
69 444
70 121
70 1490
71 75
71 507
71 698
71 824
71 1054
72 518
72 940
72 1247
73 1492
74 199
74 532
74 570
74 966
74 1273
75 223
75 576
75 619
76 488
76 1516
76 1560
76 1766
77 1052
78 445
78 1058
78 1177
78 1198
78 1259
78 1337
78 1695
78 1949
79 1167
80 677
80 1188
80 1397
80 1613
82 1220
83 586
83 1712
83 1773
83 1903
84 824
84 1059
84 1519
84 1975
85 283
85 368
85 774
85 1415
85 1447
85 1562
85 1999
86 805
86 841
86 1651
87 101
87 648
87 1215
87 1361
87 1970
88 370
88 563
88 644
88 681
88 1056
88 1530
89 326
90 112
90 184
91 1690
91 1745
92 1537
93 675
93 759
93 1655
94 377
94 963
95 819
96 880
96 1926
97 432
99 1016
99 1251
99 1615
99 1702
100 284
100 633
100 1053
100 1804
101 1876
102 236
102 1142
102 1922
103 127
103 953
103 1827
104 659
104 884
104 938
104 1246
105 691
105 1264
107 1046
108 318
108 1263
108 1609
109 1637
110 1107
110 1965
111 175
112 1233
112 1965
113 566
113 1829
113 1926
114 831
115 165
115 1087
117 1275
117 1276
117 1646
118 1350
118 1352
118 1907
118 1926
119 514
120 1267
120 1438
121 383
121 1222
122 1199
124 447
124 487
124 612
124 1398
125 139
125 450
125 1890
126 1485
126 1971
127 245
127 1463
127 1519
127 1552
128 532
128 614
128 1059
128 1235
129 218
129 815
129 1053
129 1162
129 1865
130 1053
130 1521
130 1825
131 239
131 560
132 1433
132 1500
132 1909
132 1962
133 1021
133 1851
134 1317
135 197
135 1256
135 1348
135 1421
135 1968
135 1970
136 1497
136 1547
136 1946
137 215
137 407
137 879
137 884
138 970
138 1431
138 1490
138 1862
141 721
141 779
141 905
141 1551
142 1636
143 996
143 1767
144 396
144 929
144 1587
145 385
145 468
145 1163
146 633
147 1016
147 1971
148 231
148 770
148 1272
148 1737
148 1985
149 154
149 1634
150 742
150 929
150 1656
150 1661
151 1432
151 1521
152 1214
152 1221
152 1668
152 1677
152 1936
153 1599
153 1830
154 864
155 874
156 733
156 1211
157 225
157 297
157 1648
157 1705
158 1525
159 500
159 1123
159 1549
160 857
160 956
160 1324
161 535
161 638
161 999
161 1808
161 1823
161 1907
162 537
163 775
163 1074
163 1265
163 1938
164 204
164 251
164 404
164 422
164 1530
164 1737
165 167
165 658
165 1549
165 1870
166 280
166 503
166 1122
166 1615
166 1997
167 987
167 1052
168 250
168 272
168 941
168 1680
169 1950
169 1970
170 1796
171 442
171 1225
171 1796
172 254
172 648
172 940
172 1050
173 979
173 1330
174 417
174 1599
174 1720
175 235
175 294
175 326
175 418
175 723
175 1072
175 1495
176 1774
177 198
177 372
177 742
177 823
177 1082
177 1356
177 1383
177 1908
178 644
178 971
178 1580
178 1882
179 255
179 504
179 786
179 1645
180 795
180 1924
181 327
181 341
181 1819
182 540
182 1262
183 979
183 1060
183 1149
184 824
184 851
185 1370
185 1726
186 999
186 1011
186 1440
186 1447
186 1822
186 1990
187 299
187 1948
189 1069
189 1305
189 1851
190 874
190 1230
191 513
191 1193
191 1203
192 358
192 459
192 582
192 1620
192 1887
193 706
193 1001
193 1361
193 1577
194 657
195 321
195 544
195 1131
195 1602
196 292
196 1160
197 1064
197 1103
198 1733
199 1009
199 1600
200 1312
200 1686
201 1088
201 1791
202 1839
202 1896
203 278
203 424
203 496
203 1153
203 1170
203 1234
203 1495
204 536
204 922
204 1559
205 1197
205 1241
206 1242
206 1289
207 231
207 679
208 571
208 663
208 766
208 960
209 403
209 434
209 878
209 1253
209 1381
209 1753
210 1043
210 1047
210 1402
210 1983
211 235
211 887
211 1291
212 1034
212 1605
212 1659
212 1665
213 733
213 1572
215 1949
216 469
216 1211
216 1342
217 450
217 1899
218 700
218 1794
219 572
219 1200
220 1078
220 1322
220 1506
221 400
221 466
221 1243
221 1355
221 1625
221 1816
222 487
222 1234
222 1444
222 1809
222 1959
223 1081
223 1411
224 331
225 422
225 459
225 1030
225 1103
225 1413
227 232
227 420
227 910
227 1147
227 1599
227 1885
228 949
228 1287
229 1817
229 1918
229 1972
230 233
230 387
230 1040
230 1518
230 1695
231 565
231 695
231 1767
232 1144
233 283
233 1970
234 778
234 946
234 1088
235 787
235 1047
236 428
236 544
236 620
236 795
236 1130
236 1610
237 1353
237 1732
238 643
238 1199
239 1120
240 1351
241 324
241 1309
241 1519
242 673
242 695
242 1070
243 270
244 401
244 784
244 1346
244 1506
244 1607
244 1840
244 1856
245 1235
245 1591
245 1728
247 273
247 790
247 1292
247 1428
247 1790
247 1829
247 1890
248 524
248 1110
248 1240
248 1251
248 1637
249 1141
249 1308
249 1547
250 477
250 672
250 1968
251 598
251 1044
251 1841
253 571
254 492
254 866
254 1284
254 1370
254 1522
254 1536
254 1704
254 1797
255 347
255 1059
256 672
257 283
257 698
257 917
257 1309
257 1536
257 1721
258 779
258 1415
259 1121
259 1573
259 1657
260 688
260 1162
261 407
261 1686
262 265
262 672
262 754
262 763
262 959
263 264
263 852
263 1173
263 1531
263 1700
263 1859
264 359
264 544
264 764
264 1500
264 1926
265 810
265 1033
266 1203
266 1427
267 607
267 1046
267 1232
267 1258
268 277
268 774
269 332
269 645
269 1173
269 1218
269 1840
270 375
270 838
271 377
271 897
271 976
273 799
273 1165
273 1408
273 1677
274 1462
274 1900
275 1421
276 883
277 280
277 327
277 1257
278 697
278 722
278 744
278 1940
279 360
279 1219
279 1376
279 1975
280 614
280 1076
281 1932
282 454
282 1438
283 427
283 512
283 643
284 1742
285 576
285 1848
286 431
286 660
286 901
286 1328
287 1993
288 579
288 686
288 1122
288 1866
289 1255
291 293
291 891
291 1770
292 805
293 677
293 759
293 926
293 1976
294 584
294 824
295 1684
296 308
296 543
296 642
296 1237
296 1278
296 1440
297 361
297 604
297 985
297 1113
297 1406
297 1912
298 960
299 353
299 480
299 1385
300 1606
300 1737
300 1943
301 1175
301 1765
301 1771
302 554
302 675
303 844
303 1011
303 1013
303 1342
304 476
304 613
304 1664
304 1832
305 517
305 1176
305 1394
305 1877
306 944
307 401
307 1472
308 706
308 945
308 1037
309 405
309 457
309 1179
309 1401
309 1845
310 547
310 571
310 843
311 1720
313 887
313 1623
313 1719
314 1420
314 1452
315 428
318 955
318 987
318 1431
318 1641
318 1724
319 486
319 1301
319 1688
319 1713
319 1753
320 1133
320 1175
320 1574
320 1671
320 1672
320 1929
321 351
321 395
321 779
322 758
322 888
322 1066
322 1552
323 740
323 1652
324 339
324 1252
324 1841
324 1946
325 550
325 1183
325 1274
325 1583
326 368
326 1516
326 1976
327 546
327 592
328 921
328 1655
328 1908
329 684
329 686
329 901
330 1800
330 1895
331 1435
331 1695
332 1077
332 1841
333 1691
334 1892
335 495
335 1589
335 1618
336 1130
336 1645
336 1659
337 394
337 514
337 1882
338 1367
339 854
339 1714
340 608
340 851
341 1409
342 831
342 833
342 1458
343 349
343 472
343 1148
343 1214
344 709
344 1283
345 480
346 584
346 1147
346 1334
348 1376
349 947
349 1685
350 1177
350 1430
350 1436
351 711
351 806
351 1077
351 1771
351 1963
352 413
352 721
352 1423
353 592
353 658
353 934
353 1896
354 1547
356 1190
356 1300
356 1700
356 1918
357 858
357 1714
358 485
358 1873
359 1335
359 1904
360 939
360 1266
360 1357
360 1551
360 1724
361 487
361 743
361 1075
362 547
362 1014
363 1222
363 1541
364 1193
364 1620
365 1618
365 1643
366 1436
366 1451
367 1526
369 1042
370 649
370 1315
370 1355
370 1394
373 679
373 848
373 1042
373 1056
373 1828
375 662
375 679
375 1250
375 1484
376 824
376 1635
376 1781
377 662
378 632
378 1059
378 1759
379 732
379 1565
379 1814
380 1239
380 1535
381 811
381 1654
383 445
383 448
383 1689
384 387
384 795
384 1455
384 1484
385 872
385 1439
385 1766
385 1980
386 469
386 656
386 1883
387 445
387 595
387 1140
387 1432
387 1953
388 1686
389 1783
390 1687
391 918
391 1319
392 1086
393 857
393 1375
394 1695
395 1345
395 1380
396 548
396 723
397 681
397 1397
397 1417
398 888
398 1277
398 1591
399 879
399 1393
400 1030
400 1123
401 1196
402 496
402 694
402 1258
402 1567
402 1753
402 1776
403 837
403 843
403 1186
404 423
404 598
404 1472
404 1659
404 1762
405 759
405 1574
405 1987
407 1235
407 1483
408 894
408 949
408 1310
408 1791
409 1392
409 1495
410 821
410 1241
410 1656
411 778
411 1362
412 966
412 1044
413 1896
414 741
414 1456
414 1630
415 602
415 819
416 798
416 1066
416 1230
416 1977
417 600
417 1720
418 582
419 620
420 1752
421 602
421 1989
422 1283
422 1428
422 1901
423 1286
424 700
424 1282
425 585
425 756
425 815
425 1519
426 489
426 805
426 971
426 1459
427 1220
428 790
429 1613
430 651
430 707
430 1262
432 686
432 1755
433 1271
433 1731
433 1819
434 891
434 1557
435 541
435 1652
438 573
438 1373
439 1845
439 1946
440 1862
441 472
441 856
441 1167
441 1681
442 879
442 1284
442 1616
442 1852
443 464
443 1360
444 1801
445 1031
445 1123
445 1444
445 1511
445 1568
445 1758
447 463
447 957
448 1168
448 1251
448 1916
449 1043
449 1345
449 1575
450 585
450 622
450 1370
450 1501
451 873
451 1777
451 1941
452 598
452 676
453 540
454 843
455 596
455 921
455 1312
455 1668
456 1414
456 1990
457 732
458 856
458 1002
458 1310
459 687
459 869
459 995
459 1070
459 1850
461 708
461 1162
461 1603
463 600
463 917
464 1560
464 1691
465 580
465 1366
466 559
466 646
466 1063
466 1831
467 1125
469 506
469 530
469 644
470 688
470 1543
470 1712
471 807
471 1312
472 601
473 906
473 1835
474 1207
474 1346
474 1458
475 1616
476 611
477 758
477 891
478 1232
478 1629
478 1774
479 735
479 1805
479 1924
480 983
480 1989
481 578
481 583
481 1152
481 1226
481 1293
481 1859
482 1187
482 1188
482 1808
482 1982
483 683
483 870
483 1625
485 750
485 1163
485 1634
487 1192
487 1271
487 1495
488 940
488 1071
488 1427
488 1713
489 1271
489 1621
489 1984
490 671
491 1850
492 497
492 601
492 1977
493 595
493 1075
493 1760
494 872
495 878
495 1073
495 1726
496 771
496 879
496 1412
497 583
497 700
498 1938
499 1107
499 1300
499 1510
499 1924
500 712
500 897
500 1625
501 615
501 1439
501 1650
501 1706
503 721
503 1405
504 684
504 1638
505 727
505 1545
506 570
506 711
506 1656
508 1411
508 1529
509 1016
509 1477
510 1001
510 1604
510 1788
512 974
512 1084
512 1230
512 1326
512 1455
513 736
513 774
513 1672
514 1173
514 1388
514 1512
516 1439
517 1007
517 1054
517 1072
517 1772
517 1954
518 588
518 901
518 1392
518 1508
518 1655
518 1679
518 1788
519 1052
520 809
520 849
520 919
521 540
521 1432
521 1790
521 1827
522 683
522 1321
523 592
523 1157
523 1351
523 1857
523 1866
524 533
524 1621
524 1917
526 1456
527 812
527 1598
527 1676
527 1684
527 1755
528 1983
529 530
529 624
529 939
529 1170
529 1172
529 1903
530 1777
531 563
531 650
533 1172
533 1699
534 917
534 1920
535 738
535 939
536 1943
537 1835
538 624
538 900
538 1676
540 860
540 1176
542 612
542 621
542 734
542 968
542 1910
543 1210
543 1974
544 1155
544 1223
544 1686
545 1007
545 1995
546 1324
547 602
547 694
547 798
547 805
547 879
548 782
550 1301
550 1948
551 1095
552 1103
553 856
554 1010
555 1636
556 1056
556 1477
556 1586
557 1891
558 707
558 1998
559 1117
559 1158
561 750
561 845
561 936
561 1654
562 1647
563 872
563 1971
566 864
566 1665
567 777
567 1550
567 1865
570 1096
571 1008
571 1153
571 1206
571 1719
571 1969
571 1998
572 650
572 724
573 1018
573 1257
574 1355
574 1589
576 746
576 1199
576 1748
576 1782
577 1045
577 1748
578 1191
578 1193
578 1256
578 1259
579 1153
579 1285
579 1787
580 595
580 1769
581 760
581 916
582 1961
583 584
583 586
583 1488
583 1533
583 1552
583 1748
584 1426
584 1824
585 1037
585 1181
585 1187
585 1895
587 1157
588 923
588 930
588 972
588 1139
588 1439
588 1556
589 712
589 946
589 948
589 1039
590 1030
590 1959
591 1327
591 1358
592 1099
592 1324
593 622
594 1004
594 1239
595 650
595 1394
596 833
596 1855
596 1899
597 1019
598 957
598 1319
598 1380
598 1501
598 1582
599 638
599 1523
599 1525
600 633
601 710
601 1430
603 880
603 974
603 1708
603 1904
604 919
604 1979
605 1056
605 1433
606 925
606 1027
606 1875
608 702
608 1627
609 725
609 786
609 1077
609 1097
609 1634
609 1829
610 1198
610 1246
610 1340
611 856
611 958
611 1418
611 1893
612 1294
613 1307
613 1531
614 1860
615 1268
615 1474
615 1557
615 1673
616 899
616 1526
618 1691
619 666
619 1171
619 1256
619 1914
622 1097
623 877
623 901
623 1001
623 1335
623 1653
624 1455
624 1821
625 1129
625 1579
626 867
626 877
627 1422
628 1593
629 1172
630 1203
630 1997
631 1091
631 1404
632 1133
633 1542
633 1814
634 1842
634 1932
635 1134
635 1281
636 1276
637 917
637 1162
637 1687
638 824
639 1150
639 1678
641 673
641 1458
641 1657
641 1957
642 677
642 1585
642 1972
644 1862
645 965
646 1318
646 1516
646 1557
646 1608
646 1808
647 1371
647 1841
648 953
648 1006
648 1716
648 1984
649 809
649 905
649 1203
650 1952
651 1435
652 883
652 1095
654 1390
654 1394
654 1859
655 1134
656 1080
657 1752
658 871
658 1331
661 1436
661 1696
661 1779
662 959
662 1556
663 1921
664 882
664 966
664 1460
665 788
665 1270
665 1498
665 1937
666 731
666 1235
667 1835
668 1659
668 1760
669 1205
670 693
670 756
670 793
670 1038
670 1432
670 1878
670 1942
671 1567
671 1731
672 760
672 903
672 1996
673 889
673 1390
673 1624
674 1698
674 1767
674 1958
675 896
675 1431
675 1941
677 680
679 1070
679 1408
680 1040
680 1986
682 1133
684 1642
684 1792
685 840
685 1727
686 1832
688 1256
689 929
689 1749
690 1336
690 1552
690 1562
691 1201
691 1629
692 1129
692 1311
693 981
694 939
694 1039
694 1559
695 1520
696 708
696 1631
697 1093
697 1640
698 965
698 1259
698 1275
698 1451
698 1919
699 897
699 1123
699 1449
699 1551
700 1201
700 1556
701 798
701 1564
702 1169
702 1415
703 1032
703 1426
703 1595
705 911
705 1111
705 1586
706 1561
706 1664
708 791
710 1041
711 839
713 1005
713 1372
713 1983
714 794
714 994
715 904
715 1451
716 721
716 1110
716 1941
717 1489
717 1856
718 1122
718 1306
718 1860
719 1277
720 1334
720 1788
721 1558
722 1740
723 1271
723 1523
723 1559
723 1644
724 1416
725 1905
726 1022
727 1300
728 1134
728 1429
730 926
731 769
731 899
732 967
733 956
733 1943
734 1000
734 1378
735 879
735 1339
736 850
737 1134
737 1577
737 1644
737 1650
737 1725
738 951
739 912
739 1179
739 1191
740 1471
741 1049
741 1715
741 1738
742 1484
743 817
743 1145
744 764
744 1166
744 1619
745 799
745 826
745 1481
745 1665
746 1087
746 1404
747 1655
747 1669
748 1191
748 1399
748 1873
749 910
749 1838
750 1008
750 1550
751 796
751 1384
751 1687
752 1442
752 1941
752 1982
753 1817
754 845
754 1159
755 1681
757 1352
757 1999
758 1535
759 1172
760 1433
761 1151
761 1429
762 949
762 1341
762 1471
763 829
764 849
765 1170
765 1552
765 1583
765 1603
765 1634
765 1843
769 1176
769 1446
769 1797
770 1863
772 1236
772 1351
772 1539
772 1740
772 1763
773 1399
773 1412
773 1874
774 844
774 1285
775 1147
775 1194
775 1959
776 986
776 1129
777 1220
777 1750
777 1977
778 905
778 928
778 959
778 1146
779 1007
779 1353
779 1963
780 966
782 1089
782 1761
782 1929
783 1363
784 1068
784 1725
785 873
785 1893
786 1680
787 1478
787 1874
788 842
788 1206
789 904
789 1368
789 1460
790 1167
791 1102
792 1150
792 1526
793 1463
793 1659
793 1779
794 1135
794 1589
794 1626
795 1586
795 1615
796 1247
796 1385
797 1086
797 1219
797 1381
798 1540
800 1048
800 1543
800 1655
800 1732
800 1973
801 865
801 1182
801 1944
802 1011
802 1382
802 1910
803 1320
805 831
806 1334
806 1379
806 1890
807 1132
807 1876
809 1247
809 1526
809 1590
810 1236
810 1969
811 1536
812 911
812 945
812 1312
814 982
814 1507
814 1812
815 871
816 984
816 1311
816 1323
816 1343
817 1137
817 1245
817 1796
817 1906
817 1949
817 1992
818 1184
818 1253
818 1946
819 963
819 1088
820 1893
821 1190
822 1161
822 1468
827 1192
827 1821
828 879
829 1623
830 1276
830 1674
831 1712
831 1844
832 945
832 1028
832 1092
832 1262
833 868
833 888
833 1059
834 1230
834 1661
835 1219
835 1403
835 1467
836 1524
837 1891
838 943
838 1737
840 1788
841 853
841 1019
841 1469
841 1919
841 1930
842 1199
842 1263
846 938
846 1431
846 1590
846 1744
847 1304
848 1300
849 1833
849 1980
850 961
851 1562
852 1431
852 1944
853 1996
855 1071
855 1684
856 1724
857 1607
858 1248
860 965
861 1474
861 1915
863 868
863 907
863 1125
863 1866
864 1927
865 1540
865 1542
865 1650
865 1807
866 1702
866 1794
867 1207
867 1582
868 1180
869 1054
869 1177
871 1120
871 1950
873 1941
874 1518
874 1597
875 1104
875 1242
875 1299
875 1582
875 1757
876 1323
877 908
878 1753
879 1340
879 1413
880 1429
880 1614
881 1482
881 1636
882 1280
883 932
883 1152
884 926
884 1413
885 1036
885 1067
885 1209
885 1799
886 1685
887 1145
887 1212
887 1474
889 1726
890 960
891 896
891 1412
891 1507
891 1584
891 1851
891 1989
892 994
892 1342
892 1797
893 1343
893 1902
893 1905
893 1919
894 902
896 1397
896 1548
896 1941
897 1285
897 1686
898 1635
899 924
900 1632
900 1687
902 1167
904 920
904 1766
904 1784
905 1197
907 1159
907 1345
907 1400
908 1157
908 1925
909 1225
909 1414
910 1572
910 1889
912 1022
912 1762
913 932
913 1200
913 1609
914 1001
914 1226
914 1668
915 1735
916 1208
916 1887
917 1050
917 1086
917 1258
917 1474
919 1140
920 1079
921 1451
923 1921
925 1645
927 965
927 1813
928 1226
931 1219
931 1450
931 1736
932 1955
933 1142
933 1299
933 1607
935 1090
936 1600
937 1110
937 1187
938 1139
938 1694
938 1727
939 1504
939 1523
939 1691
940 1189
940 1364
940 1899
941 1145
942 1293
942 1448
943 952
943 1049
944 1016
944 1269
946 1207
946 1639
946 1957
947 1168
947 1761
947 1839
948 1750
949 1099
949 1583
952 1562
953 1018
953 1082
953 1306
953 1462
953 1648
954 1830
956 1261
956 1475
956 1918
958 1397
960 1000
960 1989
961 1162
961 1248
961 1614
961 1645
961 1895
962 1384
963 1529
963 1685
964 1133
964 1844
964 1990
965 1823
966 1033
966 1059
966 1944
966 1988
966 1995
967 1186
967 1353
967 1538
968 1186
969 1267
969 1995
972 1385
972 1648
973 1482
973 1997
976 1413
976 1645
976 1984
977 1375
977 1384
979 1053
979 1433
980 1784
981 1035
982 1404
983 1645
984 1050
986 1000
986 1011
986 1563
986 1880
987 1593
988 1431
988 1725
989 1058
989 1649
989 1672
989 1799
990 1278
992 1032
992 1156
993 1100
993 1596
994 1042
995 1351
995 1492
995 1807
996 1410
997 1124
997 1775
998 1362
999 1479
999 1522
999 1654
1000 1331
1000 1334
1000 1720
1002 1167
1002 1363
1003 1179
1003 1503
1004 1275
1005 1952
1007 1530
1007 1839
1008 1947
1009 1281
1009 1775
1010 1679
1013 1532
1013 1576
1013 1814
1014 1215
1014 1744
1014 1800
1015 1144
1015 1481
1016 1758
1017 1323
1019 1221
1019 1670
1020 1212
1020 1384
1021 1197
1021 1894
1022 1851
1022 1884
1023 1039
1024 1871
1025 1031
1025 1033
1025 1077
1025 1514
1025 1851
1026 1541
1026 1816
1027 1522
1027 1823
1027 1922
1029 1504
1031 1285
1031 1604
1032 1124
1032 1415
1033 1296
1033 1946
1034 1502
1035 1598
1035 1785
1036 1798
1037 1366
1037 1729
1038 1577
1038 1578
1039 1103
1041 1653
1042 1587
1044 1102
1044 1739
1045 1309
1047 1817
1049 1281
1049 1669
1050 1560
1051 1697
1051 1933
1052 1106
1052 1606
1052 1741
1053 1065
1053 1104
1053 1754
1055 1401
1055 1796
1055 1814
1058 1422
1058 1443
1058 1979
1059 1169
1063 1138
1063 1474
1063 1911
1064 1537
1065 1122
1065 1821
1067 1328
1067 1516
1068 1561
1069 1608
1069 1938
1070 1910
1071 1311
1071 1674
1074 1251
1074 1324
1074 1353
1074 1784
1074 1904
1075 1268
1076 1480
1077 1192
1079 1663
1080 1310
1081 1160
1081 1499
1082 1709
1082 1878
1084 1105
1085 1989
1086 1328
1087 1237
1087 1829
1087 1866
1088 1158
1088 1934
1089 1595
1089 1724
1089 1740
1090 1121
1090 1653
1091 1190
1091 1414
1091 1688
1091 1775
1094 1719
1094 1734
1094 1788
1095 1246
1095 1772
1097 1689
1098 1747
1099 1534
1100 1258
1100 1474
1101 1751
1103 1107
1103 1120
1103 1785
1106 1179
1106 1469
1106 1533
1106 1560
1106 1945
1107 1202
1108 1377
1110 1174
1111 1123
1111 1511
1112 1282
1112 1433
1112 1587
1114 1200
1114 1276
1114 1592
1116 1568
1117 1424
1117 1669
1119 1997
1120 1432
1120 1556
1120 1567
1120 1596
1120 1672
1120 1904
1122 1326
1122 1810
1122 1945
1123 1682
1125 1761
1125 1782
1126 1908
1127 1323
1127 1401
1127 1918
1128 1423
1130 1209
1132 1966
1133 1506
1133 1511
1134 1233
1134 1563
1134 1821
1135 1212
1135 1358
1135 1825
1135 1916
1136 1506
1137 1270
1137 1597
1137 1655
1139 1752
1139 1816
1140 1262
1140 1647
1141 1227
1141 1237
1141 1326
1142 1542
1142 1662
1143 1390
1143 1648
1143 1654
1144 1410
1145 1323
1146 1946
1147 1283
1149 1652
1149 1759
1151 1421
1152 1360
1152 1451
1152 1894
1153 1177
1153 1469
1153 1473
1154 1194
1154 1837
1155 1305
1155 1777
1156 1297
1157 1846
1158 1926
1159 1575
1160 1487
1160 1790
1163 1911
1164 1302
1164 1498
1164 1527
1165 1395
1166 1279
1167 1179
1167 1712
1168 1327
1168 1814
1169 1596
1171 1363
1172 1621
1173 1722
1174 1179
1174 1433
1174 1466
1174 1511
1175 1234
1175 1271
1175 1377
1175 1549
1175 1691
1175 1933
1178 1671
1182 1357
1182 1463
1183 1323
1183 1560
1183 1596
1184 1268
1185 1304
1185 1816
1185 1916
1186 1853
1187 1696
1187 1807
1187 1847
1188 1685
1188 1827
1188 1905
1189 1404
1190 1721
1192 1661
1192 1742
1193 1710
1196 1591
1197 1491
1198 1759
1198 1973
1199 1635
1200 1707
1202 1310
1202 1739
1203 1345
1205 1396
1205 1524
1206 1793
1209 1986
1210 1224
1211 1312
1211 1433
1211 1520
1211 1556
1211 1983
1212 1465
1213 1587
1213 1983
1214 1221
1214 1444
1214 1991
1217 1528
1218 1726
1218 1798
1219 1887
1220 1308
1220 1881
1221 1222
1221 1376
1221 1747
1222 1601
1223 1263
1223 1685
1224 1539
1224 1861
1225 1633
1226 1558
1227 1616
1227 1696
1229 1739
1229 1869
1230 1498
1232 1738
1233 1947
1234 1700
1235 1299
1236 1664
1237 1532
1237 1562
1237 1663
1238 1281
1238 1400
1239 1960
1241 1580
1241 1940
1243 1554
1243 1655
1243 1960
1246 1460
1246 1700
1247 1698
1248 1411
1249 1421
1250 1278
1250 1561
1250 1765
1253 1816
1255 1882
1256 1668
1256 1941
1257 1890
1258 1551
1260 1917
1261 1359
1262 1325
1262 1425
1262 1535
1262 1946
1263 1592
1264 1736
1265 1426
1266 1293
1266 1728
1267 1741
1270 1535
1270 1636
1270 1757
1270 1781
1274 1540
1276 1407
1276 1457
1277 1395
1277 1537
1278 1443
1279 1737
1280 1558
1282 1416
1284 1451
1285 1806
1287 1492
1287 1656
1289 1476
1290 1382
1290 1673
1293 1380
1294 1415
1294 1604
1295 1730
1296 1960
1297 1355
1298 1374
1298 1714
1298 1900
1299 1328
1300 1394
1303 1435
1304 1446
1304 1453
1304 1816
1308 1868
1309 1506
1309 1942
1314 1899
1317 1380
1318 1822
1318 1881
1320 1574
1322 1506
1322 1774
1322 1886
1324 1784
1325 1815
1327 1546
1327 1749
1330 1871
1331 1355
1332 1657
1333 1725
1335 1918
1336 1383
1336 1625
1336 1778
1337 1636
1339 1568
1342 1942
1344 1437
1344 1608
1344 1641
1344 1735
1344 1944
1345 1831
1346 1789
1347 1666
1347 1728
1347 1850
1349 1625
1351 1386
1351 1527
1351 1813
1352 1757
1354 1742
1355 1655
1355 1703
1355 1974
1357 1812
1357 1858
1357 1995
1359 1840
1360 1896
1362 1962
1365 1601
1367 1549
1369 1505
1369 1537
1370 1498
1377 1531
1381 1830
1382 1975
1386 1631
1386 1985
1387 1459
1390 1468
1391 1893
1392 1634
1393 1843
1394 1814
1395 1412
1395 1510
1396 1497
1396 1610
1396 1675
1397 1610
1398 1545
1398 1906
1399 1573
1403 1954
1404 1611
1404 1714
1404 1742
1404 1867
1405 1702
1406 1689
1407 1632
1409 1660
1412 1525
1414 1550
1418 1760
1421 1677
1423 1509
1423 1962
1424 1780
1425 1895
1429 1574
1429 1900
1432 1454
1435 1861
1436 1634
1438 1556
1441 1495
1443 1588
1443 1660
1444 1811
1445 1737
1445 1983
1446 1759
1447 1461
1447 1516
1447 1896
1453 1653
1454 1952
1455 1607
1455 1892
1457 1697
1458 1786
1459 1827
1460 1463
1462 1550
1462 1644
1462 1831
1466 1485
1467 1705
1468 1600
1468 1874
1470 1573
1470 1832
1473 1717
1474 1632
1475 1482
1477 1704
1477 1718
1479 1817
1479 1920
1481 1868
1484 1760
1486 1504
1486 1711
1488 1616
1488 1716
1488 1748
1489 1994
1490 1501
1490 1583
1492 1937
1493 1873
1495 1638
1496 1735
1497 1853
1500 1920
1501 1695
1502 1665
1502 1735
1502 1763
1504 1936
1506 1950
1508 1715
1512 1736
1513 1718
1513 1823
1515 1577
1517 1554
1517 1782
1519 1815
1521 1602
1522 1632
1522 1924
1525 1597
1525 1621
1527 1604
1529 1833
1530 1739
1531 1871
1534 1651
1534 1780
1538 1615
1540 1637
1542 1849
1542 1914
1544 1939
1545 1653
1545 1829
1546 1939
1547 1624
1547 1954
1548 1631
1554 1939
1558 1738
1558 1816
1558 1953
1562 1711
1562 1734
1562 1762
1564 1882
1567 1812
1568 1796
1569 1619
1569 1903
1571 1641
1571 1677
1573 1584
1573 1688
1574 1615
1578 1886
1580 1640
1580 1984
1581 1681
1581 1720
1583 1716
1585 1659
1586 1988
1587 1852
1588 1846
1591 1739
1594 1831
1594 1842
1595 1639
1596 1851
1597 1769
1599 1679
1600 1998
1602 1981
1607 1670
1611 1639
1611 1925
1613 1632
1618 1987
1621 1981
1622 1711
1622 1944
1624 1633
1624 1748
1625 1716
1626 1738
1627 1933
1629 1772
1633 1737
1633 1878
1641 1868
1642 1654
1645 1781
1645 1938
1646 1674
1648 1706
1649 1852
1649 1871
1653 1961
1654 1783
1655 1685
1660 1731
1660 1846
1661 1950
1662 1773
1663 1732
1664 1758
1667 1970
1673 1763
1675 1731
1680 1758
1681 1764
1683 1764
1686 1902
1687 1702
1689 1874
1689 1944
1690 1790
1690 1803
1692 1936
1693 1786
1693 1904
1694 1898
1699 1960
1702 1963
1703 1940
1704 1904
1705 1759
1705 1966
1710 1829
1711 1797
1714 1844
1714 1888
1715 1768
1716 1808
1717 1939
1719 1816
1720 1899
1723 1871
1724 1849
1727 1925
1731 1923
1731 1926
1735 1911
1736 1827
1741 1985
1742 1994
1751 1855
1753 1973
1760 1881
1767 1802
1769 1814
1769 1839
1769 1953
1770 1958
1772 1835
1772 1840
1774 1935
1775 1955
1777 1925
1781 1943
1786 1794
1789 1858
1796 1859
1805 1976
1806 1964
1807 1936
1808 1922
1810 1947
1825 1870
1827 1829
1830 1948
1830 1982
1840 1993
1853 1913
1853 1929
1855 1973
1860 1876
1860 1977
1862 1944
1864 1952
1886 1992
1888 1895
1894 1933
1896 1916
1913 1928
1916 1970
1920 1955
1921 1941
1922 1925
1936 1955
1955 1975
1965 1973
