2000 3073
96
40
10
15
56
58
85
33
16
88
90
79
35
21
27
4
9
70
28
53
92
91
46
57
43
60
90
75
87
85
36
77
16
41
27
82
28
48
41
46
66
42
7
96
46
90
3
8
14
48
85
15
26
45
86
64
69
71
65
93
60
75
9
71
96
81
66
18
38
83
51
20
74
31
47
20
97
41
87
15
20
28
67
49
83
14
12
91
32
56
63
22
19
6
38
61
79
33
62
4
37
7
99
62
97
56
75
65
6
8
5
51
65
30
23
79
80
88
95
80
83
93
42
94
75
83
76
45
51
90
39
14
40
28
57
66
85
71
15
53
29
67
54
96
39
96
98
45
51
84
35
51
54
30
9
49
8
97
41
93
16
69
42
19
70
54
62
100
20
99
78
25
78
83
37
71
25
23
96
67
83
5
39
97
7
53
99
34
51
95
35
78
83
91
20
53
79
84
76
56
97
48
36
36
69
8
82
50
69
33
68
3
8
31
69
38
47
77
65
81
88
30
76
53
93
3
70
33
47
61
1
2
59
81
70
64
87
85
97
41
23
76
6
78
65
6
100
100
42
44
100
49
51
16
51
50
99
8
64
77
80
41
92
73
54
48
71
67
47
73
33
17
67
25
22
17
35
64
20
44
16
7
71
73
1
51
2
88
74
16
61
93
53
72
13
7
33
4
2
15
17
41
77
16
4
76
86
41
86
24
60
82
87
52
80
65
24
11
37
94
66
1
82
58
32
42
61
73
8
36
22
73
61
94
4
100
63
98
82
56
81
58
79
55
66
48
83
90
86
80
19
47
16
41
41
79
89
84
13
92
28
80
86
52
40
57
20
56
5
46
96
4
62
94
65
86
94
42
76
83
39
66
43
59
40
22
36
39
54
36
90
75
20
69
40
77
23
50
29
83
14
2
74
90
5
71
81
85
17
30
30
7
2
51
23
3
55
76
13
84
61
30
15
49
24
97
98
29
2
8
54
97
24
83
12
46
95
56
98
24
25
38
69
18
58
62
71
29
99
29
44
81
68
23
58
73
24
81
33
34
45
5
90
30
38
90
58
95
24
87
10
45
59
21
48
7
95
27
31
43
68
55
85
60
77
30
37
5
38
25
1
6
54
44
13
77
73
14
70
32
63
51
19
61
90
25
44
82
71
94
38
32
95
2
60
55
3
51
96
82
78
82
35
51
57
42
21
18
5
57
33
8
92
12
50
65
99
49
10
73
31
93
4
77
49
70
46
14
42
24
82
44
65
63
39
95
98
60
86
5
36
33
92
87
48
65
13
65
31
87
13
48
62
67
31
45
72
95
31
30
41
90
8
22
84
63
57
73
88
98
55
4
32
98
62
84
35
6
54
12
29
54
63
83
30
40
41
14
99
28
52
26
8
57
25
90
13
2
81
47
37
29
12
50
24
52
87
52
89
10
36
38
66
90
48
79
84
52
90
6
46
56
51
52
26
94
22
52
97
3
68
60
64
65
93
61
75
36
43
9
80
47
68
10
65
72
98
68
3
51
85
59
78
78
35
42
8
49
69
70
87
15
38
30
60
26
55
19
82
21
17
49
30
5
27
93
75
91
24
45
9
98
83
95
15
10
88
18
12
30
73
78
9
27
56
20
20
71
44
91
47
63
13
3
45
25
30
58
70
15
2
88
38
81
84
72
80
75
4
19
86
5
37
60
87
74
5
91
94
97
57
59
64
44
70
33
93
14
6
57
94
71
84
19
58
3
63
67
11
30
29
43
28
9
12
43
87
26
45
18
91
12
2
33
66
17
39
10
54
27
17
25
28
81
9
95
49
13
45
22
26
68
79
61
16
7
76
27
29
89
2
4
11
33
99
44
40
21
61
3
14
33
38
55
41
38
75
39
47
17
69
66
4
11
35
95
23
76
58
99
67
75
8
24
97
13
50
61
63
99
66
68
88
67
14
58
10
9
85
35
23
100
63
81
4
12
6
19
90
10
38
60
21
16
23
18
4
35
61
99
33
22
11
89
85
76
18
10
18
28
45
57
19
69
21
30
13
20
59
30
40
71
24
27
38
56
24
93
27
99
54
72
18
20
4
45
1
95
39
13
22
11
31
12
47
56
76
79
47
22
32
15
99
37
88
21
90
44
44
56
56
88
11
65
10
51
8
41
76
51
56
36
91
79
36
63
37
34
26
53
19
62
85
70
9
61
32
4
17
1
92
100
55
86
20
94
96
70
16
12
62
89
88
60
11
25
24
62
65
3
9
97
33
63
74
13
47
58
20
25
100
50
48
30
77
28
15
73
56
93
19
50
99
46
24
76
85
48
22
66
17
76
84
88
65
21
74
93
56
63
98
15
39
74
44
4
36
34
44
88
37
54
86
7
87
50
70
96
35
44
89
86
25
18
92
80
60
48
54
12
42
13
16
71
37
100
97
40
28
80
75
58
11
6
52
1
83
47
96
12
71
35
99
47
38
48
60
75
32
44
68
45
43
65
71
3
96
11
72
92
66
74
61
7
13
86
93
66
61
72
61
19
70
10
41
50
1
68
3
28
62
79
4
79
52
84
48
75
95
50
29
43
10
69
72
86
52
97
40
35
80
53
45
62
75
55
76
61
53
68
41
44
18
72
93
81
16
51
2
14
1
25
27
47
5
71
86
88
86
77
88
13
87
57
11
96
57
95
72
71
99
37
9
84
90
99
34
52
81
25
4
35
95
94
28
38
48
48
65
39
42
14
15
39
28
78
48
86
65
50
72
31
72
14
34
67
97
83
23
41
66
14
15
69
5
57
22
42
25
78
90
29
73
81
83
38
14
23
83
32
67
61
66
5
14
21
72
27
95
20
89
90
82
92
32
76
10
76
50
79
73
4
93
18
78
35
48
8
48
83
64
31
25
6
58
95
55
71
61
88
73
28
86
82
56
54
67
76
79
20
3
8
47
13
52
33
85
90
11
22
1
95
58
69
89
10
43
71
27
86
34
66
76
64
38
54
33
94
6
22
100
68
53
37
42
99
4
82
90
40
57
73
85
83
83
45
30
94
100
96
73
52
94
83
6
95
86
4
54
72
48
90
59
71
45
6
68
6
16
23
76
62
19
83
63
90
45
76
41
58
72
11
42
66
9
43
94
66
62
56
1
54
17
48
51
33
24
31
34
90
79
2
76
13
64
69
54
82
21
36
34
5
24
55
25
60
52
54
37
43
83
8
13
33
59
26
9
40
87
43
1
61
80
97
30
79
81
58
76
97
46
7
17
44
28
49
48
36
10
64
67
87
49
56
41
32
52
41
13
7
10
17
5
58
95
10
49
78
27
10
11
69
92
80
60
34
61
78
92
35
10
45
59
95
36
31
44
45
24
33
87
80
75
38
94
45
74
18
9
19
37
70
66
33
21
38
8
50
58
12
91
3
34
43
64
70
88
56
49
14
100
15
79
57
38
68
74
81
13
3
6
84
76
80
22
62
48
16
73
35
40
48
43
91
39
71
31
75
86
14
55
3
23
59
12
12
91
30
5
23
82
45
18
20
63
75
51
2
87
81
79
75
38
70
71
16
37
12
40
65
69
7
10
68
65
81
86
97
83
20
80
45
21
40
49
70
45
8
39
72
32
77
59
98
60
96
55
2
42
22
14
17
93
79
100
51
36
36
58
24
41
5
62
64
94
65
61
47
83
42
50
19
77
22
53
68
99
52
83
90
69
26
13
85
5
74
4
92
42
83
72
90
67
49
29
99
30
71
12
3
75
62
17
51
99
34
4
10
18
69
66
15
81
40
23
72
22
64
40
66
74
38
35
86
1
9
31
59
26
64
3
76
46
60
46
33
78
43
72
77
34
1
47
14
41
3
10
60
88
65
35
25
80
6
19
66
40
91
75
13
13
94
53
10
8
74
8
49
92
56
39
84
57
35
89
43
100
82
45
36
10
51
97
88
21
22
57
91
76
20
54
57
48
3
51
8
32
100
38
92
9
1
17
76
64
55
86
43
84
34
94
41
81
70
36
72
73
83
88
3
100
85
5
81
22
91
75
51
33
100
9
38
99
38
30
7
4
82
98
28
23
35
3
5
11
15
91
22
8
8
18
47
7
43
58
7
21
33
46
60
48
82
64
4
67
14
27
49
1
80
38
74
89
58
8
62
20
45
48
82
46
27
40
55
80
57
74
88
3
5
27
87
43
97
94
57
70
76
30
37
49
75
60
55
4
79
32
16
9
33
1
37
85
6
15
87
100
90
51
44
45
52
53
20
14
41
32
93
67
8
77
76
98
59
13
8
58
56
71
10
69
36
30
22
30
20
24
87
31
3
93
81
82
51
20
59
87
26
9
26
80
5
35
84
44
3
65
94
65
36
19
91
85
15
37
84
41
40
33
74
49
58
75
2
82
39
93
13
17
12
61
38
59
92
96
12
35
52
98
22
96
21
61
96
64
45
75
32
11
13
72
53
27
69
40
48
76
7
67
60
25
81
65
31
38
74
87
77
43
69
57
60
37
70
53
96
76
74
62
61
53
41
50
68
84
51
68
12
16
23
0 1393
0 1791
1 1323
1 1400
2 304
2 902
2 928
2 1121
2 1586
3 235
3 574
3 1347
3 1514
3 1865
4 120
4 483
4 728
4 771
4 1664
5 253
6 1403
6 1686
6 1783
7 113
7 661
7 1152
8 229
8 573
8 986
9 94
9 275
9 988
9 1704
10 113
10 345
10 483
10 545
10 1600
10 1881
11 659
11 879
11 1350
11 1558
11 1705
12 174
12 242
12 603
12 1730
13 637
13 715
13 1142
13 1434
14 219
14 254
14 610
14 681
14 1173
14 1533
14 1932
15 935
15 936
15 1197
15 1596
15 1789
15 1863
16 692
16 1966
17 835
17 922
17 1425
18 417
18 590
18 1794
18 1850
19 651
19 1610
21 142
21 993
22 358
22 811
23 309
24 1376
25 410
25 725
25 1077
25 1457
25 1637
26 744
26 1877
27 622
27 1900
28 635
28 1122
28 1284
28 1459
28 1495
29 1393
30 86
30 1605
30 1620
30 1854
30 1974
31 55
31 134
31 698
31 750
31 1217
31 1663
32 712
32 1831
32 1876
33 724
33 1512
34 692
34 1277
34 1503
34 1801
34 1925
35 859
36 522
36 1588
36 1590
36 1950
36 1970
37 56
37 1898
38 64
38 659
38 1267
38 1786
39 64
39 551
39 1161
39 1721
40 344
40 1314
41 1040
41 1255
41 1809
42 172
42 317
42 1518
43 1402
43 1509
44 1205
46 442
46 1999
47 118
47 891
47 1202
47 1433
47 1788
48 89
48 362
48 1225
49 56
49 917
49 1036
49 1700
50 1940
51 194
51 610
51 733
51 1052
51 1466
52 957
52 1522
52 1670
52 1815
53 820
54 491
54 1221
54 1847
54 1849
54 1976
55 161
55 779
55 1198
56 85
56 373
56 1432
56 1764
56 1816
57 89
57 109
57 623
57 1417
58 325
58 747
58 878
58 928
58 1959
59 301
59 407
59 508
59 584
59 820
59 884
59 974
60 1390
61 265
61 472
61 577
61 933
61 1356
61 1662
61 1827
62 1405
62 1706
62 1961
63 1208
63 1690
63 1777
64 71
64 88
64 192
64 426
64 1889
64 1898
65 174
65 258
65 295
65 590
65 1280
65 1974
66 1900
67 1518
69 1359
70 372
71 349
71 1249
71 1755
72 623
72 1951
73 689
74 213
74 1901
75 756
75 913
75 1053
75 1195
75 1582
76 96
77 1056
77 1182
77 1289
78 248
78 1177
78 1454
79 1451
80 100
80 251
80 635
80 1685
81 161
82 1279
83 620
83 647
83 969
83 1315
85 885
85 1323
85 1581
86 811
86 987
86 1017
86 1743
87 683
87 1110
88 131
88 853
88 1045
88 1392
88 1475
88 1774
88 1809
89 736
89 1055
89 1981
90 125
90 847
90 962
90 1160
90 1311
90 1692
90 1948
91 327
91 649
92 294
92 606
92 991
93 1678
95 487
95 1348
96 972
96 1188
96 1217
97 161
97 224
97 1123
97 1298
98 861
98 1391
98 1486
99 1524
100 131
100 234
100 1476
101 1067
101 1425
101 1478
101 1694
102 1193
102 1641
102 1944
103 1076
103 1292
104 1142
104 1174
104 1654
105 1252
105 1542
105 1864
106 939
106 1624
107 119
107 187
107 822
109 179
109 705
109 1016
109 1169
109 1322
109 1777
109 1794
110 118
110 669
110 799
110 1098
110 1195
110 1862
111 927
111 1237
111 1368
111 1696
112 789
112 1634
112 1844
112 1931
113 186
113 1911
114 461
115 206
115 893
115 1905
116 182
116 319
116 406
116 776
116 829
117 1708
118 351
118 453
118 801
118 1244
119 128
119 178
119 612
119 1985
120 354
120 381
120 879
120 1595
120 1754
121 525
121 1580
121 1880
122 281
122 773
122 1448
123 573
123 1080
124 129
124 1051
125 144
125 170
125 290
125 1277
125 1757
126 290
126 922
126 1163
127 324
127 1441
127 1532
128 948
128 1162
128 1192
128 1219
128 1782
129 696
129 1467
130 530
130 884
130 1230
130 1621
131 1070
132 565
132 571
132 977
133 550
133 1369
134 1264
134 1560
134 1695
135 677
135 768
135 1510
135 1749
135 1955
136 154
136 231
136 1590
137 739
137 784
137 891
137 1576
137 1702
139 401
139 1644
140 199
140 434
140 895
140 1248
141 1124
141 1340
141 1804
142 911
142 1010
143 407
143 1545
143 1679
143 1786
143 1833
144 202
144 614
144 1267
144 1584
144 1637
144 1824
144 1851
145 874
145 1846
145 1986
146 219
146 918
146 927
147 166
147 1355
147 1925
148 1206
149 1301
149 1911
150 330
150 713
150 1572
150 1793
151 247
151 721
151 753
152 441
152 914
152 1270
152 1384
152 1541
152 1941
153 211
153 700
153 707
154 413
154 628
154 1812
154 1898
155 478
156 422
156 801
156 1654
156 1707
157 414
157 1852
158 1991
159 303
159 1866
160 311
160 557
160 784
160 1752
161 1329
162 220
162 346
162 727
162 1536
162 1960
163 305
163 1147
163 1564
164 362
164 550
164 916
164 986
164 1978
165 1318
165 1631
166 947
167 405
167 1332
167 1342
168 1810
170 644
170 1917
171 706
171 722
172 1037
172 1429
173 1551
174 1416
174 1823
176 1446
178 233
178 808
178 1791
179 677
179 1822
180 453
180 1340
180 1658
181 877
181 1862
182 571
182 1097
182 1480
183 616
183 635
183 881
183 1622
183 1940
184 743
185 570
185 1357
186 357
186 1055
186 1091
187 1704
188 264
188 456
188 756
189 806
189 1049
190 231
190 234
190 918
191 266
191 1377
192 1028
193 317
193 746
193 1100
194 883
194 1329
194 1547
194 1768
195 1167
195 1232
195 1246
195 1768
195 1904
195 1981
196 219
196 1275
197 843
197 885
197 1145
197 1170
197 1374
197 1725
198 406
198 473
198 524
198 548
198 643
198 1187
198 1388
198 1628
198 1683
200 809
200 1804
201 897
202 540
202 1999
203 289
203 436
203 796
203 1628
203 1763
204 641
204 800
204 815
204 838
205 1009
206 310
206 680
206 818
206 1159
206 1326
207 836
207 1013
207 1724
208 859
208 1150
208 1389
208 1713
209 451
209 939
210 783
210 1939
211 476
212 1830
212 1883
213 1292
215 526
215 589
215 1372
215 1464
216 413
216 709
216 1041
216 1413
216 1967
217 905
218 897
218 1058
218 1511
218 1517
218 1852
219 684
219 782
219 823
219 1198
219 1743
220 1541
220 1562
221 773
221 974
221 1145
222 602
222 1049
222 1170
222 1483
223 1302
223 1394
223 1684
223 1804
223 1879
223 1941
224 240
224 514
224 690
224 1451
224 1621
224 1984
225 769
225 1032
225 1806
225 1884
226 893
226 1669
226 1810
227 245
227 1855
228 329
228 612
228 765
228 1904
229 487
230 1006
230 1151
230 1938
230 1972
232 985
232 1786
232 1790
233 464
233 1625
233 1983
234 556
234 1796
235 436
235 706
235 879
235 1117
235 1218
236 433
236 991
236 1596
236 1691
237 477
237 891
237 1269
238 1556
238 1931
239 413
239 651
239 1099
239 1138
240 947
240 1823
241 684
241 761
241 1165
241 1181
242 337
242 521
242 1501
243 273
244 1093
244 1159
244 1713
244 1799
245 324
245 576
245 1424
245 1853
246 553
246 1221
246 1325
248 569
248 585
249 261
249 1099
250 631
250 983
250 1078
250 1266
251 1538
252 532
252 881
252 1007
252 1400
253 618
253 860
253 1196
254 339
254 1322
254 1333
254 1989
255 373
255 632
255 691
255 1109
255 1245
257 1943
258 308
258 705
258 1018
258 1682
259 1456
259 1617
260 995
260 1275
261 410
261 1424
262 1627
263 516
263 1294
263 1335
263 1581
263 1910
264 545
264 1885
265 1800
266 519
266 1123
266 1594
267 1759
268 277
269 1523
271 590
272 719
272 1458
273 834
273 874
273 1354
273 1427
274 598
274 781
274 1275
275 770
275 1097
276 699
277 944
277 960
277 1659
278 512
278 737
278 1185
278 1485
279 461
279 920
280 626
280 1176
280 1749
281 722
281 1788
282 1193
283 810
283 1568
283 1794
283 1842
283 1854
284 1148
284 1791
285 384
285 539
285 656
285 744
285 1528
285 1941
286 1155
287 1570
288 886
288 990
289 700
289 861
289 1088
289 1127
289 1348
290 809
290 956
291 430
291 796
291 1927
291 1961
292 1425
292 1638
293 413
293 1389
293 1447
293 1715
294 1022
294 1491
295 979
295 1546
295 1848
296 336
297 611
297 706
298 1915
299 1194
299 1369
299 1747
299 1804
300 496
300 1155
300 1385
301 659
301 993
301 1979
303 530
303 793
304 1082
304 1111
304 1451
304 1798
304 1807
305 1529
305 1571
305 1668
306 590
306 1404
307 1554
308 356
308 1185
309 1371
310 972
310 1324
311 460
311 1321
312 1000
312 1541
313 1110
313 1639
313 1765
314 525
314 1799
315 1137
316 1526
317 488
317 992
317 1301
317 1749
318 595
318 994
319 811
319 1193
319 1797
319 1944
320 672
320 1513
320 1734
321 1321
321 1696
322 841
322 1937
323 506
323 866
323 1059
323 1785
324 420
324 685
324 713
324 1168
324 1883
325 916
325 1031
325 1645
326 613
326 626
326 831
326 1347
326 1912
327 958
327 1103
327 1939
328 1195
328 1646
329 514
329 1439
330 861
330 1563
331 853
331 900
331 922
332 989
332 1348
332 1389
332 1549
333 1048
334 1333
334 1450
334 1659
335 733
336 573
336 586
337 404
337 951
337 1222
337 1817
338 997
338 1000
338 1014
339 1234
339 1986
340 407
340 938
340 1509
340 1569
340 1842
340 1988
341 388
341 620
341 802
341 1570
342 377
342 1101
343 1456
343 1855
344 369
344 1138
345 1528
346 871
346 1150
346 1387
346 1670
347 1014
347 1304
348 494
348 788
349 1128
351 749
351 1462
351 1619
352 428
352 497
352 1492
352 1559
353 375
353 630
353 729
353 1314
353 1955
354 860
354 1224
354 1295
355 973
355 1133
355 1919
356 734
356 803
356 990
357 1487
357 1698
358 782
358 1547
359 726
359 1278
359 1536
359 1922
360 393
361 885
361 1199
361 1209
361 1435
361 1902
362 1918
363 1040
363 1391
363 1707
364 498
364 1083
364 1567
364 1996
365 574
365 680
365 1127
365 1664
365 1782
366 643
368 481
368 959
368 1099
369 892
369 1328
370 964
370 1301
370 1738
370 1895
370 1993
371 470
372 545
372 578
372 781
372 1565
373 906
373 1474
373 1743
374 425
374 488
375 1237
375 1367
376 1339
377 1843
378 638
378 1149
378 1452
378 1883
379 703
379 1094
379 1177
380 1025
380 1967
381 1155
381 1238
381 1450
381 1703
382 1156
382 1241
382 1645
384 1231
384 1872
384 1887
385 755
385 1984
386 598
387 888
387 1151
388 401
388 1478
388 1631
389 1031
389 1474
390 1692
391 744
391 905
391 925
391 1570
392 992
392 1145
392 1375
393 1692
393 1904
394 596
397 405
397 1338
397 1437
397 1683
397 1796
398 771
398 1715
400 1395
400 1970
401 576
401 683
401 778
401 792
402 693
402 953
403 1451
404 1487
405 919
405 1608
406 695
406 1108
406 1676
407 852
407 1430
407 1438
408 1308
411 1141
411 1452
412 494
412 1897
413 910
413 1031
413 1204
413 1688
413 1795
413 1888
414 655
415 1599
416 1819
416 1930
417 1402
417 1996
418 926
418 1522
419 873
419 911
419 1366
419 1443
420 1287
420 1603
421 911
422 1286
424 623
424 688
424 1268
424 1553
424 1985
425 566
425 805
425 838
426 773
426 785
426 1394
426 1808
426 1973
427 1156
427 1762
428 1343
428 1883
429 1868
430 645
430 776
430 1273
430 1647
430 1826
430 1879
431 1954
432 633
432 1622
432 1735
433 793
433 1590
433 1594
433 1631
434 635
434 1621
434 1677
435 459
435 716
435 1125
436 1611
437 1161
437 1223
437 1384
437 1470
439 1846
440 1316
440 1518
440 1630
441 1025
441 1242
442 1655
443 1056
443 1225
444 481
444 850
444 1077
445 1687
445 1958
446 714
446 1504
446 1563
446 1740
446 1844
447 871
448 875
448 1012
448 1174
448 1643
449 485
449 1546
450 1305
450 1696
451 1017
451 1395
451 1999
452 518
452 1670
452 1968
453 708
453 1242
454 1753
454 1868
455 828
455 1680
456 857
456 1460
457 517
457 585
457 958
457 1458
457 1657
458 831
458 1181
458 1218
458 1919
459 811
459 817
459 1982
460 1987
461 480
461 550
461 1010
462 1640
462 1649
462 1749
462 1956
463 709
463 1188
463 1719
463 1843
464 1884
465 1156
465 1630
465 1867
466 663
466 1681
467 806
468 1042
469 703
469 1400
469 1704
469 1896
470 529
470 1108
471 1360
471 1427
473 812
473 1105
474 1302
474 1848
475 512
475 906
475 951
475 1269
475 1683
475 1795
476 551
476 1006
476 1109
476 1823
477 529
477 761
477 1129
477 1778
478 648
479 1488
479 1728
480 650
481 840
481 1256
481 1791
482 912
482 1384
483 500
483 1032
483 1500
484 603
484 977
485 1162
485 1266
485 1548
485 1787
486 740
486 745
486 817
486 1024
486 1363
486 1755
489 627
489 1244
489 1927
490 1127
491 560
491 863
491 1896
492 511
492 587
492 721
492 1179
493 536
493 558
493 1166
493 1735
493 1748
494 937
496 1632
498 799
498 1355
499 777
499 993
499 1545
500 1016
500 1103
501 508
501 510
501 666
501 796
502 1217
502 1250
502 1591
502 1999
504 995
505 761
505 1625
508 1548
509 1615
510 630
510 1039
510 1242
513 639
513 755
513 888
513 1892
513 1971
514 1122
514 1487
515 1202
515 1223
515 1296
516 1813
517 681
517 1209
517 1556
518 1457
518 1600
519 1395
519 1959
520 989
520 1837
521 589
521 599
521 1451
521 1695
523 562
523 713
523 1095
523 1229
523 1659
524 651
524 1056
524 1569
524 1649
524 1755
525 549
525 694
525 822
525 963
525 970
525 1699
525 1763
526 1647
527 1413
527 1956
528 1494
528 1845
528 1909
529 1338
529 1583
530 1396
530 1453
531 1100
531 1111
531 1289
532 600
532 1160
532 1203
532 1603
533 668
533 1744
534 1737
535 790
535 905
535 1197
535 1420
535 1455
535 1773
536 607
536 1461
538 1609
538 1766
539 1437
540 1066
540 1228
540 1988
541 819
541 1512
542 1536
542 1652
542 1815
543 863
543 1711
544 977
544 1152
545 1324
545 1848
546 578
547 1557
548 567
548 1174
548 1557
549 1525
549 1844
550 1100
550 1166
551 819
551 1149
551 1154
551 1750
552 1096
552 1132
552 1793
553 1767
553 1795
554 569
555 895
556 1283
557 639
557 795
557 1247
558 1216
558 1436
558 1953
559 707
559 948
559 1562
559 1674
560 785
560 786
560 982
561 711
562 635
562 746
562 1059
562 1621
562 1926
563 1146
563 1338
563 1352
564 1030
564 1221
565 1110
566 1501
567 693
568 663
568 865
568 1606
568 1846
569 689
569 1162
570 619
572 1228
572 1646
572 1781
572 1815
573 809
573 1469
573 1995
574 1100
574 1806
576 845
576 1031
576 1234
576 1576
576 1588
577 1444
577 1925
577 1950
578 714
578 1312
578 1525
578 1838
579 1224
580 1482
580 1553
581 734
581 1007
581 1412
581 1863
582 1628
582 1677
583 719
583 794
583 1148
583 1636
584 811
585 710
585 736
585 1156
585 1793
586 1746
586 1932
587 648
587 1839
588 1550
588 1612
589 1127
589 1930
589 1988
590 1209
590 1598
591 648
591 1383
591 1408
592 689
592 807
592 901
592 1995
593 648
593 1819
594 1901
595 1035
596 1295
597 1048
597 1062
597 1554
599 1316
600 633
601 630
601 1864
602 963
602 1845
603 689
603 706
603 828
603 830
604 1358
604 1462
604 1957
605 830
606 1753
607 868
607 1115
607 1142
608 898
608 1111
608 1719
609 780
609 1940
609 1985
610 1328
610 1654
611 1460
612 819
612 1489
612 1716
612 1950
613 850
614 951
614 1527
614 1854
616 956
617 1203
617 1494
617 1517
617 1619
618 826
618 859
618 1695
619 1016
619 1174
619 1668
620 1460
620 1558
620 1747
621 992
621 1556
621 1807
622 663
622 933
622 1051
622 1246
622 1681
623 955
623 980
623 1383
623 1540
623 1749
623 1936
624 1048
625 1959
626 1224
628 982
628 1061
629 750
629 1675
629 1977
630 632
631 1544
632 1309
632 1750
632 1777
633 711
633 1076
633 1136
633 1832
633 1941
634 977
634 1340
634 1526
634 1886
634 1954
635 990
635 1132
636 1281
637 1897
638 639
639 861
639 1025
639 1378
639 1933
639 1943
640 1733
640 1762
641 1514
642 1711
643 856
643 1100
643 1838
644 1641
645 740
645 1980
645 1982
645 1994
647 1909
647 1915
648 1351
648 1416
649 673
649 914
649 938
650 1981
651 698
651 1146
651 1418
651 1870
652 1132
653 818
653 950
653 1315
654 1449
654 1712
655 883
655 930
657 823
657 1099
657 1704
657 1999
658 792
658 1216
658 1401
660 1979
661 1232
661 1534
661 1788
662 1259
663 705
663 985
664 1278
664 1748
665 1066
665 1498
666 819
666 934
666 1042
666 1823
666 1913
667 669
667 991
667 1244
667 1442
667 1681
668 1207
669 1134
669 1171
669 1367
669 1376
669 1478
669 1976
670 1060
671 1484
671 1514
671 1534
671 1651
671 1968
672 924
672 1558
672 1788
674 1046
674 1332
675 690
675 817
675 852
675 1200
675 1354
675 1670
675 1874
676 1012
676 1421
677 1216
678 858
678 1031
678 1219
678 1461
679 1713
680 703
683 1804
684 1075
684 1154
684 1261
685 1141
685 1234
686 913
687 1526
687 1836
688 1168
688 1773
689 1180
689 1628
689 1988
691 1977
692 855
693 1733
694 1502
695 1096
695 1298
695 1778
696 1253
697 1708
698 1218
699 1602
700 730
701 814
701 1385
701 1910
701 1922
703 1798
703 1862
704 933
704 1429
705 833
705 1304
705 1909
706 1104
706 1780
706 1808
707 919
707 1204
708 1721
709 1263
709 1451
710 818
710 1655
711 904
711 1026
711 1442
712 827
712 1147
712 1522
712 1978
713 897
713 1255
713 1442
713 1463
713 1659
714 1688
714 1859
716 846
716 1442
717 896
717 1482
718 1243
719 1595
720 1180
720 1582
721 1510
721 1663
722 1838
722 1840
722 1874
723 958
723 1272
723 1572
723 1690
723 1918
724 810
724 1753
725 1616
726 824
726 913
726 1485
727 988
727 1369
727 1587
727 1659
728 919
728 1265
728 1525
728 1787
729 1175
730 987
730 1074
730 1669
731 1252
732 1388
733 1031
734 1298
734 1774
734 1937
736 801
738 832
738 1533
738 1577
738 1863
740 1380
740 1668
740 1709
741 1353
741 1689
743 953
743 1925
744 927
745 1309
746 1561
746 1726
746 1800
747 1291
747 1487
747 1742
748 869
748 1257
748 1282
748 1430
748 1934
748 1979
749 1544
750 852
751 1338
751 1767
752 939
752 1234
752 1284
752 1800
752 1819
752 1880
752 1928
753 1168
754 1032
754 1636
754 1843
755 958
755 1926
757 868
757 888
757 934
757 1186
757 1496
758 1436
758 1455
758 1514
758 1532
759 1270
760 1539
761 1436
762 1022
763 1788
764 943
764 1661
764 1717
765 1733
767 1318
768 842
768 1238
769 825
769 1286
769 1383
769 1982
771 1362
771 1430
772 785
773 884
773 1090
773 1220
773 1555
774 906
774 1697
775 816
776 863
776 949
776 1534
777 1254
777 1733
778 1490
778 1536
779 1865
779 1908
780 1628
781 1172
781 1200
781 1305
781 1791
783 867
783 1109
783 1148
784 893
784 1191
784 1505
784 1538
784 1792
785 1109
785 1879
786 1549
786 1681
786 1727
786 1847
787 1069
787 1458
788 811
789 1695
790 1986
791 874
791 986
791 1345
793 1248
793 1492
793 1878
794 1777
794 1918
795 1008
795 1045
795 1157
795 1362
795 1996
796 935
796 1526
797 1494
798 909
798 963
799 820
799 1063
799 1122
801 921
801 977
802 1183
802 1608
802 1775
804 844
804 1392
804 1905
805 1108
805 1977
806 940
806 1092
806 1705
807 1136
807 1419
808 1135
808 1564
808 1752
808 1861
808 1903
809 1616
810 870
810 1544
812 1155
813 1764
814 1790
815 1299
815 1419
815 1978
817 1836
818 1426
819 1500
820 1192
820 1633
820 1800
821 847
821 1545
821 1645
823 1071
823 1354
824 1064
824 1745
824 1807
824 1871
826 1440
826 1729
827 1124
828 1060
829 876
829 1064
829 1723
830 1714
831 1058
831 1568
832 1684
833 1297
834 931
834 1660
835 1732
836 1590
837 876
837 991
837 1136
837 1564
839 890
839 1221
840 958
841 1274
841 1668
841 1914
844 970
844 994
844 1378
845 1165
845 1546
846 1013
846 1214
846 1408
847 893
848 1123
848 1426
848 1928
849 1578
849 1904
851 1012
851 1859
852 1769
852 1828
853 1432
855 1106
855 1129
855 1534
855 1599
855 1660
860 1121
860 1384
860 1510
860 1857
861 1062
861 1499
862 1067
862 1463
862 1748
863 1492
864 1810
864 1841
865 1161
865 1787
867 926
867 1348
867 1402
867 1459
867 1966
868 1803
869 1560
869 1635
869 1820
869 1997
870 1071
870 1996
871 1896
872 885
872 1152
874 1370
875 1010
875 1067
876 1048
876 1671
877 991
877 1074
879 1026
879 1832
879 1995
881 1110
881 1659
882 1235
883 966
883 1373
883 1560
884 1058
884 1201
884 1872
885 1729
886 1833
887 1052
887 1165
888 1195
888 1426
888 1458
888 1522
888 1639
888 1687
890 1378
890 1423
891 1049
892 1796
893 1659
894 898
896 1190
896 1448
898 1502
898 1737
899 947
899 1001
899 1287
901 976
901 1574
902 926
902 1542
902 1641
903 1073
903 1127
903 1313
903 1454
903 1508
903 1889
904 1850
905 1276
907 929
907 1091
908 1478
908 1519
908 1855
909 1218
909 1490
909 1740
910 983
910 1133
910 1837
910 1995
911 1028
911 1274
911 1401
911 1872
912 1149
913 1925
915 1864
916 1159
916 1429
916 1669
918 1700
919 937
919 1008
919 1560
920 1428
921 1163
922 1174
922 1839
922 1884
922 1937
923 1330
924 1167
924 1209
925 1815
926 1531
927 1625
927 1904
928 1052
928 1452
928 1875
929 1766
930 1673
931 1917
932 1411
933 969
933 1541
934 1371
935 1637
936 1646
937 1650
937 1698
938 953
938 1174
939 1181
939 1921
941 1270
944 958
945 1256
945 1796
945 1807
946 1862
947 1235
947 1306
948 1944
949 987
950 1155
950 1373
950 1925
953 1012
953 1099
953 1251
953 1378
953 1674
954 1528
954 1529
954 1761
955 1259
955 1340
957 1568
957 1598
959 960
959 1030
959 1170
960 1483
961 1849
963 1540
963 1976
964 1752
965 1303
965 1796
966 1840
966 1974
967 1532
968 1236
968 1547
968 1707
970 1829
971 1224
971 1493
971 1536
974 1087
974 1986
976 1062
977 1719
978 1495
978 1511
980 1498
980 1920
982 1930
982 1971
985 1595
986 1678
987 1134
987 1285
988 1621
988 1663
989 1315
989 1693
990 1086
990 1824
991 1937
991 1998
992 1108
992 1624
992 1704
992 1831
993 1004
993 1039
993 1518
993 1912
994 1321
995 1605
995 1709
999 1347
999 1478
1000 1860
1002 1250
1002 1292
1002 1317
1002 1643
1004 1616
1004 1674
1004 1838
1005 1521
1007 1230
1007 1653
1009 1976
1010 1268
1011 1089
1011 1201
1011 1716
1011 1990
1012 1233
1012 1647
1014 1461
1015 1836
1015 1927
1016 1526
1016 1549
1016 1927
1017 1232
1017 1464
1019 1749
1020 1308
1020 1316
1021 1216
1021 1639
1021 1976
1022 1419
1022 1491
1022 1857
1022 1918
1023 1520
1025 1055
1026 1089
1026 1169
1026 1428
1028 1459
1029 1209
1029 1510
1029 1689
1029 1838
1030 1165
1030 1884
1031 1630
1032 1826
1033 1374
1033 1545
1033 1604
1033 1783
1033 1985
1034 1469
1035 1177
1035 1209
1035 1470
1036 1739
1036 1988
1038 1137
1039 1159
1040 1366
1041 1330
1042 1352
1042 1429
1043 1577
1045 1692
1045 1902
1047 1458
1048 1152
1048 1714
1049 1806
1050 1640
1050 1729
1052 1522
1052 1703
1055 1152
1057 1344
1058 1120
1059 1142
1059 1409
1060 1444
1061 1339
1061 1901
1064 1834
1066 1223
1066 1806
1066 1893
1067 1163
1067 1426
1068 1144
1068 1650
1068 1893
1069 1146
1069 1549
1069 1873
1073 1375
1073 1386
1073 1572
1073 1691
1073 1885
1074 1902
1075 1524
1076 1122
1076 1875
1078 1126
1078 1930
1079 1495
1079 1799
1080 1086
1080 1558
1084 1996
1085 1191
1085 1389
1086 1324
1086 1353
1087 1665
1089 1294
1092 1418
1092 1613
1093 1275
1093 1568
1093 1791
1094 1666
1095 1893
1096 1455
1096 1828
1096 1942
1097 1998
1100 1113
1100 1344
1101 1243
1101 1781
1102 1236
1102 1721
1103 1223
1103 1999
1104 1469
1104 1577
1104 1655
1104 1804
1106 1209
1106 1383
1107 1459
1108 1214
1108 1308
1108 1632
1109 1645
1110 1444
1113 1483
1114 1560
1114 1602
1114 1715
1115 1340
1115 1598
1116 1257
1116 1908
1118 1126
1118 1970
1120 1220
1121 1246
1122 1176
1123 1972
1124 1690
1125 1306
1130 1771
1130 1816
1131 1213
1132 1172
1133 1323
1133 1507
1134 1495
1134 1949
1135 1346
1135 1429
1135 1590
1137 1486
1137 1664
1138 1538
1139 1336
1139 1622
1140 1492
1140 1690
1140 1996
1141 1231
1141 1356
1141 1574
1142 1563
1143 1257
1143 1528
1144 1860
1145 1805
1145 1973
1147 1340
1147 1841
1149 1195
1150 1576
1151 1433
1151 1695
1152 1642
1152 1693
1152 1720
1153 1326
1153 1749
1154 1675
1155 1170
1155 1999
1156 1905
1157 1355
1157 1488
1157 1576
1158 1425
1158 1732
1159 1206
1159 1264
1160 1546
1160 1569
1160 1827
1161 1253
1162 1952
1163 1396
1163 1506
1163 1702
1163 1857
1164 1354
1165 1266
1165 1945
1166 1413
1166 1855
1167 1431
1167 1522
1167 1670
1168 1714
1169 1373
1169 1934
1170 1408
1170 1555
1170 1780
1171 1389
1171 1435
1171 1453
1172 1436
1172 1590
1173 1881
1174 1723
1174 1845
1176 1251
1176 1273
1179 1412
1181 1319
1181 1351
1181 1416
1181 1739
1182 1673
1183 1647
1183 1693
1184 1328
1184 1905
1184 1978
1185 1893
1187 1298
1188 1432
1188 1891
1190 1215
1190 1346
1193 1597
1193 1868
1194 1196
1194 1621
1194 1850
1194 1945
1195 1714
1196 1238
1197 1948
1198 1271
1198 1334
1198 1395
1198 1448
1198 1570
1201 1340
1201 1354
1201 1505
1201 1909
1202 1509
1202 1682
1202 1810
1204 1963
1205 1614
1206 1218
1206 1446
1206 1874
1207 1481
1207 1586
1207 1594
1208 1555
1208 1643
1208 1662
1211 1716
1212 1237
1212 1874
1212 1976
1215 1697
1216 1398
1216 1813
1217 1263
1217 1670
1218 1943
1219 1247
1220 1410
1221 1791
1222 1555
1223 1517
1223 1940
1225 1873
1225 1900
1226 1628
1228 1368
1228 1726
1230 1678
1231 1737
1232 1415
1233 1982
1234 1882
1235 1717
1235 1968
1236 1584
1237 1721
1238 1445
1238 1672
1238 1868
1239 1798
1241 1392
1241 1555
1242 1243
1242 1471
1243 1629
1243 1790
1244 1476
1244 1873
1246 1562
1246 1921
1247 1266
1247 1308
1247 1479
1248 1447
1252 1622
1252 1636
1252 1956
1253 1357
1256 1816
1257 1750
1257 1904
1258 1621
1258 1971
1259 1944
1260 1988
1262 1521
1263 1757
1263 1980
1264 1545
1265 1312
1266 1352
1266 1513
1266 1597
1267 1482
1267 1880
1268 1571
1268 1869
1269 1667
1270 1425
1270 1608
1270 1994
1271 1460
1272 1384
1272 1736
1273 1735
1273 1901
1274 1982
1275 1299
1275 1376
1275 1495
1275 1946
1276 1696
1277 1440
1279 1326
1279 1897
1281 1835
1281 1874
1282 1800
1285 1333
1285 1774
1286 1320
1288 1515
1288 1766
1288 1812
1288 1907
1289 1326
1291 1338
1291 1408
1291 1644
1294 1838
1295 1689
1295 1752
1297 1794
1301 1732
1301 1797
1302 1619
1302 1630
1302 1847
1302 1964
1305 1722
1306 1803
1306 1860
1308 1555
1308 1856
1310 1968
1314 1542
1316 1478
1318 1663
1318 1830
1318 1867
1318 1890
1319 1503
1319 1531
1321 1421
1322 1745
1324 1909
1325 1525
1325 1587
1326 1452
1327 1894
1329 1455
1329 1818
1331 1776
1332 1640
1332 1702
1332 1821
1332 1987
1333 1496
1337 1460
1341 1471
1341 1731
1342 1601
1343 1941
1344 1976
1346 1696
1347 1539
1349 1494
1350 1367
1350 1608
1352 1525
1352 1741
1353 1855
1355 1559
1355 1639
1356 1790
1358 1428
1358 1811
1359 1820
1361 1665
1361 1954
1362 1555
1362 1749
1362 1985
1363 1650
1364 1417
1365 1485
1366 1608
1367 1889
1368 1443
1373 1709
1375 1566
1375 1938
1378 1609
1379 1443
1379 1599
1381 1956
1383 1485
1383 1663
1386 1394
1387 1813
1388 1821
1389 1692
1391 1470
1391 1793
1392 1696
1394 1859
1397 1458
1397 1899
1401 1756
1401 1794
1402 1898
1403 1682
1405 1764
1405 1921
1406 1517
1408 1755
1412 1877
1413 1832
1414 1537
1414 1903
1415 1606
1416 1865
1419 1520
1419 1776
1420 1969
1423 1805
1424 1623
1425 1494
1425 1594
1425 1734
1426 1440
1428 1612
1429 1678
1429 1742
1432 1538
1433 1836
1434 1625
1434 1932
1435 1975
1435 1992
1437 1507
1437 1531
1438 1814
1438 1982
1441 1633
1441 1881
1441 1991
1443 1575
1445 1566
1448 1621
1450 1489
1452 1454
1452 1607
1453 1476
1453 1740
1453 1941
1454 1796
1455 1610
1456 1581
1457 1986
1458 1752
1458 1760
1458 1974
1461 1578
1461 1814
1466 1528
1467 1741
1468 1499
1469 1586
1469 1981
1470 1674
1471 1523
1471 1882
1472 1760
1473 1560
1475 1591
1477 1895
1478 1998
1482 1668
1483 1650
1483 1847
1484 1652
1485 1954
1486 1919
1488 1807
1489 1751
1493 1772
1494 1552
1496 1786
1503 1850
1505 1884
1507 1687
1509 1803
1512 1538
1513 1712
1513 1718
1515 1888
1516 1813
1521 1869
1526 1828
1529 1549
1529 1726
1530 1735
1531 1805
1532 1750
1532 1946
1533 1585
1533 1711
1533 1837
1540 1861
1541 1642
1541 1772
1543 1745
1543 1752
1544 1565
1546 1777
1546 1847
1547 1939
1547 1995
1548 1826
1549 1698
1554 1561
1555 1726
1555 1806
1555 1878
1561 1574
1562 1811
1563 1752
1564 1738
1565 1663
1566 1716
1568 1826
1569 1654
1569 1740
1571 1757
1571 1772
1572 1778
1574 1905
1578 1724
1578 1899
1583 1861
1583 1996
1584 1942
1585 1665
1586 1982
1589 1821
1590 1595
1590 1611
1590 1660
1592 1704
1592 1818
1594 1598
1598 1823
1599 1943
1602 1864
1604 1693
1605 1684
1607 1958
1610 1700
1612 1759
1612 1857
1613 1796
1616 1966
1618 1899
1619 1939
1624 1957
1625 1837
1626 1674
1627 1928
1628 1806
1632 1682
1633 1931
1634 1643
1635 1841
1636 1682
1637 1767
1638 1663
1638 1845
1641 1672
1642 1827
1642 1969
1644 1791
1644 1828
1646 1841
1647 1926
1649 1865
1651 1932
1654 1734
1654 1955
1658 1776
1658 1917
1660 1776
1663 1775
1664 1835
1664 1895
1666 1988
1669 1780
1670 1731
1672 1871
1672 1955
1673 1816
1675 1699
1676 1839
1676 1953
1678 1933
1680 1954
1681 1882
1685 1720
1686 1820
1687 1790
1688 1887
1691 1883
1695 1754
1696 1708
1706 1938
1710 1794
1710 1941
1712 1988
1713 1746
1714 1775
1716 1952
1717 1724
1720 1991
1723 1989
1724 1744
1724 1974
1726 1983
1727 1810
1727 1984
1728 1898
1731 1950
1731 1996
1732 1827
1734 1887
1734 1911
1735 1802
1735 1805
1737 1974
1747 1876
1747 1917
1749 1930
1760 1845
1761 1975
1762 1946
1763 1835
1770 1794
1771 1816
1774 1837
1779 1845
1783 1804
1785 1871
1792 1805
1792 1953
1794 1883
1797 1980
1808 1987
1818 1882
1819 1858
1821 1872
1821 1982
1823 1916
1823 1949
1823 1960
1827 1964
1828 1886
1829 1883
1831 1914
1833 1889
1840 1970
1859 1948
1863 1912
1867 1893
1873 1924
1880 1915
1883 1931
1891 1925
1895 1897
1900 1940
1917 1959
1926 1968
1945 1946
1955 1968
