2000 3050
99
28
96
46
42
85
76
6
43
36
75
89
83
76
27
52
29
72
65
81
98
2
46
76
46
61
62
28
21
65
83
73
23
2
73
82
59
52
61
97
38
1
16
90
53
6
96
76
33
15
88
18
11
59
29
80
30
12
6
75
65
24
68
83
67
55
61
33
3
54
47
16
61
70
37
35
22
100
24
8
33
45
62
69
39
70
48
3
47
84
8
73
36
23
53
8
40
11
83
78
41
4
11
58
49
69
63
98
15
7
47
49
77
40
96
86
47
83
55
97
99
69
52
45
35
79
7
49
38
13
17
1
55
60
99
20
93
94
95
78
60
13
14
51
62
90
28
13
72
81
73
50
18
60
5
41
74
65
98
79
99
100
39
67
38
60
94
52
61
19
29
53
57
84
39
39
84
54
63
78
78
36
84
35
46
11
44
99
78
82
68
13
32
27
100
96
95
81
19
40
35
51
68
70
77
60
4
42
98
62
87
13
70
79
32
17
60
45
98
81
54
72
36
78
94
45
58
14
26
14
1
42
3
64
85
88
31
78
43
16
38
60
73
77
72
100
42
50
99
35
14
38
10
9
3
45
9
65
86
80
69
81
51
41
92
46
93
65
10
51
57
45
37
17
75
24
6
79
14
42
15
88
3
52
86
35
81
60
33
41
66
35
92
76
35
95
25
94
98
52
92
49
25
49
28
30
19
77
2
97
26
81
25
14
59
25
68
94
76
88
41
51
90
38
99
75
69
87
63
82
46
88
36
65
47
1
88
29
43
61
73
33
69
85
57
30
55
89
10
49
66
16
88
58
24
16
31
11
42
75
2
22
55
28
87
17
1
32
10
99
40
28
92
6
100
43
83
99
91
67
63
6
24
74
27
85
71
31
54
22
17
53
85
36
59
58
94
24
70
33
34
86
34
67
28
51
18
7
72
29
62
20
92
56
28
27
55
25
36
38
86
98
45
7
81
36
42
8
70
50
68
36
26
51
66
82
21
55
57
18
41
27
24
87
51
41
83
96
87
12
27
49
99
12
3
24
72
9
66
23
74
11
39
13
94
1
52
59
57
100
29
53
38
33
35
25
53
91
57
19
4
73
31
83
87
15
24
69
92
68
34
99
5
44
19
51
75
62
45
7
38
43
73
53
9
88
95
39
34
57
68
32
78
17
68
98
94
26
39
39
15
28
47
92
66
69
64
29
33
55
42
62
76
10
95
81
5
64
7
38
37
37
7
76
79
90
62
81
34
4
64
99
10
20
23
20
7
63
55
38
55
17
67
57
46
71
77
40
57
21
36
2
85
39
34
85
79
100
18
28
65
88
14
18
31
95
75
60
56
21
20
85
10
80
16
11
63
83
21
42
44
13
66
86
42
45
33
7
47
83
67
14
69
39
38
25
34
100
24
8
43
25
54
80
12
16
34
97
4
62
72
11
73
91
91
32
46
67
4
81
12
65
5
88
83
32
60
33
78
93
98
31
15
86
62
25
53
45
10
48
89
99
63
10
11
61
75
45
69
36
29
69
60
83
1
64
22
4
56
63
45
47
77
39
58
45
7
91
77
87
86
62
94
39
85
3
71
57
51
55
72
62
83
100
27
63
58
75
92
65
63
77
9
31
34
12
87
95
24
55
3
8
10
14
12
46
48
80
74
39
37
57
37
75
9
69
31
45
18
77
78
39
8
10
24
10
82
78
95
33
65
62
43
35
98
31
40
90
95
88
94
19
83
90
55
6
26
46
26
68
51
77
90
85
12
100
74
87
32
38
37
1
87
15
88
31
42
84
26
56
87
71
94
40
16
50
2
89
51
64
77
29
53
54
29
86
63
31
55
74
68
21
96
36
78
55
33
5
66
46
64
63
48
80
42
13
76
10
26
70
7
14
72
24
34
24
19
86
38
27
1
24
92
5
70
64
7
47
68
57
48
37
80
65
10
49
28
6
55
89
91
37
30
61
82
61
31
88
65
50
4
66
31
23
52
82
33
68
75
49
80
80
35
65
75
84
14
97
44
62
54
61
75
92
8
66
47
34
59
5
11
2
23
80
72
63
81
17
79
98
33
17
16
92
80
89
44
62
51
31
5
86
80
42
94
43
36
67
15
53
14
22
84
13
76
68
15
17
73
22
4
35
30
12
87
92
6
11
14
1
7
82
29
62
23
31
43
73
57
77
36
51
59
76
89
100
100
45
55
74
32
52
15
84
65
91
46
55
46
27
58
97
44
14
58
18
39
47
79
18
2
73
54
10
7
11
81
10
50
63
9
98
83
28
39
28
4
19
19
85
85
44
61
53
29
43
17
64
89
38
22
7
7
14
34
70
98
85
75
92
14
41
11
61
31
70
48
62
4
24
60
58
31
15
52
94
49
46
64
64
4
80
11
89
94
47
72
78
73
48
92
99
32
12
70
60
41
86
30
4
97
20
21
92
61
18
48
18
95
64
69
41
67
39
73
41
71
66
19
47
36
91
66
45
17
10
32
27
27
70
67
72
24
88
22
51
53
28
6
70
18
31
13
44
97
4
6
6
32
61
13
58
36
14
8
23
9
44
32
90
89
67
57
45
79
74
15
58
37
5
82
46
79
15
99
16
9
30
55
49
56
77
94
4
5
54
12
20
36
92
50
83
63
48
52
60
96
42
47
49
24
83
35
19
56
23
57
63
50
82
5
48
72
2
47
91
75
68
69
22
29
72
6
87
36
70
55
97
31
91
12
13
56
39
83
17
27
95
28
29
25
85
99
76
87
94
81
100
31
58
28
87
30
48
21
38
43
9
92
7
34
93
98
72
82
56
80
33
22
95
56
8
54
27
12
86
59
12
19
9
30
9
74
38
11
93
26
42
19
53
49
5
40
38
23
88
93
51
82
3
74
100
47
37
40
12
41
14
78
11
2
60
14
7
63
25
47
13
36
92
16
7
75
75
49
61
73
15
29
62
98
68
45
16
42
92
55
83
71
92
43
20
4
69
68
96
7
51
72
88
83
76
90
63
46
86
81
59
88
100
18
5
11
13
38
86
95
77
77
17
64
49
67
45
85
61
11
43
42
58
24
28
73
36
24
45
21
8
45
61
24
45
16
47
71
59
60
81
93
35
70
5
37
94
47
3
91
21
66
64
97
56
34
62
23
3
66
28
63
74
29
74
78
75
38
52
65
66
57
58
40
26
19
5
78
89
93
24
84
25
7
69
57
38
47
56
28
49
46
35
61
13
71
4
17
19
80
2
14
1
68
45
25
76
2
7
41
72
63
43
14
17
83
65
36
54
64
91
45
38
70
52
85
73
17
92
95
8
4
45
61
51
93
93
18
54
40
23
28
16
90
62
93
98
89
8
44
90
69
63
72
19
32
75
26
13
8
95
31
15
38
10
51
77
41
51
20
76
37
86
16
34
28
56
6
65
48
7
71
8
25
10
29
30
79
92
48
47
77
82
84
44
25
62
83
98
63
80
26
31
66
27
48
37
70
34
14
54
87
41
18
20
96
91
20
49
62
30
68
62
80
29
56
93
58
5
72
11
2
66
84
14
59
16
22
33
53
1
12
7
52
93
13
13
62
56
55
75
45
20
61
9
31
17
19
66
94
98
12
11
66
89
8
98
44
84
40
5
98
99
94
86
13
77
62
95
28
26
68
43
52
91
85
38
96
89
50
100
52
30
72
26
79
12
72
68
32
1
56
22
83
89
75
50
90
29
49
10
100
19
23
41
73
54
15
68
27
97
84
12
11
27
98
8
13
1
72
89
100
2
32
26
99
56
82
76
17
25
69
10
57
26
73
19
41
48
29
68
20
42
46
80
23
43
64
13
99
89
12
38
89
56
91
84
63
70
45
46
87
78
49
89
12
78
1
85
8
85
80
67
4
80
8
27
32
12
94
72
30
9
51
74
38
69
92
30
94
32
82
53
87
32
94
44
49
19
5
6
8
90
63
58
60
8
92
49
91
37
51
9
63
38
47
67
19
66
24
24
71
86
71
62
37
1
92
89
25
42
37
66
84
51
19
9
25
68
84
89
11
79
62
69
95
42
53
28
29
41
91
81
5
19
15
82
69
47
1
38
15
96
25
36
99
90
89
12
79
83
17
68
6
28
16
25
12
9
96
100
73
19
27
88
67
1
29
43
71
76
16
13
55
46
88
12
78
58
41
18
99
22
93
79
82
28
62
14
40
67
75
13
3
90
55
63
72
35
73
68
10
48
14
78
40
85
63
25
75
59
5
64
38
67
73
25
47
100
88
82
83
84
42
87
89
82
71
78
10
16
81
17
45
30
67
82
1
15
80
100
56
42
12
7
7
57
45
91
68
4
70
91
28
40
21
57
51
28
73
42
97
30
48
49
46
10
96
87
4
46
23
4
64
98
78
55
19
37
12
25
98
30
42
86
74
97
15
91
81
85
7
7
1
90
32
65
29
63
64
39
19
60
30
26
34
25
34
79
28
85
37
79
31
96
91
11
56
75
62
37
80
15
11
76
96
81
53
21
87
57
9
19
26
99
40
63
74
48
62
11
35
89
1 195
1 240
1 332
1 996
2 132
2 176
2 544
2 1073
3 132
3 1443
4 717
5 588
5 1031
5 1763
5 1818
6 691
6 1304
6 1655
7 756
7 1564
7 1616
7 1976
8 1219
8 1872
9 1047
10 59
10 773
10 970
10 1635
11 898
12 230
12 506
13 354
13 371
14 444
14 976
14 1211
14 1291
15 333
15 605
15 1472
15 1786
15 1873
17 1321
17 1570
17 1924
18 413
18 1469
19 696
20 112
20 1522
20 1702
21 1533
22 578
22 635
22 807
23 1473
24 484
24 1289
24 1709
25 421
25 1149
25 1633
25 1663
26 235
26 400
26 915
27 607
27 1314
27 1414
27 1851
28 98
28 154
29 69
29 550
30 644
30 1360
31 456
31 1792
31 1877
32 206
32 1889
33 1891
34 749
34 1330
34 1517
35 134
35 464
35 495
36 1009
36 1094
36 1112
36 1883
37 958
37 1111
37 1347
38 753
38 1166
38 1233
38 1817
38 1885
39 689
39 1245
40 123
40 1101
40 1561
40 1638
40 1833
41 389
41 1269
42 808
42 1869
43 121
43 391
43 732
43 1493
44 399
44 934
44 1048
44 1378
44 1887
45 1163
45 1448
45 1563
45 1567
46 675
46 940
46 1509
46 1590
46 1602
47 350
47 475
47 1085
47 1659
48 722
48 901
49 1142
49 1816
49 1890
50 722
50 1036
50 1375
50 1910
51 94
51 280
51 752
52 134
52 230
52 289
52 1586
53 452
53 558
53 717
53 810
54 1668
55 168
55 1090
55 1280
55 1401
56 661
57 1588
57 1687
57 1854
58 225
58 774
58 1590
58 1803
59 262
59 910
59 1477
60 1223
61 480
61 1223
61 1473
61 1993
62 458
63 186
63 1095
63 1707
64 214
64 1467
64 1871
65 374
66 1748
67 297
67 372
67 437
67 641
67 849
67 1598
68 77
68 789
68 1059
68 1568
68 1873
69 523
69 661
69 1957
70 455
70 1259
70 1477
71 84
71 781
72 498
72 1726
73 387
74 903
75 94
75 375
75 856
75 1062
75 1211
75 1617
76 678
76 1918
77 702
77 832
77 1118
77 1693
77 1751
78 283
78 559
78 903
78 1863
79 124
79 245
79 329
79 1790
80 302
80 317
80 416
80 1132
80 1795
82 438
82 1170
82 1405
83 561
83 1170
83 1285
83 1402
83 1484
83 1596
84 194
84 390
84 647
84 846
84 1637
85 358
85 1222
86 986
86 1087
86 1162
86 1219
86 1481
86 1493
87 1266
87 1592
87 1901
88 188
88 481
88 1347
88 1849
89 1309
90 1797
90 1914
91 127
91 1254
91 1343
92 595
92 626
92 1169
92 1427
92 1537
93 629
93 635
93 1252
94 1051
94 1349
94 1647
95 418
95 1959
96 113
96 395
96 667
97 249
97 436
97 1339
97 1487
97 1743
98 268
98 676
98 1400
98 1643
98 1733
99 271
99 1537
99 1538
100 1460
100 1565
101 693
101 709
101 1105
101 1918
101 1921
102 136
102 454
102 1267
103 910
103 1343
103 1516
103 1559
104 243
104 264
104 396
104 565
104 1223
105 1591
106 825
106 1320
107 1512
107 1880
108 316
108 616
108 681
108 689
108 750
108 1055
108 1201
108 1278
108 1379
108 1397
108 1729
108 1918
109 1791
110 392
110 496
110 817
111 318
111 884
112 151
112 261
112 526
112 617
112 811
112 1252
113 1156
114 956
115 1199
115 1218
115 1315
116 1453
116 1952
117 219
117 1039
117 1219
117 1453
118 329
119 1888
120 1967
121 394
121 488
121 1200
121 1415
121 1418
122 196
122 252
122 267
122 608
122 1265
123 699
124 133
124 1055
124 1604
124 1748
125 620
125 661
125 1352
125 1477
128 619
128 1517
129 398
129 430
129 466
129 1037
129 1053
129 1803
130 426
130 1313
131 580
131 809
132 831
132 909
132 1282
133 628
133 1819
134 899
134 1383
135 1545
135 1587
136 937
136 1170
137 495
137 1103
137 1673
138 661
138 1395
139 1268
139 1389
139 1937
139 1975
140 1240
140 1651
140 1734
140 1813
141 357
141 1062
142 946
142 1181
142 1445
142 1945
143 1138
143 1245
143 1642
143 1968
144 343
144 681
144 1063
144 1381
145 1788
146 513
146 1619
147 1474
148 900
148 948
148 1113
149 341
149 520
149 629
149 859
149 1159
150 1499
150 1756
150 1926
151 1243
151 1565
151 1675
152 385
152 1348
152 1682
152 1902
152 1921
153 806
153 1086
153 1667
154 1304
154 1764
155 1548
156 167
156 510
156 651
156 791
156 881
156 1187
156 1526
157 1441
157 1767
158 226
158 1157
160 721
160 1468
161 288
161 356
161 832
161 1573
162 1020
163 576
163 890
163 1147
163 1257
164 974
164 1413
165 851
165 1310
166 276
166 431
166 772
166 893
166 1666
167 1099
167 1525
168 1732
168 1993
169 679
169 1275
169 1726
169 1970
170 785
171 398
171 675
171 695
171 1622
171 1664
171 1729
171 1843
171 1849
172 579
173 299
174 1418
176 278
176 395
176 410
176 1163
176 1622
177 459
177 469
177 1767
178 219
178 1246
179 1233
179 1707
179 1738
179 1968
179 1989
180 543
181 542
181 591
183 573
183 647
183 654
183 1143
184 1115
184 1965
185 1691
187 775
187 1086
187 1307
188 722
188 1232
189 254
191 386
191 1670
191 1865
191 1947
192 598
192 1436
193 200
193 925
193 1463
194 701
194 720
194 821
194 876
194 1894
195 327
195 1515
196 331
196 792
196 1026
198 234
198 297
198 1361
198 1877
199 996
199 1267
199 1940
200 504
201 270
201 526
201 528
201 1284
201 1294
201 1577
201 1860
202 298
202 1726
202 1900
202 1919
203 1328
204 604
204 719
204 1882
205 374
205 1267
205 1518
206 652
206 1383
206 1791
207 356
207 634
207 839
207 1010
207 1458
207 1835
208 277
208 1275
208 1684
209 991
209 1430
209 1607
209 1642
209 1791
211 703
211 1180
211 1836
212 305
212 1123
212 1365
213 293
213 415
213 450
213 930
213 1613
214 370
214 794
215 1282
215 1586
215 1991
216 924
216 1041
216 1813
217 504
217 565
217 1732
218 773
218 1089
219 766
219 1576
220 1409
221 388
221 813
221 1503
222 721
223 233
223 1499
223 1555
223 1797
225 863
225 1217
226 302
226 1374
226 1547
227 239
227 635
227 1390
228 463
228 832
228 946
228 1138
229 1135
230 1360
230 1698
231 422
232 624
232 1080
232 1166
232 1701
233 1562
234 495
234 587
235 1991
236 905
236 1468
236 1571
237 409
237 535
237 708
238 1915
240 529
240 737
240 848
240 1092
240 1396
240 1497
241 346
241 1424
241 1816
242 925
242 1594
242 1895
243 457
243 484
243 987
243 1218
243 1298
243 1694
243 1765
244 855
244 1369
245 485
245 723
245 1000
245 1179
245 1266
245 1892
247 581
248 829
248 1424
248 1588
249 675
249 1514
250 1238
250 1546
250 1650
251 1157
252 1085
252 1761
253 785
254 1604
255 658
255 1046
255 1492
256 336
256 1306
256 1922
256 1970
257 300
257 1834
258 289
258 292
258 597
258 1025
258 1099
258 1514
258 1965
259 417
259 921
259 1505
260 688
260 795
260 849
261 680
262 746
262 916
262 1018
262 1110
262 1786
263 545
263 1806
264 453
264 895
266 1322
267 1638
268 476
269 364
269 1026
269 1510
270 863
270 1541
271 827
272 468
273 1036
274 364
274 518
274 1615
274 1643
275 1506
276 550
276 1481
277 847
278 886
278 907
279 350
279 575
279 751
279 1095
279 1698
279 1790
280 1748
282 912
282 948
282 1908
283 1424
283 1583
283 1654
283 1880
284 471
285 1057
285 1299
286 1301
286 1568
286 1920
287 394
287 474
287 758
287 1209
287 1655
288 897
288 1324
288 1813
289 304
289 915
289 1063
290 766
290 1053
290 1988
291 973
291 1129
291 1621
291 1736
291 1883
292 1107
292 1491
292 1665
292 1711
293 518
294 1300
294 1653
295 1436
295 1493
295 1603
296 735
296 1076
296 1686
296 1820
297 1074
297 1146
297 1726
297 1926
298 387
298 1160
298 1917
299 425
299 554
299 1632
300 649
300 1960
301 743
301 1073
301 1524
302 701
302 1412
303 344
303 647
303 1010
303 1396
304 908
305 580
305 716
305 1406
305 1469
305 1709
306 937
306 946
306 1758
307 579
307 1137
308 720
308 804
308 835
308 1454
308 1756
309 511
309 1457
310 531
310 799
310 1119
310 1535
311 675
312 414
312 435
312 903
312 955
312 1020
312 1676
313 705
313 1924
314 504
314 1546
315 671
315 1723
316 414
316 609
316 1942
317 840
317 1108
317 1840
318 847
319 1375
319 1420
320 514
320 694
320 1603
320 1904
321 394
321 441
322 344
322 744
324 1589
325 1500
326 719
326 998
326 1096
326 1207
326 1227
327 1299
327 1373
329 1738
330 1193
331 1362
331 1648
331 1926
332 1317
332 1593
334 1061
334 1411
334 1488
334 1494
334 1679
335 851
337 739
338 420
339 658
339 873
339 1381
339 1861
340 618
340 666
341 1047
342 1386
342 1601
343 416
343 860
343 965
343 1071
343 1606
343 1981
344 607
344 875
344 879
344 882
344 1744
344 1831
345 1278
346 384
346 471
346 476
346 1259
346 1792
347 390
347 543
347 1167
347 1666
347 1978
348 1237
348 1424
349 480
349 592
349 1038
349 1604
350 575
350 806
350 1173
350 1339
351 1396
351 1435
352 1550
353 669
354 462
354 1189
355 1371
355 1396
355 1927
357 521
357 935
357 1500
357 1927
358 521
358 1055
358 1540
359 578
359 712
359 1064
359 1515
359 1725
359 1925
360 676
360 728
360 993
360 1334
361 793
362 1369
363 745
363 1073
363 1182
363 1636
363 1768
364 586
364 1803
365 770
365 884
365 1236
366 743
366 1280
368 1250
368 1320
368 1810
368 1915
369 1975
370 490
370 1749
371 691
371 694
371 1433
372 575
372 1190
373 725
374 441
374 787
375 1233
375 1958
376 1734
377 396
377 620
377 632
377 953
378 398
378 746
379 1679
379 1734
379 1998
380 634
380 915
380 1443
381 595
381 854
381 1414
381 1457
383 785
384 1005
384 1327
384 1643
385 719
385 900
385 1118
385 1825
385 1908
386 653
386 657
386 1284
386 1480
386 1554
387 591
387 1189
388 1560
389 487
389 594
389 1530
390 477
390 626
390 1360
391 504
391 607
391 1695
392 783
392 844
392 1039
392 1098
392 1950
394 735
395 399
395 992
396 953
396 1089
396 1241
397 676
397 811
397 1337
398 1198
398 1708
398 1802
399 1088
399 1400
399 1995
400 759
400 1780
400 1814
401 799
402 1581
403 558
403 1387
403 1681
403 1818
404 603
404 806
404 925
404 945
404 1615
404 1918
405 1189
406 553
406 576
406 734
406 1304
407 671
407 1166
408 1744
409 729
409 912
409 1364
410 1557
411 696
411 858
411 1131
412 1024
413 1810
414 441
416 1118
416 1198
416 1237
416 1748
417 602
417 851
417 1439
417 1904
418 475
418 1985
419 1076
419 1133
419 1288
419 1429
419 1446
420 864
420 1001
420 1379
422 1403
423 1136
424 842
424 1334
425 427
425 704
425 1007
426 743
426 1357
427 575
427 1008
427 1079
428 964
428 968
428 1768
429 1169
429 1602
430 1405
431 842
432 1245
433 826
433 1032
433 1841
434 448
434 863
434 1331
434 1690
435 1289
435 1858
436 1822
437 1697
438 1715
438 1984
440 735
440 801
440 1071
440 1209
440 1300
441 1541
442 879
442 1227
443 1665
444 932
444 1639
444 1888
445 522
446 484
446 667
446 1236
446 1891
447 1736
448 760
448 1046
448 1129
448 1446
448 1907
449 553
449 1247
450 672
450 870
450 940
451 567
452 1432
452 1556
452 1581
452 1999
453 1867
454 1917
455 569
455 1037
455 1104
455 1742
456 753
456 1053
457 502
457 663
458 687
458 1107
458 1851
459 1181
459 1509
461 717
461 838
461 1939
463 1841
464 1307
465 518
465 1573
466 1024
466 1858
467 865
467 1821
468 831
468 1704
469 1760
470 1620
471 1025
471 1287
471 1585
472 481
472 1520
473 818
473 875
473 1088
473 1689
474 951
474 1814
474 1972
475 1057
475 1213
475 1922
476 1173
476 1387
476 1432
476 1697
477 659
477 1252
478 935
478 1052
479 514
479 745
479 1561
479 1735
480 842
480 1009
480 1675
481 873
481 1062
481 1222
482 1779
483 1092
483 1457
484 536
484 709
485 797
485 1725
485 1890
486 722
486 1490
487 1461
487 1866
488 546
488 655
489 535
489 1603
490 517
490 1523
490 1700
490 1793
490 1797
490 1919
490 1992
491 561
491 614
491 641
491 1029
491 1201
491 1978
492 1153
492 1334
492 1414
492 1496
493 663
493 1950
494 1761
494 1949
495 791
495 1915
496 951
496 1155
496 1837
497 513
497 1041
497 1085
498 1082
498 1344
498 1466
498 1909
499 695
499 1515
499 1700
499 1833
500 1356
500 1994
501 1398
503 874
503 919
503 1060
503 1088
504 675
505 1120
505 1444
505 1706
506 979
506 1927
507 1372
508 834
508 1181
508 1482
508 1696
509 889
509 1164
510 582
510 678
510 1352
510 1884
511 1453
512 1165
513 1893
514 1263
515 638
515 1433
516 1899
517 543
517 877
517 1516
518 1440
518 1450
519 1353
519 1799
520 853
520 949
520 1229
520 1391
521 1633
523 899
523 1051
523 1377
523 1856
524 920
524 1185
524 1291
524 1894
525 1202
525 1250
525 1394
525 1798
526 1480
527 539
527 1549
527 1654
527 1658
529 682
529 1885
530 876
531 671
531 1081
532 1186
532 1910
533 1738
533 1859
534 1880
535 1089
535 1268
535 1351
535 1365
535 1371
536 758
536 917
536 1156
537 712
537 791
537 1035
538 1640
539 1266
540 1431
542 923
542 1322
543 855
543 1036
543 1511
544 875
545 583
545 1512
545 1846
547 955
547 1232
547 1833
548 748
548 913
549 1061
549 1273
549 1826
550 986
550 1049
551 1287
552 746
552 770
552 1674
553 1331
553 1706
554 607
554 655
554 764
554 1838
555 1271
555 1364
555 1898
556 1006
556 1175
556 1448
557 1950
558 1208
558 1301
558 1901
559 1207
559 1939
560 614
560 1530
560 1751
561 1545
561 1708
562 1475
562 1719
563 1376
563 1668
563 1873
565 636
565 702
565 987
565 1084
565 1903
566 662
566 1096
566 1783
567 706
568 1608
569 604
569 1051
569 1260
569 1415
569 1658
570 1221
570 1345
570 1961
573 672
573 1693
573 1733
574 641
574 1785
574 1807
575 763
575 1161
576 692
576 920
576 1386
576 1472
576 1834
577 1379
577 1550
578 1738
580 1655
582 795
582 1044
582 1290
583 1773
584 590
584 1922
585 587
586 661
586 1244
586 1953
588 986
588 1298
589 1956
590 705
590 909
590 1679
591 970
591 1891
592 767
592 888
592 1520
593 1363
594 706
595 602
595 627
595 1895
596 863
596 1127
596 1219
596 1248
596 1639
597 892
597 1176
597 1875
598 1155
598 1319
599 772
599 1841
600 789
600 942
601 946
601 1630
601 1825
603 753
603 1506
603 1956
604 1384
604 1829
604 1981
605 720
605 1384
606 924
606 1445
606 1983
607 1392
607 1858
607 1969
608 1533
608 1647
609 1110
609 1570
609 1645
610 767
610 1777
611 1191
611 1321
612 793
613 1015
613 1807
613 1913
613 1984
614 1382
615 1186
615 1236
615 1697
615 1840
616 1178
616 1892
619 1135
619 1419
619 1516
619 1737
619 1962
620 745
620 748
620 952
620 1601
620 1790
621 718
621 798
621 1741
621 1837
622 882
624 870
624 1272
624 1282
624 1918
626 898
626 1484
626 1650
626 1823
626 1982
627 822
627 1298
628 1110
629 1430
629 1842
630 932
630 1462
631 723
632 996
632 1365
632 1903
633 889
633 1863
634 721
634 1063
634 1321
634 1424
634 1433
636 1058
636 1545
636 1576
637 1071
637 1253
638 1188
638 1827
639 674
639 1075
639 1140
639 1797
640 785
640 1878
641 1093
641 1181
641 1973
641 1998
642 1420
642 1529
643 1072
643 1193
643 1284
643 1339
644 1787
644 1926
645 998
645 1682
646 698
646 1149
647 1601
647 1939
648 828
648 1846
649 811
649 909
650 1029
650 1383
650 1694
650 1900
651 1078
652 945
652 1125
652 1672
653 1342
653 1525
654 851
654 1368
654 1692
655 868
655 1077
655 1522
655 1818
656 996
656 1663
656 1837
658 1599
659 1704
660 1105
660 1335
661 1608
663 1113
663 1815
664 735
664 948
665 1913
666 773
666 1169
666 1285
666 1364
666 1778
666 1993
667 1020
668 1333
669 775
669 1148
669 1467
669 1994
670 797
670 945
670 1189
670 1250
670 1394
670 1704
670 1987
671 930
672 1063
672 1223
673 1318
674 1396
674 1588
674 1807
674 1919
675 797
675 866
676 1233
676 1354
677 1039
677 1149
677 1307
678 1190
678 1767
679 1452
680 1244
680 1280
680 1928
683 1475
683 1655
683 1765
684 1068
684 1543
684 1682
685 922
685 1166
686 1049
686 1876
687 910
687 1595
687 1893
688 1416
688 1696
688 1880
689 1945
691 1035
691 1420
692 1091
692 1217
692 1800
692 1838
692 1843
692 1856
692 1894
692 1956
693 978
693 1428
693 1706
694 1126
694 1483
695 1286
695 1405
695 1535
696 1489
696 1678
697 783
697 1782
698 974
698 1601
699 1146
699 1158
700 1402
701 871
701 1480
701 1739
703 943
703 1073
703 1825
704 1078
705 1967
707 1743
709 820
709 1602
712 1216
712 1887
713 1112
713 1260
713 1732
715 1389
715 1673
715 1819
716 894
716 907
717 776
717 1329
718 838
718 1262
718 1385
718 1518
718 1663
719 753
719 1212
719 1737
720 1113
720 1811
720 1812
721 1109
722 1037
722 1882
723 1173
723 1627
724 750
724 751
724 1263
724 1422
725 1341
725 1418
726 1407
726 1677
727 1091
727 1426
727 1547
728 1171
728 1313
728 1382
729 916
730 886
730 1351
731 1322
731 1563
732 1276
734 1045
734 1747
734 1993
735 963
735 1450
735 1668
735 1771
735 1894
736 1271
736 1561
737 1065
737 1794
738 1322
738 1540
738 1712
738 1821
739 975
739 1998
741 1852
742 762
742 1398
742 1622
742 1638
743 851
743 1235
743 1963
744 1403
744 1887
745 1433
746 791
746 1160
747 1150
747 1296
748 1690
749 947
750 1487
750 1815
751 983
752 1164
752 1489
752 1657
753 966
753 1372
754 863
754 941
754 1673
754 1742
755 1033
755 1663
755 1722
756 818
756 1256
757 1169
758 1075
758 1935
759 1394
759 1576
760 1015
760 1866
761 1632
762 1072
762 1947
763 1906
765 1257
765 1472
765 1947
766 1024
766 1392
766 1405
766 1674
767 1295
767 1585
768 1568
768 1600
768 1837
769 772
769 776
769 1129
769 1379
769 1701
770 1827
772 1002
772 1083
773 1317
774 1056
774 1927
775 1467
776 1979
777 827
777 1937
778 1455
778 1885
778 1992
779 888
779 1528
780 895
780 1668
782 833
782 1629
782 1917
783 940
783 1374
784 823
784 1604
785 1240
785 1680
786 1473
786 1488
786 1614
787 861
787 1208
787 1355
787 1359
787 1375
788 889
788 1080
788 1793
789 876
789 1705
789 1781
790 1672
791 1469
791 1840
792 949
792 1026
792 1053
792 1646
792 1979
793 1396
793 1469
795 1123
796 990
796 1150
796 1236
797 952
797 1132
797 1310
798 1680
800 925
800 1147
801 1855
802 1202
803 1475
803 1566
804 901
804 922
804 1082
804 1595
805 1274
806 1479
806 1655
807 1394
808 1283
808 1658
808 1673
808 1976
809 991
809 1539
809 1806
809 1985
810 1212
810 1355
810 1858
811 1185
811 1199
811 1761
812 1255
812 1560
812 1975
813 966
813 1591
815 1719
815 1865
816 1122
816 1768
817 1863
817 1933
818 1063
818 1182
820 829
820 897
820 1418
820 1551
821 874
822 1894
824 1189
825 854
826 1255
826 1284
828 1466
831 1102
832 1320
832 1780
833 1616
833 1913
834 1314
834 1577
834 1785
835 1241
836 957
836 1620
836 1994
837 1427
837 1509
838 1781
839 1357
840 1207
840 1716
840 1865
841 1981
842 1249
842 1933
843 1193
843 1474
844 1828
845 935
845 1815
845 1841
847 1131
847 1882
849 912
850 1700
850 1868
851 867
851 1103
852 969
853 857
853 1269
853 1687
854 1272
854 1978
855 1136
855 1354
856 1393
856 1937
857 1306
858 1456
858 1946
859 1099
859 1767
860 1333
860 1604
861 1153
861 1673
862 1526
862 1784
862 1870
863 1272
863 1277
863 1374
864 898
865 881
865 957
865 1388
865 1474
865 1817
866 1038
866 1996
867 1123
869 1048
869 1913
870 964
871 1222
872 1123
872 1436
872 1454
872 1938
873 1256
873 1731
874 1401
874 1405
874 1876
876 1341
877 1095
877 1526
878 1731
879 1176
880 1006
880 1555
880 1652
880 1945
881 1098
881 1472
882 1263
884 1382
886 1716
887 1423
887 1426
887 1571
887 1827
888 1515
889 918
889 1607
889 1844
890 1389
891 896
891 1412
893 911
893 921
893 1273
894 1164
894 1492
895 1730
896 1964
897 954
897 1817
898 1484
899 1060
899 1179
899 1426
899 1988
900 1482
902 1360
902 1440
902 1972
903 1853
905 914
905 1149
905 1223
905 1319
906 1191
907 1589
907 1689
907 1828
909 1428
911 1396
911 1629
913 1170
913 1800
914 1315
914 1833
914 1902
915 1120
915 1480
915 1851
915 1955
916 926
916 1508
916 1952
916 1996
917 1399
917 1898
918 1138
918 1567
919 1855
920 994
920 1503
921 1420
921 1542
922 1131
922 1210
922 1222
922 1248
923 1445
926 1810
927 1781
927 1919
928 1132
928 1332
928 1843
929 1049
930 1959
931 1710
932 1224
932 1234
932 1774
933 949
933 1182
933 1418
933 1877
933 1915
934 1517
934 1729
934 1880
936 984
936 1291
936 1460
937 1444
937 1581
940 1639
941 1316
941 1594
943 961
943 1289
943 1459
944 1761
945 1416
945 1505
946 960
947 1161
947 1417
950 1096
951 1689
952 998
952 1184
952 1500
953 1401
953 1737
954 1463
954 1589
955 1126
955 1129
955 1408
956 1136
957 1266
957 1329
957 1861
958 1072
959 1312
959 1571
960 1402
963 972
963 1585
964 1597
965 1120
965 1292
965 1414
965 1549
966 1951
967 1043
967 1743
969 1345
969 1733
969 1962
970 1809
971 998
972 1029
973 1593
973 1636
973 1933
974 1215
975 1218
976 1861
976 1923
976 1954
977 1427
977 1789
977 1954
978 1359
978 1453
978 1514
979 1118
979 1950
980 1796
982 1390
982 1637
983 1397
984 1503
984 1812
984 1963
985 1340
985 1631
985 1714
986 1233
986 1761
986 1962
987 1068
989 1957
990 1362
990 1781
991 1516
992 1133
992 1565
992 1798
994 1078
994 1783
996 1077
996 1479
996 1780
997 1172
997 1836
998 1462
998 1894
999 1558
999 1859
1000 1498
1000 1849
1001 1345
1002 1716
1002 1736
1002 1972
1002 1981
1004 1095
1005 1421
1006 1772
1008 1232
1009 1679
1011 1271
1011 1776
1012 1031
1012 1064
1012 1130
1013 1970
1014 1963
1015 1060
1015 1209
1015 1474
1015 1632
1017 1785
1019 1062
1019 1394
1019 1451
1019 1855
1020 1197
1020 1758
1022 1117
1022 1483
1022 1508
1022 1617
1022 1800
1023 1391
1023 1750
1024 1094
1025 1301
1025 1336
1026 1090
1026 1548
1027 1481
1027 1732
1027 1968
1028 1689
1028 1905
1029 1932
1029 1955
1030 1410
1031 1140
1032 1811
1032 1840
1033 1218
1035 1147
1035 1294
1035 1528
1036 1340
1037 1472
1038 1080
1038 1520
1039 1184
1040 1426
1040 1816
1041 1150
1041 1458
1041 1872
1041 1975
1042 1756
1044 1648
1045 1955
1046 1148
1046 1835
1048 1891
1049 1762
1051 1387
1051 1508
1051 1817
1052 1141
1052 1835
1053 1374
1053 1910
1053 1956
1055 1817
1055 1890
1056 1541
1058 1570
1059 1352
1059 1425
1060 1717
1062 1184
1062 1779
1063 1196
1063 1812
1063 1980
1064 1894
1065 1430
1065 1774
1066 1751
1066 1982
1067 1177
1067 1249
1068 1331
1069 1677
1069 1681
1070 1286
1070 1791
1071 1565
1073 1109
1074 1367
1074 1786
1075 1127
1077 1659
1078 1260
1078 1970
1079 1252
1080 1501
1081 1573
1082 1329
1082 1635
1083 1662
1084 1350
1085 1391
1085 1423
1085 1426
1086 1902
1087 1105
1087 1798
1089 1196
1089 1260
1089 1385
1089 1521
1091 1419
1091 1726
1091 1986
1093 1234
1093 1270
1093 1770
1094 1130
1094 1339
1094 1441
1095 1193
1096 1280
1096 1982
1097 1222
1098 1322
1099 1151
1099 1362
1099 1525
1099 1719
1100 1817
1101 1382
1101 1721
1102 1185
1102 1661
1103 1131
1103 1761
1105 1242
1107 1172
1107 1479
1107 1889
1107 1962
1108 1119
1108 1404
1109 1371
1110 1141
1111 1309
1112 1316
1113 1414
1113 1429
1114 1426
1114 1469
1114 1606
1114 1812
1114 1928
1116 1341
1116 1355
1117 1326
1119 1675
1122 1315
1122 1634
1122 1833
1122 1843
1124 1753
1125 1650
1126 1180
1127 1675
1127 1793
1129 1361
1130 1850
1131 1661
1131 1971
1132 1248
1132 1919
1132 1959
1133 1432
1133 1504
1133 1889
1135 1388
1135 1453
1135 1850
1135 1943
1137 1160
1138 1363
1138 1459
1139 1389
1140 1732
1141 1181
1141 1426
1141 1825
1141 1982
1142 1612
1142 1743
1144 1380
1144 1787
1144 1794
1144 1885
1145 1758
1146 1368
1148 1272
1148 1794
1149 1474
1149 1582
1149 1693
1150 1648
1150 1761
1151 1659
1156 1538
1157 1671
1157 1748
1158 1365
1158 1614
1158 1898
1159 1408
1159 1976
1160 1387
1161 1413
1162 1738
1162 1937
1164 1249
1164 1571
1166 1288
1166 1946
1168 1787
1168 1908
1170 1238
1170 1297
1170 1448
1170 1703
1171 1172
1171 1820
1172 1704
1172 1973
1173 1593
1175 1272
1175 1303
1175 1762
1175 1814
1175 1819
1176 1892
1177 1844
1179 1597
1179 1995
1180 1491
1180 1821
1181 1555
1182 1583
1184 1422
1184 1838
1186 1291
1186 1761
1187 1277
1187 1386
1188 1413
1190 1319
1190 1672
1191 1432
1193 1554
1193 1579
1193 1685
1194 1928
1194 1971
1195 1760
1195 1880
1196 1682
1196 1748
1197 1358
1197 1626
1198 1369
1200 1618
1201 1377
1201 1408
1201 1704
1201 1855
1202 1752
1202 1915
1203 1703
1204 1283
1204 1392
1207 1582
1208 1664
1208 1801
1211 1612
1211 1942
1212 1698
1214 1549
1215 1285
1216 1228
1216 1582
1217 1317
1219 1350
1219 1470
1220 1830
1221 1524
1221 1534
1221 1675
1222 1401
1224 1462
1225 1956
1225 1972
1226 1996
1229 1293
1229 1687
1230 1806
1231 1376
1231 1963
1232 1590
1232 1596
1232 1763
1232 1856
1233 1284
1233 1321
1233 1669
1233 1775
1233 1878
1234 1662
1236 1425
1238 1472
1238 1548
1239 1817
1242 1440
1245 1392
1246 1293
1246 1969
1247 1643
1247 1724
1251 1633
1251 1833
1251 1966
1252 1266
1252 1289
1253 1496
1253 1627
1254 1476
1254 1669
1255 1367
1257 1322
1257 1440
1257 1943
1259 1705
1262 1460
1264 1729
1264 1784
1264 1949
1265 1813
1265 1919
1266 1934
1267 1324
1268 1460
1269 1725
1269 1883
1271 1396
1271 1739
1273 1874
1275 1765
1276 1308
1276 1836
1276 1969
1277 1723
1278 1988
1279 1544
1279 1647
1279 1747
1280 1785
1282 1497
1283 1336
1284 1515
1285 1484
1285 1961
1286 1710
1287 1593
1287 1644
1289 1829
1293 1554
1293 1777
1293 1849
1295 1980
1296 1474
1296 1928
1299 1601
1300 1904
1301 1690
1302 1693
1302 1870
1304 1772
1304 1923
1305 1344
1305 1632
1306 1926
1307 1604
1307 1711
1308 1812
1309 1428
1309 1612
1310 1597
1310 1808
1311 1792
1311 1821
1311 1952
1316 1440
1316 1491
1316 1681
1318 1814
1318 1953
1319 1402
1319 1481
1319 1706
1320 1696
1321 1525
1322 1549
1322 1580
1323 1552
1323 1723
1324 1630
1325 1835
1327 1347
1327 1513
1328 1378
1328 1866
1330 1463
1332 1337
1332 1629
1334 1635
1334 1987
1335 1891
1340 1720
1342 1577
1342 1932
1343 1349
1343 1761
1343 1985
1346 1576
1347 1402
1349 1961
1351 1765
1352 1673
1352 1939
1353 1711
1354 1621
1357 1404
1360 1479
1360 1522
1360 1959
1361 1447
1361 1682
1361 1714
1362 1491
1364 1665
1364 1857
1364 1907
1369 1391
1371 1694
1371 1703
1372 1493
1372 1583
1372 1904
1374 1650
1374 1974
1375 1629
1375 1655
1377 1662
1377 1708
1378 1500
1380 1751
1381 1988
1382 1681
1383 1587
1384 1497
1384 1572
1385 1877
1386 1442
1386 1718
1387 1828
1388 1729
1391 1690
1393 1402
1394 1545
1394 1802
1395 1451
1395 1526
1395 1957
1397 1433
1397 1605
1397 1685
1398 1643
1399 1665
1402 1778
1403 1777
1403 1970
1405 1411
1405 1454
1408 1928
1409 1680
1409 1762
1410 1702
1410 1948
1410 1984
1411 1507
1411 1783
1412 1443
1412 1819
1413 1444
1413 1795
1414 1692
1415 1693
1416 1680
1417 1643
1417 1973
1421 1587
1423 1502
1426 1665
1428 1757
1430 1946
1437 1544
1439 1525
1439 1927
1441 1612
1441 1962
1442 1499
1442 1814
1445 1929
1446 1590
1446 1712
1446 1724
1446 1989
1447 1498
1447 1763
1448 1863
1449 1499
1450 1729
1450 1992
1451 1605
1451 1694
1452 1872
1455 1962
1456 1713
1456 1747
1457 1666
1458 1469
1458 1594
1461 1493
1462 1604
1462 1910
1468 1772
1468 1803
1470 1936
1470 1974
1471 1501
1473 1846
1474 1727
1475 1490
1476 1635
1477 1575
1478 1960
1480 1910
1481 1960
1482 1638
1484 1492
1484 1613
1485 1765
1485 1974
1486 1623
1487 1987
1493 1942
1496 1743
1498 1967
1499 1889
1500 1638
1501 1943
1502 1873
1502 1886
1502 1913
1503 1619
1506 1882
1506 1934
1507 1545
1507 1826
1507 1827
1508 1800
1511 1576
1514 1873
1515 1859
1517 1616
1521 1661
1521 1721
1523 1841
1530 1919
1531 1583
1531 1601
1531 1736
1535 1907
1536 1851
1538 1787
1539 1912
1541 1586
1541 1805
1542 1971
1543 1659
1544 1832
1545 1693
1547 1651
1549 1713
1550 1685
1551 1909
1553 1976
1557 1741
1557 1941
1558 1869
1558 1964
1562 1952
1568 1669
1569 1709
1569 1805
1570 1800
1571 1765
1573 1811
1574 1772
1577 1660
1577 1728
1577 1821
1578 1666
1578 1726
1582 1657
1582 1939
1583 1847
1586 1719
1586 1757
1587 1589
1589 1883
1592 1752
1594 1635
1596 1680
1597 1706
1600 1679
1600 1821
1600 1903
1601 1941
1602 1783
1602 1846
1603 1687
1606 1934
1607 1874
1609 1700
1609 1921
1612 1728
1619 1913
1620 1833
1622 1936
1625 1635
1625 1741
1625 1929
1629 1952
1630 1823
1631 1862
1631 1930
1632 1753
1633 1905
1634 1884
1642 1829
1644 1754
1654 1655
1656 1898
1656 1914
1661 1840
1665 1802
1666 1937
1667 1821
1670 1934
1671 1922
1671 1957
1676 1698
1677 1900
1677 1912
1678 1739
1679 1709
1684 1692
1684 1880
1685 1868
1688 1893
1688 1932
1689 1705
1689 1848
1689 1911
1690 1981
1691 1715
1693 1942
1701 1812
1715 1729
1721 1976
1725 1947
1726 1752
1726 1916
1728 1818
1737 1896
1738 1936
1741 1887
1741 1890
1742 1761
1742 1788
1742 1942
1750 1814
1753 1882
1761 1899
1762 1763
1766 1913
1767 1790
1767 1955
1770 1774
1772 1914
1774 1870
1777 1967
1780 1829
1783 1998
1785 1906
1785 1956
1790 1851
1791 1864
1792 1839
1801 1990
1802 1858
1802 1922
1807 1971
1811 1889
1812 1898
1812 1964
1813 1832
1815 1826
1819 1954
1820 1862
1820 1960
1829 1841
1839 1972
1843 1964
1847 1900
1850 1853
1853 1865
1863 1877
1866 1940
1868 1895
1877 1931
1877 1967
1890 1976
1903 1943
1913 1986
1913 1987
1917 1990
1928 1966
1940 1956
1961 1982
1971 1982
1974 1996
