2000 3044
59
21
98
18
83
43
66
18
1
47
74
74
91
55
58
79
25
77
87
78
11
24
84
2
32
66
71
41
50
77
49
38
67
67
67
14
5
1
52
15
6
77
63
21
24
29
82
19
69
1
88
48
91
17
5
69
99
48
9
77
45
40
37
90
79
2
89
15
13
16
74
53
89
8
61
6
56
97
3
39
39
9
7
41
17
13
82
9
55
86
62
56
29
33
35
33
65
97
80
12
81
36
100
52
1
66
36
28
19
56
7
62
52
5
40
65
13
98
1
23
94
79
96
79
96
85
43
61
20
55
98
90
26
30
56
28
9
81
88
9
68
34
7
31
19
73
14
90
46
16
94
61
98
69
14
71
26
84
2
98
3
91
32
87
30
98
26
50
25
4
75
77
48
37
87
15
41
10
90
63
32
67
43
31
93
10
15
29
18
51
14
12
43
23
93
22
28
68
38
54
64
79
18
80
83
80
23
98
53
54
61
70
27
25
72
5
69
52
36
12
100
70
77
36
28
16
46
39
53
83
20
80
6
68
10
67
45
2
36
1
48
47
6
24
41
65
1
51
32
83
33
40
77
31
96
9
75
2
66
69
54
66
33
6
89
29
77
39
79
82
32
12
16
22
49
33
24
94
96
6
41
96
2
95
95
51
88
65
5
100
54
92
26
23
77
32
53
59
1
1
26
25
28
67
12
23
83
92
42
81
15
48
8
51
6
11
69
17
13
18
63
45
74
98
85
67
92
52
63
20
60
48
69
79
60
23
18
11
95
62
22
48
60
100
5
36
52
70
19
69
45
90
51
87
2
76
6
34
63
36
94
6
45
56
59
66
45
96
24
88
99
42
79
50
69
61
5
6
9
32
85
60
39
55
66
28
100
69
32
49
22
15
60
5
37
31
12
18
95
94
43
53
42
62
69
31
91
58
93
60
18
82
76
28
38
93
96
13
40
50
98
81
8
28
37
23
13
11
61
72
48
81
9
12
55
80
26
22
63
49
7
56
46
3
52
32
63
71
46
32
10
75
46
25
23
95
97
61
56
5
96
41
36
95
10
94
37
72
15
46
86
61
60
30
88
60
82
15
80
27
78
95
20
83
9
72
44
31
73
32
15
81
85
37
39
80
9
86
16
25
38
86
67
99
9
58
16
64
87
63
14
30
79
5
13
27
90
64
84
66
24
69
86
30
90
55
1
27
53
7
25
6
7
23
58
75
26
60
61
48
89
34
37
71
34
15
51
5
76
64
89
10
2
100
10
46
43
47
50
7
44
47
59
40
90
90
13
91
62
71
95
66
4
50
3
19
76
32
58
27
26
9
40
51
75
99
85
89
45
7
15
92
45
16
89
37
46
70
76
26
9
34
58
94
3
76
59
96
67
78
37
31
68
21
37
81
23
77
29
93
78
16
45
11
32
12
100
44
54
46
76
24
25
57
19
19
41
17
38
32
21
70
40
78
44
85
99
67
62
17
17
84
19
86
27
62
91
64
36
52
4
51
40
30
22
44
2
87
73
96
46
55
50
47
70
77
21
90
4
99
28
100
62
28
67
59
24
6
87
50
29
51
47
67
77
36
52
39
67
44
59
48
36
96
73
18
39
70
37
8
47
79
27
88
90
34
88
98
43
54
80
85
33
31
11
31
78
5
65
69
51
41
64
99
10
20
5
50
39
40
93
77
76
38
96
9
38
53
93
28
57
29
57
96
17
34
99
67
90
32
4
7
98
85
98
37
85
56
39
48
70
37
44
65
93
87
98
26
17
37
17
40
69
61
94
80
40
59
83
28
99
73
77
50
19
56
27
18
59
43
75
3
93
49
9
16
93
44
21
28
37
28
88
67
99
15
26
32
61
5
2
52
61
96
58
95
43
3
87
58
100
13
79
18
71
93
9
77
41
99
65
69
48
89
1
1
70
41
15
42
89
54
20
12
29
1
92
35
61
36
72
88
92
41
22
16
39
81
7
99
61
45
37
79
44
92
29
45
16
51
34
11
43
66
74
61
81
4
29
93
28
2
94
48
84
53
54
98
7
68
56
29
73
52
42
2
48
21
20
21
18
51
4
67
33
19
45
55
1
89
73
90
41
48
60
17
25
48
98
71
24
92
51
71
43
46
28
75
45
60
95
89
11
49
68
37
41
9
97
99
57
11
17
33
17
64
87
50
71
77
81
86
28
19
22
34
87
49
24
80
33
85
62
2
68
52
21
88
83
55
22
40
10
63
54
11
55
50
41
96
30
2
91
87
79
50
86
88
51
52
93
19
89
96
17
52
59
60
81
21
48
32
21
66
86
39
20
65
44
30
54
35
46
91
27
53
72
83
90
74
58
94
11
25
78
27
29
17
12
38
100
37
37
73
69
62
46
1
11
14
3
79
85
41
15
95
44
23
97
58
92
9
53
25
67
33
4
77
81
82
76
62
84
54
79
77
13
83
96
52
65
80
72
48
47
38
74
69
71
33
99
34
54
21
87
91
20
44
65
27
76
52
71
3
93
93
7
7
54
11
10
76
35
29
31
85
3
13
75
60
42
66
73
70
49
37
47
45
87
41
98
60
63
82
8
28
50
35
88
59
40
20
19
15
37
82
39
77
76
65
36
16
1
68
30
3
35
48
86
41
43
46
66
92
12
73
74
11
61
22
42
97
34
98
26
77
86
34
99
16
38
28
14
82
43
42
22
78
24
50
43
98
43
32
49
25
76
68
97
89
9
28
4
11
7
58
99
65
61
72
13
94
92
47
26
70
94
1
98
8
24
65
45
12
69
10
75
11
57
30
53
74
26
47
80
14
32
67
59
74
47
100
75
3
46
23
99
3
60
26
59
40
83
85
20
63
5
73
7
57
33
61
94
4
78
98
10
10
20
61
26
26
100
44
53
96
64
82
48
33
60
1
27
16
51
19
23
78
24
89
58
22
29
34
67
10
74
57
65
2
98
67
67
7
48
81
98
63
89
80
45
13
43
60
1
54
2
12
20
76
37
53
5
17
22
37
74
75
13
34
56
42
47
24
84
82
48
49
73
76
51
55
48
91
90
1
66
67
69
97
60
62
94
6
18
29
15
24
93
94
18
3
50
43
64
68
53
81
87
39
73
50
97
21
78
81
11
7
44
77
75
78
100
35
77
11
58
29
58
95
77
25
61
49
6
94
2
96
41
45
35
32
3
26
71
96
93
7
20
87
26
97
45
64
42
21
51
79
29
32
86
43
35
94
3
68
20
23
79
3
3
75
64
4
31
36
53
25
87
91
37
27
96
22
76
39
48
42
31
24
53
79
85
57
2
4
44
97
19
2
70
48
98
41
52
8
94
34
12
47
41
19
94
24
62
85
20
39
15
77
24
20
94
23
41
77
6
44
74
34
43
38
5
45
83
67
49
25
10
77
10
61
83
73
99
96
76
45
91
76
60
24
42
25
61
21
19
97
3
21
42
1
63
47
17
74
52
47
40
82
77
69
10
64
68
41
57
22
61
86
15
68
24
76
35
43
7
1
33
38
82
59
34
13
32
54
86
47
35
9
7
67
43
25
13
95
41
80
75
4
98
36
1
80
100
51
3
94
28
18
31
96
33
19
61
72
5
61
8
3
63
12
17
32
34
93
65
19
23
41
8
56
5
25
97
77
81
46
80
23
31
26
94
19
38
79
67
42
93
76
96
34
74
95
3
96
16
45
48
37
26
18
33
54
90
83
65
2
95
82
20
92
4
27
36
30
37
27
28
14
39
96
50
66
9
95
61
20
21
67
79
52
57
88
43
74
83
57
74
38
64
76
48
59
2
5
37
17
74
6
3
99
82
16
44
35
83
54
87
7
57
98
50
36
33
33
30
67
7
55
59
11
90
73
92
91
22
46
92
46
43
24
66
92
16
15
77
97
56
29
77
95
88
65
86
15
12
39
6
17
79
36
44
27
18
83
93
46
64
24
73
47
77
99
30
85
22
14
21
57
2
33
25
4
24
100
98
71
59
4
45
68
9
45
53
37
3
45
68
64
76
61
96
59
1
74
67
91
19
30
12
39
76
34
65
9
32
63
4
71
43
53
4
80
2
82
20
41
95
90
18
73
97
50
99
82
20
77
30
60
83
64
68
75
24
17
36
68
91
87
69
98
30
92
24
50
10
52
82
63
25
36
9
26
4
12
79
56
86
73
25
12
31
50
57
84
66
78
40
86
71
41
45
19
51
74
21
37
70
29
16
49
67
66
29
69
31
98
47
8
15
50
48
96
49
17
72
57
35
47
79
8
14
97
70
3
40
76
66
44
43
32
3
24
58
51
5
22
75
73
76
85
59
58
96
94
62
60
17
32
55
88
33
34
71
62
74
31
15
98
19
37
70
37
39
4
66
86
1
1
43
72
24
71
93
89
73
60
58
6
74
83
94
34
48
81
1
11
61
100
89
9
44
29
82
54
87
18
18
61
8
12
22
13
7
45
40
31
31
15
62
74
20
7
9
3
79
6
66
15
1
99
57
54
63
56
33
60
79
97
83
62
44
21
54
42
90
44
16
47
0 400
0 1276
0 1388
1 733
2 153
2 291
2 495
2 1087
2 1664
3 328
3 657
3 1004
4 199
4 612
5 65
5 528
6 265
6 934
6 1233
6 1729
6 1833
7 733
7 1085
7 1216
7 1396
8 746
8 1671
8 1810
9 1007
9 1132
9 1488
10 292
10 595
10 747
11 75
11 1737
12 411
12 727
12 1448
13 246
13 568
13 1039
14 460
14 1617
14 1771
15 1023
15 1611
15 1959
16 394
16 1343
17 869
17 1940
18 468
18 621
18 1777
18 1813
19 464
19 485
19 794
19 1470
20 613
20 661
20 1519
20 1538
21 447
21 1018
21 1099
21 1448
22 544
22 993
22 1357
23 1749
23 1888
23 1936
24 1644
25 758
25 1292
26 449
26 799
27 738
27 1715
28 823
28 932
28 1452
28 1820
29 1332
31 577
31 580
31 651
32 53
32 69
32 1146
32 1543
32 1926
33 725
33 1155
34 1025
34 1487
35 333
35 828
35 1295
35 1437
36 163
36 935
36 1775
37 73
37 712
37 1630
38 110
38 912
38 1269
38 1291
38 1826
39 62
39 339
39 407
39 900
39 1789
40 536
40 1382
41 582
41 1349
41 1927
42 122
42 430
42 965
42 1010
42 1088
42 1111
42 1231
42 1277
43 76
43 444
43 1376
43 1542
43 1720
44 288
44 369
44 998
44 1578
45 488
45 619
45 1093
45 1816
46 1649
46 1825
47 509
47 954
47 1567
48 68
48 668
48 853
49 119
49 1063
49 1105
50 1214
51 1715
51 1944
52 264
52 540
52 742
52 868
52 1350
52 1896
53 1989
54 220
54 234
54 1285
54 1880
55 659
55 1243
56 389
56 516
56 1402
57 730
57 1328
58 340
58 392
58 510
58 857
58 1101
59 90
59 1618
59 1985
60 459
60 1198
60 1563
61 87
61 130
61 1839
62 497
62 795
62 1020
63 80
63 428
63 612
63 689
63 1886
64 1672
64 1731
65 94
65 635
66 1094
66 1131
66 1144
66 1703
67 502
67 571
67 1384
68 1986
69 339
69 773
69 789
69 849
70 1322
70 1964
71 1007
71 1645
71 1888
72 97
72 1568
73 894
73 1737
74 101
74 1696
75 224
75 484
75 1453
75 1544
76 1154
77 362
77 1246
78 977
79 432
80 308
80 1030
81 1554
82 554
82 734
82 937
82 1625
83 179
83 332
83 1101
83 1139
83 1352
84 986
84 1555
85 553
85 1059
85 1421
85 1643
86 242
86 490
86 559
86 1137
87 651
87 852
87 962
87 1418
87 1863
88 121
88 495
88 1052
88 1237
88 1933
88 1958
89 776
89 1341
89 1509
89 1543
90 1866
90 1910
90 1914
91 1040
92 1685
92 1696
94 216
94 1491
95 590
95 815
95 885
95 1103
95 1229
95 1312
95 1513
95 1677
96 723
96 1132
96 1741
96 1889
97 505
97 527
97 799
97 1253
98 521
98 942
99 1454
99 1867
100 232
100 1232
100 1333
100 1448
100 1544
101 174
101 562
101 681
101 753
101 915
102 1070
102 1546
103 802
103 1712
104 892
104 998
105 151
105 652
105 1914
106 923
106 990
106 1452
107 711
107 833
107 1678
108 776
108 1051
108 1868
108 1889
109 115
109 540
109 701
109 1288
109 1476
109 1796
111 820
111 920
111 1459
112 196
112 1010
113 1605
113 1707
114 431
114 649
114 706
114 784
115 1081
115 1497
115 1502
116 1720
117 987
117 1346
118 258
118 759
118 859
120 220
120 390
120 1060
120 1787
120 1975
121 792
121 925
121 1194
121 1805
122 274
122 626
123 649
123 923
124 411
124 1449
125 722
125 874
126 318
126 536
126 1466
128 315
128 1305
128 1870
129 978
129 1012
129 1984
130 192
130 475
130 632
130 1282
131 486
131 1534
131 1673
132 1020
132 1224
132 1797
132 1846
132 1888
133 881
133 1902
134 372
134 991
135 440
135 1199
135 1386
135 1963
136 368
136 789
136 874
136 951
136 1334
136 1509
137 1104
137 1667
138 680
138 905
138 1557
138 1971
139 659
139 722
139 839
139 1686
139 1727
140 520
140 977
140 1175
140 1514
141 1958
142 405
142 875
142 1183
142 1545
143 587
144 313
144 558
144 950
145 1382
146 680
146 1006
146 1018
146 1534
146 1665
146 1798
147 509
147 524
147 684
147 1393
148 499
148 591
148 745
148 891
148 1030
149 709
149 1792
150 574
151 155
151 510
151 1098
151 1327
152 1899
153 212
153 1056
153 1388
153 1611
153 1829
153 1845
154 1383
155 360
155 776
155 1213
155 1839
156 1210
156 1480
156 1617
157 409
157 668
157 1917
158 390
158 417
158 1923
159 687
159 1462
160 1331
161 1167
161 1209
162 485
162 1024
162 1198
162 1382
162 1730
163 263
163 1052
163 1287
163 1476
164 1919
165 837
165 1183
165 1658
166 506
167 305
167 1169
168 1657
168 1726
169 488
171 885
171 1030
171 1572
171 1907
171 1973
172 760
172 866
172 1948
173 208
173 495
173 643
174 1075
175 313
175 770
175 786
175 1529
175 1695
176 1423
176 1659
176 1813
177 419
177 555
177 1016
177 1638
178 1064
179 338
179 652
179 1445
180 1584
180 1819
181 295
181 1202
182 426
182 907
182 963
182 1062
183 1564
184 628
184 1371
184 1404
184 1751
185 991
185 1486
185 1560
186 976
186 1612
187 245
187 610
187 746
187 914
187 944
187 1964
188 1163
189 372
189 1998
190 303
190 479
190 560
191 1835
192 265
192 1419
192 1506
193 753
193 1054
194 243
194 1020
195 890
196 1036
197 265
197 272
197 1170
198 1720
198 1895
199 1489
200 870
200 1687
200 1734
201 469
201 904
201 1265
201 1322
201 1394
202 879
202 956
202 1510
202 1931
203 244
203 260
203 1128
204 571
204 693
204 694
204 722
204 1811
205 1750
206 244
206 666
206 1018
206 1501
206 1505
206 1746
207 273
207 1073
208 1903
209 576
209 788
210 253
210 1437
211 282
211 490
211 901
211 1326
212 339
213 248
213 1549
213 1821
214 861
215 923
215 1951
215 1957
216 543
216 1084
216 1195
216 1260
216 1792
216 1921
217 1304
217 1338
217 1999
218 619
218 1350
219 1147
220 669
220 733
220 1051
220 1141
220 1801
220 1824
220 1950
221 1314
221 1545
221 1730
222 753
222 877
222 1430
222 1649
223 368
223 431
223 1835
224 1072
224 1522
225 253
225 1417
226 1422
227 256
227 299
227 729
227 1795
227 1929
228 642
228 1086
228 1308
229 1135
230 1616
231 954
231 1373
231 1841
232 1260
233 357
233 1316
233 1716
234 236
234 645
234 1037
234 1528
234 1735
234 1806
235 878
235 1362
235 1383
235 1936
236 1019
236 1659
237 508
237 949
237 1229
237 1528
237 1939
238 384
238 462
238 1261
238 1306
238 1856
239 325
239 1362
239 1565
239 1705
240 832
240 1799
241 1551
241 1774
242 366
243 1079
243 1161
243 1340
243 1614
244 390
244 1007
244 1374
244 1669
245 248
245 368
245 601
245 1188
246 767
246 958
246 984
247 882
247 1017
248 1664
248 1896
249 668
249 1341
249 1399
249 1758
250 446
250 658
250 1312
251 872
251 1347
251 1717
252 944
253 676
253 927
255 769
255 983
255 1315
255 1727
256 371
256 497
256 1470
257 266
258 855
258 1171
258 1944
259 913
259 1185
261 478
261 580
261 1032
261 1402
261 1742
262 564
262 609
262 790
262 1105
264 1644
265 482
265 526
265 904
265 1799
266 561
266 807
267 673
268 556
268 720
268 734
268 1034
268 1561
268 1763
269 1203
270 1133
271 288
271 403
271 1353
272 477
272 505
272 1822
273 553
273 806
273 882
273 989
273 1658
273 1751
275 1321
275 1348
276 563
276 754
276 818
276 890
276 1186
276 1574
276 1617
276 1656
276 1926
278 391
278 1075
278 1520
278 1669
278 1744
278 1826
278 1914
279 331
279 1442
279 1929
280 324
283 473
283 964
283 1154
283 1307
283 1520
283 1878
284 959
284 1103
286 644
286 931
286 1238
286 1419
287 408
287 1403
287 1619
287 1703
288 426
288 445
288 1223
288 1768
289 1092
289 1505
289 1680
289 1814
290 1819
291 1198
292 1722
292 1855
293 504
293 1187
293 1563
294 350
294 408
294 551
294 565
294 1209
294 1442
294 1513
294 1640
295 1995
296 1298
296 1599
296 1926
297 335
297 378
298 472
298 1106
299 1085
299 1784
300 584
300 1312
300 1650
300 1867
301 1158
301 1522
301 1768
302 654
302 850
302 922
302 1277
302 1308
302 1608
302 1713
302 1736
303 888
304 360
304 487
304 1077
304 1696
306 889
307 1383
309 1896
310 451
310 1552
311 1168
311 1392
311 1932
312 502
313 773
313 1298
313 1548
313 1863
314 609
314 786
314 802
315 827
316 975
316 1805
317 947
317 1147
318 327
318 700
318 1020
318 1583
320 520
320 547
320 935
320 1972
321 405
321 414
321 1426
321 1514
322 1633
323 869
323 1018
323 1563
324 541
324 629
324 1038
324 1114
325 1165
325 1582
326 1278
326 1873
327 412
327 537
327 1097
328 398
328 1126
328 1503
328 1524
328 1553
329 343
330 901
331 800
332 408
332 1570
333 550
333 1924
334 691
334 1071
334 1496
335 1633
337 1492
337 1533
337 1668
339 657
339 1773
340 491
341 656
342 1800
342 1952
343 455
343 739
343 925
344 1384
344 1843
345 570
345 685
345 1616
345 1740
346 997
346 1256
346 1469
347 1760
348 770
348 928
348 1103
349 779
350 1262
350 1918
351 681
351 740
351 845
352 464
352 1129
353 1639
354 533
354 772
354 1105
354 1620
354 1908
355 687
355 706
356 691
356 911
357 376
357 1296
357 1353
358 403
358 1965
359 605
359 1924
360 1451
361 962
361 1002
361 1313
361 1969
362 571
362 1872
363 364
363 1451
364 1338
364 1544
365 506
366 596
366 687
366 924
367 1464
367 1722
368 1094
369 634
370 664
370 904
371 975
372 1288
372 1488
373 1697
373 1837
374 1588
374 1777
375 710
376 975
376 1142
377 637
377 757
377 1807
379 922
379 1587
379 1594
379 1874
381 1835
382 1481
382 1538
383 1966
383 1996
384 693
385 1413
385 1900
386 682
386 1752
387 903
387 1675
387 1755
388 1722
389 701
389 1450
389 1817
390 883
390 980
390 1122
392 1701
393 869
393 1617
393 1792
394 1116
394 1151
394 1290
394 1511
394 1754
394 1872
395 1029
395 1266
395 1462
395 1917
396 512
396 1860
398 802
398 1274
398 1374
398 1399
398 1881
398 1940
399 691
399 821
399 1705
399 1840
400 763
401 490
401 555
401 714
401 786
403 972
403 992
403 1417
404 571
404 1609
405 1002
405 1058
405 1546
405 1882
406 821
406 956
407 1042
407 1916
408 1578
410 1022
411 894
411 946
411 1927
413 1089
413 1455
413 1725
413 1780
414 464
414 1060
414 1916
415 514
415 1135
415 1442
415 1694
416 1126
416 1275
416 1331
416 1872
417 846
417 1115
417 1649
418 776
418 789
418 898
418 1354
418 1797
418 1839
419 621
419 1819
420 934
420 1925
421 633
421 1062
421 1257
421 1960
422 1493
423 1222
423 1327
423 1371
423 1630
424 692
424 1255
424 1430
425 448
425 920
425 1367
426 870
427 687
427 1789
427 1809
428 493
428 1313
429 739
429 946
429 1709
429 1927
430 724
430 1562
431 458
431 707
432 1213
432 1504
433 822
433 1049
433 1545
433 1790
434 554
434 674
434 889
434 1332
434 1855
435 797
435 847
436 638
436 834
436 1518
437 983
437 1928
438 598
438 1498
438 1718
438 1724
438 1938
439 945
439 1635
439 1935
440 597
440 796
440 1297
440 1713
441 825
441 1344
441 1560
441 1731
442 575
442 1401
443 1680
444 551
444 666
444 856
444 1497
444 1761
445 758
445 1145
445 1739
446 1407
447 1819
449 612
449 791
449 1241
449 1393
451 619
452 861
452 1576
453 1122
453 1135
453 1944
454 513
454 1453
454 1750
454 1875
455 725
455 1044
455 1170
458 1051
459 713
459 1039
459 1935
460 861
460 1635
461 1164
461 1759
462 777
464 720
465 563
465 1469
465 1581
466 477
466 775
467 988
468 994
468 1398
470 1213
470 1226
471 791
471 1075
471 1103
471 1555
471 1646
471 1987
472 632
472 814
472 1277
472 1286
473 813
473 920
473 1720
474 805
474 1251
474 1270
474 1947
475 502
475 1062
475 1919
476 815
477 810
477 1213
477 1940
478 1309
479 829
479 1229
480 758
480 1332
480 1385
480 1713
481 881
481 1054
481 1831
482 1124
482 1450
483 524
484 578
484 1384
484 1672
484 1878
485 685
485 919
485 1662
485 1760
485 1824
486 966
486 1616
486 1777
486 1923
487 1648
488 747
488 1806
488 1934
489 823
489 1467
490 554
490 1895
491 839
492 1431
493 896
493 905
493 1145
493 1309
493 1559
493 1875
493 1957
494 893
495 785
496 1862
497 535
497 1145
498 1143
499 1180
499 1943
499 1962
500 953
500 1228
501 669
501 975
501 1682
502 1012
502 1306
502 1335
502 1423
502 1800
502 1852
503 1859
505 651
505 1415
505 1987
506 777
506 1175
506 1479
507 672
507 677
507 747
507 1100
507 1156
507 1685
509 1107
509 1367
509 1734
509 1912
510 679
510 1155
510 1670
511 550
511 1161
511 1714
512 766
512 1048
512 1072
512 1241
513 748
514 542
514 771
514 952
514 1325
514 1695
514 1784
515 1416
515 1732
515 1740
515 1856
515 1879
517 596
517 1300
517 1566
517 1662
517 1775
519 824
519 832
520 1870
522 1663
523 868
524 1199
525 585
525 587
525 980
525 1221
526 529
526 1804
527 749
528 585
528 740
528 1350
528 1510
528 1787
529 532
530 1221
530 1363
531 951
532 589
533 1887
534 637
534 695
534 1047
534 1277
535 1777
537 1671
538 649
538 1993
539 796
539 867
540 728
540 1083
540 1348
541 637
541 872
542 955
542 1465
542 1523
543 1258
543 1377
544 1549
544 1592
545 1612
546 1603
547 1026
548 701
548 1141
548 1685
549 914
549 1132
549 1501
549 1506
549 1862
550 827
550 1734
551 1787
551 1862
552 1218
552 1434
552 1460
552 1894
553 798
553 983
553 1250
554 817
554 1991
556 1088
556 1434
557 685
557 1115
557 1320
557 1822
559 1318
560 1638
561 668
561 949
561 1905
562 671
562 709
562 1443
562 1482
562 1589
562 1882
563 594
563 728
563 758
563 835
563 1902
564 1046
564 1125
565 982
565 1040
565 1685
566 1056
566 1118
568 795
568 1081
568 1151
568 1774
569 1064
569 1078
569 1100
570 969
570 1431
571 1043
572 1562
572 1654
573 739
573 1634
573 1684
573 1924
574 673
574 1404
574 1630
575 679
575 1160
576 644
578 764
578 1105
579 618
580 1692
581 1402
582 1230
583 1096
583 1999
584 590
584 1804
584 1860
585 1717
586 1532
586 1680
587 756
587 905
587 1305
587 1382
587 1465
587 1511
587 1659
587 1691
587 1934
588 791
588 1567
589 847
589 1280
591 915
591 1926
592 1155
592 1874
593 680
593 921
593 1197
594 631
594 1655
595 757
597 1960
598 605
598 625
598 1393
598 1849
598 1921
599 644
599 1620
603 1266
603 1586
603 1702
604 675
604 795
604 1065
604 1458
605 1098
606 1435
606 1888
607 816
607 954
607 1876
608 1220
608 1366
609 1005
609 1213
609 1301
610 868
610 1135
611 760
611 859
611 1083
611 1265
611 1598
612 716
612 991
612 1150
612 1536
613 749
614 896
614 1221
614 1436
614 1493
614 1796
614 1838
615 1675
616 946
617 1224
617 1469
618 678
618 1294
618 1893
619 1691
620 634
620 1453
620 1625
621 1539
622 1076
622 1546
622 1945
622 1984
623 1907
623 1961
624 964
624 1045
624 1763
625 936
627 715
627 745
627 789
627 1058
627 1074
628 740
628 1291
630 1058
632 639
632 921
632 1226
632 1855
632 1974
633 1262
634 674
634 966
634 1075
635 1631
635 1994
636 706
636 968
636 1324
637 1598
637 1756
637 1988
638 1049
638 1664
639 1106
639 1223
639 1690
641 1551
642 697
642 976
642 1166
642 1850
642 1860
643 670
644 1163
644 1383
644 1589
645 936
645 985
645 1603
645 1813
645 1827
646 823
646 1849
647 1158
647 1369
647 1799
648 774
648 1735
649 887
649 1159
651 660
651 1751
653 936
653 1036
653 1922
654 1117
654 1155
654 1278
654 1587
654 1817
655 1771
656 1159
656 1256
656 1835
657 737
657 755
657 1198
658 1964
659 1219
659 1248
659 1513
660 1121
660 1392
660 1914
660 1990
661 843
661 1036
661 1725
662 1095
662 1606
665 1008
665 1277
666 921
666 1611
667 943
667 996
668 1730
669 1135
669 1288
669 1708
670 1303
670 1453
670 1623
671 826
671 1445
671 1508
672 961
672 1241
672 1425
672 1433
672 1451
673 1317
674 1671
674 1697
675 1624
676 872
676 1527
676 1753
677 1230
677 1488
678 679
678 723
678 1000
680 928
680 1134
680 1273
680 1373
681 1253
681 1559
683 1877
684 894
684 945
684 1406
684 1609
685 1448
687 934
687 1029
687 1697
688 799
688 946
688 1278
689 1359
689 1727
690 1531
690 1549
690 1807
692 1542
693 1105
694 756
695 1386
696 1071
697 959
698 776
698 824
699 764
699 1071
700 856
700 866
700 1038
700 1783
700 1878
702 1550
702 1783
703 875
703 1657
704 916
704 1024
704 1045
704 1917
706 1103
707 867
707 995
708 943
708 1081
708 1561
708 1720
710 1022
712 1056
712 1193
712 1580
713 1361
713 1662
714 958
714 1256
714 1496
715 1312
716 1132
717 1549
718 864
719 1216
719 1459
719 1604
720 757
720 838
720 928
720 1396
720 1474
721 934
722 1019
724 833
724 1689
724 1911
725 735
725 823
725 1510
726 1501
727 975
727 1331
728 1017
729 890
729 964
729 1605
730 1257
731 1463
732 1234
732 1314
732 1838
733 1112
733 1174
734 896
735 1224
736 801
736 898
737 1065
737 1070
737 1151
737 1357
737 1455
737 1681
738 1466
738 1678
738 1818
739 767
740 800
741 1897
742 924
743 970
743 1820
744 1831
745 1130
745 1215
745 1376
746 1146
746 1494
746 1802
747 1178
747 1811
748 1066
748 1068
748 1142
748 1145
748 1823
749 802
749 1095
749 1168
749 1775
750 1230
750 1826
751 1530
752 1728
752 1937
753 1156
753 1770
754 951
754 1477
755 1869
756 1055
757 1201
757 1564
757 1816
757 1981
758 842
758 1625
759 1729
759 1781
760 1704
761 1388
761 1524
761 1786
761 1982
762 1316
762 1799
763 1243
763 1672
763 1823
763 1881
764 949
764 977
764 1109
764 1157
765 1418
768 918
768 1203
768 1581
768 1832
770 1080
770 1287
770 1317
771 949
771 1923
772 1640
773 1319
773 1472
773 1547
774 1977
775 957
776 1191
776 1461
776 1684
777 1169
777 1930
778 903
778 1650
779 854
780 1116
780 1278
780 1664
780 1865
782 1043
782 1114
782 1129
782 1457
782 1810
783 1814
784 1172
785 1264
785 1359
786 839
786 1112
786 1146
786 1612
787 1648
788 1830
789 929
789 974
789 1766
789 1882
790 1030
790 1551
791 833
792 1302
792 1633
792 1818
793 1001
793 1717
793 1779
794 1449
794 1458
795 1078
795 1603
796 1120
796 1499
796 1542
797 1325
797 1626
799 1208
799 1456
799 1822
800 1715
801 820
801 1758
801 1921
802 890
802 1161
802 1187
802 1863
802 1896
803 908
803 1255
804 1614
804 1639
804 1845
804 1989
805 928
805 1119
806 1183
806 1730
807 1126
808 965
809 892
809 1889
810 1124
810 1511
810 1821
812 1087
813 908
813 1854
814 857
814 1352
814 1488
814 1907
815 922
816 837
816 967
816 1309
816 1532
817 838
817 1685
817 1972
818 967
819 1012
820 1479
821 1212
821 1614
822 1671
824 1583
825 883
825 1046
825 1222
825 1634
825 1953
826 940
826 945
827 913
827 1414
827 1874
828 1212
829 1543
829 1604
829 1665
830 938
830 1120
830 1286
830 1376
831 1762
831 1812
831 1887
832 1003
832 1629
834 1718
835 1228
835 1324
838 864
838 1303
838 1417
839 1651
839 1827
840 998
840 1627
841 892
841 1655
841 1915
842 1207
842 1286
842 1938
843 952
843 1518
843 1537
843 1931
844 1376
845 1322
845 1841
845 1877
847 1997
848 964
848 1148
848 1781
848 1957
849 1234
849 1256
849 1419
849 1494
850 1185
851 978
851 1161
851 1677
852 1046
852 1355
852 1978
853 1942
854 1183
857 858
857 1167
858 894
858 1287
858 1554
858 1643
860 1007
861 1166
861 1215
862 1535
863 1122
864 1711
865 1058
866 1820
866 1831
867 1833
868 1115
868 1197
868 1776
870 1339
871 1194
872 909
872 1298
872 1908
873 1586
873 1786
874 1246
875 1087
876 1168
876 1508
876 1732
877 878
877 965
877 1244
877 1985
878 897
879 1127
879 1257
879 1427
879 1915
880 1340
880 1436
881 1780
881 1975
882 1308
882 1537
882 1996
883 1426
885 1285
885 1691
886 1217
886 1920
887 1457
888 1534
889 1131
889 1177
889 1260
889 1716
890 1234
891 1741
892 1757
894 977
894 1243
895 1203
895 1228
895 1353
895 1667
896 1439
896 1977
897 1947
900 1096
900 1505
901 1282
901 1536
902 926
902 1033
902 1430
903 1263
903 1583
904 1784
907 934
907 1422
908 1628
908 1684
909 1018
909 1097
909 1224
909 1950
910 1674
911 1125
911 1147
913 947
914 1023
915 1389
916 1096
916 1352
916 1803
917 1024
919 1777
921 1147
921 1904
923 1318
923 1620
924 1160
924 1265
925 1774
926 1071
927 987
927 1527
928 1553
929 1109
929 1140
929 1379
929 1380
929 1875
930 1232
930 1530
930 1579
930 1782
931 1570
933 1607
933 1758
934 1061
934 1197
938 1087
940 945
940 1232
940 1351
941 1200
941 1386
942 1270
942 1722
943 1057
943 1905
944 950
944 1578
945 1030
945 1264
945 1481
946 1945
947 1471
948 1011
949 1854
950 1024
951 1361
952 1451
952 1683
953 1365
953 1561
954 1502
955 1435
955 1621
956 1393
957 1476
958 1219
958 1672
959 1085
959 1182
959 1621
959 1788
959 1807
959 1983
961 1239
962 1213
962 1246
962 1441
962 1630
964 1095
965 1223
965 1319
966 1276
967 1162
967 1429
968 1249
968 1727
969 1530
970 1115
970 1212
970 1440
970 1449
970 1467
970 1784
972 1403
973 1635
975 1284
975 1468
975 1608
976 1755
980 1492
980 1567
980 1664
981 1804
981 1876
982 1049
983 1459
985 1408
985 1815
985 1994
986 1080
986 1983
987 1505
987 1932
988 1825
989 1374
992 1079
992 1949
993 1038
993 1142
993 1615
993 1677
993 1853
996 1639
996 1791
999 1825
1000 1638
1000 1952
1001 1801
1001 1934
1002 1247
1002 1291
1002 1591
1002 1619
1002 1745
1003 1041
1003 1069
1006 1480
1007 1732
1009 1538
1012 1798
1012 1885
1013 1588
1015 1428
1016 1496
1016 1886
1017 1428
1017 1497
1018 1531
1019 1304
1019 1603
1019 1936
1022 1341
1022 1582
1024 1110
1025 1612
1026 1204
1028 1409
1029 1178
1029 1500
1031 1473
1032 1183
1032 1408
1033 1277
1033 1436
1034 1623
1036 1432
1036 1569
1037 1825
1038 1222
1038 1345
1038 1732
1038 1746
1039 1275
1040 1126
1041 1185
1041 1580
1042 1958
1043 1477
1043 1519
1043 1543
1044 1201
1044 1309
1044 1364
1044 1462
1044 1579
1045 1867
1046 1075
1046 1232
1047 1311
1047 1929
1048 1302
1049 1053
1050 1482
1051 1673
1052 1348
1052 1961
1053 1492
1053 1922
1054 1531
1056 1116
1056 1165
1056 1988
1057 1481
1059 1694
1059 1823
1059 1968
1060 1643
1060 1771
1061 1177
1061 1208
1062 1152
1062 1209
1062 1607
1063 1569
1064 1115
1065 1082
1065 1173
1065 1602
1066 1125
1066 1197
1067 1145
1067 1712
1069 1890
1070 1324
1071 1252
1071 1512
1073 1192
1073 1284
1073 1559
1074 1628
1074 1767
1075 1733
1076 1152
1076 1988
1077 1662
1077 1848
1077 1998
1078 1279
1080 1322
1080 1754
1081 1112
1081 1208
1081 1314
1082 1219
1082 1231
1084 1587
1084 1735
1085 1516
1086 1175
1087 1435
1087 1471
1087 1611
1088 1623
1088 1963
1089 1434
1089 1484
1090 1274
1090 1751
1090 1823
1091 1473
1092 1308
1092 1580
1092 1774
1093 1580
1094 1113
1094 1759
1095 1442
1096 1591
1097 1542
1098 1614
1098 1939
1100 1429
1101 1269
1102 1135
1102 1213
1105 1221
1105 1286
1106 1174
1106 1904
1107 1709
1107 1860
1109 1300
1109 1707
1110 1269
1110 1612
1111 1358
1111 1505
1111 1634
1111 1815
1113 1122
1114 1849
1114 1901
1115 1437
1115 1522
1115 1737
1115 1834
1116 1627
1117 1387
1117 1483
1117 1538
1118 1203
1122 1352
1124 1348
1126 1764
1126 1851
1127 1446
1127 1668
1129 1482
1130 1285
1131 1221
1131 1644
1133 1301
1134 1278
1134 1666
1135 1283
1135 1385
1137 1356
1137 1686
1137 1744
1138 1335
1138 1478
1139 1303
1139 1511
1140 1147
1140 1330
1140 1557
1141 1850
1143 1211
1143 1392
1143 1833
1144 1170
1145 1653
1145 1765
1145 1772
1145 1780
1146 1891
1147 1434
1148 1360
1149 1676
1149 1743
1150 1481
1150 1780
1150 1950
1152 1598
1153 1305
1154 1708
1154 1713
1155 1347
1157 1672
1157 1826
1158 1573
1159 1533
1159 1949
1160 1574
1161 1428
1161 1985
1162 1720
1162 1726
1163 1201
1163 1706
1164 1395
1164 1731
1166 1181
1168 1257
1168 1454
1168 1731
1169 1304
1169 1526
1169 1631
1169 1708
1170 1616
1171 1584
1171 1874
1172 1485
1172 1746
1174 1502
1178 1512
1180 1768
1181 1822
1181 1912
1185 1245
1185 1904
1186 1268
1186 1385
1187 1522
1188 1590
1189 1413
1189 1436
1189 1652
1189 1672
1189 1790
1191 1549
1191 1689
1192 1517
1195 1225
1195 1297
1199 1475
1201 1277
1202 1373
1202 1772
1206 1457
1206 1877
1206 1923
1208 1447
1208 1735
1210 1971
1211 1221
1211 1686
1212 1247
1212 1557
1212 1808
1212 1959
1215 1578
1216 1734
1216 1880
1217 1271
1219 1661
1221 1231
1221 1657
1222 1562
1222 1613
1222 1684
1223 1637
1223 1925
1224 1333
1224 1567
1226 1240
1226 1777
1227 1511
1227 1944
1228 1294
1229 1555
1229 1826
1230 1454
1232 1255
1232 1473
1232 1925
1232 1995
1234 1737
1236 1400
1238 1655
1238 1801
1239 1291
1239 1599
1240 1593
1241 1706
1241 1864
1241 1915
1244 1323
1245 1391
1247 1786
1248 1394
1248 1530
1248 1968
1249 1756
1251 1296
1252 1276
1252 1285
1252 1691
1252 1837
1252 1860
1253 1601
1255 1536
1255 1622
1255 1854
1255 1988
1256 1857
1258 1293
1258 1567
1258 1627
1258 1869
1260 1921
1262 1468
1262 1864
1264 1508
1266 1708
1267 1833
1268 1606
1268 1769
1268 1831
1269 1301
1269 1311
1270 1521
1270 1583
1271 1504
1271 1625
1272 1496
1273 1565
1273 1844
1275 1496
1276 1348
1277 1446
1279 1494
1279 1543
1280 1682
1280 1980
1281 1382
1283 1411
1285 1486
1285 1794
1286 1803
1287 1606
1288 1585
1290 1334
1290 1542
1291 1323
1291 1368
1291 1980
1292 1690
1293 1760
1294 1379
1294 1779
1296 1910
1298 1668
1298 1868
1299 1468
1299 1956
1300 1553
1300 1664
1300 1921
1301 1443
1301 1476
1301 1845
1302 1350
1304 1347
1304 1820
1305 1773
1305 1959
1306 1499
1306 1612
1306 1937
1307 1956
1308 1511
1309 1764
1310 1519
1311 1390
1311 1916
1313 1436
1314 1361
1314 1567
1315 1849
1316 1515
1316 1517
1316 1765
1317 1382
1318 1639
1320 1451
1323 1364
1324 1455
1325 1913
1326 1368
1326 1921
1327 1817
1329 1655
1330 1919
1331 1944
1331 1965
1333 1339
1333 1752
1334 1697
1334 1797
1334 1978
1335 1418
1336 1725
1336 1735
1338 1538
1338 1876
1340 1441
1340 1899
1341 1926
1342 1619
1342 1719
1342 1723
1342 1789
1342 1930
1343 1406
1343 1759
1344 1551
1344 1620
1346 1401
1346 1688
1347 1615
1347 1758
1347 1830
1348 1660
1350 1363
1350 1897
1351 1716
1352 1379
1353 1406
1353 1845
1354 1913
1356 1486
1356 1976
1357 1418
1359 1634
1364 1512
1364 1635
1364 1826
1368 1674
1369 1442
1370 1883
1371 1441
1372 1685
1372 1691
1374 1436
1375 1912
1377 1456
1378 1654
1382 1902
1383 1742
1384 1418
1384 1979
1385 1582
1385 1921
1386 1924
1386 1982
1387 1406
1388 1427
1389 1849
1390 1428
1390 1793
1392 1830
1393 1660
1393 1715
1394 1801
1395 1410
1395 1927
1396 1980
1397 1945
1399 1967
1400 1852
1401 1751
1402 1965
1402 1983
1403 1706
1403 1831
1404 1758
1404 1787
1405 1414
1405 1516
1405 1937
1406 1494
1406 1848
1407 1439
1407 1654
1407 1984
1408 1633
1411 1520
1416 1495
1416 1588
1418 1849
1418 1857
1418 1961
1419 1936
1421 1771
1422 1796
1423 1712
1424 1630
1425 1569
1425 1983
1426 1455
1426 1674
1426 1914
1427 1929
1428 1465
1428 1560
1430 1487
1431 1978
1432 1994
1433 1802
1433 1858
1434 1507
1434 1518
1438 1645
1438 1994
1439 1760
1440 1914
1442 1518
1443 1687
1443 1728
1443 1736
1445 1605
1449 1636
1449 1871
1450 1868
1455 1865
1457 1603
1458 1682
1459 1508
1460 1660
1461 1874
1463 1914
1465 1851
1468 1837
1468 1975
1469 1798
1469 1916
1473 1899
1476 1494
1477 1786
1477 1842
1479 1949
1483 1990
1488 1666
1491 1700
1493 1731
1495 1842
1497 1657
1503 1712
1503 1901
1504 1606
1504 1667
1504 1932
1505 1612
1505 1724
1508 1678
1508 1737
1509 1550
1509 1726
1510 1635
1510 1753
1510 1937
1511 1839
1512 1939
1513 1857
1515 1989
1519 1669
1521 1778
1522 1779
1524 1569
1526 1536
1526 1610
1528 1608
1528 1680
1529 1775
1531 1906
1532 1857
1534 1622
1534 1815
1538 1666
1542 1545
1545 1922
1551 1773
1552 1975
1553 1978
1554 1965
1555 1817
1555 1999
1559 1784
1561 1672
1561 1830
1561 1945
1561 1962
1562 1900
1563 1989
1564 1870
1565 1681
1567 1679
1567 1883
1568 1769
1570 1598
1574 1989
1575 1700
1575 1771
1578 1786
1580 1720
1580 1781
1581 1591
1581 1821
1587 1940
1592 1634
1598 1817
1598 1991
1599 1879
1601 1910
1601 1932
1601 1964
1602 1831
1603 1713
1604 1622
1604 1761
1606 1663
1609 1887
1611 1784
1611 1887
1613 1659
1613 1975
1615 1894
1616 1715
1617 1732
1617 1776
1618 1890
1620 1631
1621 1802
1627 1670
1627 1957
1630 1981
1632 1758
1633 1766
1633 1868
1634 1664
1635 1883
1637 1861
1643 1716
1646 1806
1648 1873
1648 1929
1649 1723
1649 1734
1651 1895
1658 1889
1659 1920
1661 1804
1661 1815
1662 1914
1665 1941
1665 1961
1666 1839
1667 1725
1668 1889
1668 1993
1670 1831
1671 1790
1672 1978
1676 1974
1679 1844
1684 1885
1685 1833
1685 1875
1690 1973
1691 1901
1692 1935
1701 1813
1703 1748
1705 1844
1706 1886
1707 1972
1709 1761
1712 1752
1713 1754
1716 1784
1718 1877
1720 1752
1720 1859
1721 1731
1726 1866
1728 1886
1729 1755
1730 1841
1733 1777
1744 1911
1746 1810
1748 1787
1749 1886
1751 1934
1759 1763
1759 1795
1762 1852
1764 1791
1764 1820
1765 1908
1772 1801
1782 1957
1783 1819
1787 1913
1788 1836
1788 1952
1789 1841
1789 1909
1794 1836
1799 1832
1804 1833
1807 1990
1808 1813
1810 1922
1810 1929
1812 1972
1815 1983
1815 1998
1826 1929
1828 1985
1830 1974
1831 1897
1832 1906
1837 1939
1841 1968
1859 1948
1866 1990
1867 1982
1873 1884
1879 1988
1884 1954
1891 1940
1902 1931
1905 1993
1913 1917
1917 1957
1917 1991
1919 1957
