2000 3055
26
22
52
3
97
79
7
58
71
68
36
17
18
65
74
75
39
36
19
91
19
39
60
26
45
43
27
28
59
86
88
44
46
66
54
30
56
66
65
64
84
20
73
100
1
93
69
94
4
24
42
81
49
75
22
42
56
71
54
83
76
8
93
46
66
47
30
72
31
80
93
57
11
64
56
60
98
40
17
4
65
71
92
78
70
82
29
29
7
2
12
58
40
18
44
55
4
17
38
3
48
88
29
35
65
11
20
15
52
90
75
28
66
22
92
79
45
6
83
46
1
58
65
47
31
14
25
57
31
43
35
43
36
23
44
54
29
68
90
94
52
83
42
52
11
61
90
18
98
2
73
94
64
73
21
20
5
64
85
40
50
75
32
93
98
39
40
43
76
91
58
95
8
60
48
89
20
99
51
85
37
71
71
28
88
58
60
93
3
24
77
34
47
31
70
64
56
69
93
42
98
73
25
7
17
96
43
29
95
97
100
76
39
63
15
32
77
1
100
31
68
37
77
46
48
46
98
16
18
20
94
1
2
45
43
64
93
29
33
18
28
88
18
27
21
39
63
77
67
38
53
75
55
61
15
63
72
35
26
13
77
96
74
34
30
16
76
16
8
11
84
38
26
93
90
78
89
9
26
72
87
10
38
63
97
22
30
64
39
85
76
40
80
82
94
94
96
50
13
50
8
23
70
37
75
28
32
62
42
64
57
56
68
82
83
38
18
55
80
79
15
45
2
25
57
3
42
66
53
67
79
7
12
39
24
72
7
23
14
13
78
6
46
31
56
57
52
66
81
41
84
81
32
76
3
21
89
85
43
82
16
6
32
98
66
33
40
4
79
31
78
67
7
28
46
4
83
63
95
44
71
75
81
35
46
10
91
28
47
25
96
16
52
5
61
4
59
25
96
58
20
56
14
73
57
61
83
89
80
47
85
17
29
83
41
25
47
28
28
57
62
43
10
29
21
45
27
60
51
63
30
82
81
26
77
57
62
90
7
17
70
37
10
77
48
63
90
51
84
1
25
16
99
84
69
90
92
51
50
11
32
58
82
74
10
38
11
73
60
17
66
64
70
23
100
33
24
96
51
78
86
61
62
11
96
92
88
92
93
29
83
94
98
25
31
23
86
66
90
89
74
18
60
75
36
34
63
55
85
9
74
89
7
65
61
83
65
86
30
78
37
93
87
85
6
23
26
39
71
18
82
29
75
16
55
48
56
91
32
34
11
26
89
27
56
82
65
45
84
57
40
58
21
48
36
22
47
26
49
81
3
21
77
74
7
12
48
69
77
74
12
2
22
51
93
75
86
84
61
89
51
83
60
80
65
93
54
16
47
56
14
3
1
8
75
71
57
25
52
56
95
78
56
19
1
14
68
60
25
91
65
89
67
100
39
98
92
66
13
78
94
61
70
25
64
60
90
19
41
36
36
11
47
71
76
90
3
88
13
61
12
47
25
73
93
20
16
60
15
38
67
65
95
54
83
46
33
85
61
85
50
1
2
31
36
5
70
53
82
39
51
63
96
9
9
87
60
2
73
51
35
94
80
42
60
39
53
60
28
22
88
7
93
61
61
73
94
42
24
51
37
61
32
41
81
28
81
37
61
72
62
95
28
67
79
68
88
60
28
26
13
86
90
72
45
93
12
26
86
49
37
56
25
1
10
6
88
51
71
64
70
45
38
50
56
5
75
41
14
84
14
25
78
80
4
18
37
57
68
87
76
67
51
37
95
100
35
10
39
100
86
62
41
91
23
33
85
30
2
48
15
72
94
69
48
84
98
97
29
3
1
31
88
71
85
59
81
31
91
37
5
64
25
93
45
31
69
23
35
68
91
19
18
95
62
33
8
23
59
96
59
59
29
86
84
47
32
20
76
42
30
88
52
71
19
75
52
52
59
18
39
44
97
24
51
61
1
79
91
29
95
62
88
67
72
26
47
35
20
68
73
82
56
99
6
48
17
21
19
84
39
51
24
88
82
50
98
83
45
71
29
18
32
33
86
77
85
49
42
21
54
40
23
53
10
40
88
80
89
31
25
94
72
88
85
18
23
54
86
81
10
82
28
44
86
98
31
50
56
84
50
64
84
13
76
13
92
7
28
18
25
89
35
90
81
56
60
37
26
82
49
18
74
21
65
72
20
24
71
86
28
28
2
62
30
38
85
46
13
39
20
74
5
83
50
60
84
22
100
3
19
60
67
65
42
70
57
20
41
4
98
81
32
93
23
44
42
4
27
48
92
12
79
20
86
66
93
88
76
100
74
6
26
58
77
12
3
59
59
40
4
13
73
93
58
50
62
81
12
21
81
79
54
1
24
92
33
39
64
48
14
10
3
15
80
32
15
7
24
54
60
75
15
55
70
29
93
32
71
40
2
74
27
26
55
46
2
49
96
78
15
8
54
10
81
97
69
32
100
74
34
43
97
47
66
97
56
2
69
1
54
40
36
74
33
99
65
96
64
78
32
92
16
4
30
35
9
92
96
73
21
40
42
82
9
43
42
100
34
70
1
12
89
85
2
1
56
20
92
29
96
44
98
45
44
31
40
34
87
38
40
80
50
73
83
7
61
14
74
18
74
5
55
14
6
79
46
11
29
18
60
7
84
85
97
29
71
77
38
21
71
46
64
28
75
80
27
82
61
87
42
99
36
8
75
6
76
85
57
85
94
4
60
53
58
1
90
93
20
69
6
67
16
90
17
55
37
48
42
43
80
26
51
49
12
16
63
31
63
88
90
92
93
73
72
18
43
80
96
84
57
38
60
41
24
78
68
27
56
41
17
64
16
38
1
23
60
18
79
39
59
37
48
46
34
31
48
40
100
63
71
73
34
41
42
15
43
47
90
14
92
9
75
42
4
98
22
96
18
61
14
33
84
71
95
53
12
56
100
29
7
32
83
100
41
90
61
86
72
16
2
58
53
47
19
75
9
92
8
86
95
14
72
100
3
76
58
1
78
4
9
57
96
30
11
95
84
42
25
38
80
68
62
66
62
56
4
75
88
15
1
73
85
75
50
37
10
37
17
74
76
90
24
74
53
36
15
21
95
72
2
74
80
76
7
35
57
91
35
85
24
14
27
7
57
54
83
33
7
80
56
74
18
46
59
50
18
16
73
40
98
92
68
14
52
82
77
96
95
65
37
26
57
61
10
96
1
65
36
53
12
3
47
52
28
9
20
42
6
85
52
79
7
84
37
57
6
50
55
94
44
70
56
62
29
55
18
74
31
93
15
99
60
49
61
1
80
14
45
53
83
53
74
6
13
52
76
34
99
55
84
52
93
91
19
18
50
64
95
32
86
56
59
81
44
51
10
50
11
27
90
100
27
61
44
70
91
73
67
72
90
45
40
73
2
73
69
78
46
50
97
15
5
20
10
71
61
54
54
46
40
90
8
30
23
80
20
32
56
97
73
45
37
53
3
39
58
82
48
83
2
63
80
34
33
38
11
78
38
75
96
33
25
2
14
57
52
95
91
71
57
47
34
36
82
16
31
51
94
84
95
69
86
17
61
47
11
78
87
12
43
10
95
43
43
49
40
23
10
54
76
70
77
10
89
21
16
27
60
87
15
21
37
58
51
78
37
81
63
15
88
69
96
22
4
31
75
55
94
66
56
46
87
56
63
17
100
25
42
81
93
84
45
77
29
2
79
13
13
37
32
64
7
100
63
28
10
92
22
70
6
93
86
30
12
95
66
43
90
2
19
41
48
17
12
27
30
90
15
3
14
76
33
18
88
53
92
46
77
61
65
23
61
35
28
69
21
12
8
100
53
20
86
68
70
35
13
36
12
67
3
93
91
35
86
8
4
7
33
4
7
51
22
87
98
86
85
25
32
79
99
60
16
46
76
72
55
80
89
90
81
41
88
15
15
27
81
71
67
88
39
11
47
75
56
40
62
85
79
94
96
37
11
37
61
28
28
58
99
38
54
66
59
50
53
33
82
93
64
17
29
47
74
69
2
97
29
14
60
83
90
78
31
51
41
74
91
38
77
64
8
16
85
36
46
84
16
62
93
35
26
5
63
1
74
18
60
63
76
97
66
60
88
89
1
77
68
54
90
91
49
41
1
59
66
86
15
10
32
55
25
70
61
59
51
43
39
98
2
19
8
83
26
79
3
51
30
52
63
40
97
93
68
96
36
94
51
85
39
81
9
72
73
14
16
23
24
51
35
87
13
12
62
67
37
81
92
96
7
97
2
88
96
43
85
59
22
69
24
99
25
72
41
95
20
24
71
9
66
23
100
87
24
23
25
24
20
89
34
84
80
45
13
54
56
14
74
14
67
54
92
70
33
37
27
7
10
41
73
94
89
93
44
17
15
82
35
83
75
59
74
89
47
83
64
29
92
93
78
60
27
28
100
26
86
49
33
16
83
61
65
19
50
86
67
48
70
50
68
7
29
39
13
67
31
89
22
8
74
27
75
5
71
70
72
31
4
99
1
15
87
81
12
91
18
19
4
4
6
98
57
26
86
35
44
26
64
80
13
95
94
24
40
9
62
63
70
55
20
76
0 1831
0 1991
1 197
2 327
2 588
2 1428
2 1459
3 267
3 597
3 934
3 1399
3 1546
4 139
4 252
4 1201
4 1678
5 465
5 906
7 1266
8 452
8 838
8 926
8 933
9 546
10 644
10 1941
11 837
11 1084
12 344
12 1184
12 1569
12 1640
12 1816
13 583
13 629
13 957
13 1483
14 120
14 137
14 418
14 421
14 429
15 109
15 448
15 1134
15 1847
16 111
16 1011
16 1173
16 1993
17 365
17 515
17 1858
17 1866
18 359
18 564
18 790
18 1110
18 1321
18 1493
18 1712
19 1003
19 1237
19 1240
19 1544
19 1577
20 1134
20 1261
20 1662
21 910
21 1121
21 1530
22 77
22 1118
22 1206
22 1836
23 534
23 789
23 1018
23 1419
23 1525
24 1763
24 1787
24 1994
25 1113
25 1485
25 1758
26 179
26 389
26 1297
26 1923
27 112
27 353
27 1093
27 1432
27 1458
27 1828
29 516
29 861
30 1002
31 186
31 297
31 440
31 851
31 1687
32 1232
33 199
33 1003
33 1050
33 1272
34 650
34 1306
35 171
35 650
35 908
35 986
35 1901
36 37
36 1138
36 1424
36 1514
36 1882
37 270
37 855
37 1084
38 298
38 818
39 152
39 1723
40 1652
41 653
41 685
41 717
41 1292
41 1584
41 1603
41 1790
42 239
42 1386
42 1483
42 1734
43 1355
43 1703
44 90
44 814
44 1071
44 1629
44 1667
46 1555
46 1971
47 885
47 908
49 52
49 154
49 1029
49 1608
49 1772
49 1793
50 989
50 1691
51 106
51 608
51 733
51 1241
51 1903
52 410
53 1412
54 145
54 714
54 1340
54 1505
54 1828
55 668
55 1589
56 307
56 1207
57 216
57 701
57 988
57 1059
57 1166
57 1192
58 408
58 985
58 1188
59 545
59 952
59 1120
59 1211
59 1541
59 1581
60 1926
61 813
61 1530
61 1928
62 1253
62 1673
63 681
63 768
63 1351
63 1859
64 588
64 871
64 1006
64 1128
65 622
65 895
65 1029
65 1111
65 1503
66 973
66 1127
66 1311
66 1969
67 72
67 1383
67 1588
67 1636
67 1768
68 822
68 929
68 1242
68 1853
69 1671
69 1989
70 442
70 629
70 1419
71 248
71 1389
71 1611
71 1980
72 976
72 1182
73 227
74 96
74 252
74 1365
74 1666
74 1912
75 490
75 1209
76 354
76 840
76 1218
76 1525
76 1762
77 90
77 1059
77 1407
78 1111
78 1506
78 1564
78 1644
78 1916
79 847
80 759
80 914
80 1745
80 1953
81 599
81 1496
82 192
82 580
83 712
83 894
83 1036
84 108
84 693
84 823
84 999
84 1139
84 1451
84 1489
85 1957
86 719
86 938
87 1289
88 355
88 828
88 1275
89 271
89 701
90 121
90 356
92 1901
93 745
93 764
94 1722
94 1975
95 242
95 428
95 1059
95 1280
95 1607
96 1250
97 560
97 1300
97 1857
98 443
98 1058
98 1635
99 817
99 1577
99 1610
100 405
100 795
100 958
100 1876
101 799
101 986
101 1196
101 1687
102 1896
103 443
104 1757
105 575
105 766
105 1755
106 474
106 1784
107 940
107 1172
107 1897
108 1111
108 1171
108 1553
109 1059
109 1251
110 1063
110 1116
110 1231
111 239
111 653
111 743
111 1260
111 1547
111 1701
112 232
112 769
113 208
113 601
113 1116
113 1236
113 1396
114 255
114 523
114 719
114 1587
115 404
115 1204
115 1491
116 272
116 1460
117 513
119 415
119 464
120 802
120 1107
120 1812
121 539
121 612
121 932
121 1043
121 1067
121 1096
121 1479
122 386
122 556
122 1291
122 1454
122 1643
123 209
123 732
123 1482
126 892
126 1269
127 900
127 1078
127 1488
127 1996
128 155
128 605
128 1395
128 1706
129 302
129 485
129 1159
131 150
131 1087
131 1256
131 1382
131 1741
132 661
132 683
132 813
132 1215
132 1789
133 1099
133 1620
134 458
134 1377
135 802
135 1428
135 1841
136 586
136 1199
137 188
137 1546
137 1641
138 502
138 952
138 959
138 1700
138 1994
139 1419
140 761
140 1341
140 1715
141 177
141 607
141 718
141 1306
142 477
142 1336
142 1618
143 894
143 1891
144 1056
144 1067
144 1695
145 828
145 847
146 317
146 1398
146 1522
147 1081
148 221
148 244
148 1641
148 1844
149 192
149 347
149 360
149 907
149 1137
149 1412
149 1461
151 1068
151 1117
151 1551
152 196
152 306
152 1184
153 1846
154 311
154 1594
154 1804
155 954
156 1301
156 1379
157 276
157 547
157 1294
157 1471
158 981
159 1174
159 1234
159 1638
160 466
160 745
160 998
160 1740
161 1072
161 1317
162 236
162 348
162 773
162 1065
163 530
163 1787
164 248
164 260
164 978
164 1194
164 1447
164 1521
164 1613
165 943
166 1782
167 355
167 404
167 542
167 1302
167 1552
167 1608
167 1663
168 1301
169 192
169 547
169 743
170 332
170 659
170 1306
170 1604
171 543
171 658
171 1139
171 1976
172 571
172 664
172 1314
172 1805
173 744
173 1116
173 1694
173 1756
173 1882
174 374
174 691
174 1297
174 1623
174 1627
175 1396
175 1472
175 1776
175 1948
176 868
176 1565
177 861
178 284
178 644
179 385
179 1872
179 1999
180 592
182 1742
183 233
183 433
184 1125
184 1322
184 1565
184 1644
184 1905
184 1929
185 702
185 807
186 1449
187 865
187 959
188 775
188 893
189 265
189 406
189 446
189 646
189 651
189 1513
189 1670
190 1232
190 1627
190 1982
191 1219
191 1795
192 1060
192 1753
193 1019
193 1031
193 1421
193 1719
194 1120
195 306
195 1081
195 1185
196 272
196 323
196 1221
196 1642
197 1207
197 1318
197 1452
198 618
198 950
198 1970
199 613
199 1138
199 1724
200 482
200 580
200 1429
200 1872
201 219
201 303
202 443
202 552
203 1217
204 902
204 1692
204 1812
204 1914
204 1958
205 674
205 1034
205 1111
205 1377
206 1001
206 1451
207 1485
208 1138
208 1512
210 1243
210 1670
211 1958
213 586
213 604
213 1500
213 1840
215 481
216 1217
216 1682
217 1425
217 1708
218 545
218 1019
218 1078
218 1834
219 487
219 1155
220 458
220 1296
220 1540
220 1597
221 476
221 1749
222 601
222 1106
223 390
223 405
223 1713
224 393
224 899
224 937
224 1093
225 1902
226 916
227 291
227 1894
228 1374
228 1888
229 429
229 967
230 623
230 711
230 741
230 1143
231 440
231 528
231 1119
232 564
232 611
232 1024
232 1928
233 909
233 957
233 1113
233 1799
234 512
234 862
234 897
235 533
236 1537
236 1706
236 1815
237 727
237 1708
238 388
238 703
238 1167
238 1270
238 1715
238 1988
239 1781
240 700
240 863
240 1305
240 1337
240 1389
240 1524
240 1939
241 984
241 1153
242 1305
242 1439
243 770
244 1136
244 1235
244 1888
245 688
245 1693
246 986
246 1880
247 823
247 1082
248 287
248 580
248 833
248 1945
250 617
250 802
250 1683
250 1691
251 1680
252 851
252 1032
253 949
254 292
255 270
255 772
255 1792
256 309
256 325
256 524
257 377
257 1727
258 441
258 740
258 1234
260 374
260 1249
260 1282
260 1616
260 1808
261 288
261 777
261 1053
262 989
262 1296
263 1971
264 749
264 1119
264 1832
265 784
265 945
265 972
265 1666
265 1895
266 347
266 910
266 1558
266 1660
267 466
267 772
268 1594
269 278
269 292
269 1827
270 371
270 513
270 1682
271 1262
272 519
272 844
272 1231
272 1477
272 1632
272 1881
273 467
273 645
274 466
274 948
274 1419
276 602
276 658
276 856
276 1297
276 1298
277 302
277 322
277 489
277 884
277 960
278 1149
279 710
281 640
281 751
281 1148
281 1557
281 1866
282 1006
282 1146
282 1468
283 1623
283 1831
285 767
285 1356
285 1901
285 1910
286 1339
287 688
287 1089
287 1128
287 1839
288 413
288 546
288 1262
289 348
289 447
290 638
290 773
290 955
290 1042
290 1296
290 1491
290 1593
291 346
291 400
291 1188
291 1309
292 707
292 1309
292 1644
292 1904
293 359
293 391
293 403
293 897
293 1277
293 1340
293 1605
294 568
295 643
295 1024
295 1488
295 1595
296 795
297 456
298 425
298 461
298 1109
299 364
299 420
299 1156
299 1611
300 1405
302 770
302 1104
302 1790
302 1926
303 1237
303 1253
303 1299
303 1593
303 1806
305 1047
305 1235
305 1550
306 378
306 747
306 1454
307 613
307 1214
308 647
308 845
308 1373
308 1744
309 1392
309 1780
310 1155
310 1946
311 754
311 1160
311 1638
312 1269
313 922
314 545
314 1335
315 1196
315 1295
315 1679
315 1786
316 1724
317 433
317 500
317 817
317 919
317 1967
319 1311
320 795
320 848
320 1017
321 414
321 1494
322 674
322 1368
323 1492
324 1162
324 1542
324 1753
325 443
325 959
325 1256
326 664
326 1456
326 1847
326 1850
327 710
327 980
327 1644
328 597
328 769
328 1146
328 1598
328 1619
329 781
329 813
330 864
331 1562
332 482
332 622
332 1519
332 1830
333 920
333 1765
334 492
334 708
334 1560
336 1232
337 1090
337 1461
337 1726
337 1822
338 865
338 1446
338 1582
338 1994
339 534
339 719
339 1541
340 1059
340 1419
341 1111
341 1661
342 1366
342 1387
342 1390
343 477
343 1415
343 1491
343 1709
343 1836
343 1948
344 692
344 971
344 1546
344 1650
345 803
345 1961
346 530
346 1204
346 1255
347 699
347 866
348 490
348 587
349 534
349 1639
349 1811
350 1420
350 1827
351 491
352 721
352 1579
353 401
353 411
353 528
353 1353
354 543
354 1224
355 651
355 655
355 1008
355 1289
355 1415
356 1725
356 1906
357 615
357 816
357 1073
357 1095
358 883
358 1066
358 1518
359 521
359 843
359 1443
359 1983
360 389
360 487
360 1554
360 1604
361 409
361 1428
362 585
363 1575
363 1912
364 380
364 616
364 1575
364 1790
365 1056
365 1562
366 1053
367 649
369 772
369 1126
369 1360
370 488
370 824
370 1081
370 1111
370 1877
371 1646
372 724
372 1599
372 1759
373 900
373 1661
374 409
374 1091
374 1584
374 1726
375 695
376 937
376 1913
377 415
377 597
377 737
377 1069
378 441
378 1284
378 1353
378 1752
379 850
379 1368
379 1865
380 417
380 944
380 999
381 1449
381 1506
381 1641
382 1032
382 1137
383 1156
383 1278
383 1609
383 1947
384 857
385 1128
385 1891
386 1281
386 1815
386 1994
387 589
389 773
389 909
389 1201
389 1792
390 721
390 1851
390 1967
392 1439
393 846
393 1735
393 1809
394 1041
394 1222
394 1332
395 895
396 511
396 640
396 1231
397 1848
398 915
398 1634
399 764
399 1921
400 922
402 666
402 881
402 1176
403 1084
403 1543
404 564
404 1611
404 1928
405 1910
406 696
406 1387
408 1309
408 1795
409 1091
410 871
410 1152
410 1478
412 539
412 1625
413 1483
413 1504
413 1538
413 1591
414 1452
415 608
415 1612
415 1731
416 458
416 842
416 847
416 1328
417 616
417 632
417 953
417 1034
417 1093
418 501
418 556
418 642
418 1684
419 999
419 1004
419 1365
420 672
420 715
420 1092
421 428
421 1032
421 1650
422 1099
422 1372
423 473
425 437
425 1526
425 1527
425 1543
425 1755
426 710
426 876
426 1060
427 803
427 1872
428 768
428 1399
428 1446
429 974
430 965
430 1184
431 617
431 792
431 1069
431 1992
432 595
432 774
432 928
433 1248
433 1653
433 1738
434 720
434 1981
435 1410
435 1846
436 446
436 503
436 515
436 772
436 1864
437 1446
438 535
439 669
439 1416
439 1776
440 739
440 970
440 1860
441 1181
441 1276
441 1484
443 1126
443 1342
444 1950
445 1357
445 1623
445 1650
446 1087
446 1101
446 1114
446 1821
448 1083
448 1281
449 490
449 579
449 1639
450 938
450 946
450 1501
451 663
451 1312
451 1721
452 1232
452 1359
453 1341
453 1666
454 568
454 1560
455 882
455 1295
455 1466
456 830
457 1386
458 761
458 1012
458 1036
458 1037
458 1152
459 1221
459 1486
460 1147
461 704
461 1041
461 1544
462 599
462 660
462 849
462 1212
463 1133
464 902
464 935
464 1358
464 1698
464 1827
465 701
465 1010
465 1267
465 1394
465 1420
465 1431
465 1902
466 515
467 807
467 925
467 1326
467 1422
468 1431
468 1470
468 1499
469 684
469 1058
469 1169
469 1397
469 1398
471 1135
471 1728
472 525
472 830
472 904
472 1187
472 1440
473 1150
474 1047
474 1726
474 1770
475 1730
476 575
476 1022
476 1162
476 1729
476 1877
478 1315
479 571
479 1533
479 1853
479 1989
480 1559
481 612
481 824
481 1006
481 1352
481 1435
482 860
483 698
483 810
483 1076
483 1471
484 854
484 992
484 1722
485 1564
485 1641
486 522
487 1498
488 663
488 1692
488 1766
488 1785
490 881
490 1259
491 1431
492 958
492 1069
492 1322
492 1443
492 1661
493 741
493 1034
493 1386
493 1553
493 1609
493 1781
493 1800
494 1004
494 1204
495 528
495 1219
496 815
496 1802
497 847
497 1553
497 1819
497 1829
498 714
498 1963
499 574
499 621
499 968
499 1349
499 1521
500 852
500 1831
501 935
502 766
502 1143
503 1426
503 1480
504 1068
504 1126
504 1578
505 652
505 800
505 934
505 1395
505 1656
506 692
506 850
506 891
506 1076
506 1669
507 643
507 1086
507 1419
509 1127
509 1515
509 1555
509 1769
510 878
510 1495
511 698
511 1379
512 1006
513 625
513 771
513 1633
513 1740
514 760
514 796
514 1635
515 1411
516 1394
517 807
517 1115
519 1623
519 1789
520 723
520 1068
521 715
521 1338
521 1936
522 1102
522 1864
523 1207
523 1740
524 1176
524 1820
525 537
525 956
525 1263
526 1885
527 1228
528 654
528 886
528 1794
529 946
529 1082
529 1627
530 1875
532 542
532 1053
532 1472
533 541
534 1440
534 1567
535 939
535 1226
535 1242
536 1528
537 1054
537 1186
538 600
538 1709
539 1762
540 1636
541 893
541 945
541 1912
542 724
542 1732
542 1965
543 1163
543 1520
543 1814
544 571
544 695
544 813
544 1157
544 1759
544 1824
545 726
545 910
545 976
546 1584
547 1300
548 745
548 1289
548 1335
549 1810
549 1854
550 1417
550 1661
552 1254
552 1706
553 829
553 1551
554 628
554 718
554 1405
554 1978
555 1858
556 832
556 896
557 636
557 1541
557 1700
558 633
558 1180
558 1187
558 1407
558 1457
558 1645
559 1508
559 1544
560 1056
560 1210
562 705
562 769
563 1239
563 1380
563 1994
564 1092
564 1218
564 1423
565 649
565 778
566 1266
566 1439
566 1591
566 1619
566 1813
567 951
567 1111
567 1373
568 1736
568 1961
569 653
569 1188
569 1960
571 936
571 1601
571 1811
572 727
572 861
572 1750
573 1102
575 974
575 1296
576 726
576 1194
576 1429
577 628
577 645
577 765
577 930
577 1139
577 1685
578 1612
578 1788
579 752
579 1011
579 1350
579 1953
580 617
581 1033
581 1814
582 702
582 844
582 1653
582 1986
584 676
584 1160
584 1277
584 1520
585 667
585 956
585 1434
585 1741
586 1605
587 834
587 1088
588 618
589 1527
589 1632
589 1839
590 735
590 968
590 1410
591 1548
592 994
593 780
593 1125
593 1416
593 1552
593 1657
594 1198
594 1273
594 1889
595 779
595 1277
596 1075
596 1504
597 629
597 707
597 1394
598 1946
599 1394
599 1512
600 644
600 742
601 695
601 1353
601 1584
601 1639
602 620
602 699
602 1744
603 913
603 1070
603 1105
603 1495
604 794
605 1513
606 668
606 1950
607 1135
607 1688
608 1052
608 1649
608 1815
609 1106
609 1793
609 1925
611 1063
611 1162
611 1199
611 1330
611 1663
612 661
612 1163
612 1624
613 1264
614 805
614 975
614 1368
614 1529
614 1624
614 1970
615 640
615 1178
615 1475
615 1666
616 1725
617 647
617 1396
617 1913
618 728
618 1699
619 923
619 1192
619 1717
619 1873
619 1917
619 1975
620 793
620 1564
620 1902
620 1935
621 1931
622 983
622 1647
623 1888
623 1969
624 847
624 1437
624 1604
624 1770
626 1710
627 955
627 970
627 1026
627 1735
628 1241
628 1492
628 1530
628 1549
628 1816
628 1901
629 1909
630 1024
630 1779
631 1166
631 1306
631 1342
632 674
633 929
633 1677
633 1947
634 693
634 1158
634 1689
635 914
635 922
636 1287
637 913
637 1177
637 1884
638 1166
639 998
639 1923
640 889
640 1322
640 1677
640 1834
641 778
641 784
641 1320
642 1116
642 1951
643 949
643 1642
645 685
646 830
646 1121
647 1091
647 1095
647 1346
648 822
649 739
649 1653
649 1968
650 809
650 1070
652 1337
652 1360
653 1128
654 753
654 828
656 860
657 959
657 1429
658 680
659 1065
659 1376
659 1521
659 1867
660 673
660 1189
660 1658
661 684
661 1081
661 1283
662 887
662 920
662 978
662 1710
662 1741
663 948
664 1618
664 1642
665 1805
666 1152
666 1169
668 1869
669 1857
670 836
670 891
670 1261
670 1274
670 1796
671 947
672 877
672 894
672 908
672 1078
672 1842
672 1952
674 845
674 1919
675 1573
675 1831
675 1972
676 1708
676 1986
677 1977
678 1004
678 1056
678 1094
679 1229
680 723
680 960
680 1325
680 1393
681 1008
681 1045
682 1003
682 1133
682 1405
683 1131
683 1849
684 808
684 1070
684 1242
685 1344
685 1816
686 784
686 872
686 1084
686 1888
687 1149
687 1709
688 942
688 1047
688 1343
689 1065
689 1199
690 1372
691 812
691 1129
692 1323
693 899
693 1003
693 1327
693 1434
693 1833
694 840
694 925
694 1623
695 1517
697 974
697 1063
697 1603
697 1781
697 1949
698 1155
698 1423
698 1627
698 1792
698 1827
700 811
701 806
702 837
703 945
703 1352
703 1438
703 1840
704 922
704 1570
705 1496
705 1639
706 941
706 949
706 1719
707 1367
709 922
709 1188
709 1442
709 1684
709 1692
710 911
710 1004
710 1156
710 1387
711 780
711 1678
712 714
712 936
713 785
713 1163
713 1535
713 1768
713 1871
714 971
714 1671
716 1929
717 776
717 1184
717 1236
717 1249
718 766
718 1014
719 1224
719 1906
720 987
720 1199
720 1666
722 1212
722 1216
722 1304
722 1480
723 1280
723 1828
724 916
724 1624
724 1937
724 1982
725 1150
726 1274
726 1493
727 1575
728 1572
729 1175
729 1624
730 844
730 1312
730 1397
730 1443
732 812
732 1135
732 1632
733 875
735 936
735 1256
735 1477
735 1880
736 1090
737 1262
737 1483
738 850
738 1197
739 1222
739 1268
740 1023
740 1284
740 1386
740 1772
743 1771
744 1243
745 953
745 1131
745 1608
745 1893
746 813
746 1450
746 1468
746 1816
747 800
747 1479
748 1407
748 1743
749 1368
750 1145
750 1242
750 1331
751 1200
753 856
753 1063
753 1477
753 1898
754 1041
754 1564
757 1179
758 888
759 870
759 1173
760 1424
760 1576
761 1180
761 1365
761 1731
761 1915
762 896
762 1263
762 1664
762 1878
763 1358
764 942
764 1699
765 1446
766 1234
766 1442
766 1957
768 1147
768 1523
769 864
769 965
770 789
770 1699
771 868
771 1390
772 1169
772 1378
772 1562
774 1355
775 784
775 1002
775 1484
775 1632
775 1699
776 1012
776 1628
777 1218
777 1245
777 1338
778 1064
778 1443
779 1204
779 1260
779 1845
782 1764
782 1797
783 1081
783 1446
784 1393
784 1684
785 1601
786 893
786 1592
787 880
787 882
787 1281
787 1368
788 1017
790 1308
790 1838
790 1934
791 794
791 972
791 1076
791 1765
792 1254
793 1079
793 1379
793 1615
794 1228
794 1482
795 935
795 1113
796 908
796 1081
796 1661
797 1333
798 1941
798 1949
799 975
799 1415
799 1778
799 1998
800 1600
800 1615
800 1804
800 1987
802 1896
803 998
803 1177
803 1694
805 880
805 1169
806 984
806 1859
807 1141
807 1272
807 1714
808 844
808 1666
810 938
810 1882
811 831
811 1175
812 1339
812 1343
812 1435
812 1824
813 847
813 1433
813 1765
814 1097
814 1288
814 1566
815 1109
815 1987
818 1884
820 1234
820 1361
821 1012
821 1316
821 1687
822 1080
823 921
823 1262
823 1270
823 1610
823 1818
823 1822
824 1904
825 1093
825 1572
826 833
826 1011
829 1488
829 1838
831 1861
832 1506
833 1030
833 1182
833 1700
833 1734
834 1326
835 1368
836 977
836 1313
838 1113
838 1422
838 1971
841 1719
843 1026
845 895
845 1057
845 1373
845 1418
846 1699
847 936
847 1694
850 1087
850 1097
850 1769
852 999
852 1040
852 1446
852 1869
853 1131
853 1262
853 1548
853 1819
853 1865
854 1006
854 1988
855 1049
855 1400
857 1204
859 1339
861 938
861 1814
862 1541
862 1839
863 866
863 964
863 1239
863 1930
864 1182
864 1509
865 931
867 987
867 1675
868 1050
869 1340
869 1521
869 1896
870 1080
870 1802
872 1114
872 1542
872 1625
872 1658
873 990
873 999
873 1946
874 1884
875 916
875 1871
876 1351
878 1907
879 913
879 1274
879 1290
879 1685
879 1795
880 997
881 1540
882 1388
883 1820
884 1574
884 1782
884 1811
884 1819
884 1822
885 1309
886 1279
886 1376
887 1091
887 1143
888 1242
888 1496
888 1543
888 1560
888 1945
889 1281
889 1438
889 1480
889 1811
891 1235
891 1369
891 1770
891 1988
892 910
892 919
892 1287
892 1803
893 899
893 1608
894 1141
894 1567
895 1993
896 1833
897 1016
897 1507
897 1621
898 926
898 1166
899 1747
899 1821
900 1215
901 1390
901 1490
901 1638
903 1285
903 1371
904 1884
905 1160
905 1410
905 1751
909 1673
909 1688
909 1704
909 1845
910 938
911 1832
911 1995
912 1503
912 1815
913 1479
915 1689
915 1709
915 1774
916 979
916 1009
918 1016
918 1041
920 1244
921 1473
921 1838
922 1095
923 1184
924 1059
924 1527
925 1044
925 1320
927 1041
927 1144
927 1180
927 1183
927 1213
928 1833
929 997
929 1179
930 1111
930 1127
930 1805
931 1023
931 1865
931 1965
932 944
932 1856
933 1334
934 1888
935 1109
935 1284
935 1589
935 1884
936 1996
938 997
938 1429
938 1612
939 1324
939 1865
940 1446
941 1947
942 1610
944 1421
944 1460
946 987
946 1012
946 1505
947 1160
949 1045
949 1702
951 1853
953 1605
953 1802
953 1827
954 1607
954 1837
955 1230
955 1392
955 1696
956 1049
957 1814
959 1404
959 1445
959 1583
959 1682
959 1884
959 1970
960 1731
961 1300
962 1134
962 1278
962 1379
962 1926
964 1687
965 1021
965 1669
966 1335
968 1198
968 1373
970 1772
970 1862
971 997
971 1751
971 1994
972 1139
972 1324
972 1757
973 1925
974 1572
975 1409
976 1823
977 1876
978 1738
979 1105
979 1285
979 1334
980 992
980 1033
982 1072
982 1121
982 1421
982 1604
982 1768
983 1230
983 1542
983 1682
983 1828
984 1087
984 1271
984 1441
985 1731
985 1777
986 1367
987 1370
987 1738
987 1796
988 1619
989 1592
991 1030
991 1149
992 1081
992 1837
992 1985
994 1238
994 1436
994 1574
994 1935
995 1378
996 1501
996 1572
998 1008
998 1701
999 1259
999 1408
999 1605
1000 1208
1000 1877
1000 1899
1001 1035
1001 1376
1001 1409
1005 1776
1006 1680
1006 1807
1007 1078
1007 1478
1008 1380
1009 1102
1010 1916
1011 1810
1012 1322
1014 1858
1014 1865
1015 1927
1016 1023
1016 1042
1016 1259
1017 1334
1017 1511
1017 1599
1017 1863
1017 1984
1019 1077
1019 1407
1019 1517
1019 1623
1020 1422
1020 1699
1021 1751
1022 1099
1022 1348
1023 1779
1024 1262
1025 1518
1026 1457
1026 1767
1027 1748
1031 1401
1031 1765
1031 1771
1031 1787
1032 1082
1032 1551
1033 1484
1034 1668
1034 1738
1034 1982
1035 1379
1035 1868
1036 1403
1036 1707
1039 1948
1040 1739
1041 1191
1041 1306
1041 1883
1042 1213
1043 1142
1044 1961
1045 1112
1045 1424
1045 1445
1045 1606
1045 1694
1045 1780
1048 1922
1053 1427
1053 1463
1054 1192
1055 1208
1056 1256
1058 1339
1058 1673
1058 1863
1059 1885
1060 1216
1060 1647
1061 1353
1061 1508
1061 1656
1061 1813
1062 1199
1063 1904
1065 1562
1065 1896
1066 1282
1067 1590
1067 1703
1067 1934
1068 1134
1068 1371
1070 1263
1071 1955
1072 1121
1072 1406
1072 1624
1073 1757
1074 1647
1075 1884
1077 1103
1078 1237
1079 1895
1080 1185
1082 1311
1082 1398
1083 1218
1083 1317
1083 1717
1084 1811
1085 1571
1087 1189
1087 1870
1087 1872
1088 1190
1089 1870
1089 1951
1091 1491
1093 1715
1095 1643
1096 1432
1096 1603
1096 1681
1097 1778
1098 1608
1099 1904
1099 1988
1101 1243
1102 1796
1103 1209
1103 1492
1103 1632
1103 1995
1107 1379
1107 1523
1108 1134
1109 1186
1109 1606
1110 1249
1110 1611
1111 1232
1111 1384
1111 1550
1112 1627
1113 1277
1114 1893
1115 1407
1116 1216
1117 1718
1117 1873
1118 1313
1119 1226
1120 1388
1121 1692
1121 1961
1122 1316
1123 1843
1125 1591
1126 1164
1126 1216
1126 1365
1127 1327
1127 1478
1127 1649
1127 1763
1128 1223
1128 1861
1130 1837
1130 1918
1131 1145
1131 1530
1131 1875
1133 1471
1133 1777
1134 1779
1135 1877
1136 1438
1138 1542
1139 1597
1140 1312
1140 1678
1141 1147
1141 1487
1142 1163
1142 1366
1142 1413
1142 1957
1144 1224
1144 1229
1145 1160
1145 1257
1146 1155
1146 1378
1146 1905
1147 1411
1148 1300
1149 1877
1150 1381
1150 1536
1150 1598
1152 1252
1152 1355
1153 1297
1153 1684
1153 1701
1154 1363
1154 1594
1154 1758
1155 1509
1155 1965
1156 1816
1160 1366
1160 1947
1161 1477
1162 1705
1162 1946
1164 1351
1165 1450
1165 1890
1166 1816
1166 1829
1168 1260
1170 1307
1170 1574
1171 1187
1172 1573
1172 1883
1173 1313
1174 1217
1174 1552
1175 1376
1176 1432
1177 1375
1177 1752
1178 1524
1180 1480
1181 1295
1184 1640
1185 1764
1186 1685
1187 1793
1187 1894
1188 1774
1191 1588
1193 1639
1194 1434
1194 1813
1195 1452
1195 1472
1195 1642
1196 1537
1197 1289
1199 1469
1199 1543
1199 1747
1200 1408
1200 1946
1202 1759
1205 1348
1205 1956
1206 1801
1210 1987
1211 1337
1211 1528
1213 1851
1214 1245
1214 1945
1215 1433
1215 1588
1216 1635
1216 1918
1217 1290
1217 1866
1219 1269
1220 1506
1220 1959
1221 1326
1221 1887
1222 1403
1223 1615
1224 1728
1224 1828
1228 1559
1228 1567
1228 1938
1231 1273
1231 1484
1232 1832
1234 1456
1234 1849
1235 1556
1235 1621
1236 1416
1239 1607
1241 1894
1242 1405
1244 1676
1245 1759
1246 1259
1246 1266
1247 1873
1249 1463
1249 1465
1249 1632
1250 1394
1251 1332
1251 1400
1252 1587
1254 1320
1254 1967
1256 1402
1256 1424
1256 1634
1258 1313
1259 1787
1259 1960
1260 1649
1261 1530
1261 1741
1263 1573
1263 1706
1263 1725
1264 1414
1264 1544
1265 1313
1265 1366
1265 1444
1265 1907
1265 1950
1266 1648
1267 1388
1267 1608
1267 1946
1268 1382
1268 1971
1269 1885
1269 1976
1272 1763
1273 1299
1273 1311
1277 1574
1277 1859
1278 1580
1280 1855
1282 1411
1282 1938
1283 1639
1285 1762
1286 1508
1286 1980
1286 1994
1287 1875
1288 1473
1289 1605
1290 1353
1291 1423
1292 1870
1293 1310
1293 1752
1294 1895
1296 1416
1296 1542
1296 1849
1296 1958
1297 1654
1297 1812
1298 1473
1298 1707
1298 1747
1299 1631
1299 1733
1302 1313
1302 1900
1303 1791
1304 1992
1305 1907
1306 1317
1306 1812
1306 1872
1309 1856
1310 1689
1311 1468
1312 1443
1313 1615
1314 1381
1314 1985
1315 1719
1315 1969
1319 1523
1319 1867
1319 1950
1320 1373
1320 1547
1320 1961
1322 1338
1322 1866
1324 1668
1327 1436
1327 1527
1328 1780
1328 1898
1330 1417
1331 1560
1332 1629
1333 1472
1333 1765
1334 1589
1334 1966
1335 1520
1335 1772
1337 1425
1337 1839
1338 1718
1339 1514
1340 1377
1341 1680
1341 1917
1342 1715
1342 1974
1344 1590
1345 1626
1346 1757
1348 1409
1348 1460
1349 1769
1351 1460
1351 1923
1354 1515
1355 1639
1356 1793
1356 1869
1359 1442
1360 1981
1363 1803
1365 1893
1367 1379
1367 1781
1369 1587
1371 1433
1372 1484
1372 1754
1374 1777
1374 1823
1375 1468
1376 1400
1376 1716
1377 1510
1377 1975
1378 1487
1378 1725
1379 1900
1381 1430
1383 1599
1384 1476
1384 1477
1384 1779
1385 1822
1387 1420
1388 1541
1389 1399
1389 1441
1390 1758
1390 1982
1392 1453
1394 1859
1394 1986
1395 1939
1396 1694
1398 1757
1398 1921
1399 1880
1400 1759
1404 1436
1404 1701
1411 1933
1412 1529
1412 1600
1413 1530
1413 1955
1415 1522
1415 1551
1415 1610
1416 1443
1416 1940
1416 1985
1419 1768
1422 1520
1422 1888
1424 1550
1425 1769
1425 1784
1426 1449
1426 1614
1426 1867
1428 1932
1429 1690
1431 1677
1431 1980
1432 1482
1432 1949
1435 1495
1435 1885
1437 1450
1437 1525
1437 1655
1437 1933
1437 1999
1438 1487
1438 1523
1441 1581
1441 1725
1443 1483
1443 1761
1444 1847
1446 1854
1448 1758
1449 1577
1451 1525
1453 1460
1453 1641
1453 1751
1454 1671
1455 1490
1457 1762
1458 1830
1460 1615
1460 1994
1463 1585
1463 1959
1464 1679
1466 1541
1468 1559
1470 1836
1471 1986
1472 1515
1473 1589
1474 1938
1475 1963
1477 1820
1479 1597
1479 1770
1486 1657
1488 1511
1489 1820
1492 1540
1494 1936
1495 1553
1495 1609
1495 1929
1496 1828
1497 1561
1498 1909
1502 1772
1504 1796
1505 1640
1509 1815
1511 1583
1512 1987
1513 1729
1514 1969
1515 1778
1516 1621
1516 1719
1518 1719
1519 1720
1521 1798
1522 1997
1524 1871
1525 1746
1525 1912
1527 1850
1527 1912
1528 1864
1528 1971
1529 1568
1529 1914
1534 1820
1534 1897
1535 1565
1535 1915
1539 1577
1542 1809
1542 1935
1544 1920
1547 1753
1547 1903
1551 1583
1551 1675
1554 1937
1556 1769
1556 1784
1557 1611
1558 1910
1558 1969
1559 1847
1560 1570
1560 1813
1561 1681
1562 1788
1562 1902
1563 1773
1564 1668
1564 1887
1566 1753
1568 1614
1572 1722
1572 1937
1575 1703
1576 1629
1577 1898
1582 1832
1583 1659
1584 1781
1588 1783
1588 1861
1591 1978
1592 1751
1593 1970
1595 1851
1598 1627
1598 1790
1603 1830
1603 1998
1604 1784
1604 1845
1612 1643
1613 1844
1615 1754
1616 1712
1616 1940
1618 1874
1619 1624
1619 1705
1619 1706
1619 1715
1619 1768
1619 1838
1621 1710
1622 1998
1626 1851
1628 1702
1630 1865
1631 1957
1637 1669
1638 1681
1641 1792
1644 1646
1645 1694
1646 1897
1647 1802
1648 1814
1649 1817
1649 1922
1652 1682
1652 1805
1654 1893
1655 1860
1656 1692
1657 1797
1659 1768
1660 1972
1661 1858
1662 1802
1662 1809
1663 1727
1663 1829
1665 1952
1673 1874
1673 1994
1677 1896
1686 1702
1687 1703
1687 1833
1689 1854
1691 1829
1693 1825
1696 1835
1703 1757
1704 1945
1705 1895
1709 1851
1710 1925
1712 1863
1720 1727
1732 1832
1734 1889
1734 1938
1739 1947
1740 1852
1742 1755
1749 1765
1750 1858
1755 1759
1761 1884
1762 1913
1768 1914
1773 1844
1774 1989
1777 1793
1777 1957
1784 1812
1784 1866
1788 1885
1788 1952
1792 1807
1792 1812
1794 1872
1799 1951
1801 1808
1801 1880
1801 1897
1807 1943
1813 1878
1814 1867
1817 1993
1826 1920
1835 1860
1846 1875
1846 1995
1849 1856
1852 1939
1857 1985
1867 1917
1876 1906
1964 1968
1974 1991
