2000 3011
22
99
2
28
53
55
23
22
80
45
56
81
46
29
95
91
52
87
97
69
71
12
9
75
10
68
16
97
44
73
37
92
67
49
78
46
46
27
47
7
13
25
2
90
22
12
24
59
61
59
46
47
96
32
84
60
52
15
61
74
15
12
12
6
3
25
70
34
56
5
34
17
3
73
8
85
23
15
55
45
46
98
91
4
39
100
69
3
79
70
72
5
81
76
7
68
45
84
32
2
19
80
15
3
29
66
97
17
22
13
96
100
83
56
70
45
41
60
62
69
71
5
51
89
25
14
40
6
53
53
20
92
82
41
61
18
55
20
32
2
1
39
57
98
40
11
75
87
46
67
72
5
34
25
83
30
30
37
51
14
13
59
23
17
42
82
56
7
69
16
88
66
44
88
26
98
55
75
72
41
8
20
75
37
9
25
91
84
97
75
18
22
42
84
53
38
81
74
48
55
83
52
89
31
34
45
64
26
27
69
5
50
32
78
36
57
63
94
64
94
6
33
7
88
63
79
27
97
44
3
46
51
22
18
12
60
65
55
1
76
23
32
70
64
64
1
94
14
9
23
57
66
72
38
30
24
3
75
27
17
93
28
46
7
32
11
27
50
23
27
95
20
26
38
36
80
25
85
75
26
42
76
40
73
66
73
36
7
47
3
53
43
42
83
45
84
64
50
64
50
16
91
50
34
28
10
44
67
43
40
37
45
99
21
69
55
46
36
93
33
28
27
85
2
30
21
50
18
98
45
43
63
99
50
21
57
56
18
12
42
13
43
73
62
63
9
71
44
4
52
84
40
99
42
60
72
51
70
50
38
29
36
76
21
48
84
51
54
66
72
40
86
6
91
67
11
23
48
76
29
80
84
68
59
26
14
59
55
51
5
50
25
92
30
28
7
17
30
82
85
91
97
38
2
77
8
97
93
24
71
64
73
99
89
79
40
53
11
4
37
38
40
40
43
76
36
50
29
83
40
64
46
45
90
87
1
51
2
72
41
83
35
16
94
47
94
6
36
60
93
97
12
62
8
76
85
86
3
12
44
40
38
30
62
94
30
87
32
93
55
19
53
61
88
73
50
84
20
15
98
60
99
19
55
98
37
78
38
25
92
87
43
66
66
63
32
11
2
6
21
79
1
85
56
56
77
42
76
61
52
43
99
32
92
91
5
14
4
47
90
46
50
5
58
12
82
79
54
22
22
30
10
94
36
23
55
69
18
35
25
70
92
35
99
22
17
81
40
79
59
11
34
1
11
43
24
39
1
24
76
38
51
50
77
2
28
6
96
79
44
45
9
95
32
68
9
77
50
52
74
100
62
45
29
39
70
30
63
83
71
68
56
65
8
88
88
34
92
51
41
37
51
42
53
70
38
60
67
8
95
76
78
56
76
98
88
74
18
35
94
5
54
41
20
79
73
70
29
13
55
89
49
15
77
41
39
69
25
81
86
88
26
15
80
70
37
31
40
50
83
8
34
40
14
14
16
62
1
8
44
100
80
3
79
39
31
32
79
83
40
71
99
95
22
69
12
96
98
54
7
29
77
100
28
87
28
64
16
29
87
39
61
86
58
100
30
100
87
8
70
21
61
48
86
33
44
48
69
11
73
89
40
63
10
23
98
36
49
25
46
10
64
69
41
54
92
92
91
87
52
53
83
29
8
45
15
27
62
87
41
66
89
59
44
9
63
59
54
10
44
28
82
44
9
63
44
69
3
94
82
94
21
23
10
13
73
32
14
59
1
48
2
60
6
49
9
13
75
56
83
73
74
43
85
16
5
47
70
82
42
81
20
15
40
79
97
16
100
72
44
62
96
12
4
6
86
62
50
91
95
44
15
91
99
67
61
6
68
64
69
61
47
55
63
2
12
31
30
4
17
67
51
24
74
52
45
78
60
94
76
33
21
41
92
92
18
40
20
51
18
20
95
15
20
57
42
22
49
24
82
6
7
36
56
27
21
83
49
41
10
87
53
80
13
29
15
78
31
85
84
73
39
2
59
26
21
64
54
65
70
64
26
63
37
89
44
53
3
86
61
55
80
46
99
89
41
21
2
87
76
81
46
72
60
57
44
29
76
19
14
41
46
37
10
50
81
13
92
55
90
76
60
97
89
98
16
26
47
97
81
6
78
7
18
41
92
75
97
35
92
29
88
10
39
59
99
22
61
98
30
39
69
38
91
49
14
89
86
39
16
8
71
74
91
63
13
6
95
45
36
46
7
67
54
49
7
64
80
48
39
32
60
9
95
34
61
8
6
46
34
9
94
84
77
70
19
44
34
25
30
100
97
39
64
29
70
10
81
70
44
63
27
91
18
13
40
26
80
23
93
63
16
49
8
91
100
65
43
98
22
44
59
41
94
68
10
10
13
37
52
32
72
65
84
23
60
10
47
76
8
75
61
13
96
4
80
46
46
92
20
52
84
48
92
47
24
95
26
54
28
72
2
53
46
12
80
15
62
61
2
43
47
64
79
45
78
83
36
89
17
88
64
69
39
58
50
22
57
94
92
10
3
14
21
45
25
19
6
29
21
75
14
8
2
86
13
73
48
91
63
57
40
31
2
26
56
77
17
94
88
49
52
6
38
58
38
61
63
21
46
8
49
41
22
98
45
52
22
72
7
39
30
73
63
37
74
87
77
7
3
88
37
44
93
21
36
86
33
6
18
24
14
8
58
75
56
16
62
96
29
63
74
2
56
57
59
68
91
51
57
7
61
95
25
30
99
6
75
97
93
18
1
81
53
91
52
21
62
44
69
48
50
7
53
37
23
1
2
38
78
24
3
99
17
1
73
36
24
6
76
30
82
29
73
12
52
50
91
23
52
90
30
74
38
2
73
94
81
94
28
72
87
40
98
29
20
9
65
15
51
99
9
62
19
73
34
18
77
7
52
6
43
37
5
81
95
61
48
47
67
87
68
73
32
80
58
26
29
98
73
41
2
20
27
56
49
4
5
22
67
93
17
30
80
33
55
70
98
51
46
96
80
14
76
49
74
60
33
92
35
1
74
63
54
48
52
25
92
48
34
96
29
30
70
13
76
67
94
89
26
84
29
63
66
38
84
76
60
53
25
78
78
77
14
83
65
54
38
41
97
21
97
4
24
16
83
71
46
23
67
82
55
45
70
88
50
57
92
62
51
48
71
23
8
79
54
69
87
95
37
67
61
11
6
86
10
78
70
52
68
6
60
90
3
55
44
66
12
54
75
23
28
39
93
10
82
71
5
21
76
74
61
66
93
16
21
86
74
61
20
45
85
90
28
35
12
99
86
66
17
38
18
74
82
5
10
93
48
40
4
54
56
100
90
93
62
43
74
54
18
41
11
39
12
10
88
71
72
68
71
22
51
88
20
84
53
1
76
94
15
28
33
62
30
1
40
73
57
55
39
89
18
96
87
91
2
89
21
4
30
31
94
40
59
78
24
39
1
45
39
1
84
75
90
17
97
53
46
77
28
69
15
52
26
29
66
60
27
77
56
23
20
6
3
78
91
68
48
63
3
97
71
59
35
23
69
49
89
79
20
55
31
69
79
16
16
48
2
18
30
48
94
29
50
12
45
66
84
87
50
97
53
27
76
72
76
9
21
37
61
20
17
56
46
35
63
30
19
4
29
99
33
57
51
47
60
54
82
98
8
10
28
4
92
31
88
49
98
42
9
1
16
63
99
96
58
97
75
1
36
16
27
92
37
31
32
13
38
67
95
47
36
46
35
48
36
78
52
71
3
38
12
46
57
50
8
23
74
29
19
26
8
47
28
52
3
90
59
7
75
99
74
73
21
86
99
70
4
80
71
85
86
67
39
97
92
98
41
19
32
48
21
30
81
53
99
42
93
58
12
17
85
62
37
49
72
85
81
26
6
44
41
2
27
93
23
50
44
17
89
52
96
5
17
8
80
70
21
44
91
85
72
80
86
79
34
17
11
81
27
27
100
96
24
3
34
74
51
16
34
97
54
70
21
23
55
61
69
30
99
27
35
53
17
29
71
75
82
40
92
43
15
20
20
84
18
43
97
92
93
93
43
9
57
91
55
49
15
57
60
51
17
36
3
98
66
66
66
25
86
95
93
63
65
93
67
18
80
14
83
91
30
47
93
73
56
31
20
58
35
84
100
80
88
24
27
81
38
63
20
80
100
22
34
1
63
37
36
90
46
18
33
95
68
90
1
7
83
36
6
76
84
44
51
30
6
79
29
53
50
34
84
99
48
54
75
20
49
75
64
94
64
49
32
59
4
89
65
80
7
48
71
92
21
57
27
43
46
54
4
37
85
39
41
100
68
53
86
100
91
51
84
2
3
2
9
68
50
99
74
3
21
45
35
45
26
85
60
2
32
68
85
76
14
55
76
12
82
13
34
12
32
61
39
32
89
52
62
12
98
91
14
36
44
41
73
96
49
5
67
67
73
92
96
66
14
25
45
90
34
9
67
70
80
58
4
66
5
84
83
36
34
100
68
22
61
82
24
37
57
51
2
2
98
37
60
80
98
73
38
7
4
66
72
44
25
78
72
25
13
0 647
0 1184
0 1694
1 172
1 428
1 662
3 331
3 1855
4 1184
4 1437
4 1472
4 1667
4 1809
5 588
5 745
5 942
5 1528
5 1690
6 431
6 602
7 1492
7 1500
7 1542
7 1691
8 688
8 1315
8 1834
9 399
9 695
9 892
9 1100
9 1411
10 129
10 248
10 1527
10 1663
10 1924
11 1133
12 145
12 1115
12 1575
13 47
13 186
13 418
13 515
13 1163
13 1987
14 57
14 246
14 801
14 863
14 1729
14 1770
14 1863
15 1212
15 1325
16 219
16 550
16 1581
16 1891
18 536
18 1024
18 1481
19 418
21 667
22 164
22 1088
22 1345
23 912
24 313
24 1050
25 74
25 775
25 1704
25 1959
26 579
26 999
26 1562
27 1202
27 1204
28 267
28 1164
28 1234
28 1506
28 1633
29 946
29 1014
29 1710
29 1980
29 1996
30 1634
30 1823
30 1831
31 380
31 597
31 1788
32 1199
32 1997
33 329
33 821
33 901
33 955
33 1248
33 1587
33 1598
34 445
34 518
34 1398
34 1420
35 898
36 1962
37 127
37 593
37 648
37 995
37 1576
37 1743
38 778
38 1552
38 1611
38 1966
39 268
39 487
39 806
39 1564
39 1909
40 258
40 367
40 979
41 110
41 330
41 634
41 967
41 1818
41 1944
42 326
42 665
42 701
42 1109
42 1237
43 80
43 167
43 224
43 1273
44 1130
44 1555
44 1806
45 1424
46 434
46 690
46 1674
47 620
47 754
47 1987
48 889
49 580
49 1093
50 549
50 1107
50 1833
51 1569
51 1741
52 317
52 341
52 860
52 1585
52 1644
53 549
53 1534
53 1819
54 174
54 558
54 903
54 1034
54 1451
54 1485
55 659
55 1614
55 1647
56 325
56 541
56 575
56 1717
57 473
57 927
58 244
58 762
58 1459
58 1576
58 1589
58 1758
59 169
59 203
59 1093
61 779
61 1709
62 220
62 317
62 398
62 835
62 932
62 1308
63 159
63 296
63 316
63 369
63 779
63 1230
64 208
64 394
64 700
65 334
65 1309
65 1899
66 75
66 473
66 989
67 723
67 1720
68 580
68 677
68 1146
68 1195
68 1354
68 1591
69 1304
70 200
72 152
72 170
72 308
72 829
72 1296
72 1666
73 770
73 1687
73 1772
74 268
74 893
74 1332
74 1412
74 1681
74 1914
75 1493
75 1795
76 130
76 266
76 418
77 1203
78 209
78 576
78 876
79 544
79 1469
79 1754
80 685
80 1178
81 235
81 1629
81 1815
82 247
82 327
82 907
82 1867
82 1884
83 89
83 649
83 889
84 248
84 1049
84 1870
85 172
85 461
85 514
85 579
85 875
85 1082
85 1399
85 1595
86 327
86 861
86 918
87 415
87 1154
87 1160
88 278
88 1024
88 1066
88 1395
89 272
89 364
89 1904
89 1987
90 231
90 861
90 1081
90 1422
90 1837
90 1860
90 1935
91 1137
92 148
92 227
92 568
92 1046
92 1678
92 1735
93 609
93 843
93 874
94 118
94 630
94 850
94 1004
95 998
95 1941
97 271
98 242
98 1307
98 1428
99 444
99 1680
100 1946
101 955
101 1192
101 1625
101 1841
101 1846
102 1437
102 1717
102 1742
105 542
105 990
105 1495
105 1973
106 136
106 1052
107 631
107 1464
107 1711
107 1757
107 1955
108 321
108 620
108 637
108 1019
108 1934
109 486
109 1443
110 1611
110 1951
111 800
111 949
111 1480
111 1895
112 191
112 809
112 1728
113 962
114 350
114 481
114 831
114 998
114 1856
115 234
115 443
115 505
115 1233
115 1988
116 209
116 705
117 761
117 1107
117 1738
118 153
118 1689
119 186
119 1101
119 1679
119 1782
120 1690
121 717
121 985
122 303
122 407
122 674
122 693
123 1489
124 1122
124 1711
125 529
125 1034
125 1340
125 1347
125 1538
126 132
126 581
126 659
126 660
126 735
126 931
126 1508
127 275
127 1013
127 1044
128 1550
128 1699
129 683
129 705
129 722
129 1070
129 1275
130 1496
130 1517
131 601
131 625
131 1050
131 1499
132 513
133 754
134 1586
134 1664
134 1853
135 1370
135 1613
136 757
136 916
136 1112
136 1211
136 1375
137 233
137 1397
137 1735
138 514
140 1937
141 1144
141 1438
142 298
142 446
142 1454
142 1490
142 1592
142 1943
142 1963
144 233
145 493
145 1782
146 1853
146 1945
148 227
148 456
148 1690
149 1051
149 1098
149 1308
149 1334
149 1695
150 250
150 878
151 1645
151 1893
152 1362
153 421
153 560
153 958
154 517
154 1730
155 294
155 853
155 1052
155 1259
155 1814
155 1836
156 310
156 489
156 513
156 542
156 870
157 1262
157 1322
157 1532
158 542
158 1763
159 255
159 948
160 386
160 851
160 1354
161 1114
162 236
162 556
162 830
163 867
164 1337
165 223
165 1095
165 1702
166 1773
167 577
167 692
167 1067
167 1720
168 261
168 832
168 855
168 1472
169 285
169 475
169 1089
169 1410
170 180
170 1846
171 763
171 1027
171 1955
172 1113
173 1371
173 1568
174 470
174 754
174 777
174 799
174 1134
174 1475
176 729
176 824
176 1733
177 1150
177 1277
178 308
178 1432
179 1330
179 1345
180 197
180 264
180 905
181 231
181 710
181 1082
181 1305
181 1532
182 391
182 972
183 1709
185 347
185 1667
187 359
188 370
188 1369
188 1447
189 1049
189 1618
190 1317
190 1661
190 1835
191 515
191 1753
191 1993
192 1187
192 1258
192 1651
193 304
193 1245
193 1302
193 1669
194 1715
195 1502
196 326
196 1073
196 1854
197 1562
198 372
198 482
198 1118
198 1492
199 836
199 1229
200 1477
200 1557
201 290
201 489
201 1205
201 1442
202 1380
202 1815
203 291
203 436
203 534
203 598
203 757
203 1432
204 714
204 1299
204 1786
205 387
205 607
205 809
205 985
205 1201
205 1481
205 1899
206 589
206 1635
207 758
207 776
209 918
210 370
210 706
210 1441
210 1539
210 1571
210 1978
210 1984
211 757
211 1051
213 235
213 776
213 888
213 1423
213 1485
213 1551
214 587
214 1107
214 1137
215 269
215 750
215 1198
215 1814
216 1296
217 375
217 757
217 1489
217 1571
217 1636
217 1790
218 1998
219 722
220 596
220 1105
220 1262
220 1462
221 695
222 740
223 299
223 1188
223 1209
223 1335
223 1347
223 1674
223 1803
224 334
224 764
224 1301
224 1811
225 980
226 269
226 304
226 1792
227 404
227 780
227 1280
227 1365
228 584
228 1279
228 1593
229 985
229 1134
229 1585
230 402
230 1462
231 1396
231 1513
232 1101
232 1593
233 287
234 790
234 1348
235 514
235 688
235 1670
235 1844
236 598
236 865
236 1052
237 709
237 1918
238 848
238 1110
238 1132
238 1297
238 1403
238 1814
238 1914
239 292
239 307
239 1226
240 255
240 369
240 1497
240 1705
240 1713
240 1837
241 1027
241 1074
242 1084
242 1797
243 595
244 686
244 1142
244 1676
244 1680
245 776
246 358
246 460
246 1086
247 304
247 319
247 544
248 1515
248 1613
248 1842
249 281
249 955
249 1269
249 1409
249 1767
250 465
251 1989
252 1765
253 300
253 1570
253 1728
254 304
254 1184
254 1335
254 1387
255 738
255 906
255 1692
256 876
257 960
258 1605
258 1758
259 1000
260 657
260 1628
260 1793
261 981
261 1795
262 870
262 1645
263 498
263 582
263 659
263 856
263 944
264 1982
265 1028
266 533
267 462
267 500
267 1913
269 467
269 1403
269 1497
269 1752
270 379
270 435
270 1096
270 1307
272 837
272 1309
272 1365
272 1432
272 1571
273 495
273 519
273 1641
273 1929
274 455
275 945
275 1379
276 877
276 892
276 1456
276 1491
277 1053
277 1071
277 1081
277 1390
277 1435
278 525
278 584
279 387
280 463
280 972
280 1179
281 719
281 1177
283 284
283 1640
284 1023
284 1710
284 1744
285 553
285 1052
285 1565
286 336
286 385
286 451
286 1960
287 1022
287 1208
287 1342
287 1847
288 1025
289 716
290 875
290 1887
291 641
291 670
291 803
291 983
292 1294
292 1420
292 1742
293 875
293 1245
293 1400
294 1231
294 1422
294 1556
294 1580
294 1877
296 555
296 848
296 1077
296 1484
297 1203
297 1465
298 328
298 461
298 1102
298 1129
298 1716
298 1887
298 1957
299 444
299 733
299 1283
299 1595
300 387
300 651
300 1834
301 326
301 1369
302 607
302 688
302 998
302 1445
302 1643
303 1023
303 1390
304 840
304 1854
305 1410
305 1454
305 1706
305 1845
306 459
306 867
306 965
306 1629
307 827
308 868
309 540
309 1165
309 1488
309 1800
310 1069
310 1516
311 1818
312 1199
313 521
313 721
313 742
313 1224
313 1771
314 547
314 1003
314 1027
314 1415
314 1556
315 751
315 1783
316 410
316 702
316 1617
316 1926
318 718
318 1324
318 1355
318 1961
319 534
319 1476
319 1877
320 515
320 1203
320 1258
320 1548
321 807
321 1500
321 1732
321 1854
322 814
322 1570
322 1846
323 770
323 1253
324 482
324 631
324 1302
324 1646
324 1794
324 1928
325 1113
327 1510
327 1965
328 1445
328 1968
330 744
330 1391
330 1765
331 386
331 702
331 1508
332 747
332 1346
332 1714
333 1402
333 1862
335 862
335 1435
336 663
337 1226
338 1049
339 612
339 913
340 552
340 609
340 636
341 352
341 534
341 669
341 1523
341 1710
342 1831
343 481
343 651
343 1635
344 1286
344 1857
345 878
345 1642
346 999
346 1089
347 437
348 458
348 524
348 1360
349 733
349 786
349 1383
349 1466
349 1550
350 806
350 1237
350 1292
350 1370
350 1955
351 761
351 1717
352 505
352 1178
352 1327
352 1542
352 1910
353 1592
353 1991
354 692
354 849
355 663
356 531
356 675
357 419
357 1593
357 1760
357 1850
358 400
358 656
358 1422
358 1474
359 1482
360 533
360 632
360 748
361 484
361 634
361 1580
362 1185
363 1183
363 1413
363 1714
364 441
364 513
364 1564
364 1958
365 416
366 717
367 474
367 646
367 1213
368 402
368 551
369 469
370 375
370 742
370 835
370 844
370 894
370 1439
370 1784
371 1188
372 481
372 750
372 998
373 860
374 522
374 1172
374 1434
375 733
376 1454
376 1634
377 462
377 670
377 1740
377 1928
378 1036
378 1707
378 1833
379 652
379 922
379 1875
380 1393
380 1636
382 1574
382 1870
383 893
383 1173
383 1657
384 612
384 1433
385 1488
386 1033
387 1232
388 1017
388 1090
388 1224
388 1680
390 1754
391 1502
392 570
393 817
393 875
394 491
394 908
394 1008
394 1066
394 1118
394 1256
395 766
396 448
396 717
396 1016
396 1352
396 1673
396 1982
397 416
397 1752
398 572
399 855
400 496
400 551
400 1114
400 1543
401 965
401 1977
402 1097
402 1588
403 576
403 1406
404 757
404 1291
404 1564
404 1752
405 673
406 1437
407 601
407 1788
408 436
408 660
408 1336
409 947
410 448
410 809
410 939
411 493
411 1468
411 1971
412 430
412 1511
412 1943
413 605
413 874
413 1260
413 1400
413 1989
414 976
414 996
414 1556
416 470
416 485
416 566
416 1194
416 1824
416 1946
417 1567
417 1660
419 1237
419 1325
420 1206
421 1421
421 1656
424 567
425 1549
425 1974
426 778
426 1334
427 607
427 831
428 526
428 1096
428 1236
430 990
431 689
431 817
431 888
431 1618
431 1929
433 1233
433 1677
435 470
435 493
435 605
435 1595
435 1610
436 493
436 849
437 565
438 509
438 713
439 1285
440 895
440 967
440 1529
441 1633
442 743
443 965
443 1157
443 1854
444 721
444 1875
444 1917
445 1772
445 1928
445 1953
446 1907
447 1429
448 544
448 594
448 1458
448 1599
449 505
449 1498
449 1606
449 1636
449 1998
450 755
450 1143
450 1236
451 843
452 907
453 1706
454 516
454 996
454 1080
454 1763
454 1980
455 871
456 931
456 1471
457 944
457 1262
457 1720
458 1557
458 1956
459 1280
459 1471
459 1501
460 1525
461 624
461 870
461 1098
461 1406
461 1878
462 627
462 754
462 1772
463 1804
464 904
464 1264
464 1909
465 864
466 767
466 1873
466 1998
467 1672
468 629
468 1041
469 939
469 1021
469 1282
470 893
471 1478
471 1868
472 1109
472 1267
472 1274
472 1525
473 1576
473 1756
473 1900
473 1962
474 749
474 1334
474 1778
475 1474
476 830
476 921
476 1416
476 1541
477 597
477 730
477 1841
478 510
478 528
478 1579
478 1947
478 1992
479 831
479 999
479 1549
479 1801
480 951
480 1268
480 1677
481 638
482 777
482 1354
483 542
483 990
483 1452
483 1501
484 666
484 809
484 1566
484 1707
485 588
485 1810
486 814
486 1468
486 1888
487 1092
487 1688
488 1092
488 1134
488 1407
488 1990
489 793
489 950
489 1381
491 535
491 636
491 1084
491 1666
492 1216
493 1301
493 1685
494 664
494 1440
496 1048
497 707
497 750
497 1953
498 771
498 1587
498 1827
498 1936
499 1111
499 1753
502 595
502 662
502 873
503 584
503 1626
503 1806
504 1482
504 1804
504 1835
505 955
505 1303
505 1556
505 1643
506 1060
506 1504
506 1684
506 1920
507 598
507 801
507 902
507 1825
508 901
508 1744
508 1861
508 1885
509 1182
509 1515
509 1595
510 591
510 1706
510 1890
511 1107
511 1325
511 1622
512 1279
513 1136
514 566
514 1108
515 1189
515 1646
516 1107
516 1821
517 633
517 1025
518 1046
518 1237
518 1760
519 992
519 1575
519 1742
520 1043
520 1872
521 1226
522 642
523 567
523 1173
523 1338
524 969
524 1301
526 871
526 1855
527 1912
528 947
528 1506
529 849
529 1081
529 1573
530 1545
530 1630
531 748
531 1067
531 1287
531 1324
532 1684
533 1285
533 1379
533 1729
534 1777
535 1050
535 1669
536 992
536 1461
536 1926
537 1245
537 1724
539 885
539 1744
540 1708
540 1863
541 629
542 675
542 776
542 1074
543 659
543 772
543 1865
544 620
545 739
545 1543
546 1287
546 1533
546 1742
547 936
548 601
548 1497
548 1647
549 691
550 811
550 925
550 1157
550 1597
550 1604
550 1919
551 1643
552 933
552 1150
552 1628
552 1744
552 1890
553 711
553 872
554 826
554 1166
555 831
555 1184
555 1231
555 1371
555 1892
557 714
557 1804
558 1270
558 1404
558 1407
559 887
559 1059
559 1876
560 1184
560 1729
561 570
561 1278
561 1367
562 1348
562 1583
562 1643
563 1776
564 1233
564 1967
565 1060
565 1186
565 1411
566 651
566 764
567 949
567 1759
568 696
568 1675
569 668
569 1023
569 1154
569 1614
569 1953
570 1644
571 666
571 1363
571 1522
571 1527
571 1548
572 783
572 1467
573 715
573 959
574 1190
574 1730
575 1189
575 1568
575 1816
575 1938
576 1031
576 1265
578 971
579 1332
579 1641
580 855
580 1923
581 1421
581 1482
582 711
583 830
583 1971
584 744
584 762
584 767
584 1253
585 638
585 903
587 643
587 1190
588 665
588 863
588 1724
589 1056
589 1497
589 1927
590 680
590 1674
591 860
591 1633
591 1949
592 968
593 594
593 1198
593 1548
593 1810
594 1878
595 660
595 711
596 1029
596 1690
596 1864
597 890
597 1342
597 1885
599 992
599 1065
600 1850
601 1772
601 1891
602 700
602 1276
602 1614
602 1800
603 1121
604 945
604 1046
604 1652
604 1811
605 773
605 1426
606 736
606 1026
606 1197
606 1295
606 1657
607 699
607 964
607 1597
607 1808
610 772
610 875
610 1244
610 1493
611 1243
611 1540
613 1281
614 1188
614 1214
614 1384
614 1423
615 866
615 1177
615 1556
615 1827
617 1188
617 1305
617 1442
617 1476
619 918
619 1044
619 1191
620 738
620 1276
621 743
621 999
621 1094
621 1427
622 625
622 1652
623 660
623 777
623 1974
624 957
624 1421
624 1924
625 850
625 892
626 750
626 1894
628 1184
628 1695
630 722
631 1252
632 643
632 876
632 1175
632 1468
632 1946
633 1989
635 1412
636 904
637 1272
637 1438
637 1489
637 1757
638 866
638 1046
638 1277
638 1280
638 1341
638 1627
638 1862
639 816
639 1893
639 1946
640 1006
641 1495
641 1625
642 1224
643 1041
643 1389
645 1202
645 1582
645 1984
647 1450
647 1494
648 809
649 757
649 1243
651 799
651 804
651 811
653 874
653 1152
654 748
654 815
654 963
654 1405
656 931
656 1377
656 1419
657 1311
659 1240
659 1428
660 684
660 925
660 1282
661 814
661 1523
661 1688
662 688
662 775
662 1313
662 1422
663 1266
663 1906
665 1428
665 1435
666 982
667 1328
667 1833
668 1926
669 1329
670 839
670 932
670 1519
671 1420
671 1925
672 1143
672 1524
672 1560
673 1711
674 1011
674 1024
674 1102
674 1106
675 698
675 762
675 891
675 1139
675 1288
675 1619
676 1572
677 1156
677 1202
677 1704
678 901
678 948
678 1401
679 756
679 1588
680 1041
680 1153
681 1469
681 1986
682 988
682 1265
682 1766
683 983
683 1199
685 1674
686 1203
686 1321
687 1158
687 1350
687 1449
687 1539
688 1280
689 1147
689 1169
689 1556
689 1681
689 1894
692 695
693 1096
694 1077
694 1497
694 1911
695 1052
695 1370
696 880
697 1451
697 1853
698 1125
698 1804
699 1572
699 1761
701 1508
702 1151
702 1664
703 1291
703 1749
704 727
704 1188
704 1912
705 949
705 1257
706 740
706 1117
706 1829
707 1529
707 1904
708 755
708 1151
708 1481
708 1499
708 1777
709 1491
710 1142
710 1697
711 822
711 1695
711 1866
711 1921
712 827
712 846
712 866
712 883
712 1159
712 1254
712 1317
712 1649
713 1225
714 1965
715 753
715 1002
715 1235
715 1884
715 1964
716 1270
716 1717
717 900
718 777
719 1722
719 1987
720 900
720 1050
720 1244
720 1265
720 1674
721 1099
721 1966
723 754
723 1037
725 1119
726 883
726 1756
727 1394
727 1983
729 805
730 1604
730 1699
732 1637
732 1875
733 1769
734 1242
734 1973
735 1285
735 1295
735 1676
736 854
736 1040
736 1874
737 1625
737 1734
739 1208
739 1553
739 1580
740 1102
740 1325
740 1619
741 956
741 1339
741 1707
742 1134
742 1390
742 1851
742 1865
743 1412
743 1714
743 1895
744 1436
745 1678
746 1167
746 1602
747 1325
748 1048
748 1110
748 1730
750 1624
751 934
752 779
752 1052
752 1877
753 1782
753 1888
754 1734
754 1907
755 802
756 775
756 1937
757 1461
758 1055
758 1899
760 1139
761 899
761 1120
761 1186
762 891
762 1352
763 970
763 998
763 1804
764 813
764 1678
765 973
765 1125
765 1835
766 791
767 1096
767 1326
768 770
768 1026
768 1614
769 1191
769 1703
769 1749
771 1056
771 1492
773 942
773 1097
773 1753
773 1755
774 923
774 1735
775 1044
775 1249
776 790
776 1286
776 1387
776 1697
777 1190
777 1646
777 1684
778 1260
778 1812
779 1324
779 1696
780 1245
780 1365
780 1631
780 1927
781 859
781 866
783 1861
784 1395
784 1812
787 1227
788 1516
789 965
790 1825
791 861
791 1202
792 1218
792 1646
793 1342
793 1365
793 1529
794 1427
794 1624
796 984
797 1753
798 1123
798 1231
798 1512
798 1800
799 1412
801 1105
801 1191
801 1509
803 1335
803 1837
805 1100
805 1343
805 1967
805 1991
806 1496
806 1979
808 1781
809 1256
809 1950
810 907
810 1521
810 1979
811 890
811 1722
811 1793
812 1706
815 930
815 1822
815 1933
816 1468
816 1725
817 866
817 1282
818 1453
819 1436
819 1503
819 1843
821 1372
821 1725
822 1698
822 1794
823 1424
825 1077
825 1728
826 1506
827 1707
827 1778
828 1711
829 1082
831 1174
831 1758
831 1783
832 1305
832 1393
832 1498
833 1467
833 1982
835 908
836 880
836 1901
836 1932
837 1171
837 1214
837 1507
838 941
838 960
838 1526
838 1786
839 1093
839 1124
839 1682
839 1816
840 1396
840 1789
841 1542
842 1829
842 1933
842 1996
843 1580
843 1818
845 1803
847 1903
847 1953
848 956
848 988
850 952
851 1980
852 1003
853 1409
853 1990
854 1214
854 1457
854 1637
855 1205
855 1307
856 1181
856 1200
856 1710
857 965
858 1389
858 1962
859 1617
859 1902
860 1095
860 1316
860 1722
860 1740
861 1019
861 1539
863 1112
864 1511
865 1861
866 1598
867 954
869 1033
869 1941
870 1844
870 1948
872 904
873 1103
873 1845
874 937
874 1473
874 1690
875 1801
876 1645
877 1397
877 1648
877 1803
878 1638
878 1700
878 1882
879 1430
879 1868
880 926
880 1046
883 1144
883 1531
883 1952
884 1670
884 1706
885 962
885 1086
885 1440
885 1455
885 1703
885 1795
885 1974
887 926
887 1144
888 1117
888 1471
888 1923
889 1556
890 1190
892 1883
893 969
894 1216
894 1550
895 1114
895 1147
895 1178
895 1998
896 1002
896 1160
896 1288
896 1519
896 1671
898 981
898 1867
900 1705
901 1525
903 1337
903 1489
903 1514
904 1413
906 1236
906 1385
908 1317
908 1488
908 1586
911 1407
912 1269
912 1320
912 1360
913 1361
914 1467
914 1869
914 1926
916 1040
916 1044
916 1581
917 1845
917 1931
917 1953
918 1307
919 982
919 1120
921 1139
921 1385
923 1071
923 1125
923 1973
924 939
924 1469
925 979
926 1025
926 1364
926 1902
926 1944
927 1969
927 1984
929 1352
929 1573
929 1854
930 1115
930 1350
930 1987
932 1119
932 1136
932 1638
933 957
933 1139
933 1777
934 1226
934 1383
935 1874
936 1200
937 1747
937 1767
939 1458
940 1766
941 1104
942 1422
942 1997
943 1051
943 1256
944 1000
944 1603
944 1796
945 1926
947 1534
948 1024
948 1173
948 1530
948 1646
949 1432
953 1254
954 1160
954 1439
954 1981
955 1297
955 1330
956 1931
958 982
958 1986
960 1239
960 1926
961 1240
961 1569
962 1531
963 1168
963 1889
964 1405
965 1107
965 1286
965 1839
965 1928
966 1012
966 1020
966 1293
967 1304
967 1925
968 1120
968 1805
968 1958
969 1021
969 1846
969 1905
969 1948
970 1259
970 1597
970 1746
971 1975
972 1003
972 1601
972 1869
974 1523
975 1288
975 1959
976 1195
976 1860
978 1714
980 1137
981 1202
981 1729
983 1914
986 1159
986 1581
987 1886
988 1421
988 1619
989 1550
990 1010
990 1100
990 1128
990 1712
991 1191
993 1922
994 1067
994 1677
995 1545
996 1618
996 1674
997 1300
997 1591
997 1609
997 1865
998 1126
998 1940
999 1279
999 1444
999 1661
1000 1522
1002 1987
1003 1384
1004 1711
1005 1174
1005 1251
1005 1379
1005 1624
1005 1674
1005 1865
1006 1630
1007 1455
1007 1561
1007 1917
1008 1169
1009 1533
1011 1041
1012 1407
1012 1939
1013 1178
1013 1423
1014 1437
1015 1904
1016 1854
1018 1327
1018 1988
1019 1275
1020 1734
1021 1104
1021 1141
1021 1477
1022 1040
1022 1741
1023 1294
1025 1311
1027 1460
1027 1638
1028 1308
1029 1508
1029 1643
1029 1694
1030 1184
1030 1294
1030 1297
1030 1898
1031 1387
1031 1687
1031 1710
1032 1042
1032 1101
1032 1367
1032 1413
1032 1581
1033 1168
1033 1187
1033 1455
1034 1966
1035 1313
1035 1943
1036 1519
1037 1384
1037 1687
1038 1067
1038 1084
1038 1351
1038 1845
1040 1471
1040 1714
1040 1733
1041 1738
1043 1159
1044 1282
1045 1340
1045 1626
1045 1640
1045 1688
1046 1375
1047 1441
1047 1492
1048 1616
1048 1919
1048 1951
1049 1186
1049 1716
1052 1316
1052 1372
1053 1891
1054 1852
1054 1871
1055 1593
1057 1816
1060 1177
1061 1455
1061 1954
1063 1201
1063 1899
1065 1363
1070 1326
1070 1586
1070 1975
1071 1731
1073 1455
1073 1567
1073 1921
1074 1733
1075 1331
1075 1869
1075 1948
1076 1955
1077 1103
1078 1499
1079 1724
1080 1562
1081 1509
1083 1535
1084 1731
1085 1462
1086 1441
1086 1980
1087 1168
1087 1311
1088 1815
1088 1839
1091 1173
1091 1311
1093 1737
1095 1161
1096 1904
1098 1115
1098 1184
1098 1467
1098 1630
1098 1914
1098 1961
1099 1110
1100 1964
1101 1585
1102 1809
1102 1834
1103 1550
1103 1928
1108 1689
1111 1464
1112 1543
1113 1414
1113 1991
1115 1157
1115 1857
1117 1253
1117 1303
1117 1446
1118 1283
1118 1631
1118 1720
1119 1210
1119 1430
1119 1561
1119 1593
1119 1629
1120 1540
1122 1138
1122 1871
1122 1919
1124 1288
1124 1528
1124 1585
1124 1771
1125 1802
1126 1487
1126 1792
1127 1138
1127 1953
1128 1633
1129 1390
1130 1674
1131 1660
1133 1299
1133 1401
1133 1605
1133 1858
1133 1906
1134 1441
1135 1396
1135 1472
1135 1926
1136 1574
1137 1148
1137 1198
1138 1415
1139 1403
1139 1636
1139 1922
1140 1397
1140 1612
1141 1690
1142 1332
1142 1402
1142 1458
1143 1429
1143 1907
1145 1552
1145 1692
1146 1421
1148 1718
1148 1922
1149 1803
1150 1155
1150 1323
1151 1765
1152 1292
1153 1601
1154 1189
1155 1400
1155 1679
1155 1917
1157 1246
1157 1678
1157 1730
1158 1975
1160 1567
1160 1825
1161 1352
1162 1193
1162 1306
1162 1477
1164 1216
1164 1268
1164 1697
1164 1806
1165 1576
1167 1272
1168 1575
1170 1573
1170 1627
1170 1763
1171 1601
1172 1816
1173 1207
1173 1618
1173 1902
1174 1294
1174 1536
1174 1835
1175 1223
1175 1756
1179 1820
1180 1841
1181 1812
1182 1932
1183 1441
1183 1526
1184 1831
1185 1327
1187 1467
1188 1552
1189 1963
1190 1499
1190 1956
1191 1223
1191 1246
1192 1229
1192 1413
1192 1963
1193 1365
1194 1312
1194 1934
1195 1220
1195 1534
1195 1576
1195 1976
1196 1542
1197 1405
1198 1418
1198 1552
1198 1910
1199 1297
1200 1307
1201 1267
1202 1329
1202 1596
1202 1953
1203 1474
1203 1798
1203 1801
1204 1908
1206 1446
1206 1723
1206 1898
1208 1241
1208 1608
1209 1319
1212 1540
1212 1556
1214 1984
1215 1664
1215 1789
1216 1931
1218 1267
1218 1774
1219 1247
1219 1510
1219 1540
1222 1335
1222 1362
1224 1986
1225 1945
1226 1496
1227 1354
1228 1717
1230 1681
1231 1397
1232 1388
1232 1537
1233 1443
1236 1347
1240 1730
1240 1739
1241 1558
1242 1307
1242 1383
1243 1562
1244 1842
1244 1904
1245 1351
1245 1961
1246 1618
1247 1332
1247 1739
1247 1759
1248 1923
1250 1699
1250 1987
1251 1844
1253 1963
1254 1381
1255 1747
1255 1871
1256 1485
1256 1741
1258 1538
1258 1581
1259 1541
1259 1690
1260 1321
1261 1670
1263 1614
1264 1373
1264 1810
1264 1868
1265 1736
1265 1835
1266 1456
1266 1885
1267 1674
1268 1558
1269 1345
1269 1371
1269 1679
1269 1746
1270 1968
1271 1505
1271 1797
1271 1960
1273 1392
1273 1768
1274 1332
1275 1290
1275 1889
1275 1920
1276 1808
1276 1863
1277 1447
1278 1327
1278 1544
1278 1701
1281 1914
1281 1939
1286 1679
1287 1455
1287 1492
1287 1942
1288 1414
1290 1375
1292 1878
1293 1875
1294 1646
1294 1883
1295 1445
1300 1639
1300 1735
1301 1338
1304 1585
1305 1407
1305 1585
1305 1946
1306 1698
1307 1543
1307 1577
1308 1312
1308 1325
1309 1638
1310 1432
1311 1536
1311 1736
1312 1590
1312 1701
1313 1549
1314 1337
1314 1402
1315 1938
1316 1846
1317 1685
1317 1987
1318 1474
1319 1883
1321 1692
1324 1637
1325 1487
1325 1651
1325 1982
1326 1721
1327 1655
1327 1689
1328 1404
1331 1599
1331 1707
1332 1910
1333 1932
1334 1356
1336 1457
1337 1624
1339 1383
1340 1706
1340 1709
1341 1444
1341 1503
1342 1369
1342 1619
1342 1916
1343 1404
1343 1578
1343 1646
1343 1842
1345 1950
1346 1392
1346 1721
1347 1644
1348 1426
1349 1531
1349 1895
1350 1831
1350 1859
1350 1916
1351 1360
1351 1741
1352 1494
1355 1535
1357 1461
1358 1897
1359 1677
1360 1704
1361 1570
1361 1905
1363 1385
1364 1909
1365 1440
1365 1879
1367 1462
1367 1840
1368 1396
1369 1468
1370 1688
1370 1953
1372 1464
1372 1488
1372 1911
1373 1753
1378 1711
1381 1632
1381 1922
1382 1540
1382 1796
1384 1817
1385 1779
1389 1771
1389 1987
1394 1407
1394 1601
1394 1744
1397 1447
1398 1462
1398 1730
1399 1582
1399 1838
1400 1876
1402 1532
1402 1867
1403 1817
1403 1941
1404 1496
1405 1657
1405 1861
1406 1862
1409 1554
1410 1478
1410 1743
1412 1580
1413 1450
1414 1521
1414 1722
1416 1868
1417 1875
1417 1987
1419 1857
1420 1909
1423 1426
1425 1742
1427 1618
1428 1486
1428 1542
1428 1588
1429 1578
1430 1433
1431 1510
1431 1511
1432 1435
1433 1904
1434 1542
1434 1714
1434 1840
1434 1870
1435 1535
1437 1929
1438 1895
1439 1560
1439 1932
1441 1699
1444 1595
1444 1991
1445 1538
1447 1609
1449 1592
1450 1824
1453 1690
1453 1862
1454 1621
1454 1723
1455 1483
1456 1745
1456 1884
1457 1947
1458 1464
1458 1951
1459 1647
1459 1883
1460 1796
1461 1589
1461 1616
1461 1917
1463 1757
1463 1950
1463 1977
1469 1658
1480 1731
1480 1814
1481 1787
1481 1980
1483 1853
1483 1984
1484 1552
1485 1768
1486 1914
1488 1490
1490 1959
1492 1601
1492 1621
1493 1676
1495 1931
1496 1952
1499 1653
1501 1741
1501 1890
1501 1908
1504 1595
1504 1739
1506 1769
1509 1870
1510 1811
1512 1875
1513 1802
1514 1696
1514 1795
1515 1661
1517 1519
1517 1521
1518 1970
1518 1974
1519 1711
1521 1825
1522 1556
1526 1621
1531 1916
1533 1995
1534 1769
1537 1953
1541 1792
1544 1730
1547 1625
1547 1824
1547 1887
1548 1652
1549 1697
1550 1646
1554 1719
1555 1828
1557 1560
1557 1984
1560 1792
1561 1669
1561 1848
1562 1938
1569 1669
1571 1582
1571 1998
1572 1799
1572 1902
1574 1909
1575 1682
1575 1783
1579 1607
1580 1945
1583 1850
1589 1930
1591 1814
1592 1825
1595 1864
1595 1893
1597 1680
1602 1629
1603 1959
1615 1857
1615 1969
1617 1740
1618 1743
1624 1965
1626 1746
1632 1989
1633 1959
1635 1904
1639 1780
1639 1889
1641 1718
1641 1913
1641 1945
1641 1993
1643 1714
1644 1735
1644 1901
1647 1693
1647 1776
1650 1855
1653 1905
1654 1837
1655 1986
1657 1671
1662 1804
1667 1688
1668 1942
1672 1871
1673 1776
1675 1764
1680 1894
1681 1919
1682 1708
1687 1802
1688 1948
1689 1711
1689 1774
1689 1794
1692 1755
1692 1919
1693 1739
1695 1984
1696 1999
1701 1982
1702 1770
1704 1818
1704 1967
1705 1943
1709 1794
1716 1732
1723 1745
1723 1855
1726 1931
1727 1944
1728 1852
1730 1770
1730 1882
1733 1821
1733 1826
1734 1770
1735 1874
1740 1745
1746 1913
1751 1982
1752 1761
1753 1798
1754 1758
1755 1759
1755 1867
1757 1842
1758 1856
1761 1862
1763 1959
1768 1870
1768 1948
1769 1816
1769 1867
1770 1986
1771 1865
1779 1960
1780 1931
1783 1896
1784 1859
1785 1790
1785 1968
1788 1917
1792 1996
1794 1990
1801 1878
1805 1994
1806 1862
1807 1938
1810 1934
1810 1964
1811 1928
1817 1900
1818 1899
1820 1822
1821 1957
1824 1826
1825 1985
1827 1861
1829 1954
1831 1895
1836 1908
1838 1915
1844 1892
1849 1980
1863 1901
1884 1979
1893 1927
1897 1930
1899 1989
1901 1929
1909 1942
1914 1991
1948 1957
1982 1983
