2000 2978
21
87
79
92
89
65
86
22
77
12
91
45
90
99
56
47
45
89
41
38
53
11
39
44
18
29
5
24
64
34
29
3
21
64
69
43
3
28
72
46
3
85
69
68
50
92
77
73
85
88
2
98
16
28
16
83
53
55
22
67
68
1
82
5
33
77
99
75
3
68
58
41
75
18
96
50
19
20
68
66
83
98
57
30
9
92
25
32
58
13
94
64
25
66
86
89
77
44
47
40
66
32
31
86
82
86
19
41
28
73
73
65
55
81
46
65
88
95
27
33
21
50
98
1
62
1
43
61
40
94
74
63
11
72
93
8
63
63
23
73
93
58
78
32
30
33
76
76
60
34
29
59
23
37
69
65
91
34
17
73
67
60
89
50
7
15
28
5
13
75
50
4
48
3
64
95
19
66
69
83
52
32
25
65
31
42
44
100
74
81
91
47
28
88
58
17
70
41
28
52
87
32
81
84
89
17
70
56
96
13
96
100
43
43
90
5
3
43
84
26
8
47
80
91
50
86
79
89
63
29
82
32
99
53
89
37
96
36
9
24
10
80
7
18
64
28
16
2
34
60
56
80
13
18
84
70
14
47
54
91
73
53
57
48
94
65
18
49
48
55
47
18
62
26
58
67
14
30
6
31
85
91
4
43
64
86
12
75
78
40
57
40
17
90
37
79
12
16
10
61
70
25
48
18
73
26
18
68
84
53
84
20
30
74
8
33
86
4
26
3
69
72
21
77
19
29
42
13
24
32
6
29
95
27
85
50
38
37
30
94
78
92
28
67
47
80
54
90
26
100
43
44
65
19
91
76
47
30
62
17
50
60
7
21
61
27
48
16
100
93
39
76
82
38
36
13
13
50
13
71
14
61
53
13
12
74
58
73
29
21
47
41
5
48
5
99
39
56
40
34
44
33
89
38
61
46
85
42
92
61
96
31
4
48
90
50
59
62
73
96
42
47
96
99
14
76
21
67
76
19
61
57
52
84
3
60
93
40
34
51
55
4
30
76
17
86
71
79
42
51
48
23
80
30
45
71
80
54
61
29
93
14
24
30
92
20
36
19
18
60
58
46
79
71
97
74
90
84
16
26
81
97
3
7
48
33
14
6
48
50
14
60
17
8
63
11
67
34
9
34
39
48
10
50
18
97
72
96
33
66
85
45
94
1
26
48
80
100
4
76
7
35
72
19
27
93
62
83
47
18
42
55
12
42
89
76
99
98
51
72
100
33
53
19
27
83
75
12
84
92
25
38
91
42
81
92
22
64
88
21
36
85
12
11
23
36
29
81
49
18
56
40
40
93
5
28
45
52
68
94
58
74
88
78
3
6
28
71
83
16
52
42
43
14
14
5
78
27
78
15
65
30
18
66
72
30
67
1
1
76
85
9
7
19
71
15
81
85
59
43
60
39
49
100
88
21
81
48
63
66
62
60
32
22
41
48
87
55
40
23
25
20
53
48
8
13
73
27
19
34
49
35
68
21
96
78
61
91
49
7
93
43
83
39
97
67
13
45
62
88
41
80
39
71
55
72
86
18
16
9
37
38
44
59
8
67
42
15
45
72
52
84
73
63
34
38
79
11
85
68
46
77
97
8
52
52
12
23
28
88
93
11
72
60
73
46
56
47
73
96
41
49
66
70
34
58
100
11
23
38
30
50
12
75
41
73
5
45
47
34
20
79
52
96
22
71
38
55
19
9
92
10
61
46
6
2
42
38
83
60
33
76
10
88
9
3
65
11
8
27
3
77
1
52
39
76
35
41
37
40
2
14
19
96
52
67
51
41
15
22
73
55
76
56
35
12
26
43
61
23
85
18
79
85
41
46
7
1
64
62
9
2
37
68
92
37
44
33
51
46
83
74
25
86
75
55
98
8
41
62
91
29
1
85
25
19
54
18
6
60
93
14
68
62
80
49
20
78
66
65
63
100
23
74
85
19
87
56
55
22
53
63
65
60
36
91
79
94
3
39
97
96
22
64
9
47
10
94
18
75
34
24
59
11
84
65
41
24
82
41
16
58
19
76
94
11
21
64
30
55
64
64
15
79
37
91
89
7
42
6
91
80
89
8
73
7
17
4
53
74
21
19
31
48
98
76
75
21
11
19
38
56
79
51
83
51
88
80
18
84
75
20
64
47
88
13
22
12
30
94
77
56
54
68
44
92
3
14
48
44
9
48
71
57
98
6
100
85
69
82
31
49
83
47
85
62
18
87
17
64
97
62
27
4
51
76
55
26
61
18
23
46
11
84
99
23
96
96
97
20
72
15
18
95
12
86
94
18
33
43
94
84
77
71
25
91
70
41
44
74
99
45
91
50
6
20
97
17
81
70
99
58
26
14
39
83
72
54
2
72
9
5
58
46
40
23
24
29
85
80
27
3
54
69
39
85
60
24
91
35
81
54
42
41
68
27
4
4
7
87
30
76
88
7
28
18
33
79
33
60
62
100
12
26
64
61
40
42
95
39
82
55
23
57
65
77
99
9
14
30
91
34
47
24
96
36
73
16
36
27
45
89
60
78
78
5
12
88
67
4
39
59
64
4
82
90
51
40
20
28
54
39
83
91
93
37
74
1
27
30
41
96
67
76
81
76
11
92
65
36
11
24
8
5
100
30
87
65
28
88
30
85
100
23
59
64
53
33
24
94
20
17
25
96
19
14
100
8
73
53
1
82
83
32
78
25
85
8
83
97
85
88
68
33
90
76
91
86
37
63
16
7
16
51
3
82
13
60
99
56
59
80
68
81
99
58
97
70
38
80
41
22
59
59
10
58
56
69
26
95
1
37
4
73
9
66
15
91
94
76
84
26
55
56
43
64
44
14
84
26
50
5
8
11
53
60
97
85
41
77
43
1
75
19
13
34
65
23
5
82
45
2
9
23
54
7
31
69
57
80
67
73
80
81
51
23
33
76
70
1
51
2
73
40
20
74
93
79
31
66
13
61
72
4
73
41
76
12
37
99
71
49
13
25
61
39
9
65
25
80
98
77
66
82
34
39
68
85
20
71
96
64
77
74
21
66
83
40
63
30
36
32
71
74
11
75
16
22
55
76
96
46
30
8
73
40
57
27
10
85
28
6
93
99
23
14
53
60
49
58
10
97
41
84
69
95
84
22
16
95
31
62
39
78
40
3
55
14
28
41
50
88
43
20
40
33
91
10
86
68
53
72
35
67
75
88
35
17
78
57
60
69
79
84
97
58
90
25
61
77
71
84
3
67
4
58
85
84
70
3
73
90
46
68
26
63
38
55
15
11
72
99
96
53
61
68
31
91
15
100
6
91
63
84
19
37
9
92
30
76
6
48
65
92
87
62
64
29
92
97
29
99
83
89
74
8
82
30
21
23
29
45
37
18
95
84
94
57
97
26
58
22
46
69
80
68
33
91
57
42
13
9
78
75
72
81
99
31
74
47
30
58
57
70
40
16
22
91
57
72
16
90
41
99
74
69
36
88
98
63
85
66
83
45
56
44
27
83
19
36
11
18
50
30
63
47
73
15
79
36
42
40
6
1
26
73
22
70
49
64
76
32
86
70
21
79
80
81
33
59
60
22
69
35
1
29
66
85
22
99
29
14
87
89
33
91
27
97
7
13
83
87
62
76
85
32
96
7
65
25
76
2
5
20
7
34
91
95
23
1
93
69
99
89
78
62
68
30
9
92
60
42
62
75
80
96
50
96
23
90
22
87
73
6
95
15
81
80
44
72
24
32
76
73
12
88
31
91
43
14
1
3
87
84
79
66
46
73
45
50
41
27
12
84
53
68
10
12
100
76
29
19
89
38
2
25
13
80
15
28
25
73
47
56
26
73
47
24
27
11
85
23
11
68
6
56
83
80
50
90
31
100
35
1
11
8
51
69
58
99
10
14
19
39
50
86
25
88
41
29
98
43
96
82
83
97
4
35
8
76
86
72
52
87
37
45
8
63
17
21
17
79
26
42
15
100
4
14
43
64
51
67
84
24
59
89
1
12
7
73
7
77
83
30
13
63
99
31
72
99
65
49
76
72
82
96
75
82
91
93
91
97
61
34
5
59
18
54
3
83
14
45
21
10
57
60
24
70
57
69
36
14
17
84
70
5
98
86
74
23
44
79
20
37
82
70
79
21
93
6
64
97
50
99
68
74
34
83
62
80
60
96
26
18
91
9
96
21
39
4
42
15
92
91
95
70
11
74
29
37
49
98
27
32
30
10
49
4
46
30
85
64
75
82
62
24
33
100
54
91
57
14
18
90
34
37
69
13
45
49
10
69
70
38
71
96
77
94
34
6
58
24
94
47
30
3
22
46
4
16
71
57
53
37
58
95
20
14
46
20
71
62
67
71
58
30
84
79
50
37
70
72
80
9
89
10
39
81
88
58
64
24
63
81
20
19
47
56
87
45
66
14
66
22
31
72
53
40
6
82
43
72
27
74
12
89
65
93
92
11
80
78
64
29
2
50
1
79
16
20
78
19
50
49
95
8
28
31
92
82
23
72
25
52
98
64
3
13
60
43
41
85
51
18
94
23
2
23
53
82
0 140
0 365
0 563
0 1137
0 1750
1 39
1 784
1 1559
2 452
2 957
2 1490
3 266
3 386
3 1767
4 204
4 468
4 809
4 1239
4 1244
4 1896
4 1951
5 842
6 145
6 311
6 455
6 889
6 1548
6 1664
6 1872
7 639
7 1211
7 1927
7 1943
8 228
8 263
8 1196
10 687
10 1542
10 1968
12 771
12 775
12 1857
13 209
13 909
14 33
14 100
14 786
14 1820
15 307
15 601
15 809
16 558
16 861
16 1082
17 56
17 117
17 761
17 912
17 988
17 1227
17 1549
17 1986
18 813
18 1147
19 571
19 692
19 759
21 34
21 211
21 1325
21 1888
22 423
22 595
22 1550
23 1318
23 1343
23 1681
24 287
24 1369
25 587
25 1747
27 945
27 1395
28 608
29 592
29 1647
30 110
30 981
30 1916
31 189
31 259
31 1081
31 1255
31 1256
32 623
32 1019
32 1308
32 1327
33 138
33 327
33 456
33 1409
33 1437
34 1577
36 710
37 321
37 503
37 622
38 1024
39 1731
40 1690
41 83
41 201
41 867
42 1379
43 154
43 1012
43 1192
43 1461
44 94
44 204
44 427
44 838
46 581
47 720
47 1850
48 273
48 665
48 703
48 1909
49 51
49 462
49 1182
49 1675
51 637
52 202
52 335
52 596
52 1829
52 1851
52 1910
53 1160
53 1203
53 1303
53 1643
53 1787
54 1660
55 634
55 1153
55 1382
55 1641
56 253
56 679
56 934
56 1316
57 86
57 576
57 1316
57 1320
58 1812
58 1913
59 1518
59 1743
60 95
60 848
60 1257
60 1987
62 817
62 1137
62 1356
62 1410
63 328
63 356
63 478
63 800
63 969
63 1248
63 1742
64 468
64 683
64 1712
64 1794
65 313
65 429
66 1490
66 1623
67 499
67 535
67 999
67 1246
67 1515
68 96
68 147
68 460
68 1177
69 298
69 1492
70 356
70 1581
71 753
71 824
71 1131
71 1232
71 1781
71 1809
72 1309
73 206
73 819
73 1082
73 1630
74 559
74 803
74 1050
74 1754
74 1911
75 192
75 885
75 1392
75 1416
76 382
76 1995
78 1400
79 156
79 300
79 763
79 1094
80 1582
80 1663
81 982
81 1308
81 1327
82 168
83 288
83 524
83 1688
84 763
84 1171
84 1932
85 217
85 735
86 171
86 1277
86 1302
87 512
87 894
87 940
87 1227
87 1259
88 242
88 665
88 1250
88 1726
88 1929
89 1049
89 1491
89 1526
89 1674
90 320
90 1161
90 1584
90 1954
91 178
91 751
91 1149
92 669
92 1174
93 195
93 1186
93 1666
95 454
95 501
96 323
96 1012
96 1014
96 1278
96 1485
97 626
97 733
97 1631
98 1117
98 1674
99 399
99 1332
99 1492
100 434
100 597
100 1663
101 423
101 570
101 1095
101 1651
101 1692
102 1796
103 165
103 1849
103 1962
104 157
104 481
104 1672
105 500
105 519
105 621
105 1155
106 179
106 271
106 1247
106 1896
107 657
108 400
108 417
108 482
108 1015
110 649
110 1626
111 1673
112 1045
112 1486
113 299
113 360
113 611
113 1101
114 974
114 1437
114 1508
114 1995
115 458
115 468
115 544
115 812
116 1473
116 1594
116 1912
117 179
117 854
117 870
117 1723
118 1619
118 1654
119 1209
119 1759
120 241
120 312
120 423
120 1193
120 1330
120 1857
121 472
121 778
121 1580
122 698
122 1053
122 1673
123 262
123 518
125 705
125 1680
126 791
127 532
127 605
128 269
128 1276
128 1644
128 1778
129 268
129 499
129 1052
130 299
130 1576
130 1692
130 1964
131 173
131 253
131 610
131 1096
131 1553
131 1965
132 279
133 648
133 931
133 970
133 1738
134 1165
134 1229
134 1820
135 153
135 753
136 339
136 649
136 749
137 947
137 1932
138 537
138 1736
139 548
139 1015
140 299
141 966
141 1842
141 1860
142 1112
142 1474
144 555
144 1895
145 1811
145 1926
146 719
146 761
146 1507
146 1604
147 825
148 460
148 1448
148 1619
149 494
149 568
150 351
150 1281
150 1512
150 1591
151 309
151 577
151 1480
151 1895
152 241
152 518
152 546
152 1409
152 1583
152 1664
153 399
153 1453
153 1473
153 1819
154 179
154 760
155 705
155 712
155 722
155 757
155 1292
155 1916
156 452
156 763
157 485
157 867
158 369
158 873
158 1201
159 355
159 750
159 1354
159 1503
159 1683
160 557
160 1976
161 1705
162 770
162 1686
163 1136
163 1294
163 1355
163 1468
163 1521
163 1834
164 344
164 373
164 810
164 1324
164 1391
164 1748
165 287
165 382
165 531
165 806
165 873
166 887
166 1698
167 1676
168 554
168 588
168 977
168 1572
168 1661
169 618
169 714
169 1090
170 738
170 1119
171 1014
172 429
172 578
172 1237
172 1636
172 1831
173 1165
173 1634
174 291
174 1542
175 331
175 1004
175 1158
175 1889
176 637
176 849
176 1456
177 1336
178 576
178 1392
180 814
180 1404
181 400
181 851
181 1756
181 1763
182 195
182 435
182 453
182 763
182 1114
182 1492
183 739
183 806
184 438
184 654
185 1455
185 1842
186 1206
186 1586
188 1231
188 1389
189 949
190 513
190 557
190 1247
190 1949
191 494
192 597
192 1774
193 1469
193 1916
194 820
194 1749
195 392
195 887
195 1329
195 1417
195 1623
196 588
196 953
196 1757
197 503
197 1734
198 471
198 1266
198 1289
199 957
199 1525
199 1573
199 1584
199 1622
200 721
200 1579
201 223
201 962
201 1091
201 1732
202 1208
202 1491
202 1625
202 1949
203 303
203 1640
204 427
204 940
204 1272
205 634
206 1223
207 387
207 592
207 1010
208 487
208 1208
208 1704
209 914
209 997
209 1337
209 1532
210 1262
210 1514
211 1443
212 1240
212 1488
213 1687
213 1774
213 1965
214 532
214 630
214 1184
214 1390
214 1433
214 1849
214 1935
215 822
215 1588
215 1869
216 237
216 701
216 1054
216 1406
216 1686
217 1868
218 417
218 518
218 968
219 819
219 1201
219 1230
219 1977
220 517
220 769
221 1125
221 1282
222 912
222 1025
222 1239
222 1241
223 272
223 837
223 1075
224 381
224 1091
225 305
225 1210
226 345
226 533
226 1090
226 1162
226 1556
227 696
227 760
227 1353
227 1548
227 1558
228 352
228 907
228 1938
229 1266
230 462
230 1209
230 1514
232 439
232 1984
233 563
233 911
233 974
233 1856
234 669
235 1503
236 1562
238 1871
238 1957
239 353
240 577
240 864
240 1109
240 1545
240 1848
241 274
241 994
241 1022
241 1100
241 1254
242 484
242 1277
242 1576
242 1964
243 343
243 793
243 924
243 1426
244 465
244 1186
244 1758
244 1834
245 1056
246 265
246 410
246 556
247 1218
247 1526
248 481
248 1375
248 1399
248 1445
249 737
249 761
249 969
249 1099
249 1407
250 420
250 899
250 1502
251 833
251 1311
252 1321
253 341
253 722
254 269
255 1244
255 1480
256 287
256 518
256 1486
257 1771
257 1906
258 1077
258 1106
258 1363
258 1548
258 1806
260 730
260 966
260 1997
261 506
261 550
261 585
261 1456
261 1500
263 467
263 715
264 1512
264 1915
265 1073
266 900
267 583
267 1233
267 1345
267 1411
267 1893
268 1313
269 309
269 867
269 1621
269 1942
270 585
271 462
271 1169
272 1637
272 1711
273 564
273 731
273 1476
273 1616
274 1401
274 1549
275 377
275 424
275 1794
276 1462
276 1814
277 702
278 724
278 1277
278 1397
280 1424
281 1646
282 779
282 844
282 1608
283 371
283 863
284 1458
286 1943
287 691
288 1326
288 1373
289 760
289 1266
289 1280
289 1458
290 317
290 1439
291 1075
291 1170
291 1237
291 1580
291 1911
292 328
292 678
292 1989
293 1327
293 1976
294 1022
294 1046
294 1294
294 1750
295 1736
296 386
296 1439
296 1640
296 1886
298 910
298 1252
299 1377
299 1795
300 314
300 771
300 828
300 1494
301 498
301 1255
302 560
302 1448
302 1479
302 1612
302 1913
303 924
303 1781
303 1819
304 1196
305 1067
305 1107
305 1697
306 635
306 1517
307 682
307 1046
308 1219
308 1315
308 1857
309 712
309 757
311 1720
311 1755
312 1742
313 934
313 1451
314 442
315 733
315 1384
315 1905
316 905
316 1151
317 970
317 1004
317 1184
317 1362
317 1420
318 514
318 696
318 1880
319 525
319 1095
319 1190
320 458
320 903
320 987
320 1707
322 362
322 1383
322 1697
322 1945
323 565
323 1312
324 572
324 605
324 1109
325 1478
326 760
326 1131
326 1266
327 677
327 1055
328 799
328 809
328 1591
328 1804
329 454
329 676
329 1026
329 1814
330 583
330 629
330 920
330 1354
331 677
331 957
331 1544
331 1798
331 1822
332 829
333 432
333 1793
333 1875
334 416
334 575
334 598
334 905
334 1234
334 1743
335 1425
338 1106
338 1200
338 1589
340 897
340 1129
340 1138
341 386
341 746
341 1055
341 1523
342 788
342 1501
342 1669
343 935
344 381
344 435
344 957
346 413
346 1051
347 810
348 1318
348 1530
348 1592
348 1839
349 1717
350 545
350 1294
351 785
351 1996
352 488
352 1273
352 1413
352 1482
352 1794
353 1321
354 571
354 1470
355 465
355 519
355 1177
356 902
356 1373
358 1091
358 1398
358 1862
358 1906
359 930
359 1261
360 715
360 964
360 1582
361 1539
362 835
362 1395
363 561
363 668
363 908
364 998
364 1406
366 962
366 1311
366 1404
366 1521
367 1601
367 1938
368 934
369 1043
369 1385
369 1890
370 650
370 1181
371 514
371 753
371 1300
371 1750
371 1826
372 587
373 616
373 1411
373 1790
374 478
374 1089
374 1260
374 1595
374 1597
374 1994
375 387
375 1264
375 1431
375 1479
375 1809
376 1425
377 555
377 832
378 682
378 1177
378 1294
378 1345
379 555
379 1656
380 1673
381 1061
382 1165
382 1507
382 1804
382 1914
382 1918
384 482
384 788
385 873
386 792
386 1506
386 1545
386 1816
388 427
388 859
388 1549
388 1819
389 962
389 1052
389 1504
389 1516
390 898
390 1373
390 1480
390 1890
391 1190
392 784
392 1167
393 1385
393 1393
394 1350
395 1220
396 711
396 1359
396 1400
397 759
398 854
398 899
398 1146
398 1988
399 951
400 660
400 1669
401 1201
401 1364
403 510
403 590
403 961
404 985
404 1226
404 1345
404 1412
405 869
405 1506
405 1875
406 593
406 1032
406 1078
406 1624
407 414
407 838
408 428
408 589
408 1188
409 936
409 1141
409 1769
410 537
410 880
410 1699
411 982
411 1753
413 488
414 1787
414 1840
415 588
415 1336
416 570
416 598
416 836
416 1960
417 1163
418 1078
418 1536
418 1711
418 1890
419 890
419 1141
419 1205
419 1270
419 1293
419 1658
420 1896
421 975
421 1358
423 468
423 712
423 885
423 1405
424 1999
425 830
425 1012
425 1725
426 970
427 790
429 606
429 1288
430 943
430 1327
431 1137
431 1493
431 1757
432 1050
432 1310
432 1635
433 1207
433 1438
435 1544
435 1601
435 1623
435 1627
435 1804
437 1717
437 1757
438 674
438 693
438 1440
438 1595
439 456
439 710
439 742
439 1371
439 1846
440 1067
440 1438
440 1789
440 1933
441 1084
441 1108
441 1568
442 1135
443 1673
443 1713
443 1903
444 655
444 886
444 1288
444 1647
444 1902
445 1938
446 680
447 1164
447 1224
447 1229
447 1489
447 1740
448 806
448 1400
449 747
450 978
451 1683
452 1966
453 1212
454 765
454 922
455 843
455 1032
455 1397
455 1614
455 1714
455 1745
456 873
456 1883
457 952
457 1135
457 1418
458 581
458 1061
458 1893
459 1048
460 905
460 1583
461 986
461 1271
461 1685
462 920
462 1449
463 1295
464 1228
464 1516
464 1534
464 1858
466 626
466 776
466 836
466 1314
467 616
467 682
467 1928
468 865
468 1291
468 1469
468 1832
469 994
470 1054
470 1387
471 1144
472 527
472 1321
472 1398
473 1333
474 647
474 1021
474 1182
474 1604
474 1712
475 1577
476 1370
476 1763
476 1932
476 1965
477 710
478 535
478 833
478 1327
480 639
480 986
481 696
481 858
481 1456
481 1657
482 1315
482 1862
483 667
483 727
483 1573
484 978
484 1669
485 1338
486 1727
488 1425
489 1180
491 1330
492 1582
492 1594
492 1863
493 934
493 991
493 1409
493 1428
494 593
494 983
495 1288
495 1546
495 1799
496 1289
496 1440
496 1626
497 528
497 876
497 1911
498 754
498 1600
498 1952
499 1544
499 1570
499 1605
499 1934
500 550
500 974
500 1038
500 1257
502 1036
502 1189
502 1697
503 653
503 793
503 1018
503 1479
503 1669
505 1016
505 1364
507 599
507 696
507 964
507 1571
507 1704
507 1864
508 1295
509 1763
509 1867
509 1868
510 735
511 1065
511 1595
511 1822
512 934
512 1030
512 1618
513 1767
514 1173
514 1352
514 1503
514 1793
515 1565
516 954
516 1738
517 1440
517 1664
518 665
519 904
519 908
519 990
520 583
520 1169
520 1323
520 1673
521 561
521 597
521 1323
521 1653
521 1769
522 574
522 605
523 1999
524 755
524 1037
524 1726
525 941
525 944
525 1349
525 1480
525 1960
526 1001
526 1199
526 1594
526 1633
527 1421
528 1457
529 654
530 1579
531 1631
532 579
532 1329
532 1331
532 1678
533 1677
534 847
534 1527
535 741
535 827
535 911
535 1045
536 544
536 776
536 1013
536 1341
537 1677
537 1988
538 860
538 1021
538 1309
539 632
539 776
539 1978
540 1503
540 1564
540 1986
542 1657
543 568
543 691
543 752
543 1093
543 1155
544 1711
544 1872
545 801
545 934
545 1544
547 651
547 662
547 1128
548 1600
548 1764
549 617
549 1475
550 1628
550 1664
550 1814
550 1951
551 564
551 711
551 1086
551 1142
551 1496
552 1731
552 1744
552 1899
552 1929
553 826
553 1410
554 631
554 1875
554 1937
554 1938
555 688
555 712
555 1097
555 1809
556 1220
556 1655
557 1076
557 1399
558 597
558 1215
558 1841
558 1926
559 745
559 1399
559 1440
560 616
560 898
560 1373
560 1815
560 1982
561 591
561 921
561 1735
561 1907
562 1700
563 775
564 582
564 632
564 1382
564 1446
564 1786
566 941
566 1571
566 1893
566 1940
567 1100
567 1488
569 1076
569 1580
570 1630
570 1727
571 1139
571 1615
571 1663
571 1977
573 1064
573 1163
573 1777
575 1219
576 863
576 1082
576 1369
576 1909
577 1916
578 905
579 1601
579 1750
580 702
580 1625
580 1884
581 1841
581 1928
582 1211
582 1339
582 1385
582 1708
582 1823
583 1090
583 1667
584 1062
584 1707
585 1575
585 1856
586 699
586 1112
586 1138
587 1008
587 1403
587 1871
588 1101
588 1256
588 1440
588 1739
589 1383
589 1734
589 1835
592 1183
593 1092
593 1426
593 1583
593 1900
594 919
595 763
595 1055
596 727
596 961
596 1927
597 1682
598 1642
599 844
599 1622
600 1402
601 1809
602 737
602 1535
603 635
603 1284
603 1345
603 1990
604 1581
604 1704
604 1733
605 721
605 1344
606 786
606 1259
607 1158
607 1307
608 706
608 1037
608 1057
609 1119
610 1015
610 1915
611 634
611 1864
612 845
612 1448
612 1565
613 1128
614 1821
615 1073
615 1734
616 1552
616 1711
617 1562
617 1777
618 725
618 780
618 1120
618 1553
619 1001
619 1406
619 1561
619 1562
619 1796
620 1610
620 1637
621 677
621 730
621 1220
621 1625
622 703
622 1138
622 1712
623 1312
623 1665
624 1705
625 1182
626 708
626 1057
626 1202
627 658
627 844
627 1285
627 1290
627 1721
628 1507
628 1608
628 1828
629 1011
629 1127
629 1840
632 1519
633 669
633 942
633 1305
634 955
634 1058
634 1719
634 1850
635 1256
636 1916
638 1639
639 1576
641 1453
641 1463
642 752
642 1097
642 1728
642 1778
643 751
643 979
643 1146
643 1797
643 1860
643 1986
644 1302
644 1755
646 1206
646 1245
647 995
647 1149
647 1624
648 735
648 1823
648 1873
649 741
650 857
650 1266
650 1490
651 831
651 836
651 1133
651 1213
651 1391
651 1437
651 1520
652 1827
652 1913
653 1037
653 1327
653 1643
654 1453
656 1772
656 1978
657 1314
658 1436
658 1540
659 813
660 1346
660 1350
661 1810
661 1930
662 1575
662 1910
662 1958
663 1046
663 1424
663 1504
663 1562
665 1267
666 721
666 755
666 1533
667 1705
668 710
668 1298
669 1133
669 1314
670 1511
671 716
671 848
671 1243
671 1828
672 854
673 747
673 974
673 1559
673 1677
674 1052
677 1308
677 1499
678 1381
678 1591
678 1645
679 1621
679 1723
681 1884
682 1552
683 1608
683 1686
685 1009
686 1668
686 1849
687 1164
688 950
688 1103
688 1445
688 1598
689 1257
689 1428
689 1502
690 1045
690 1149
691 1958
692 748
694 993
695 716
695 898
696 1260
696 1670
697 804
697 1905
699 1999
700 1058
700 1309
700 1943
701 1144
701 1724
702 1958
703 982
704 1385
704 1846
705 1272
705 1523
708 1419
711 778
711 1261
711 1902
712 1494
712 1985
714 760
714 1578
715 950
715 1598
717 760
717 1259
717 1547
717 1565
718 882
719 927
719 1571
720 758
720 1070
720 1151
720 1320
720 1492
720 1993
721 1741
721 1863
722 1287
722 1563
722 1926
723 833
723 1572
724 841
724 964
724 1099
724 1124
724 1367
724 1458
725 1010
725 1047
726 754
726 966
726 1886
727 1062
727 1613
728 782
729 1913
730 994
730 1023
731 837
731 1206
731 1639
731 1953
732 769
732 910
732 947
732 1253
732 1837
733 783
733 1161
733 1369
733 1730
734 1076
734 1171
734 1219
734 1877
735 995
735 1224
735 1510
735 1584
736 1428
736 1589
736 1839
737 1394
739 848
739 1564
740 995
740 1294
741 1225
741 1418
742 958
742 1380
742 1798
743 1151
744 1499
745 1023
745 1248
745 1503
746 1257
747 835
748 1320
748 1577
748 1870
749 1423
750 1177
750 1659
751 811
751 1307
751 1809
752 1043
752 1253
752 1405
752 1723
752 1999
753 1378
754 989
754 1427
754 1543
755 1395
756 879
756 1068
756 1469
756 1573
756 1583
757 831
757 1190
757 1759
758 833
758 1229
761 1738
761 1787
763 1915
764 1025
764 1423
764 1915
765 1064
765 1083
766 1284
766 1335
767 1307
769 1128
769 1721
770 1769
771 894
771 1529
771 1595
772 1898
773 1817
776 836
776 1422
776 1924
777 1763
777 1781
778 893
779 1187
779 1678
781 801
781 804
781 947
781 1987
782 1110
782 1131
782 1247
783 1002
784 909
784 1735
785 1157
786 858
786 1239
786 1463
786 1606
786 1946
787 1159
787 1275
788 1293
788 1327
788 1934
789 1036
789 1485
790 1246
793 1440
794 840
794 1934
795 1808
797 960
797 1388
797 1412
797 1750
797 1908
798 1720
798 1940
799 1486
800 1006
800 1236
801 1306
801 1725
802 1234
803 1687
804 1778
805 1176
805 1561
805 1932
806 1380
806 1423
807 1226
808 824
809 1473
809 1820
809 1849
810 819
810 1915
811 1106
811 1664
811 1771
813 1465
813 1479
813 1724
814 1042
814 1749
815 1150
816 933
816 955
816 1652
817 1527
817 1688
819 1207
820 1521
821 1894
822 903
822 1847
823 1046
823 1469
825 947
825 1490
826 1952
827 849
827 956
827 1082
828 1499
828 1787
829 923
829 1653
829 1842
830 835
830 1825
831 1326
831 1564
831 1666
832 1283
832 1771
833 1681
834 1441
834 1601
834 1925
835 1332
835 1778
836 1217
836 1398
836 1865
837 1713
838 1142
839 1130
840 1462
840 1734
841 1088
842 1261
842 1643
842 1656
843 918
843 1161
843 1636
843 1803
844 1596
845 1400
846 1114
846 1198
846 1752
847 1080
847 1950
848 1287
849 850
849 1062
850 1942
851 1283
851 1310
852 949
853 992
853 1833
855 1037
855 1977
856 860
856 1493
857 892
857 1716
858 1160
858 1524
858 1993
859 1127
859 1489
859 1595
859 1762
860 1379
861 1277
862 1765
862 1984
863 1479
864 949
864 1935
865 1376
866 1189
866 1981
867 1989
868 1354
868 1790
871 979
871 1084
871 1501
872 1937
873 1127
873 1932
873 1984
874 1331
875 1188
876 1596
876 1791
877 1150
877 1396
877 1550
877 1832
878 1465
878 1492
878 1538
878 1804
879 1131
879 1894
881 921
882 1840
883 1445
885 977
885 1902
885 1975
886 1528
887 938
887 1357
888 1883
888 1939
889 1021
890 1926
891 1783
894 1309
894 1477
895 1067
895 1727
895 1966
897 1091
897 1361
898 1855
900 1211
901 1118
901 1584
901 1946
902 1157
903 1902
904 1452
905 1345
905 1624
905 1709
905 1907
906 1181
906 1750
907 1623
908 1415
908 1689
908 1817
909 1784
910 1760
911 933
911 1279
912 1331
913 966
913 1193
914 990
915 946
915 1643
916 928
916 1135
916 1665
917 1751
917 1965
918 1205
918 1499
919 1395
919 1590
919 1988
919 1992
920 1285
921 1348
921 1513
921 1830
923 980
924 1612
924 1787
924 1860
926 1074
926 1454
926 1774
926 1967
927 1307
927 1744
927 1913
928 1680
929 942
929 1339
929 1638
929 1717
929 1914
930 941
930 1554
932 1600
934 1174
934 1675
934 1778
935 1083
935 1357
935 1804
936 1302
936 1759
937 1848
937 1985
938 972
938 1896
939 1640
940 1541
941 1168
941 1207
941 1496
942 1531
943 1406
943 1736
944 1633
945 1426
945 1457
946 1647
946 1858
946 1865
948 1958
950 1263
951 1597
951 1610
952 1271
952 1324
953 1102
954 1307
956 1302
958 1381
958 1883
959 1219
959 1351
959 1507
959 1708
960 1509
961 1337
961 1877
962 1338
962 1432
965 1886
965 1900
966 1120
967 1827
968 1118
969 1399
969 1650
970 1069
972 1695
974 1108
974 1705
975 1516
975 1751
977 1108
977 1432
977 1859
977 1983
978 1786
979 1542
979 1604
979 1619
980 1187
980 1320
980 1784
980 1828
981 1593
981 1897
982 1015
982 1331
982 1733
982 1947
983 1820
984 996
986 1832
987 1272
988 1835
990 1334
990 1471
990 1607
990 1859
990 1895
992 1444
992 1527
992 1565
993 1179
993 1377
993 1492
994 1102
996 1539
997 1732
998 1185
999 1986
1000 1111
1000 1201
1001 1578
1001 1875
1002 1788
1003 1474
1003 1956
1005 1018
1005 1206
1006 1242
1009 1189
1009 1935
1010 1179
1010 1933
1011 1208
1011 1619
1012 1132
1013 1310
1013 1785
1014 1840
1015 1111
1015 1124
1015 1184
1015 1210
1015 1284
1015 1327
1015 1360
1016 1338
1016 1487
1016 1837
1017 1102
1017 1223
1017 1538
1017 1671
1018 1209
1019 1442
1019 1528
1020 1032
1020 1227
1020 1275
1020 1783
1020 1827
1021 1473
1022 1100
1023 1669
1024 1715
1025 1341
1025 1596
1026 1073
1026 1581
1029 1789
1029 1835
1030 1253
1030 1482
1030 1486
1030 1929
1030 1936
1031 1176
1034 1680
1035 1472
1035 1686
1035 1920
1036 1238
1036 1659
1036 1819
1037 1740
1038 1360
1039 1524
1040 1660
1041 1806
1042 1531
1042 1722
1042 1955
1043 1083
1046 1226
1046 1789
1047 1862
1050 1980
1053 1250
1053 1477
1053 1877
1054 1405
1055 1780
1056 1455
1056 1670
1056 1973
1058 1258
1058 1319
1058 1374
1059 1082
1059 1181
1059 1931
1060 1362
1061 1484
1061 1855
1062 1800
1063 1658
1065 1538
1066 1077
1066 1959
1068 1545
1069 1265
1070 1184
1071 1181
1074 1325
1074 1430
1074 1709
1075 1236
1075 1750
1075 1853
1075 1868
1076 1370
1078 1251
1078 1263
1078 1397
1078 1549
1079 1859
1081 1299
1082 1295
1082 1539
1083 1253
1083 1370
1083 1680
1086 1488
1087 1171
1087 1746
1089 1816
1090 1139
1091 1551
1091 1774
1092 1438
1092 1885
1093 1251
1094 1264
1094 1568
1095 1288
1095 1719
1095 1927
1097 1282
1100 1930
1101 1531
1102 1418
1103 1208
1103 1502
1104 1253
1104 1557
1104 1886
1105 1313
1105 1496
1105 1815
1105 1852
1108 1577
1108 1733
1111 1273
1112 1436
1116 1919
1117 1886
1117 1892
1117 1919
1119 1183
1120 1225
1121 1516
1121 1862
1121 1943
1123 1150
1123 1182
1123 1463
1123 1712
1123 1830
1124 1301
1124 1670
1124 1719
1124 1927
1125 1169
1125 1747
1125 1938
1127 1548
1129 1685
1129 1745
1130 1544
1131 1256
1132 1598
1133 1867
1134 1234
1134 1878
1135 1776
1138 1709
1138 1922
1139 1363
1139 1415
1140 1474
1140 1548
1140 1645
1140 1920
1141 1205
1141 1486
1142 1229
1145 1173
1145 1487
1146 1680
1147 1634
1149 1152
1149 1485
1149 1803
1151 1567
1151 1775
1151 1985
1152 1265
1152 1344
1152 1972
1153 1336
1153 1711
1154 1376
1155 1256
1155 1931
1155 1934
1160 1525
1160 1801
1161 1973
1162 1603
1162 1783
1163 1685
1166 1381
1166 1841
1167 1828
1167 1919
1167 1963
1168 1572
1170 1576
1171 1430
1171 1733
1171 1755
1173 1349
1174 1498
1174 1547
1174 1807
1176 1635
1177 1198
1177 1209
1177 1686
1178 1586
1178 1712
1179 1212
1179 1543
1180 1560
1180 1749
1180 1979
1181 1443
1182 1473
1182 1756
1184 1208
1184 1392
1184 1940
1185 1440
1185 1447
1186 1636
1186 1832
1186 1876
1187 1503
1187 1758
1187 1826
1187 1852
1189 1426
1189 1680
1190 1547
1190 1749
1192 1284
1192 1860
1193 1436
1193 1933
1195 1388
1195 1677
1195 1758
1196 1767
1198 1884
1199 1453
1201 1500
1201 1646
1202 1403
1202 1586
1202 1629
1203 1259
1204 1206
1204 1376
1204 1774
1206 1297
1207 1389
1207 1808
1211 1274
1211 1647
1212 1841
1213 1797
1214 1215
1215 1236
1215 1856
1216 1481
1216 1569
1216 1571
1217 1675
1218 1593
1219 1902
1220 1782
1221 1242
1221 1309
1221 1358
1224 1470
1226 1335
1229 1259
1229 1645
1234 1791
1234 1988
1236 1821
1236 1911
1238 1628
1238 1693
1238 1723
1239 1797
1241 1537
1244 1384
1244 1819
1244 1925
1245 1832
1245 1867
1246 1853
1247 1401
1248 1457
1249 1252
1249 1296
1249 1678
1251 1682
1251 1705
1253 1955
1255 1365
1255 1658
1255 1922
1256 1722
1258 1549
1258 1558
1258 1672
1259 1313
1259 1414
1260 1581
1260 1981
1263 1294
1263 1487
1263 1816
1263 1824
1266 1337
1266 1975
1267 1511
1267 1552
1268 1504
1268 1601
1270 1690
1270 1841
1271 1815
1271 1869
1272 1512
1272 1529
1274 1585
1274 1919
1276 1707
1279 1497
1279 1779
1281 1973
1282 1981
1283 1720
1283 1736
1283 1935
1284 1993
1285 1386
1286 1538
1288 1327
1289 1443
1291 1891
1292 1665
1293 1383
1296 1929
1296 1932
1297 1334
1297 1527
1297 1996
1298 1677
1299 1857
1301 1385
1301 1714
1302 1371
1303 1768
1303 1888
1304 1326
1304 1919
1307 1726
1308 1494
1311 1711
1311 1777
1314 1416
1315 1859
1317 1350
1317 1466
1318 1694
1318 1900
1318 1957
1321 1723
1321 1896
1321 1954
1322 1367
1324 1451
1325 1377
1325 1985
1326 1663
1326 1905
1328 1621
1328 1913
1329 1472
1329 1654
1330 1361
1331 1799
1333 1361
1333 1468
1335 1967
1336 1389
1336 1857
1336 1913
1342 1516
1342 1768
1343 1508
1343 1702
1343 1777
1344 1347
1344 1391
1344 1802
1345 1462
1345 1497
1345 1733
1346 1962
1348 1951
1349 1647
1351 1970
1353 1869
1356 1478
1358 1441
1358 1702
1362 1498
1362 1998
1363 1624
1367 1464
1367 1658
1367 1659
1370 1515
1372 1566
1372 1623
1372 1963
1373 1965
1374 1490
1374 1588
1374 1812
1374 1904
1376 1478
1376 1505
1376 1551
1376 1949
1380 1943
1381 1476
1381 1577
1381 1791
1381 1976
1381 1980
1382 1936
1384 1598
1386 1925
1389 1425
1390 1511
1391 1756
1393 1657
1395 1635
1395 1657
1396 1432
1396 1859
1397 1738
1400 1512
1401 1423
1402 1772
1402 1798
1403 1555
1404 1559
1405 1953
1406 1949
1407 1752
1408 1543
1408 1674
1408 1850
1409 1780
1410 1739
1410 1928
1411 1905
1412 1810
1413 1950
1414 1596
1415 1846
1415 1893
1415 1970
1416 1501
1416 1864
1420 1680
1421 1610
1422 1609
1423 1830
1424 1425
1426 1464
1426 1753
1429 1740
1429 1957
1433 1667
1437 1524
1442 1481
1442 1502
1442 1659
1442 1937
1443 1753
1445 1681
1447 1538
1447 1938
1448 1892
1448 1958
1451 1500
1451 1501
1451 1536
1451 1617
1451 1843
1451 1880
1452 1562
1452 1916
1453 1628
1455 1645
1455 1862
1455 1883
1455 1929
1456 1656
1458 1917
1459 1846
1460 1543
1463 1992
1465 1661
1467 1669
1467 1839
1468 1653
1468 1759
1469 1612
1471 1824
1473 1483
1473 1596
1473 1910
1474 1724
1474 1747
1474 1821
1478 1600
1478 1608
1479 1561
1482 1800
1482 1950
1484 1995
1485 1908
1488 1813
1490 1954
1491 1970
1492 1517
1493 1626
1495 1834
1496 1914
1498 1819
1500 1862
1502 1564
1502 1597
1503 1705
1505 1614
1505 1750
1505 1882
1506 1727
1507 1733
1509 1747
1511 1983
1512 1576
1513 1716
1516 1878
1519 1526
1521 1611
1521 1699
1522 1847
1523 1601
1523 1811
1524 1624
1525 1604
1526 1720
1528 1751
1530 1940
1531 1631
1532 1708
1532 1942
1532 1983
1533 1554
1533 1609
1533 1639
1534 1592
1534 1826
1534 1938
1535 1713
1535 1759
1535 1805
1537 1738
1540 1838
1541 1837
1547 1671
1547 1862
1549 1994
1550 1754
1552 1576
1553 1590
1555 1572
1555 1762
1555 1834
1556 1718
1556 1840
1556 1858
1557 1909
1558 1924
1561 1672
1561 1938
1562 1685
1562 1945
1563 1923
1564 1668
1564 1710
1564 1953
1564 1975
1565 1969
1567 1914
1576 1878
1579 1838
1581 1851
1583 1703
1583 1813
1585 1760
1585 1895
1586 1932
1587 1944
1589 1604
1592 1946
1595 1663
1595 1813
1596 1928
1598 1764
1601 1905
1604 1882
1604 1974
1610 1987
1612 1926
1617 1697
1618 1964
1619 1690
1619 1775
1623 1908
1625 1942
1628 1822
1629 1852
1630 1826
1631 1953
1633 1860
1637 1652
1637 1659
1639 1899
1642 1986
1645 1796
1646 1650
1648 1818
1649 1940
1650 1652
1652 1944
1654 1666
1657 1854
1657 1862
1660 1794
1669 1961
1670 1829
1672 1847
1673 1916
1673 1929
1674 1727
1677 1750
1678 1772
1684 1768
1686 1747
1687 1799
1688 1993
1694 1821
1704 1711
1707 1752
1708 1875
1709 1855
1713 1959
1716 1919
1721 1993
1729 1796
1735 1979
1738 1848
1738 1961
1740 1763
1743 1890
1746 1961
1753 1775
1753 1823
1758 1769
1760 1972
1763 1822
1771 1976
1773 1849
1775 1977
1785 1890
1788 1922
1789 1823
1797 1854
1801 1936
1803 1813
1808 1972
1811 1998
1812 1979
1813 1913
1813 1948
1814 1981
1823 1835
1829 1952
1830 1923
1834 1837
1838 1970
1844 1999
1845 1877
1845 1916
1856 1965
1860 1940
1864 1936
1869 1912
1874 1985
1881 1934
1891 1980
1893 1928
1897 1919
1898 1901
1901 1981
1903 1943
1908 1946
1913 1955
1914 1999
1915 1960
1921 1986
1929 1997
1930 1989
1931 1969
1939 1950
1950 1959
1974 1998
1989 1990
