2000 3058
26
18
98
59
19
39
72
71
9
74
68
33
22
47
71
33
67
10
48
82
100
8
9
58
50
27
27
43
96
64
57
58
40
73
11
58
18
11
97
76
64
58
96
50
37
21
12
12
26
17
58
91
5
97
77
28
59
56
6
98
39
45
34
59
38
35
100
7
63
6
57
81
3
31
74
60
60
62
34
42
81
3
77
79
57
83
95
34
41
37
42
32
29
64
66
55
99
93
41
12
70
23
51
44
76
28
34
25
88
93
61
30
96
88
38
93
52
11
56
89
54
55
55
31
62
18
88
77
21
92
7
81
95
76
67
80
49
64
64
100
75
8
14
73
62
55
12
46
65
4
31
8
1
10
54
77
47
3
61
75
36
83
58
94
82
4
97
62
93
100
36
20
93
85
20
40
59
88
6
19
99
49
38
4
37
74
59
68
76
38
69
65
18
90
68
51
75
53
56
88
49
17
84
49
100
77
49
70
24
9
38
85
90
43
8
63
75
84
44
61
95
57
78
1
57
28
75
73
27
2
44
88
76
9
30
90
54
85
89
92
2
6
11
46
46
52
50
32
4
3
62
68
66
76
16
49
28
91
13
50
21
57
67
95
29
70
37
66
18
77
5
68
46
34
76
86
27
15
99
30
23
31
31
27
6
83
89
60
16
30
17
18
44
17
61
75
41
43
81
4
60
55
97
58
50
74
4
69
39
74
64
88
1
1
33
12
29
14
20
23
69
76
95
36
5
64
64
90
13
22
90
25
46
20
41
71
31
63
100
59
6
24
3
58
18
71
38
91
22
96
9
68
87
9
13
54
71
84
6
93
1
100
99
12
53
32
29
3
10
11
69
64
100
16
86
92
12
47
93
58
53
32
35
22
52
34
40
46
88
50
11
96
35
13
44
25
67
13
62
41
82
88
80
73
22
61
3
71
88
69
96
64
65
12
30
46
15
59
40
11
50
77
38
98
29
86
93
87
24
60
32
50
54
67
60
74
23
12
27
10
51
86
25
21
36
48
41
100
11
21
75
23
49
30
12
92
30
62
31
63
87
89
89
2
79
23
25
3
82
84
96
81
38
89
61
47
16
45
60
37
49
51
26
71
35
57
60
42
27
68
82
44
16
24
20
85
73
78
15
72
48
45
34
76
95
78
13
8
17
54
46
90
8
96
51
37
63
49
73
95
43
94
12
53
23
44
1
21
89
71
7
21
94
42
83
18
22
29
95
87
7
100
99
4
94
67
53
73
43
60
37
48
51
64
26
8
82
28
100
94
17
36
59
15
27
53
71
29
91
18
93
42
75
91
33
79
44
53
4
24
76
8
50
51
69
7
72
66
76
28
22
16
30
63
38
25
36
85
61
17
14
39
23
81
32
60
41
50
37
34
14
95
88
29
84
37
1
67
69
24
72
28
98
14
76
89
5
91
8
38
65
76
54
56
66
26
18
95
13
66
39
36
58
16
25
19
49
18
62
82
49
20
2
20
69
68
42
69
22
35
92
97
45
62
99
52
69
21
4
45
49
69
47
48
69
49
8
65
98
26
2
21
55
48
98
43
21
43
10
55
27
47
90
78
24
70
34
17
79
62
88
62
52
78
15
10
76
50
76
70
4
100
57
88
75
31
15
81
54
16
43
81
38
8
11
28
48
20
2
28
73
29
79
40
32
3
22
25
8
70
77
9
33
42
31
2
42
13
55
90
80
52
18
60
41
24
8
28
21
68
86
95
67
31
33
20
38
14
11
77
97
1
16
99
12
88
17
59
93
72
2
67
50
76
85
51
90
74
44
2
100
44
43
82
59
100
85
67
47
5
51
17
48
23
61
57
30
6
74
15
59
40
60
56
32
91
92
5
71
32
63
74
79
41
57
62
56
23
65
97
11
81
68
29
11
53
4
21
14
33
51
68
58
86
97
7
28
26
5
78
84
6
51
29
68
57
100
47
38
31
94
6
29
91
13
97
84
74
59
64
57
56
41
75
22
26
85
14
84
5
59
93
18
62
17
93
69
15
22
91
88
82
7
68
50
38
43
71
65
66
80
23
17
89
87
65
12
52
77
87
16
6
100
78
9
88
100
22
80
9
81
19
72
9
6
40
76
58
23
30
72
4
35
21
15
49
48
88
30
92
4
38
16
93
98
70
49
36
18
60
7
12
100
12
66
64
68
43
41
68
24
2
60
7
6
13
58
36
80
73
65
98
48
28
46
55
9
70
49
37
53
90
93
5
8
100
21
80
8
47
49
59
9
32
26
69
91
94
48
6
31
76
73
1
99
86
42
33
3
19
29
14
37
24
35
48
60
30
28
18
83
12
71
49
33
2
4
52
54
5
49
51
18
60
27
27
93
19
71
60
34
93
47
58
52
46
56
52
43
16
66
90
94
53
3
96
27
78
98
26
60
5
40
70
39
86
14
86
52
27
70
96
40
47
81
92
46
18
83
44
33
25
8
8
72
49
96
12
89
24
41
27
99
64
97
1
98
63
15
21
51
33
86
74
14
78
49
8
90
17
21
96
63
34
24
66
76
62
71
11
95
25
58
42
41
4
20
94
27
18
46
67
68
30
63
21
91
77
73
1
27
19
47
46
25
25
94
55
32
67
100
63
85
4
2
48
82
41
61
85
65
100
69
33
25
89
28
82
70
5
78
98
36
50
16
6
50
40
24
51
96
97
78
26
31
39
70
53
23
38
12
100
50
2
38
89
34
64
75
78
29
69
41
23
24
83
34
85
86
68
79
19
37
59
52
17
31
10
48
98
65
50
58
5
80
13
57
20
25
68
16
24
100
81
7
62
77
49
54
22
86
87
66
62
52
82
52
38
41
98
83
1
71
31
48
10
22
54
22
84
70
56
57
35
5
25
42
8
74
3
6
41
58
14
3
31
89
79
64
79
43
1
88
38
89
87
30
22
85
83
35
39
24
79
61
63
75
31
59
92
78
39
80
77
16
27
36
89
56
94
85
88
2
60
68
24
46
60
31
42
81
10
21
42
49
66
63
87
99
3
75
8
87
56
58
76
53
81
62
46
90
43
34
94
13
85
94
27
100
42
45
39
79
13
100
73
11
68
45
65
99
30
16
37
32
40
51
78
66
10
18
92
87
31
60
52
44
56
88
97
72
94
48
34
91
18
7
5
37
67
26
67
88
66
62
51
36
36
11
10
9
54
38
30
39
27
63
73
25
85
81
88
29
66
10
57
2
94
8
16
24
31
27
28
38
14
70
95
48
85
71
13
85
72
41
66
8
90
72
31
79
46
12
77
92
7
99
91
41
43
51
30
47
90
40
49
58
63
57
28
67
27
14
93
73
64
88
55
72
8
58
90
10
22
74
31
52
86
88
71
52
87
25
91
40
71
37
81
56
90
11
19
74
89
62
67
11
64
100
80
64
68
33
60
17
41
2
11
94
72
100
31
61
11
46
35
7
20
70
20
59
60
75
5
23
82
7
6
71
4
16
14
92
58
51
43
17
59
35
46
24
54
17
26
82
56
68
60
27
18
4
86
99
100
6
11
17
41
51
80
82
11
7
64
42
84
13
39
17
73
65
8
63
69
93
92
81
8
80
96
75
49
72
99
6
18
58
63
7
98
29
6
66
68
46
88
24
12
61
81
26
96
28
40
8
11
28
5
35
29
68
74
6
4
55
28
88
21
100
19
78
93
6
51
52
44
12
98
14
26
63
39
83
100
4
15
82
43
74
53
36
60
88
83
16
19
87
73
78
69
71
6
9
67
59
41
55
89
99
88
33
49
89
11
58
78
50
86
1
74
96
77
2
58
57
79
86
50
87
47
38
63
31
37
26
93
56
68
69
44
36
59
50
51
4
10
20
93
55
10
88
81
76
40
58
45
98
36
19
8
68
79
72
74
61
67
99
7
12
97
73
17
34
64
58
90
54
95
16
15
90
4
20
6
79
77
59
32
43
31
37
38
82
95
44
25
54
100
53
77
8
18
54
68
26
96
13
92
87
82
82
7
86
63
81
10
38
56
86
98
92
99
36
55
70
89
10
85
47
78
22
81
7
60
48
75
16
1
46
1
60
21
79
64
1
18
13
76
75
92
39
30
67
93
99
4
73
49
86
25
37
80
2
72
7
48
23
63
56
41
68
10
76
56
22
38
56
39
24
69
20
70
49
22
71
40
2
89
57
83
73
74
64
92
53
81
9
36
19
63
61
52
39
84
5
64
68
65
40
30
90
58
70
3
6
68
69
74
97
12
68
28
36
72
21
19
3
95
35
49
96
65
11
43
44
58
60
8
93
97
3
62
53
89
2
31
69
42
2
28
53
93
16
36
76
94
65
71
57
57
68
36
19
59
50
89
64
26
53
52
11
67
87
56
48
99
53
3
74
55
85
21
69
81
4
50
81
100
14
58
30
90
24
71
63
81
37
82
34
49
7
75
20
33
44
24
96
60
4
98
34
85
42
41
12
99
60
41
35
56
24
6
83
22
71
23
59
4
82
44
48
56
80
14
19
19
58
91
99
80
11
83
91
68
52
61
29
30
65
23
0 793
0 1077
2 549
2 1175
3 357
3 586
3 649
3 1121
3 1432
3 1531
3 1974
4 120
5 1179
5 1470
6 334
6 584
6 1046
6 1917
7 204
7 370
7 485
7 1517
7 1693
7 1709
8 165
8 953
8 1282
8 1964
9 1328
9 1997
10 647
10 692
10 757
10 1520
10 1916
11 1932
13 668
13 752
13 1781
14 703
14 1148
14 1256
15 666
15 1157
15 1321
15 1531
15 1573
16 275
16 512
16 679
16 797
16 920
16 1152
16 1579
16 1777
17 33
17 545
19 1488
19 1651
19 1829
20 194
20 1694
21 1698
21 1853
22 174
22 210
22 562
22 892
22 1839
23 569
23 1180
23 1210
23 1484
23 1550
24 1005
24 1461
25 72
25 196
26 974
26 1065
26 1758
27 130
28 210
28 680
28 1563
29 1012
29 1704
30 537
30 777
30 1288
30 1749
31 152
31 182
31 1069
31 1673
31 1988
32 81
32 87
32 615
32 665
32 1160
32 1174
32 1549
32 1602
33 675
33 841
33 856
33 1655
33 1820
33 1913
34 502
34 571
34 983
34 1010
35 40
35 71
35 567
35 635
35 1757
36 232
36 377
36 1123
36 1356
37 268
37 284
37 721
37 978
38 1812
38 1918
40 1590
40 1849
41 341
41 368
41 1457
41 1725
42 453
43 501
44 140
44 956
44 1536
45 791
45 1072
46 399
46 1461
46 1571
48 195
48 1108
48 1566
48 1689
49 353
49 1232
49 1722
49 1725
50 1079
51 686
51 1187
51 1653
52 120
52 1567
52 1650
52 1834
54 1270
54 1547
55 523
55 640
55 988
55 1139
55 1159
55 1983
56 782
56 1087
56 1886
57 198
57 220
57 1258
57 1497
57 1602
58 1709
59 1312
59 1839
60 539
60 726
60 767
60 1088
60 1855
61 167
61 547
61 1738
61 1838
62 452
62 733
63 654
63 1697
63 1998
64 730
64 824
64 982
64 1169
65 677
65 1680
66 1068
66 1140
67 368
67 622
67 1447
67 1560
68 138
68 1084
69 560
69 1629
69 1926
70 579
70 1324
70 1623
71 1256
72 627
72 1053
72 1707
72 1877
72 1902
73 133
73 153
73 211
73 436
73 1166
73 1169
74 1132
74 1743
74 1999
75 396
75 709
75 905
75 1789
75 1954
76 1141
76 1346
77 171
77 796
77 1178
77 1337
77 1467
78 286
79 266
79 639
79 903
80 297
80 1334
80 1662
81 377
81 587
81 1036
81 1819
81 1951
82 393
82 1874
83 107
83 138
83 151
83 273
83 303
83 1333
84 205
84 988
84 1251
85 145
85 459
85 576
85 1014
85 1765
85 1855
86 638
86 652
86 718
86 1048
86 1340
87 501
87 720
87 833
87 1666
88 509
88 543
88 1663
89 458
89 535
89 608
89 647
89 1435
90 1351
90 1875
91 613
91 1925
92 966
93 675
93 1452
93 1554
95 439
95 714
95 1419
95 1732
96 992
96 1311
96 1319
96 1595
97 825
97 1226
97 1648
97 1715
98 536
98 611
98 639
98 858
98 1344
98 1485
99 681
99 983
99 1431
99 1718
100 300
100 1085
100 1705
100 1831
100 1923
101 1049
101 1114
101 1507
102 330
103 1883
104 1175
105 562
105 1042
105 1661
106 1538
106 1774
107 717
107 792
107 1214
108 1048
108 1131
108 1416
109 778
110 440
110 615
111 159
111 507
111 671
111 720
111 1080
111 1533
112 383
112 1073
113 701
113 964
113 1248
113 1768
114 572
115 180
115 880
115 1030
115 1589
116 729
116 1295
117 151
117 1513
118 537
118 963
118 977
119 557
120 517
120 636
120 1156
120 1527
121 275
121 1493
122 474
122 889
122 1616
124 535
124 1618
124 1638
124 1647
125 445
125 567
126 428
126 452
126 621
126 877
126 1357
126 1377
126 1644
127 297
127 771
127 1622
128 1043
128 1764
129 235
129 284
129 440
129 483
130 1305
130 1581
131 1311
131 1441
132 334
132 723
132 927
132 1113
133 802
133 1793
134 1178
134 1238
135 1495
136 160
136 930
136 1062
136 1147
136 1224
137 232
137 712
138 598
138 800
138 900
138 1244
138 1299
138 1859
138 1929
139 905
140 471
140 598
140 1375
140 1698
141 461
141 1608
142 345
142 409
142 970
142 1087
142 1980
142 1993
143 387
143 919
143 1160
143 1379
143 1584
143 1703
144 228
144 787
144 1222
144 1281
144 1656
145 227
145 715
147 1980
148 491
148 530
148 1624
149 329
149 564
149 883
149 1614
150 369
150 725
150 846
150 1648
150 1661
151 1116
152 1729
153 332
153 932
153 1468
153 1552
153 1875
154 557
155 549
155 1865
156 316
156 366
156 663
156 1510
157 710
158 697
158 1087
158 1351
158 1612
159 590
159 1910
160 925
160 1435
160 1540
161 399
161 462
161 1011
163 795
163 1824
164 238
164 1729
164 1921
164 1995
165 449
165 832
166 809
167 636
167 836
167 912
167 1954
168 269
168 271
168 301
168 428
168 536
168 939
168 1739
169 709
169 797
169 1406
170 221
170 387
170 1457
170 1909
171 492
171 1291
171 1359
171 1386
172 242
172 498
172 972
173 487
173 1229
173 1271
173 1288
173 1787
174 990
174 1524
174 1685
174 1988
175 207
175 823
175 1045
176 1616
176 1726
178 938
178 1182
179 410
179 881
179 1422
179 1580
180 440
180 827
180 1081
180 1362
180 1709
181 401
181 729
181 1156
181 1206
181 1462
182 626
182 1430
182 1453
182 1949
184 344
184 983
184 1475
184 1670
185 402
185 1304
185 1917
185 1928
186 1697
186 1814
187 435
187 676
187 971
188 562
188 871
188 1175
188 1652
189 208
189 829
189 1287
189 1458
189 1577
189 1780
190 1914
191 1568
192 336
192 1304
193 311
194 418
194 524
195 437
195 721
195 1872
196 1176
196 1204
196 1835
197 1137
197 1358
197 1711
197 1771
198 359
199 206
199 680
199 710
199 1808
200 433
200 855
200 1733
201 322
201 477
201 871
201 1824
202 1837
202 1955
203 559
203 1017
203 1150
203 1522
203 1852
204 355
204 596
204 867
204 1031
204 1633
205 564
205 701
205 1369
205 1634
205 1726
207 773
207 866
207 1281
208 933
209 390
209 494
209 1731
209 1967
211 338
211 378
211 964
212 558
212 1267
213 682
213 1342
213 1454
214 357
214 1446
215 390
215 1774
216 1203
216 1292
216 1614
217 241
217 1036
218 1454
218 1659
219 1171
219 1428
220 554
220 862
220 883
220 1476
221 801
221 1578
222 868
222 1671
223 307
223 914
223 1490
224 268
224 299
224 528
224 1164
224 1720
224 1929
225 797
225 1654
225 1681
226 1151
226 1601
226 1634
226 1821
227 1486
228 1552
228 1908
229 1424
230 546
230 643
230 1700
231 1891
232 272
233 1191
234 1467
235 854
235 1367
235 1441
236 1474
236 1481
237 901
237 1994
238 1105
238 1282
239 457
239 548
239 1618
239 1800
240 1023
240 1601
241 938
241 1441
241 1605
242 288
242 1414
242 1515
243 259
243 767
243 1062
243 1978
245 1074
245 1122
246 954
246 1064
246 1115
246 1765
247 1690
248 1095
248 1894
249 1085
249 1377
249 1942
250 1255
251 1585
252 587
252 876
252 1878
253 991
254 1331
254 1668
255 1737
255 1865
256 643
256 1262
256 1651
256 1746
256 1977
257 447
257 818
257 1941
259 417
259 1998
260 907
260 1096
261 441
261 526
261 723
261 1848
262 755
263 438
263 715
263 1238
263 1862
263 1974
264 302
265 904
265 1607
265 1876
266 498
266 750
266 1185
266 1692
267 1798
268 877
268 1562
269 1300
269 1592
270 474
270 481
270 1221
271 293
271 613
271 653
271 717
271 1030
271 1656
271 1959
272 907
274 626
274 1234
274 1518
274 1779
274 1792
275 1145
275 1423
275 1809
275 1874
276 444
277 1342
278 600
278 824
278 1791
279 617
279 1105
279 1850
280 355
280 358
280 400
280 539
280 1141
280 1161
281 1087
281 1585
281 1670
281 1700
281 1719
282 643
282 1306
282 1505
283 522
283 566
283 1220
283 1591
283 1886
284 554
284 820
284 864
284 1981
285 1974
286 1258
286 1599
286 1802
286 1939
287 547
287 1075
287 1228
289 975
289 1001
289 1259
290 640
291 806
291 1322
291 1727
292 352
292 1085
292 1942
293 420
293 1796
293 1839
295 1635
295 1785
296 871
296 1294
297 545
297 842
298 443
300 725
300 1876
301 545
301 748
301 939
301 1573
301 1727
302 439
302 685
303 328
304 666
304 679
304 860
304 910
305 1429
306 369
306 538
306 726
306 1509
306 1548
306 1907
307 912
307 966
307 987
307 1529
307 1881
307 1914
308 500
308 504
308 564
308 783
309 911
309 1172
310 321
310 658
310 1386
311 745
311 1100
312 465
312 845
312 1261
312 1362
312 1926
313 1295
313 1547
313 1988
314 810
314 1660
314 1926
316 333
316 1585
317 661
318 1777
320 596
320 879
320 1121
320 1808
321 872
321 1433
322 423
322 1723
323 325
324 498
324 1834
325 1252
325 1952
326 1556
327 1523
328 1539
329 583
329 1820
329 1846
331 561
331 1240
332 628
332 1285
332 1461
333 938
333 1705
333 1897
334 609
334 797
334 996
334 1750
334 1862
335 515
336 341
336 1408
336 1693
337 456
337 644
337 1801
338 789
338 1649
339 603
339 632
339 1283
340 785
340 1890
341 376
341 772
341 849
341 1377
342 1369
343 703
343 872
343 1840
344 1164
344 1446
344 1532
344 1875
344 1963
345 468
345 765
345 1700
346 786
346 1509
346 1595
346 1645
346 1999
347 404
347 608
348 380
348 415
348 706
348 713
348 898
348 1054
348 1245
348 1384
348 1596
348 1898
349 374
349 591
349 1167
349 1934
350 691
351 411
351 760
352 403
352 1875
352 1934
353 1716
354 773
354 975
355 491
355 1398
356 579
356 1274
357 1541
357 1974
358 605
358 644
358 1068
358 1524
358 1710
359 1167
359 1840
360 439
360 1226
360 1602
361 378
362 383
362 670
362 838
362 856
362 1579
362 1602
363 666
363 990
363 1350
364 1027
364 1579
365 657
365 702
365 1488
365 1514
365 1587
365 1841
366 888
366 1091
367 1657
368 841
369 1415
370 525
370 1052
371 470
372 817
372 1719
372 1826
373 1826
374 1954
375 498
375 1245
375 1459
375 1801
376 1106
376 1375
377 1112
377 1950
378 1617
379 743
379 1583
380 1465
380 1594
381 1848
382 917
382 1026
382 1559
383 616
383 790
383 1969
384 1813
385 692
386 1349
387 814
388 1679
389 1708
389 1832
390 757
391 409
391 805
391 1091
392 944
392 1981
393 948
394 1176
394 1967
396 492
397 937
397 1791
397 1930
398 983
398 1044
398 1624
398 1905
399 787
399 1572
399 1872
400 1373
400 1643
401 670
402 419
402 950
402 1149
402 1257
402 1877
403 1714
404 1611
405 467
405 612
405 721
405 1419
405 1538
405 1595
406 531
406 605
406 1082
406 1755
406 1832
407 787
407 818
407 1398
408 737
409 577
410 532
410 1372
411 733
411 1340
411 1460
412 540
412 1052
412 1690
414 1309
414 1437
415 621
415 1327
415 1442
415 1630
416 434
416 966
416 1662
417 1253
417 1359
417 1734
418 572
418 1926
419 885
419 1779
419 1805
419 1925
420 550
420 1377
420 1559
421 1155
422 1150
423 1280
423 1289
423 1435
423 1800
424 743
424 1028
424 1811
425 640
425 1394
427 753
427 894
427 1600
427 1722
427 1747
428 1175
428 1743
429 985
429 1941
430 691
430 1090
431 460
431 517
431 555
433 1486
433 1546
433 1564
434 891
434 1055
434 1445
434 1630
435 496
435 1363
435 1607
436 581
436 790
436 869
436 1261
437 1712
439 648
439 842
439 1614
439 1668
440 850
440 1044
440 1444
441 526
443 1684
444 1283
445 1066
446 772
446 1417
447 808
447 1390
447 1813
448 592
448 1046
448 1722
449 904
449 1698
449 1784
449 1919
450 1376
450 1681
451 678
452 614
452 801
452 1509
452 1845
453 1996
454 637
454 1038
454 1445
454 1727
454 1954
454 1965
454 1978
455 1541
455 1719
456 514
456 1654
456 1719
457 1127
457 1132
457 1504
458 696
458 1206
459 674
459 819
460 1533
460 1690
460 1874
461 495
461 711
461 1496
462 649
462 1141
462 1648
463 752
463 986
463 1899
464 1021
464 1342
466 1545
466 1561
466 1704
467 490
467 1668
468 593
468 1376
469 654
470 1571
471 1014
471 1383
474 1194
474 1608
475 1226
475 1351
475 1948
476 560
477 908
477 1123
477 1171
477 1411
478 1146
479 1511
479 1602
480 1636
480 1933
482 689
482 855
482 875
483 1225
485 1401
486 1571
487 505
487 1542
488 1611
488 1626
489 731
489 1515
489 1757
489 1850
490 513
490 953
490 1169
490 1219
490 1560
490 1859
491 1503
491 1743
492 938
493 668
493 1865
495 942
495 1862
496 775
496 1051
496 1632
497 874
497 1581
497 1645
497 1660
498 969
498 1696
499 1148
499 1530
499 1764
499 1871
500 1946
501 1131
501 1137
502 1076
502 1294
502 1505
503 1332
503 1785
503 1944
504 699
505 1087
505 1117
506 894
507 1328
507 1587
507 1622
507 1653
507 1814
509 597
509 1933
509 1938
510 1956
510 1966
511 658
511 1336
512 772
512 907
512 1267
514 1408
516 1096
517 610
517 1132
517 1806
518 876
518 1417
518 1590
519 662
519 1599
519 1692
519 1714
519 1829
520 682
520 1447
520 1907
521 1249
522 672
522 788
522 1553
523 1140
523 1425
523 1717
523 1794
524 645
524 1100
524 1337
524 1592
524 1935
525 649
525 1482
525 1640
526 580
526 696
526 1050
526 1165
526 1458
526 1693
526 1729
527 1376
528 1326
528 1500
529 531
529 1691
530 1318
531 1421
531 1589
531 1843
533 1085
533 1386
534 707
534 1227
534 1300
534 1337
536 686
536 816
536 1579
538 1457
538 1936
539 681
539 952
539 1545
540 770
540 1908
541 1598
541 1772
541 1818
542 930
542 1922
543 935
543 1614
543 1616
544 627
544 1722
544 1745
544 1832
545 1800
546 822
546 1887
547 870
548 681
548 1450
548 1620
549 1694
550 742
550 968
550 1695
552 1886
553 750
553 797
553 909
554 1085
554 1321
554 1338
554 1913
555 1179
555 1740
556 823
556 1059
556 1647
557 578
557 631
557 871
558 780
558 1354
558 1848
559 722
559 1117
560 1276
560 1555
561 1083
561 1141
561 1363
561 1456
562 749
562 1355
562 1839
563 997
563 1083
563 1634
563 1757
564 1306
564 1547
565 697
566 1301
567 715
567 900
567 1926
568 964
568 1074
568 1538
568 1756
571 819
571 1237
571 1936
572 626
572 909
573 1211
574 968
574 1101
574 1172
575 781
575 1830
576 853
576 1856
577 1072
577 1654
578 1223
578 1658
578 1872
579 1167
579 1392
580 582
580 1726
581 724
582 1041
583 1751
583 1820
584 783
584 908
584 1676
585 1215
585 1354
586 929
586 1972
587 1255
587 1574
588 813
588 929
588 1636
589 710
589 1150
589 1576
590 1822
592 1292
592 1339
592 1502
592 1744
592 1987
593 655
593 1333
593 1457
593 1853
594 605
594 1041
594 1121
594 1132
595 756
595 993
596 1182
596 1238
596 1550
597 1346
598 653
598 1761
598 1821
598 1912
599 832
599 1195
600 882
600 891
600 1565
600 1972
601 785
601 1075
601 1660
602 932
603 953
603 984
603 1588
603 1645
604 1283
604 1880
605 723
605 846
605 871
605 1221
606 1054
606 1418
606 1743
607 1581
608 1680
609 1061
609 1108
610 809
610 1373
611 748
611 836
611 1183
611 1537
611 1574
611 1724
611 1783
612 752
612 1070
612 1096
616 1628
617 867
619 752
619 1155
620 863
620 900
620 1033
620 1955
621 1197
621 1360
621 1555
621 1928
622 630
623 871
623 1010
624 1688
625 1679
625 1979
625 1987
626 707
626 1486
626 1666
626 1790
628 695
628 1323
629 1151
631 1758
631 1766
633 1094
634 1142
635 1623
635 1635
636 1369
637 1066
637 1484
638 1119
638 1244
638 1478
638 1923
639 928
639 1002
640 783
640 817
640 953
640 1762
640 1917
641 719
641 1022
642 797
643 968
643 1191
643 1212
644 1513
644 1818
644 1847
644 1959
645 998
645 1954
646 728
646 1798
647 834
648 937
648 1067
648 1637
649 1502
649 1529
650 980
650 1216
651 902
651 1018
651 1878
652 974
652 1637
652 1815
653 1902
654 1568
654 1829
655 932
656 1320
656 1408
657 1487
658 813
658 957
658 1180
658 1503
659 939
659 1159
660 1065
660 1139
660 1448
661 924
661 1305
661 1311
662 1255
663 1036
663 1078
663 1244
663 1510
664 1731
666 1467
666 1615
667 1996
668 972
668 1523
668 1894
669 763
670 1500
670 1544
670 1709
671 765
671 845
671 1611
672 1938
675 722
677 1444
677 1523
678 809
678 934
678 1734
678 1937
679 899
679 1225
681 899
681 1282
682 1423
683 699
683 778
683 915
683 1222
683 1302
683 1396
683 1727
684 1087
684 1259
684 1420
684 1522
684 1756
684 1983
685 1034
685 1368
685 1570
686 913
686 969
686 1819
687 1599
687 1920
688 1846
688 1902
689 814
689 1809
690 781
690 1653
691 745
693 1304
693 1462
693 1581
694 1336
694 1488
694 1927
695 1216
695 1234
696 989
696 1596
697 1646
698 1183
699 1345
700 1371
701 785
702 1301
702 1855
703 704
703 714
703 1897
704 971
705 872
705 909
705 1369
706 1031
706 1036
707 1502
707 1855
708 1006
708 1456
708 1463
708 1661
709 950
710 823
710 1630
711 1248
711 1256
711 1957
713 757
713 1159
713 1301
713 1975
715 989
715 1002
715 1972
716 1599
716 1639
718 923
719 904
719 1381
719 1810
720 1307
722 874
722 1003
722 1161
722 1210
722 1746
723 733
723 1173
723 1587
724 1883
724 1951
726 1248
726 1276
726 1700
726 1867
728 767
728 823
728 1159
728 1257
728 1830
729 1269
730 793
730 797
730 1443
731 873
731 1318
731 1405
731 1708
732 1577
733 1133
736 1191
736 1258
736 1410
736 1627
736 1727
737 1291
738 1461
741 852
741 1339
741 1825
741 1861
742 842
742 928
742 1750
744 1309
744 1669
745 866
745 1805
745 1808
746 895
746 1034
747 753
747 1602
747 1954
748 1088
748 1371
750 1000
750 1407
750 1575
750 1821
751 806
752 763
752 1590
752 1810
753 1090
754 896
757 1323
758 1343
758 1920
759 1560
759 1583
760 1648
760 1659
761 1245
761 1325
763 998
763 1894
764 1145
765 950
765 1569
765 1649
767 949
767 1334
767 1532
767 1896
768 890
768 1541
768 1852
769 1653
769 1781
770 1061
770 1179
772 972
773 891
773 1297
773 1793
774 851
775 1511
775 1548
776 1438
777 989
778 1646
779 864
780 1049
780 1083
780 1569
780 1585
781 1020
781 1841
781 1878
782 1136
783 1611
784 1404
785 1298
787 1157
787 1789
788 1087
789 820
791 861
791 1590
791 1702
792 826
792 1969
793 1885
795 1174
796 1388
798 957
798 1172
798 1311
799 997
800 1632
800 1784
801 937
801 1432
801 1725
802 856
802 1250
803 1798
804 1212
804 1548
804 1867
806 1361
807 1034
807 1230
807 1499
807 1801
808 1844
808 1914
809 884
809 954
810 1243
810 1419
811 839
811 1156
812 1404
812 1971
813 1642
813 1827
814 1864
815 1701
817 1699
818 1005
818 1069
818 1874
819 1913
820 838
820 945
820 1592
822 1898
823 1565
824 1370
825 1376
826 1031
826 1567
826 1594
827 1363
827 1370
827 1411
827 1511
827 1880
829 1070
830 928
830 1822
831 1097
831 1228
831 1375
832 1091
835 1280
835 1651
836 1419
836 1451
836 1697
837 960
837 1142
837 1482
837 1509
838 948
838 1510
838 1559
838 1613
839 1819
841 1338
843 1633
843 1964
844 1798
845 1002
847 1019
847 1049
847 1578
847 1773
848 868
849 904
849 1669
849 1767
849 1843
850 1210
850 1743
852 869
854 1077
854 1079
854 1902
855 1135
855 1281
855 1586
855 1901
856 1439
856 1848
856 1967
857 1085
857 1738
858 1545
859 1459
860 973
861 1443
862 1583
862 1693
862 1940
863 1175
864 1090
864 1135
864 1188
864 1562
866 930
867 1483
869 1284
870 887
870 1443
871 1076
872 1240
873 1106
873 1386
873 1852
874 1020
874 1234
874 1373
874 1762
876 1816
878 936
878 969
878 1381
879 1014
879 1030
879 1843
879 1890
880 1092
881 944
881 969
881 1163
881 1246
882 1226
882 1245
882 1407
882 1506
883 1899
886 980
886 1123
887 1994
888 1028
889 1432
889 1670
890 1784
891 1924
892 898
892 1256
892 1509
894 1405
894 1808
895 1813
896 1155
896 1346
898 924
898 1117
898 1528
899 1306
900 1251
900 1613
900 1897
901 1064
901 1207
902 1170
902 1708
903 1251
903 1428
903 1734
904 988
904 1735
905 1459
905 1847
905 1917
906 1093
907 1194
907 1830
908 1016
909 1051
909 1312
909 1620
910 988
910 1110
910 1261
910 1349
910 1551
911 1518
911 1651
911 1934
912 1763
912 1999
913 951
913 1963
914 1279
914 1721
914 1765
916 1609
916 1745
917 1062
917 1708
918 949
918 1036
918 1333
918 1611
918 1969
919 1284
920 1599
921 1810
922 1695
923 1266
923 1413
924 1546
924 1841
925 1246
926 1530
926 1566
928 1935
930 1811
931 1250
931 1527
932 1000
932 1362
932 1701
933 1265
933 1918
933 1927
936 1539
936 1691
938 978
939 1291
939 1797
939 1888
940 1033
940 1643
941 1752
941 1791
942 1000
943 1729
944 1191
945 1377
945 1567
946 1621
946 1958
948 1887
950 1120
950 1230
950 1312
951 1421
951 1666
952 1650
953 1420
953 1766
954 1821
955 1377
955 1436
955 1987
957 1370
958 1393
958 1700
959 1045
959 1600
959 1787
961 1387
962 1147
962 1482
962 1676
963 1488
964 1496
966 1441
966 1464
967 1884
967 1942
968 1461
968 1688
969 1018
969 1735
971 1994
975 1084
975 1834
976 1456
976 1839
976 1941
977 1550
980 1154
980 1277
981 1711
982 1077
984 1113
984 1206
984 1478
985 1053
986 1572
987 1540
987 1557
987 1826
988 1285
989 1068
989 1602
990 1717
991 1317
991 1459
992 1382
992 1434
992 1798
994 1111
994 1333
995 1547
995 1845
996 1326
997 1574
998 1289
998 1361
998 1911
1000 1234
1001 1624
1002 1193
1002 1660
1004 1136
1005 1315
1005 1416
1006 1442
1006 1680
1006 1914
1007 1974
1009 1380
1010 1251
1011 1081
1011 1096
1011 1180
1012 1680
1013 1580
1013 1905
1014 1118
1014 1315
1014 1394
1014 1412
1014 1513
1015 1572
1017 1217
1017 1737
1018 1198
1018 1272
1018 1319
1018 1512
1018 1629
1018 1971
1019 1616
1019 1636
1019 1733
1020 1212
1020 1303
1020 1660
1021 1255
1021 1583
1022 1027
1022 1630
1026 1627
1026 1871
1031 1138
1031 1806
1032 1660
1033 1108
1033 1264
1035 1490
1035 1634
1035 1637
1036 1706
1037 1573
1037 1651
1038 1520
1040 1380
1040 1397
1040 1415
1040 1804
1041 1088
1041 1915
1042 1622
1043 1438
1043 1620
1044 1247
1044 1739
1045 1482
1045 1539
1045 1600
1046 1422
1046 1463
1046 1656
1046 1754
1047 1626
1047 1992
1048 1210
1048 1764
1049 1397
1049 1628
1050 1872
1051 1340
1051 1669
1053 1926
1054 1058
1054 1138
1054 1300
1054 1542
1055 1325
1055 1424
1055 1624
1055 1760
1057 1407
1058 1294
1059 1743
1060 1945
1061 1761
1062 1510
1062 1528
1062 1766
1062 1978
1063 1116
1064 1839
1066 1210
1066 1754
1067 1118
1067 1474
1068 1232
1068 1993
1070 1754
1072 1250
1072 1328
1072 1553
1072 1870
1074 1075
1074 1107
1074 1530
1074 1972
1075 1089
1075 1185
1075 1318
1075 1583
1075 1595
1075 1908
1076 1702
1077 1421
1077 1522
1077 1537
1077 1667
1077 1679
1078 1192
1079 1362
1081 1210
1083 1310
1083 1809
1084 1241
1086 1123
1086 1192
1086 1642
1087 1938
1088 1387
1088 1684
1088 1844
1090 1241
1090 1571
1090 1769
1091 1446
1092 1125
1093 1098
1093 1187
1094 1617
1094 1967
1096 1114
1097 1822
1098 1278
1100 1489
1100 1570
1100 1663
1100 1737
1101 1270
1103 1446
1104 1521
1104 1541
1104 1849
1105 1609
1106 1461
1106 1720
1107 1239
1107 1389
1107 1861
1107 1874
1108 1242
1109 1343
1109 1456
1110 1228
1110 1613
1111 1222
1114 1245
1115 1795
1116 1876
1117 1677
1117 1705
1121 1595
1121 1877
1122 1828
1124 1536
1124 1646
1124 1898
1125 1669
1125 1679
1125 1911
1126 1347
1127 1191
1127 1850
1128 1347
1129 1911
1129 1984
1131 1264
1132 1448
1132 1517
1132 1829
1133 1292
1134 1432
1134 1648
1135 1933
1136 1516
1136 1833
1137 1902
1138 1337
1138 1772
1139 1927
1141 1534
1141 1714
1143 1736
1145 1183
1148 1173
1148 1448
1148 1853
1149 1337
1150 1624
1150 1766
1150 1836
1150 1854
1151 1351
1152 1900
1152 1926
1155 1291
1155 1671
1155 1893
1157 1588
1157 1746
1157 1870
1158 1536
1158 1706
1159 1350
1159 1603
1159 1872
1159 1972
1161 1292
1161 1330
1161 1784
1161 1889
1162 1881
1164 1386
1164 1864
1167 1682
1167 1740
1167 1789
1168 1692
1168 1978
1169 1175
1169 1919
1170 1915
1171 1791
1172 1633
1173 1579
1173 1617
1174 1530
1175 1690
1177 1294
1177 1536
1177 1713
1177 1967
1179 1556
1180 1539
1180 1858
1181 1268
1181 1362
1181 1825
1182 1955
1183 1710
1185 1271
1185 1559
1186 1357
1187 1295
1187 1368
1187 1451
1187 1928
1188 1982
1189 1529
1190 1238
1190 1900
1191 1239
1191 1250
1192 1364
1192 1820
1193 1661
1196 1316
1196 1635
1197 1691
1199 1243
1199 1460
1199 1811
1200 1520
1200 1623
1200 1839
1202 1329
1202 1614
1202 1835
1202 1973
1203 1891
1203 1918
1206 1751
1206 1970
1208 1574
1210 1324
1210 1500
1213 1463
1215 1598
1215 1801
1217 1410
1217 1569
1219 1704
1220 1325
1221 1311
1221 1785
1223 1304
1223 1566
1223 1805
1224 1635
1226 1545
1226 1616
1226 1853
1226 1998
1228 1649
1228 1906
1229 1235
1229 1521
1229 1664
1230 1430
1230 1958
1231 1372
1231 1733
1232 1251
1232 1361
1232 1452
1232 1522
1232 1675
1233 1602
1234 1285
1235 1792
1235 1826
1236 1974
1238 1258
1239 1836
1240 1318
1240 1587
1243 1559
1243 1665
1244 1964
1245 1278
1245 1548
1245 1953
1246 1727
1248 1359
1248 1382
1248 1773
1248 1984
1249 1358
1249 1506
1249 1543
1250 1915
1251 1311
1251 1480
1253 1806
1254 1257
1254 1780
1256 1262
1256 1296
1256 1484
1256 1942
1257 1459
1257 1945
1258 1805
1260 1439
1262 1329
1262 1824
1264 1763
1265 1775
1265 1947
1266 1511
1266 1567
1266 1795
1267 1525
1269 1633
1270 1544
1270 1695
1271 1834
1271 1913
1272 1612
1272 1761
1273 1525
1274 1419
1274 1817
1275 1337
1276 1490
1276 1730
1278 1949
1279 1588
1279 1847
1279 1947
1281 1646
1282 1422
1282 1853
1283 1378
1287 1422
1288 1915
1290 1983
1292 1332
1293 1696
1294 1377
1296 1454
1297 1473
1297 1690
1298 1691
1298 1900
1300 1333
1301 1350
1301 1633
1303 1671
1304 1534
1304 1955
1305 1662
1305 1923
1306 1614
1307 1552
1308 1495
1310 1728
1311 1494
1311 1903
1312 1678
1313 1519
1316 1341
1316 1550
1317 1675
1322 1392
1322 1564
1322 1711
1322 1781
1323 1326
1324 1535
1325 1930
1326 1417
1326 1518
1326 1806
1326 1905
1327 1399
1327 1984
1328 1337
1330 1435
1330 1607
1331 1373
1331 1622
1331 1663
1331 1878
1333 1800
1334 1971
1336 1364
1336 1629
1336 1770
1336 1916
1337 1819
1338 1463
1338 1755
1339 1619
1339 1881
1341 1358
1341 1770
1342 1658
1344 1403
1345 1889
1349 1710
1350 1605
1350 1871
1353 1961
1358 1472
1361 1382
1361 1598
1362 1473
1362 1502
1363 1890
1364 1488
1366 1397
1366 1686
1366 1712
1371 1742
1372 1671
1373 1542
1373 1896
1374 1492
1374 1507
1374 1663
1378 1950
1379 1549
1379 1826
1380 1823
1380 1859
1381 1440
1382 1779
1383 1892
1383 1901
1384 1858
1385 1500
1385 1934
1386 1692
1387 1653
1390 1406
1390 1821
1391 1427
1391 1514
1391 1885
1392 1881
1393 1426
1395 1473
1397 1617
1397 1628
1397 1704
1398 1555
1398 1777
1399 1605
1400 1838
1401 1772
1401 1952
1402 1851
1402 1870
1403 1729
1404 1822
1405 1964
1407 1641
1407 1975
1410 1780
1411 1611
1411 1696
1414 1990
1414 1999
1416 1664
1416 1756
1416 1771
1417 1464
1417 1618
1417 1924
1419 1825
1419 1989
1420 1520
1420 1839
1422 1831
1423 1694
1423 1835
1423 1950
1424 1836
1424 1935
1425 1955
1427 1626
1428 1446
1431 1510
1431 1547
1431 1796
1433 1952
1435 1892
1437 1661
1440 1484
1441 1591
1445 1841
1446 1621
1447 1520
1447 1586
1447 1811
1450 1557
1451 1684
1452 1628
1453 1581
1453 1787
1454 1464
1454 1815
1455 1515
1455 1837
1457 1486
1458 1668
1458 1757
1459 1518
1459 1563
1459 1631
1459 1870
1460 1563
1461 1745
1466 1784
1470 1854
1470 1904
1470 1952
1471 1475
1471 1547
1471 1787
1474 1495
1476 1791
1478 1601
1478 1701
1478 1896
1479 1712
1480 1769
1482 1780
1484 1562
1484 1822
1485 1682
1485 1809
1485 1928
1489 1828
1491 1529
1493 1705
1493 1794
1493 1891
1494 1790
1495 1949
1497 1588
1497 1742
1497 1756
1497 1799
1497 1801
1501 1875
1502 1810
1504 1867
1506 1827
1506 1968
1506 1995
1507 1522
1508 1536
1508 1822
1508 1893
1510 1962
1511 1651
1511 1656
1512 1527
1513 1686
1515 1614
1515 1721
1515 1837
1517 1716
1518 1672
1518 1937
1521 1564
1521 1941
1522 1758
1522 1796
1524 1638
1524 1652
1524 1864
1525 1960
1528 1836
1529 1974
1532 1845
1532 1985
1534 1902
1535 1674
1535 1931
1535 1999
1538 1558
1538 1816
1539 1686
1539 1926
1539 1953
1543 1607
1548 1666
1550 1762
1551 1907
1553 1642
1554 1891
1555 1663
1556 1803
1556 1901
1557 1702
1557 1924
1558 1728
1559 1921
1560 1854
1564 1704
1566 1793
1567 1635
1567 1843
1568 1599
1571 1939
1571 1993
1572 1688
1574 1880
1578 1766
1579 1639
1579 1993
1580 1587
1581 1842
1583 1663
1583 1758
1584 1839
1585 1753
1585 1987
1586 1597
1591 1953
1592 1782
1595 1623
1595 1715
1596 1603
1596 1919
1599 1998
1600 1663
1601 1843
1604 1717
1604 1853
1605 1899
1606 1647
1607 1770
1609 1811
1612 1662
1616 1694
1617 1725
1619 1959
1620 1748
1622 1888
1625 1664
1625 1711
1625 1784
1626 1668
1632 1956
1632 1980
1634 1703
1640 1680
1646 1812
1646 1934
1653 1886
1654 1722
1654 1986
1656 1708
1656 1900
1657 1909
1658 1865
1664 1922
1666 1936
1667 1913
1670 1913
1671 1776
1672 1735
1680 1849
1683 1787
1684 1751
1689 1769
1690 1805
1690 1893
1691 1745
1692 1957
1695 1728
1698 1984
1699 1746
1699 1787
1706 1811
1709 1771
1711 1898
1711 1938
1712 1953
1717 1806
1719 1821
1721 1883
1723 1810
1725 1780
1726 1929
1728 1984
1730 1770
1740 1959
1741 1871
1746 1761
1746 1874
1747 1765
1747 1843
1758 1793
1759 1898
1759 1925
1763 1855
1763 1934
1763 1939
1767 1900
1768 1883
1774 1870
1778 1930
1779 1826
1787 1833
1787 1845
1787 1960
1792 1841
1794 1802
1794 1979
1804 1901
1804 1930
1805 1930
1811 1897
1813 1937
1815 1958
1818 1896
1820 1999
1821 1975
1832 1846
1834 1879
1834 1923
1836 1850
1837 1902
1839 1983
1844 1957
1852 1902
1855 1947
1856 1962
1858 1962
1861 1881
1869 1886
1871 1994
1876 1901
1879 1994
1882 1895
1886 1940
1898 1908
1898 1943
1899 1905
1902 1960
1905 1911
1907 1954
1911 1958
1913 1963
1914 1926
1934 1945
1955 1964
1967 1985
