2000 2949
54
65
73
25
49
79
8
71
18
6
49
75
64
62
2
37
33
54
42
1
100
100
61
51
47
57
46
12
50
76
32
89
48
2
37
55
25
99
87
5
97
27
66
22
99
68
4
99
27
69
59
84
52
17
79
55
9
49
85
46
63
45
40
90
11
66
6
5
10
71
10
48
69
82
50
99
51
58
1
30
37
74
4
37
63
43
13
68
82
20
30
42
88
66
10
96
72
82
26
28
28
44
16
5
38
59
69
49
43
68
40
38
34
69
38
69
91
51
90
20
64
26
3
72
11
49
38
84
61
57
26
43
12
45
83
90
41
99
65
25
7
39
5
36
47
27
29
99
97
4
35
64
72
53
72
22
52
96
28
79
44
34
39
87
99
89
21
51
37
28
53
56
70
41
73
65
20
98
45
19
54
6
48
59
43
92
95
58
54
16
7
55
83
82
19
31
63
34
32
62
20
53
67
36
59
71
66
39
44
33
52
7
44
45
90
67
34
23
29
28
4
45
98
15
63
21
99
95
41
31
37
96
45
11
37
35
96
45
26
27
46
30
99
91
60
82
74
63
48
32
39
47
60
76
97
70
23
83
9
45
17
54
40
93
79
25
11
37
25
93
2
76
99
87
66
62
37
52
37
55
13
65
49
58
29
20
4
3
64
43
22
56
89
77
67
20
18
53
85
100
20
53
88
37
95
45
86
60
56
90
32
89
53
13
93
60
92
22
49
88
10
47
32
50
49
43
69
22
19
19
13
80
72
79
85
61
67
25
4
10
83
19
97
96
69
68
1
65
4
85
44
1
95
37
84
13
74
1
93
47
71
69
18
87
1
62
19
51
34
72
62
22
9
81
7
29
49
62
81
57
75
26
56
61
42
95
3
15
52
47
87
54
54
16
4
63
9
97
38
7
96
38
23
73
62
61
49
29
37
94
58
53
93
46
53
57
67
47
92
24
15
76
62
75
69
24
53
80
7
83
31
24
77
67
69
37
43
19
94
3
40
37
73
19
51
8
20
57
62
26
59
39
36
7
90
7
90
45
67
1
63
44
85
95
42
15
38
63
96
13
47
8
31
18
65
44
44
18
52
36
13
3
99
2
27
34
68
95
88
93
6
8
34
7
57
86
31
53
56
37
16
26
16
76
5
36
29
9
62
37
68
67
77
89
64
53
18
5
25
68
91
14
62
57
97
55
5
53
42
71
59
91
64
70
54
39
3
55
11
48
21
11
13
70
39
86
29
52
61
52
37
4
51
100
76
20
71
52
93
65
80
58
64
23
2
31
1
36
2
26
10
23
8
74
64
20
42
40
8
22
28
66
73
36
99
11
41
46
71
9
44
7
94
75
7
92
38
33
75
4
78
37
96
49
63
72
50
46
56
46
44
15
17
96
73
91
26
36
64
57
41
57
79
31
100
77
35
80
90
41
64
69
24
81
96
49
89
80
14
72
83
22
75
56
67
78
49
77
82
37
8
5
62
71
6
35
86
38
8
45
71
6
65
18
52
31
43
70
59
4
21
57
39
86
93
1
88
42
20
3
38
50
2
61
61
28
2
12
41
87
57
77
69
34
52
3
53
53
29
20
3
39
78
95
70
17
6
59
64
54
35
35
24
51
94
8
8
31
52
28
13
51
98
83
32
49
63
65
93
61
87
70
40
85
18
57
6
26
46
92
45
44
19
70
4
47
45
96
19
70
21
47
91
21
76
41
97
48
92
95
68
66
63
78
65
89
82
87
42
17
89
63
31
68
24
54
8
57
20
98
64
55
16
7
88
1
91
98
85
96
42
1
8
42
80
57
99
37
42
46
3
74
93
42
40
9
68
86
54
17
66
84
33
26
39
95
63
66
27
88
82
86
19
86
25
92
27
35
72
95
85
76
77
81
43
83
22
41
25
21
52
20
4
46
38
95
15
20
36
53
40
48
13
38
35
89
5
31
18
77
3
76
22
99
21
7
100
1
73
35
49
88
54
67
19
95
23
40
39
75
76
43
95
49
33
96
51
4
62
43
47
1
13
4
42
10
70
88
21
40
93
24
12
98
63
47
89
30
69
5
26
97
38
10
78
86
56
36
63
87
69
61
5
36
73
85
38
65
48
95
59
53
59
72
87
21
75
98
48
62
66
94
43
19
29
46
36
4
86
94
11
94
30
70
51
38
95
13
8
87
99
71
70
4
84
37
54
13
49
78
14
14
78
61
51
13
20
45
22
85
94
100
9
24
4
40
7
92
83
30
43
86
64
12
6
48
55
49
42
7
9
39
20
94
12
49
91
1
14
93
85
60
68
36
83
1
61
26
23
66
50
72
81
4
89
74
71
40
73
53
64
53
24
56
15
12
24
1
71
87
70
48
87
33
74
10
48
52
57
30
80
80
33
43
81
94
68
13
47
79
69
59
35
92
27
66
64
10
57
75
10
73
27
31
24
91
90
73
75
11
91
53
78
55
96
84
83
100
69
36
39
9
79
24
80
47
12
7
85
85
81
85
42
67
81
51
87
17
28
76
31
90
58
7
13
23
37
63
13
72
49
33
99
37
7
35
60
99
32
45
84
11
97
69
83
46
55
85
63
22
43
7
42
28
86
48
15
24
32
99
87
79
12
58
100
61
16
48
19
60
50
93
83
98
51
28
9
4
54
87
65
68
67
81
85
100
55
20
44
28
10
25
18
15
83
47
37
18
57
64
19
88
55
82
85
74
23
2
50
7
80
8
34
85
77
93
6
12
80
69
61
49
3
28
85
95
37
66
93
31
10
23
74
74
49
1
54
15
4
4
45
3
26
11
37
85
68
11
24
79
35
88
77
55
41
37
95
17
85
13
60
29
77
21
100
38
1
12
61
14
46
93
27
98
51
25
78
59
20
45
84
21
77
59
98
46
76
2
83
17
50
53
53
24
77
56
73
40
64
84
23
36
10
7
20
42
8
5
81
15
91
92
87
93
16
68
29
9
66
2
93
33
3
45
83
5
73
89
51
77
91
64
12
65
38
91
5
1
51
71
49
91
22
70
62
53
1
76
62
96
5
82
73
10
66
52
16
89
75
21
22
17
11
38
98
35
36
92
96
36
25
76
100
79
67
43
65
77
69
91
14
49
74
37
30
9
24
60
19
92
15
27
82
80
97
13
89
32
84
52
11
35
59
35
69
75
85
91
2
61
87
55
4
43
96
72
87
87
97
74
75
84
59
57
12
1
58
10
81
13
49
7
33
42
21
18
77
8
37
85
40
31
15
33
77
35
31
98
88
84
1
88
84
42
30
61
42
22
52
36
23
1
62
89
56
28
71
92
2
92
65
83
47
28
60
43
64
87
44
58
94
32
51
45
33
90
56
21
98
40
6
73
26
33
18
18
76
24
33
57
50
89
13
72
37
96
14
55
49
82
83
29
45
69
93
78
48
30
83
9
64
68
68
67
68
19
18
96
32
10
90
39
93
19
60
79
59
17
22
91
11
16
60
13
88
27
87
49
11
28
21
100
23
38
94
66
9
64
84
54
22
46
74
44
71
6
29
26
31
33
21
52
2
54
24
50
4
6
81
90
98
54
45
7
41
37
4
76
72
8
58
72
69
84
11
99
30
26
55
95
82
70
5
11
68
87
10
16
6
14
49
17
6
74
73
1
28
22
9
89
33
50
26
44
5
88
46
61
50
71
69
26
100
100
48
6
24
89
44
21
76
22
97
13
74
25
64
33
84
1
14
44
32
7
31
63
99
59
58
1
21
85
27
74
23
36
1
38
53
9
56
49
83
77
35
99
39
99
68
64
71
96
23
46
82
43
80
2
89
60
10
35
58
31
16
81
54
97
47
76
41
86
57
15
44
98
31
26
64
71
79
77
10
93
54
5
88
46
5
39
51
19
48
70
64
24
73
79
15
37
14
22
53
84
32
37
17
77
39
49
91
63
46
91
100
8
46
47
11
34
67
71
1
66
67
13
42
77
53
65
49
33
56
84
38
29
79
13
39
3
55
18
32
55
52
92
29
51
33
26
97
21
69
90
49
91
36
44
72
49
82
62
81
56
52
83
47
55
3
73
10
89
75
57
34
1
55
32
62
94
14
18
41
46
39
53
65
34
40
90
46
71
40
100
16
90
44
53
88
54
96
40
66
81
89
57
28
40
38
26
21
86
21
44
64
28
71
72
83
47
82
34
97
44
53
4
41
51
47
47
36
100
99
75
25
18
71
27
13
100
7
28
91
96
84
4
80
47
58
11
61
71
45
64
35
37
8
42
93
81
35
2
22
60
50
25
25
69
1
12
32
89
59
48
94
71
67
45
64
88
41
15
24
11
3
13
39
49
64
12
8
73
89
67
37
78
77
55
54
71
54
93
72
81
70
91
53
63
66
92
79
66
31
26
82
83
80
50
40
6
98
78
14
69
11
44
41
66
73
81
7
50
20
21
16
65
9
47
85
44
49
55
8
8
55
82
84
95
27
68
93
75
42
94
22
17
19
47
45
99
64
79
28
48
19
86
42
31
25
36
86
81
68
32
63
61
83
81
42
44
0 855
1 806
1 1605
1 1692
1 1724
2 62
2 305
2 336
3 1374
3 1550
3 1608
3 1652
4 788
5 1450
5 1818
5 1983
6 1296
6 1729
7 344
7 492
7 1097
7 1357
7 1498
8 21
8 733
8 1185
8 1476
8 1578
9 185
9 330
9 756
9 1309
10 952
10 1450
11 1190
11 1584
12 216
12 1127
12 1185
13 166
13 216
13 510
13 1099
13 1161
13 1898
14 437
15 1260
15 1513
16 156
16 1563
17 947
18 156
18 1131
18 1357
18 1401
18 1913
19 632
19 1070
19 1285
20 192
21 1145
21 1494
21 1640
21 1909
22 91
22 528
22 612
23 107
23 197
23 259
23 1082
23 1212
23 1994
24 648
24 926
24 1417
26 307
26 905
26 1156
26 1359
26 1366
26 1918
28 928
28 1377
28 1624
28 1828
28 1981
29 284
29 327
29 436
29 853
29 1387
30 305
30 340
30 1634
31 185
31 299
32 176
32 1252
32 1317
33 133
33 438
33 1488
34 489
34 810
34 1350
34 1671
35 294
35 304
35 874
35 899
35 1264
35 1879
35 1959
36 608
37 40
37 312
38 525
38 1777
39 1664
40 1570
40 1952
42 205
42 591
42 1494
43 295
43 533
43 1907
43 1948
43 1960
44 586
44 1376
44 1544
44 1825
45 738
45 804
45 1415
46 1774
48 187
48 340
48 505
48 733
48 748
48 1698
48 1928
49 720
49 1452
49 1619
50 449
50 901
50 1286
50 1326
50 1462
50 1675
51 868
51 1312
52 130
52 242
52 665
52 822
52 1188
53 484
53 494
53 604
53 682
53 712
54 300
54 529
54 603
54 826
54 1288
54 1613
54 1880
55 1200
55 1941
56 281
56 996
56 1711
56 1945
57 446
57 1272
57 1858
57 1929
58 306
58 1021
58 1163
58 1747
59 66
59 540
59 778
59 1168
59 1328
59 1454
59 1777
59 1925
60 731
60 1239
61 176
61 942
62 103
62 603
62 1605
62 1805
63 169
63 921
63 1081
63 1280
63 1848
63 1999
64 1551
64 1564
64 1742
65 1124
66 973
66 1397
67 1492
67 1819
68 644
68 708
70 1496
71 1405
71 1499
72 226
72 374
73 282
73 564
73 860
73 1832
73 1959
74 337
74 1066
74 1349
74 1732
75 830
75 995
75 1759
76 85
76 172
76 709
76 1196
76 1398
77 282
77 1292
77 1337
78 978
79 1145
79 1166
79 1219
79 1575
79 1856
80 111
80 812
80 1186
80 1943
82 110
82 652
82 677
82 809
82 1159
82 1495
82 1871
82 1934
84 342
84 820
84 1171
84 1904
85 163
85 963
86 435
86 762
86 1002
86 1918
86 1922
87 106
87 330
87 776
87 1030
87 1155
87 1876
88 320
88 489
88 1594
88 1858
89 547
89 1935
90 424
90 1230
90 1311
91 586
91 632
91 867
91 1064
91 1093
92 818
93 485
93 1025
93 1806
93 1984
94 858
94 1200
94 1257
94 1617
94 1813
94 1936
95 634
96 671
96 1738
97 1210
97 1292
99 492
99 1242
100 179
100 1821
100 1934
101 470
101 1093
102 377
102 631
102 1411
102 1440
103 422
104 976
105 276
106 204
106 928
106 1997
107 525
108 357
108 735
108 1281
108 1560
109 628
109 1963
109 1997
110 670
110 1636
110 1957
111 539
112 941
112 1120
112 1279
112 1680
113 398
113 843
113 922
113 1863
113 1989
114 303
114 652
114 780
114 1094
114 1206
114 1756
115 260
115 326
115 347
115 1386
116 476
117 1243
117 1326
118 179
118 871
118 1058
119 1149
119 1467
120 515
120 1254
120 1527
120 1706
121 240
121 277
121 1321
121 1514
121 1583
122 124
122 684
122 820
122 1200
122 1716
122 1732
123 795
123 1869
124 514
124 576
124 1550
124 1667
125 1454
126 614
126 942
126 1674
127 985
127 1617
127 1934
128 310
128 470
128 762
128 1557
128 1936
130 408
130 1369
130 1472
130 1751
131 362
131 1005
131 1837
132 939
132 1532
135 598
135 710
135 799
135 1089
135 1268
135 1320
135 1929
135 1998
136 785
137 1058
137 1190
137 1430
138 579
138 1992
139 349
139 1654
140 434
140 580
140 1101
140 1334
140 1672
141 389
141 1041
141 1280
141 1328
141 1775
142 713
142 1292
142 1632
143 1187
144 614
144 964
144 1024
144 1391
145 1266
145 1772
146 269
147 510
147 1160
148 682
148 745
148 1116
148 1629
148 1837
148 1846
149 234
150 216
150 782
150 1180
150 1787
150 1817
151 545
151 1398
152 305
152 398
152 575
152 993
153 1041
153 1347
154 191
154 587
155 701
156 249
157 1555
158 197
158 439
158 608
158 744
158 1283
158 1467
159 495
160 1129
161 408
161 794
161 1248
161 1748
162 1400
162 1722
163 299
163 556
164 932
165 236
165 1443
165 1710
165 1761
165 1915
166 188
166 503
166 891
167 329
167 711
167 1202
167 1806
168 672
168 681
168 979
170 346
170 653
170 706
170 717
171 1167
171 1391
171 1942
172 1937
173 226
173 775
173 828
173 972
174 1358
175 760
175 807
176 315
177 317
177 1438
178 386
178 879
179 1060
180 1160
181 646
181 721
181 1710
181 1882
182 446
182 593
182 1125
183 899
184 376
184 1007
184 1916
185 1337
185 1750
185 1754
186 485
186 732
186 1107
186 1674
187 1190
188 955
189 694
189 786
189 1443
190 213
190 536
190 957
190 1720
190 1893
191 595
191 712
191 1156
191 1172
191 1330
191 1928
193 1053
193 1252
194 1210
194 1875
195 218
195 519
196 233
196 347
196 589
196 1128
196 1755
196 1800
197 1220
197 1314
197 1457
197 1697
197 1735
198 1704
199 758
199 1540
199 1646
200 768
200 924
200 1146
200 1290
201 656
201 1056
201 1083
201 1154
201 1314
201 1777
202 1025
203 440
203 1461
203 1678
204 1585
204 1854
205 1806
206 707
207 754
207 1030
207 1578
208 292
208 558
208 627
208 1296
208 1505
208 1537
209 419
209 1811
209 1903
209 1950
211 293
211 398
211 420
211 1193
212 293
212 1816
213 261
213 1281
213 1516
214 720
214 1893
215 1032
216 374
216 1088
216 1768
216 1955
217 315
218 507
218 602
218 1910
220 520
221 1047
221 1856
222 593
222 1479
223 692
223 1165
223 1215
223 1695
223 1770
224 442
224 510
224 554
224 889
224 1567
224 1575
224 1842
225 461
226 371
226 1272
227 285
227 983
227 1336
227 1433
228 1691
228 1805
229 497
229 1012
229 1172
229 1500
229 1595
230 1071
230 1371
230 1464
231 1225
232 383
232 595
232 940
232 1680
232 1696
232 1795
232 1948
233 672
233 1608
234 979
234 1008
235 346
235 450
235 1292
235 1954
236 963
236 1153
236 1668
236 1754
237 320
237 427
237 698
238 338
238 976
238 1748
238 1893
239 1702
240 925
241 347
241 482
241 516
241 918
241 962
242 1326
242 1741
242 1878
242 1921
243 504
243 805
243 916
243 1874
244 321
244 368
244 370
244 785
245 1037
246 723
246 798
246 1173
246 1327
246 1868
248 493
248 693
248 1721
249 1843
250 1622
250 1982
252 1452
253 511
253 561
253 998
253 1421
254 1795
255 422
255 911
255 1191
255 1544
255 1792
256 757
256 1189
256 1910
257 1837
258 521
259 1834
260 1669
261 496
261 1278
262 793
262 878
262 1245
262 1654
263 1154
263 1818
264 997
264 1765
265 663
265 999
265 1373
265 1502
265 1969
266 299
266 354
266 655
266 1016
266 1276
266 1390
267 1504
267 1815
268 932
268 1214
268 1327
268 1395
269 1879
270 614
270 880
270 936
270 1174
270 1702
271 1093
271 1494
272 796
273 783
273 1382
274 484
274 1209
274 1447
275 349
275 1157
276 474
276 1250
276 1527
276 1583
277 1100
277 1165
279 1228
280 1794
281 856
281 1308
282 718
282 1687
283 1043
283 1153
284 681
284 834
285 1372
285 1969
286 1270
286 1333
286 1469
286 1481
286 1726
287 619
288 728
288 1111
288 1391
288 1769
289 1075
289 1726
290 672
290 861
291 724
291 1909
292 451
292 1954
293 1489
294 643
295 920
295 1624
295 1740
296 421
296 911
296 1196
297 414
297 453
297 1526
297 1888
298 690
298 1054
298 1104
298 1461
299 1356
300 673
300 844
300 1113
300 1118
300 1423
300 1736
301 848
301 1351
301 1522
301 1603
302 930
303 569
303 702
303 994
303 1341
303 1885
304 1369
305 1061
305 1429
305 1640
306 667
306 728
306 1528
308 695
308 1230
308 1797
310 485
310 509
311 1152
311 1575
312 384
312 402
312 717
312 1512
313 1370
314 1319
314 1385
314 1579
315 527
316 825
316 1062
316 1702
317 494
317 588
317 1225
317 1292
317 1333
317 1383
318 1585
319 1082
320 1127
320 1326
320 1467
321 1619
321 1875
322 664
322 932
322 1333
322 1839
323 338
323 1291
323 1529
323 1659
324 1059
325 426
326 1212
326 1938
326 1961
327 1378
328 975
328 1652
329 691
329 773
329 932
329 1476
330 411
330 1346
330 1501
330 1634
330 1671
331 1674
332 1329
332 1933
333 1770
334 608
334 1288
334 1528
334 1955
334 1993
336 1378
336 1818
338 708
338 1737
338 1894
339 542
339 760
340 525
340 829
340 1745
341 899
342 784
343 386
343 1779
344 707
345 1215
345 1787
346 1150
346 1718
347 987
347 1258
347 1440
348 517
348 624
349 355
349 1192
349 1355
350 469
350 711
350 1382
350 1386
350 1931
351 364
352 458
352 1288
353 1120
353 1700
353 1723
354 1280
354 1452
354 1700
355 1571
356 881
357 456
357 912
357 1418
357 1453
359 426
359 478
359 693
360 690
361 1194
361 1309
363 374
363 724
364 561
364 681
364 1699
364 1978
365 708
365 834
366 808
366 1057
366 1285
366 1797
366 1830
366 1947
367 1482
368 707
369 789
369 1100
369 1143
369 1490
370 894
370 1376
371 898
371 1421
372 1924
373 1131
373 1284
373 1486
374 751
374 848
374 1151
375 1833
376 1079
376 1441
377 1434
378 1152
379 992
379 1618
380 1868
382 478
382 582
382 609
382 626
382 1511
383 958
383 1629
383 1905
383 1954
384 1103
384 1676
385 532
385 611
385 789
385 1472
385 1671
386 1629
386 1957
387 1156
388 476
388 1427
389 453
389 635
389 923
389 973
390 724
390 889
390 1132
390 1305
391 563
391 1327
392 1044
392 1397
392 1564
392 1943
393 1226
394 1879
395 604
395 1867
395 1944
396 932
396 1809
397 1829
398 1122
398 1236
398 1661
398 1671
399 604
399 624
399 1166
399 1498
401 749
402 626
402 762
402 788
402 1339
403 492
403 1749
403 1853
403 1874
404 976
405 894
405 899
405 1936
406 1508
406 1788
406 1926
407 1245
407 1642
407 1927
408 1461
408 1486
409 1325
410 567
410 1012
410 1081
410 1400
411 432
411 541
411 739
411 1267
411 1654
413 1793
414 1330
415 517
415 774
415 1118
416 574
416 1962
417 794
417 994
417 1063
418 1453
418 1643
418 1885
419 665
420 1968
422 1891
423 548
423 1356
423 1740
424 655
424 717
425 540
425 806
425 919
425 964
427 709
427 749
427 803
428 906
429 1493
429 1708
430 707
431 721
431 1021
431 1132
431 1389
432 534
432 916
432 1044
432 1201
432 1627
433 513
433 1020
436 1035
436 1143
436 1770
437 605
437 694
437 775
437 1027
437 1165
437 1181
437 1698
438 734
439 1352
439 1676
440 832
440 1006
440 1451
441 1292
441 1763
442 465
442 1384
444 1640
444 1667
446 607
446 1846
447 638
447 1055
448 993
448 1218
449 1087
449 1550
449 1856
449 1882
451 1846
452 471
452 1068
452 1874
453 748
453 1054
453 1083
454 504
454 893
454 898
454 985
454 1154
455 633
455 1788
456 1967
457 648
457 1155
457 1414
458 471
458 584
458 1310
459 502
459 664
460 649
460 1275
460 1315
460 1456
460 1660
461 485
461 555
461 598
462 1519
462 1569
462 1760
462 1853
463 573
463 1178
463 1315
463 1772
464 474
464 1099
464 1295
464 1326
464 1334
464 1469
464 1517
464 1556
464 1792
465 854
465 1906
466 744
466 899
466 1135
466 1723
467 920
467 1408
468 947
468 1304
468 1496
470 657
470 1204
470 1366
471 520
471 1272
471 1527
472 1193
473 568
473 1013
473 1405
476 834
476 1306
477 518
477 1027
477 1297
477 1845
478 1308
478 1920
479 998
479 1124
479 1866
480 656
480 833
480 1264
481 745
481 1045
481 1900
481 1932
483 874
483 945
483 1333
483 1604
484 555
484 960
484 1201
485 567
485 935
485 1039
485 1532
485 1804
485 1965
486 527
486 1213
486 1448
486 1857
487 1742
488 908
488 1860
488 1862
489 1001
489 1527
490 1064
491 1886
492 575
492 910
493 595
493 846
493 1121
493 1779
493 1985
494 1304
494 1551
494 1753
495 655
495 794
496 681
496 701
496 798
496 851
497 1451
497 1524
499 583
500 1855
501 1160
502 544
502 582
502 885
502 1240
503 637
503 917
503 1003
503 1137
504 926
504 1036
504 1254
504 1821
505 1247
506 1351
506 1888
507 1319
507 1391
507 1921
508 1186
508 1388
509 623
509 717
509 866
509 1915
510 688
510 1194
510 1869
511 943
511 1106
511 1311
511 1642
513 587
513 1318
515 1105
517 734
517 947
518 1340
518 1630
518 1976
518 1999
519 1145
520 601
520 850
521 571
521 1242
522 755
522 1363
522 1556
522 1794
522 1995
523 766
524 746
524 1551
524 1684
524 1687
526 874
526 1598
526 1777
527 1399
527 1550
528 641
528 675
528 926
529 723
529 1686
530 938
531 1193
531 1523
533 729
533 970
533 1375
533 1551
534 603
536 670
536 1482
537 541
537 799
537 1910
538 1278
538 1344
539 754
539 823
539 934
539 1060
539 1684
540 754
540 1578
540 1765
541 1397
541 1469
541 1555
542 722
542 757
542 987
542 1672
543 718
543 756
543 820
543 939
543 1198
544 593
544 1211
544 1559
545 569
545 991
545 1595
547 1691
547 1723
548 606
548 713
548 1569
549 1570
549 1593
550 1369
550 1902
551 811
551 1171
551 1753
552 1472
552 1732
553 1062
553 1116
553 1429
553 1701
554 1467
554 1997
555 1970
556 1018
556 1239
556 1254
558 812
558 1071
558 1630
560 565
560 813
560 1766
561 857
561 1013
561 1236
562 1546
562 1620
563 753
563 850
565 1592
565 1653
566 658
566 1200
566 1384
567 1057
567 1457
568 1649
568 1812
569 872
570 1068
570 1961
571 792
571 1533
571 1659
572 990
572 1056
574 974
574 1020
575 1365
575 1883
576 1706
577 597
577 881
577 1191
577 1813
578 1920
580 1850
581 889
581 1039
582 1432
582 1476
583 915
583 1383
584 1586
585 1192
585 1953
586 658
586 993
588 844
588 1196
589 1067
590 745
591 656
591 1185
591 1208
592 832
592 1216
592 1989
593 1224
595 1957
596 630
596 1843
596 1960
597 1274
597 1483
597 1849
597 1971
598 890
599 1031
600 1801
601 1537
601 1981
602 1826
603 1918
604 1014
604 1437
605 799
605 1139
605 1351
605 1520
606 1095
606 1314
606 1456
607 857
607 1207
607 1796
609 1486
609 1546
609 1657
609 1811
610 795
611 663
611 1293
612 1047
612 1546
612 1712
612 1761
613 1479
614 794
615 778
615 861
615 1123
615 1760
617 1190
617 1664
618 634
620 755
620 1290
620 1299
620 1731
622 666
622 1528
622 1635
622 1637
622 1840
623 1305
624 724
624 1057
624 1508
624 1516
625 682
625 858
625 884
625 1011
625 1748
626 1514
627 838
627 1862
628 1699
629 1628
629 1639
631 1853
632 747
632 970
632 1332
633 702
633 1694
633 1931
634 715
635 1049
635 1305
636 1366
637 1655
638 711
638 733
638 1185
638 1512
640 772
640 1377
640 1575
641 1160
641 1450
641 1586
641 1652
642 1112
642 1572
642 1858
643 716
643 1231
643 1259
644 747
644 1540
644 1808
645 669
645 809
645 833
646 1023
647 1639
647 1825
648 1350
648 1919
649 789
649 963
649 1433
649 1930
650 912
650 923
650 1312
650 1935
651 1494
651 1889
652 1429
653 700
654 672
654 827
656 1823
657 1170
657 1209
657 1436
657 1774
657 1842
658 1476
659 1226
659 1655
660 1709
660 1904
661 840
662 798
662 887
662 1584
662 1890
663 1111
664 874
664 1854
665 801
665 1436
665 1743
665 1773
665 1805
666 694
666 1379
667 751
667 1025
668 1531
670 1927
671 878
671 1301
671 1561
671 1753
672 1098
673 1346
673 1561
674 1597
675 1288
676 946
676 1466
676 1591
677 1160
677 1858
677 1928
678 760
678 1568
679 1077
680 794
680 829
680 1447
681 787
681 1834
681 1907
681 1976
682 1633
683 1372
683 1392
683 1465
683 1538
683 1783
684 874
684 1191
685 819
685 1220
686 1038
687 883
688 962
688 1068
688 1766
689 884
689 1117
690 1313
690 1381
690 1469
691 934
691 1667
691 1901
692 837
692 1695
693 947
696 891
696 1231
696 1735
696 1775
697 1243
697 1822
698 789
699 907
700 1014
701 1512
701 1693
702 1576
703 1442
703 1489
703 1571
703 1669
704 1600
705 737
705 1042
705 1535
706 1077
706 1308
706 1377
707 1293
708 1251
709 975
709 1035
709 1130
709 1206
710 976
711 1967
712 823
712 884
712 958
712 1992
713 1235
713 1405
713 1523
714 808
714 1298
714 1674
714 1883
715 858
715 931
716 1251
716 1407
716 1625
717 883
717 1049
718 778
718 1866
719 1269
719 1412
720 1808
721 851
723 1603
723 1972
724 864
724 1282
725 911
725 1687
725 1786
726 1013
726 1257
726 1944
727 1732
727 1828
728 1135
729 900
729 1138
729 1182
729 1626
730 1306
731 1235
731 1545
731 1600
732 1248
732 1382
732 1790
733 899
733 1179
734 1228
734 1968
735 762
735 1812
736 935
736 1760
737 855
737 1364
737 1821
738 1371
739 1572
740 1120
741 1421
741 1744
741 1871
742 1119
743 1087
744 1070
744 1125
744 1164
746 1035
746 1104
746 1350
746 1690
746 1887
747 915
747 1702
747 1783
748 1608
749 1195
749 1951
750 850
750 1069
750 1576
751 807
751 912
751 953
752 1026
752 1616
753 922
753 1514
754 847
754 1302
755 1327
756 1081
757 1621
758 852
758 967
758 1855
759 1861
760 1701
761 1545
762 1120
763 1815
765 1201
766 887
766 1335
768 1297
768 1976
769 1238
769 1553
770 860
772 1506
773 1258
774 950
774 1567
774 1823
775 1419
776 1344
776 1479
777 879
778 870
778 902
778 1112
778 1664
779 1682
779 1731
780 932
782 1151
783 1199
783 1339
783 1433
783 1518
784 1095
784 1485
784 1493
785 1125
786 1161
786 1418
786 1517
786 1702
786 1969
787 1109
787 1452
788 1441
788 1797
789 1526
790 1943
791 877
791 1478
791 1675
792 844
792 1229
792 1605
793 891
793 1579
794 833
795 1133
795 1429
795 1488
798 863
798 1072
798 1169
798 1219
798 1806
799 1644
800 890
800 1698
801 1343
802 832
802 1475
803 1489
804 1142
804 1624
804 1778
805 1316
805 1319
807 923
807 1078
808 1699
808 1789
809 839
809 1325
810 1046
810 1052
810 1455
810 1539
810 1559
810 1713
811 1117
811 1431
811 1538
811 1554
812 1400
812 1462
812 1698
813 1262
814 920
814 1171
814 1353
814 1589
814 1835
815 1216
815 1818
816 893
816 902
816 1605
817 1294
817 1639
817 1869
821 981
821 1465
822 824
822 1034
822 1364
822 1682
823 1750
823 1904
824 912
826 1015
826 1959
826 1965
826 1984
827 1947
831 1217
831 1445
831 1880
833 1072
833 1500
834 1334
835 1229
835 1286
837 1042
837 1607
838 1213
838 1335
838 1469
838 1776
838 1817
838 1986
839 1182
839 1484
839 1493
839 1839
840 1886
841 885
841 1695
841 1706
842 1416
842 1911
843 984
843 1940
844 1242
845 1065
845 1188
845 1689
846 1142
846 1449
846 1522
846 1571
847 987
847 1708
848 919
848 1979
849 895
849 1273
849 1312
849 1508
849 1935
850 1222
851 947
851 1220
852 1464
852 1785
853 1715
855 884
855 1222
855 1668
855 1769
856 1775
856 1777
856 1845
856 1874
857 1673
858 896
858 983
859 1527
859 1582
860 1308
860 1496
861 985
861 1575
863 880
863 998
864 1697
867 1365
868 968
868 1379
868 1616
869 1030
869 1332
870 1557
870 1719
870 1833
870 1835
871 1647
872 1444
872 1500
873 931
873 1877
874 956
874 1583
876 1461
877 1629
878 913
879 948
880 1107
880 1557
881 979
881 1143
881 1232
881 1559
882 1028
882 1856
883 1080
885 1568
885 1974
886 1853
886 1874
888 1724
888 1947
889 1049
889 1190
890 1531
891 1724
892 963
893 1335
893 1471
894 1214
894 1585
896 1042
896 1383
896 1977
897 1621
898 1088
898 1278
899 1091
899 1876
900 1253
901 1194
901 1269
901 1284
901 1829
903 1074
903 1519
903 1537
903 1936
904 1341
904 1536
905 1111
905 1549
905 1996
906 1382
907 1918
908 1275
908 1672
909 1313
909 1687
910 1068
910 1761
911 1702
912 951
912 1464
913 1167
913 1867
914 1081
915 929
915 1784
915 1920
917 1513
917 1887
918 1341
919 1448
919 1456
920 923
920 935
920 1070
920 1169
921 954
921 970
921 1209
921 1900
922 1967
923 1030
923 1131
923 1155
923 1694
924 1156
924 1192
924 1757
925 978
925 1331
925 1812
925 1914
926 1156
926 1246
927 1892
928 1846
929 1621
929 1852
930 1689
931 1382
932 1901
933 941
933 1058
933 1763
934 1259
934 1478
934 1904
935 1011
935 1468
935 1678
935 1881
937 1446
939 1255
939 1715
942 1118
942 1398
942 1482
942 1826
943 1386
943 1495
943 1515
945 1933
947 1778
950 1156
950 1627
950 1718
950 1890
951 1456
953 1046
953 1280
954 1003
955 1125
955 1244
955 1475
956 1478
957 967
958 1970
959 1282
959 1846
960 1581
961 1728
963 1288
963 1720
964 1199
965 1335
967 1206
967 1331
967 1846
968 1171
968 1261
969 1008
969 1178
969 1180
971 1138
972 1623
974 1085
974 1387
974 1504
975 1385
975 1551
975 1830
976 1426
979 1268
980 1004
980 1970
981 1948
985 1043
986 1107
986 1138
986 1535
987 1772
988 1003
988 1106
988 1571
988 1813
990 1704
991 1189
992 1802
994 1143
994 1301
994 1497
994 1860
994 1879
995 1264
995 1578
998 1041
1000 1872
1001 1191
1002 1339
1002 1432
1002 1658
1002 1958
1004 1820
1005 1462
1006 1504
1006 1508
1006 1550
1007 1494
1008 1344
1009 1227
1009 1281
1010 1238
1012 1412
1014 1700
1015 1221
1015 1587
1016 1359
1017 1032
1017 1656
1018 1133
1018 1344
1020 1882
1021 1254
1022 1089
1022 1512
1023 1343
1023 1375
1023 1865
1024 1672
1025 1434
1025 1444
1025 1891
1026 1626
1027 1564
1027 1574
1028 1737
1029 1681
1029 1793
1030 1092
1030 1686
1031 1220
1032 1775
1034 1360
1034 1835
1034 1847
1035 1532
1035 1652
1036 1730
1037 1850
1040 1345
1041 1366
1041 1770
1042 1504
1043 1869
1044 1188
1044 1343
1045 1050
1046 1497
1046 1732
1047 1149
1047 1345
1048 1354
1049 1890
1049 1993
1050 1421
1051 1798
1051 1822
1052 1117
1052 1604
1052 1629
1052 1874
1052 1960
1053 1408
1056 1437
1056 1985
1057 1492
1057 1794
1059 1152
1059 1814
1059 1980
1060 1958
1061 1881
1063 1119
1063 1227
1063 1968
1064 1811
1065 1069
1065 1925
1066 1671
1067 1112
1069 1286
1069 1712
1070 1214
1070 1284
1070 1541
1070 1823
1071 1677
1072 1612
1073 1215
1073 1557
1075 1306
1075 1315
1075 1339
1075 1499
1075 1671
1075 1698
1076 1113
1076 1403
1076 1682
1077 1464
1077 1596
1079 1737
1080 1319
1080 1391
1080 1907
1081 1190
1081 1328
1081 1585
1083 1327
1083 1386
1083 1851
1084 1490
1086 1427
1087 1128
1087 1559
1087 1999
1089 1540
1089 1800
1091 1380
1091 1685
1092 1269
1092 1426
1092 1651
1092 1719
1093 1537
1095 1121
1096 1470
1096 1786
1097 1319
1097 1557
1097 1645
1098 1191
1098 1766
1099 1258
1100 1991
1104 1830
1106 1141
1108 1983
1109 1813
1110 1742
1111 1559
1111 1768
1112 1937
1113 1432
1113 1528
1114 1470
1116 1848
1116 1993
1117 1452
1119 1528
1119 1629
1119 1779
1119 1903
1119 1949
1120 1214
1120 1745
1121 1654
1123 1868
1124 1260
1126 1650
1127 1239
1127 1716
1128 1752
1131 1336
1132 1678
1133 1503
1134 1149
1134 1832
1136 1460
1137 1785
1137 1934
1140 1471
1141 1420
1141 1526
1143 1796
1143 1942
1145 1430
1146 1428
1147 1242
1147 1587
1148 1213
1148 1677
1149 1172
1150 1183
1151 1620
1153 1952
1155 1714
1158 1526
1158 1547
1159 1710
1160 1256
1161 1284
1162 1293
1163 1981
1165 1664
1166 1361
1169 1822
1169 1910
1169 1921
1170 1993
1171 1475
1173 1295
1173 1437
1173 1523
1174 1604
1175 1366
1175 1423
1177 1837
1178 1208
1178 1680
1178 1928
1180 1653
1182 1217
1182 1740
1184 1554
1185 1745
1185 1930
1186 1216
1186 1768
1188 1711
1188 1889
1189 1795
1190 1358
1190 1517
1190 1561
1190 1628
1191 1733
1191 1987
1192 1367
1192 1498
1193 1409
1193 1546
1195 1914
1196 1426
1197 1340
1197 1532
1198 1383
1198 1836
1198 1845
1199 1419
1202 1993
1205 1405
1205 1489
1206 1454
1207 1516
1208 1971
1212 1220
1212 1787
1212 1848
1213 1449
1213 1553
1214 1262
1214 1553
1214 1683
1216 1796
1217 1246
1219 1404
1220 1433
1220 1440
1220 1451
1224 1749
1225 1580
1226 1537
1226 1538
1226 1581
1227 1524
1228 1273
1228 1422
1229 1814
1230 1514
1232 1656
1232 1942
1234 1547
1234 1679
1235 1307
1235 1415
1235 1548
1235 1767
1237 1373
1237 1570
1237 1677
1238 1296
1238 1879
1238 1984
1239 1392
1239 1486
1239 1550
1239 1717
1240 1249
1240 1924
1245 1698
1245 1870
1246 1406
1247 1962
1252 1779
1253 1587
1253 1858
1254 1956
1255 1484
1256 1895
1257 1361
1259 1442
1260 1679
1261 1550
1262 1630
1262 1634
1262 1869
1263 1464
1263 1556
1264 1631
1264 1665
1264 1861
1265 1804
1266 1473
1268 1991
1273 1702
1275 1546
1275 1623
1275 1813
1277 1313
1277 1504
1277 1740
1277 1869
1278 1286
1278 1315
1278 1681
1278 1788
1279 1800
1282 1611
1282 1961
1283 1933
1284 1724
1285 1577
1286 1810
1287 1760
1288 1709
1288 1806
1290 1528
1290 1909
1292 1477
1295 1957
1296 1703
1298 1337
1298 1807
1303 1683
1304 1626
1305 1680
1306 1662
1306 1704
1309 1930
1310 1333
1311 1804
1311 1957
1311 1990
1314 1496
1314 1578
1316 1469
1316 1601
1316 1681
1318 1352
1318 1382
1319 1579
1320 1431
1320 1499
1322 1695
1322 1721
1327 1616
1328 1666
1329 1606
1332 1592
1333 1770
1334 1578
1334 1804
1334 1927
1336 1538
1336 1663
1336 1755
1337 1853
1339 1512
1340 1443
1340 1973
1341 1799
1343 1401
1345 1690
1345 1914
1346 1402
1347 1539
1348 1735
1348 1812
1350 1610
1351 1580
1352 1369
1353 1656
1353 1693
1355 1507
1355 1549
1355 1888
1356 1509
1357 1637
1358 1879
1359 1665
1360 1811
1360 1946
1361 1915
1361 1988
1362 1558
1362 1838
1362 1966
1363 1789
1364 1632
1364 1982
1365 1970
1367 1641
1369 1395
1369 1442
1369 1730
1369 1796
1369 1902
1370 1374
1370 1378
1371 1825
1372 1862
1373 1539
1374 1731
1375 1544
1376 1463
1376 1466
1376 1831
1377 1539
1379 1492
1379 1623
1379 1726
1387 1712
1388 1661
1389 1934
1390 1584
1390 1979
1393 1995
1396 1591
1398 1708
1398 1830
1398 1859
1400 1684
1400 1928
1405 1608
1410 1894
1410 1933
1410 1934
1415 1623
1415 1958
1417 1420
1418 1453
1419 1683
1419 1721
1422 1805
1423 1561
1424 1614
1424 1730
1426 1600
1428 1774
1430 1775
1430 1837
1431 1553
1431 1991
1434 1676
1436 1490
1437 1718
1438 1802
1440 1547
1441 1611
1441 1970
1443 1892
1445 1645
1446 1477
1446 1687
1446 1797
1450 1865
1450 1955
1451 1623
1452 1590
1452 1940
1454 1864
1455 1889
1456 1680
1457 1471
1461 1690
1461 1863
1466 1511
1471 1954
1472 1594
1472 1684
1472 1869
1472 1889
1473 1898
1474 1751
1477 1549
1478 1735
1478 1751
1481 1860
1482 1948
1483 1507
1483 1824
1483 1882
1484 1714
1485 1936
1486 1865
1493 1944
1494 1662
1499 1576
1499 1599
1499 1605
1500 1507
1501 1675
1502 1953
1503 1858
1504 1984
1505 1877
1506 1854
1514 1634
1514 1680
1517 1595
1519 1681
1519 1689
1520 1643
1521 1601
1522 1661
1524 1881
1526 1920
1528 1534
1529 1582
1529 1798
1530 1660
1530 1808
1530 1998
1536 1930
1537 1731
1537 1807
1538 1907
1540 1598
1541 1567
1541 1648
1541 1753
1541 1911
1542 1673
1543 1601
1543 1887
1544 1844
1544 1917
1546 1951
1548 1690
1549 1772
1550 1585
1551 1845
1552 1821
1554 1878
1555 1809
1557 1564
1557 1704
1558 1881
1558 1907
1560 1982
1561 1828
1561 1882
1564 1602
1568 1744
1572 1640
1574 1967
1576 1805
1578 1691
1580 1791
1581 1726
1583 1687
1585 1593
1585 1998
1586 1808
1591 1611
1591 1674
1593 1996
1596 1938
1596 1977
1603 1870
1603 1977
1605 1968
1606 1675
1608 1902
1608 1907
1612 1661
1612 1941
1614 1877
1615 1660
1620 1661
1623 1630
1623 1936
1626 1708
1628 1651
1635 1877
1635 1879
1637 1761
1639 1945
1641 1786
1641 1803
1646 1792
1646 1898
1648 1951
1649 1667
1649 1869
1649 1891
1652 1680
1652 1914
1652 1948
1653 1976
1653 1992
1655 1917
1659 1713
1661 1891
1662 1798
1662 1927
1664 1777
1666 1723
1669 1840
1674 1946
1678 1847
1681 1932
1686 1976
1687 1949
1690 1973
1698 1783
1701 1877
1701 1940
1702 1824
1707 1770
1708 1925
1709 1745
1709 1756
1711 1800
1712 1762
1715 1847
1722 1748
1724 1739
1727 1772
1727 1967
1729 1877
1730 1785
1732 1910
1734 1748
1736 1917
1737 1903
1741 1916
1747 1753
1747 1801
1747 1945
1750 1939
1757 1994
1765 1974
1766 1804
1769 1816
1769 1863
1773 1839
1779 1988
1780 1828
1786 1974
1789 1901
1789 1997
1795 1842
1801 1811
1801 1871
1803 1992
1804 1926
1810 1896
1813 1862
1816 1962
1817 1953
1826 1926
1828 1966
1828 1988
1830 1903
1835 1931
1838 1983
1847 1948
1848 1951
1850 1906
1851 1963
1853 1939
1857 1912
1858 1902
1859 1869
1861 1968
1868 1983
1870 1974
1871 1876
1877 1906
1903 1936
1908 1985
1924 1927
1925 1931
1934 1995
1964 1966
1980 1998
