2000 2959
18
58
12
36
15
86
6
30
79
29
70
19
97
59
56
56
63
28
4
66
2
39
75
1
96
17
36
71
85
1
79
98
34
89
90
59
59
23
6
17
67
8
51
32
14
58
100
31
31
19
68
53
73
26
99
46
13
41
12
75
84
58
23
42
63
56
17
12
44
65
80
79
63
89
64
16
95
69
25
65
27
29
87
8
85
14
50
74
55
63
34
32
26
58
13
21
39
83
45
90
5
14
97
93
86
59
43
76
15
88
83
14
44
50
2
74
22
86
77
56
7
10
42
9
33
80
29
40
44
47
28
69
48
88
30
16
57
21
10
51
35
99
33
8
35
63
90
45
48
83
48
77
42
77
39
95
94
7
48
9
12
56
28
29
5
27
37
75
75
1
61
67
72
85
68
66
98
47
41
54
83
84
78
5
82
15
3
32
70
64
46
12
74
31
62
34
4
86
10
84
90
6
79
4
92
88
26
67
81
35
67
96
81
20
97
5
16
93
88
32
41
81
51
11
19
97
81
41
37
62
78
18
90
59
68
71
35
57
2
30
95
83
61
1
82
72
87
60
83
100
54
68
18
8
59
39
50
27
2
55
27
25
61
66
8
4
45
51
50
100
46
43
28
39
67
11
22
69
4
74
25
67
92
82
63
44
86
62
37
59
12
25
84
36
85
56
38
32
35
62
96
6
17
38
85
92
70
1
34
94
94
55
83
26
11
48
4
49
86
7
8
86
76
84
33
32
11
72
16
75
33
73
1
78
74
4
21
52
25
45
5
55
58
33
66
52
83
41
85
63
95
1
52
28
8
6
64
76
24
36
64
95
84
95
57
27
53
41
48
95
3
72
40
58
69
31
10
30
63
53
68
20
91
10
3
47
87
61
32
28
2
81
48
3
47
17
13
34
53
75
100
14
37
12
44
2
44
25
29
21
78
66
41
27
12
83
11
30
67
67
78
21
16
75
76
70
96
4
5
80
50
28
50
99
94
37
58
5
71
32
32
19
54
100
2
15
23
6
9
48
81
11
67
100
48
88
86
87
34
59
14
57
6
28
95
20
1
8
50
62
54
56
8
63
89
40
56
70
64
22
44
70
55
5
95
17
28
46
9
28
25
79
78
63
61
24
10
40
7
83
53
26
51
42
30
59
16
71
26
96
38
83
51
99
79
6
55
92
64
22
54
27
85
94
43
41
60
93
33
1
80
63
12
86
61
41
43
9
32
11
5
45
25
42
47
68
53
38
91
77
45
21
39
79
3
65
18
5
29
44
46
92
14
95
72
93
25
15
93
73
71
68
23
36
6
50
35
60
47
57
42
12
74
70
40
32
35
10
50
98
54
69
98
33
75
40
53
32
95
8
53
66
86
42
30
92
24
23
27
51
47
1
86
40
12
88
7
47
22
84
19
45
92
2
69
80
53
38
40
92
62
50
32
86
67
61
36
15
22
12
47
77
70
15
63
81
98
87
56
64
7
81
44
5
92
13
39
62
38
76
25
81
95
52
85
6
35
41
55
33
87
62
33
49
2
36
41
92
91
32
2
20
26
62
30
11
76
46
72
60
27
90
34
73
23
19
68
1
35
89
50
95
56
18
84
4
68
82
9
38
79
41
55
31
28
61
75
24
3
95
83
82
41
66
70
48
60
70
1
33
40
6
57
39
60
28
99
90
49
55
97
62
40
76
59
99
32
62
36
15
12
92
75
38
34
72
86
58
24
47
86
99
29
15
15
74
19
7
23
15
43
21
1
14
60
58
47
96
92
45
33
27
41
74
8
78
83
60
21
69
41
17
16
78
22
93
48
93
22
54
92
91
84
81
33
72
98
55
91
5
84
99
6
51
49
84
23
6
90
18
78
64
9
56
87
78
55
25
53
21
58
55
64
80
77
20
61
20
57
80
72
70
6
85
12
31
81
3
34
43
3
90
89
20
41
48
95
3
76
36
20
28
35
23
18
98
37
18
3
90
71
22
54
71
88
54
44
100
47
85
42
80
29
59
53
89
43
70
53
47
52
17
78
44
66
55
15
26
66
44
89
63
40
16
83
46
75
60
1
92
8
93
27
81
99
88
82
27
17
79
13
21
13
85
66
43
79
99
60
70
69
16
22
90
42
7
9
68
28
14
99
79
33
43
41
8
19
32
68
16
96
57
88
26
18
56
32
7
91
38
79
58
82
73
52
4
100
3
33
98
73
66
39
68
35
90
34
53
78
45
43
21
15
88
2
1
3
29
58
69
16
80
17
84
44
75
65
53
58
78
55
43
83
74
92
73
89
23
75
81
68
84
56
3
13
26
4
71
34
22
94
65
48
91
26
76
57
74
44
77
71
66
68
3
34
79
79
37
97
88
46
92
38
8
36
52
100
72
12
65
9
42
88
58
94
22
56
8
3
62
56
62
51
4
21
100
51
73
18
32
91
77
32
70
61
100
60
49
3
53
46
48
68
100
34
97
68
36
34
22
90
67
61
45
97
8
13
74
5
22
37
45
68
56
50
63
92
52
68
99
75
55
73
72
44
99
7
8
70
42
70
54
18
26
77
66
81
17
12
41
100
4
15
67
71
15
56
64
31
24
86
55
62
17
42
27
25
18
56
98
31
76
54
50
94
20
80
3
59
67
82
62
28
70
50
66
21
15
54
46
91
94
12
17
39
59
37
57
93
87
88
74
39
73
9
90
39
87
47
94
76
87
18
81
73
41
83
51
32
93
61
40
50
18
100
92
45
91
13
45
62
77
16
18
8
71
39
86
36
7
72
26
32
92
16
92
76
45
96
41
55
92
58
54
55
55
50
36
91
63
4
36
39
20
30
47
26
2
41
1
2
86
44
86
68
44
15
42
19
17
27
24
37
56
35
88
45
13
26
35
12
89
80
84
76
70
17
72
67
16
58
77
20
89
51
48
88
82
9
96
21
79
49
83
17
52
22
72
12
58
28
98
50
38
98
24
100
23
49
6
70
32
53
74
87
85
99
88
18
50
42
80
97
25
28
30
96
43
1
31
22
91
61
77
47
69
20
25
54
21
95
62
9
85
28
77
30
61
88
42
29
3
27
4
34
96
84
45
11
39
33
29
8
91
55
77
78
62
61
44
53
47
75
25
64
51
40
7
91
11
29
81
37
18
26
39
14
78
63
42
34
26
58
1
77
36
58
21
11
9
98
75
64
56
61
98
54
94
46
88
38
22
30
80
23
48
32
12
24
32
60
14
8
3
87
97
9
48
30
27
47
17
100
11
42
51
2
7
36
4
68
64
100
53
76
29
9
79
41
62
30
53
69
73
55
71
47
27
60
46
83
40
58
57
27
19
35
18
77
33
2
31
41
43
57
60
40
38
2
74
58
1
76
25
36
67
71
60
19
63
64
96
49
31
12
96
7
30
19
7
92
50
45
46
19
1
55
77
65
35
67
87
66
86
9
27
38
58
80
89
79
87
89
37
21
33
61
91
27
69
91
82
73
94
57
23
15
34
47
86
69
67
50
55
32
41
90
93
53
4
34
100
62
29
82
7
72
56
29
62
55
88
5
21
73
65
41
93
91
67
40
45
55
25
67
30
60
3
69
68
87
40
7
32
32
54
28
55
61
67
84
85
71
91
50
30
11
23
50
49
90
26
61
51
88
52
74
40
85
4
68
66
24
80
80
88
88
63
45
1
43
54
6
77
82
24
14
30
52
68
23
75
28
65
82
42
87
29
60
42
57
1
88
82
41
17
95
82
70
90
22
55
67
19
47
29
91
95
85
13
75
54
41
25
12
7
69
97
19
58
76
2
46
58
49
61
71
99
16
49
32
70
26
54
5
18
34
6
50
26
56
83
56
99
75
63
97
18
46
18
38
88
32
8
75
29
65
67
31
52
36
36
40
27
92
5
17
48
2
13
64
75
62
71
16
65
15
56
82
13
19
67
88
68
11
19
89
26
42
52
99
83
82
12
66
25
33
34
12
42
18
91
67
66
3
68
57
45
62
51
86
94
60
32
30
51
45
96
1
85
3
97
31
37
3
41
14
76
79
1
14
21
48
6
41
53
71
30
30
87
31
2
58
17
73
61
77
19
73
21
92
71
40
49
40
56
19
59
98
49
35
27
27
55
27
28
33
22
44
58
73
26
87
78
39
15
87
69
44
7
57
45
30
30
81
81
78
89
47
70
22
80
68
51
84
21
57
41
65
100
67
97
1
34
20
99
41
7
44
63
48
1
95
46
47
27
45
86
84
17
85
84
97
84
28
81
48
89
69
49
56
60
36
57
61
49
96
64
99
57
4
14
98
45
45
67
89
93
96
69
88
87
69
77
41
84
63
34
42
42
15
42
94
12
29
78
28
8
40
31
17
93
34
20
31
53
44
46
64
91
51
14
14
16
70
17
52
35
80
5
45
5
12
45
77
4
81
4
89
41
48
69
80
31
15
29
26
98
6
29
88
72
55
100
88
88
96
77
63
3
76
36
16
29
72
41
5
27
39
40
70
18
93
10
16
48
4
96
5
31
22
95
18
67
98
32
63
32
9
25
0 145
0 1104
0 1644
1 270
1 1599
2 1317
2 1709
3 291
3 1910
4 1199
5 546
5 1084
5 1178
6 334
6 1691
7 1033
7 1356
7 1594
7 1651
7 1819
8 77
8 124
8 1053
9 239
9 288
9 983
9 1532
9 1596
9 1679
10 140
10 1098
10 1857
11 1067
11 1634
12 499
12 520
12 1135
12 1500
12 1575
13 68
13 124
13 736
13 1804
14 274
14 581
14 1279
14 1613
14 1667
15 367
15 595
15 1013
15 1575
15 1998
16 177
16 519
16 1166
16 1277
17 310
17 652
17 1814
18 1076
18 1342
18 1390
19 1318
20 483
20 564
21 965
22 212
22 735
22 901
22 1235
22 1474
23 1642
23 1705
23 1761
25 37
25 106
25 1772
25 1916
26 334
26 353
26 836
26 1249
26 1272
26 1739
27 137
27 391
28 355
28 675
28 1017
28 1282
28 1370
29 44
29 158
29 1422
29 1603
31 840
31 1846
32 929
33 411
33 1531
33 1705
34 592
34 1150
34 1446
34 1558
34 1592
36 311
36 1734
36 1984
37 877
37 1082
38 656
38 1994
39 810
40 1624
40 1828
40 1852
41 70
41 187
41 1800
42 325
42 936
43 168
44 85
44 408
44 412
44 1272
44 1324
44 1569
45 1983
46 112
46 233
46 867
47 730
47 991
47 1857
48 187
48 752
48 1554
49 507
49 1917
50 203
50 441
50 647
51 582
51 686
51 1471
52 533
52 1029
52 1039
52 1340
54 1605
55 125
55 254
55 1060
55 1374
55 1439
55 1690
55 1803
56 437
56 1348
56 1725
57 103
58 287
58 381
58 680
58 1270
59 736
59 1476
60 312
60 1687
60 1891
60 1937
61 1434
62 958
62 994
62 1960
63 362
63 1389
64 339
64 813
64 1002
64 1193
64 1213
64 1361
64 1652
64 1920
65 286
65 1429
65 1473
65 1766
66 776
66 938
66 1496
66 1579
67 930
68 807
68 1094
68 1955
69 399
69 1046
69 1805
69 1981
70 833
70 920
70 978
70 1296
71 1208
72 600
72 778
72 1837
73 210
73 510
74 187
74 771
76 459
76 972
76 1099
76 1738
78 262
78 511
78 1278
78 1594
79 689
79 1412
80 829
80 1732
81 186
81 625
81 1375
81 1425
82 781
82 1652
82 1769
83 1443
84 147
84 662
84 906
84 972
84 1443
85 1898
86 1413
86 1441
86 1653
86 1940
87 418
87 584
87 663
87 725
87 1255
87 1344
87 1524
87 1786
88 99
88 257
88 453
88 825
89 90
89 539
89 734
90 395
90 685
90 933
90 1196
91 92
92 941
92 1045
92 1481
92 1741
93 1203
94 900
95 331
95 1037
95 1721
96 462
96 557
96 871
96 1212
96 1329
96 1829
97 327
97 465
97 540
97 746
97 1157
97 1188
98 890
98 891
98 1934
101 340
101 567
101 606
102 496
102 923
102 1339
102 1344
102 1997
104 110
104 733
104 1162
105 1917
105 1937
106 1694
107 228
107 972
107 1723
108 1085
108 1512
109 1267
109 1671
110 1421
110 1935
110 1990
111 1297
111 1864
113 952
113 1668
114 221
114 1406
114 1800
115 1144
116 187
116 897
116 1083
118 566
118 1449
118 1592
119 234
119 954
119 1066
119 1945
120 1149
121 463
121 646
121 1542
121 1719
123 557
123 1103
123 1278
123 1313
125 1627
125 1992
126 510
126 1254
126 1828
127 563
128 292
128 413
128 564
128 1221
128 1899
129 132
129 165
129 1554
130 1375
131 172
131 1218
131 1941
132 264
133 577
134 199
134 1360
135 508
135 606
135 1260
136 158
136 187
136 354
136 403
136 524
137 306
137 617
137 676
138 1996
139 296
139 1071
140 1000
140 1126
140 1775
142 209
142 1219
143 899
143 1474
143 1667
144 983
145 502
145 561
145 1038
145 1271
145 1458
146 527
146 904
147 517
147 626
147 1280
147 1702
148 1833
149 480
149 1963
150 514
150 835
151 332
151 879
151 961
152 361
152 642
152 1596
152 1872
153 1109
153 1500
153 1912
154 1340
154 1928
155 269
155 1716
156 289
156 1186
156 1631
157 760
157 1219
158 301
158 1521
158 1784
159 995
159 1981
160 394
160 646
160 1203
160 1565
161 335
161 594
161 845
161 1037
161 1512
161 1805
161 1982
162 1764
163 461
163 863
163 880
163 950
164 1060
164 1723
165 226
165 418
165 734
165 1256
166 1956
166 1990
167 175
167 443
167 506
167 730
167 825
168 1883
169 197
169 1016
170 419
170 453
170 463
170 747
171 1064
171 1421
171 1461
171 1980
172 278
172 1461
172 1593
173 331
174 1213
174 1344
174 1842
174 1854
175 295
175 551
175 636
175 1526
175 1986
176 570
176 1779
177 363
177 1236
177 1747
177 1964
179 1534
180 408
180 840
180 1287
180 1356
180 1542
181 1180
181 1952
182 208
182 1356
183 1057
183 1402
184 585
184 952
185 692
185 844
185 1083
185 1095
185 1569
185 1658
186 297
186 842
186 1097
186 1844
187 198
187 740
188 453
189 254
189 803
190 1543
191 694
191 1312
191 1642
191 1663
191 1792
192 1960
193 570
193 623
193 783
193 1870
194 638
194 1291
194 1828
195 683
195 1579
196 784
197 389
197 829
197 1145
197 1765
198 538
199 342
199 888
199 1279
199 1533
199 1752
200 586
200 1618
200 1632
201 399
202 1203
202 1499
204 1011
204 1208
205 301
205 1059
205 1195
205 1295
206 238
206 1624
207 740
207 1515
208 1164
208 1506
208 1859
209 703
210 1977
211 520
211 820
211 938
211 1539
211 1557
211 1763
212 1841
213 466
213 544
213 1041
213 1464
214 532
214 616
214 977
214 1557
215 270
215 1932
216 667
216 1193
216 1920
217 759
217 944
217 1395
218 739
218 1092
218 1290
218 1791
219 695
219 843
219 846
219 927
220 1338
220 1425
220 1808
221 651
222 646
222 1317
222 1341
222 1752
222 1777
222 1917
224 1387
225 1838
226 630
226 1567
226 1741
227 448
227 1263
229 237
229 259
230 1897
231 350
231 1504
231 1586
232 566
232 605
232 829
232 1509
233 909
233 1929
234 832
234 1401
235 574
235 742
235 1297
235 1838
236 1172
236 1510
236 1833
237 574
237 1255
237 1330
237 1530
238 463
238 945
238 1862
239 1180
240 530
240 827
240 1417
240 1734
240 1955
241 357
242 343
242 913
242 1465
243 1083
243 1164
244 271
244 298
244 566
244 809
244 1149
244 1554
245 1161
245 1658
246 1423
247 924
247 1984
248 972
248 1547
248 1645
249 256
249 613
249 771
249 1568
249 1952
250 721
250 919
250 1691
251 485
252 372
252 1201
252 1766
253 654
253 1467
253 1616
254 1092
255 308
255 575
255 1569
256 470
256 764
256 879
256 1212
257 305
257 508
257 775
259 532
259 582
259 1656
260 1209
260 1543
260 1973
261 1525
262 971
262 1560
263 684
263 918
263 1929
264 820
266 1095
266 1982
267 509
267 1569
267 1763
268 621
268 1012
268 1225
269 636
269 1972
270 1267
270 1723
271 280
271 364
271 393
271 539
271 834
271 1315
271 1604
271 1619
271 1658
271 1695
272 909
272 1326
273 947
274 505
274 1492
275 467
275 986
275 1030
275 1178
276 1104
278 1910
279 308
279 485
279 1917
280 642
280 971
280 1633
281 464
282 603
282 818
282 1810
283 688
283 1200
283 1786
284 1917
285 747
285 1085
285 1390
286 595
286 697
286 870
286 1813
287 1946
288 516
288 1193
289 1078
290 803
290 1566
291 641
291 846
291 1645
291 1994
292 1338
292 1411
293 320
293 397
294 1079
294 1332
294 1417
295 394
295 629
295 789
295 996
295 1413
295 1478
296 793
296 897
297 363
297 1802
299 764
299 1487
300 1608
300 1712
301 364
301 1595
302 976
302 1739
303 429
303 1144
303 1644
303 1734
305 794
305 1014
305 1756
305 1879
306 645
306 721
306 1257
306 1688
307 1369
307 1573
308 758
308 1397
309 634
309 1281
310 1261
310 1486
310 1775
311 395
311 1424
312 400
312 978
313 859
313 1175
313 1696
314 1445
315 491
315 594
315 1182
315 1278
316 461
316 781
316 890
316 1234
316 1500
317 1129
318 918
318 1928
319 1026
319 1248
319 1583
319 1628
319 1692
320 450
320 1100
322 552
322 921
322 1185
322 1408
322 1869
322 1881
323 993
323 1072
323 1865
324 594
324 1201
324 1221
324 1800
325 1731
326 343
326 1388
326 1759
327 1195
327 1712
327 1802
328 1007
328 1043
329 426
329 639
330 1017
331 762
331 1322
332 1578
333 782
333 1278
333 1412
333 1486
333 1743
333 1837
334 1003
334 1074
334 1542
334 1639
334 1666
335 1537
336 1949
337 963
337 1822
338 411
338 1341
338 1436
338 1472
339 508
339 1198
339 1735
340 1327
341 397
341 607
341 1317
342 1244
343 567
343 640
343 778
343 1703
344 663
344 709
344 1008
344 1464
344 1547
345 1436
345 1880
345 1898
346 1556
346 1707
348 922
348 1576
348 1896
349 351
349 504
349 646
349 776
349 869
349 1847
349 1987
350 1524
350 1664
351 408
351 750
351 1838
352 1535
353 848
353 1647
354 933
354 1247
354 1640
354 1877
355 509
356 406
357 547
357 1231
357 1280
358 546
359 1639
360 1901
361 487
361 1002
362 622
362 629
362 1600
364 1430
366 1151
367 826
368 813
368 1247
368 1393
369 1455
370 701
370 1174
371 473
371 574
371 1210
372 469
372 488
372 738
372 838
373 880
374 647
374 805
374 958
374 1157
374 1538
374 1927
375 1745
376 1590
377 570
377 1086
377 1122
378 836
378 1033
380 542
380 639
380 1064
380 1208
381 695
381 1072
381 1599
382 852
382 1124
382 1637
383 1093
383 1293
384 1466
385 802
386 1531
386 1840
387 848
388 826
389 607
389 1012
389 1193
390 1197
390 1200
390 1627
390 1915
391 566
391 1505
392 515
392 1093
392 1502
392 1805
393 650
393 1911
395 1117
396 1284
397 1224
397 1798
397 1894
398 1358
398 1633
398 1661
399 555
399 576
400 1104
400 1142
400 1220
401 539
401 1015
401 1249
401 1821
402 436
402 1287
402 1733
403 1115
403 1515
404 683
404 1687
405 582
405 1288
405 1972
406 591
406 1366
407 795
407 1543
407 1789
408 889
408 1507
410 1041
410 1138
410 1605
412 971
413 421
413 543
413 1207
414 735
414 1144
414 1708
415 642
415 966
416 584
417 424
417 577
417 1164
418 1828
419 911
419 1672
421 1463
421 1885
421 1930
422 1209
422 1320
423 608
423 664
423 1187
423 1263
423 1300
423 1486
423 1756
423 1873
424 811
424 1169
425 1566
426 607
426 1651
427 737
427 881
427 1110
427 1911
428 889
429 721
429 1766
430 461
430 569
430 780
430 1471
430 1544
430 1597
431 1431
431 1830
432 747
432 1856
432 1969
433 900
433 1355
433 1862
434 1773
435 608
436 1267
436 1732
436 1804
436 1977
437 530
437 595
437 1358
437 1470
437 1484
437 1938
438 588
438 1318
438 1560
438 1564
438 1877
438 1949
439 616
439 1541
439 1784
440 1441
442 947
442 1854
443 997
443 1128
444 935
445 759
445 1671
447 489
447 631
448 901
448 1106
448 1326
449 623
449 1292
451 850
451 912
451 1245
451 1543
451 1584
451 1677
452 877
452 1111
452 1315
452 1519
453 1883
454 1311
455 581
456 1517
456 1768
458 1244
459 770
459 966
459 1298
459 1575
460 702
460 1430
460 1975
462 660
463 751
463 1253
463 1560
463 1700
463 1811
464 897
464 1206
464 1468
465 1724
467 1110
468 1311
469 606
469 692
469 846
469 1415
470 968
470 1973
472 1025
472 1187
473 479
475 1961
476 1151
476 1201
477 951
477 1013
477 1793
478 672
478 1211
478 1460
478 1923
479 1334
479 1504
479 1980
480 580
480 1129
482 1292
482 1932
483 1349
484 1678
484 1748
484 1786
484 1847
485 970
485 1132
485 1602
485 1934
486 679
486 1382
486 1483
486 1846
487 591
487 1144
488 1295
488 1987
489 1425
490 1008
491 893
491 1157
491 1421
491 1513
493 739
493 1878
493 1907
494 1458
494 1977
495 519
495 696
496 731
496 1762
496 1949
497 1359
497 1431
497 1749
498 1256
498 1384
498 1405
498 1843
499 994
500 986
501 1450
501 1835
502 592
502 992
502 1858
504 1404
505 762
505 1136
505 1477
506 1132
507 1891
508 1126
508 1271
508 1670
508 1857
510 1663
510 1696
510 1799
511 1644
512 1255
513 624
513 1189
513 1304
513 1388
514 1148
514 1709
515 523
515 769
515 838
515 904
515 1233
515 1328
515 1883
515 1985
516 531
516 582
516 927
516 1379
517 1049
519 1456
519 1665
519 1887
520 561
520 581
520 1298
520 1967
521 1206
521 1877
522 729
522 819
522 1460
523 595
523 1116
523 1865
524 1843
525 816
525 880
526 738
526 1584
526 1784
527 1703
529 1213
529 1622
530 569
530 771
530 1690
531 1334
531 1344
532 1093
533 1503
534 1343
534 1525
535 565
535 929
536 1711
537 1708
538 1083
540 581
540 1195
540 1689
540 1930
541 739
541 997
541 1776
542 592
542 600
542 905
542 1246
542 1264
542 1425
543 1652
543 1781
544 1143
545 571
545 591
545 858
545 1685
546 1683
547 1106
547 1587
547 1646
548 1004
548 1044
548 1839
549 1704
550 1677
551 719
551 1980
552 1173
552 1768
553 1001
553 1158
553 1665
554 701
554 773
554 809
554 1009
554 1200
554 1300
554 1885
555 979
555 1315
555 1342
555 1630
556 1291
556 1844
556 1873
557 668
557 752
557 1430
557 1689
558 645
558 1234
558 1662
559 1260
559 1725
559 1867
560 1981
561 899
561 960
561 1682
562 1197
562 1882
563 914
563 1537
563 1993
564 1766
565 588
566 1230
566 1578
567 774
567 813
568 927
568 1050
568 1441
569 626
569 1096
569 1683
569 1725
569 1902
570 1182
571 1108
572 1116
572 1296
573 873
573 1482
574 849
574 1061
574 1419
575 717
575 762
575 994
575 1172
575 1743
575 1751
576 761
576 1818
576 1979
577 986
577 1667
577 1875
577 1919
579 707
580 1113
580 1360
581 1741
583 1384
584 1116
585 920
585 1483
585 1991
586 627
586 675
586 1020
586 1418
587 1309
587 1656
587 1912
589 986
589 1545
590 1823
591 1240
591 1427
591 1582
592 626
592 1547
592 1960
593 1222
593 1525
593 1595
594 693
594 1800
594 1980
597 1241
597 1551
598 1025
598 1111
598 1638
599 742
599 936
600 695
600 1331
600 1332
600 1727
600 1730
600 1755
601 976
601 1184
601 1826
603 1293
604 1060
604 1424
604 1630
604 1657
605 1477
605 1481
606 1499
606 1600
607 676
607 994
607 1761
608 905
608 1965
609 1188
609 1212
609 1417
610 1448
611 1362
612 1064
612 1617
614 784
616 630
618 716
618 1576
618 1626
619 1185
619 1463
620 664
621 1216
622 751
623 1415
623 1522
623 1785
623 1916
624 880
624 1751
625 1120
625 1198
625 1879
626 1495
626 1916
626 1953
627 1044
627 1289
628 849
628 992
628 1530
628 1751
629 1469
629 1473
629 1961
630 776
630 1363
630 1579
631 1299
631 1508
631 1540
632 721
632 1872
633 919
633 1672
634 1324
634 1513
634 1922
635 1362
635 1635
636 1914
637 669
637 687
638 675
638 1773
639 704
639 1289
640 663
640 1422
641 713
641 790
641 807
641 1037
641 1122
641 1516
641 1896
642 1044
643 1453
643 1747
644 1944
645 736
646 880
646 1481
646 1661
646 1854
647 1258
649 696
650 979
651 1972
653 1137
654 921
654 1727
655 752
655 1753
657 1055
657 1866
658 1203
658 1489
659 1218
659 1351
661 1345
663 736
663 808
663 1692
664 1751
665 1207
665 1846
666 1536
666 1581
666 1614
666 1820
667 1206
667 1501
667 1526
668 1243
668 1590
669 1960
671 703
671 817
671 1342
672 717
672 1879
673 984
673 1407
674 1054
674 1710
675 992
675 1137
675 1231
675 1366
675 1737
676 945
676 1541
676 1605
676 1872
677 1245
678 987
679 844
680 765
680 1618
681 846
681 1077
681 1365
684 1194
684 1696
684 1776
686 886
686 1108
687 1333
688 736
689 1382
690 714
690 1382
691 822
691 1166
691 1816
692 1006
692 1285
693 1100
693 1404
693 1775
694 1134
696 1073
696 1166
697 849
697 1630
698 1141
698 1193
698 1780
700 1660
701 1266
701 1426
702 773
702 792
702 1362
703 764
705 770
706 1460
706 1786
706 1800
706 1885
706 1921
707 1191
707 1635
707 1664
709 1034
709 1514
709 1684
710 1251
710 1352
710 1833
711 1548
711 1889
712 765
712 865
712 945
713 1751
714 741
714 986
714 1443
714 1673
714 1680
714 1688
714 1692
715 851
715 995
715 1041
715 1662
716 1101
716 1156
716 1336
717 1263
717 1536
718 1610
719 957
720 827
720 1218
720 1495
721 1276
721 1453
722 796
722 807
722 1090
723 1319
725 1299
726 1458
727 973
728 753
728 835
728 991
728 1219
728 1399
728 1500
728 1603
729 966
730 1215
731 758
731 1915
732 822
732 1744
733 808
733 1231
733 1931
733 1947
734 1398
734 1849
735 1604
736 1160
736 1277
736 1292
736 1513
737 867
737 1719
737 1762
737 1800
738 1915
739 1097
739 1254
739 1942
740 1244
740 1415
740 1618
740 1868
741 1213
743 1054
743 1182
743 1239
743 1341
744 822
744 880
744 1144
744 1768
744 1798
745 1251
746 1252
746 1992
747 1302
748 958
748 1312
748 1585
748 1739
748 1950
749 1106
749 1504
750 1121
750 1203
750 1458
750 1530
751 754
751 1733
752 1480
752 1840
752 1928
754 1138
755 1497
756 1509
756 1810
757 963
757 1509
758 775
758 1651
760 1028
761 1579
762 1187
762 1914
763 1033
763 1399
763 1808
764 1244
764 1846
765 1284
765 1589
765 1750
766 827
766 1060
766 1201
766 1505
766 1894
767 867
767 1612
768 918
768 1430
769 1178
769 1364
769 1721
770 968
770 1323
770 1374
770 1420
772 1098
772 1293
772 1357
772 1390
774 833
774 1206
774 1944
775 1463
776 1135
776 1777
779 1025
779 1678
780 1205
780 1846
782 1277
782 1780
783 912
783 958
783 985
783 1305
783 1855
784 1327
785 1162
785 1490
786 1800
787 932
787 1012
789 1566
790 859
790 1117
790 1284
791 867
794 1295
794 1745
795 903
795 1135
797 1511
797 1695
798 1395
798 1876
799 1172
800 1059
801 938
801 1939
802 1345
802 1477
803 1297
805 892
805 1516
805 1791
806 891
806 1156
806 1775
807 1187
807 1485
809 848
809 1172
809 1404
809 1766
810 862
810 1454
810 1791
811 1363
812 965
812 1350
812 1514
814 1756
815 1854
816 1792
817 1322
817 1936
818 891
818 1065
819 1499
820 831
820 1460
820 1595
821 1856
823 1209
824 1970
826 868
826 1164
826 1693
827 1309
827 1417
827 1871
828 1940
829 1885
829 1949
831 1580
832 1096
832 1431
833 1212
833 1700
833 1808
833 1876
833 1936
834 1045
834 1293
834 1354
835 976
838 1676
838 1816
839 1335
840 1291
841 1908
842 1665
842 1712
842 1790
842 1915
843 1273
843 1633
844 1838
845 978
845 1617
846 1455
847 1452
847 1711
848 954
848 1712
849 1017
849 1356
849 1452
850 933
850 1461
851 903
851 1236
852 1727
853 1026
853 1842
853 1902
854 986
854 1250
854 1480
855 1015
856 1767
858 884
858 1222
858 1396
858 1430
859 1982
860 1501
861 1223
861 1597
861 1766
861 1898
862 1653
862 1834
863 931
864 1325
864 1539
864 1808
865 1097
865 1357
865 1743
865 1918
865 1939
866 1872
867 1035
867 1074
869 1183
870 1346
871 952
871 1986
872 1166
872 1756
874 1335
874 1373
874 1828
874 1862
874 1917
875 1299
875 1799
878 1479
879 1903
880 1183
881 1701
881 1993
882 1429
882 1637
882 1758
882 1989
883 1195
883 1419
884 1033
884 1117
884 1140
884 1471
885 1120
886 1328
886 1862
886 1868
888 904
888 1147
889 1349
889 1350
890 1092
890 1144
890 1620
891 1096
891 1110
891 1340
891 1373
892 1319
892 1645
893 1530
894 1617
895 1043
895 1082
895 1403
896 1013
896 1395
896 1625
897 1569
897 1984
898 1309
898 1544
900 1300
901 1491
901 1916
902 1427
903 1543
903 1767
904 1740
905 1279
905 1592
906 1065
906 1417
906 1557
907 1209
907 1227
907 1442
908 1004
908 1766
909 1273
911 1185
911 1232
911 1769
912 1301
912 1799
913 929
913 1608
914 1778
915 1926
916 1711
917 1040
917 1738
918 1808
918 1840
919 995
919 1069
919 1832
919 1845
920 1761
921 997
921 1853
923 1151
923 1369
923 1405
923 1748
924 1303
924 1579
924 1763
925 1430
926 1284
926 1302
927 1368
927 1491
928 1329
928 1684
928 1723
929 1041
929 1205
929 1213
929 1874
929 1917
930 1141
931 1184
932 1529
932 1792
933 1275
933 1348
934 1391
934 1780
934 1985
935 960
936 1215
936 1263
937 1386
938 1273
938 1697
939 1175
939 1585
939 1757
939 1820
940 1047
941 1768
942 1220
942 1496
942 1725
943 1093
944 1356
945 1383
945 1482
946 1344
946 1487
948 1299
948 1769
949 1102
949 1346
950 1011
951 1282
952 1326
953 1995
955 1543
956 1262
957 1099
957 1156
958 1207
958 1781
959 1019
960 990
960 1017
960 1855
961 1123
961 1328
961 1365
961 1375
961 1857
962 1024
962 1166
962 1836
962 1856
963 1180
964 1928
965 1270
965 1917
965 1946
966 1228
966 1293
966 1311
966 1721
966 1807
967 1133
967 1879
967 1999
968 1384
968 1757
968 1758
968 1890
970 1268
972 1145
972 1457
973 1914
974 1146
976 1506
977 1885
978 1078
978 1412
979 1018
979 1631
979 1975
980 1505
980 1535
980 1612
981 1095
982 1606
983 1172
983 1381
984 1069
984 1779
985 1354
985 1459
985 1533
986 1626
986 1692
986 1988
987 1430
987 1680
987 1710
988 1078
988 1665
989 1345
993 1041
994 1246
995 1190
995 1459
996 1396
997 1374
997 1916
998 1681
998 1819
1000 1345
1000 1620
1002 1071
1002 1588
1003 1015
1003 1574
1003 1760
1003 1904
1004 1110
1004 1141
1005 1056
1005 1402
1008 1862
1008 1867
1008 1883
1009 1122
1009 1854
1010 1059
1011 1729
1011 1840
1012 1093
1012 1666
1013 1925
1014 1852
1016 1162
1017 1894
1018 1525
1018 1663
1019 1817
1020 1050
1022 1865
1027 1738
1028 1824
1029 1609
1030 1386
1030 1604
1030 1690
1034 1539
1034 1711
1034 1845
1035 1568
1036 1615
1037 1306
1037 1530
1038 1290
1039 1080
1039 1220
1039 1919
1040 1180
1041 1328
1041 1738
1042 1142
1043 1054
1044 1847
1045 1745
1046 1054
1046 1168
1046 1337
1047 1397
1048 1707
1050 1161
1051 1866
1052 1585
1052 1879
1053 1219
1053 1792
1055 1284
1056 1325
1056 1879
1058 1469
1058 1623
1059 1206
1061 1312
1061 1410
1062 1239
1063 1284
1063 1698
1064 1418
1064 1765
1065 1205
1065 1475
1067 1709
1068 1496
1068 1879
1069 1117
1069 1563
1070 1959
1071 1528
1071 1779
1071 1960
1072 1318
1072 1354
1072 1396
1072 1780
1072 1881
1073 1333
1076 1386
1076 1608
1076 1867
1077 1404
1077 1821
1078 1408
1078 1411
1078 1539
1078 1751
1080 1371
1080 1507
1080 1523
1081 1330
1081 1679
1082 1215
1083 1797
1084 1214
1085 1734
1085 1799
1087 1225
1088 1297
1088 1434
1088 1914
1090 1684
1091 1892
1092 1424
1092 1967
1093 1433
1093 1637
1093 1659
1093 1993
1094 1506
1094 1598
1094 1771
1095 1111
1096 1987
1097 1350
1098 1342
1099 1624
1101 1955
1102 1143
1102 1402
1102 1634
1103 1231
1104 1670
1105 1379
1105 1465
1105 1728
1106 1714
1107 1210
1107 1389
1107 1676
1107 1972
1108 1401
1108 1689
1108 1851
1109 1498
1109 1522
1110 1802
1111 1489
1111 1492
1111 1605
1113 1277
1113 1749
1114 1243
1116 1516
1116 1684
1116 1686
1117 1314
1117 1660
1119 1589
1121 1275
1121 1466
1121 1703
1122 1288
1122 1330
1122 1733
1122 1804
1124 1390
1124 1658
1124 1896
1126 1130
1126 1756
1126 1890
1128 1180
1128 1632
1129 1192
1129 1769
1129 1822
1130 1423
1131 1135
1131 1972
1132 1463
1132 1534
1133 1419
1133 1565
1136 1187
1136 1377
1137 1232
1140 1599
1141 1144
1141 1310
1143 1823
1145 1491
1146 1167
1147 1508
1148 1479
1150 1634
1150 1662
1152 1601
1155 1743
1157 1508
1157 1661
1159 1555
1159 1630
1160 1244
1161 1835
1162 1203
1164 1943
1166 1592
1167 1251
1168 1960
1171 1762
1173 1549
1173 1672
1173 1698
1174 1799
1176 1663
1177 1361
1177 1611
1177 1867
1178 1436
1182 1580
1182 1800
1183 1259
1183 1693
1184 1206
1184 1230
1187 1637
1189 1304
1189 1679
1189 1725
1190 1194
1192 1244
1192 1372
1193 1249
1193 1308
1193 1763
1193 1897
1194 1329
1194 1617
1196 1231
1196 1947
1197 1333
1197 1456
1198 1645
1199 1875
1199 1956
1200 1349
1202 1695
1202 1792
1202 1980
1204 1858
1205 1527
1208 1243
1208 1600
1209 1454
1212 1894
1213 1285
1213 1411
1213 1530
1215 1468
1216 1948
1217 1413
1218 1985
1219 1851
1221 1381
1221 1597
1222 1334
1222 1882
1224 1241
1225 1651
1225 1959
1226 1703
1226 1846
1227 1651
1227 1867
1228 1698
1229 1454
1230 1586
1233 1385
1233 1522
1234 1973
1235 1248
1235 1731
1235 1921
1236 1763
1237 1415
1237 1667
1238 1791
1238 1916
1239 1268
1239 1680
1240 1824
1242 1601
1243 1687
1244 1584
1246 1284
1247 1268
1247 1436
1248 1295
1248 1358
1248 1825
1249 1389
1251 1447
1252 1421
1252 1569
1253 1374
1255 1700
1256 1285
1256 1814
1257 1350
1258 1293
1260 1613
1261 1267
1261 1275
1261 1699
1262 1702
1263 1546
1264 1707
1267 1516
1267 1534
1269 1920
1270 1786
1271 1388
1271 1518
1271 1762
1271 1888
1272 1459
1273 1397
1273 1651
1273 1679
1276 1396
1276 1669
1276 1839
1276 1856
1277 1801
1278 1648
1278 1819
1278 1946
1279 1979
1280 1881
1281 1735
1281 1945
1283 1401
1283 1486
1283 1981
1285 1524
1286 1780
1287 1377
1288 1601
1289 1463
1289 1573
1290 1831
1291 1376
1292 1814
1293 1509
1293 1627
1295 1321
1296 1567
1299 1913
1300 1849
1302 1787
1303 1536
1305 1479
1306 1939
1307 1793
1307 1889
1309 1589
1309 1870
1309 1930
1311 1553
1311 1863
1313 1495
1314 1346
1314 1649
1314 1660
1314 1694
1314 1938
1314 1976
1315 1429
1315 1681
1317 1645
1319 1596
1320 1456
1320 1538
1320 1823
1321 1593
1324 1439
1324 1499
1324 1943
1324 1960
1326 1558
1327 1409
1327 1764
1327 1768
1329 1932
1331 1521
1331 1617
1333 1645
1334 1982
1335 1475
1335 1562
1335 1739
1337 1671
1337 1813
1338 1364
1339 1376
1340 1949
1341 1989
1343 1437
1343 1652
1344 1430
1346 1411
1346 1494
1348 1630
1348 1999
1349 1487
1349 1592
1349 1684
1349 1905
1350 1456
1350 1643
1351 1550
1351 1562
1351 1618
1355 1596
1355 1597
1355 1815
1355 1820
1357 1710
1359 1662
1361 1968
1364 1370
1364 1886
1365 1583
1366 1556
1366 1937
1366 1988
1367 1542
1367 1658
1367 1704
1368 1720
1368 1876
1369 1376
1369 1952
1374 1882
1376 1607
1377 1386
1377 1560
1377 1664
1377 1993
1381 1408
1383 1456
1383 1889
1384 1403
1389 1491
1390 1884
1391 1486
1391 1897
1391 1968
1394 1459
1394 1956
1396 1690
1396 1728
1396 1929
1399 1804
1400 1578
1403 1668
1403 1685
1403 1823
1404 1568
1404 1841
1405 1567
1408 1720
1409 1952
1410 1456
1410 1744
1412 1779
1413 1662
1414 1672
1415 1730
1416 1685
1418 1620
1419 1609
1421 1808
1424 1614
1426 1761
1427 1437
1427 1548
1427 1920
1428 1432
1428 1643
1429 1705
1429 1710
1429 1770
1431 1587
1432 1713
1435 1534
1435 1846
1437 1500
1438 1446
1438 1517
1439 1681
1439 1783
1440 1619
1441 1998
1444 1556
1444 1644
1446 1774
1447 1755
1449 1808
1450 1824
1451 1897
1452 1503
1455 1935
1456 1794
1457 1758
1458 1663
1460 1593
1461 1764
1462 1587
1463 1890
1463 1953
1464 1915
1465 1813
1467 1994
1469 1930
1470 1664
1470 1679
1470 1810
1472 1504
1472 1744
1476 1845
1477 1480
1477 1502
1477 1733
1480 1486
1480 1786
1480 1825
1480 1933
1481 1517
1481 1722
1482 1846
1485 1508
1486 1569
1486 1889
1487 1666
1487 1802
1488 1662
1492 1648
1492 1789
1493 1611
1493 1835
1495 1521
1495 1964
1496 1531
1496 1920
1498 1572
1499 1967
1502 1545
1502 1573
1503 1584
1504 1773
1505 1988
1509 1533
1509 1679
1510 1742
1510 1874
1511 1747
1516 1536
1517 1676
1518 1584
1518 1675
1518 1705
1518 1918
1520 1875
1521 1965
1523 1633
1523 1963
1526 1580
1527 1765
1529 1917
1530 1802
1532 1964
1534 1800
1535 1841
1535 1937
1536 1649
1536 1753
1537 1675
1541 1880
1541 1998
1544 1787
1548 1758
1549 1941
1550 1563
1550 1908
1551 1589
1552 1592
1559 1646
1560 1629
1561 1994
1562 1659
1562 1681
1563 1837
1563 1975
1564 1925
1565 1802
1565 1833
1570 1890
1572 1632
1574 1763
1576 1850
1577 1791
1577 1835
1582 1890
1583 1641
1583 1775
1589 1923
1590 1661
1591 1900
1593 1930
1594 1711
1594 1855
1594 1915
1595 1841
1596 1612
1598 1862
1598 1882
1600 1671
1601 1686
1603 1610
1605 1654
1608 1960
1614 1898
1615 1920
1615 1926
1616 1626
1618 1994
1619 1780
1620 1656
1625 1971
1627 1786
1628 1736
1629 1758
1630 1835
1630 1934
1632 1810
1633 1737
1635 1890
1637 1661
1638 1919
1638 1969
1639 1862
1641 1792
1643 1897
1645 1704
1646 1710
1650 1756
1651 1972
1653 1876
1653 1913
1656 1736
1656 1997
1657 1704
1660 1848
1664 1762
1665 1998
1668 1827
1670 1888
1671 1956
1675 1813
1679 1839
1684 1927
1685 1901
1689 1851
1690 1693
1690 1903
1690 1952
1691 1966
1698 1989
1703 1817
1704 1809
1704 1942
1704 1968
1705 1879
1706 1818
1708 1913
1709 1951
1710 1747
1712 1959
1720 1970
1721 1799
1722 1926
1727 1903
1728 1780
1738 1981
1744 1845
1745 1854
1751 1795
1756 1969
1757 1966
1759 1832
1761 1930
1764 1941
1766 1785
1770 1972
1771 1891
1773 1841
1773 1946
1781 1827
1783 1882
1783 1930
1789 1857
1789 1863
1791 1909
1792 1837
1792 1922
1793 1984
1795 1988
1799 1937
1801 1982
1802 1983
1803 1838
1804 1824
1804 1946
1806 1966
1811 1925
1811 1931
1815 1915
1825 1951
1835 1957
1836 1988
1840 1926
1848 1914
1851 1904
1856 1891
1858 1991
1860 1951
1872 1934
1875 1961
1875 1967
1876 1919
1883 1940
1888 1944
1901 1995
1903 1945
1903 1996
1913 1959
1925 1954
1926 1992
1927 1955
1940 1970
1941 1990
1942 1967
1942 1995
1943 1971
