2000 2992
93
25
17
82
94
19
31
4
36
90
42
72
88
92
79
48
35
35
97
64
48
78
93
56
89
73
95
36
1
47
52
12
62
49
42
91
33
52
28
94
31
31
39
58
11
97
71
92
47
80
65
47
22
12
72
16
76
9
80
8
64
53
78
7
54
24
14
87
84
77
16
12
72
3
9
88
41
50
27
39
93
82
75
14
35
60
56
84
67
20
45
95
6
46
20
63
77
25
94
72
58
40
52
17
79
65
62
100
32
57
25
61
27
81
36
37
65
51
25
7
81
5
50
11
84
29
62
56
29
25
6
42
38
4
34
21
8
47
58
51
46
80
34
87
46
12
9
51
39
45
23
13
90
23
29
12
74
51
35
46
51
48
33
70
73
93
98
80
33
30
11
3
94
44
14
71
33
71
50
34
86
39
43
93
32
44
11
92
92
76
77
58
91
57
81
12
65
10
32
40
54
83
73
87
47
25
94
9
62
24
75
11
81
38
30
83
8
71
97
100
67
68
60
64
4
26
20
59
87
65
53
70
27
58
62
15
3
58
8
22
84
27
67
41
91
38
25
3
48
16
83
69
61
12
12
83
5
86
1
13
92
22
57
29
18
68
64
100
2
46
3
10
89
99
69
37
54
56
50
82
58
84
29
49
49
4
64
27
83
61
53
95
7
69
26
11
68
7
96
46
51
73
1
43
47
38
21
50
35
48
98
35
2
64
44
18
57
7
7
89
75
7
2
25
60
71
68
32
19
77
38
79
31
74
30
70
7
58
74
6
73
95
59
86
27
35
95
42
30
43
49
25
71
58
88
49
3
20
10
79
25
32
53
19
97
21
43
22
77
80
28
44
63
60
48
13
34
80
10
88
13
28
70
18
46
87
97
78
53
15
51
89
93
48
73
57
40
1
80
67
91
68
46
39
25
88
12
90
94
74
87
15
71
62
76
4
58
57
28
14
25
5
12
100
36
96
58
14
10
6
56
25
5
30
4
82
94
7
48
10
61
5
65
95
29
57
23
20
74
64
29
100
80
54
28
49
84
80
27
14
26
13
28
2
11
48
98
38
48
7
21
32
21
16
74
93
62
24
94
29
11
68
3
98
76
62
48
58
24
24
68
20
33
64
90
61
12
52
84
67
78
31
83
59
78
18
21
60
40
3
47
79
43
2
15
20
57
60
28
47
27
19
55
22
96
9
39
42
29
29
60
44
14
61
72
90
29
77
18
55
47
1
65
14
2
51
43
17
17
85
6
45
1
37
97
97
7
11
30
71
85
84
45
80
57
88
59
42
36
22
15
94
38
37
73
84
35
88
82
29
2
82
54
75
58
45
60
55
3
80
11
84
43
67
20
83
23
33
11
72
94
50
62
6
33
42
21
88
76
91
87
24
66
87
34
80
36
30
86
18
80
68
74
20
71
2
76
56
71
84
13
31
85
76
67
19
98
7
17
21
48
69
42
63
95
4
61
13
49
49
74
40
14
10
49
89
97
69
89
56
65
89
91
74
94
79
58
23
14
86
51
100
32
50
97
70
10
15
9
20
48
76
90
81
36
62
37
17
37
30
12
50
63
9
51
14
96
90
47
58
4
65
99
87
46
96
54
85
58
54
2
61
12
100
8
16
77
82
62
48
64
81
90
77
11
50
54
100
84
42
92
6
75
42
61
39
100
85
42
12
17
12
83
92
55
30
68
18
27
50
17
30
56
85
55
31
60
65
48
61
39
97
55
98
77
34
46
57
40
10
6
23
80
79
62
62
30
87
58
28
27
3
28
5
26
88
40
64
27
57
55
43
20
69
71
21
99
55
94
71
87
83
83
9
69
53
54
81
6
72
74
97
16
82
34
18
23
59
75
39
34
48
16
60
73
75
95
55
21
91
50
56
84
59
54
33
60
4
29
50
89
82
55
70
62
39
100
88
32
27
47
53
17
83
95
54
43
70
86
75
62
40
55
72
98
82
53
40
90
78
61
70
92
58
85
100
49
43
59
56
83
44
47
99
69
18
82
75
29
3
34
85
73
84
1
74
8
33
89
91
38
8
27
14
68
58
16
82
19
87
50
70
10
34
61
73
37
15
35
36
43
60
37
23
11
46
46
43
33
42
91
39
16
7
28
47
47
1
83
36
25
25
79
84
39
34
74
90
76
38
81
17
45
31
56
48
84
95
22
77
18
71
54
37
6
19
64
15
9
26
10
77
27
100
32
62
46
74
38
42
73
42
44
53
72
23
35
16
79
37
26
69
37
32
85
59
34
70
37
6
94
47
80
37
71
25
75
96
18
98
42
31
74
61
46
28
73
37
58
91
80
55
48
98
63
61
80
31
85
21
80
95
34
52
65
19
45
92
75
37
20
42
77
97
70
19
64
42
62
38
62
69
82
98
80
41
32
82
77
5
58
9
30
12
99
15
45
41
23
56
7
100
83
72
27
69
54
98
63
22
50
11
10
58
26
38
35
20
7
41
70
12
91
42
55
25
35
38
57
31
68
99
78
26
82
38
43
67
97
40
71
95
92
5
7
91
83
22
68
88
89
55
51
11
91
30
81
24
10
31
93
50
38
52
75
95
83
89
97
97
22
50
15
79
81
57
60
48
96
92
45
24
11
46
53
21
15
47
17
46
2
64
82
84
30
20
25
23
21
65
47
83
39
70
31
22
78
71
85
3
17
79
93
38
12
42
9
2
51
69
1
34
13
79
97
51
62
75
73
77
45
89
96
16
46
50
6
4
76
16
28
68
37
7
100
32
71
53
72
27
71
97
44
64
64
56
42
89
50
46
85
19
88
9
83
38
40
66
65
21
85
98
97
2
40
71
31
43
2
58
42
93
70
29
43
51
52
21
46
52
32
26
92
62
76
25
44
49
6
95
42
42
79
41
48
50
76
90
3
91
35
81
98
61
28
23
94
42
16
19
30
32
54
31
79
52
44
19
26
77
83
56
59
30
27
47
71
72
17
26
48
57
87
78
87
25
3
36
25
50
77
14
24
14
85
23
87
31
34
85
73
55
60
49
56
72
1
17
52
63
31
92
55
54
91
41
62
72
72
3
100
45
18
1
12
91
21
5
80
93
28
10
92
60
9
57
65
16
56
95
58
35
96
85
52
91
96
3
95
2
83
65
91
88
92
95
31
33
86
15
53
58
61
87
85
1
59
44
67
81
1
1
66
98
2
68
79
16
2
39
34
10
80
93
44
60
83
44
86
18
24
91
23
13
76
2
46
59
52
35
77
97
51
76
40
42
87
64
35
71
51
48
1
59
42
93
25
100
23
27
89
78
10
36
43
64
39
99
98
74
36
8
23
7
63
93
85
87
25
88
28
73
9
81
84
70
98
14
87
22
8
27
41
41
47
40
7
23
61
97
19
73
63
33
12
74
77
67
40
83
6
13
66
32
80
42
34
78
86
29
93
17
30
47
41
61
46
41
37
66
57
38
81
57
33
32
58
13
15
50
64
33
43
52
66
59
82
77
45
76
31
54
90
39
27
97
10
28
41
39
56
65
20
98
91
77
31
73
64
5
30
39
30
44
32
4
23
62
42
58
92
24
33
86
43
47
55
100
22
95
32
18
13
40
24
14
45
81
86
5
10
71
41
90
45
7
1
44
64
38
43
35
36
43
66
94
85
53
93
96
16
14
31
19
94
1
24
4
76
44
27
79
62
22
89
44
43
55
23
69
26
63
48
43
65
61
87
37
98
19
71
18
40
92
43
68
90
68
5
19
78
87
70
63
62
87
26
63
23
42
33
67
53
7
58
41
92
66
99
10
44
86
1
14
95
35
30
57
42
95
100
56
24
89
9
15
60
8
80
73
75
12
4
46
50
27
68
75
26
53
78
6
92
6
57
32
66
36
75
63
98
10
18
93
96
78
13
90
71
27
96
14
19
74
84
41
73
38
89
75
87
80
53
66
85
18
18
16
95
39
32
84
27
3
85
38
64
69
64
75
11
72
90
35
98
41
95
66
1
21
59
17
75
39
49
75
98
35
96
17
24
56
93
89
71
70
9
58
24
66
35
80
70
81
27
97
36
29
94
87
59
73
61
73
75
91
92
18
37
43
72
30
1
25
36
18
59
95
86
82
25
27
21
49
59
45
65
85
36
100
12
41
34
38
43
44
72
29
13
11
12
49
29
67
39
77
47
6
8
94
70
7
22
71
29
53
3
53
32
56
5
31
33
19
72
27
40
77
77
98
74
46
66
100
91
29
43
76
47
5
62
56
80
52
84
18
59
56
49
10
68
10
96
87
37
61
39
84
22
24
23
78
25
14
85
84
4
1
69
95
11
39
65
63
38
24
40
28
9
39
67
69
23
80
37
86
74
33
77
94
89
54
73
20
89
93
28
73
72
14
89
52
12
45
28
66
64
57
38
70
22
67
79
46
85
96
14
59
84
41
18
94
20
56
1
90
100
55
16
9
38
41
94
46
97
51
75
16
24
79
56
26
22
91
28
11
71
54
45
47
74
46
6
76
87
60
57
82
45
52
69
96
16
97
76
60
59
79
89
15
0 30
0 997
1 1001
1 1422
2 369
2 1121
2 1857
3 574
4 1098
4 1328
4 1593
5 107
5 1389
6 477
8 465
8 1270
8 1779
9 65
9 498
9 504
9 1435
10 351
10 1244
11 94
11 1290
11 1417
11 1878
11 1900
12 469
12 909
12 1460
12 1538
13 1956
14 685
14 899
15 159
15 1239
16 36
16 373
16 463
16 1444
16 1775
17 182
18 663
18 1322
18 1615
19 1382
19 1879
20 397
20 1500
21 326
21 599
21 806
21 1060
21 1121
21 1290
22 214
22 1180
22 1230
22 1967
23 311
23 1405
24 1535
26 105
26 361
26 848
26 1153
26 1223
26 1383
26 1853
27 107
27 476
27 978
27 1413
27 1739
29 799
29 895
29 972
30 237
30 372
30 500
30 570
30 901
30 1283
30 1443
30 1738
30 1820
31 1635
32 181
32 268
32 1091
32 1496
32 1855
32 1916
33 463
33 755
33 1168
33 1236
33 1296
34 893
35 173
35 583
36 350
37 709
37 761
37 811
37 1100
37 1136
38 235
38 670
38 1553
39 924
39 1807
39 1981
40 916
40 1219
40 1588
40 1999
41 941
41 1508
42 926
43 211
43 655
43 1517
44 571
44 1529
44 1630
46 334
46 565
46 1182
47 992
47 1365
47 1945
48 1368
48 1375
48 1638
49 1497
50 104
50 1090
51 70
51 269
52 395
52 1859
53 976
53 1654
54 225
54 1899
55 1241
55 1523
56 432
56 1068
56 1984
57 421
57 674
57 1539
57 1635
57 1754
58 499
58 515
58 1876
58 1914
59 1076
59 1392
59 1872
59 1948
59 1987
60 561
60 686
60 1456
62 68
62 1462
62 1758
63 830
63 1157
64 156
64 850
64 975
64 1431
65 257
65 871
65 1561
66 268
66 1140
66 1615
67 1281
68 1901
69 588
69 870
69 1813
69 1939
70 665
70 668
70 1185
71 449
71 720
71 1693
71 1783
72 1255
72 1800
73 741
73 858
73 1022
73 1107
74 526
74 769
74 1662
74 1897
75 1431
75 1910
76 897
76 1674
77 351
78 88
78 1022
79 1070
80 98
80 193
80 401
80 1191
81 199
81 491
81 1337
81 1560
82 409
82 637
82 1823
84 131
84 1005
84 1068
85 750
85 1072
85 1731
86 1223
87 747
88 445
89 513
89 1656
90 124
90 513
90 520
90 1677
91 498
91 779
91 1347
92 422
92 1152
92 1826
93 305
94 1436
95 511
95 909
96 978
96 1490
96 1683
96 1889
97 628
97 759
97 1664
98 1167
99 738
100 976
100 1016
101 936
101 1467
101 1885
102 482
102 1879
103 131
103 377
103 1359
104 368
104 427
104 1527
105 848
105 1529
105 1530
106 1256
106 1594
107 521
107 1235
107 1535
107 1782
107 1952
108 145
108 582
108 1344
108 1653
108 1977
109 1131
109 1185
109 1797
110 1781
111 151
111 1671
111 1912
112 476
112 813
112 1059
112 1433
113 946
113 1275
113 1539
114 1230
114 1623
116 561
117 245
118 596
118 644
118 782
118 1170
118 1261
119 358
119 393
119 550
119 993
119 1269
119 1487
119 1754
120 998
120 1728
120 1837
122 376
122 844
122 980
122 1448
123 425
123 479
123 1339
124 512
124 769
125 1382
126 870
127 660
127 1491
128 408
128 1571
129 130
129 967
129 1297
130 1649
131 185
131 347
131 766
131 1156
131 1336
132 146
132 680
132 1450
132 1523
132 1761
133 705
133 951
133 1587
134 235
134 1693
134 1825
135 310
135 650
135 1357
135 1798
136 681
137 1407
138 939
139 157
139 496
139 609
139 710
139 1078
140 497
140 767
140 1266
140 1739
141 987
141 1087
141 1136
142 418
142 1279
142 1976
143 791
143 1285
143 1306
143 1397
144 451
144 983
144 1095
144 1322
146 212
146 1167
146 1642
148 1316
149 255
149 270
149 999
149 1192
149 1240
149 1993
150 497
150 755
151 582
151 1982
152 222
152 718
152 816
152 1429
152 1681
153 237
153 439
153 521
153 533
153 778
153 920
153 1567
154 738
154 1046
154 1303
154 1653
154 1985
155 1463
156 530
156 768
156 885
156 1146
156 1279
157 345
157 1286
157 1497
158 385
158 640
158 1375
158 1475
158 1856
159 533
159 559
159 810
159 1692
160 333
160 631
160 1697
162 401
162 1479
162 1559
162 1763
162 1973
163 1665
164 572
164 792
164 1888
165 893
165 1162
166 1285
168 1557
168 1572
169 1179
169 1584
169 1843
170 331
170 358
170 714
170 1114
170 1842
170 1875
171 227
171 714
172 520
172 1633
173 272
173 356
173 1895
174 634
174 1967
175 343
175 555
175 1405
175 1437
175 1590
176 1042
176 1794
176 1809
177 407
177 480
177 1541
177 1830
178 195
178 791
178 1872
179 503
179 832
179 1174
180 962
180 1458
180 1595
181 1782
182 264
182 355
183 1216
183 1913
184 555
184 1664
184 1777
185 404
185 470
185 485
185 1035
185 1788
185 1805
186 946
186 1058
186 1447
186 1478
186 1487
187 1413
188 1059
188 1748
188 1787
189 319
189 1947
191 1033
191 1485
191 1903
192 683
192 1153
192 1471
192 1930
192 1936
193 848
193 886
194 1163
194 1583
194 1689
195 559
195 1420
195 1638
195 1676
196 365
196 450
196 699
197 809
197 1006
197 1032
198 532
198 938
198 1562
198 1879
199 231
199 801
199 877
199 1711
200 1318
200 1415
201 680
201 1045
201 1115
201 1962
202 298
203 296
203 1238
203 1820
204 875
205 214
205 665
205 900
205 1259
206 521
206 1129
206 1130
206 1620
207 1073
207 1078
208 344
209 603
209 1145
209 1540
210 1543
210 1667
211 1487
211 1711
212 402
212 602
212 1527
212 1837
213 504
213 551
213 1119
213 1424
214 971
215 348
215 1430
216 355
216 950
216 1258
217 1843
218 622
218 1641
219 879
219 1042
220 1075
220 1548
221 578
221 995
221 1118
221 1387
221 1733
222 1145
223 629
223 734
224 584
224 659
224 1397
224 1993
225 418
225 980
225 1382
225 1425
226 961
226 1253
226 1666
226 1710
226 1753
227 338
227 341
228 1601
229 741
229 841
229 1460
229 1577
230 1606
230 1785
232 1227
232 1485
232 1973
234 379
234 1687
235 1286
236 723
236 839
236 1206
236 1958
237 473
237 504
237 1266
237 1449
238 439
238 1019
238 1127
238 1497
238 1539
239 353
240 257
240 1234
240 1909
241 946
241 1431
242 536
242 547
242 683
242 1704
243 1063
243 1244
244 256
244 526
244 1402
244 1410
244 1782
245 1150
246 257
246 1438
246 1695
247 1141
247 1310
248 289
248 1367
248 1432
249 460
249 1326
250 1008
250 1764
251 1855
252 512
252 635
252 900
252 1331
253 1060
253 1869
254 843
254 906
254 1045
256 262
256 503
256 806
256 1610
256 1837
257 996
257 1114
257 1568
258 493
258 501
258 663
258 1755
259 984
260 387
260 1917
261 934
261 1042
261 1728
262 1476
263 937
263 997
263 1684
263 1824
264 460
264 465
264 921
264 1278
265 396
265 819
265 1091
265 1553
266 293
266 370
266 808
266 1613
267 636
267 1266
268 543
268 661
268 775
268 1017
268 1694
269 739
269 1328
270 310
270 1308
271 664
271 1238
272 382
272 624
272 945
272 1045
272 1593
272 1871
273 850
273 1449
274 777
276 893
277 1133
277 1467
278 1821
279 536
279 605
279 909
279 1409
280 1392
281 1921
283 1780
284 901
285 1797
286 617
286 784
286 1943
287 587
288 743
288 1245
289 743
289 905
289 954
289 1556
289 1611
289 1722
289 1800
290 524
290 788
290 1111
291 823
291 992
291 1347
292 1274
292 1305
292 1456
292 1813
292 1832
293 398
294 1070
295 750
295 1193
295 1798
296 329
296 468
296 1181
297 648
297 867
297 1728
298 1203
300 644
300 1233
300 1433
300 1597
301 310
301 673
301 801
301 1629
302 1153
302 1549
302 1768
303 629
304 1576
305 957
305 1544
305 1632
305 1777
305 1938
307 1855
308 710
308 736
308 961
308 1097
309 1166
309 1314
309 1343
309 1851
311 1291
311 1399
311 1750
312 401
312 1752
313 418
313 587
313 710
313 1024
313 1764
313 1770
315 407
315 1140
315 1400
316 1383
316 1766
317 599
317 682
317 835
317 1003
317 1176
317 1332
317 1780
318 903
319 508
319 620
319 1250
319 1757
319 1995
320 663
320 716
320 1079
322 537
322 1170
322 1444
323 819
323 1802
324 1865
325 1642
325 1834
326 595
326 1461
326 1780
327 544
328 1299
328 1612
328 1677
329 377
329 478
330 1266
330 1515
330 1963
331 456
331 1662
331 1704
331 1878
331 1956
332 498
332 952
332 1279
333 544
333 906
333 997
335 1796
335 1814
335 1857
336 420
336 580
336 641
336 1133
336 1807
337 381
337 601
337 1854
337 1903
338 620
338 726
338 1250
338 1258
338 1339
338 1583
339 1378
340 990
340 1564
341 897
341 916
342 655
343 1542
344 1375
345 832
345 963
345 1122
346 492
347 495
347 1270
348 1333
350 881
350 1400
351 1109
351 1724
351 1997
352 637
352 701
352 1497
352 1818
354 643
354 1154
354 1237
354 1367
355 1291
355 1647
356 450
356 620
357 465
357 770
357 1190
358 808
359 824
359 1574
361 432
362 784
362 941
362 1833
363 1077
363 1269
363 1831
364 637
364 1061
364 1470
364 1781
365 910
365 1485
366 742
366 765
366 1076
366 1802
367 954
367 1436
369 494
369 1628
370 468
370 514
371 1632
372 696
372 1070
372 1688
372 1938
373 829
373 1675
373 1751
374 933
375 917
375 1270
375 1466
375 1810
376 643
376 861
377 1454
378 817
378 923
378 1306
378 1834
379 595
379 928
379 1059
379 1576
379 1590
380 417
381 432
381 652
381 1856
383 1889
384 561
384 1555
385 1069
386 652
386 1631
386 1807
387 692
387 1307
387 1469
387 1590
388 674
388 1330
388 1871
389 830
391 531
391 1288
391 1632
392 501
392 870
392 947
393 1167
394 1002
394 1426
395 1208
397 828
397 1303
397 1876
398 979
398 1449
398 1646
398 1757
399 951
399 1359
400 691
400 1072
400 1543
401 860
401 997
401 1108
401 1204
401 1308
402 765
402 888
402 1733
402 1981
403 1633
403 1736
404 1858
404 1899
405 1361
406 1167
406 1883
406 1999
407 443
407 670
407 1101
407 1508
407 1543
407 1905
408 1119
409 719
409 1248
409 1280
410 1073
410 1115
410 1367
410 1685
410 1809
411 924
412 1079
412 1728
413 997
413 1050
413 1186
413 1288
413 1323
413 1441
415 869
415 1729
415 1996
416 900
416 1483
417 1239
417 1805
419 515
419 554
420 623
420 1165
420 1221
420 1250
421 792
421 912
422 1232
422 1748
422 1973
423 682
423 1690
424 545
424 1054
425 1162
425 1209
425 1394
426 1029
427 733
427 831
427 1350
428 438
428 1146
428 1399
428 1553
429 1343
430 582
430 799
430 1067
431 1059
432 715
433 445
433 1010
435 921
435 925
435 1005
435 1342
435 1793
435 1846
435 1946
436 491
436 503
436 1182
436 1392
436 1715
437 588
437 617
437 757
437 1860
438 1840
439 806
439 1032
440 1112
441 1024
441 1352
441 1849
442 457
442 557
442 756
443 1648
443 1827
444 565
444 604
444 708
444 782
444 1281
444 1852
444 1894
445 1859
448 1337
448 1995
449 676
449 887
449 972
450 699
450 1237
450 1692
450 1998
451 1321
452 1255
453 1692
455 1985
456 1063
456 1611
457 532
457 1141
457 1668
457 1855
458 498
458 737
459 648
459 749
459 1057
459 1072
459 1160
459 1431
460 1752
461 943
461 1952
462 1292
462 1380
462 1597
463 738
463 937
463 1398
464 1691
465 648
465 809
465 1690
465 1735
466 1336
467 934
467 1008
467 1242
467 1674
467 1878
470 928
470 1005
470 1173
470 1214
470 1564
471 831
471 1715
472 923
472 1099
473 891
473 1278
473 1816
474 1960
475 534
475 1382
475 1936
476 1225
477 822
477 1465
477 1605
478 660
478 922
478 1381
478 1824
479 937
479 1400
480 1237
480 1777
482 527
482 1297
482 1644
483 1756
484 503
484 863
485 958
485 969
486 1820
487 845
488 1177
489 1645
490 1529
490 1967
491 719
491 1035
492 642
494 582
494 1689
495 804
496 497
496 625
497 1108
498 577
498 846
498 885
498 1874
499 808
499 1749
499 1856
500 876
500 1095
500 1244
500 1268
501 1996
502 743
502 1300
503 699
503 798
503 1462
504 1657
505 797
505 1001
505 1449
506 1708
507 1163
507 1444
507 1942
508 719
508 1135
508 1450
509 1229
509 1261
510 541
510 579
510 1765
511 900
511 1165
511 1172
511 1280
512 1367
512 1934
513 567
513 1805
514 848
514 958
515 1051
515 1912
516 519
516 522
516 1632
517 934
517 1210
517 1574
518 604
518 1983
519 570
519 1313
519 1472
519 1798
520 705
520 770
520 1437
520 1918
521 1566
522 1134
522 1213
523 540
523 1416
524 964
524 1107
526 987
526 1358
526 1946
528 847
528 1585
528 1591
528 1769
529 540
530 1775
531 723
531 860
531 912
531 1003
531 1172
531 1759
531 1846
532 802
532 1454
532 1922
533 1045
533 1515
533 1584
533 1873
535 901
535 939
535 1579
535 1674
536 545
536 775
536 1059
536 1147
537 1872
538 1081
538 1975
539 826
539 981
540 884
540 1427
541 706
541 826
541 923
541 931
541 1400
541 1699
542 1591
544 821
544 1161
544 1262
546 1233
547 599
547 1592
547 1954
548 1222
548 1310
548 1332
549 603
549 758
549 1149
549 1558
549 1724
549 1767
550 1642
550 1792
552 1193
552 1792
553 1852
554 1315
554 1779
555 847
555 1097
556 858
556 1162
556 1432
557 834
557 1240
557 1329
558 1037
558 1199
558 1614
558 1692
558 1981
559 1040
560 722
562 1177
563 748
563 1524
563 1778
564 598
565 1391
565 1712
566 1628
567 1105
567 1134
567 1930
569 1003
569 1180
569 1443
569 1980
570 769
570 1065
570 1179
570 1693
570 1977
571 607
571 967
571 1571
572 700
572 1037
572 1504
573 825
573 1104
573 1188
573 1788
574 661
574 978
574 1456
574 1690
575 1450
575 1567
575 1763
575 1892
576 805
576 1020
576 1590
578 1144
578 1361
578 1938
578 1995
579 607
579 737
579 1341
580 1048
581 951
581 1205
582 995
582 1440
583 1887
585 902
585 1604
585 1731
586 1434
587 1521
588 709
588 796
588 1369
588 1434
589 1029
589 1051
590 1387
590 1849
591 940
591 1025
591 1199
591 1357
591 1951
592 1307
592 1706
593 1018
593 1547
594 651
594 1652
594 1758
594 1902
595 661
595 1937
596 1195
596 1479
597 615
597 837
597 1071
597 1999
598 660
598 977
598 1623
598 1767
599 1448
599 1692
600 1369
601 1776
601 1930
602 831
602 1093
603 1183
603 1377
603 1903
604 687
604 1168
604 1541
604 1941
605 695
606 742
606 1194
608 694
608 1576
610 962
610 1902
611 806
611 1144
611 1319
611 1358
612 1340
613 1056
614 1055
614 1555
614 1752
615 795
615 1091
615 1310
615 1369
617 898
617 1950
618 1016
618 1637
618 1823
619 633
619 944
619 1242
619 1402
619 1933
619 1983
621 794
621 1849
622 1322
622 1535
623 838
624 1045
624 1838
625 1059
625 1062
627 668
627 1197
628 710
628 1219
628 1539
628 1609
629 717
629 1990
630 820
630 834
630 1583
632 655
632 901
632 1101
633 1456
635 1837
635 1862
636 1532
636 1608
636 1876
637 663
637 1244
637 1256
637 1565
640 1519
640 1862
641 1237
641 1578
642 1118
643 867
643 880
644 1260
644 1275
644 1420
645 1166
645 1272
645 1289
646 1025
647 1658
647 1915
648 1158
648 1449
649 834
649 1244
649 1571
650 1008
650 1058
651 764
651 930
651 1520
651 1903
652 1261
652 1734
653 1014
654 1007
654 1121
654 1377
654 1489
655 1097
655 1722
656 773
656 880
656 1220
656 1230
656 1332
656 1534
657 912
657 1022
658 879
658 1561
659 1039
660 778
660 1005
660 1022
660 1775
660 1992
661 874
661 961
661 1239
662 843
662 1733
663 1327
663 1786
663 1804
664 666
664 1142
665 913
665 1522
666 963
666 1393
667 776
667 823
667 1728
668 794
668 1102
669 681
669 769
669 968
670 1312
670 1897
672 1441
672 1577
672 1816
673 1446
673 1882
674 866
674 1863
674 1935
675 694
675 1194
675 1584
675 1723
676 1786
676 1788
677 726
677 791
677 978
677 1015
677 1074
678 851
678 1721
679 1297
679 1362
680 1120
681 1661
681 1842
682 1606
683 752
683 1810
683 1899
684 1419
685 1013
686 1317
686 1956
687 1678
688 1134
688 1924
689 1186
689 1852
690 1853
691 802
691 998
691 1152
692 1423
695 1416
696 703
696 1659
697 847
697 962
697 1209
697 1298
697 1831
697 1834
698 1557
698 1868
699 1141
699 1995
700 1196
700 1969
701 834
702 1982
703 936
704 1018
704 1504
704 1505
705 1228
706 1673
707 808
707 1085
707 1710
709 875
710 1341
711 1102
711 1852
712 809
712 986
712 1089
712 1799
712 1885
712 1924
713 814
713 1788
715 1851
716 1094
716 1561
716 1830
718 868
718 1431
719 1877
720 1093
720 1820
721 761
721 1154
721 1164
721 1762
724 948
724 1477
724 1993
725 1132
725 1300
727 1454
728 885
729 1489
729 1988
731 988
731 1845
732 743
733 1578
734 992
735 1482
736 853
736 1245
738 971
741 810
741 931
741 1494
743 1072
743 1079
744 1742
744 1791
745 1234
745 1424
746 1133
746 1317
747 1142
747 1435
747 1507
747 1737
748 1699
749 1251
749 1287
749 1677
749 1848
749 1966
750 1785
750 1915
752 882
752 1244
753 1192
753 1377
753 1401
754 850
754 1314
754 1878
755 1480
755 1482
756 812
757 1904
758 887
758 982
758 1042
758 1334
758 1994
759 1862
760 1517
760 1561
760 1730
761 1830
762 1279
762 1426
763 889
763 1498
763 1595
763 1868
764 1159
765 948
765 1346
766 1236
767 1226
767 1303
767 1322
768 849
768 1149
769 875
769 1097
769 1930
771 1291
771 1724
772 1174
772 1649
773 963
773 1863
774 792
774 1010
774 1232
774 1507
774 1871
775 1128
775 1247
775 1340
775 1572
775 1651
777 1508
779 888
779 1765
780 956
780 1405
781 831
781 1263
781 1877
782 1011
782 1088
782 1503
782 1974
783 874
783 995
783 1381
783 1492
783 1880
784 1260
784 1640
784 1706
785 1399
786 1027
786 1216
787 982
787 1014
787 1526
788 1980
789 829
789 1360
789 1869
790 1459
791 1097
791 1122
791 1611
791 1612
791 1933
793 1513
793 1669
794 804
794 914
794 1640
794 1874
795 1941
796 1659
796 1974
797 880
797 907
797 913
798 836
798 1262
798 1494
799 947
799 1041
799 1103
799 1352
799 1385
800 1178
800 1426
800 1512
801 1983
802 990
802 1388
802 1701
805 1524
805 1712
805 1991
806 1220
807 998
808 1054
809 849
809 1356
809 1799
810 1991
811 1620
812 1435
813 1075
813 1485
813 1709
814 1966
815 906
815 1196
815 1201
815 1213
815 1234
815 1641
815 1905
816 851
816 1048
816 1176
816 1227
816 1351
816 1751
817 1649
818 915
820 1203
821 1269
821 1956
822 1405
822 1761
823 1020
823 1623
823 1709
823 1797
824 1595
826 923
826 1300
826 1447
827 1525
827 1708
828 1467
829 1223
829 1632
830 1497
830 1765
831 1182
831 1301
831 1494
831 1625
832 856
832 1080
832 1523
833 1610
834 1026
834 1950
835 926
835 1249
835 1927
836 1155
837 1045
837 1400
838 887
838 1528
838 1711
839 1145
840 889
840 1209
840 1511
840 1582
842 934
843 1922
845 1148
845 1496
845 1610
847 1720
849 1026
849 1205
849 1436
849 1458
849 1828
850 988
850 1600
850 1839
851 1439
851 1775
853 1551
853 1624
854 1421
854 1559
855 1512
856 1015
856 1414
856 1557
856 1914
857 862
858 1053
858 1113
858 1797
859 1531
859 1688
859 1832
860 1400
860 1862
860 1879
861 1925
864 871
864 876
864 885
864 1278
867 1017
867 1327
869 872
869 1712
869 1945
871 1750
872 1936
874 1227
874 1961
875 1068
876 1105
877 970
877 1110
877 1434
877 1870
878 1139
878 1385
879 1355
881 1890
882 1177
883 1271
883 1826
884 1943
885 1059
885 1567
885 1958
886 1310
886 1353
887 922
887 1908
888 974
888 1125
888 1143
888 1448
889 1034
889 1327
889 1910
890 1754
890 1968
890 1983
891 940
891 1052
891 1978
892 931
892 1148
892 1525
892 1783
893 934
893 1014
893 1269
893 1841
894 1235
894 1807
895 1245
895 1985
896 1319
897 1217
897 1219
897 1567
897 1694
897 1962
898 967
898 1607
898 1933
899 1235
899 1359
899 1818
899 1986
900 1700
901 1126
901 1451
901 1539
901 1917
903 918
903 1165
903 1239
904 1490
904 1587
905 996
905 1509
908 1700
909 1133
909 1908
911 1002
911 1275
911 1541
912 991
912 1252
912 1781
912 1846
913 1172
913 1589
913 1907
914 1973
915 971
915 1273
915 1594
917 1580
920 1494
920 1607
921 1159
921 1482
922 1028
922 1304
922 1356
923 1174
923 1455
923 1897
924 1045
925 1840
927 1336
927 1937
928 1032
928 1926
929 1054
929 1468
929 1872
930 1208
930 1748
931 1971
932 1647
933 1433
933 1557
934 969
934 1585
934 1649
934 1922
935 1471
935 1752
936 957
936 1179
936 1450
938 1785
938 1852
939 1837
940 1356
941 1043
942 1621
943 1171
943 1177
943 1954
944 1568
944 1681
944 1793
946 1391
947 1074
947 1170
947 1274
947 1318
947 1479
948 1037
948 1690
949 1032
949 1486
949 1996
950 979
951 1177
952 1132
952 1330
952 1423
952 1822
953 1898
954 1384
954 1909
955 1435
955 1918
957 1827
960 1153
960 1860
961 1014
961 1166
961 1380
961 1547
961 1567
962 1739
963 1231
963 1604
965 1311
965 1663
965 1773
966 1121
966 1299
966 1626
966 1762
967 1015
967 1540
967 1567
970 1557
972 1610
973 1704
973 1756
974 1320
976 1956
977 1396
977 1987
978 1622
979 1387
979 1395
979 1476
980 1294
980 1650
980 1927
981 1249
981 1307
981 1942
982 1050
982 1534
982 1733
983 1351
983 1866
984 1463
985 1476
985 1571
986 1494
987 1457
988 1139
989 1168
989 1590
989 1610
989 1686
989 1868
989 1994
990 1196
990 1564
990 1992
991 1602
991 1796
991 1822
993 1092
995 1113
995 1435
995 1555
996 1139
996 1939
998 1910
999 1958
1000 1784
1000 1857
1001 1227
1002 1091
1002 1278
1002 1371
1003 1435
1006 1384
1006 1725
1007 1590
1008 1189
1008 1535
1009 1072
1011 1260
1014 1410
1015 1152
1015 1812
1016 1199
1016 1320
1017 1100
1017 1221
1017 1546
1017 1583
1018 1472
1019 1283
1020 1175
1020 1499
1022 1695
1023 1173
1023 1417
1023 1646
1023 1810
1023 1855
1023 1936
1024 1645
1025 1028
1025 1138
1025 1390
1025 1408
1025 1433
1028 1207
1029 1839
1030 1635
1030 1735
1031 1953
1032 1132
1032 1204
1032 1522
1034 1928
1035 1979
1036 1197
1036 1505
1036 1881
1038 1418
1038 1489
1040 1559
1040 1658
1041 1339
1042 1186
1042 1545
1043 1091
1043 1131
1043 1305
1044 1726
1044 1815
1044 1981
1047 1132
1048 1057
1048 1937
1050 1513
1051 1736
1053 1155
1053 1308
1053 1660
1054 1899
1055 1878
1056 1809
1058 1187
1060 1351
1062 1602
1062 1605
1063 1757
1066 1162
1067 1260
1068 1330
1069 1809
1070 1234
1070 1805
1070 1904
1070 1958
1072 1100
1072 1140
1073 1717
1074 1129
1075 1199
1075 1634
1076 1861
1077 1426
1077 1562
1078 1089
1078 1407
1080 1164
1083 1329
1083 1541
1084 1233
1085 1988
1086 1573
1087 1745
1088 1181
1088 1314
1088 1499
1088 1831
1089 1376
1089 1529
1089 1714
1090 1381
1090 1723
1091 1292
1091 1596
1092 1139
1092 1376
1093 1254
1094 1202
1094 1815
1095 1728
1095 1889
1096 1303
1096 1472
1096 1607
1096 1803
1096 1967
1097 1814
1102 1996
1103 1646
1103 1807
1105 1622
1106 1180
1107 1928
1108 1295
1108 1470
1108 1930
1110 1346
1111 1585
1111 1950
1112 1522
1112 1626
1113 1236
1113 1380
1114 1345
1114 1492
1114 1657
1115 1973
1117 1935
1118 1534
1119 1837
1120 1484
1120 1682
1121 1307
1121 1590
1121 1690
1123 1251
1123 1346
1125 1185
1127 1970
1129 1538
1130 1161
1130 1314
1130 1888
1131 1607
1131 1960
1132 1388
1133 1187
1133 1556
1133 1793
1134 1783
1135 1441
1135 1964
1136 1936
1137 1201
1138 1588
1139 1156
1140 1410
1140 1767
1141 1617
1142 1192
1142 1916
1143 1540
1143 1611
1144 1446
1146 1500
1146 1834
1147 1925
1148 1423
1148 1568
1149 1178
1149 1371
1150 1822
1150 1933
1151 1318
1151 1964
1153 1299
1153 1625
1154 1302
1154 1618
1155 1941
1158 1347
1158 1381
1158 1812
1158 1852
1158 1930
1160 1628
1160 1892
1160 1957
1161 1872
1163 1267
1163 1636
1166 1448
1166 1747
1167 1374
1167 1629
1168 1799
1168 1832
1168 1978
1169 1523
1170 1845
1171 1610
1172 1456
1172 1839
1174 1755
1176 1688
1176 1766
1176 1849
1179 1382
1179 1857
1180 1839
1181 1186
1181 1367
1181 1609
1183 1307
1184 1400
1186 1525
1187 1196
1187 1364
1188 1639
1188 1804
1189 1360
1190 1261
1190 1684
1192 1196
1192 1350
1192 1536
1193 1831
1194 1284
1194 1600
1195 1858
1196 1264
1196 1905
1197 1836
1198 1212
1198 1223
1198 1396
1198 1756
1199 1316
1199 1659
1200 1603
1200 1985
1201 1510
1201 1570
1203 1211
1204 1781
1205 1341
1206 1640
1207 1733
1209 1758
1209 1937
1212 1736
1212 1834
1213 1281
1213 1489
1214 1626
1215 1786
1215 1838
1216 1599
1216 1689
1217 1650
1218 1499
1219 1298
1219 1503
1220 1934
1223 1523
1223 1665
1224 1773
1227 1239
1228 1460
1228 1463
1228 1728
1229 1269
1229 1773
1230 1771
1231 1437
1232 1753
1233 1760
1235 1707
1237 1772
1237 1978
1238 1888
1241 1281
1241 1401
1241 1769
1243 1954
1245 1797
1246 1339
1246 1387
1246 1457
1246 1481
1246 1589
1246 1615
1246 1647
1247 1446
1248 1337
1248 1625
1250 1366
1250 1965
1252 1316
1253 1597
1253 1804
1254 1576
1254 1641
1254 1911
1256 1566
1257 1267
1258 1481
1261 1925
1262 1610
1262 1632
1262 1785
1262 1973
1263 1480
1263 1551
1267 1287
1267 1554
1267 1703
1268 1938
1271 1668
1272 1419
1272 1688
1272 1823
1273 1564
1274 1601
1274 1674
1276 1405
1278 1840
1279 1508
1279 1918
1281 1828
1281 1844
1281 1938
1282 1593
1282 1715
1282 1796
1282 1863
1283 1807
1285 1942
1286 1517
1287 1716
1287 1880
1288 1672
1289 1327
1289 1758
1289 1861
1289 1864
1290 1527
1291 1461
1292 1895
1292 1902
1292 1931
1293 1570
1295 1802
1296 1439
1296 1993
1297 1683
1299 1323
1300 1350
1302 1855
1303 1565
1307 1314
1307 1564
1308 1611
1308 1642
1308 1861
1309 1843
1310 1565
1310 1574
1310 1857
1313 1610
1313 1789
1316 1322
1316 1594
1317 1778
1318 1855
1318 1863
1318 1929
1319 1375
1320 1376
1320 1687
1320 1759
1320 1985
1321 1584
1322 1765
1323 1836
1324 1775
1325 1690
1325 1994
1328 1660
1329 1435
1330 1375
1331 1389
1331 1773
1333 1456
1333 1557
1334 1674
1336 1845
1336 1917
1337 1359
1338 1600
1339 1466
1339 1550
1340 1356
1341 1963
1342 1767
1343 1638
1344 1505
1346 1602
1346 1704
1346 1739
1347 1591
1348 1444
1348 1462
1348 1733
1348 1936
1349 1441
1350 1851
1351 1671
1352 1948
1355 1576
1355 1891
1356 1521
1356 1617
1356 1707
1363 1665
1363 1779
1364 1418
1364 1469
1367 1581
1367 1586
1367 1985
1368 1935
1368 1983
1369 1645
1369 1839
1370 1506
1370 1978
1371 1518
1372 1711
1372 1864
1373 1876
1379 1685
1380 1508
1382 1406
1382 1640
1384 1915
1385 1647
1385 1750
1385 1841
1386 1791
1386 1948
1388 1741
1388 1953
1389 1550
1389 1908
1391 1402
1392 1833
1393 1976
1394 1453
1397 1744
1398 1754
1398 1905
1402 1682
1403 1597
1404 1936
1405 1862
1407 1591
1407 1954
1408 1953
1409 1655
1410 1768
1412 1474
1412 1556
1413 1930
1414 1875
1414 1915
1417 1477
1418 1882
1423 1474
1427 1617
1429 1739
1432 1465
1432 1812
1433 1752
1434 1885
1436 1780
1436 1915
1437 1828
1437 1926
1437 1974
1439 1998
1441 1531
1441 1724
1443 1552
1444 1510
1444 1571
1444 1579
1444 1947
1445 1875
1447 1793
1452 1789
1453 1568
1455 1829
1457 1502
1459 1725
1459 1844
1460 1670
1463 1620
1463 1888
1464 1728
1467 1684
1470 1766
1476 1514
1477 1542
1477 1848
1479 1540
1480 1496
1482 1878
1486 1567
1487 1592
1487 1934
1488 1550
1489 1718
1490 1721
1491 1869
1493 1536
1497 1663
1497 1763
1498 1663
1499 1627
1501 1652
1501 1979
1502 1713
1503 1596
1503 1754
1505 1514
1505 1626
1505 1847
1509 1980
1511 1655
1512 1568
1513 1656
1514 1728
1517 1529
1517 1613
1519 1923
1520 1546
1520 1621
1522 1892
1523 1594
1527 1838
1528 1786
1533 1742
1534 1680
1534 1754
1534 1804
1534 1842
1535 1649
1535 1738
1535 1868
1539 1913
1542 1920
1544 1894
1546 1619
1547 1966
1548 1552
1552 1648
1553 1655
1553 1945
1555 1767
1555 1778
1561 1668
1562 1634
1563 1872
1564 1816
1567 1837
1568 1586
1568 1664
1569 1634
1572 1916
1572 1953
1573 1735
1574 1654
1576 1913
1577 1983
1579 1829
1580 1698
1581 1980
1582 1790
1583 1705
1584 1948
1585 1780
1588 1945
1590 1782
1591 1648
1592 1972
1595 1876
1596 1874
1597 1654
1605 1751
1608 1701
1612 1921
1613 1728
1614 1972
1615 1782
1615 1911
1617 1892
1618 1893
1618 1922
1620 1678
1624 1635
1625 1679
1627 1834
1628 1918
1630 1951
1634 1918
1641 1726
1644 1647
1646 1810
1647 1987
1648 1745
1648 1940
1649 1963
1651 1661
1651 1859
1653 1999
1656 1888
1657 1971
1658 1749
1658 1873
1658 1916
1659 1951
1662 1819
1665 1781
1668 1821
1673 1799
1674 1742
1675 1878
1677 1891
1678 1763
1678 1847
1680 1776
1684 1906
1689 1700
1690 1917
1692 1939
1695 1898
1695 1906
1695 1966
1697 1892
1699 1961
1701 1902
1704 1791
1707 1795
1711 1787
1716 1810
1717 1949
1720 1908
1723 1774
1723 1827
1726 1757
1726 1884
1727 1755
1730 1779
1731 1818
1733 1906
1735 1994
1738 1926
1738 1985
1739 1775
1739 1953
1740 1803
1744 1919
1748 1965
1749 1962
1757 1861
1760 1887
1760 1976
1761 1955
1764 1924
1765 1859
1772 1776
1775 1894
1777 1852
1779 1828
1780 1854
1785 1893
1786 1903
1790 1941
1798 1932
1807 1929
1808 1889
1808 1957
1809 1887
1812 1979
1815 1859
1818 1919
1819 1860
1821 1922
1831 1867
1833 1900
1839 1873
1855 1969
1856 1970
1862 1969
1869 1959
1870 1926
1871 1934
1871 1976
1873 1986
1876 1895
1893 1990
1894 1976
1894 1980
1899 1973
1904 1936
1917 1922
1927 1943
1930 1972
1947 1959
1990 1999
