2000 2962
62
27
72
19
84
22
62
23
27
76
14
9
74
84
49
20
3
98
83
8
7
98
66
88
35
75
65
39
97
51
73
30
90
7
82
89
54
8
94
44
48
92
65
15
29
73
91
35
77
86
77
99
31
40
55
98
52
34
33
17
9
48
62
52
40
78
84
79
31
44
87
12
33
38
91
67
20
21
9
61
24
86
83
64
76
29
82
45
19
1
41
33
51
80
6
21
43
95
15
28
89
23
83
79
29
45
25
13
27
53
76
91
91
89
66
100
5
31
66
60
19
69
38
26
97
65
37
57
22
85
4
6
94
19
65
38
16
20
79
51
65
63
63
80
21
73
44
69
20
66
73
38
7
7
47
53
18
70
14
58
63
94
2
1
20
100
2
67
51
58
62
22
9
22
67
95
43
89
86
22
94
67
13
71
61
99
8
96
21
84
19
78
62
83
60
56
20
33
60
69
98
41
36
100
46
62
82
18
33
67
41
69
16
96
91
14
83
57
79
31
55
49
70
51
76
21
52
54
35
72
74
44
32
92
98
73
63
93
55
56
73
59
56
92
49
5
59
16
6
19
37
62
53
57
83
42
89
68
35
18
82
19
19
66
6
60
9
77
71
25
2
72
77
55
30
35
24
54
91
34
13
4
30
9
7
5
7
21
13
100
85
42
23
50
88
96
47
62
59
31
8
86
60
4
7
88
40
23
55
55
33
20
76
90
20
19
57
16
31
10
16
40
54
52
58
3
29
99
71
8
36
14
16
85
59
88
40
96
32
55
64
36
31
7
86
22
60
29
25
41
60
63
32
84
91
13
4
99
38
76
67
69
78
79
55
45
32
60
38
14
5
91
10
78
7
7
38
22
82
96
8
70
69
36
84
98
55
19
26
66
91
59
87
13
99
88
32
64
37
81
96
74
23
86
88
44
70
46
51
60
36
96
36
38
80
51
70
84
53
22
54
8
73
4
43
63
63
87
1
89
36
28
44
91
29
62
4
9
58
58
66
86
86
2
93
1
25
16
66
2
14
89
38
79
88
75
1
18
95
99
38
13
53
16
74
15
8
6
95
26
31
50
6
74
3
59
93
97
64
53
34
39
4
17
65
92
9
96
39
43
61
94
59
43
15
58
18
92
35
98
6
70
81
61
29
63
63
100
1
94
77
100
56
4
27
10
12
82
41
29
58
72
68
20
56
65
78
54
48
28
99
43
96
20
4
66
50
96
54
4
53
46
100
30
11
71
76
95
79
55
20
60
3
93
24
55
14
39
16
33
19
8
25
9
27
44
90
34
41
99
54
69
16
90
31
98
94
4
67
18
10
67
19
61
81
25
80
53
42
97
99
54
47
55
73
22
8
93
92
71
24
3
3
44
25
68
70
15
22
6
40
33
36
90
47
25
41
44
94
13
53
66
50
59
14
47
63
42
6
75
89
56
17
75
42
25
65
32
27
1
71
80
43
82
75
90
57
91
59
23
6
53
89
7
92
59
38
51
97
31
77
27
72
17
92
78
11
49
92
90
100
96
76
49
51
59
89
92
56
37
35
6
90
64
47
39
80
62
94
93
7
60
55
33
80
63
86
45
100
10
9
47
7
60
10
45
64
93
26
39
10
88
36
8
55
97
37
33
88
30
64
18
99
90
26
37
35
62
30
97
64
85
29
25
96
13
56
60
80
56
71
75
44
90
52
20
13
63
16
84
71
90
19
86
55
12
82
92
96
100
25
18
36
84
85
25
30
88
87
47
18
63
31
92
48
6
48
40
89
45
42
46
81
2
20
43
57
13
37
59
55
77
27
9
38
75
24
61
45
71
20
36
27
11
34
57
45
22
72
36
1
94
4
1
6
98
67
65
6
87
28
41
87
92
22
35
66
88
23
32
79
78
10
35
57
21
77
36
51
36
99
56
46
9
1
98
57
88
45
12
53
11
60
91
31
28
61
58
10
43
13
82
59
23
69
42
8
100
30
24
79
62
40
65
8
48
63
76
1
100
49
93
84
18
53
92
6
85
89
40
31
10
39
82
72
14
83
21
53
77
30
35
81
77
10
43
58
30
71
23
93
89
62
16
55
93
64
99
73
68
84
73
63
62
51
14
66
51
14
1
55
97
88
100
92
1
70
89
66
31
68
41
9
45
33
99
47
39
4
7
15
58
99
46
72
29
91
85
46
77
34
55
97
56
34
19
56
77
83
23
21
66
96
59
25
62
51
26
41
28
65
60
3
5
70
77
30
91
95
72
30
94
46
49
38
63
29
24
16
93
52
78
64
60
55
35
47
40
64
53
6
76
48
32
68
28
70
98
65
82
34
58
41
12
51
89
86
92
51
91
97
82
94
64
20
69
7
85
18
44
68
76
6
62
28
18
9
34
91
61
91
6
30
15
96
44
13
37
19
61
57
16
85
44
55
13
24
5
83
50
4
84
9
17
76
8
22
1
44
61
77
84
100
98
3
97
9
31
2
53
68
57
78
83
85
3
16
25
50
2
80
28
60
87
20
23
96
64
68
44
1
33
98
94
90
48
72
11
19
80
70
13
74
1
60
91
21
94
98
29
36
19
21
37
60
87
81
26
60
83
57
14
29
70
81
7
18
33
83
95
9
14
58
71
12
76
62
54
50
89
46
64
38
23
85
88
22
16
36
45
56
3
52
87
99
91
40
33
53
63
2
1
4
89
13
16
68
32
94
76
5
26
78
46
41
65
93
34
67
42
90
91
43
59
9
55
73
44
54
89
49
91
61
75
28
36
99
2
66
52
6
15
5
53
21
19
60
29
99
17
55
46
68
97
26
45
9
33
93
35
76
23
98
88
22
77
53
85
3
56
99
11
3
33
9
55
63
12
9
48
78
72
92
83
47
83
78
80
16
49
82
67
88
32
4
27
95
39
92
43
69
49
39
63
48
72
57
91
95
60
57
27
34
40
26
96
49
84
68
14
21
55
38
12
76
89
4
24
89
31
24
69
38
64
21
64
40
9
8
95
47
10
90
69
43
25
65
70
16
12
100
73
88
61
47
62
9
80
32
6
40
96
38
76
25
50
56
21
3
6
77
53
61
12
92
52
40
21
34
31
45
75
13
25
68
26
79
25
14
96
10
20
24
19
3
98
12
82
51
36
6
63
7
47
31
29
90
9
53
42
48
83
15
20
83
54
39
45
48
94
83
21
24
2
77
91
35
16
24
86
10
33
86
14
45
90
98
36
93
78
7
54
23
7
68
18
48
72
54
68
44
27
11
27
94
4
12
22
80
4
67
95
40
78
53
7
25
93
47
49
44
76
96
88
17
4
6
55
7
98
98
56
34
68
44
82
73
49
66
45
95
88
55
50
45
56
80
31
49
57
29
22
30
66
4
20
79
55
34
37
99
61
98
9
27
89
89
29
46
5
14
92
51
92
70
27
33
58
57
95
62
48
6
6
24
40
33
77
59
9
50
53
35
87
53
58
6
7
31
94
47
37
98
90
62
22
13
28
42
12
44
43
100
77
75
33
24
26
43
99
46
14
71
4
20
65
94
50
29
12
69
97
22
5
38
18
2
65
78
79
36
26
39
53
13
22
62
88
67
46
45
70
86
99
52
34
59
68
49
3
21
39
67
2
15
29
49
66
64
93
11
40
53
47
59
48
82
100
27
57
100
21
2
2
35
72
48
94
48
37
54
49
88
23
66
22
33
97
78
31
44
53
87
48
19
11
43
54
34
39
55
66
44
75
85
15
34
32
96
54
82
53
52
11
20
43
90
76
76
28
71
23
20
42
54
29
8
43
64
34
79
55
65
41
90
59
13
17
58
31
62
74
37
37
50
58
56
61
37
89
27
77
12
1
79
30
39
78
80
10
40
73
72
22
77
15
76
68
15
35
77
44
15
8
33
91
9
35
68
39
31
94
43
3
75
72
31
98
95
37
40
21
67
28
49
9
58
31
21
97
41
3
19
57
70
6
37
14
87
58
75
81
71
99
68
80
62
80
47
19
68
57
41
22
73
98
13
68
19
73
64
28
40
75
9
44
47
87
77
16
17
71
55
94
49
24
19
70
37
96
93
13
3
21
78
63
57
48
48
83
29
39
95
62
45
91
2
63
68
20
91
33
21
33
81
76
70
17
69
49
80
72
52
64
43
38
11
37
78
81
32
50
5
63
58
88
22
40
68
67
19
36
8
48
73
7
80
59
37
3
81
91
41
37
92
69
6
44
28
53
77
24
8
2
88
37
75
56
71
8
94
85
31
73
74
48
36
9
88
74
84
53
27
71
70
11
96
92
100
28
77
67
37
95
44
10
34
15
33
20
22
89
36
44
61
28
61
83
98
56
27
88
74
55
73
45
70
66
55
56
77
40
69
67
10
74
6
33
51
50
85
78
92
56
80
43
37
19
79
7
91
42
47
64
20
22
99
87
27
80
52
44
99
11
86
40
63
29
91
26
9
31
5
45
62
30
43
47
12
79
57
77
25
7
64
2
74
14
58
28
43
24
61
26
6
7
33
27
69
95
68
94
15
59
70
62
74
81
69
55
0 716
0 770
0 1515
0 1969
1 470
1 1759
2 103
3 126
3 994
3 1547
4 191
4 437
4 881
4 1597
5 268
5 676
5 721
5 890
5 1374
6 326
6 721
6 847
7 272
7 1128
8 602
8 944
8 1060
8 1240
9 91
9 1366
10 57
10 865
10 1372
10 1457
11 695
11 783
11 1029
12 509
12 914
12 1508
12 1626
12 1981
13 481
13 1835
14 146
14 511
15 932
15 1797
15 1946
16 93
16 533
17 532
17 539
17 661
17 1221
17 1307
18 689
18 1206
18 1627
19 1304
20 902
21 767
21 1155
22 194
22 394
22 810
22 1737
23 1300
24 903
24 1399
24 1824
25 198
25 680
25 1551
25 1814
26 85
26 203
26 211
26 385
26 673
26 1918
27 465
27 536
28 1360
28 1804
29 727
30 1318
30 1663
31 191
32 90
32 1409
33 855
33 983
33 1029
33 1834
33 1982
34 543
34 895
35 1129
35 1263
35 1364
35 1507
36 965
36 1232
36 1280
36 1688
37 1338
37 1549
37 1986
38 201
38 490
38 912
38 948
38 952
38 1107
39 775
39 1029
39 1795
40 106
40 254
40 421
40 490
40 820
40 985
40 989
40 1591
41 1118
41 1365
42 350
43 358
43 1124
43 1564
43 1795
43 1811
44 106
44 757
44 974
44 1248
44 1593
45 886
45 980
45 1015
45 1154
45 1385
46 156
46 492
46 689
46 1634
46 1692
46 1782
47 115
47 769
47 989
47 1241
47 1774
47 1847
48 1068
48 1924
49 1676
50 241
50 498
50 1426
51 1331
52 1165
52 1436
52 1582
53 555
53 866
53 1056
53 1139
53 1301
53 1772
54 1929
54 1993
55 1230
55 1375
55 1464
57 567
57 1097
57 1153
58 162
58 784
59 970
59 1110
59 1862
59 1963
60 854
61 286
61 583
61 1304
61 1833
62 1379
63 509
63 1165
63 1375
64 348
64 1015
64 1244
64 1548
64 1737
65 866
65 981
66 1061
66 1091
66 1566
66 1720
67 468
67 571
67 584
67 1362
68 1381
69 102
69 1319
69 1441
69 1511
69 1664
69 1827
70 411
70 841
70 1456
71 1306
71 1670
72 913
72 1848
74 416
74 1148
74 1825
74 1893
75 504
75 1255
75 1376
75 1789
75 1987
76 400
76 1032
77 201
77 1962
77 1969
78 774
78 1143
78 1905
79 87
79 338
79 791
80 542
80 612
80 689
80 1140
80 1416
80 1766
81 754
81 1215
81 1542
83 206
83 268
83 483
83 950
83 1246
84 711
84 1115
84 1949
85 373
85 988
85 1478
86 1116
86 1381
87 304
87 1870
89 536
89 540
89 670
89 1124
91 505
91 904
91 1453
92 1173
92 1884
93 186
93 208
93 1095
93 1115
93 1759
94 541
94 548
95 223
95 273
96 221
96 540
96 1338
97 550
97 722
97 909
97 941
98 431
99 156
99 539
99 837
99 1027
100 1800
101 140
101 534
101 583
101 1272
101 1425
102 223
102 234
102 564
102 622
103 124
103 624
103 861
103 910
103 1176
103 1263
104 652
104 1703
104 1733
105 145
105 470
105 1236
105 1707
105 1791
105 1920
106 1795
106 1800
107 519
107 1800
107 1970
108 1805
109 478
109 534
109 1041
109 1686
109 1978
110 129
110 412
110 721
110 877
110 1388
111 412
111 575
111 837
111 974
111 1161
111 1781
111 1992
112 271
112 353
112 1174
112 1496
113 967
113 1743
114 227
114 1618
115 996
115 1321
115 1525
115 1704
115 1822
116 1963
117 800
118 164
118 790
118 1116
120 358
120 597
121 1137
121 1172
122 1001
122 1295
122 1893
123 830
123 1044
123 1649
124 326
125 189
127 1249
128 275
128 293
128 471
128 933
128 1945
129 620
129 666
129 920
129 1383
129 1696
130 1803
131 920
131 1177
131 1287
132 1283
133 522
133 860
134 1048
135 406
135 1195
135 1314
136 1919
137 1253
137 1498
138 140
138 742
138 1300
139 836
139 1889
140 718
141 291
141 1688
141 1947
142 1043
142 1359
142 1486
142 1876
143 704
143 1544
144 455
144 1019
144 1267
145 148
145 414
145 573
145 1907
147 187
147 466
147 1108
148 823
148 1041
148 1663
149 647
149 819
151 844
151 930
151 1240
151 1664
152 200
152 823
153 582
153 742
153 953
153 1329
153 1541
154 1226
154 1518
155 236
155 1865
155 1884
156 748
157 302
157 1239
157 1752
158 1466
159 934
159 1548
160 1453
160 1614
160 1821
161 1249
161 1439
161 1582
162 954
162 1506
162 1951
163 397
163 1848
164 494
164 890
164 1393
164 1806
165 332
165 639
165 641
165 685
166 576
166 1591
167 518
167 636
168 271
168 603
168 1032
168 1119
169 1014
170 1188
170 1329
170 1632
170 1659
170 1794
170 1955
171 974
171 1116
172 790
172 1733
173 180
173 951
173 1813
173 1972
174 965
174 1131
175 1111
175 1251
175 1686
175 1967
176 358
176 1581
176 1811
177 592
177 602
177 1414
178 1647
179 933
180 1056
181 1696
182 1353
182 1627
183 244
183 1817
184 1662
186 882
186 905
186 1137
186 1324
186 1498
186 1580
186 1832
187 475
187 1270
188 658
188 1127
188 1302
189 944
189 1411
189 1491
190 317
190 327
190 641
190 1117
190 1136
190 1227
190 1699
190 1725
191 369
191 1254
192 283
192 297
192 644
192 1470
192 1565
193 758
193 1135
193 1326
194 1593
194 1627
195 502
196 537
198 846
198 1593
199 681
199 771
199 981
199 1093
200 1067
200 1643
200 1933
201 229
201 317
201 384
201 823
201 1941
202 777
202 1048
203 687
203 701
203 1198
203 1728
204 253
204 272
204 763
204 1100
204 1217
204 1263
204 1419
204 1726
204 1932
205 406
205 675
205 1114
206 986
206 1364
206 1504
207 638
207 740
208 472
209 506
209 1374
209 1909
210 373
210 561
210 621
210 1415
212 927
213 902
213 1206
214 358
214 414
214 771
214 1027
215 578
215 652
216 755
217 448
217 490
217 914
217 1281
218 1410
219 761
219 864
219 1352
220 1364
220 1425
221 1881
222 592
222 730
222 811
223 425
223 994
223 1146
223 1594
223 1676
224 346
224 529
224 1742
225 826
226 654
227 978
227 1053
227 1367
227 1404
228 300
228 857
228 1026
228 1262
229 267
229 280
229 1255
229 1921
230 699
230 723
231 547
231 1314
231 1811
232 1348
232 1877
232 1916
233 255
233 303
233 674
233 1468
233 1850
234 578
234 852
235 310
235 641
235 1639
236 985
236 1255
236 1829
237 663
237 927
238 498
238 1290
238 1406
238 1772
239 1856
241 926
241 931
241 1184
241 1484
242 546
242 761
242 986
242 1281
242 1673
242 1812
243 1454
244 1022
244 1392
246 284
246 471
246 904
246 1731
246 1819
247 405
247 871
247 1694
248 970
248 1913
249 746
249 1110
250 267
250 823
250 1363
250 1479
250 1542
251 1638
252 362
252 398
252 1150
252 1312
252 1637
252 1744
253 1066
253 1449
253 1799
254 585
254 1739
254 1790
254 1919
255 330
255 1372
255 1802
255 1839
258 1419
258 1979
259 506
259 639
260 1696
261 350
261 959
261 1347
261 1379
261 1400
261 1705
261 1717
261 1756
261 1993
263 468
263 926
263 953
263 1379
263 1428
263 1878
263 1920
264 673
264 1713
265 1804
266 414
266 1964
267 1143
267 1452
268 597
268 791
268 1014
268 1232
268 1897
270 322
270 647
270 911
270 1029
271 288
271 590
272 336
272 510
272 718
272 1392
272 1793
272 1872
273 1366
274 290
274 805
274 1259
274 1622
274 1954
275 536
275 578
275 932
275 954
275 1336
276 1063
277 439
277 1382
277 1447
278 429
278 1823
279 990
279 1491
280 543
280 737
280 1246
280 1473
281 342
281 750
281 958
281 1816
282 806
282 1409
282 1756
283 1331
283 1874
284 424
284 1418
285 290
286 507
286 700
286 939
286 1826
287 540
287 575
287 925
287 1524
287 1902
288 852
288 1022
288 1302
289 376
289 449
289 1492
290 666
290 1967
291 581
291 1031
293 915
293 1131
293 1237
293 1571
294 808
295 836
296 751
296 987
297 605
297 853
297 1245
297 1699
298 582
298 1765
298 1911
299 622
300 830
301 1604
301 1979
302 1307
302 1619
303 782
303 1242
304 1269
305 337
305 495
305 750
305 883
305 954
305 973
305 1194
305 1709
305 1941
306 979
306 1171
306 1286
307 556
307 1255
308 537
308 1246
308 1850
309 911
309 1573
310 990
311 1004
311 1361
311 1768
313 1054
313 1453
313 1560
314 595
314 926
314 1267
314 1932
316 348
316 884
316 966
318 1481
319 490
319 869
319 1162
319 1696
320 948
320 1406
320 1953
321 386
321 577
321 595
321 1675
322 396
322 961
322 1738
323 537
323 705
323 921
323 1854
324 1702
325 350
325 1305
326 1212
326 1523
326 1838
326 1950
327 474
327 1574
328 1094
328 1739
328 1833
328 1929
329 349
329 1757
330 507
330 1288
330 1756
331 672
331 1319
331 1838
332 370
332 1830
333 405
334 505
334 882
334 1015
334 1302
335 771
336 1408
337 557
337 1772
338 380
338 1690
338 1703
339 432
339 906
339 1325
339 1482
340 781
341 1163
341 1171
341 1325
342 471
343 713
343 1493
344 1296
344 1437
345 773
345 1299
346 1393
346 1852
347 426
347 441
347 901
347 1245
348 887
348 1746
349 821
349 925
349 1563
349 1802
350 441
350 834
351 672
351 1262
351 1973
352 560
352 962
352 1623
353 733
354 395
354 416
354 609
354 857
354 1312
354 1530
354 1636
355 637
355 833
355 902
355 1150
355 1923
356 707
356 1052
356 1773
356 1951
357 812
358 911
358 1504
358 1631
359 720
359 917
360 832
360 1187
360 1831
361 398
361 655
361 1521
361 1594
362 1361
362 1713
362 1787
363 439
363 1020
364 434
364 739
364 1644
364 1817
365 1783
365 1911
365 1920
366 525
366 634
367 1030
367 1435
367 1921
369 521
370 416
370 998
371 703
371 902
371 1028
372 878
372 1678
373 816
373 1402
373 1731
374 748
374 1263
374 1311
375 1744
375 1971
376 874
376 970
376 1382
377 1122
377 1881
377 1925
378 1626
379 409
379 704
380 625
380 664
380 856
381 1252
381 1614
382 809
382 872
382 1278
383 587
384 957
385 1342
385 1682
386 589
386 721
386 1939
387 1846
387 1914
389 1007
389 1229
390 822
390 889
390 1132
391 1453
392 432
392 1342
393 1340
394 662
394 895
394 1315
395 810
395 1286
396 704
396 1229
396 1309
396 1324
397 698
398 407
398 1032
398 1625
399 971
399 1578
400 604
400 1538
400 1643
401 463
401 562
401 1436
401 1706
402 542
402 1016
403 595
403 636
403 822
404 838
404 1193
405 1487
405 1600
406 750
406 796
406 1548
406 1923
407 1597
408 814
408 1416
409 1039
409 1689
409 1728
410 513
410 1642
411 679
411 1187
411 1824
412 1281
413 475
413 968
413 1194
413 1396
413 1745
414 580
414 932
415 582
415 619
415 1727
416 694
416 1918
417 782
418 647
419 751
419 936
419 1495
420 1183
421 773
421 1249
423 1393
423 1409
424 709
424 961
424 1033
424 1809
426 1142
426 1738
427 1513
427 1772
428 1579
428 1593
429 681
429 750
429 1404
429 1470
429 1585
430 471
430 1332
430 1769
431 678
431 1070
431 1587
433 885
433 927
433 1071
434 782
434 1417
435 1181
435 1611
435 1854
436 664
437 449
437 618
437 1877
438 706
438 983
438 1573
438 1643
438 1902
440 1430
440 1604
440 1658
440 1768
441 545
441 703
441 1895
443 983
443 1098
443 1859
444 478
444 900
444 1454
444 1742
445 1320
445 1583
446 644
446 767
447 586
447 847
447 1458
448 492
448 1272
448 1313
448 1783
449 1784
450 483
450 709
450 991
450 1002
450 1106
450 1229
450 1377
451 1190
452 1629
453 586
453 1820
454 496
454 737
454 1319
455 1196
455 1316
456 474
456 684
456 1378
457 655
457 1484
458 1349
458 1897
459 1020
459 1723
459 1975
460 509
460 809
461 1670
461 1914
462 809
462 942
462 1334
462 1406
463 590
463 593
463 712
463 1028
463 1215
463 1631
464 634
464 782
465 1014
465 1060
465 1782
465 1969
467 475
467 1547
468 742
469 1392
469 1487
470 1131
471 743
471 1914
472 858
472 987
472 1305
472 1343
472 1406
472 1523
472 1543
472 1686
473 1243
473 1803
474 614
474 689
474 1044
474 1701
474 1738
475 1066
475 1331
475 1481
475 1654
475 1864
476 1154
477 1183
478 493
478 1893
479 635
479 971
479 1566
479 1907
479 1998
480 1098
481 1172
482 486
482 671
482 766
482 1073
483 1599
484 513
484 952
485 955
485 1189
486 747
487 850
487 1273
488 1344
489 1670
490 563
490 609
490 673
490 680
490 1486
491 985
491 1835
493 718
493 797
493 1105
494 522
494 798
494 1256
495 1203
495 1365
495 1725
495 1965
496 652
496 694
496 712
496 1172
496 1364
497 506
497 1201
497 1224
497 1827
498 1196
499 550
499 961
499 1948
500 568
500 706
500 1464
502 878
502 909
503 1759
504 1576
505 1480
505 1491
506 1085
506 1329
506 1378
507 637
507 1123
507 1917
508 1002
508 1303
508 1858
508 1948
509 1117
509 1370
509 1758
510 916
510 1790
510 1986
511 1790
513 1311
513 1465
513 1531
513 1707
514 743
514 1175
515 1359
515 1970
516 685
516 906
516 1025
516 1106
517 1986
518 956
518 1063
518 1128
519 892
519 1135
519 1225
519 1793
520 595
521 945
521 1297
522 753
522 1070
522 1135
523 607
524 1596
525 1547
525 1989
526 863
526 1185
526 1500
527 654
527 832
527 1376
527 1610
527 1800
528 1579
528 1620
529 963
529 1819
530 842
530 897
530 1293
530 1566
530 1590
531 797
531 1117
531 1331
531 1812
533 683
534 550
534 1489
535 758
535 1660
536 1172
537 1296
537 1691
537 1923
539 1947
540 980
540 1264
541 1024
541 1343
541 1657
542 1008
542 1359
543 830
543 1190
543 1309
544 836
545 1284
546 803
546 1226
547 961
547 1450
547 1496
547 1513
548 1500
549 587
549 946
549 1383
549 1916
550 1130
550 1416
550 1624
550 1907
551 889
551 1770
552 692
552 1864
553 1284
553 1321
554 1977
555 776
555 1667
556 893
557 1836
558 619
558 1537
558 1571
559 1599
559 1624
559 1650
560 1791
560 1896
561 1466
561 1591
563 665
563 1063
563 1098
564 754
564 1122
565 1800
565 1866
567 882
568 1050
568 1059
569 743
569 927
569 1114
569 1564
570 771
570 1044
570 1073
570 1530
571 1216
573 833
573 1027
573 1411
573 1755
574 988
574 1248
575 1782
576 791
576 1472
576 1716
577 941
577 1216
577 1660
579 659
579 1089
579 1432
579 1584
579 1589
579 1636
580 1630
581 1095
582 1657
585 642
585 1555
585 1964
586 1600
587 912
587 964
588 1231
588 1466
589 779
589 1013
590 1087
591 629
591 945
591 1277
592 1433
592 1553
593 1738
594 931
595 1320
595 1552
596 695
596 1053
596 1175
596 1402
598 795
598 963
600 720
600 1103
600 1997
601 834
602 1281
602 1705
602 1809
603 615
603 1633
605 895
605 1134
605 1186
605 1531
606 787
606 977
606 1675
606 1711
607 734
607 1355
607 1814
609 980
609 1587
609 1776
610 1144
610 1906
611 1957
612 783
612 1666
613 867
614 743
614 1006
615 1835
615 1846
616 1581
616 1945
617 678
617 1585
617 1757
618 1134
618 1633
618 1847
618 1988
618 1993
619 1054
619 1186
620 626
620 1797
621 1074
621 1648
622 678
622 707
622 979
623 634
623 842
623 1347
624 1032
624 1133
624 1650
625 783
625 1177
626 1262
626 1956
627 1015
627 1075
628 818
628 1434
629 817
629 1866
630 1614
630 1871
631 820
631 1051
631 1983
632 1705
632 1982
633 1439
633 1777
634 860
634 1459
634 1857
635 1598
636 1680
637 1136
637 1548
638 1315
638 1401
638 1784
639 1626
639 1669
639 1722
640 1083
640 1702
640 1831
641 1689
642 889
642 1257
642 1353
642 1972
643 1831
644 1248
644 1670
644 1999
645 789
645 1516
645 1624
646 891
647 1793
648 1884
650 956
650 1541
650 1559
651 795
651 1020
651 1176
652 1408
652 1741
653 1886
654 1560
655 1780
655 1917
656 1029
656 1090
656 1708
657 1202
657 1739
658 1049
658 1241
658 1887
659 1860
660 1587
660 1618
661 1410
663 1382
664 1126
664 1736
665 1247
665 1747
666 1330
666 1532
666 1664
666 1772
667 1113
667 1120
667 1212
667 1353
667 1710
667 1886
668 1006
668 1633
668 1637
669 1849
670 672
670 929
670 1200
672 1297
673 1496
673 1684
673 1897
674 968
674 971
675 1866
675 1877
677 1455
678 789
679 773
679 940
679 1310
679 1698
680 756
680 1123
681 865
683 714
684 945
685 988
685 1156
686 1049
686 1050
687 832
687 879
687 1103
687 1193
688 1506
688 1682
688 1724
688 1793
689 1433
689 1914
690 1007
690 1789
691 1277
691 1509
691 1619
692 791
692 1635
693 954
693 1301
694 923
695 938
696 1660
696 1876
697 865
697 1474
697 1560
697 1619
698 957
699 1376
701 766
702 758
702 1516
703 1081
703 1430
703 1491
704 1365
704 1945
705 1098
705 1888
705 1970
706 1882
706 1887
707 1821
709 1740
709 1955
710 790
711 967
711 1984
713 1446
714 1116
714 1167
714 1432
714 1433
714 1536
714 1577
714 1730
714 1891
716 1476
716 1521
717 1525
718 1627
719 1057
719 1331
719 1342
719 1440
719 1860
719 1916
721 845
721 1520
721 1774
721 1829
723 1067
723 1620
723 1938
723 1976
724 1305
726 1162
727 1569
728 1090
728 1297
728 1745
730 1176
731 1178
731 1286
731 1537
731 1573
731 1773
732 1288
732 1311
733 857
733 1431
734 1631
736 1764
737 1675
738 1064
738 1604
740 1844
740 1943
741 926
741 945
741 1153
742 1100
743 798
743 1773
744 1103
745 1043
745 1315
745 1881
746 1006
746 1794
747 1651
747 1918
749 791
750 1246
752 987
753 1429
754 1128
754 1129
754 1588
756 1190
756 1740
757 1315
758 866
758 1049
758 1783
758 1786
760 792
761 1085
761 1255
761 1265
761 1425
761 1747
762 1069
762 1164
763 1751
765 809
765 1973
766 1226
766 1338
767 1986
768 1077
768 1084
769 1802
770 1733
770 1877
771 934
771 1014
772 1008
772 1374
772 1823
773 1062
774 1250
774 1308
774 1393
774 1507
775 1637
775 1701
776 1805
777 1360
778 1816
779 872
781 807
781 1619
782 1623
782 1819
782 1909
782 1944
783 1380
783 1543
783 1576
784 1376
784 1958
785 1626
786 978
786 1067
786 1148
786 1770
788 1410
788 1726
788 1953
789 806
789 1030
789 1317
789 1737
790 1498
791 1056
791 1960
792 1151
793 988
793 1046
794 811
794 1076
796 1384
796 1700
797 969
797 1110
797 1117
797 1170
797 1936
798 1219
798 1743
800 1004
800 1285
800 1462
800 1765
801 870
801 996
801 1134
802 893
802 1939
803 1168
803 1257
803 1774
805 1303
807 923
807 1053
807 1658
808 1522
808 1856
808 1954
809 995
809 1926
810 1039
811 946
811 1293
811 1878
812 931
812 1248
812 1311
813 1105
815 1840
816 907
816 1645
816 1741
817 1812
818 1323
819 1370
819 1457
819 1798
819 1832
821 1206
822 1032
823 1291
823 1544
823 1792
824 872
824 1370
825 925
826 1696
826 1747
826 1865
827 985
827 1561
828 1646
830 853
830 1063
830 1663
831 1019
831 1209
831 1428
831 1697
831 1909
832 834
832 1086
832 1860
832 1899
833 1711
833 1771
834 989
834 1202
835 1745
836 986
836 1081
836 1182
836 1446
836 1637
836 1690
837 1250
837 1549
837 1946
838 1317
838 1971
839 1000
840 1066
840 1458
840 1818
842 892
843 1458
843 1858
844 1309
844 1636
846 1073
846 1293
846 1748
847 1048
847 1163
848 1590
850 1045
851 1894
852 1255
853 1859
854 1772
854 1967
855 1414
855 1712
855 1946
856 1363
857 879
857 1265
859 1928
860 1009
860 1698
860 1851
860 1887
861 1387
862 1096
863 1071
863 1224
863 1302
863 1632
863 1880
864 1084
864 1377
866 1445
866 1861
867 1508
867 1983
868 1134
868 1514
868 1999
869 1052
869 1610
869 1656
870 1384
870 1526
871 1443
871 1919
872 1025
872 1040
874 1317
875 991
875 1131
875 1256
875 1652
876 1017
877 1139
877 1197
878 984
878 1065
878 1214
879 1591
880 1551
881 1356
881 1746
882 1124
882 1355
882 1513
882 1853
882 1955
883 1076
883 1560
884 1505
884 1917
885 994
886 922
886 1361
888 1893
889 1594
889 1655
889 1720
890 1381
890 1814
891 1578
891 1970
892 1205
892 1978
893 1780
895 1267
895 1699
895 1833
896 975
898 1925
899 1829
899 1872
900 1150
900 1445
900 1961
902 1214
902 1280
904 1442
906 1829
907 1357
908 963
908 1811
909 1133
909 1385
909 1447
910 1418
911 999
911 1012
911 1146
911 1704
912 1108
913 924
913 1455
914 1067
914 1180
914 1573
915 1044
915 1302
915 1742
916 1345
917 1547
917 1899
917 1948
919 921
919 1386
920 959
920 1002
920 1219
921 1460
921 1561
922 943
924 937
924 1412
924 1453
925 1334
926 1373
926 1605
927 1710
927 1957
927 1997
928 975
928 1296
929 1116
929 1968
930 1028
930 1451
930 1514
931 953
931 1726
932 1587
933 1622
934 1436
934 1478
934 1880
934 1991
936 1154
936 1156
937 1913
938 1156
938 1384
938 1679
938 1964
939 1950
942 1009
942 1272
942 1790
942 1798
942 1863
943 1270
943 1376
943 1542
945 1469
946 1839
946 1858
947 1182
947 1685
948 1298
948 1939
951 973
951 985
951 1060
952 1220
953 1029
953 1547
953 1797
954 1081
955 1436
955 1904
957 1129
958 1952
961 1417
963 1207
964 1733
967 1301
968 1380
971 1101
971 1178
972 1479
973 1657
974 1214
974 1394
974 1726
975 1940
976 1522
977 1090
977 1968
980 1074
980 1469
981 1131
983 1077
983 1262
984 1630
985 1125
985 1347
985 1894
986 1256
986 1706
987 1627
988 1204
989 1058
989 1164
989 1392
989 1800
990 1236
991 1043
992 1131
992 1798
992 1955
993 1937
994 1086
994 1193
994 1714
995 1784
995 1856
996 1339
996 1599
997 1141
997 1238
998 1368
998 1688
999 1377
1001 1694
1002 1089
1002 1854
1003 1262
1003 1555
1003 1971
1005 1856
1006 1315
1007 1350
1007 1763
1008 1750
1008 1868
1009 1416
1009 1718
1010 1633
1010 1685
1013 1811
1014 1098
1014 1185
1016 1359
1016 1603
1017 1398
1017 1541
1019 1784
1019 1838
1020 1273
1020 1809
1023 1991
1024 1060
1024 1146
1024 1288
1028 1190
1028 1826
1028 1914
1030 1933
1031 1974
1032 1418
1033 1534
1034 1429
1035 1499
1035 1543
1037 1421
1039 1426
1040 1141
1040 1493
1040 1860
1041 1190
1042 1344
1045 1700
1048 1431
1048 1845
1049 1096
1049 1523
1049 1780
1050 1452
1051 1339
1051 1384
1051 1579
1057 1312
1057 1372
1057 1623
1057 1687
1058 1403
1059 1910
1060 1062
1060 1190
1060 1691
1060 1849
1061 1288
1064 1990
1068 1247
1068 1364
1068 1677
1069 1343
1069 1402
1070 1796
1070 1945
1071 1094
1071 1198
1072 1700
1072 1770
1073 1234
1074 1213
1074 1229
1074 1619
1075 1962
1076 1104
1076 1311
1076 1702
1076 1918
1077 1369
1078 1173
1079 1272
1080 1487
1080 1592
1083 1298
1085 1929
1086 1509
1087 1369
1088 1228
1090 1576
1090 1760
1092 1927
1093 1314
1093 1717
1094 1567
1095 1936
1097 1635
1097 1658
1098 1482
1098 1665
1099 1321
1100 1861
1101 1650
1101 1685
1102 1186
1102 1821
1103 1791
1104 1209
1104 1749
1105 1830
1105 1895
1107 1609
1107 1834
1108 1483
1108 1959
1109 1333
1109 1628
1110 1215
1110 1305
1110 1353
1111 1484
1111 1887
1112 1821
1112 1865
1112 1874
1113 1133
1114 1302
1115 1398
1115 1646
1117 1144
1117 1672
1118 1139
1119 1122
1119 1253
1119 1390
1120 1331
1120 1485
1120 1708
1120 1715
1121 1948
1121 1995
1122 1526
1123 1209
1123 1258
1123 1272
1124 1149
1125 1462
1125 1790
1126 1211
1127 1184
1127 1292
1127 1998
1128 1349
1129 1762
1130 1457
1130 1641
1131 1645
1132 1508
1133 1208
1134 1656
1135 1961
1136 1492
1139 1481
1141 1160
1142 1227
1142 1756
1143 1383
1144 1291
1144 1785
1145 1444
1145 1932
1146 1834
1147 1275
1148 1698
1149 1949
1150 1728
1150 1764
1151 1247
1152 1212
1154 1158
1154 1237
1154 1284
1155 1245
1156 1889
1157 1277
1157 1282
1158 1289
1159 1635
1160 1163
1160 1366
1160 1793
1161 1251
1162 1433
1163 1341
1163 1874
1167 1197
1167 1733
1168 1476
1169 1846
1170 1471
1170 1536
1170 1740
1172 1800
1173 1502
1173 1840
1173 1966
1174 1836
1175 1215
1175 1373
1175 1614
1175 1773
1176 1231
1176 1528
1176 1805
1176 1967
1178 1467
1178 1757
1182 1561
1182 1822
1183 1530
1183 1753
1183 1822
1184 1752
1185 1212
1185 1223
1186 1632
1186 1970
1187 1535
1187 1551
1189 1225
1189 1881
1190 1243
1192 1876
1192 1955
1193 1814
1194 1867
1195 1344
1195 1952
1196 1613
1197 1571
1197 1603
1197 1767
1198 1989
1199 1489
1200 1779
1201 1519
1202 1912
1204 1969
1205 1624
1205 1725
1206 1299
1207 1867
1208 1375
1208 1840
1209 1581
1211 1510
1212 1432
1213 1232
1213 1941
1214 1800
1215 1384
1216 1876
1217 1244
1217 1585
1217 1592
1218 1936
1219 1394
1221 1790
1221 1920
1221 1923
1222 1275
1222 1637
1223 1361
1223 1935
1227 1826
1228 1820
1229 1239
1229 1265
1229 1603
1229 1711
1230 1396
1231 1483
1231 1575
1231 1852
1232 1300
1233 1444
1234 1253
1235 1493
1235 1672
1236 1632
1237 1255
1237 1474
1238 1893
1239 1285
1240 1473
1240 1802
1242 1719
1243 1823
1243 1874
1244 1391
1244 1871
1244 1961
1246 1977
1247 1377
1248 1844
1249 1329
1250 1379
1250 1551
1251 1516
1251 1654
1252 1313
1252 1866
1253 1827
1253 1946
1254 1647
1255 1404
1255 1904
1256 1328
1257 1296
1258 1531
1261 1510
1261 1885
1262 1418
1262 1668
1264 1352
1266 1668
1266 1701
1267 1996
1268 1325
1271 1276
1272 1695
1272 1732
1273 1806
1273 1996
1274 1634
1274 1904
1277 1320
1277 1632
1278 1908
1279 1887
1281 1809
1281 1876
1282 1368
1282 1757
1284 1305
1284 1539
1286 1363
1286 1689
1286 1949
1287 1329
1287 1651
1288 1585
1289 1455
1290 1879
1293 1431
1293 1663
1293 1687
1293 1791
1293 1904
1294 1864
1296 1980
1297 1899
1298 1533
1299 1781
1300 1641
1300 1748
1300 1957
1301 1683
1301 1706
1303 1543
1305 1564
1306 1352
1306 1685
1306 1886
1308 1623
1308 1956
1314 1386
1315 1949
1316 1679
1316 1712
1316 1783
1319 1816
1323 1545
1323 1731
1323 1925
1324 1328
1325 1442
1325 1445
1326 1794
1327 1778
1327 1864
1328 1836
1329 1758
1333 1404
1333 1626
1335 1415
1337 1408
1338 1966
1339 1548
1339 1755
1339 1946
1341 1456
1341 1493
1341 1747
1342 1400
1343 1422
1343 1937
1345 1742
1346 1803
1349 1665
1350 1582
1350 1606
1350 1690
1351 1543
1351 1546
1351 1765
1351 1831
1353 1358
1353 1875
1354 1713
1354 1999
1357 1711
1358 1820
1360 1789
1361 1560
1364 1533
1364 1849
1366 1807
1368 1728
1368 1759
1370 1604
1370 1898
1371 1897
1373 1991
1375 1465
1375 1737
1379 1965
1380 1506
1383 1412
1384 1453
1384 1546
1384 1684
1385 1879
1386 1458
1386 1514
1386 1546
1387 1700
1388 1619
1388 1720
1389 1662
1391 1645
1395 1446
1395 1516
1395 1860
1396 1626
1398 1673
1402 1509
1402 1697
1404 1899
1405 1659
1405 1776
1406 1905
1408 1872
1409 1833
1410 1421
1410 1480
1410 1923
1413 1420
1413 1817
1414 1589
1414 1868
1415 1841
1416 1847
1416 1972
1417 1918
1420 1603
1422 1825
1423 1780
1425 1773
1427 1583
1430 1693
1430 1737
1430 1874
1431 1822
1432 1975
1435 1559
1437 1624
1437 1670
1438 1559
1438 1839
1439 1604
1439 1817
1442 1901
1443 1451
1443 1475
1443 1545
1445 1486
1446 1932
1447 1601
1448 1462
1448 1789
1449 1933
1452 1713
1453 1633
1453 1982
1455 1560
1458 1575
1458 1888
1459 1650
1459 1671
1459 1856
1460 1719
1461 1613
1463 1843
1465 1641
1465 1738
1465 1840
1465 1937
1466 1471
1466 1785
1466 1848
1467 1589
1468 1944
1469 1891
1470 1971
1472 1511
1472 1974
1473 1974
1476 1505
1476 1847
1477 1973
1481 1582
1482 1496
1482 1834
1484 1595
1486 1495
1486 1670
1487 1799
1492 1953
1495 1618
1496 1588
1496 1632
1496 1695
1497 1976
1499 1935
1502 1985
1509 1510
1511 1607
1513 1762
1515 1641
1515 1898
1517 1912
1518 1710
1519 1556
1520 1590
1523 1682
1523 1693
1524 1625
1524 1784
1524 1801
1525 1762
1529 1635
1532 1936
1534 1606
1534 1668
1534 1933
1537 1559
1543 1682
1543 1783
1544 1745
1545 1978
1547 1699
1547 1778
1549 1770
1550 1873
1552 1794
1553 1819
1554 1651
1556 1947
1557 1746
1560 1792
1560 1799
1565 1635
1567 1952
1568 1772
1570 1922
1572 1904
1575 1766
1575 1817
1577 1774
1577 1996
1580 1921
1581 1707
1585 1849
1587 1772
1587 1841
1589 1886
1590 1744
1593 1792
1601 1880
1603 1989
1607 1619
1607 1825
1615 1657
1619 1998
1623 1824
1623 1827
1626 1879
1627 1877
1630 1875
1632 1850
1633 1927
1637 1713
1638 1817
1640 1662
1641 1974
1650 1677
1652 1856
1652 1863
1654 1913
1655 1674
1655 1877
1656 1814
1659 1911
1660 1829
1660 1926
1663 1889
1664 1739
1665 1978
1666 1737
1667 1899
1669 1828
1673 1791
1674 1776
1675 1771
1678 1961
1680 1865
1682 1830
1683 1711
1685 1964
1686 1976
1688 1969
1697 1710
1698 1954
1701 1750
1701 1872
1701 1919
1703 1765
1704 1918
1705 1775
1705 1792
1709 1992
1718 1909
1719 1789
1721 1888
1723 1867
1726 1744
1727 1930
1729 1733
1738 1991
1739 1964
1741 1835
1744 1962
1753 1790
1755 1869
1759 1941
1760 1909
1766 1939
1766 1949
1767 1981
1768 1896
1770 1836
1771 1948
1775 1819
1775 1936
1777 1998
1778 1887
1780 1985
1781 1889
1782 1795
1782 1868
1793 1823
1794 1825
1795 1818
1806 1854
1806 1886
1806 1913
1813 1842
1817 1916
1828 1897
1835 1841
1836 1841
1836 1856
1838 1946
1838 1972
1839 1858
1843 1966
1844 1978
1849 1928
1850 1953
1855 1960
1860 1864
1862 1921
1867 1906
1867 1944
1870 1918
1888 1963
1889 1916
1898 1938
1942 1967
1943 1953
1945 1963
1949 1992
