2000 2976
7
89
22
31
2
39
43
76
40
28
21
33
3
91
37
65
26
41
98
78
19
97
64
45
16
44
34
19
56
40
69
72
42
5
41
46
21
37
24
94
95
1
15
61
72
32
14
21
15
93
72
30
17
68
17
92
63
35
87
3
82
54
65
84
66
33
51
7
4
57
41
87
31
53
69
34
88
16
12
62
15
32
8
87
28
11
16
21
42
34
63
38
86
48
53
82
47
93
30
1
70
71
4
90
7
14
20
81
30
92
62
6
59
8
20
42
81
2
51
17
48
28
80
95
7
34
72
85
78
14
96
93
48
39
47
14
43
67
69
80
20
17
97
58
45
3
97
78
23
81
30
32
27
30
21
85
44
45
95
8
1
65
61
36
21
84
85
97
100
38
59
76
15
28
20
25
95
40
19
87
42
91
82
16
96
24
99
33
51
85
86
12
33
29
28
68
8
38
64
1
83
65
6
79
48
69
31
40
86
53
43
31
85
15
52
18
3
33
100
60
15
17
33
82
58
23
77
45
42
1
82
47
15
69
6
7
62
90
41
51
84
54
77
92
94
23
32
27
82
22
38
29
61
59
85
40
48
99
28
80
70
36
15
45
97
23
64
87
25
11
61
10
33
90
69
12
49
82
96
74
53
41
17
100
85
84
45
9
66
96
91
69
37
75
5
69
69
10
79
67
29
48
5
59
33
15
46
82
73
85
18
24
9
61
16
2
29
59
49
34
62
64
80
62
32
8
55
70
74
1
79
69
92
8
73
77
99
19
79
39
99
41
4
33
43
8
75
81
72
49
13
13
28
34
51
13
74
49
2
5
76
40
58
84
55
99
71
69
23
88
66
45
64
86
4
99
45
63
1
46
88
100
90
32
41
12
11
60
85
38
76
88
26
13
54
26
26
89
65
46
3
48
85
22
85
86
83
40
51
78
71
84
38
67
43
37
77
38
28
73
12
66
65
93
91
54
10
78
5
10
27
93
37
93
6
26
64
97
73
73
18
8
90
64
56
12
41
21
10
10
5
65
100
31
47
61
39
73
46
73
22
80
19
99
82
62
40
20
36
68
42
44
66
85
46
13
21
17
57
68
99
47
44
63
10
78
21
75
99
20
66
25
25
68
6
42
29
81
28
4
1
5
37
69
90
99
32
26
65
82
23
96
40
56
18
92
13
82
85
48
15
81
22
60
88
26
24
12
17
88
60
16
85
66
26
81
96
88
34
15
58
89
73
66
99
37
59
63
45
69
29
60
14
7
97
38
77
70
6
44
28
48
57
4
53
12
35
38
2
84
94
21
82
28
47
57
58
47
93
29
73
93
67
76
84
98
93
83
70
13
1
78
87
13
59
47
46
58
48
89
25
46
57
20
65
43
17
13
38
36
83
23
65
72
2
98
60
23
7
87
9
70
27
85
6
50
84
52
89
79
12
46
67
49
84
36
12
69
49
62
37
97
16
61
98
50
73
80
85
68
84
68
53
75
82
45
11
32
61
60
77
68
22
54
55
51
22
5
75
8
10
34
57
75
9
73
61
78
22
76
42
77
56
1
12
16
12
61
42
57
92
50
71
66
98
54
10
88
88
15
14
47
41
79
45
82
71
37
69
40
33
61
44
63
63
77
90
49
66
27
10
64
33
39
88
43
78
66
38
9
26
49
47
28
9
74
99
34
16
3
75
99
34
9
81
81
20
33
76
63
52
63
35
72
36
3
16
75
6
96
43
77
55
14
47
78
12
53
31
58
25
35
92
73
50
23
81
83
90
24
12
46
12
49
36
66
57
44
37
11
28
79
26
77
40
94
71
44
87
13
61
25
87
34
86
5
8
62
71
52
92
14
53
20
61
81
78
47
4
86
1
73
42
68
81
77
98
65
94
22
74
16
43
23
77
13
94
39
27
44
91
20
33
31
79
56
24
58
30
36
61
67
21
1
91
45
84
30
62
50
26
89
45
30
85
27
67
100
80
36
4
83
17
98
28
84
81
37
85
37
41
6
51
6
5
97
44
73
72
51
67
39
13
82
7
66
58
19
10
39
89
9
54
55
16
36
1
50
17
55
77
6
80
93
73
94
74
52
66
98
80
46
85
81
63
66
29
95
2
17
68
46
58
97
92
100
90
6
57
90
71
57
86
43
25
69
57
49
67
29
22
66
18
54
51
57
83
13
65
67
51
57
64
19
91
4
23
72
79
43
93
69
80
51
65
56
4
55
16
58
10
45
92
14
53
57
72
7
46
56
14
78
84
94
25
62
40
44
22
94
6
36
75
11
82
16
54
67
18
33
53
1
35
86
48
97
91
17
11
97
25
87
67
96
42
58
47
17
7
95
89
72
60
98
24
15
94
64
45
40
53
24
67
24
5
35
9
6
19
68
30
92
60
19
36
76
3
87
39
62
28
31
51
38
76
85
91
2
88
66
34
81
42
49
51
59
49
87
24
5
34
98
70
86
15
11
12
92
73
74
89
17
57
70
71
61
77
67
70
89
39
3
9
50
29
5
77
54
26
99
6
21
81
66
46
18
34
95
45
77
24
25
31
88
23
56
25
66
71
92
35
65
49
94
13
94
87
98
42
43
48
37
61
26
31
93
60
66
79
61
4
72
7
84
26
57
27
29
13
68
97
21
5
24
30
23
100
37
35
1
6
48
1
89
46
81
72
21
50
60
26
73
45
55
42
87
27
11
79
66
5
82
48
58
15
6
13
32
5
31
23
11
38
33
88
16
47
50
12
46
58
81
64
3
96
87
92
65
92
65
69
52
11
32
40
21
97
11
23
18
66
71
89
19
63
88
32
23
57
52
81
91
41
80
11
71
78
94
9
30
53
2
80
59
76
4
27
20
97
15
36
43
92
2
98
8
91
58
18
94
81
50
93
29
81
21
81
69
94
74
45
93
23
15
84
42
31
72
14
83
19
50
23
94
81
32
93
17
48
12
34
15
12
86
77
46
14
92
65
39
5
81
25
17
63
2
2
41
29
44
96
18
5
48
33
68
26
29
16
48
21
56
73
99
6
67
40
25
85
56
22
26
8
52
23
26
100
16
57
84
86
60
70
45
22
70
4
58
13
79
3
64
43
30
88
5
77
43
31
63
86
84
87
72
8
27
95
8
66
47
48
38
57
59
57
70
78
98
99
42
67
3
35
38
26
96
9
78
79
28
43
13
12
4
87
89
7
15
81
78
77
13
57
88
26
19
69
77
46
69
67
3
13
15
10
86
5
51
85
83
10
25
94
75
19
53
79
49
58
14
26
65
8
53
80
25
2
34
19
38
12
33
96
48
64
8
5
2
96
4
16
71
82
94
36
96
32
31
6
1
44
50
46
47
30
7
27
34
81
80
39
58
30
52
40
93
92
29
53
96
91
18
42
33
34
26
22
95
85
23
36
19
96
25
4
8
37
46
60
5
56
3
40
81
55
71
94
54
75
79
27
31
71
9
23
12
82
14
53
72
81
73
5
95
44
62
41
57
85
51
5
65
26
75
33
34
30
13
49
12
3
49
20
14
29
12
48
50
68
69
33
95
74
14
68
21
88
59
65
61
47
50
48
38
74
23
44
64
18
15
23
3
69
7
47
42
93
66
55
19
48
82
83
29
7
44
19
63
81
1
18
32
79
60
81
9
79
90
74
86
3
9
7
32
85
65
87
9
23
98
43
89
31
99
35
94
81
47
77
85
70
30
68
38
97
45
53
88
43
51
1
32
31
59
4
79
70
88
9
24
99
77
32
83
89
38
18
55
46
34
59
94
35
90
46
87
19
42
79
66
18
27
73
8
13
59
67
66
30
91
5
96
11
32
8
47
10
36
39
49
7
73
97
56
93
79
19
30
74
54
32
6
83
76
93
42
40
90
19
54
69
31
49
4
89
2
44
70
35
95
85
60
82
44
86
50
4
6
88
49
93
94
99
31
52
76
39
59
27
75
20
30
42
98
65
18
23
44
34
100
62
72
94
54
72
47
8
16
89
81
3
19
33
74
86
46
14
47
14
15
50
87
96
64
71
31
65
87
50
9
69
16
25
1
1
15
88
36
9
41
71
27
50
34
32
65
16
61
25
72
33
74
29
16
99
90
79
2
30
21
60
62
5
94
89
100
53
89
16
74
63
88
21
82
20
15
75
78
32
43
5
84
95
14
18
87
46
58
25
25
36
15
77
26
77
99
52
66
71
23
93
47
68
60
94
6
12
24
32
11
80
59
2
84
63
3
92
5
10
91
99
48
2
99
60
53
6
78
39
58
83
16
99
46
72
51
1
26
45
37
73
12
90
24
77
57
3
23
28
29
29
67
2
25
59
73
32
17
61
54
80
4
31
43
12
95
15
2
95
88
62
12
78
6
4
56
9
95
89
38
27
14
96
8
55
96
9
98
16
51
68
46
61
53
74
41
35
24
55
32
12
52
15
19
85
17
43
51
36
23
95
30
97
24
59
95
76
18
53
51
15
95
17
70
9
77
13
18
29
80
51
17
23
38
74
40
66
1
6
36
73
66
90
82
37
73
52
55
87
73
0 933
0 1318
1 508
1 569
1 722
1 992
2 119
2 475
2 1038
3 434
3 1166
4 76
4 919
4 1092
5 125
6 791
6 1476
7 451
7 559
7 802
7 1087
8 658
8 816
8 1101
8 1213
8 1267
8 1579
9 103
9 1049
9 1336
9 1816
9 1861
10 654
10 817
11 80
11 489
11 1270
12 647
12 847
12 1097
12 1573
12 1734
13 82
13 1717
13 1978
14 72
14 1029
14 1107
14 1256
15 273
15 896
15 1130
15 1518
16 1062
17 1384
19 1035
19 1629
20 678
20 1097
21 150
21 1554
22 185
22 1487
22 1794
23 1102
23 1955
25 107
25 197
25 953
25 967
25 1299
25 1443
26 1277
27 977
28 1089
28 1292
30 165
30 272
30 781
30 1080
30 1245
30 1398
31 654
32 1911
33 1625
34 629
34 637
34 723
34 1217
34 1482
34 1970
35 1081
35 1717
36 292
36 428
36 1102
36 1335
36 1619
37 489
37 1223
37 1406
37 1683
38 674
38 952
38 1197
38 1876
39 1436
39 1684
40 235
40 867
40 1227
40 1305
41 1416
41 1839
42 607
42 1800
42 1818
44 539
44 765
44 1673
45 413
45 448
45 1234
46 687
46 1137
46 1187
46 1219
46 1412
46 1732
46 1825
46 1888
48 714
48 898
48 991
48 1281
48 1358
49 672
49 1228
50 162
50 176
50 931
52 273
52 434
52 736
52 1549
53 318
53 447
53 1693
53 1758
54 829
55 176
55 1379
55 1473
56 1317
57 283
57 740
57 1127
57 1201
57 1213
58 351
58 572
58 1609
59 567
59 1799
59 1967
60 773
60 874
60 1773
60 1945
61 1876
61 1924
62 1293
62 1856
62 1959
63 603
63 1817
63 1943
64 253
64 306
64 553
64 1681
66 199
67 166
67 797
67 1507
68 208
68 653
68 1024
69 927
69 1371
70 252
70 328
70 633
70 647
70 1277
71 1261
71 1595
71 1935
72 182
72 387
72 428
72 1496
72 1602
72 1693
73 312
73 1584
73 1819
74 410
74 1497
74 1875
75 1147
76 353
76 1573
77 308
78 258
78 438
78 750
78 793
78 1886
79 321
79 1569
79 1703
79 1719
81 746
82 1667
83 924
83 1068
83 1117
83 1283
83 1410
84 754
84 1934
84 1973
85 238
85 724
86 542
87 195
87 380
87 1473
87 1834
88 490
89 972
89 975
90 1620
90 1928
91 138
91 386
91 705
91 1064
93 1816
94 1446
94 1522
94 1719
95 215
95 1913
96 139
96 446
96 1732
97 637
97 1253
97 1837
98 686
98 725
98 901
98 948
98 1175
99 154
99 1260
100 363
100 426
100 1759
101 855
101 897
101 1149
102 163
102 1729
103 248
103 261
103 375
103 412
103 1871
104 125
104 1203
104 1499
104 1533
104 1704
105 581
106 520
106 1692
106 1697
107 738
108 922
108 1179
108 1369
108 1741
109 1999
110 1470
110 1716
111 1225
111 1374
112 198
112 909
112 1634
112 1706
113 725
113 833
113 1734
113 1847
114 350
115 632
115 652
115 972
115 1144
115 1186
115 1345
116 128
116 1758
117 444
117 756
117 765
117 779
118 633
118 683
118 1043
118 1350
118 1505
118 1566
120 863
120 1116
120 1778
121 1470
121 1486
121 1755
121 1761
122 361
122 564
122 812
122 1236
122 1692
122 1694
123 516
123 1070
123 1378
123 1995
124 1656
124 1955
125 1045
125 1265
125 1705
125 1731
125 1805
126 1151
126 1250
126 1331
126 1581
127 1099
127 1428
128 381
128 1247
129 284
130 137
131 391
131 959
131 1083
131 1134
132 301
132 924
132 1969
133 905
133 1466
133 1635
134 186
134 846
135 1575
136 475
136 956
136 1909
137 485
137 1975
138 963
138 996
138 1371
138 1422
139 1036
139 1340
139 1680
139 1810
139 1850
140 177
140 825
140 866
140 1209
141 1214
142 848
142 1995
144 1292
144 1918
145 777
145 1611
145 1670
146 219
146 945
147 419
147 850
148 403
148 730
148 782
148 965
148 1152
149 346
149 721
149 1977
150 438
150 1227
150 1686
151 498
151 1170
151 1250
151 1931
152 186
152 715
152 1625
153 418
153 1203
153 1258
154 167
154 1259
154 1653
155 449
155 482
155 1033
156 1017
156 1727
157 460
157 1203
158 584
158 966
158 1337
160 610
160 829
160 1057
160 1938
161 1317
161 1629
162 698
162 702
163 459
163 1416
163 1496
163 1542
165 1311
165 1323
166 1008
166 1734
167 400
167 589
167 1867
168 807
168 1884
169 1550
169 1813
171 1217
171 1687
171 1790
171 1906
172 409
172 1202
173 772
173 920
173 1741
174 312
174 639
174 1294
174 1719
175 1070
175 1475
175 1671
175 1746
176 270
176 364
176 793
176 846
176 1561
177 538
177 1885
178 1398
179 390
179 438
179 564
180 202
180 703
180 774
180 1466
181 683
181 842
181 937
181 1303
181 1824
181 1935
182 647
182 661
182 1662
182 1787
183 331
183 727
183 1020
184 1290
184 1436
185 1362
186 1001
187 487
187 1071
187 1235
187 1396
188 332
188 1510
189 1068
189 1695
190 276
190 807
190 1168
190 1308
191 329
191 627
192 212
192 695
192 891
192 966
192 985
192 1572
192 1816
193 544
193 965
193 1951
194 599
194 1808
195 380
195 855
195 1000
196 853
196 1312
196 1511
196 1615
196 1668
196 1906
197 1231
197 1340
197 1567
197 1666
198 517
198 1482
198 1611
199 901
200 350
200 1662
201 866
201 1613
202 452
202 505
202 734
202 1052
202 1906
203 278
203 751
203 872
203 928
203 997
203 1981
204 456
204 1606
204 1884
205 894
205 1257
205 1937
206 260
206 858
207 329
207 1248
208 1619
208 1902
209 584
209 1507
210 511
211 349
211 1235
211 1543
212 757
212 1473
212 1648
213 412
213 632
214 949
215 411
215 889
215 931
215 1216
215 1664
217 269
219 603
223 277
223 1531
223 1972
224 301
224 606
224 847
224 1123
224 1192
224 1382
224 1480
225 589
225 908
225 1661
225 1991
226 628
226 764
226 1631
227 584
228 466
229 735
230 429
230 662
230 946
230 1302
231 496
231 1215
231 1718
232 564
232 1273
232 1478
233 311
233 962
233 1013
233 1562
233 1823
234 377
234 749
234 864
234 1293
234 1484
235 544
235 906
235 1333
235 1785
236 596
236 1910
237 612
237 914
237 1467
238 410
238 419
239 542
239 596
239 1747
239 1839
240 855
240 1672
242 550
242 1064
242 1100
242 1458
242 1868
243 628
243 778
243 843
243 870
243 1089
244 812
244 1672
245 618
245 1481
245 1903
246 625
246 1050
247 582
248 1426
248 1552
249 1951
250 1965
251 384
251 1347
252 350
252 1022
252 1462
252 1965
253 258
253 350
253 1526
254 344
254 1234
254 1466
254 1840
255 346
255 416
256 286
256 1088
256 1542
257 1151
257 1542
257 1951
258 527
258 970
258 1455
258 1690
258 1833
259 271
260 432
260 1155
261 1853
262 1840
262 1915
262 1943
263 1440
263 1468
264 857
264 1436
265 1160
265 1181
266 299
266 855
266 1275
266 1760
266 1800
266 1913
266 1928
267 729
267 1988
268 513
268 1450
268 1828
269 684
269 1523
269 1701
270 656
271 1774
271 1970
272 697
272 1394
272 1876
273 492
273 1428
274 945
274 1008
274 1530
274 1633
275 860
275 1250
275 1639
277 1616
277 1757
278 1391
278 1572
278 1708
279 537
279 908
279 962
279 996
279 1173
280 358
280 828
280 997
280 1965
281 424
281 713
282 394
282 1530
283 557
283 1510
283 1813
284 626
284 939
285 631
285 983
285 1126
286 314
286 363
286 1019
286 1343
287 547
287 1603
287 1961
288 383
289 299
289 474
290 354
290 507
290 965
291 546
291 570
291 1030
293 580
294 531
294 541
294 622
294 1815
294 1847
294 1923
295 1666
296 1019
296 1325
296 1611
296 1897
297 956
298 1463
299 569
299 803
299 1619
300 495
300 633
300 1112
300 1906
301 404
301 915
301 1474
301 1626
302 1336
302 1533
302 1945
303 1389
303 1614
303 1649
303 1788
304 1015
305 1400
306 1047
307 1140
308 743
308 1576
309 483
309 568
309 855
309 1169
310 1016
310 1228
311 642
311 724
311 1837
312 516
312 1022
312 1799
313 352
313 1209
313 1553
313 1648
314 720
314 915
314 1851
315 404
315 1510
317 968
318 1164
319 688
320 644
320 734
320 1136
321 366
321 632
321 1038
321 1193
321 1420
322 717
322 1097
322 1248
322 1383
323 987
323 1215
323 1278
324 799
324 1818
325 366
325 387
325 1819
327 1396
327 1647
328 1181
328 1194
328 1596
328 1694
328 1756
329 370
329 876
330 1556
330 1927
332 1765
333 960
334 1256
335 839
335 1644
335 1980
336 846
336 1266
336 1582
336 1983
337 357
337 1838
337 1933
338 358
338 1071
339 452
339 1505
340 447
340 522
340 1493
340 1833
341 1104
341 1307
342 676
342 788
342 938
343 1387
343 1623
344 488
344 659
344 1048
345 1017
345 1126
345 1326
345 1462
346 715
346 778
346 1940
347 1207
347 1471
347 1474
347 1598
348 617
348 717
348 1883
348 1965
349 829
349 1168
350 1241
351 1947
352 569
352 918
352 1437
353 1584
354 884
354 1005
355 1884
355 1935
357 703
357 1727
358 519
358 1968
359 444
359 594
359 1795
361 872
362 396
362 531
362 1012
363 841
363 873
363 887
363 1476
363 1922
364 399
364 665
364 1901
364 1981
365 385
365 789
365 1577
365 1755
366 1714
366 1985
367 417
367 818
368 1234
370 808
370 1220
370 1385
370 1800
370 1867
371 525
372 376
372 732
373 380
373 1010
374 688
374 1475
374 1577
374 1633
375 971
376 958
376 1032
376 1488
377 533
377 941
377 1742
378 547
378 1392
378 1717
380 459
381 1000
381 1080
381 1235
381 1276
381 1756
382 552
382 1438
383 476
383 833
383 1411
383 1523
384 437
384 691
384 1322
384 1776
384 1909
385 1061
385 1068
385 1554
386 754
386 891
386 1288
387 1854
388 1023
388 1701
388 1709
389 808
389 1067
389 1113
389 1900
389 1961
390 886
390 935
390 1466
391 1431
392 524
392 1270
392 1518
392 1719
393 871
393 934
393 1225
394 577
394 979
394 1483
396 519
396 661
397 938
397 1493
397 1507
398 585
398 830
398 1475
398 1752
399 571
400 1622
403 714
403 1402
403 1582
403 1746
404 553
404 631
404 1153
404 1948
405 795
405 1374
405 1671
405 1724
406 955
406 1207
406 1534
407 431
407 642
407 866
407 1067
407 1541
408 1045
408 1287
408 1360
409 464
409 618
409 771
409 986
409 1586
410 1001
410 1727
411 1102
411 1689
412 1087
412 1450
413 892
413 1101
414 501
414 840
414 1662
415 846
415 1349
417 990
417 1081
417 1544
418 859
418 1731
419 1960
420 1121
420 1475
422 875
423 697
423 710
423 750
423 881
423 906
423 1144
424 562
424 1165
424 1799
425 1729
426 1555
426 1731
427 442
427 452
428 702
428 882
428 1023
428 1822
429 1284
429 1401
430 698
431 1377
432 1551
433 1393
433 1459
434 652
435 896
435 1689
435 1992
436 607
436 697
436 1699
436 1968
437 1069
437 1076
437 1206
437 1480
438 642
438 864
438 1716
439 1023
439 1787
440 1474
442 678
443 745
443 814
443 1240
444 1935
445 819
445 1607
446 553
446 588
447 881
447 1039
447 1449
448 781
449 612
449 915
449 1322
449 1434
449 1968
450 1670
450 1775
451 1187
452 604
452 1256
452 1283
452 1394
452 1415
452 1591
453 1143
453 1699
453 1768
454 727
454 1409
454 1473
455 553
456 775
456 811
456 1126
458 891
458 993
458 1170
458 1825
458 1901
459 1051
459 1167
459 1187
459 1887
460 786
460 1055
460 1405
460 1792
461 802
461 996
461 1171
461 1834
462 884
462 1552
463 1319
464 527
464 653
464 1390
465 1696
465 1928
466 504
466 1652
466 1881
467 536
467 1672
468 1070
468 1091
468 1234
469 540
469 700
469 1020
469 1241
469 1381
469 1694
470 785
470 1433
470 1868
471 1669
472 980
472 1110
472 1386
472 1520
472 1738
473 1345
473 1728
473 1745
473 1928
474 721
474 1562
475 1056
476 742
476 1220
477 648
477 828
477 931
477 1755
478 589
478 594
478 1759
479 488
481 565
481 719
481 1402
481 1584
482 633
482 1972
483 683
483 1312
484 1062
484 1301
486 622
486 781
487 1235
487 1754
487 1827
488 788
488 1784
490 1334
490 1509
491 856
491 1123
491 1747
492 864
492 1465
492 1500
492 1775
493 1497
493 1511
493 1513
493 1683
493 1926
494 1074
494 1226
494 1336
494 1938
495 601
495 1234
495 1485
495 1600
495 1797
496 567
496 798
497 1114
497 1546
498 762
498 1822
499 608
499 789
499 1172
500 949
500 1787
500 1814
501 882
502 1534
503 731
503 870
503 1700
504 1516
505 812
505 922
505 1532
506 585
506 1191
506 1696
507 658
507 816
507 1423
508 672
508 1009
508 1891
509 1044
509 1171
509 1595
509 1764
510 563
510 924
510 1050
511 770
511 1667
511 1708
512 1224
513 891
513 1308
513 1445
513 1853
514 1144
514 1288
514 1800
515 678
515 1075
515 1734
516 1758
517 1345
518 1794
520 1573
521 1173
521 1324
521 1335
523 1176
524 653
524 1569
524 1940
525 600
525 610
525 1144
525 1216
525 1307
526 527
526 1072
526 1244
526 1559
526 1883
527 756
527 871
527 1091
527 1564
528 592
528 1654
529 682
529 869
529 1173
530 1087
530 1347
531 678
531 855
531 905
532 1433
533 1886
534 1062
535 1613
537 611
537 875
537 1417
537 1725
537 1746
538 812
538 1942
538 1954
539 829
539 850
540 657
540 1683
540 1744
541 673
541 1385
542 705
542 876
543 674
543 700
543 880
543 1576
544 1161
544 1358
546 1736
547 1473
548 772
548 1026
548 1192
548 1282
550 1151
550 1467
551 1052
552 1553
553 717
553 997
553 1447
553 1717
554 1139
554 1456
554 1937
555 1653
556 584
556 1268
557 575
557 1119
558 910
558 1268
558 1297
558 1301
559 1341
559 1391
560 628
560 844
560 1043
560 1086
560 1699
561 1367
561 1694
563 627
564 651
564 783
564 1667
564 1692
564 1774
565 1083
565 1086
565 1683
565 1891
566 857
567 931
567 1540
567 1828
568 807
568 1518
568 1886
569 978
569 1020
569 1604
571 1076
571 1509
571 1605
572 818
572 901
572 1313
572 1688
573 588
573 645
573 724
573 1865
573 1960
574 1488
575 582
575 1795
575 1840
576 814
576 1613
577 1342
577 1754
577 1858
579 761
579 833
580 881
581 1694
582 925
582 1172
582 1445
583 816
583 915
584 1074
584 1117
585 1751
585 1993
586 644
586 1864
587 1129
587 1457
587 1760
588 1397
589 792
589 1993
590 1287
590 1905
591 838
591 1073
591 1172
593 1063
593 1558
594 1292
594 1365
594 1984
595 732
595 1111
595 1256
595 1454
596 1290
596 1466
596 1969
597 845
597 1392
598 1040
599 1029
599 1130
600 1417
602 854
602 884
603 660
603 883
603 1489
604 1235
605 1575
606 1530
606 1664
607 719
608 835
608 1107
609 1767
610 614
610 1153
610 1518
611 647
612 1509
612 1832
612 1909
614 623
614 1803
614 1834
616 1277
616 1635
617 1563
618 941
619 1893
621 938
621 1466
622 670
622 762
622 825
622 1176
622 1219
625 638
625 952
625 1053
626 1176
626 1429
627 1067
627 1183
628 645
628 770
628 1464
628 1606
628 1950
629 712
629 789
630 1537
631 981
631 1583
631 1707
631 1747
631 1755
632 999
632 1661
632 1672
635 1435
635 1464
636 899
637 1671
637 1957
638 965
638 1018
638 1383
639 812
639 1049
639 1231
639 1272
641 772
641 1592
642 830
642 1008
643 993
643 1339
643 1448
643 1887
644 718
644 1159
645 1300
645 1679
645 1711
645 1876
647 726
647 774
647 1850
648 1220
648 1639
649 675
649 720
649 1321
649 1929
650 1118
650 1255
650 1444
650 1566
651 807
653 1696
653 1950
654 1135
655 678
655 1643
655 1742
656 1367
656 1674
656 1797
657 817
657 1766
658 700
658 1352
658 1986
659 1332
659 1921
659 1962
660 1498
661 1245
661 1248
661 1728
662 1780
662 1908
663 743
663 1217
664 1475
664 1584
665 1211
665 1272
665 1349
665 1486
666 869
666 1274
667 871
667 1251
667 1378
667 1643
667 1837
667 1983
668 711
668 1098
668 1741
669 1070
669 1267
670 773
670 1338
670 1751
671 860
671 1255
671 1327
671 1864
672 1346
673 1151
674 1336
674 1350
674 1465
676 685
676 1555
677 1197
678 1787
679 749
679 1134
679 1224
679 1525
680 1736
681 800
681 1167
681 1344
681 1888
682 1958
684 879
684 1372
684 1542
684 1639
685 1902
686 1162
686 1372
686 1445
686 1907
687 1161
688 1013
688 1482
688 1988
689 761
689 826
689 999
689 1707
690 1331
690 1442
691 1738
691 1949
692 999
693 928
693 995
693 1290
693 1307
693 1441
694 1541
695 1531
695 1669
696 1553
696 1970
697 1484
698 783
698 1024
698 1062
698 1070
700 1663
700 1965
701 1313
701 1327
701 1351
702 796
703 753
703 853
703 994
703 1575
704 1211
704 1292
705 1111
705 1608
705 1855
706 1299
706 1928
707 881
708 876
708 1168
708 1389
708 1574
708 1817
709 1871
710 1202
711 720
711 1447
711 1509
711 1934
712 733
713 1353
714 770
714 1461
714 1790
715 985
715 1061
715 1898
716 1483
717 1574
718 1719
718 1870
719 1204
720 1536
720 1826
720 1887
721 1003
721 1087
721 1117
721 1119
721 1293
721 1492
721 1709
722 1648
723 1439
724 1298
725 1021
726 1511
726 1654
727 1545
727 1775
728 865
728 1030
728 1172
728 1194
729 1516
730 827
730 1984
731 785
731 1393
731 1657
731 1731
735 1215
736 845
736 997
737 792
737 1330
737 1889
738 1370
738 1764
739 917
739 1287
740 1196
741 1467
741 1824
742 1558
742 1560
742 1796
742 1910
743 901
743 985
743 1435
743 1643
744 1267
745 750
745 1198
746 1092
746 1533
746 1543
746 1776
746 1890
748 968
748 977
748 1450
749 871
749 1103
750 880
750 1047
750 1464
751 848
751 981
751 1124
751 1363
751 1689
753 1085
753 1292
754 756
754 1558
754 1587
755 1582
757 871
758 936
758 1018
759 1795
762 1990
764 1053
765 1302
765 1747
766 1669
767 804
767 1387
768 1696
769 872
770 1972
772 920
772 1099
772 1165
772 1327
773 1555
774 1026
774 1084
774 1302
775 830
775 1124
775 1678
775 1997
776 1225
776 1394
776 1606
778 1855
779 784
779 1093
779 1110
779 1576
780 1814
781 1366
781 1680
782 1395
782 1855
783 816
783 997
784 830
784 1988
786 1020
789 817
789 987
789 1329
790 1145
791 881
791 1094
794 1384
794 1820
794 1846
794 1976
794 1995
795 924
795 1339
795 1754
795 1876
797 939
797 1007
797 1226
797 1938
798 1614
798 1930
800 1221
800 1290
800 1356
800 1377
801 1023
801 1881
802 1132
805 1907
806 993
806 1725
807 1479
807 1694
807 1942
808 1226
808 1343
808 1403
808 1506
808 1562
808 1712
809 953
809 1195
810 1038
810 1674
811 911
811 1448
811 1502
811 1710
812 1445
812 1855
813 825
813 1033
814 1540
814 1869
815 1030
815 1479
815 1545
815 1933
817 1000
818 1076
818 1841
819 905
820 1255
820 1541
821 1714
821 1905
822 1662
823 1997
824 1195
824 1597
825 1363
826 1643
827 1072
827 1669
828 1678
829 1714
829 1847
831 873
831 1348
832 918
832 1302
833 1173
833 1637
834 1071
834 1314
835 1704
836 1907
837 1901
838 880
838 935
839 962
839 1491
839 1517
839 1676
840 1224
841 1516
842 1375
842 1918
843 850
843 1053
844 1028
844 1222
844 1736
845 1280
845 1436
845 1799
846 1244
846 1391
846 1469
847 1738
848 1576
848 1694
848 1820
849 1202
850 1670
850 1766
851 1133
851 1156
853 1909
854 1010
854 1029
854 1116
855 1062
855 1923
856 1058
856 1853
858 914
858 1058
858 1769
859 912
859 1967
861 1509
861 1882
862 895
862 1624
862 1865
863 1460
863 1669
863 1962
864 1753
864 1856
864 1940
865 946
866 1229
867 1249
869 873
870 1231
871 987
871 1250
872 1405
872 1484
872 1655
873 1892
874 1846
875 1714
875 1995
877 1403
878 1199
879 993
879 1466
880 1811
881 1754
882 1243
882 1621
885 1100
886 1179
886 1381
887 1810
889 1117
889 1441
889 1677
890 1074
890 1984
891 1113
891 1432
891 1571
892 1398
893 1557
893 1595
895 1864
896 1107
897 1045
897 1796
897 1882
898 1164
899 1988
902 1046
904 1042
906 1424
906 1465
906 1684
907 1720
909 1032
909 1843
910 1242
911 972
911 1496
911 1947
912 1677
913 1237
913 1551
914 1109
914 1163
914 1553
915 1125
915 1150
915 1437
915 1479
915 1801
917 1402
919 940
919 1885
920 1366
920 1721
921 1308
921 1316
921 1365
921 1466
921 1706
922 968
922 1613
923 1326
923 1518
924 1015
924 1791
924 1887
925 1015
925 1029
926 965
926 1105
926 1196
926 1365
926 1564
927 1555
928 1010
928 1440
929 1167
930 1020
930 1875
930 1953
931 1036
931 1691
933 1243
933 1318
933 1387
933 1731
936 1672
936 1678
939 1634
939 1932
940 1538
942 1942
943 1638
943 1801
943 1964
944 1710
945 1667
946 1279
948 1172
948 1530
949 1016
949 1224
949 1677
950 1112
951 1685
951 1917
952 1412
952 1602
952 1993
953 1297
954 1434
955 995
955 1064
956 1170
956 1314
956 1505
957 1520
958 1148
959 1003
959 1510
959 1597
960 1339
960 1524
962 1022
962 1987
963 1282
963 1872
964 1188
964 1195
964 1831
965 1052
965 1775
967 1061
967 1358
967 1704
968 1338
968 1926
969 1112
969 1725
970 1829
971 1005
971 1097
971 1307
973 1203
973 1351
974 1185
974 1896
976 982
976 1755
977 1820
977 1917
978 1006
978 1436
978 1523
978 1554
978 1902
979 1146
979 1386
979 1498
979 1814
980 1380
980 1404
980 1894
981 1343
981 1685
982 1628
982 1770
983 1720
984 1676
985 1052
985 1089
985 1118
985 1949
986 1779
987 1000
987 1294
987 1889
988 1522
988 1994
990 1326
990 1404
990 1622
991 1763
991 1923
992 1788
992 1952
994 1087
994 1110
994 1306
994 1547
994 1787
995 1981
995 1985
996 1177
999 1191
1000 1373
1001 1909
1003 1697
1005 1154
1005 1295
1005 1648
1005 1767
1006 1259
1006 1748
1007 1866
1009 1081
1009 1168
1009 1380
1009 1423
1009 1581
1011 1015
1012 1940
1012 1983
1013 1637
1013 1746
1014 1315
1014 1852
1018 1869
1018 1913
1019 1102
1019 1316
1019 1915
1020 1721
1021 1041
1022 1466
1022 1686
1023 1566
1024 1100
1024 1558
1025 1263
1025 1801
1026 1310
1026 1518
1027 1033
1027 1990
1029 1193
1029 1503
1030 1074
1030 1348
1031 1444
1031 1683
1032 1926
1034 1476
1034 1690
1034 1722
1035 1704
1036 1108
1036 1664
1038 1298
1038 1399
1038 1604
1038 1616
1039 1569
1039 1930
1042 1423
1042 1606
1043 1450
1044 1125
1044 1960
1046 1054
1047 1197
1048 1117
1048 1250
1049 1888
1049 1925
1049 1969
1050 1943
1051 1084
1051 1711
1053 1175
1053 1219
1053 1319
1054 1825
1055 1316
1055 1431
1055 1656
1059 1513
1060 1366
1060 1696
1063 1385
1063 1956
1064 1541
1064 1710
1066 1218
1066 1945
1067 1162
1068 1253
1068 1403
1070 1143
1071 1730
1072 1221
1073 1281
1073 1462
1074 1098
1075 1275
1077 1638
1078 1315
1078 1903
1079 1231
1079 1556
1081 1959
1082 1357
1082 1408
1082 1587
1083 1388
1083 1934
1084 1973
1085 1157
1085 1370
1085 1576
1085 1893
1086 1711
1087 1783
1089 1587
1090 1294
1090 1627
1092 1768
1093 1199
1093 1810
1094 1751
1095 1465
1095 1890
1096 1261
1096 1552
1096 1849
1097 1129
1098 1924
1099 1635
1102 1458
1103 1559
1104 1872
1104 1875
1105 1638
1106 1242
1106 1461
1107 1760
1108 1479
1109 1695
1111 1827
1111 1960
1112 1307
1113 1193
1114 1374
1115 1226
1115 1409
1115 1521
1115 1760
1117 1424
1119 1171
1119 1558
1120 1227
1120 1476
1126 1314
1126 1419
1127 1379
1128 1345
1128 1545
1128 1824
1128 1884
1130 1797
1132 1196
1132 1778
1133 1619
1133 1891
1135 1665
1136 1337
1136 1412
1138 1215
1140 1174
1141 1142
1141 1527
1141 1941
1142 1817
1143 1409
1143 1839
1144 1226
1145 1847
1146 1530
1146 1957
1148 1219
1148 1723
1148 1797
1149 1372
1151 1228
1151 1473
1152 1999
1153 1173
1153 1672
1154 1955
1154 1966
1157 1483
1158 1227
1159 1243
1159 1714
1161 1262
1161 1326
1162 1448
1162 1495
1162 1667
1162 1880
1163 1252
1163 1708
1163 1897
1164 1331
1165 1997
1166 1830
1167 1503
1167 1875
1168 1453
1168 1475
1168 1969
1171 1418
1171 1557
1173 1905
1175 1775
1178 1414
1179 1285
1179 1651
1180 1467
1180 1711
1182 1611
1182 1932
1183 1254
1183 1763
1185 1943
1186 1793
1187 1276
1187 1431
1187 1944
1188 1736
1188 1828
1189 1399
1189 1670
1189 1811
1190 1338
1192 1803
1193 1693
1194 1325
1194 1819
1195 1380
1195 1770
1196 1453
1197 1620
1198 1756
1198 1759
1198 1829
1198 1914
1199 1480
1200 1290
1200 1965
1201 1413
1203 1475
1203 1514
1208 1401
1211 1356
1211 1939
1212 1578
1213 1721
1214 1267
1214 1896
1217 1568
1218 1297
1218 1675
1218 1933
1219 1961
1219 1985
1220 1792
1221 1310
1222 1415
1222 1470
1223 1484
1223 1567
1223 1673
1225 1229
1225 1435
1226 1245
1229 1838
1231 1543
1233 1557
1235 1617
1236 1575
1236 1830
1237 1325
1237 1467
1238 1476
1239 1986
1240 1595
1243 1710
1243 1885
1245 1833
1245 1867
1246 1516
1246 1642
1246 1657
1246 1867
1246 1987
1249 1596
1250 1304
1250 1328
1251 1342
1251 1783
1253 1835
1253 1881
1256 1609
1259 1578
1260 1375
1260 1681
1261 1493
1261 1514
1261 1731
1262 1480
1264 1738
1266 1526
1268 1531
1269 1515
1270 1745
1271 1759
1272 1645
1273 1901
1274 1367
1275 1332
1279 1821
1282 1397
1283 1930
1285 1633
1286 1554
1286 1690
1286 1697
1289 1998
1290 1363
1290 1650
1290 1689
1290 1966
1291 1804
1291 1824
1292 1746
1293 1439
1293 1733
1294 1494
1295 1334
1295 1545
1295 1887
1298 1910
1300 1429
1300 1474
1301 1517
1302 1991
1303 1307
1303 1373
1304 1910
1305 1605
1305 1796
1306 1989
1307 1926
1308 1864
1310 1741
1310 1842
1311 1416
1311 1474
1311 1591
1311 1913
1312 1932
1313 1441
1313 1617
1320 1497
1320 1894
1321 1497
1324 1412
1325 1422
1326 1827
1327 1495
1327 1659
1329 1702
1329 1806
1330 1566
1330 1615
1331 1526
1332 1491
1332 1555
1333 1606
1334 1833
1334 1975
1335 1397
1335 1528
1335 1633
1338 1705
1340 1905
1341 1540
1343 1543
1343 1697
1344 1861
1345 1842
1346 1865
1348 1526
1348 1838
1349 1420
1349 1987
1350 1635
1351 1376
1352 1532
1352 1583
1353 1634
1353 1875
1354 1602
1354 1674
1357 1568
1358 1985
1361 1810
1362 1428
1365 1699
1366 1821
1366 1860
1367 1719
1368 1917
1369 1528
1369 1673
1370 1921
1374 1378
1375 1707
1377 1924
1379 1573
1380 1688
1381 1500
1381 1692
1382 1841
1384 1868
1386 1535
1386 1547
1386 1677
1386 1841
1387 1813
1387 1906
1388 1587
1389 1672
1390 1941
1392 1537
1394 1633
1397 1552
1397 1639
1397 1802
1398 1826
1399 1773
1399 1900
1399 1963
1399 1985
1401 1825
1403 1743
1404 1406
1404 1995
1406 1949
1408 1583
1409 1558
1410 1869
1410 1970
1411 1416
1411 1917
1412 1647
1414 1479
1414 1652
1415 1913
1417 1681
1417 1764
1418 1894
1419 1544
1419 1882
1420 1745
1420 1784
1424 1492
1427 1769
1428 1570
1428 1586
1428 1720
1429 1699
1429 1788
1429 1895
1430 1672
1430 1817
1431 1995
1432 1545
1436 1511
1437 1736
1440 1922
1441 1606
1441 1911
1442 1456
1442 1816
1442 1833
1443 1456
1443 1514
1444 1755
1446 1644
1447 1839
1448 1592
1448 1802
1450 1941
1451 1569
1451 1745
1452 1776
1452 1998
1453 1761
1453 1797
1454 1834
1456 1636
1456 1858
1457 1549
1460 1985
1461 1690
1464 1575
1464 1686
1465 1498
1465 1892
1466 1664
1466 1742
1466 1890
1467 1840
1470 1731
1472 1483
1472 1590
1474 1645
1477 1682
1479 1765
1480 1661
1480 1948
1482 1529
1482 1904
1486 1832
1486 1952
1488 1665
1495 1912
1495 1969
1496 1698
1496 1934
1497 1560
1498 1596
1498 1776
1499 1867
1501 1521
1502 1601
1502 1980
1503 1929
1504 1518
1504 1527
1504 1996
1505 1720
1506 1987
1509 1599
1511 1922
1514 1872
1514 1951
1515 1621
1515 1954
1515 1965
1516 1558
1516 1716
1517 1951
1518 1788
1518 1854
1519 1539
1520 1983
1526 1889
1530 1730
1530 1745
1530 1919
1531 1719
1531 1776
1531 1961
1533 1663
1533 1911
1534 1676
1534 1758
1535 1583
1537 1811
1537 1875
1540 1858
1543 1556
1543 1569
1543 1716
1546 1927
1548 1918
1549 1782
1552 1880
1552 1908
1553 1700
1557 1620
1557 1777
1557 1938
1561 1761
1562 1677
1562 1902
1563 1633
1563 1845
1566 1813
1567 1574
1567 1850
1568 1750
1569 1850
1569 1863
1570 1660
1570 1921
1571 1752
1575 1589
1575 1629
1576 1680
1576 1686
1576 1818
1577 1712
1579 1671
1579 1680
1579 1793
1586 1627
1586 1791
1588 1729
1588 1834
1591 1989
1593 1864
1594 1801
1594 1824
1596 1809
1597 1760
1602 1675
1602 1952
1604 1913
1606 1734
1607 1795
1611 1766
1611 1808
1612 1629
1613 1922
1614 1640
1615 1776
1616 1871
1617 1994
1618 1696
1619 1995
1628 1845
1630 1749
1635 1887
1636 1809
1639 1704
1640 1754
1642 1877
1645 1960
1646 1946
1647 1675
1649 1656
1653 1906
1654 1850
1655 1801
1657 1885
1657 1903
1658 1829
1658 1968
1659 1684
1660 1852
1660 1999
1663 1666
1663 1977
1664 1909
1666 1933
1666 1979
1669 1830
1675 1690
1675 1858
1677 1917
1679 1907
1679 1978
1682 1755
1682 1951
1684 1843
1684 1888
1684 1972
1686 1895
1687 1872
1688 1954
1688 1983
1689 1849
1690 1701
1691 1781
1691 1836
1693 1951
1696 1857
1697 1727
1713 1967
1716 1718
1718 1990
1720 1779
1726 1840
1728 1953
1733 1828
1734 1888
1741 1866
1746 1972
1751 1995
1754 1993
1760 1962
1767 1801
1768 1840
1770 1920
1781 1814
1785 1935
1788 1800
1792 1829
1806 1937
1809 1811
1809 1916
1811 1888
1819 1927
1826 1920
1831 1848
1836 1959
1844 1892
1848 1852
1848 1917
1865 1881
1865 1988
1866 1993
1870 1900
1876 1987
1878 1921
1890 1918
1895 1981
1907 1918
1908 1996
1922 1978
1932 1950
1936 1993
1938 1946
1941 1994
1952 1967
1960 1987
