2000 3005
17
68
23
22
48
56
54
19
78
14
65
41
31
54
97
55
10
15
37
82
73
32
2
80
26
13
57
10
62
81
79
37
39
83
65
93
57
78
20
98
12
55
88
7
34
6
67
85
31
88
8
61
91
69
19
29
31
34
17
92
81
74
49
96
71
86
99
96
3
53
11
13
73
61
94
34
96
15
45
78
9
39
68
53
10
51
71
33
1
66
51
91
86
57
66
29
69
45
59
50
6
65
82
87
44
45
66
43
87
59
94
20
11
57
14
87
72
26
90
70
52
83
58
98
76
78
22
61
87
52
81
49
49
42
78
92
93
28
17
29
100
56
21
18
54
39
58
96
2
51
15
98
94
9
67
20
40
26
42
82
50
94
23
50
73
19
14
97
81
66
80
41
9
14
93
76
77
93
39
35
42
82
38
81
65
27
22
4
13
73
10
46
84
55
98
53
42
71
100
94
76
34
72
84
5
10
84
85
13
87
10
87
98
38
29
60
82
93
36
52
4
5
7
29
90
40
55
79
100
27
61
25
96
9
80
91
36
16
35
82
79
84
1
63
51
81
9
26
19
3
72
86
67
23
76
79
49
28
22
42
44
92
12
77
31
68
77
88
95
87
63
5
25
85
34
55
66
75
75
76
51
72
100
60
24
96
54
6
32
86
34
9
19
65
21
21
43
57
67
82
3
23
83
22
35
8
89
24
8
97
35
7
53
63
73
69
31
98
9
45
77
84
61
96
90
53
25
34
81
94
4
64
21
88
70
8
48
2
19
46
10
73
65
58
34
1
14
21
59
29
95
33
14
86
28
53
57
86
43
21
96
41
24
86
52
31
80
26
72
88
73
77
75
46
53
27
46
100
20
60
8
73
93
78
29
94
32
89
77
5
1
33
67
94
22
25
46
21
84
85
60
79
9
77
59
45
6
74
77
7
70
76
34
40
49
91
67
77
44
57
60
97
96
68
33
49
42
57
70
40
62
28
26
29
70
6
35
82
69
3
32
25
4
97
72
69
97
48
43
33
97
11
96
27
97
63
46
24
90
42
66
40
26
78
9
92
65
10
33
62
43
11
19
21
92
15
82
50
91
90
9
83
94
35
84
9
94
28
77
92
36
51
67
32
14
87
61
72
62
89
76
53
95
33
2
24
46
4
100
2
15
56
87
99
43
26
63
50
77
70
64
40
94
37
54
80
68
5
68
1
27
26
14
18
38
33
5
4
67
92
56
84
3
86
41
11
94
74
20
45
44
36
29
43
6
60
28
84
97
83
86
49
84
94
77
16
89
39
45
20
62
50
34
6
60
65
99
14
95
3
18
32
79
1
9
61
20
24
33
62
48
4
9
85
58
26
52
49
22
38
60
41
68
21
7
69
30
1
13
3
87
22
76
8
22
68
1
100
62
20
43
63
95
52
42
65
84
28
30
8
78
33
86
64
20
12
68
79
31
76
67
73
65
78
76
67
90
20
93
24
37
12
79
30
63
45
26
91
67
81
77
28
31
6
27
2
47
14
48
84
13
27
71
62
86
96
44
99
50
94
66
68
13
29
25
99
40
78
60
38
38
16
34
100
10
48
98
99
76
85
50
81
10
41
96
45
79
86
84
83
45
6
27
22
23
22
26
13
76
74
30
37
3
36
99
1
76
5
83
54
32
72
10
29
80
48
51
10
36
76
88
14
5
2
35
10
82
57
60
26
61
68
13
18
13
58
63
76
18
80
96
32
53
4
94
2
8
2
89
71
77
1
56
36
35
92
64
68
56
23
62
1
93
37
92
74
56
87
24
49
26
100
10
33
56
25
64
50
26
48
68
1
35
99
85
92
8
35
2
30
19
6
22
55
78
26
23
66
64
50
19
68
10
6
68
74
5
74
11
87
59
92
95
23
85
69
56
34
37
22
7
9
91
59
18
46
82
19
51
40
20
48
94
22
61
79
13
6
84
77
1
55
40
84
44
17
73
61
44
10
100
51
94
22
54
2
35
88
19
44
28
96
26
85
60
45
12
65
15
60
38
16
100
67
2
82
11
29
51
29
7
44
13
27
1
44
80
6
2
54
19
34
23
16
39
72
85
55
12
93
43
14
20
69
26
39
81
29
14
50
45
51
78
32
58
57
5
90
74
65
31
79
70
55
12
51
54
76
7
50
41
40
93
86
18
62
8
23
38
15
85
44
31
77
42
46
50
61
91
37
77
13
37
38
66
8
97
98
9
42
67
98
97
31
100
27
22
16
9
73
37
33
26
29
81
63
67
73
35
62
97
82
12
16
5
20
33
29
96
92
83
77
46
7
83
74
44
38
100
87
62
13
11
86
98
22
53
88
1
69
21
4
97
65
28
44
70
14
99
54
7
18
66
15
8
20
99
10
98
56
93
55
89
41
45
6
65
58
84
28
8
53
82
39
63
68
52
61
46
72
69
99
7
1
55
52
13
17
70
23
93
31
80
100
79
70
78
80
14
28
100
79
51
51
71
34
85
44
43
67
22
81
4
20
5
76
78
80
24
77
62
58
38
62
76
54
63
77
55
68
50
55
12
55
74
57
84
48
33
29
40
34
39
30
3
11
86
89
92
37
59
22
5
9
37
43
54
24
2
7
77
77
48
5
70
100
80
59
61
17
94
87
43
27
63
81
69
25
48
9
68
33
35
46
82
52
41
23
30
31
90
63
88
15
78
4
40
73
23
34
93
35
78
43
40
69
36
1
79
83
25
86
13
3
87
9
10
39
98
9
11
47
89
73
64
44
89
88
78
9
88
39
72
20
4
84
83
33
51
60
23
24
80
79
91
56
87
92
49
81
13
84
1
19
99
9
19
94
100
93
14
75
23
60
25
21
41
23
49
5
79
1
63
83
47
84
33
8
98
3
99
100
45
23
25
75
5
100
81
42
23
62
70
42
84
92
29
13
16
15
48
54
66
33
68
8
54
41
84
93
29
94
68
86
17
25
52
15
76
58
25
39
73
100
48
64
35
3
91
97
82
48
60
63
55
49
28
77
79
39
20
53
79
45
40
89
7
40
85
26
91
19
21
39
12
20
85
42
57
37
54
7
85
63
79
93
18
49
70
79
18
2
65
60
30
100
78
62
18
57
42
22
61
92
68
9
58
77
12
33
24
41
1
88
34
24
99
92
100
46
1
65
28
16
23
61
41
43
88
99
79
80
27
69
48
69
11
18
69
98
69
86
98
21
9
90
3
22
98
76
37
71
37
96
83
39
62
72
29
86
9
25
91
12
80
84
80
14
68
37
72
18
93
18
52
58
83
19
62
83
11
95
94
74
75
74
53
27
20
37
35
78
17
25
6
60
75
93
58
64
27
67
4
11
21
32
54
11
43
21
61
62
62
31
33
23
15
78
35
12
8
79
60
76
27
64
51
46
80
7
28
88
29
66
3
81
47
8
27
76
25
87
42
97
70
72
32
22
52
97
14
52
5
17
88
56
74
79
48
23
45
39
84
92
17
88
71
64
44
53
93
97
68
92
4
69
17
73
71
24
99
79
19
41
22
60
53
72
64
80
53
57
63
24
48
2
15
35
53
17
51
25
100
31
23
42
79
33
68
75
75
35
20
65
21
97
29
56
95
83
87
78
88
30
83
81
21
1
86
9
83
95
4
17
78
9
45
91
8
95
73
88
59
35
74
52
37
89
5
18
2
76
53
9
47
7
9
11
8
29
85
32
67
54
66
17
91
92
40
89
72
54
43
76
31
2
64
34
68
97
92
56
35
95
95
77
81
90
77
49
80
55
67
64
18
55
40
4
91
87
48
16
63
74
48
75
59
78
94
66
32
62
21
21
39
61
77
74
81
29
76
35
67
100
41
80
88
57
25
29
95
35
60
23
65
17
2
14
83
91
81
49
41
40
57
6
36
3
63
80
57
80
46
29
2
23
32
24
86
84
10
59
49
83
86
88
31
37
6
86
62
1
17
36
47
16
51
24
66
95
73
5
21
81
1
10
68
76
32
59
30
47
20
66
59
58
72
97
71
39
51
33
9
76
33
18
28
83
39
89
12
13
86
29
68
50
68
7
37
36
49
60
73
38
61
73
14
40
15
53
47
36
83
23
86
49
29
53
23
86
56
39
68
8
8
77
33
19
48
6
58
54
63
25
31
3
27
68
98
29
63
99
50
12
15
47
12
5
4
91
15
74
7
42
85
76
62
18
56
60
3
74
33
52
10
65
10
41
23
25
94
30
90
70
84
54
12
13
91
25
28
20
79
88
80
58
89
21
68
28
98
43
83
70
76
50
35
82
88
47
74
56
13
29
42
29
43
41
20
51
42
96
93
86
61
58
11
69
2
57
10
73
38
54
70
7
18
37
31
88
96
3
61
44
26
2
43
16
94
64
25
19
18
44
71
2
98
48
52
38
68
20
65
15
61
86
2
60
45
27
40
60
14
42
18
89
25
79
83
19
41
9
83
11
47
99
88
100
55
49
19
25
79
79
87
68
72
67
47
92
28
30
20
90
94
99
34
65
48
58
63
89
1
56
65
31
14
20
98
13
0 20
0 177
0 201
0 259
0 504
1 441
1 1272
1 1548
1 1978
2 685
2 1425
3 95
4 460
5 237
5 379
6 985
6 1227
7 272
7 602
7 1641
8 225
8 422
8 997
8 1101
8 1493
9 81
9 292
9 654
9 1659
10 293
10 502
10 1894
11 422
11 891
11 1545
12 335
12 404
12 501
12 507
12 1002
12 1224
12 1453
13 1095
14 207
14 326
14 563
14 1694
15 143
15 980
16 651
16 1878
18 328
18 774
19 1140
19 1154
19 1276
19 1473
19 1511
20 141
20 1109
20 1229
20 1546
20 1575
21 696
21 1567
22 651
22 1089
22 1297
23 1965
24 384
24 590
24 1922
26 400
26 464
26 1268
27 1625
27 1719
27 1884
27 1940
28 1641
28 1705
28 1945
29 183
29 854
29 1539
29 1584
29 1626
29 1801
30 386
30 1427
30 1796
30 1871
30 1925
31 179
31 1299
32 659
32 669
32 812
32 1337
32 1362
33 659
33 876
33 935
33 1824
34 152
34 785
34 986
34 1449
34 1866
35 522
35 581
35 629
35 891
35 1233
36 581
36 893
36 1228
36 1558
36 1572
37 1036
38 1123
38 1169
38 1467
38 1495
39 194
39 738
39 1295
39 1608
40 416
40 543
40 985
40 1790
41 1583
42 793
42 1080
43 471
43 741
43 804
43 1317
43 1638
44 183
44 354
44 784
44 1001
44 1936
44 1991
45 499
45 513
45 1304
45 1554
46 744
46 836
46 1669
47 410
47 535
47 714
47 1291
49 172
49 751
49 1064
50 230
50 439
50 1511
50 1527
50 1955
51 849
51 1085
51 1493
51 1584
51 1609
51 1617
52 462
53 505
53 601
53 841
53 888
53 1102
54 314
54 884
55 1198
55 1257
55 1374
55 1465
55 1799
56 210
56 229
56 1338
56 1746
57 224
57 1238
58 1277
60 124
60 1081
60 1309
61 401
61 1180
61 1196
62 730
62 1631
62 1840
62 1878
63 1586
64 1275
64 1528
64 1582
64 1898
65 488
65 713
65 941
66 217
66 957
66 1574
66 1675
66 1714
67 553
67 1829
68 903
69 92
69 898
70 1651
71 226
71 930
71 1014
71 1403
71 1681
71 1827
72 1918
73 782
74 728
74 742
74 1203
74 1979
74 1996
75 418
75 1273
75 1804
76 111
76 1919
77 710
77 1066
79 327
79 632
79 1259
80 142
80 1495
80 1511
80 1729
81 772
81 1094
81 1321
81 1426
82 422
82 1306
82 1725
82 1924
83 91
83 1949
84 133
84 213
84 540
85 133
85 1264
86 566
87 239
89 1590
89 1784
90 1093
91 262
91 615
91 653
92 1192
93 520
93 798
94 502
94 538
94 599
94 1116
95 444
95 993
95 1535
95 1909
96 107
96 329
96 1859
96 1980
97 417
97 1137
98 425
98 1008
98 1626
98 1670
98 1885
99 310
99 445
99 500
99 730
99 1324
99 1988
100 1106
100 1369
101 987
101 1522
101 1632
101 1846
101 1930
102 406
102 516
102 803
102 1258
103 190
103 277
103 549
103 583
103 667
103 1462
104 494
104 669
104 1019
105 210
105 1939
106 376
107 1137
107 1172
107 1767
108 306
109 669
110 1744
111 130
111 225
111 1581
113 472
113 918
113 945
113 1641
114 1026
114 1028
114 1437
114 1591
114 1686
115 757
115 990
115 1335
115 1677
116 326
117 292
117 806
117 1297
117 1404
117 1930
118 610
118 1072
118 1182
119 451
120 147
120 1132
120 1511
121 153
121 820
121 1551
123 169
123 201
123 644
123 1537
123 1909
124 918
124 956
124 1106
124 1655
125 257
125 775
125 1046
125 1312
125 1872
125 1951
126 1118
127 713
127 1138
127 1861
128 864
128 1747
129 914
130 475
130 1579
131 704
131 881
131 889
132 523
132 669
132 1784
133 878
133 1960
134 143
135 165
135 1012
135 1071
135 1922
136 953
136 1118
136 1285
136 1860
137 746
137 1320
137 1377
137 1504
137 1566
138 576
138 867
138 1113
139 754
139 1557
139 1573
139 1858
140 1048
140 1510
140 1785
140 1859
141 552
141 1733
141 1886
142 515
142 1255
142 1310
142 1331
144 1273
144 1653
145 511
145 627
147 284
147 411
147 1253
148 922
148 1442
149 1505
149 1833
150 194
150 423
150 601
150 771
150 937
151 397
151 734
151 1003
151 1392
151 1445
151 1451
152 658
152 890
152 1012
152 1350
153 352
153 575
153 585
153 1107
154 879
154 1318
154 1724
155 883
155 977
155 1616
156 963
157 603
157 918
157 1848
158 268
159 289
159 361
159 395
159 552
159 597
159 670
159 714
160 173
161 1667
162 436
162 576
162 1122
162 1163
162 1545
162 1989
163 708
163 1088
163 1286
164 421
164 786
164 1173
164 1567
165 309
165 1008
166 212
166 1078
166 1122
166 1842
167 438
167 451
167 1539
168 481
168 655
169 267
169 279
169 340
169 529
170 1283
171 203
171 895
171 1006
172 439
172 584
173 1316
173 1720
174 912
175 1876
176 245
176 651
176 1897
177 919
180 1510
180 1543
181 887
182 567
182 724
182 1803
183 992
183 1680
184 312
184 399
184 746
185 334
186 1820
187 782
187 1420
187 1515
188 700
188 802
189 450
189 1325
192 1147
192 1460
192 1559
193 233
193 864
193 873
193 1531
193 1555
194 474
194 1532
195 934
195 1223
195 1459
195 1578
196 662
196 1145
196 1485
197 565
197 761
197 977
197 1581
197 1881
198 690
198 1176
198 1284
199 547
199 834
199 1028
199 1205
199 1537
199 1977
200 675
200 1057
200 1199
200 1560
201 1062
201 1756
202 760
202 1076
202 1940
203 303
203 663
203 1197
204 312
204 333
204 551
204 1099
204 1438
204 1500
205 292
205 1066
206 581
206 754
206 1065
207 450
207 536
208 834
209 1628
210 354
210 595
210 649
210 1600
211 1051
211 1993
213 1919
214 482
214 1067
214 1487
214 1860
214 1972
214 1996
215 1476
215 1729
216 426
216 543
219 1429
220 232
220 1378
220 1649
220 1902
221 237
221 1574
221 1580
223 884
224 560
224 760
224 866
225 618
225 867
226 408
226 491
226 904
227 1142
228 565
228 1080
228 1124
228 1752
230 1313
230 1562
232 729
232 892
232 1139
232 1781
232 1950
233 270
233 732
233 1652
234 299
235 334
235 1382
236 809
236 950
236 1417
237 1593
238 460
238 879
238 1250
238 1375
239 1663
240 755
240 765
240 1573
240 1820
240 1986
242 1122
242 1902
243 1304
243 1536
243 1920
244 913
244 1808
245 1618
245 1910
246 369
247 528
248 644
248 1278
248 1685
249 377
249 1283
250 484
250 1014
250 1796
250 1834
251 1195
251 1480
251 1495
252 1943
253 1174
254 1781
255 307
255 744
255 1693
255 1956
256 319
256 781
257 320
257 1607
257 1636
258 677
258 913
258 1017
258 1442
259 1594
260 1676
260 1743
261 994
261 1263
261 1651
261 1837
261 1975
262 1073
262 1090
262 1113
262 1544
263 548
263 1139
263 1411
264 790
264 905
264 1103
264 1247
264 1389
264 1754
265 1193
265 1764
266 1978
267 606
267 1559
268 1503
268 1633
269 569
270 344
270 1592
271 532
271 1923
272 1607
273 307
273 787
273 805
273 1142
275 1231
275 1360
275 1704
276 1247
277 437
277 701
277 1241
277 1403
277 1857
278 428
278 925
278 956
278 1331
278 1587
279 461
279 1888
280 406
280 1165
280 1237
280 1659
280 1786
280 1933
281 340
281 372
281 452
281 530
281 1316
281 1716
281 1960
282 1224
282 1817
283 417
284 541
284 741
284 1131
285 1138
285 1508
285 1841
286 602
286 1750
286 1806
287 423
287 552
287 1932
289 494
289 610
289 1930
290 350
290 1011
290 1320
290 1525
291 1202
292 429
292 1599
292 1690
292 1747
292 1781
293 1309
294 1617
294 1666
295 833
295 1553
295 1820
295 1903
296 999
296 1041
296 1316
296 1501
296 1548
297 817
297 1155
297 1280
298 1075
299 389
299 591
299 1638
300 456
300 612
300 654
300 671
300 839
300 1095
300 1266
300 1662
301 726
301 1262
301 1365
301 1708
303 375
303 946
303 1966
304 360
304 379
304 529
304 536
305 977
305 1166
305 1525
305 1911
306 1579
307 368
308 749
308 1025
308 1286
308 1346
308 1527
309 1663
309 1770
309 1805
310 993
311 327
311 934
311 945
311 1085
311 1823
312 616
313 727
313 772
313 807
313 1446
313 1840
314 583
314 628
314 706
314 735
314 1810
315 612
315 831
315 1430
316 1945
317 554
317 617
317 1642
317 1784
318 824
318 1505
318 1791
318 1873
319 352
319 554
319 849
320 464
320 862
320 1532
321 334
321 630
321 1276
322 567
322 1449
323 552
323 792
323 1327
324 533
324 596
324 1376
324 1642
325 748
326 539
326 1042
327 1285
328 521
328 535
328 599
328 629
328 788
328 839
328 1551
329 438
329 933
329 1242
330 1844
331 434
331 1054
331 1657
331 1954
332 772
332 1529
333 916
333 1203
334 744
334 810
335 715
335 1748
336 1416
336 1493
337 557
337 995
337 1047
337 1890
338 404
338 544
338 821
338 1866
339 961
339 1084
339 1319
339 1944
341 1914
342 775
342 919
342 1172
342 1532
342 1640
343 945
343 1262
343 1415
343 1449
343 1606
343 1675
344 947
344 985
344 1247
344 1512
344 1702
345 1530
346 1269
346 1920
347 672
347 1061
348 1099
349 1014
349 1472
350 864
350 1120
351 1723
352 473
352 803
352 1400
352 1795
353 1128
353 1645
353 1675
353 1826
354 1510
355 1051
357 797
357 1500
357 1509
359 444
359 670
359 1865
360 598
360 660
360 894
361 520
361 548
361 685
361 1349
362 1552
362 1957
363 950
364 1264
364 1484
364 1565
365 617
366 394
366 761
366 1499
366 1881
367 1549
367 1723
368 428
368 1576
368 1802
369 1749
370 699
370 855
370 1018
370 1225
371 449
371 1162
371 1672
372 668
372 1522
372 1905
373 585
373 1064
373 1915
373 1920
374 431
374 998
374 1900
375 1768
376 705
376 937
376 1774
377 1330
377 1468
377 1753
378 1885
379 480
379 1011
380 468
380 1847
381 719
382 760
382 782
382 1085
383 1309
384 765
384 1993
385 746
385 1015
386 1258
386 1588
387 406
387 1505
388 403
388 865
388 1273
389 553
389 1317
391 969
391 1425
393 462
393 1714
394 1008
395 1534
395 1577
395 1822
395 1904
396 817
396 1394
396 1809
397 609
397 1272
398 439
398 1128
398 1472
399 915
399 1384
399 1615
399 1943
400 920
401 796
401 1228
402 1055
402 1241
403 540
403 1478
403 1762
404 885
404 1016
404 1245
405 1962
406 855
406 1093
406 1553
406 1962
408 537
408 1627
408 1790
409 515
409 1201
409 1642
409 1938
409 1970
410 655
410 1110
410 1632
410 1636
410 1664
410 1886
411 1088
411 1569
412 1977
414 443
414 1083
415 871
415 1926
415 1989
416 1560
416 1607
417 1276
417 1291
417 1534
417 1774
418 1320
418 1946
419 440
419 1136
420 786
420 1035
421 629
421 885
421 893
422 548
422 692
423 673
423 1281
423 1692
423 1868
424 508
424 549
424 1194
425 1237
425 1440
426 663
426 1269
426 1721
427 823
428 771
428 1324
428 1492
428 1546
429 473
429 831
429 1632
430 1552
431 848
431 1942
432 1056
432 1639
433 1296
433 1315
433 1696
433 1703
434 1098
434 1179
434 1356
435 1084
435 1139
437 960
437 1440
438 1913
438 1969
439 1644
440 858
440 1075
440 1638
441 575
441 831
441 1111
442 556
442 1309
442 1896
443 644
443 782
443 953
443 1265
444 820
444 931
444 1326
445 890
445 1898
446 604
446 1263
446 1696
447 1196
447 1282
447 1684
447 1753
447 1848
448 538
448 903
448 1741
449 1500
449 1867
450 1531
450 1728
451 723
451 777
451 949
451 1880
452 630
454 871
454 1167
454 1313
454 1680
455 1453
455 1463
456 471
456 646
456 1304
456 1936
457 700
458 834
458 1259
459 1106
460 752
461 488
462 901
462 1392
463 986
464 551
464 777
464 1784
464 1927
465 503
465 1440
465 1558
465 1878
466 1133
466 1167
467 543
467 1576
468 1059
468 1172
468 1180
468 1627
469 492
469 616
469 945
469 1183
469 1275
469 1570
469 1598
470 965
471 804
472 973
472 1335
473 494
473 1140
473 1499
474 720
474 916
474 1055
475 1785
475 1805
476 695
476 819
476 1577
476 1820
477 1195
477 1211
478 988
478 1479
478 1552
478 1695
479 808
479 969
479 1065
479 1434
480 657
480 850
480 918
480 1307
481 882
482 703
482 1236
482 1591
482 1908
483 1740
484 625
484 681
484 1076
484 1301
484 1418
485 1161
486 951
486 1006
486 1536
486 1833
487 1413
489 1510
490 1949
491 1471
492 1464
493 1384
494 802
494 1068
494 1157
494 1771
495 1795
496 1298
497 1562
497 1769
498 536
498 1276
498 1450
498 1452
498 1957
499 559
499 1969
500 1718
500 1780
501 1098
501 1621
502 975
502 1259
502 1337
502 1476
502 1830
502 1834
503 1309
504 1494
504 1792
505 1588
506 790
506 1411
506 1719
507 923
507 1289
508 589
508 1986
509 1023
510 579
510 599
510 629
510 736
511 1379
511 1389
512 1795
513 633
513 741
514 589
514 1136
514 1423
514 1616
514 1789
514 1953
515 795
516 1511
517 912
517 1157
517 1171
517 1249
517 1713
518 1644
519 1690
519 1863
520 1285
521 695
522 552
522 557
522 805
522 833
523 548
523 787
524 1438
526 577
526 710
526 991
526 1167
526 1374
527 1724
527 1856
528 891
528 1652
529 1307
529 1721
529 1915
530 642
530 1230
530 1748
531 1401
532 708
533 1076
533 1447
534 1545
535 631
535 1050
535 1083
535 1605
535 1616
536 1838
536 1870
537 1435
537 1690
537 1894
538 1419
539 556
539 1572
540 1080
540 1215
540 1605
540 1937
541 951
541 1190
542 932
542 1090
542 1895
543 598
543 765
543 1615
544 838
545 601
545 1084
545 1603
546 1013
546 1668
547 632
548 618
548 780
548 825
548 1533
548 1581
549 862
549 998
549 1837
550 686
551 639
552 1045
552 1119
552 1243
552 1880
553 1000
553 1020
553 1436
553 1623
554 998
555 1195
555 1704
556 1049
557 663
557 1533
558 592
558 610
558 844
558 1037
558 1880
559 1240
559 1539
559 1833
560 1387
560 1502
560 1693
561 1085
561 1323
562 590
562 1235
563 962
564 1228
566 603
566 646
566 1301
566 1346
566 1679
567 631
568 789
568 1082
568 1802
570 1379
570 1462
571 842
571 1143
571 1674
572 1168
572 1918
573 775
573 1103
573 1432
574 1038
574 1558
574 1770
575 691
575 777
576 710
576 1233
577 1445
577 1814
578 816
578 1725
580 1200
582 1808
583 614
583 1642
584 1563
584 1778
585 1689
589 1981
590 1034
590 1207
590 1452
590 1601
591 642
591 905
591 1673
594 1180
595 760
595 1958
596 1691
597 645
597 1316
599 753
599 1451
599 1492
600 1534
601 662
601 891
601 1342
601 1975
602 624
603 853
603 1270
603 1821
604 623
605 923
605 1396
605 1502
605 1735
605 1858
606 834
606 1555
606 1814
607 974
607 1159
607 1252
607 1349
607 1724
607 1913
608 1366
608 1432
608 1447
609 1489
610 1600
610 1943
611 1152
611 1196
611 1639
611 1962
612 1515
612 1735
613 933
614 859
615 1343
616 911
616 1598
617 1080
617 1551
617 1799
618 912
618 1078
618 1721
618 1978
619 630
619 636
619 1336
621 696
621 707
621 1437
621 1807
622 894
622 1417
622 1970
623 726
623 1891
625 1538
626 1498
628 811
628 1672
629 732
629 1914
630 1832
631 1153
632 634
632 1743
632 1942
633 911
635 1480
635 1790
635 1809
636 1406
636 1987
637 687
637 817
637 1193
637 1252
637 1295
638 1405
639 1273
639 1627
641 1586
642 670
642 881
642 1510
643 788
643 1120
643 1744
643 1793
643 1873
644 1035
644 1236
645 887
645 1799
646 970
646 1408
647 1342
647 1454
647 1656
648 926
648 1314
648 1965
649 1422
650 896
650 1721
650 1744
652 1060
652 1261
652 1634
652 1724
653 818
653 1199
653 1404
653 1525
654 1507
654 1978
656 1682
657 908
657 1218
657 1476
657 1741
657 1821
658 1036
658 1768
658 1781
658 1810
658 1999
659 1477
660 838
660 1404
660 1897
661 1203
661 1509
663 1994
664 1257
664 1955
665 1496
666 895
666 1668
667 904
667 1510
667 1603
668 1406
668 1474
669 820
669 850
669 860
669 979
669 1387
669 1476
669 1565
670 845
670 1036
670 1231
671 1112
671 1348
671 1565
672 1329
672 1399
672 1518
673 1162
673 1506
674 1447
678 1560
679 1315
679 1756
680 682
680 1283
681 731
681 1155
681 1322
681 1411
681 1594
681 1888
682 1007
682 1137
683 1910
684 768
685 1507
685 1608
685 1974
686 693
686 1714
687 1412
687 1672
688 1170
688 1452
688 1542
688 1737
688 1754
688 1786
689 1916
690 1597
691 1040
691 1166
691 1349
691 1801
692 1546
693 1055
693 1444
694 781
694 1082
695 1860
696 1327
697 1728
697 1838
699 1141
699 1223
699 1745
700 1409
700 1588
700 1886
700 1989
701 1871
702 1370
702 1933
703 1329
703 1581
704 1042
704 1472
704 1664
705 827
705 1307
705 1769
706 1527
707 747
708 1067
708 1137
709 887
709 939
710 1826
711 838
711 1095
712 1366
712 1979
713 724
713 748
713 852
713 1779
713 1995
714 1950
715 1406
715 1884
716 1201
716 1559
716 1651
717 757
717 1060
717 1507
718 794
718 924
718 1338
718 1385
719 1568
719 1814
720 1850
720 1917
721 912
721 1362
722 1470
722 1533
723 1250
723 1332
723 1724
725 1516
726 878
726 979
726 1197
726 1339
726 1506
727 1455
727 1943
728 845
729 790
729 1295
730 817
730 1716
731 1273
731 1804
732 1698
733 1535
734 765
734 914
734 1472
735 1109
735 1880
736 778
736 940
736 1056
736 1071
736 1118
739 1864
740 1739
741 803
741 1261
742 801
743 1175
743 1187
743 1962
744 1866
745 1989
746 1431
746 1433
749 1554
749 1967
750 819
750 1815
750 1884
751 1210
751 1400
751 1798
751 1993
752 1889
752 1989
755 1071
755 1913
758 1706
758 1847
759 1051
759 1854
760 1205
761 884
761 1543
762 1118
762 1687
763 902
763 1153
763 1462
763 1910
765 857
765 974
765 1014
766 1387
766 1563
766 1831
767 1136
767 1594
768 1161
768 1919
769 1350
769 1428
769 1599
769 1920
770 1866
771 1666
772 1336
773 1037
773 1312
773 1432
773 1603
774 1476
775 1649
776 1644
777 1558
777 1761
778 997
779 1146
780 1965
782 923
783 816
783 1112
784 1168
784 1469
784 1689
785 874
785 1314
785 1583
785 1793
786 1864
787 874
787 1467
787 1711
787 1712
787 1909
788 843
788 992
788 1002
788 1474
788 1630
789 795
789 991
789 1457
789 1707
789 1780
790 1430
790 1641
790 1817
791 1557
792 910
794 1092
794 1218
795 811
795 983
796 922
797 1042
797 1728
798 1593
799 1658
800 1388
800 1723
800 1944
801 1282
802 1576
802 1746
803 1983
804 968
804 1113
805 1030
805 1369
805 1759
806 1176
807 1535
808 893
808 1354
809 1979
810 1254
810 1497
811 974
812 1427
813 1020
813 1278
814 843
814 1124
814 1219
815 1326
815 1405
815 1442
816 1195
816 1227
817 878
818 1871
819 1026
819 1476
821 963
821 1792
822 1116
822 1690
823 979
823 1193
823 1439
824 958
825 1200
825 1833
827 974
827 1374
827 1666
827 1737
828 1693
829 1159
829 1213
830 1069
830 1206
830 1591
830 1922
830 1983
831 1779
831 1852
832 903
832 1047
833 1170
833 1192
833 1997
836 1686
837 1989
838 1309
838 1603
838 1974
839 887
839 1041
839 1090
839 1771
840 906
840 976
840 1264
842 1583
842 1683
842 1705
842 1731
843 986
843 1455
843 1464
843 1733
844 1083
844 1215
845 926
845 1214
846 1054
846 1392
847 1036
847 1437
847 1633
849 1532
849 1656
850 956
850 1003
850 1714
851 1207
852 1828
853 1135
853 1150
853 1376
853 1909
853 1961
854 1972
855 1020
855 1141
855 1187
855 1627
856 985
857 1144
858 1642
859 1863
860 1587
860 1997
862 1639
864 1628
865 1925
865 1926
866 1159
867 893
867 1061
867 1424
868 1048
870 983
870 1326
870 1715
870 1909
873 1362
873 1455
873 1629
873 1790
873 1967
874 961
874 1737
874 1800
877 1175
877 1587
877 1990
879 1437
879 1826
879 1889
880 1710
882 1024
882 1324
882 1523
882 1888
883 1131
883 1952
885 1215
885 1448
886 1025
886 1359
886 1833
887 1966
888 1969
890 1780
891 1854
891 1946
892 1744
894 953
894 1252
896 1451
896 1479
896 1938
897 997
897 1480
897 1666
897 1818
899 1858
900 1335
900 1701
901 905
902 1053
903 1177
903 1369
903 1437
903 1465
903 1634
903 1675
904 1632
905 1023
905 1688
905 1794
907 1015
910 1589
910 1603
910 1716
911 1738
911 1912
912 1055
913 1028
913 1240
913 1635
914 1394
915 1064
915 1772
915 1815
916 1469
916 1885
917 1146
918 1337
918 1387
918 1409
918 1413
918 1625
919 1121
920 1263
920 1715
921 1572
922 1390
922 1518
922 1705
923 1416
924 1527
924 1782
926 1536
926 1742
929 1232
929 1650
929 1721
930 1118
930 1911
931 1316
931 1663
931 1726
932 1881
933 1816
934 1197
934 1862
934 1880
936 1938
937 1890
938 1215
939 1141
939 1709
939 1874
940 1292
941 1639
942 1934
942 1982
943 1269
943 1446
943 1940
944 999
944 1034
944 1432
945 1753
945 1986
946 1175
947 1326
948 1199
948 1728
949 1347
949 1411
950 1479
951 1189
951 1451
953 1970
954 1872
955 1380
956 1786
959 1072
960 1787
961 1400
962 1707
962 1899
963 1824
964 1428
965 989
966 1700
966 1744
967 1220
967 1281
967 1473
967 1648
968 1298
968 1679
969 1206
969 1589
969 1673
970 1942
971 1396
971 1570
971 1802
971 1879
972 1216
974 1016
974 1102
974 1338
975 1225
975 1297
976 1877
976 1967
977 1393
980 1048
980 1990
982 1695
983 1089
983 1354
983 1871
983 1892
985 987
985 1114
985 1145
986 1585
986 1780
987 1718
987 1970
988 1121
988 1524
988 1559
989 1697
990 1023
990 1132
990 1558
990 1901
991 1492
991 1830
992 1226
992 1746
992 1783
993 1252
993 1837
993 1966
994 1480
996 1043
997 1911
997 1973
999 1633
1000 1461
1001 1850
1001 1989
1002 1005
1002 1620
1004 1093
1004 1546
1005 1535
1005 1882
1006 1412
1006 1860
1006 1994
1007 1988
1008 1396
1008 1552
1009 1543
1010 1242
1010 1807
1011 1446
1012 1195
1012 1669
1012 1894
1013 1838
1013 1987
1014 1358
1014 1841
1014 1902
1015 1092
1015 1412
1018 1808
1021 1674
1023 1189
1023 1699
1023 1774
1024 1705
1024 1938
1026 1988
1028 1973
1029 1392
1029 1697
1029 1825
1030 1079
1032 1874
1034 1166
1034 1868
1034 1956
1035 1453
1036 1370
1036 1531
1036 1599
1037 1380
1037 1522
1038 1183
1039 1593
1040 1764
1041 1219
1042 1754
1042 1854
1043 1083
1043 1858
1045 1788
1046 1227
1046 1500
1047 1477
1047 1792
1047 1835
1049 1412
1051 1254
1051 1456
1052 1468
1052 1652
1053 1654
1054 1968
1055 1239
1056 1216
1056 1701
1057 1233
1057 1568
1058 1285
1058 1313
1059 1141
1060 1224
1060 1803
1061 1581
1061 1870
1061 1945
1062 1985
1064 1074
1065 1069
1067 1483
1067 1614
1068 1746
1069 1434
1070 1855
1072 1124
1072 1589
1072 1896
1074 1156
1074 1433
1074 1605
1074 1635
1075 1136
1076 1226
1076 1364
1076 1899
1077 1469
1078 1855
1079 1909
1080 1494
1080 1671
1080 1823
1080 1866
1081 1798
1083 1493
1083 1892
1085 1486
1087 1633
1088 1198
1089 1212
1091 1456
1091 1797
1092 1762
1092 1929
1093 1564
1094 1172
1094 1751
1094 1868
1096 1520
1098 1410
1100 1435
1102 1150
1102 1710
1103 1669
1104 1790
1105 1347
1106 1151
1106 1584
1107 1337
1109 1619
1111 1237
1111 1350
1111 1510
1112 1471
1112 1661
1113 1568
1115 1168
1115 1544
1115 1847
1115 1972
1116 1869
1117 1591
1118 1303
1119 1518
1121 1810
1122 1127
1123 1833
1124 1660
1125 1180
1126 1448
1126 1532
1127 1725
1128 1914
1128 1982
1130 1139
1132 1384
1132 1739
1133 1148
1133 1161
1134 1358
1135 1451
1136 1193
1138 1794
1138 1929
1139 1172
1139 1207
1139 1379
1139 1646
1139 1662
1140 1553
1140 1631
1142 1807
1143 1301
1143 1449
1144 1492
1145 1270
1146 1278
1147 1953
1148 1278
1148 1298
1150 1203
1150 1488
1150 1674
1150 1843
1150 1937
1151 1422
1152 1700
1153 1422
1153 1984
1154 1243
1154 1635
1154 1879
1155 1430
1157 1781
1158 1738
1158 1751
1159 1669
1162 1248
1162 1349
1162 1591
1163 1979
1164 1393
1165 1171
1165 1177
1165 1254
1165 1521
1166 1327
1167 1547
1169 1394
1169 1497
1169 1710
1170 1180
1170 1233
1170 1374
1170 1477
1170 1991
1171 1786
1172 1783
1173 1554
1173 1602
1173 1855
1175 1799
1177 1502
1178 1206
1178 1636
1180 1596
1183 1348
1184 1296
1185 1442
1186 1758
1187 1701
1188 1485
1188 1986
1189 1426
1189 1653
1192 1521
1192 1600
1193 1330
1193 1637
1193 1996
1195 1390
1195 1793
1196 1309
1197 1209
1197 1685
1199 1679
1200 1489
1202 1692
1203 1590
1204 1677
1205 1590
1205 1807
1205 1853
1207 1464
1209 1635
1210 1618
1211 1970
1212 1620
1213 1865
1214 1397
1214 1449
1214 1466
1215 1338
1217 1832
1218 1442
1219 1320
1221 1320
1222 1474
1222 1897
1224 1316
1227 1261
1227 1587
1227 1742
1227 1840
1229 1603
1229 1728
1230 1424
1233 1571
1234 1337
1234 1559
1235 1322
1235 1866
1237 1744
1239 1251
1240 1624
1240 1827
1241 1637
1242 1708
1243 1951
1245 1318
1245 1488
1245 1698
1246 1327
1246 1462
1247 1317
1247 1328
1247 1640
1250 1453
1250 1896
1252 1862
1253 1544
1254 1290
1254 1960
1255 1266
1255 1326
1255 1710
1256 1514
1257 1432
1257 1819
1258 1676
1259 1513
1259 1714
1260 1963
1261 1429
1261 1722
1262 1304
1262 1740
1263 1426
1263 1572
1264 1294
1267 1291
1267 1458
1267 1550
1268 1436
1268 1672
1272 1585
1272 1699
1272 1872
1273 1328
1276 1367
1277 1797
1277 1824
1280 1610
1281 1785
1283 1957
1284 1603
1285 1299
1285 1847
1286 1688
1291 1650
1291 1758
1291 1898
1291 1919
1292 1516
1292 1912
1292 1920
1293 1852
1294 1323
1295 1455
1296 1752
1299 1520
1299 1951
1300 1375
1300 1650
1300 1900
1302 1860
1303 1474
1305 1525
1306 1631
1308 1830
1310 1428
1311 1555
1312 1748
1315 1649
1315 1819
1317 1998
1318 1876
1319 1924
1320 1765
1321 1453
1321 1460
1323 1657
1324 1497
1325 1328
1326 1726
1326 1818
1328 1684
1329 1549
1329 1696
1329 1760
1331 1974
1333 1985
1334 1727
1334 1873
1336 1552
1337 1808
1338 1374
1338 1380
1339 1898
1341 1580
1342 1469
1345 1635
1345 1685
1345 1835
1346 1501
1347 1634
1347 1704
1347 1763
1349 1615
1349 1827
1350 1368
1351 1509
1351 1578
1351 1757
1354 1889
1359 1749
1359 1903
1360 1394
1360 1642
1360 1943
1362 1851
1362 1957
1363 1391
1365 1828
1367 1446
1367 1508
1367 1625
1367 1690
1368 1409
1368 1701
1368 1846
1369 1641
1369 1696
1369 1911
1370 1795
1370 1899
1371 1465
1372 1994
1373 1724
1374 1454
1375 1395
1375 1573
1376 1556
1377 1571
1377 1730
1378 1458
1380 1390
1380 1542
1382 1419
1383 1574
1383 1986
1384 1411
1384 1952
1385 1764
1387 1670
1388 1717
1389 1549
1389 1700
1389 1808
1390 1466
1390 1953
1391 1849
1392 1454
1392 1667
1392 1710
1392 1895
1394 1474
1394 1785
1397 1652
1397 1692
1400 1672
1400 1682
1400 1774
1400 1798
1400 1801
1401 1406
1401 1631
1401 1870
1402 1487
1402 1934
1403 1691
1404 1697
1406 1433
1411 1733
1411 1852
1411 1892
1414 1672
1414 1709
1415 1763
1416 1676
1419 1551
1419 1639
1420 1944
1421 1637
1422 1987
1422 1999
1425 1549
1425 1551
1425 1607
1426 1692
1427 1512
1427 1539
1427 1656
1428 1702
1430 1477
1430 1558
1430 1970
1431 1684
1431 1967
1432 1985
1433 1643
1433 1889
1434 1848
1436 1484
1436 1735
1437 1663
1437 1848
1438 1485
1439 1604
1440 1720
1441 1565
1441 1931
1442 1838
1443 1884
1444 1534
1444 1599
1445 1460
1448 1487
1449 1946
1450 1480
1452 1459
1453 1950
1454 1484
1456 1801
1457 1492
1457 1547
1457 1654
1458 1516
1458 1729
1458 1946
1459 1772
1460 1972
1461 1590
1461 1608
1461 1682
1463 1633
1465 1784
1466 1998
1467 1769
1469 1758
1469 1872
1470 1637
1470 1987
1472 1487
1473 1776
1473 1946
1474 1515
1475 1913
1477 1996
1480 1625
1483 1789
1485 1969
1486 1593
1489 1633
1489 1654
1490 1673
1491 1735
1492 1517
1492 1742
1493 1570
1494 1704
1495 1498
1497 1875
1497 1965
1500 1525
1500 1542
1502 1906
1504 1610
1506 1670
1509 1949
1509 1957
1511 1686
1511 1711
1512 1986
1513 1705
1514 1709
1515 1610
1515 1690
1515 1896
1516 1541
1516 1621
1516 1932
1519 1770
1520 1545
1523 1847
1527 1747
1530 1610
1532 1671
1534 1793
1535 1911
1536 1815
1539 1995
1540 1846
1541 1860
1542 1726
1548 1646
1550 1884
1554 1867
1557 1969
1559 1925
1560 1999
1563 1730
1565 1950
1566 1819
1568 1577
1569 1944
1570 1709
1572 1625
1572 1847
1572 1939
1573 1796
1573 1841
1574 1613
1574 1805
1575 1692
1575 1862
1580 1710
1580 1777
1584 1627
1585 1687
1586 1784
1589 1846
1590 1959
1592 1651
1593 1848
1595 1624
1596 1976
1598 1760
1599 1969
1600 1602
1601 1608
1604 1876
1605 1648
1607 1932
1608 1914
1608 1964
1610 1859
1612 1697
1616 1862
1616 1920
1617 1858
1618 1979
1620 1640
1621 1973
1624 1789
1626 1744
1627 1789
1627 1999
1628 1900
1629 1993
1631 1785
1634 1782
1634 1969
1636 1862
1637 1971
1641 1672
1642 1796
1642 1841
1644 1990
1647 1947
1654 1921
1660 1711
1661 1842
1663 1946
1666 1850
1668 1726
1678 1856
1678 1861
1679 1716
1682 1881
1683 1880
1685 1707
1690 1961
1691 1830
1693 1871
1699 1767
1699 1837
1700 1798
1705 1829
1707 1985
1708 1867
1711 1885
1712 1887
1716 1987
1721 1955
1728 1927
1729 1764
1729 1862
1738 1841
1746 1750
1746 1928
1747 1932
1749 1908
1754 1757
1760 1991
1762 1937
1763 1908
1766 1916
1782 1791
1782 1833
1787 1799
1788 1849
1793 1986
1794 1827
1795 1970
1797 1926
1798 1822
1800 1815
1802 1952
1807 1929
1809 1820
1809 1986
1810 1934
1811 1961
1812 1966
1812 1984
1820 1882
1821 1822
1822 1874
1824 1916
1824 1990
1825 1947
1829 1838
1834 1891
1834 1940
1835 1890
1836 1876
1838 1921
1843 1914
1849 1888
1852 1934
1855 1882
1855 1887
1855 1904
1861 1919
1862 1911
1867 1870
1867 1921
1873 1932
1873 1978
1875 1911
1880 1899
1909 1917
1911 1948
1915 1991
1917 1939
1941 1999
1947 1959
1954 1971
1983 1984
