2000 3009
56
51
91
73
21
59
34
84
63
43
45
39
38
67
98
4
53
89
55
57
25
62
25
36
90
44
94
100
66
12
14
23
90
13
46
26
63
87
77
79
46
22
77
18
17
81
51
57
16
30
11
58
55
19
89
89
80
37
96
29
28
32
70
76
79
60
73
58
49
63
5
95
86
15
98
27
95
47
10
32
11
32
56
60
23
13
23
95
34
75
93
41
10
10
74
99
37
87
67
49
22
77
70
91
70
100
64
28
20
64
50
68
79
28
100
87
51
62
63
65
70
23
6
18
65
79
15
60
84
28
9
89
35
58
22
50
75
21
47
81
33
26
92
97
33
22
99
69
49
63
75
50
62
69
63
12
66
80
41
19
36
78
86
94
75
28
87
67
77
56
31
35
100
2
85
47
99
99
99
39
71
44
14
52
87
39
32
99
2
89
49
5
16
8
37
30
12
29
100
9
8
41
37
19
44
100
54
63
25
72
17
72
35
28
31
93
89
22
51
63
12
98
54
11
47
32
45
77
71
89
32
33
7
85
44
18
59
88
81
6
56
64
92
93
44
45
99
9
41
21
61
92
81
78
32
78
24
46
49
10
33
11
69
74
21
72
99
4
59
58
71
94
97
4
41
46
73
36
1
42
58
6
88
14
41
78
36
86
61
85
69
20
4
67
71
49
50
82
45
10
95
82
58
44
30
52
61
51
96
51
40
94
14
30
15
98
44
11
1
38
99
65
67
23
55
89
88
88
15
74
17
2
21
45
88
95
24
26
55
74
91
83
79
46
24
48
47
40
53
79
13
65
31
14
59
34
94
44
65
88
97
1
67
82
59
54
96
46
78
89
27
2
27
40
22
67
37
13
90
91
80
35
21
7
19
60
49
60
5
58
73
2
48
21
60
36
42
33
12
55
71
51
28
86
30
24
16
38
89
80
46
8
53
26
27
85
31
41
67
76
57
39
49
42
90
60
84
72
76
87
36
14
57
84
2
49
18
37
2
58
57
40
60
91
23
60
72
63
34
26
48
9
50
12
75
18
70
50
51
43
83
49
76
92
69
95
27
78
100
76
44
23
41
73
26
59
40
33
16
53
30
90
71
39
22
65
17
91
2
47
19
81
40
87
69
61
35
30
85
68
79
15
22
28
6
51
62
73
47
23
65
3
22
98
1
24
30
4
12
95
25
28
77
64
80
76
77
41
87
83
74
31
14
51
72
34
4
55
17
18
20
62
97
94
52
10
100
25
64
74
89
23
76
42
78
90
56
67
58
86
49
7
51
70
27
49
29
100
34
95
36
88
43
8
42
84
83
49
61
96
36
67
64
75
85
81
37
20
80
31
41
62
53
71
7
42
2
71
16
84
31
96
13
35
78
9
90
77
86
64
31
7
54
51
5
21
36
38
58
36
69
69
95
2
6
64
43
94
62
16
59
49
87
62
43
66
88
1
80
47
30
59
9
43
16
99
28
12
15
64
91
53
76
64
37
83
11
45
81
17
76
58
1
19
89
27
72
74
60
74
50
4
47
72
20
53
20
3
38
83
37
84
25
9
44
4
85
89
53
35
69
44
99
66
8
36
69
36
35
93
20
75
97
7
65
22
40
77
55
44
79
75
54
90
64
13
84
58
16
69
11
11
55
35
51
52
85
30
38
50
88
82
3
6
62
15
71
36
99
38
88
75
54
57
42
67
72
92
54
22
89
26
8
58
66
93
81
5
44
78
6
30
39
43
91
20
20
22
30
93
40
14
24
43
45
32
38
36
6
83
75
24
7
77
60
38
23
68
80
29
10
75
50
65
9
81
72
55
90
98
71
15
16
60
86
27
100
96
6
55
85
92
1
41
41
55
48
34
29
32
3
51
18
1
72
97
79
13
21
5
25
90
46
8
21
58
38
31
83
73
71
99
68
50
44
14
8
93
26
51
9
17
21
63
86
64
2
54
37
20
80
92
29
77
89
80
33
89
1
7
74
18
22
76
81
3
89
12
36
26
78
90
32
41
75
78
97
88
67
48
83
60
48
89
71
31
64
54
33
14
100
10
87
82
66
47
3
98
61
41
60
37
78
64
92
65
100
3
64
22
36
66
45
75
69
95
63
28
5
100
67
61
6
76
56
97
70
4
70
75
84
47
6
96
67
66
21
41
13
9
46
69
87
49
59
62
96
69
29
43
36
5
52
12
25
48
5
52
53
78
35
18
58
23
87
49
8
60
43
52
81
97
69
3
83
73
6
17
44
97
23
50
60
14
16
100
60
14
41
28
22
21
53
75
40
63
99
75
30
26
11
20
76
45
6
79
92
15
15
47
48
88
42
46
32
97
32
34
53
80
97
88
70
31
80
22
95
79
69
65
37
94
5
72
12
9
86
26
96
36
95
4
42
36
57
13
44
33
13
69
99
58
1
77
87
42
41
11
30
93
16
3
27
44
23
53
58
96
35
82
11
5
58
75
96
49
4
51
99
49
40
16
58
15
83
16
6
52
96
68
69
56
96
93
98
7
14
91
26
91
52
24
99
74
29
8
38
11
22
32
57
30
64
16
23
67
95
86
36
11
26
80
22
40
30
77
84
4
10
64
38
4
18
15
26
20
60
82
83
12
45
8
80
78
35
82
90
5
25
2
55
81
34
62
44
1
12
53
92
8
29
16
58
44
32
48
77
61
20
23
54
13
9
59
89
82
2
43
51
31
73
93
17
27
83
10
92
30
34
79
35
30
38
21
26
45
55
61
62
22
72
31
3
75
23
73
56
70
46
99
98
79
17
11
74
25
78
10
48
26
58
10
14
98
80
79
5
22
95
91
47
34
62
74
65
10
6
32
79
68
78
13
5
32
2
78
14
49
86
100
25
49
35
31
74
80
95
87
83
75
54
40
69
12
44
75
3
86
41
7
59
40
100
13
99
33
35
65
48
44
86
38
69
53
48
11
29
80
32
37
65
27
47
94
91
42
93
83
4
83
24
13
98
76
38
16
37
22
82
86
84
51
15
76
57
55
68
42
48
64
47
84
24
53
52
40
42
5
46
20
92
50
36
65
62
86
41
90
30
39
93
94
3
49
100
4
72
68
66
91
30
36
7
71
53
1
77
90
92
3
42
48
90
3
78
82
36
84
22
52
80
31
58
11
32
1
29
13
94
87
62
68
4
77
36
62
21
53
32
47
56
63
27
18
26
48
16
87
5
35
76
83
55
91
73
25
83
25
41
80
48
89
22
2
26
72
48
12
4
29
22
70
92
20
72
4
53
40
55
88
55
41
73
9
96
87
99
11
17
55
86
83
10
91
3
62
73
39
32
70
43
49
75
98
48
75
35
45
70
86
10
19
93
38
47
10
85
43
48
26
35
94
95
76
10
53
39
76
41
30
93
6
8
53
17
49
15
78
89
9
83
77
16
98
96
8
76
98
6
18
68
94
47
42
52
78
38
1
46
83
82
6
26
1
43
79
83
35
15
49
17
55
6
25
62
20
40
39
71
21
5
56
41
72
5
79
18
92
96
67
33
28
20
10
53
72
49
99
43
12
92
39
28
12
63
75
49
41
1
41
54
26
19
73
11
42
11
53
89
36
37
5
52
59
86
80
75
2
97
48
82
45
81
68
60
9
71
82
45
24
70
6
38
83
17
15
21
64
62
65
1
21
22
75
60
35
77
34
1
2
60
18
14
82
76
100
8
63
36
86
66
50
87
51
3
37
81
2
59
37
54
96
92
5
52
44
67
96
76
84
59
72
75
29
54
12
39
29
4
89
11
46
13
75
38
38
53
93
18
28
95
75
89
70
48
5
3
1
47
53
60
34
61
67
60
77
25
98
31
76
11
5
12
77
96
90
71
93
30
73
81
18
85
32
76
54
5
18
8
57
73
100
13
23
10
82
46
23
8
90
59
15
69
88
47
59
98
47
69
46
19
70
68
70
38
88
61
30
55
15
41
73
79
72
90
31
81
58
90
85
13
47
79
11
55
18
68
14
24
100
20
85
63
99
84
91
13
62
69
5
45
91
47
64
66
1
13
28
69
68
28
75
82
95
45
95
36
35
72
100
84
34
62
30
41
35
79
94
53
16
45
78
46
27
43
17
12
50
11
87
73
92
11
41
90
30
9
98
90
56
79
18
70
22
96
11
32
11
97
100
92
12
5
83
43
1
37
3
48
80
80
54
63
3
48
9
19
19
60
60
71
61
37
93
66
97
54
10
72
57
70
88
63
71
33
78
46
18
49
35
59
72
11
5
54
9
20
45
90
34
54
21
4
59
9
61
9
50
66
46
2
79
17
4
88
63
13
77
15
59
89
66
16
24
43
43
64
34
72
1
82
65
84
58
77
35
77
2
18
36
81
88
40
38
15
79
14
25
99
63
77
74
15
75
83
38
67
48
87
14
31
28
66
62
70
97
56
32
6
38
36
34
81
26
51
23
71
76
33
56
76
59
93
52
77
74
72
31
55
82
22
46
4
49
67
55
7
10
51
24
69
22
68
24
47
85
81
43
12
31
56
14
11
33
65
98
13
33
97
35
0 320
0 1516
1 475
1 1362
1 1591
2 769
3 1145
3 1795
3 1812
4 734
4 789
5 1399
5 1942
5 1953
6 1420
6 1563
6 1830
6 1923
8 1374
9 1306
9 1724
9 1805
10 65
10 267
12 241
12 1063
12 1449
12 1509
12 1713
12 1968
13 94
13 211
13 285
13 1241
14 463
15 795
15 878
16 101
16 319
16 1420
16 1646
16 1764
17 327
17 1064
17 1306
18 205
18 508
18 667
19 173
19 555
19 566
19 1092
19 1240
20 1785
21 520
22 67
22 253
22 1586
23 325
23 768
23 843
23 1102
23 1306
23 1371
24 62
24 155
24 873
24 1043
25 88
25 1786
26 134
26 390
26 1113
26 1145
26 1870
26 1902
27 37
27 704
27 1065
28 1858
29 633
29 928
29 1374
29 1495
29 1620
30 201
30 772
31 184
31 1127
32 312
32 931
32 1257
32 1384
32 1809
33 651
33 887
33 1119
33 1516
34 313
34 1660
35 277
35 1000
35 1108
35 1185
36 364
36 768
36 835
36 1332
36 1473
36 1944
37 1123
37 1343
37 1469
38 504
38 1190
39 460
39 511
39 823
39 1734
40 371
40 673
40 1154
41 460
42 577
42 605
42 880
43 1459
44 471
44 584
45 89
45 417
46 1325
46 1442
46 1608
46 1616
47 1245
48 440
48 581
48 845
48 1276
48 1558
49 273
49 584
49 860
49 872
49 1398
49 1572
50 1205
50 1490
50 1553
51 506
51 948
51 965
52 1348
53 473
54 861
54 1140
54 1741
54 1916
55 1761
55 1820
56 494
56 1789
56 1934
57 1058
57 1550
57 1879
58 1251
59 301
60 1061
61 237
62 141
62 698
62 977
62 1323
63 386
63 742
63 1368
63 1838
64 304
64 895
64 1495
65 75
66 1395
66 1516
67 532
67 1146
67 1379
68 995
69 1605
70 243
70 316
70 1220
71 1280
71 1991
72 142
72 1734
73 253
73 682
73 835
73 893
73 967
73 1882
74 528
74 628
74 1239
74 1481
74 1514
74 1569
74 1654
75 247
75 1845
76 236
76 1864
77 906
77 1047
77 1878
78 764
78 1402
78 1430
79 1436
79 1826
79 1880
79 1891
79 1919
80 451
80 1042
82 639
82 851
82 1134
82 1432
82 1764
82 1768
82 1874
83 173
83 545
83 786
84 235
84 256
84 321
84 459
84 1060
84 1699
85 1188
85 1514
86 1579
86 1642
87 765
87 1734
87 1813
88 864
88 1223
88 1846
89 1066
90 164
90 773
90 1740
91 1104
92 93
92 180
92 184
92 356
92 778
92 1767
92 1952
92 1978
93 1474
93 1852
94 303
94 1002
94 1720
94 1754
95 1502
95 1506
96 116
96 574
96 1101
96 1426
96 1547
96 1557
96 1986
97 551
97 943
97 1586
98 127
98 909
98 1483
99 168
99 530
100 113
100 422
100 952
101 651
101 1312
102 1263
103 582
103 686
103 1174
103 1400
104 407
104 488
104 835
104 928
104 967
104 1064
104 1422
104 1697
105 883
105 1733
105 1762
105 1807
106 566
106 612
106 630
106 714
106 1584
107 716
107 937
108 408
108 1392
108 1511
108 1712
109 1120
109 1227
110 777
110 1174
110 1593
111 615
111 1330
112 279
112 698
112 914
112 1867
113 265
113 446
113 800
113 1598
114 1721
115 608
116 912
116 1930
117 648
117 1226
118 358
118 1025
118 1692
118 1716
118 1747
120 655
120 1612
120 1874
121 357
121 1601
122 841
122 1049
122 1220
122 1623
123 1037
123 1546
123 1565
124 546
124 768
124 813
124 816
124 1110
124 1766
124 1961
125 480
125 669
126 1999
128 1135
128 1458
129 420
129 812
129 1754
130 1325
130 1501
130 1993
132 663
132 848
133 356
133 1627
133 1736
134 667
134 823
134 1000
134 1125
134 1561
134 1845
134 1917
135 270
136 192
136 981
136 1369
137 1207
137 1651
137 1911
138 412
138 573
138 602
138 1001
139 151
139 1610
139 1614
140 284
140 683
140 948
140 954
140 1332
141 1596
142 1045
142 1952
142 1970
143 145
143 1285
143 1698
144 614
144 678
144 1380
144 1403
144 1710
145 1121
145 1370
146 434
146 1693
146 1710
147 1344
147 1877
148 902
148 924
148 1145
149 765
149 1038
149 1333
149 1571
149 1756
150 938
150 1250
151 692
151 1623
151 1956
152 694
152 1993
153 1356
154 1189
154 1330
154 1428
154 1479
154 1564
155 601
155 1697
156 1343
156 1438
156 1501
157 836
157 838
157 1131
158 177
158 381
158 1034
159 505
159 650
159 724
159 789
159 1423
159 1852
159 1946
160 415
160 939
160 965
160 1074
160 1175
160 1478
160 1598
161 570
161 1024
161 1306
161 1949
161 1975
162 350
162 382
163 383
163 586
163 1551
164 537
164 1129
165 337
165 582
165 910
165 1089
165 1568
165 1766
166 1366
166 1739
167 885
168 779
168 1962
169 498
169 1134
170 887
171 550
172 1226
172 1643
173 505
173 561
173 716
173 1343
173 1435
174 997
174 1089
174 1090
175 657
175 1435
176 771
176 1125
177 1301
177 1545
179 671
180 786
180 1568
181 562
181 1028
181 1575
182 1258
182 1934
183 1005
183 1361
183 1538
184 383
184 807
184 940
184 1674
185 344
185 789
185 1575
185 1622
187 857
187 1408
188 1009
189 1558
189 1692
191 399
191 475
191 1435
191 1873
192 270
192 431
192 1525
193 897
193 1565
193 1734
194 1074
194 1312
195 868
195 1061
195 1351
196 333
196 468
196 1284
196 1473
197 883
200 550
200 560
200 1893
201 629
201 1284
201 1806
202 347
202 352
203 379
203 857
203 1537
203 1667
204 797
204 837
205 855
205 945
205 1000
205 1171
205 1813
206 326
206 444
206 505
206 940
206 1356
206 1500
206 1915
207 306
207 665
207 1912
208 1291
209 818
209 892
209 1331
209 1701
210 702
210 1106
212 704
212 854
212 1319
212 1784
213 392
213 1671
214 1094
214 1470
214 1549
215 317
215 794
215 1614
216 259
216 766
216 926
216 1573
217 931
217 1099
217 1295
217 1846
218 654
218 1150
219 1111
219 1181
219 1610
219 1685
221 245
221 702
221 1169
222 1833
223 776
223 1162
224 266
224 672
224 1325
224 1928
225 471
225 884
225 1477
226 1487
226 1569
227 536
228 295
228 596
228 635
228 787
229 552
229 881
229 1061
229 1638
230 494
230 663
230 1851
230 1853
231 373
231 381
231 1569
232 307
232 313
232 1614
233 1555
233 1725
233 1904
233 1934
234 290
234 1010
234 1049
234 1152
234 1337
234 1498
235 277
235 348
236 1938
237 722
238 493
238 543
238 1125
238 1188
238 1229
240 903
240 935
240 1481
241 710
241 1565
242 598
242 990
242 1584
243 1388
243 1657
243 1748
244 453
244 693
244 1923
245 430
245 588
245 597
245 778
245 1222
246 286
246 723
247 370
247 576
248 255
249 579
249 824
249 851
249 1764
250 586
250 1773
251 804
251 1540
251 1619
252 404
252 1175
252 1538
252 1661
253 804
253 848
253 1061
253 1223
253 1284
254 443
254 1292
254 1779
254 1911
254 1940
255 692
255 811
255 1930
256 916
256 1125
257 376
257 439
257 676
257 736
257 789
258 1112
258 1263
258 1543
259 1965
259 1982
260 437
260 480
260 1563
260 1845
261 431
261 665
261 1593
262 873
262 1610
262 1639
262 1742
262 1988
263 313
263 1434
263 1972
263 1982
264 468
264 717
264 784
264 804
264 1581
264 1700
265 1090
265 1479
265 1742
265 1846
266 1405
266 1663
267 454
267 841
267 1258
267 1547
267 1622
267 1992
268 1733
269 314
269 785
269 827
270 639
271 981
271 1125
272 1921
273 984
273 1006
273 1468
274 398
274 684
274 690
274 1533
274 1709
275 337
275 712
275 1582
276 439
276 639
276 898
276 1016
276 1696
277 616
277 1091
277 1361
277 1936
278 1096
278 1282
278 1532
279 1135
280 480
280 1716
281 370
281 632
281 1034
281 1861
282 1008
282 1093
282 1203
282 1955
283 1718
284 365
284 1512
284 1916
285 1254
285 1378
285 1723
286 1444
286 1764
287 320
287 676
287 1026
287 1211
288 314
288 406
288 527
288 1032
289 973
289 1730
289 1820
290 1111
291 544
291 1886
292 503
293 630
293 643
293 1172
293 1560
294 1095
295 492
297 1030
297 1863
297 1985
298 463
298 512
298 659
298 1176
298 1946
299 590
299 641
299 1370
299 1740
300 515
300 547
300 1671
301 1151
302 463
302 926
302 1043
302 1283
303 543
303 568
303 1234
304 700
304 1363
306 1741
307 682
308 441
308 1394
309 973
309 1934
310 1163
310 1473
310 1540
310 1562
311 331
311 1439
311 1596
311 1638
312 632
312 1922
313 500
313 900
313 1027
313 1649
314 1078
314 1302
315 459
315 613
315 1412
316 456
316 807
317 498
317 570
317 893
317 1041
317 1172
317 1382
318 420
318 1688
318 1835
318 1844
319 1208
319 1540
321 870
321 1023
322 860
322 1143
322 1317
323 420
323 1034
324 1086
324 1390
325 841
325 1383
326 329
326 648
326 1042
326 1395
327 666
327 747
327 1455
327 1581
328 331
328 364
329 654
329 1063
329 1201
329 1441
330 522
330 1795
331 1373
331 1572
332 1804
332 1808
333 991
333 1088
333 1829
334 375
334 442
334 761
334 1616
335 699
335 828
336 543
336 1107
336 1859
337 987
337 1577
337 1973
338 1265
338 1803
338 1857
339 469
339 616
339 768
340 674
340 761
340 764
340 1074
340 1943
341 1328
342 1629
343 777
343 1225
344 517
345 1064
345 1562
345 1704
345 1850
347 581
347 698
347 906
347 1986
348 721
348 1060
348 1281
348 1345
349 360
349 1048
349 1972
350 559
350 693
350 805
350 1779
351 482
351 799
351 1975
352 1311
352 1313
352 1754
353 432
353 1676
353 1716
354 703
354 921
354 1326
354 1940
355 482
355 765
355 1999
356 836
356 881
357 771
357 824
357 1356
358 386
358 523
358 603
358 799
358 840
358 1614
358 1619
358 1969
359 562
359 1484
359 1887
360 1295
360 1310
361 461
361 709
361 1518
361 1704
361 1819
361 1886
362 962
363 429
363 693
363 996
363 1408
363 1427
364 755
365 470
365 476
365 951
365 1776
366 538
366 1080
366 1376
366 1794
368 939
368 1130
369 560
369 997
369 1022
369 1922
370 1059
370 1932
371 512
371 1273
371 1516
371 1692
371 1761
371 1882
372 1369
372 1697
373 915
373 1304
374 552
375 722
375 1222
376 849
376 988
377 1979
378 1229
379 1675
380 479
380 1759
381 666
381 687
382 1071
382 1870
383 492
384 879
384 1809
385 1099
386 1510
386 1809
389 548
389 761
389 810
389 1595
389 1957
390 1680
391 405
391 1097
391 1968
392 475
392 1272
393 784
393 1107
394 1410
394 1609
395 1008
395 1973
397 909
397 924
397 1623
397 1638
397 1721
398 446
398 1735
399 613
399 630
399 1722
400 782
400 850
400 1018
400 1900
401 1448
401 1614
401 1896
402 987
402 1057
402 1385
403 1845
404 1211
404 1497
404 1631
404 1672
405 1346
405 1374
406 1364
406 1431
406 1793
407 600
407 691
407 956
408 1055
409 690
409 753
411 1401
412 603
412 659
412 1818
413 860
414 885
414 1989
415 1053
416 529
416 891
416 1262
417 1064
418 872
418 1386
419 683
419 1610
419 1767
419 1818
420 967
420 1423
422 593
422 782
422 1538
422 1726
422 1823
423 1972
424 1130
425 711
426 825
428 580
428 1162
429 1608
429 1801
429 1917
430 993
430 1000
430 1151
430 1387
431 556
431 756
431 1388
431 1707
431 1818
432 489
433 1093
434 774
434 1820
435 688
435 858
436 1621
437 527
437 636
437 1222
437 1931
439 552
439 1142
439 1263
440 1626
440 1711
441 1209
441 1419
442 713
442 1202
442 1971
444 829
444 1709
445 497
445 1998
446 1092
447 1514
448 1017
448 1423
450 791
450 944
450 1349
450 1484
450 1758
451 615
451 1764
451 1966
452 905
452 1018
452 1132
452 1411
452 1678
453 539
453 1587
453 1597
453 1627
454 461
454 542
455 610
456 673
457 1739
458 1268
458 1405
459 824
459 1385
460 1581
461 1153
462 1697
463 1077
463 1383
464 503
464 638
464 1030
464 1305
465 1684
465 1834
466 543
467 500
467 885
468 586
469 986
470 1423
471 744
472 666
472 1401
472 1655
473 713
473 1550
473 1914
474 528
474 1035
474 1400
474 1556
475 1291
476 1927
477 1527
477 1655
478 498
478 1504
479 691
480 713
480 1191
480 1450
480 1717
481 850
481 1023
482 719
482 1778
483 1699
484 1307
484 1524
484 1880
485 725
485 759
485 909
486 1020
486 1650
486 1722
486 1826
486 1833
489 1206
489 1643
490 691
490 886
490 1568
490 1658
491 776
491 1911
492 1295
493 568
493 613
493 962
493 1194
493 1491
494 1355
495 658
495 999
495 1517
497 1475
497 1627
497 1709
497 1737
498 521
499 731
499 1542
499 1974
500 571
500 768
500 998
500 1196
500 1395
501 794
501 956
502 1801
504 1285
505 934
505 1065
505 1998
506 550
506 1027
506 1136
506 1385
506 1454
507 1315
507 1982
508 514
508 871
508 1156
508 1285
508 1340
508 1560
508 1628
508 1726
508 1914
510 1187
511 793
511 1126
511 1553
511 1705
512 1971
513 1448
514 985
514 1969
515 703
515 1706
515 1877
516 863
516 1093
517 1496
518 683
518 1753
519 549
520 888
520 975
521 1939
522 754
522 833
522 1535
522 1676
523 1167
523 1758
524 1646
524 1674
526 856
526 1989
527 745
527 899
527 1987
528 683
528 1057
528 1175
528 1237
529 1547
530 776
530 929
530 940
531 721
531 1504
532 1044
532 1611
533 640
533 1651
533 1901
534 1215
535 626
535 685
535 1816
535 1846
536 545
537 787
537 1119
537 1293
537 1936
538 1619
538 1804
540 651
540 930
540 1260
541 548
541 1616
543 1233
543 1243
544 718
545 1244
545 1459
548 987
548 1993
549 763
549 1951
550 1207
551 1151
551 1388
552 589
553 693
553 1020
553 1831
554 810
554 1871
555 1641
556 595
556 614
556 1591
557 764
557 1049
557 1100
557 1159
557 1275
558 1039
558 1196
558 1210
558 1537
558 1909
559 1607
559 1676
561 1270
562 862
562 882
562 1583
563 1434
563 1953
564 1407
564 1450
565 1305
566 901
567 1015
567 1076
568 578
568 1618
570 658
571 1739
572 841
573 940
573 1150
573 1563
574 953
574 1411
576 843
576 882
576 1606
576 1726
577 1484
577 1643
578 871
578 929
578 1176
578 1658
579 1377
582 653
582 1695
583 642
583 1171
583 1317
584 710
584 1873
585 727
585 828
585 902
586 1143
586 1799
587 1287
587 1956
588 989
588 1114
588 1813
589 756
590 898
590 1514
591 671
591 1697
592 710
592 1021
592 1092
592 1389
593 1911
594 1505
594 1688
594 1809
596 977
596 1435
597 1067
597 1133
597 1416
597 1711
598 1583
599 925
599 1006
599 1173
599 1892
600 1202
600 1329
600 1867
600 1920
600 1986
601 809
601 979
601 1075
601 1382
601 1431
601 1564
602 1239
602 1359
602 1516
603 1007
603 1598
604 1042
604 1322
604 1631
605 699
605 1371
605 1375
605 1684
605 1812
606 1746
607 675
607 1334
608 1160
609 838
609 1533
609 1911
610 1361
612 682
612 1874
613 734
613 1047
613 1673
613 1987
614 1223
614 1633
616 893
617 631
617 805
618 720
618 1435
618 1478
618 1601
618 1779
619 629
619 1540
620 1504
620 1875
621 689
621 1173
621 1527
622 1331
622 1359
622 1580
624 1337
624 1822
624 1881
625 1201
625 1777
626 879
626 1469
627 1771
627 1859
627 1916
628 1894
629 809
629 1143
629 1479
630 1858
631 729
631 1226
631 1266
632 974
632 1054
633 1299
634 1053
634 1289
634 1422
635 665
635 800
635 1828
636 1005
636 1031
636 1265
637 1067
637 1217
637 1312
638 667
638 1918
638 1976
639 814
639 820
639 1846
641 1383
641 1415
641 1573
643 879
643 1616
643 1856
644 1243
646 769
646 830
647 898
647 909
647 1045
647 1402
647 1661
648 721
648 1172
648 1302
649 878
649 1120
649 1430
650 1367
650 1679
650 1809
651 670
651 842
651 1120
651 1160
652 1436
652 1772
653 824
654 829
654 1767
654 1912
655 1560
656 685
656 687
656 705
656 891
656 1677
656 1914
657 896
657 1197
657 1893
659 886
659 1059
659 1514
659 1829
660 1143
660 1569
660 1700
662 973
662 1524
662 1972
663 765
665 685
665 1110
665 1474
665 1492
665 1776
666 1260
666 1556
668 1366
668 1424
668 1702
668 1891
669 1382
669 1487
669 1628
671 815
672 886
672 1041
672 1617
673 1542
673 1585
674 1572
674 1888
675 1941
676 1997
677 1163
678 994
678 1040
678 1094
678 1323
678 1359
678 1805
679 885
679 1346
679 1368
679 1734
680 1162
680 1274
680 1421
681 1484
681 1845
681 1914
682 872
682 1384
682 1494
682 1894
684 1735
686 721
686 821
686 1527
687 700
687 1136
687 1702
687 1913
688 862
688 890
688 1338
688 1693
689 1531
690 886
691 811
691 844
691 1225
691 1246
693 938
693 1007
693 1666
693 1920
694 1643
695 864
695 1639
695 1755
695 1790
695 1842
697 793
697 1533
697 1947
698 775
698 1040
699 1983
700 1096
700 1208
702 1693
702 1768
704 869
704 924
704 1673
704 1998
705 1733
707 794
707 1118
707 1258
707 1352
707 1987
708 1056
708 1139
709 1136
709 1699
709 1945
710 796
710 881
710 1001
710 1162
710 1763
711 947
711 995
711 1125
712 1071
712 1351
712 1590
712 1869
714 719
716 1203
716 1666
716 1815
717 1686
717 1998
718 1742
718 1954
721 1722
722 1094
723 1196
724 975
724 1607
724 1707
724 1774
725 994
725 1021
727 1717
727 1990
729 1379
730 1333
730 1405
732 1145
732 1846
733 1431
733 1882
733 1927
734 981
734 1662
735 1389
736 1296
736 1592
736 1883
737 1105
737 1913
738 1522
738 1858
739 891
739 1393
739 1766
740 1142
740 1473
742 1028
742 1189
743 1431
744 895
744 1233
744 1718
745 1261
745 1677
747 1758
747 1781
748 1399
748 1791
749 964
749 1135
749 1652
750 1820
751 803
752 876
752 1855
752 1959
757 1865
758 774
758 1246
759 806
759 1318
761 841
761 1458
761 1939
762 1174
762 1342
763 1252
763 1295
763 1539
763 1555
763 1603
764 852
764 1398
765 844
765 850
765 1094
765 1417
765 1768
766 1583
766 1890
767 976
767 1423
767 1916
767 1920
768 996
768 1103
768 1895
769 1227
770 806
770 1609
770 1663
771 1786
771 1904
772 827
772 1162
772 1262
772 1432
772 1454
773 774
773 802
773 1317
773 1377
775 1239
776 851
776 1677
776 1702
776 1847
777 1590
779 1165
779 1197
779 1658
780 1787
781 1023
781 1333
781 1391
781 1666
781 1847
782 1072
782 1799
784 1647
786 1441
786 1467
787 1274
787 1368
787 1793
788 930
789 867
789 1510
790 864
790 1419
790 1872
791 1648
791 1680
792 1587
793 1531
794 1615
795 949
795 1306
795 1414
797 1019
797 1613
797 1792
798 1899
799 898
800 1832
800 1964
801 1151
801 1333
801 1632
801 1840
802 1178
802 1426
802 1496
804 973
804 1003
804 1105
806 1099
806 1529
807 930
807 1197
807 1914
808 842
808 1527
808 1947
809 826
810 1143
811 814
811 1470
811 1640
811 1993
812 1231
813 996
813 1148
814 1373
814 1457
815 1657
816 1861
818 993
818 1312
818 1361
818 1725
819 946
819 1144
820 1589
820 1646
821 884
821 1842
822 1702
823 1714
824 1324
825 898
826 882
826 1313
827 942
827 1935
828 1090
828 1341
828 1431
828 1463
830 1208
832 1951
833 861
833 1651
833 1775
834 1616
835 1961
837 1405
838 1801
839 1678
840 1916
841 1153
841 1310
841 1931
842 1038
842 1042
842 1268
842 1415
843 1822
845 1131
845 1428
846 1849
847 1152
848 1124
848 1130
848 1677
848 1964
853 1783
856 893
856 1114
856 1449
856 1453
857 1172
857 1297
858 982
858 1016
858 1245
858 1857
859 864
859 1581
859 1926
860 1865
861 1120
862 874
862 1192
862 1456
863 1040
864 879
864 1755
864 1821
865 959
865 1550
866 977
867 1847
867 1848
868 1613
869 1487
869 1508
871 1196
871 1468
872 893
873 1011
873 1115
873 1269
873 1755
874 912
874 977
874 1094
874 1594
875 1188
875 1845
877 1190
878 1533
878 1759
878 1767
878 1948
880 1803
881 1599
881 1837
882 1488
883 1010
883 1565
883 1852
884 1265
884 1443
884 1560
884 1665
885 1131
885 1645
886 1218
886 1425
888 911
888 1838
889 912
889 1030
889 1522
890 1237
890 1542
890 1841
891 1735
892 1293
892 1409
893 990
893 1520
894 1950
895 1340
896 977
896 1581
897 1308
897 1895
898 1543
899 1223
899 1922
900 1063
900 1591
900 1987
902 1803
904 1549
904 1991
906 1285
906 1429
908 984
908 1393
908 1588
908 1672
908 1882
909 979
909 1723
910 1317
911 1221
911 1607
911 1849
911 1868
913 1356
913 1541
914 988
914 1145
914 1621
915 1159
915 1235
915 1860
916 1186
917 994
918 1384
918 1695
920 925
920 1441
921 1059
921 1122
921 1405
921 1488
921 1833
921 1887
922 1222
924 1311
924 1441
925 1280
925 1349
925 1470
925 1655
926 1411
927 1974
928 1264
928 1970
929 1320
929 1494
931 1392
932 1335
932 1949
936 1368
937 1377
938 1419
938 1870
939 1315
940 1206
941 1067
941 1708
942 1249
942 1368
943 1164
943 1189
944 1838
946 1699
948 1888
951 1489
952 1409
953 1014
954 1159
954 1901
955 1521
955 1577
955 1688
956 1607
959 961
961 1213
961 1835
961 1923
962 998
962 1265
963 1109
963 1341
963 1765
964 1706
964 1922
965 1135
965 1350
965 1678
966 1189
968 1067
969 1451
969 1493
970 1350
971 1309
971 1984
972 1120
973 1335
973 1750
975 1705
976 1032
976 1104
976 1655
977 1261
977 1399
978 1106
978 1716
980 1921
981 1647
983 1309
983 1359
984 1034
984 1573
984 1832
984 1850
985 1595
986 1524
986 1837
987 1125
987 1291
987 1633
988 1869
989 1559
991 1073
991 1463
991 1737
991 1779
992 1236
993 1259
993 1493
993 1762
994 1906
995 1173
996 1999
997 1235
998 1856
1000 1590
1002 1082
1002 1367
1003 1020
1005 1912
1006 1011
1006 1748
1008 1460
1009 1364
1009 1662
1010 1322
1010 1975
1011 1288
1011 1396
1011 1920
1012 1796
1012 1934
1013 1043
1013 1213
1013 1902
1014 1400
1015 1030
1015 1608
1015 1862
1015 1998
1016 1038
1016 1140
1017 1396
1017 1797
1018 1225
1018 1563
1018 1982
1019 1889
1020 1170
1020 1868
1021 1492
1021 1502
1024 1045
1024 1696
1025 1206
1026 1029
1028 1168
1029 1177
1029 1416
1029 1519
1030 1561
1031 1493
1032 1370
1033 1089
1033 1235
1033 1840
1034 1488
1034 1676
1035 1378
1036 1113
1036 1414
1036 1536
1037 1594
1037 1961
1038 1220
1038 1811
1039 1404
1042 1222
1043 1732
1045 1956
1046 1398
1047 1896
1048 1598
1048 1962
1049 1173
1049 1907
1050 1912
1052 1864
1054 1083
1055 1346
1055 1378
1055 1498
1055 1970
1057 1224
1057 1605
1059 1091
1059 1187
1059 1505
1060 1434
1061 1993
1063 1486
1063 1551
1063 1853
1064 1644
1064 1865
1065 1283
1065 1412
1065 1453
1065 1727
1065 1809
1066 1808
1067 1790
1067 1846
1069 1123
1069 1267
1069 1698
1069 1991
1069 1997
1071 1782
1073 1496
1073 1821
1074 1347
1076 1767
1076 1842
1077 1157
1077 1814
1077 1855
1077 1863
1077 1938
1078 1331
1078 1857
1079 1119
1079 1194
1079 1598
1079 1840
1080 1510
1080 1724
1080 1848
1082 1987
1083 1206
1085 1114
1086 1160
1086 1492
1087 1100
1087 1306
1088 1689
1089 1556
1090 1742
1090 1931
1090 1935
1091 1657
1092 1271
1092 1556
1094 1344
1094 1606
1094 1608
1094 1692
1095 1287
1095 1362
1095 1484
1096 1236
1096 1725
1097 1142
1097 1759
1098 1625
1098 1780
1100 1741
1101 1279
1102 1291
1102 1556
1104 1963
1105 1873
1107 1256
1107 1343
1108 1394
1109 1157
1109 1523
1110 1972
1111 1503
1111 1655
1112 1200
1112 1485
1112 1576
1113 1745
1113 1880
1114 1182
1116 1191
1117 1132
1117 1158
1117 1171
1118 1307
1120 1497
1120 1610
1120 1742
1121 1333
1121 1953
1121 1991
1122 1572
1123 1252
1123 1311
1123 1683
1124 1286
1124 1537
1124 1911
1124 1941
1125 1411
1129 1526
1129 1662
1130 1395
1131 1763
1132 1417
1133 1434
1134 1233
1134 1475
1137 1313
1138 1812
1139 1930
1141 1506
1142 1877
1144 1764
1144 1924
1144 1981
1145 1515
1146 1505
1147 1157
1148 1376
1148 1604
1148 1814
1149 1292
1149 1318
1149 1777
1151 1345
1151 1924
1154 1767
1156 1718
1158 1530
1161 1194
1161 1606
1162 1829
1165 1792
1166 1306
1168 1565
1168 1995
1169 1374
1170 1643
1172 1845
1172 1983
1173 1387
1173 1703
1175 1627
1177 1568
1177 1658
1181 1407
1181 1792
1182 1847
1183 1520
1183 1702
1184 1729
1186 1298
1188 1205
1189 1610
1189 1955
1190 1204
1190 1268
1190 1360
1190 1661
1190 1767
1191 1321
1191 1719
1192 1290
1192 1990
1193 1945
1194 1201
1195 1491
1195 1770
1195 1798
1196 1371
1196 1445
1196 1526
1196 1569
1197 1354
1198 1893
1200 1670
1202 1407
1204 1908
1205 1699
1206 1816
1206 1915
1207 1330
1207 1837
1209 1217
1209 1227
1209 1817
1210 1667
1211 1772
1213 1417
1215 1279
1215 1613
1216 1283
1216 1425
1216 1838
1217 1882
1217 1909
1218 1261
1218 1687
1218 1858
1220 1896
1221 1730
1221 1923
1222 1224
1223 1330
1223 1754
1223 1981
1226 1518
1229 1384
1229 1626
1231 1343
1233 1628
1234 1545
1234 1575
1234 1810
1235 1838
1235 1861
1235 1907
1236 1302
1236 1562
1238 1477
1239 1658
1243 1478
1243 1580
1243 1990
1244 1655
1244 1812
1248 1490
1248 1614
1249 1344
1250 1305
1252 1416
1252 1431
1252 1752
1253 1749
1254 1377
1254 1382
1254 1679
1255 1635
1255 1987
1256 1611
1257 1854
1259 1280
1259 1698
1260 1649
1260 1989
1263 1349
1265 1596
1267 1591
1269 1773
1271 1324
1272 1337
1272 1989
1273 1903
1274 1734
1274 1865
1274 1995
1275 1543
1275 1977
1281 1855
1282 1709
1283 1841
1285 1327
1285 1545
1285 1875
1286 1463
1288 1421
1288 1686
1289 1342
1289 1530
1290 1296
1290 1752
1292 1434
1292 1716
1292 1821
1296 1568
1296 1876
1297 1369
1297 1752
1297 1847
1298 1521
1298 1586
1299 1518
1300 1316
1300 1497
1302 1383
1302 1519
1302 1617
1302 1708
1302 1923
1303 1915
1304 1379
1304 1393
1305 1614
1306 1985
1308 1341
1310 1644
1311 1635
1312 1470
1312 1547
1312 1733
1314 1866
1314 1867
1314 1881
1315 1826
1315 1886
1316 1384
1316 1686
1316 1833
1316 1836
1318 1565
1319 1578
1319 1853
1321 1341
1322 1696
1322 1801
1323 1467
1323 1792
1323 1797
1324 1640
1326 1661
1327 1878
1328 1496
1328 1784
1329 1347
1330 1603
1330 1703
1331 1456
1331 1776
1331 1801
1332 1587
1332 1801
1333 1784
1338 1682
1338 1760
1339 1483
1339 1497
1340 1937
1342 1661
1343 1607
1345 1520
1346 1663
1348 1647
1349 1556
1350 1499
1354 1795
1354 1800
1355 1725
1355 1767
1355 1794
1355 1819
1356 1742
1357 1612
1358 1859
1358 1930
1359 1717
1361 1480
1361 1602
1363 1484
1363 1550
1363 1568
1363 1715
1364 1439
1365 1377
1367 1611
1369 1785
1371 1378
1371 1680
1373 1830
1373 1937
1374 1385
1374 1571
1374 1987
1375 1430
1375 1823
1376 1710
1381 1550
1383 1887
1384 1927
1384 1941
1385 1796
1385 1851
1386 1479
1386 1639
1387 1725
1388 1514
1388 1716
1389 1400
1389 1482
1391 1665
1391 1746
1392 1551
1392 1704
1392 1873
1394 1523
1394 1676
1395 1635
1396 1587
1397 1978
1399 1543
1399 1622
1400 1750
1400 1900
1402 1503
1403 1465
1403 1768
1404 1893
1406 1419
1407 1886
1411 1542
1412 1659
1412 1871
1412 1907
1413 1495
1415 1435
1417 1508
1418 1678
1418 1691
1419 1763
1420 1470
1420 1541
1421 1838
1422 1506
1422 1559
1424 1892
1425 1599
1427 1556
1427 1724
1428 1447
1428 1610
1430 1627
1430 1729
1431 1487
1431 1764
1431 1944
1433 1453
1433 1550
1434 1519
1434 1985
1435 1483
1435 1709
1436 1481
1436 1868
1437 1444
1437 1721
1438 1919
1440 1509
1441 1593
1441 1671
1442 1625
1442 1736
1442 1890
1443 1861
1443 1953
1444 1874
1445 1845
1447 1948
1449 1497
1449 1647
1449 1961
1450 1646
1450 1948
1453 1889
1453 1913
1455 1860
1456 1638
1460 1806
1461 1720
1463 1785
1464 1970
1466 1819
1469 1973
1470 1736
1471 1914
1472 1589
1476 1571
1476 1966
1477 1760
1478 1635
1479 1518
1481 1725
1482 1949
1483 1988
1484 1744
1485 1770
1486 1641
1487 1504
1487 1713
1488 1639
1488 1792
1491 1602
1492 1619
1495 1838
1496 1945
1497 1886
1498 1841
1499 1671
1500 1536
1500 1802
1501 1791
1501 1957
1503 1588
1504 1698
1506 1694
1506 1868
1507 1830
1508 1995
1510 1821
1516 1553
1517 1791
1518 1547
1518 1548
1520 1923
1521 1556
1521 1783
1524 1891
1524 1988
1525 1565
1526 1787
1526 1992
1529 1917
1530 1922
1531 1578
1532 1559
1532 1590
1533 1919
1534 1536
1535 1794
1535 1854
1536 1725
1536 1971
1537 1723
1544 1624
1544 1700
1545 1707
1545 1812
1547 1867
1548 1909
1550 1894
1552 1744
1552 1849
1555 1648
1558 1589
1560 1642
1563 1720
1564 1930
1565 1958
1567 1619
1567 1792
1568 1874
1569 1643
1569 1694
1570 1873
1572 1894
1577 1883
1578 1733
1579 1926
1583 1924
1584 1826
1584 1864
1588 1637
1588 1650
1588 1862
1589 1750
1590 1846
1593 1629
1598 1835
1599 1981
1600 1672
1600 1987
1602 1729
1603 1735
1604 1691
1615 1646
1616 1774
1618 1647
1618 1983
1619 1773
1620 1649
1621 1651
1625 1704
1626 1654
1627 1833
1638 1683
1641 1695
1642 1707
1645 1993
1646 1862
1651 1870
1660 1813
1662 1944
1664 1871
1664 1923
1667 1706
1667 1773
1670 1875
1672 1718
1673 1993
1675 1781
1675 1811
1678 1773
1681 1766
1683 1737
1684 1750
1686 1735
1686 1968
1688 1731
1689 1823
1689 1961
1693 1763
1693 1860
1695 1986
1696 1717
1698 1875
1698 1883
1699 1814
1702 1959
1707 1735
1710 1922
1714 1845
1715 1752
1716 1905
1717 1818
1717 1899
1719 1729
1719 1868
1723 1766
1724 1792
1725 1764
1726 1810
1727 1890
1731 1952
1744 1967
1747 1845
1755 1868
1769 1940
1773 1932
1774 1860
1780 1905
1780 1942
1782 1962
1783 1924
1785 1809
1788 1868
1790 1940
1793 1869
1795 1957
1801 1824
1803 1945
1805 1989
1806 1923
1808 1939
1808 1985
1810 1876
1815 1940
1816 1969
1818 1925
1819 1992
1820 1993
1829 1904
1834 1894
1835 1868
1837 1921
1841 1961
1841 1968
1851 1925
1861 1868
1861 1899
1862 1942
1867 1937
1871 1884
1871 1932
1877 1951
1879 1988
1880 1911
1885 1988
1889 1973
1891 1978
1895 1929
1907 1915
1924 1983
1946 1957
