2000 3144
1
86
6
92
45
83
65
68
50
76
23
47
56
14
28
7
3
74
63
96
39
30
94
82
10
17
31
37
56
21
97
21
29
100
59
22
8
96
16
40
61
63
62
27
45
28
100
46
64
72
61
94
58
68
66
34
42
4
77
25
93
19
27
78
63
78
24
93
9
71
54
44
92
81
24
30
74
51
42
44
7
93
86
14
40
66
49
16
28
15
90
55
3
74
37
47
65
35
31
70
49
31
77
80
59
24
41
70
73
60
18
50
56
95
17
87
81
91
65
78
96
5
16
21
35
26
99
56
3
99
83
62
52
56
69
5
84
68
41
20
56
60
68
66
26
37
68
63
93
66
11
48
51
84
29
71
89
82
67
40
68
22
74
87
54
99
97
34
66
78
55
76
19
52
10
50
56
11
25
73
34
47
18
65
22
17
52
93
21
50
48
62
28
92
54
4
86
46
65
70
53
60
74
22
26
87
16
11
30
21
73
28
91
97
14
54
62
10
47
24
20
39
36
62
91
5
64
27
99
58
13
98
94
15
17
18
24
97
55
41
41
25
80
7
65
15
66
30
13
50
54
10
32
98
81
81
37
5
84
60
21
86
80
13
14
11
66
70
31
11
55
58
70
97
73
17
30
71
13
9
27
55
66
47
81
100
54
2
55
5
36
39
56
46
55
51
57
51
76
8
58
1
89
80
95
90
49
35
29
92
37
4
89
81
97
76
58
88
88
40
85
64
66
49
53
71
9
75
82
92
58
19
77
2
6
14
79
97
79
76
66
34
83
32
58
88
52
11
11
75
58
12
45
35
97
46
11
36
63
48
39
58
63
18
16
19
81
33
50
65
46
31
99
41
81
18
65
54
10
71
67
83
65
59
23
23
4
50
3
35
67
30
11
91
4
65
30
60
43
46
88
36
52
62
12
71
84
1
19
22
5
77
25
36
42
46
57
68
8
5
22
94
22
53
4
26
64
100
29
47
4
17
57
38
10
88
29
72
28
8
61
45
77
16
40
28
61
97
72
15
92
73
14
2
93
51
50
13
84
77
27
84
88
59
98
84
90
95
33
38
93
1
24
76
58
29
89
37
49
85
37
50
85
56
12
54
13
41
29
32
35
7
77
46
72
54
32
100
58
32
35
69
9
1
77
83
90
99
25
50
48
3
83
4
6
71
55
67
10
93
47
47
70
55
96
33
84
82
19
43
4
92
68
76
64
72
82
11
42
38
66
42
90
86
55
51
41
28
58
70
1
72
48
96
45
25
17
34
76
17
83
12
24
19
5
10
97
27
51
60
99
84
93
6
23
68
58
36
64
10
91
15
32
82
94
45
12
49
78
48
58
18
82
74
73
79
26
26
6
90
47
17
76
57
46
80
50
21
53
62
74
48
63
60
86
57
76
71
73
45
38
100
72
36
22
38
39
94
33
48
75
73
42
24
59
72
91
53
70
20
42
81
44
40
25
86
47
53
50
70
29
6
95
63
3
54
98
37
59
14
27
42
56
61
41
57
37
71
35
81
87
51
51
11
98
36
17
30
54
30
89
100
77
90
11
72
56
71
93
74
30
72
32
1
45
52
82
85
76
4
1
47
65
66
52
10
63
33
14
15
27
84
37
86
24
30
49
19
14
1
64
36
63
11
98
93
38
80
71
9
91
63
100
13
3
74
41
44
63
16
68
81
59
63
18
5
95
4
82
72
77
31
67
83
83
15
21
15
30
75
81
51
57
43
56
70
80
66
50
22
67
95
73
39
13
77
12
3
79
65
97
38
95
88
46
37
78
23
5
31
76
28
79
38
98
40
71
74
93
5
87
57
56
57
90
54
66
16
24
44
62
7
14
73
51
100
5
62
59
24
60
65
81
9
96
61
63
21
51
47
44
98
89
65
92
84
59
60
61
30
39
73
53
48
53
54
94
88
7
38
92
12
48
85
59
37
42
98
52
36
82
82
42
58
80
91
1
34
30
53
9
56
82
18
50
98
82
100
19
62
54
64
97
95
8
22
23
69
55
56
54
70
83
13
61
34
39
88
4
22
84
58
88
37
11
97
72
42
49
83
11
1
22
9
31
94
18
53
49
60
93
94
96
69
13
68
27
65
58
96
76
94
27
12
71
14
76
19
46
39
10
28
25
25
98
27
18
48
70
9
99
15
99
16
56
32
67
34
28
14
11
39
72
16
38
92
22
78
13
1
43
65
25
7
18
25
37
20
30
49
55
18
9
54
44
13
43
9
79
75
28
70
93
68
81
94
5
22
90
48
45
55
16
50
37
65
9
19
9
73
68
61
13
22
26
37
9
6
66
93
59
88
77
51
99
35
23
27
93
90
73
79
41
80
25
40
26
52
35
51
71
19
37
94
75
83
15
40
51
97
21
84
20
36
32
67
85
75
17
50
80
30
98
89
14
71
3
99
22
74
94
13
81
92
53
73
2
48
11
21
10
56
86
33
54
13
4
56
61
62
16
55
9
96
23
18
53
73
24
100
10
22
95
4
75
60
7
74
78
100
42
80
15
48
75
74
38
27
61
79
60
55
2
42
49
71
65
50
95
18
55
11
5
64
89
98
72
66
32
39
10
91
65
8
48
56
39
31
28
27
20
66
72
69
35
47
11
100
66
77
64
78
14
5
30
55
60
32
17
67
8
48
93
56
29
76
46
55
81
47
92
41
38
77
73
89
44
36
36
25
73
93
64
74
95
29
84
71
80
1
37
28
23
11
70
31
28
2
69
70
41
95
21
41
57
10
40
90
11
31
61
44
87
41
26
37
88
90
36
70
85
17
53
82
85
83
52
70
91
35
19
17
16
37
63
91
53
10
43
83
39
96
95
22
55
17
36
39
84
40
25
76
67
90
7
71
61
96
34
6
39
87
25
47
81
40
33
84
36
15
49
86
45
34
77
12
37
2
81
92
65
72
100
70
57
57
100
84
16
45
38
60
53
49
64
69
93
53
61
69
22
92
1
44
39
17
13
7
38
77
34
41
93
38
60
1
9
1
84
16
94
34
31
98
80
2
24
61
92
22
24
1
8
92
4
92
100
73
3
46
2
44
14
31
23
64
46
70
19
22
90
74
70
26
34
22
100
49
61
9
78
39
40
2
41
26
37
31
53
61
95
20
34
10
92
56
39
96
19
35
45
2
7
37
9
7
42
30
23
6
34
79
25
44
89
78
63
27
69
39
78
38
4
93
59
24
13
89
21
66
58
44
86
19
72
72
47
28
64
44
53
37
75
49
13
44
79
49
26
59
18
52
99
75
54
96
98
61
75
16
11
81
13
74
48
20
15
10
34
71
80
51
19
100
8
18
54
15
12
81
57
17
32
88
60
35
38
19
84
69
24
53
79
96
12
21
11
26
81
28
64
18
46
59
94
40
41
62
42
96
91
16
48
48
71
16
98
2
16
5
100
16
85
75
84
28
16
77
35
56
13
51
4
85
74
89
23
97
82
71
25
97
86
61
34
18
4
30
40
85
96
20
66
98
1
58
27
74
40
46
43
49
66
58
91
47
81
55
52
82
76
74
9
47
82
66
32
80
4
70
17
72
36
41
61
73
2
15
45
83
91
15
11
22
68
46
72
9
11
32
84
70
61
27
50
20
83
81
45
25
13
17
69
88
44
17
62
42
83
23
40
22
6
20
6
85
65
97
5
44
84
85
67
83
30
24
63
98
3
87
9
32
51
22
37
42
88
49
65
19
97
87
64
6
44
13
3
97
50
43
56
17
84
3
84
55
83
16
59
94
9
100
90
38
11
35
24
70
95
42
36
32
66
52
29
65
51
8
4
37
91
26
45
34
45
31
72
79
47
92
65
22
29
75
12
4
51
13
50
68
16
27
22
66
85
80
56
88
19
98
36
49
60
20
49
42
33
37
28
56
7
6
100
40
69
8
29
97
73
26
91
79
85
78
23
71
78
70
42
53
20
80
73
7
47
8
93
59
3
20
47
28
97
29
99
69
50
65
52
32
42
20
98
94
53
21
62
37
25
69
34
6
67
62
80
60
14
89
18
60
31
70
83
3
21
48
52
16
53
46
29
30
20
90
26
24
82
57
62
70
37
84
80
7
9
64
62
81
16
4
48
26
33
23
91
9
86
20
63
42
36
32
97
65
21
50
60
95
6
78
6
49
67
73
27
76
41
2
65
51
16
7
96
24
81
16
3
53
30
53
72
59
42
97
77
58
83
9
73
40
86
54
37
93
91
54
64
10
36
99
22
1
28
13
3
5
64
86
16
83
97
56
43
33
71
5
43
73
4
21
2
36
76
55
85
72
67
9
82
21
63
10
95
14
48
67
70
8
33
62
64
13
52
97
40
93
28
85
52
13
52
10
89
72
86
74
76
4
91
50
7
35
27
38
76
1
22
55
95
59
55
47
79
98
8
46
45
46
4
85
92
46
8
9
52
49
14
74
83
16
46
1
25
63
100
52
86
27
69
7
95
1
54
47
6
10
28
70
50
60
46
22
76
28
90
38
41
65
66
50
80
81
92
42
93
46
61
21
99
42
0 332
1 6
1 489
1 1113
1 1696
2 393
3 1639
4 58
4 1745
4 1836
5 319
5 996
5 1163
6 931
7 606
7 613
7 1553
7 1838
7 1892
8 638
8 1644
8 1681
8 1723
9 1180
10 341
10 1433
11 952
13 847
13 1007
13 1112
13 1453
13 1791
14 546
14 713
14 925
14 1203
15 98
15 198
15 663
15 1386
15 1727
16 530
16 974
16 1680
17 327
17 718
17 1587
17 1845
18 134
18 549
18 1116
18 1757
18 1863
19 430
19 1743
20 562
20 1601
21 728
21 984
22 637
22 1140
22 1506
22 1804
23 1897
24 262
24 353
24 568
24 1034
24 1060
24 1722
26 464
26 529
27 442
27 1633
27 1954
28 296
28 561
28 1381
29 426
29 852
29 1143
29 1591
29 1871
30 472
30 1272
30 1628
30 1864
31 39
31 241
31 288
31 992
31 1886
32 208
32 1765
33 458
33 543
33 971
33 1691
34 46
34 350
34 517
35 631
35 1125
35 1289
35 1378
35 1484
35 1569
35 1746
36 352
37 230
37 1355
37 1394
37 1893
39 43
39 50
39 1208
39 1217
39 1264
39 1575
40 862
40 1100
40 1168
40 1672
40 1774
41 206
42 329
42 1033
42 1046
42 1248
43 129
43 722
43 924
43 1997
44 372
44 415
44 925
44 1144
44 1440
45 69
45 812
45 1874
46 1335
46 1686
46 1723
47 1220
47 1290
47 1430
48 1140
48 1598
49 1058
49 1233
49 1382
50 238
50 1027
51 620
51 1000
51 1276
51 1977
52 1230
52 1878
52 1955
53 1064
53 1753
54 577
54 715
54 1258
54 1432
54 1574
54 1911
55 158
55 365
55 696
55 1157
56 333
56 668
56 904
56 1015
56 1528
57 588
57 1389
57 1763
58 588
58 1713
59 1703
59 1977
60 560
60 798
60 994
60 1162
60 1337
61 102
61 255
61 339
61 1027
62 95
62 894
62 1362
62 1778
63 1217
63 1606
63 1867
64 1144
64 1145
64 1221
64 1230
64 1563
65 691
65 1112
65 1126
66 186
66 343
66 396
66 469
66 862
66 933
66 1085
66 1474
66 1490
66 1682
66 1725
67 419
67 567
67 779
67 1641
68 501
68 710
68 1278
68 1798
68 1803
70 114
70 1850
71 872
71 1529
71 1975
72 649
73 873
73 1776
73 1974
74 596
74 941
74 1541
74 1692
75 473
75 625
75 726
75 1116
75 1235
75 1476
76 1396
77 220
77 398
77 970
77 1502
79 166
79 282
79 1436
80 121
80 368
80 736
80 1064
81 84
81 150
81 1264
82 1198
82 1988
83 502
83 612
83 962
84 554
84 895
84 1287
84 1317
84 1795
85 472
85 950
86 169
86 1249
87 132
88 775
88 935
89 206
89 307
90 479
90 1493
90 1933
91 1048
92 797
92 996
92 1241
93 1002
93 1650
93 1743
94 270
94 964
95 818
95 1313
96 589
96 603
96 886
96 1828
97 1383
97 1443
98 166
98 692
98 770
99 412
99 1674
100 277
100 540
100 796
100 833
100 1337
100 1538
101 221
101 1954
101 1981
102 1693
103 128
103 232
103 421
103 1144
105 200
105 815
105 1767
105 1985
106 296
106 322
106 958
106 1036
107 186
107 559
107 570
107 1267
107 1417
107 1994
108 675
108 1141
108 1344
108 1512
108 1584
110 413
110 723
110 823
110 1896
111 1054
111 1259
111 1719
112 366
112 1808
113 898
114 213
114 931
115 275
115 1608
116 789
117 300
117 882
117 1453
117 1673
117 1849
118 869
118 1267
118 1481
118 1830
119 336
119 815
119 1203
119 1348
120 328
120 447
120 513
120 923
120 965
121 249
121 1015
122 688
122 906
123 613
123 927
123 1517
123 1933
124 201
124 1779
125 1401
125 1511
126 157
127 1776
128 1636
129 1558
129 1999
130 199
130 235
130 955
130 1574
131 329
131 1149
131 1526
132 1815
132 1914
133 247
133 384
133 1988
134 1758
135 365
136 153
136 469
136 1146
136 1204
136 1922
137 1526
138 177
138 209
138 212
138 335
139 1000
139 1120
139 1619
140 1156
140 1263
140 1683
141 581
141 1954
142 1225
142 1252
142 1380
143 157
143 680
143 896
143 1268
143 1377
144 1075
144 1152
144 1879
145 432
145 776
145 1788
146 1073
147 1398
148 779
148 1366
149 535
151 592
152 270
152 501
152 776
152 974
152 1336
153 626
153 746
153 1162
153 1170
153 1218
153 1307
153 1522
154 1520
154 1811
155 586
155 688
155 1195
156 243
156 1822
156 1906
157 565
157 1082
157 1211
157 1220
157 1889
158 1174
158 1395
159 1411
160 485
160 1129
160 1284
161 572
161 784
161 938
161 959
161 1688
162 213
162 872
162 1158
162 1354
162 1555
162 1870
163 191
163 552
163 950
163 1306
164 509
164 699
164 855
164 1052
164 1380
164 1593
165 726
165 1143
165 1957
166 222
166 504
166 896
166 971
167 1129
168 810
168 1927
169 217
169 261
169 531
169 1050
169 1090
169 1528
169 1678
170 172
171 568
171 769
172 1241
172 1284
173 368
173 449
173 685
173 716
173 864
174 504
175 282
175 508
175 1485
175 1635
175 1869
176 1676
177 255
177 295
177 463
177 828
177 1526
177 1699
178 350
179 857
179 1272
180 375
180 559
180 599
180 1503
180 1947
181 299
181 1779
182 277
182 1468
182 1882
183 1350
183 1764
183 1921
184 422
184 694
184 1029
184 1445
184 1473
185 635
185 934
185 1312
185 1925
186 246
186 985
186 1001
186 1023
186 1594
187 480
187 1772
187 1784
187 1905
189 1008
189 1116
189 1121
189 1627
190 236
190 1089
190 1494
190 1601
191 835
191 1354
192 1919
193 648
193 772
193 1385
194 842
194 1387
194 1521
194 1586
194 1695
195 386
195 1086
195 1746
196 580
196 1702
196 1836
196 1973
197 234
197 769
197 1346
198 315
198 402
198 975
198 1123
198 1186
199 1640
200 423
200 579
201 205
201 278
201 354
202 676
202 1748
203 791
203 1915
204 1280
204 1394
204 1506
204 1827
205 387
205 425
205 553
205 1533
206 551
206 632
206 890
206 1765
207 419
207 1625
207 1746
207 1757
208 1056
209 1545
210 771
210 1565
210 1814
211 703
211 909
212 675
212 681
212 798
213 541
213 948
214 635
214 898
214 1069
214 1518
214 1866
214 1983
215 572
215 1281
216 629
216 1430
216 1433
216 1789
217 847
217 1321
218 914
218 1842
218 1992
219 517
219 571
219 594
219 1283
220 938
220 1263
220 1748
220 1819
221 1843
221 1895
223 295
223 662
223 842
223 866
223 1041
223 1691
224 790
224 1160
225 418
225 598
225 617
225 1075
225 1133
226 242
226 692
226 1047
226 1338
227 1010
227 1479
228 375
228 1498
229 1140
229 1303
229 1542
229 1852
230 1561
230 1811
231 899
232 415
232 497
232 1023
233 456
233 480
234 450
234 485
234 1521
234 1601
234 1792
235 764
235 798
235 920
235 1273
235 1647
236 300
236 606
236 1649
236 1747
236 1904
237 576
237 761
237 1543
237 1994
238 521
238 751
238 1250
238 1549
238 1756
239 1164
239 1606
239 1784
240 1475
240 1817
241 1402
242 1674
243 636
243 1144
243 1462
243 1705
244 653
244 666
244 1235
245 659
245 1290
246 555
246 849
246 1075
247 1115
247 1212
248 1705
249 536
249 600
249 888
249 1715
250 953
250 1346
251 523
251 658
251 1492
251 1992
252 822
252 1225
253 1204
253 1807
253 1906
254 434
254 1140
254 1864
254 1910
255 905
255 1548
255 1768
255 1807
255 1871
256 1235
257 788
257 1599
257 1936
258 656
258 795
258 1172
259 440
259 454
259 1903
260 647
260 1503
261 571
261 648
262 316
262 1201
262 1540
262 1852
263 378
263 1059
263 1134
263 1301
263 1407
263 1642
263 1897
263 1961
265 422
265 510
265 816
265 938
265 1454
265 1495
267 415
267 1226
268 1066
268 1752
269 462
269 694
269 876
270 1209
270 1315
270 1503
270 1947
271 366
271 485
271 834
271 1781
272 310
272 1859
273 1183
274 407
274 534
274 1401
274 1462
274 1572
275 362
275 996
275 1357
275 1600
275 1817
276 322
276 797
276 822
276 1184
276 1336
276 1568
276 1689
277 301
277 1231
277 1860
278 832
278 1602
279 399
279 581
279 799
280 314
280 1082
280 1195
281 363
281 1304
281 1363
281 1889
282 709
282 849
283 388
283 630
283 952
283 1195
283 1259
284 353
284 369
285 474
285 651
285 1926
286 1082
286 1896
287 944
287 1137
287 1778
288 719
288 1085
288 1502
289 648
289 788
289 795
290 629
292 843
292 849
293 453
293 1057
293 1736
294 304
294 648
294 728
294 1322
294 1385
296 485
296 603
296 1925
297 451
299 393
299 764
299 1608
299 1713
300 426
300 880
300 1526
300 1925
301 767
301 993
301 1566
302 864
302 878
302 1006
302 1110
302 1788
304 1254
304 1307
304 1550
305 428
305 546
306 1400
306 1989
307 422
307 559
307 1971
309 1289
310 905
310 1470
310 1510
310 1600
310 1746
311 493
311 616
311 843
311 1602
313 1500
314 416
314 738
314 1317
314 1716
315 578
315 869
315 994
315 1131
315 1137
316 462
316 1369
317 966
317 993
317 1227
318 427
318 910
320 671
320 1946
321 539
321 616
321 1134
321 1457
322 1943
323 543
323 919
323 1177
324 1109
325 985
325 1798
326 408
326 419
326 554
326 872
326 1365
327 1293
328 846
328 970
328 1894
329 884
330 340
330 1770
331 745
331 927
331 1486
331 1641
332 705
332 924
332 1627
332 1856
333 595
333 673
333 874
333 962
333 1158
333 1521
333 1605
333 1952
334 1027
334 1500
334 1821
335 399
335 1920
335 1948
336 1986
337 355
337 551
337 559
337 647
337 1056
339 738
339 938
339 995
339 1035
339 1679
340 1194
340 1441
341 780
341 922
342 1289
342 1326
343 372
343 1052
344 926
344 1146
344 1291
344 1698
345 761
345 861
345 1135
346 1391
346 1520
348 1044
349 537
349 1440
349 1796
349 1964
350 618
350 930
351 917
351 1646
351 1889
351 1926
351 1936
352 480
352 1143
353 563
353 902
353 1339
353 1705
354 672
354 1278
354 1762
355 649
355 858
355 936
355 1825
355 1891
356 440
356 515
356 629
356 687
356 757
356 1689
357 570
358 477
358 840
358 1613
359 1598
360 722
360 1242
361 1892
363 1127
364 436
364 1700
365 1569
365 1948
366 1104
366 1600
367 1313
368 1367
368 1960
370 722
370 955
370 1222
370 1975
371 474
371 1300
371 1435
372 689
373 734
373 765
373 1777
374 973
374 1013
375 496
375 1265
375 1583
375 1940
376 1666
376 1972
377 860
377 992
377 1059
377 1091
378 411
378 1197
378 1635
378 1660
378 1710
379 862
379 1184
379 1781
380 554
380 1032
380 1088
380 1234
381 629
381 1316
382 590
382 1139
382 1842
382 1860
383 1219
383 1945
385 719
385 1145
385 1435
386 560
386 1593
386 1601
386 1866
387 650
387 907
387 1644
388 405
388 492
388 554
388 1072
388 1261
388 1452
390 539
390 1175
390 1444
390 1840
391 1327
391 1531
392 1128
393 1853
394 1724
395 788
395 1352
395 1638
395 1770
396 846
396 1556
398 1085
398 1264
398 1887
400 1311
403 896
403 1984
404 672
404 1169
405 1479
405 1719
406 1776
407 695
407 806
407 1774
408 870
408 877
408 1064
408 1072
409 1076
409 1480
410 677
410 1641
410 1899
411 611
411 1485
411 1839
412 779
412 1744
413 520
413 591
414 1941
415 462
415 876
416 689
416 1159
416 1562
417 810
417 1257
417 1895
417 1915
418 822
419 549
419 759
420 1091
420 1640
420 1762
420 1765
421 447
421 1163
422 557
422 631
423 748
423 972
423 1002
423 1430
423 1879
424 914
425 519
425 520
425 792
425 1168
425 1523
425 1758
426 912
426 988
426 997
426 1224
426 1421
426 1692
427 716
427 1023
427 1756
428 599
428 1945
429 1067
432 806
433 1986
434 673
434 677
435 648
435 1749
435 1922
436 965
436 1350
436 1391
436 1862
437 844
437 1756
438 851
438 1135
438 1303
439 624
439 1084
439 1574
440 496
440 787
440 1359
441 1171
441 1737
441 1896
441 1967
442 1111
442 1209
442 1537
443 1614
443 1679
444 641
444 921
444 1089
445 932
445 1203
445 1647
446 827
446 973
446 1022
446 1224
447 1049
448 1161
450 1254
450 1671
451 889
451 1460
452 880
453 1718
454 943
454 1008
454 1644
455 612
455 1706
456 927
456 1576
456 1927
457 1235
457 1541
458 520
458 842
459 817
460 947
460 1642
462 826
462 1812
464 1625
464 1639
465 553
465 1372
465 1619
466 1383
467 546
467 1709
468 1669
468 1715
469 765
470 629
471 702
471 1803
472 497
472 584
472 1684
473 587
473 625
473 915
474 967
475 924
475 1377
475 1432
475 1517
475 1556
475 1758
475 1874
475 1906
476 1866
477 1878
477 1943
477 1992
478 727
478 953
478 1396
478 1639
478 1648
478 1765
478 1919
479 874
479 1511
480 773
480 1907
481 1214
482 1513
483 1106
483 1314
483 1315
484 1560
485 1356
486 919
486 941
486 1311
486 1562
487 843
488 1278
488 1668
489 765
489 1275
489 1536
489 1837
490 1550
490 1822
491 974
491 1114
491 1817
492 721
492 1176
492 1678
493 979
493 1358
493 1503
494 798
494 852
494 1166
494 1949
495 1007
495 1163
495 1426
496 720
496 878
496 1366
496 1492
497 598
497 1745
499 1289
499 1309
499 1351
500 545
500 1223
501 699
501 799
501 842
501 847
501 922
501 1397
501 1664
501 1983
502 667
502 1589
503 1166
503 1417
505 1033
505 1704
505 1722
506 1627
507 799
507 1035
509 690
509 800
510 1499
511 805
511 1139
512 1823
512 1935
514 1834
515 968
515 1407
516 1069
516 1111
516 1472
516 1751
517 794
517 1400
517 1780
517 1968
519 682
519 726
519 1771
520 839
520 1283
520 1805
521 1944
523 931
523 1073
523 1663
523 1715
524 846
524 1181
524 1327
525 640
525 977
525 1946
525 1973
526 562
527 780
527 1066
527 1786
527 1796
527 1819
528 662
528 1055
529 1263
531 786
531 1632
532 644
532 709
533 1284
533 1574
533 1903
534 1144
535 1176
535 1588
536 863
536 1080
537 885
537 1155
537 1647
537 1780
538 741
538 1535
538 1694
539 810
539 935
539 1058
539 1473
539 1721
539 1735
540 1286
541 1946
542 848
542 1381
543 1336
544 675
544 1807
545 564
545 1042
545 1066
545 1558
545 1986
547 1515
548 603
548 687
549 961
549 1640
550 676
550 1180
550 1494
552 726
552 1218
553 764
553 1106
554 1740
555 653
555 848
555 1385
555 1748
556 982
556 996
557 1160
557 1721
558 1244
558 1519
559 981
560 800
561 1516
562 1743
563 1125
563 1358
563 1476
563 1958
564 1455
564 1636
565 1901
566 1953
567 1583
568 776
568 804
569 1403
570 1685
570 1976
571 950
572 1255
572 1455
573 979
573 1573
574 1303
574 1622
574 1896
575 1002
575 1098
575 1282
575 1542
575 1982
576 774
576 810
578 1577
578 1952
579 1233
579 1385
579 1471
579 1689
580 1140
580 1327
580 1652
581 1160
581 1210
582 1057
583 1310
583 1542
584 798
585 685
586 929
586 1800
587 1230
587 1293
587 1472
588 1052
588 1705
589 1619
589 1730
590 1816
591 1538
591 1578
592 1429
594 901
594 1484
594 1620
595 1201
596 923
597 900
597 1101
598 730
598 1015
598 1419
598 1783
599 1166
600 751
601 977
601 1241
601 1363
602 993
603 1670
603 1781
604 618
604 670
604 1997
605 1451
606 910
606 929
606 1337
607 1475
607 1727
608 1004
608 1180
609 1691
610 1153
610 1368
610 1947
610 1964
611 616
612 617
612 1534
612 1586
612 1614
613 1172
614 1864
615 1841
615 1860
616 861
616 877
616 1855
617 1305
618 1462
619 1662
620 1413
621 985
621 1220
621 1740
622 1835
623 1181
623 1735
624 968
624 1137
624 1822
626 888
626 1078
626 1672
626 1821
627 824
627 1054
627 1149
627 1540
629 1849
630 1583
630 1623
630 1809
631 976
631 1898
632 742
632 1102
632 1368
633 958
633 1481
633 1539
633 1548
633 1554
633 1565
634 832
634 1122
634 1220
634 1642
634 1999
635 1250
635 1302
636 1265
636 1631
636 1731
638 1416
639 1287
639 1308
639 1591
639 1603
640 1481
641 654
641 762
642 797
642 913
643 1021
643 1527
643 1653
644 1757
644 1807
645 664
645 1131
645 1281
645 1722
645 1906
646 1136
646 1762
648 1090
648 1790
649 1770
649 1797
650 1060
650 1345
650 1713
650 1765
651 1410
651 1682
653 682
653 1767
654 1763
655 990
655 1462
655 1772
656 1001
656 1738
657 1363
657 1395
657 1638
658 687
658 1947
659 1470
659 1913
659 1998
660 776
660 1670
660 1966
661 822
661 1307
661 1380
661 1883
662 802
662 1583
662 1610
662 1623
663 920
663 1210
664 1873
664 1892
665 857
665 1412
665 1585
665 1719
665 1756
666 1112
666 1165
666 1856
667 1122
667 1286
669 985
670 698
670 785
670 1308
670 1813
670 1970
671 684
671 1129
671 1262
671 1316
673 1864
675 1373
675 1763
676 1059
676 1264
677 714
677 1615
678 1237
679 983
680 1086
682 832
682 838
682 989
683 1081
683 1194
683 1868
684 1538
684 1756
685 844
685 1756
686 698
686 1767
687 717
687 880
687 1908
688 897
688 1398
688 1414
688 1445
688 1661
689 733
689 734
689 1538
689 1917
690 1791
692 732
692 1087
692 1271
692 1307
692 1376
692 1953
693 1054
693 1472
693 1893
694 1906
694 1908
694 1916
695 1286
696 913
696 953
696 1051
697 1003
697 1199
697 1208
697 1959
700 735
700 979
700 1002
700 1021
700 1946
701 871
702 1426
703 1447
703 1865
704 1817
705 1148
705 1470
705 1528
705 1818
706 855
706 1037
706 1387
706 1544
707 818
707 1444
708 972
708 1254
709 801
709 860
709 1044
709 1788
709 1803
714 761
714 1102
714 1107
714 1742
715 1275
715 1299
716 882
716 940
716 1567
717 918
717 983
717 1038
718 1512
719 1348
720 888
720 1264
720 1579
720 1962
721 1474
721 1621
723 841
723 1009
723 1400
725 771
725 1847
725 1976
726 1227
726 1387
726 1856
726 1951
727 1043
727 1714
727 1859
728 883
728 1610
728 1642
728 1684
729 822
729 1633
729 1724
729 1775
730 1029
730 1871
731 1304
731 1766
732 829
733 739
733 932
733 994
733 1171
733 1394
734 792
734 1350
734 1361
734 1378
736 758
736 1251
736 1533
736 1838
738 767
738 1885
739 1391
741 1323
741 1849
742 961
742 1834
743 1825
744 748
744 1161
744 1303
744 1862
746 761
746 769
746 1492
746 1651
747 887
747 1158
747 1814
748 1171
749 801
749 853
750 803
751 909
751 1176
751 1806
752 885
752 1803
753 1272
753 1728
754 777
754 1206
754 1341
754 1448
755 992
755 1766
756 843
756 995
756 1900
757 910
757 1055
757 1578
757 1982
758 1136
758 1333
758 1963
758 1967
759 1260
759 1540
759 1791
759 1905
760 1055
761 952
761 1119
761 1713
763 1208
763 1428
763 1850
765 987
765 1451
766 1319
766 1805
767 1638
767 1784
768 972
768 1908
768 1910
769 1417
769 1426
769 1982
770 1754
770 1933
771 1857
772 1629
773 1633
773 1783
774 1011
775 1892
776 1247
777 1340
777 1541
778 1231
779 1377
780 887
780 1108
780 1153
781 826
781 987
781 1039
781 1572
781 1824
781 1953
782 783
782 900
782 988
782 1254
782 1438
782 1636
782 1842
783 1775
783 1799
783 1833
783 1959
784 935
784 1381
784 1567
784 1774
785 1258
785 1874
787 1354
787 1384
787 1410
787 1578
789 1287
790 820
790 1269
790 1333
793 1127
793 1207
793 1491
793 1564
794 1187
794 1329
794 1765
795 1710
796 797
796 1071
796 1682
796 1785
797 882
797 902
797 937
797 1330
798 1498
798 1728
800 896
802 1800
804 1007
804 1166
804 1932
805 1527
805 1606
805 1948
806 921
808 861
808 1194
808 1393
808 1758
808 1939
809 1510
809 1637
810 876
810 942
810 1553
811 1782
812 1633
812 1971
813 1490
814 922
814 1121
814 1290
814 1733
815 1860
816 1438
816 1637
817 871
817 943
817 1082
817 1407
817 1569
817 1796
818 831
818 1178
819 1692
820 854
820 1530
821 1485
821 1845
822 1125
822 1573
822 1727
823 1082
824 1073
824 1150
824 1317
824 1557
825 1211
825 1353
825 1429
826 1490
826 1554
827 1232
828 863
828 965
828 1040
828 1462
828 1551
828 1688
828 1753
830 969
830 1086
830 1780
831 1081
832 1344
832 1468
832 1921
833 1539
833 1737
834 899
834 1771
835 1250
835 1730
835 1936
836 1229
836 1719
837 1800
837 1992
838 1462
838 1697
839 1297
839 1700
840 959
841 911
841 1526
841 1905
842 869
842 1905
843 1293
843 1384
843 1683
844 1006
844 1348
844 1732
845 1738
845 1923
847 1582
848 1914
849 881
849 926
849 1452
850 1655
850 1965
851 1919
851 1986
852 1655
852 1669
853 874
853 1372
853 1929
854 918
855 1033
855 1255
856 1205
857 1122
858 1712
860 1311
860 1354
860 1830
862 1519
862 1898
863 1664
863 1938
864 865
864 1112
864 1270
864 1342
864 1403
864 1785
865 1218
865 1244
866 1133
866 1496
867 954
867 1252
869 1060
869 1159
869 1540
869 1675
870 1310
870 1990
871 904
871 1648
872 1263
872 1787
872 1830
872 1915
873 1267
874 1186
874 1584
879 1252
880 925
880 964
880 1917
881 1344
882 1188
883 913
883 1028
884 1775
884 1839
885 1732
886 1047
886 1469
887 1481
889 951
889 1356
890 896
890 1114
891 1660
892 1004
893 1129
893 1627
895 1950
898 1241
898 1831
899 1083
899 1216
901 1557
902 968
902 1616
903 1560
904 1435
904 1738
904 1753
905 1913
906 1227
906 1725
906 1989
907 1043
907 1601
907 1901
908 1069
908 1862
909 1982
910 938
910 1608
911 1484
911 1509
911 1676
913 1557
914 1202
914 1298
914 1819
914 1885
915 994
915 1692
915 1955
916 1680
916 1723
919 1239
920 1751
921 980
921 1615
922 1712
923 1138
924 1064
924 1355
926 1096
926 1134
928 958
928 1314
929 1367
929 1787
929 1797
930 1175
931 1312
931 1402
931 1539
932 1092
932 1236
932 1727
933 1521
933 1964
934 959
935 1678
936 1650
936 1847
937 1632
937 1718
938 1421
938 1652
938 1882
940 1704
940 1925
943 1750
944 1942
945 1018
946 1247
947 1584
947 1815
948 1323
948 1754
949 981
949 1755
950 1056
950 1105
951 1051
951 1930
952 1100
952 1219
952 1530
954 1365
954 1707
955 1365
955 1922
956 1671
957 1382
957 1408
958 1198
958 1505
959 1175
959 1720
960 1631
960 1642
961 1374
961 1715
962 1487
962 1503
963 1017
963 1264
963 1814
965 1253
965 1436
965 1465
965 1589
966 1023
967 1269
967 1713
967 1849
967 1855
968 1645
969 1501
969 1654
972 1337
972 1878
973 1964
974 1240
975 1273
976 1222
976 1460
978 1016
978 1786
979 1048
979 1399
979 1458
981 1844
982 1523
986 1060
986 1711
987 1574
988 1492
989 1405
989 1485
989 1812
990 1360
990 1430
990 1912
991 1741
991 1889
991 1969
992 1223
992 1502
992 1711
992 1768
993 1630
994 1280
996 1218
996 1719
997 1403
997 1485
999 1087
999 1165
999 1207
999 1614
1000 1877
1001 1037
1001 1162
1002 1694
1002 1928
1003 1096
1003 1262
1003 1576
1004 1197
1004 1787
1006 1051
1006 1865
1006 1866
1007 1726
1008 1341
1008 1939
1009 1020
1009 1498
1009 1910
1009 1916
1011 1075
1012 1533
1013 1043
1014 1601
1014 1655
1015 1120
1015 1714
1015 1749
1015 1859
1016 1467
1016 1606
1017 1190
1019 1062
1020 1530
1020 1603
1020 1831
1020 1832
1022 1149
1023 1391
1025 1408
1025 1527
1026 1065
1026 1208
1026 1441
1026 1619
1027 1205
1028 1631
1028 1674
1029 1087
1029 1621
1030 1235
1030 1916
1031 1036
1031 1366
1031 1758
1032 1695
1034 1682
1035 1184
1035 1262
1036 1147
1036 1992
1038 1514
1039 1414
1040 1228
1041 1326
1041 1786
1042 1068
1042 1370
1042 1928
1044 1495
1044 1577
1044 1735
1044 1816
1046 1148
1046 1435
1047 1483
1047 1860
1047 1925
1048 1745
1049 1183
1049 1716
1049 1980
1050 1164
1050 1271
1050 1985
1052 1139
1052 1581
1052 1604
1052 1781
1053 1448
1055 1233
1055 1315
1055 1354
1055 1722
1056 1259
1057 1186
1057 1340
1057 1421
1059 1227
1059 1700
1060 1821
1061 1853
1062 1639
1063 1382
1063 1657
1063 1829
1063 1832
1064 1176
1064 1759
1066 1229
1066 1312
1068 1388
1069 1801
1071 1305
1072 1325
1074 1300
1074 1759
1076 1253
1076 1507
1076 1569
1077 1890
1078 1517
1079 1195
1079 1214
1080 1415
1080 1509
1080 1794
1081 1283
1083 1379
1083 1434
1083 1478
1083 1537
1084 1224
1084 1487
1085 1305
1085 1367
1085 1965
1086 1090
1086 1115
1087 1737
1088 1819
1089 1243
1089 1961
1090 1311
1091 1349
1091 1464
1091 1864
1092 1106
1092 1110
1092 1322
1093 1374
1094 1529
1095 1209
1096 1589
1096 1822
1097 1408
1097 1828
1097 1918
1098 1549
1098 1679
1101 1955
1103 1824
1104 1901
1104 1904
1105 1918
1106 1188
1107 1490
1107 1566
1108 1238
1110 1671
1114 1777
1117 1290
1118 1369
1118 1443
1118 1503
1118 1747
1119 1550
1120 1383
1120 1496
1120 1542
1121 1695
1121 1699
1121 1867
1121 1869
1122 1724
1122 1730
1123 1307
1125 1297
1126 1801
1127 1695
1127 1821
1128 1850
1129 1746
1129 1908
1130 1236
1130 1840
1132 1152
1133 1174
1134 1713
1134 1898
1135 1270
1135 1426
1135 1495
1136 1877
1137 1249
1137 1953
1138 1600
1138 1742
1139 1670
1139 1944
1140 1573
1141 1670
1143 1865
1144 1287
1144 1604
1144 1801
1145 1716
1146 1390
1148 1876
1149 1812
1151 1160
1151 1282
1151 1422
1151 1493
1151 1687
1152 1488
1152 1944
1153 1769
1153 1786
1154 1317
1154 1337
1154 1811
1155 1297
1155 1795
1157 1647
1158 1295
1160 1296
1160 1306
1160 1383
1160 1475
1162 1220
1163 1371
1164 1881
1164 1900
1165 1268
1166 1447
1166 1649
1168 1800
1168 1898
1168 1936
1169 1404
1170 1544
1171 1276
1171 1419
1171 1925
1172 1469
1172 1603
1172 1925
1173 1445
1174 1286
1174 1343
1174 1347
1175 1436
1180 1274
1181 1630
1181 1688
1181 1781
1183 1772
1183 1991
1185 1849
1186 1853
1189 1228
1191 1659
1192 1339
1193 1274
1193 1498
1193 1944
1194 1421
1194 1658
1195 1356
1195 1909
1201 1527
1202 1241
1202 1558
1202 1720
1203 1330
1203 1719
1203 1758
1203 1975
1204 1766
1205 1371
1205 1506
1205 1702
1206 1238
1206 1285
1206 1427
1206 1741
1207 1994
1208 1925
1208 1950
1209 1342
1209 1969
1210 1709
1210 1782
1211 1443
1213 1318
1213 1823
1213 1826
1214 1528
1215 1609
1217 1382
1217 1802
1217 1804
1218 1592
1221 1240
1221 1350
1222 1479
1222 1616
1224 1265
1224 1622
1225 1891
1227 1254
1227 1346
1228 1674
1228 1986
1230 1448
1231 1420
1234 1386
1234 1707
1234 1882
1238 1935
1240 1627
1240 1708
1241 1327
1241 1534
1242 1730
1242 1870
1242 1879
1242 1951
1243 1726
1246 1936
1247 1562
1247 1704
1249 1997
1250 1265
1250 1547
1251 1342
1251 1717
1252 1257
1253 1579
1253 1836
1253 1899
1254 1667
1256 1429
1257 1842
1258 1316
1258 1916
1260 1861
1261 1427
1261 1666
1261 1791
1261 1879
1262 1508
1264 1631
1264 1887
1265 1798
1266 1558
1267 1311
1267 1507
1267 1744
1268 1551
1268 1627
1269 1700
1269 1912
1270 1790
1271 1368
1271 1381
1271 1763
1272 1300
1272 1336
1273 1616
1275 1634
1275 1911
1276 1674
1277 1417
1277 1585
1278 1374
1278 1976
1279 1486
1279 1933
1281 1526
1281 1548
1282 1956
1283 1304
1284 1773
1286 1905
1287 1383
1288 1635
1290 1853
1290 1976
1292 1871
1292 1993
1293 1731
1293 1925
1294 1628
1295 1315
1296 1400
1299 1690
1300 1426
1300 1475
1302 1430
1302 1525
1302 1944
1303 1533
1303 1719
1304 1312
1304 1443
1304 1445
1304 1479
1304 1904
1307 1559
1310 1885
1311 1314
1314 1396
1314 1853
1316 1325
1316 1874
1317 1324
1319 1320
1319 1732
1320 1943
1321 1911
1324 1325
1324 1390
1327 1653
1327 1804
1329 1687
1329 1819
1329 1937
1330 1684
1331 1692
1333 1349
1333 1514
1333 1812
1334 1839
1338 1348
1338 1767
1338 1854
1339 1835
1340 1773
1341 1569
1342 1477
1344 1422
1344 1722
1345 1767
1346 1352
1347 1602
1347 1993
1349 1535
1349 1916
1350 1491
1350 1818
1355 1382
1355 1765
1355 1993
1356 1730
1358 1402
1359 1495
1362 1384
1363 1464
1363 1672
1363 1949
1364 1388
1364 1693
1366 1475
1366 1758
1368 1492
1368 1933
1369 1975
1371 1877
1371 1982
1372 1441
1372 1845
1376 1909
1377 1859
1377 1966
1378 1588
1379 1425
1380 1720
1380 1779
1381 1908
1385 1770
1385 1843
1386 1876
1387 1682
1387 1800
1388 1977
1390 1813
1391 1422
1391 1675
1391 1803
1393 1840
1393 1889
1393 1953
1396 1404
1396 1615
1397 1517
1398 1485
1398 1760
1399 1456
1401 1414
1402 1430
1402 1730
1403 1759
1406 1769
1406 1889
1409 1489
1409 1974
1410 1641
1410 1921
1411 1453
1413 1777
1414 1723
1417 1760
1420 1538
1422 1823
1422 1957
1423 1951
1424 1772
1426 1543
1426 1942
1426 1986
1427 1612
1429 1509
1429 1774
1429 1843
1429 1982
1430 1443
1431 1581
1432 1536
1432 1861
1433 1820
1433 1852
1437 1492
1440 1997
1442 1492
1443 1528
1444 1493
1444 1539
1445 1733
1446 1915
1448 1960
1449 1609
1450 1586
1450 1712
1451 1952
1454 1484
1454 1633
1454 1865
1455 1961
1457 1767
1457 1809
1459 1464
1459 1978
1464 1982
1465 1858
1466 1496
1467 1747
1469 1936
1469 1952
1470 1677
1475 1692
1476 1597
1476 1637
1478 1720
1479 1850
1481 1589
1482 1957
1484 1894
1484 1963
1486 1812
1486 1940
1487 1727
1488 1541
1488 1832
1488 1982
1489 1873
1491 1925
1492 1930
1495 1762
1495 1989
1499 1982
1502 1636
1502 1678
1506 1665
1506 1984
1508 1674
1508 1973
1509 1703
1511 1651
1514 1708
1514 1756
1517 1997
1520 1556
1522 1564
1522 1779
1524 1558
1524 1634
1524 1707
1525 1814
1525 1822
1527 1623
1527 1637
1527 1846
1528 1592
1528 1888
1531 1934
1532 1870
1534 1535
1534 1558
1534 1569
1534 1880
1537 1998
1540 1847
1541 1546
1543 1596
1545 1551
1546 1600
1546 1883
1551 1625
1554 1953
1556 1648
1559 1728
1559 1853
1560 1610
1561 1987
1562 1683
1562 1920
1568 1674
1570 1831
1571 1766
1572 1584
1572 1962
1572 1974
1576 1593
1579 1915
1580 1912
1581 1863
1584 1796
1586 1689
1586 1762
1590 1861
1592 1759
1593 1875
1594 1844
1594 1882
1595 1633
1597 1603
1599 1779
1599 1988
1601 1842
1604 1923
1606 1683
1610 1619
1610 1792
1610 1842
1611 1814
1611 1968
1612 1703
1613 1646
1614 1635
1615 1958
1616 1805
1616 1841
1617 1875
1620 1637
1622 1874
1623 1682
1625 1916
1626 1862
1626 1875
1627 1671
1629 1754
1631 1886
1634 1770
1634 1941
1635 1790
1637 1687
1640 1860
1641 1828
1643 1704
1644 1817
1644 1974
1645 1742
1645 1891
1651 1753
1654 1783
1654 1942
1654 1960
1657 1855
1657 1944
1662 1693
1662 1844
1663 1875
1665 1844
1665 1952
1670 1719
1672 1895
1679 1752
1685 1723
1689 1872
1690 1828
1690 1986
1694 1911
1698 1769
1699 1744
1703 1909
1705 1941
1708 1873
1712 1964
1714 1918
1716 1920
1719 1999
1720 1798
1721 1743
1721 1771
1722 1789
1728 1852
1733 1919
1734 1939
1735 1789
1735 1812
1736 1848
1736 1860
1736 1866
1736 1880
1736 1884
1738 1996
1740 1838
1741 1899
1742 1891
1743 1916
1745 1836
1745 1970
1747 1932
1749 1859
1755 1891
1755 1927
1756 1944
1762 1921
1764 1944
1778 1839
1783 1795
1783 1892
1786 1928
1788 1895
1790 1972
1794 1938
1795 1909
1796 1867
1803 1940
1804 1867
1805 1843
1810 1947
1813 1836
1813 1928
1816 1897
1821 1968
1822 1843
1833 1927
1835 1977
1838 1926
1839 1893
1840 1906
1846 1886
1848 1870
1852 1870
1853 1882
1856 1947
1866 1891
1867 1931
1878 1946
1879 1962
1879 1976
1883 1904
1889 1956
1903 1974
1909 1961
1925 1975
1926 1971
1933 1953
1936 1966
1943 1997
1967 1983
1989 1995
