2000 3076
86
90
42
33
19
33
21
90
28
24
50
70
30
23
7
28
70
13
30
81
90
100
89
36
70
68
1
41
44
9
71
93
86
86
54
61
42
56
82
75
70
28
80
97
92
46
52
84
52
71
78
28
72
20
70
29
80
21
80
11
14
26
1
100
29
93
98
64
51
26
75
12
29
3
95
93
10
43
11
65
51
54
45
91
20
93
54
43
22
12
35
67
53
68
63
73
67
33
40
55
49
72
31
36
65
100
33
26
38
26
54
19
68
78
27
31
50
77
14
4
7
47
56
21
32
56
27
71
2
59
29
46
87
84
25
55
18
63
6
95
18
40
37
23
42
9
50
77
19
43
37
31
33
29
59
29
89
95
35
36
4
76
54
77
73
16
50
76
72
77
34
64
27
97
40
46
41
18
54
62
45
21
63
9
84
29
27
83
80
22
88
34
57
31
85
18
27
37
24
23
58
20
46
1
84
66
22
77
78
87
60
6
49
75
89
98
58
54
90
98
16
74
50
34
97
76
73
13
28
41
11
17
9
69
70
51
52
29
8
81
99
44
87
83
18
84
25
65
1
4
77
46
94
12
90
88
43
99
13
11
83
41
52
62
8
55
19
84
40
17
93
31
87
38
99
79
90
38
44
48
66
44
80
6
95
51
94
9
51
41
17
96
92
15
23
95
81
93
21
19
43
99
53
15
2
28
97
72
75
39
95
3
100
70
33
91
47
23
87
6
83
5
94
16
58
99
35
58
11
81
61
93
70
17
89
55
5
29
17
60
64
28
6
5
16
47
96
35
42
72
71
49
72
94
3
73
92
80
90
14
69
57
89
80
8
48
33
94
41
43
94
64
34
27
33
87
17
35
73
42
73
94
78
100
10
30
68
49
36
13
88
97
30
45
97
75
48
22
15
21
77
11
54
48
88
32
47
11
30
62
45
7
37
60
57
89
36
45
60
74
21
72
97
84
64
20
73
90
31
97
71
57
48
90
2
27
68
88
55
15
95
1
75
96
48
92
16
21
88
84
4
29
37
64
75
11
45
30
22
29
31
14
27
62
66
88
24
54
92
71
60
62
82
38
2
76
49
5
86
84
43
20
66
37
60
87
65
14
65
68
95
11
20
48
43
42
33
2
88
55
19
19
72
51
39
29
66
92
4
85
27
41
75
55
61
29
63
89
49
38
33
76
17
39
41
71
97
33
1
43
19
80
19
44
23
53
72
98
71
70
10
48
27
73
62
59
85
58
32
47
81
38
28
65
31
12
5
35
55
38
81
15
12
9
49
59
72
51
2
65
55
21
23
72
85
42
59
53
22
28
66
91
91
25
70
88
98
22
2
24
43
31
7
94
98
16
29
31
88
9
88
14
11
2
1
99
11
37
84
44
49
85
17
38
72
66
79
91
94
92
46
70
77
60
91
93
90
99
97
63
3
77
98
99
89
16
21
66
29
51
6
5
16
35
34
8
26
15
51
27
93
57
65
78
82
65
75
9
3
79
45
33
8
28
19
46
43
86
96
35
2
4
75
94
2
74
42
77
78
30
11
46
83
3
96
67
44
58
43
80
41
85
60
94
43
66
92
5
24
70
14
18
74
95
7
20
30
12
25
42
3
12
54
87
34
69
55
67
69
92
81
3
19
12
66
32
95
57
92
4
36
70
58
8
60
43
87
7
74
22
65
92
8
43
15
53
82
100
81
68
44
10
14
66
18
70
15
59
62
63
85
96
72
66
97
25
41
60
42
30
22
11
57
53
62
39
23
23
42
1
21
5
51
3
70
55
68
100
7
42
18
11
98
95
58
100
48
59
32
65
61
88
13
43
35
10
98
64
31
42
42
5
28
99
95
45
3
8
67
48
32
24
42
12
97
30
59
25
15
30
12
95
58
57
14
38
78
89
78
9
9
74
57
36
98
46
87
34
79
28
3
10
32
13
44
96
49
90
77
14
31
49
28
51
71
5
48
31
79
85
61
15
21
39
7
69
14
67
79
74
18
84
71
62
58
14
69
4
6
76
53
5
94
47
93
80
36
57
47
3
37
33
43
31
22
78
62
81
68
88
22
87
33
82
75
94
82
15
22
64
43
46
38
84
46
31
6
75
14
68
2
79
82
14
36
60
51
61
33
42
32
96
4
94
67
33
29
81
58
36
60
84
72
38
30
62
22
34
50
70
48
31
56
52
14
100
68
33
82
26
48
36
17
93
7
67
37
24
44
36
10
82
79
95
12
69
8
58
47
42
7
22
97
91
18
19
52
77
77
33
77
93
39
12
45
4
99
86
82
69
32
44
75
42
16
61
4
87
8
34
82
83
39
76
10
29
76
70
83
87
82
22
96
21
62
86
39
80
35
84
1
4
12
9
50
72
23
34
61
71
80
89
54
65
16
83
53
21
69
14
36
1
10
85
32
96
44
22
25
63
88
39
37
37
70
57
7
6
95
44
12
61
43
94
78
37
29
48
73
29
97
30
43
51
100
53
55
27
33
71
48
2
19
3
65
17
93
29
51
32
22
31
42
71
4
34
12
28
18
38
12
47
64
38
32
73
63
26
22
34
95
85
99
17
48
65
65
32
64
34
91
19
44
16
64
54
39
29
44
21
12
70
61
46
6
3
33
90
85
33
79
47
83
18
69
14
13
26
12
36
30
97
50
65
53
9
28
92
29
27
5
21
71
54
76
35
22
40
37
44
15
10
36
40
100
13
43
36
59
97
70
84
91
22
53
59
94
87
88
26
93
9
95
57
47
87
75
99
32
44
59
21
2
39
47
16
23
26
76
87
4
36
37
4
49
85
19
2
98
23
40
18
31
48
3
31
21
67
85
12
71
97
38
22
24
16
26
8
32
15
48
96
75
26
27
29
38
77
92
91
99
16
83
49
62
43
76
71
91
38
38
60
85
68
18
8
100
16
12
9
57
89
68
37
64
10
27
73
4
94
87
50
28
20
53
39
71
3
4
36
92
31
64
1
4
48
87
6
59
2
37
57
23
88
72
31
92
54
37
30
73
19
60
52
34
47
9
65
68
12
36
16
93
79
98
34
36
73
28
64
95
36
12
16
84
19
85
91
87
44
20
80
16
76
73
51
14
82
58
44
12
37
22
65
82
26
5
95
19
81
74
1
21
27
22
45
10
13
77
15
35
4
38
48
86
42
81
40
24
14
13
26
58
37
41
79
33
32
100
35
76
15
47
39
44
52
78
54
81
70
23
26
21
88
7
53
91
69
68
64
85
33
32
7
50
86
65
76
100
71
11
96
2
26
75
44
88
14
33
10
1
94
41
38
42
89
15
8
100
77
76
43
29
94
39
9
88
3
49
96
92
88
26
1
9
96
64
86
98
60
89
64
99
29
9
31
56
53
93
92
69
34
49
2
38
12
97
29
33
57
60
11
74
96
34
31
94
88
71
6
90
90
88
39
63
59
38
57
43
78
95
59
28
49
97
75
36
99
9
67
43
2
57
60
3
8
82
6
5
24
1
39
16
87
85
89
34
58
18
88
12
77
24
53
94
67
93
13
86
7
16
26
54
42
51
80
96
100
17
26
55
87
86
50
75
40
70
80
59
14
45
47
75
40
70
47
86
63
55
57
76
13
25
3
69
37
49
90
30
93
22
3
11
2
52
69
47
100
40
34
22
36
10
80
3
61
23
18
97
36
68
15
89
76
39
6
45
21
46
71
7
63
10
86
39
3
29
6
75
40
48
35
43
66
52
79
41
40
49
27
46
22
28
5
53
70
59
99
83
57
80
42
69
2
42
94
2
42
52
50
48
27
12
47
25
86
73
41
28
12
21
72
66
30
75
81
98
50
35
12
18
81
81
68
98
38
41
3
35
11
43
57
49
62
31
11
56
93
83
41
1
66
45
8
12
4
20
85
56
21
64
81
43
23
86
45
56
49
91
99
16
50
75
92
49
38
36
5
71
62
72
66
99
63
87
14
23
58
18
26
47
33
74
53
60
29
64
46
77
12
36
79
6
82
95
87
59
15
36
89
11
73
61
10
83
68
30
84
77
67
20
36
29
28
22
26
95
18
74
82
52
18
93
3
83
50
59
71
39
95
58
74
36
30
19
36
91
40
15
50
38
8
55
80
53
20
86
88
36
7
100
70
3
17
17
94
79
6
57
40
49
73
61
71
38
24
4
84
29
20
15
100
25
73
91
58
58
82
61
100
70
18
53
47
36
37
38
66
92
62
40
71
9
13
43
48
36
56
79
41
74
2
23
80
1
62
94
90
82
100
77
33
66
64
89
53
69
83
26
28
65
48
44
8
51
1
84
76
14
21
42
30
38
1
43
83
20
24
12
69
58
42
97
30
11
73
33
76
16
50
55
99
29
45
34
54
97
33
36
47
67
72
73
19
95
47
39
50
43
65
45
70
99
3
32
25
52
50
23
85
14
55
45
18
26
49
74
91
32
92
5
20
17
29
7
25
16
23
97
80
15
43
98
38
49
92
91
43
55
22
88
71
56
38
34
65
3
91
23
19
27
26
85
52
22
56
77
17
2
6
0 218
0 778
0 1380
0 1510
1 168
1 543
1 1230
2 398
2 1277
2 1620
3 693
3 1656
4 595
4 1424
5 38
5 729
5 835
6 1892
7 201
7 1575
7 1785
7 1983
8 407
8 429
8 705
8 1091
8 1728
9 309
9 1842
10 488
10 530
10 645
10 877
10 946
10 1032
10 1138
11 451
12 952
13 602
13 612
13 810
13 1873
14 62
14 440
14 624
14 1180
14 1207
14 1576
14 1687
15 324
15 545
15 588
15 1650
15 1919
16 57
16 86
16 206
16 382
16 1384
17 617
17 852
17 1103
17 1496
17 1704
18 1617
19 189
19 1525
20 1554
21 373
21 608
21 1108
21 1400
21 1426
21 1653
21 1869
22 1882
22 1989
23 480
24 1220
24 1383
24 1441
24 1711
25 1453
25 1947
26 1701
27 643
27 1966
28 132
28 207
28 708
28 932
28 1240
28 1680
28 1723
29 249
29 1039
30 256
30 1411
30 1675
30 1819
30 1934
32 557
32 1948
33 814
33 949
33 1183
33 1647
34 133
34 671
35 1743
36 453
36 475
36 857
37 713
37 1182
37 1623
38 180
38 1174
38 1443
39 473
39 705
39 863
39 904
39 1411
40 115
40 182
40 279
40 341
40 572
40 1030
40 1593
40 1806
40 1886
41 503
41 630
41 1430
41 1574
42 338
42 455
42 499
42 689
42 1508
42 1802
43 837
43 1618
44 120
44 1272
45 844
45 1937
46 168
46 220
46 387
46 965
46 1633
46 1664
47 246
47 365
47 942
47 1250
48 837
48 1420
49 79
49 355
50 353
50 1434
50 1517
50 1921
51 594
51 1321
51 1895
51 1991
52 203
52 270
52 1567
52 1720
53 1510
54 1942
55 922
55 1645
55 1992
57 116
57 199
57 259
57 700
57 721
58 480
58 1704
59 388
59 733
59 1451
60 351
60 1103
60 1116
61 346
61 1495
61 1509
62 1924
63 263
63 458
63 1149
63 1283
66 1417
66 1465
67 1721
68 1286
68 1312
68 1448
68 1703
69 662
69 768
69 1066
69 1156
69 1465
70 1105
70 1413
71 310
71 962
71 1718
72 274
72 1138
72 1148
72 1267
72 1550
73 578
73 835
73 873
74 1569
74 1610
76 296
77 913
77 1398
78 490
78 517
79 888
79 904
81 1226
81 1285
81 1987
82 624
82 1128
83 160
83 449
83 864
83 901
83 1051
83 1299
83 1419
83 1932
84 1415
85 222
85 595
85 1379
86 747
87 138
87 1444
87 1974
88 732
88 1015
88 1753
89 153
89 278
89 1344
89 1626
90 1138
90 1180
90 1404
90 1896
91 175
91 260
91 347
91 543
91 651
91 1988
92 93
92 99
92 157
92 254
92 294
92 1955
93 163
93 1673
93 1712
93 1736
94 98
94 1085
95 379
96 100
96 1308
96 1323
96 1533
97 856
97 1447
97 1484
97 1867
98 265
98 695
99 147
99 897
99 1658
101 248
101 1378
101 1524
101 1833
102 928
103 588
104 361
104 865
104 1749
105 580
105 937
105 1458
105 1501
106 1455
106 1593
107 1791
108 879
108 942
110 375
110 518
110 935
110 1581
110 1776
111 153
111 352
112 174
112 205
112 760
112 1204
112 1567
112 1679
113 1610
114 334
114 997
114 1433
115 653
115 1086
115 1762
116 1684
117 160
117 715
117 1205
117 1583
117 1743
117 1965
119 664
119 694
119 1100
119 1941
120 728
120 1290
120 1386
120 1407
121 692
123 918
123 1032
124 1716
125 392
125 595
125 718
125 1501
125 1789
126 869
126 1899
127 641
127 1029
127 1395
127 1840
128 1531
129 269
129 551
129 619
129 1005
129 1415
129 1564
129 1623
130 936
130 1363
131 671
131 883
131 1395
132 199
132 213
132 328
132 1328
132 1443
133 257
133 1671
134 1177
135 1066
136 861
137 218
137 402
137 1267
137 1413
139 447
139 731
139 964
139 1236
140 537
140 754
140 1392
141 286
141 556
141 1125
142 254
142 422
142 649
142 795
143 180
143 620
143 1125
143 1749
144 647
144 940
144 1610
145 1159
146 1043
146 1278
147 1054
147 1256
147 1369
148 174
148 1191
150 726
150 1899
150 1965
150 1988
151 353
151 587
151 609
151 877
151 953
152 200
152 1687
152 1783
152 1998
153 1536
153 1662
154 734
154 1699
154 1982
155 1033
155 1857
155 1971
156 231
156 293
156 385
156 744
156 1539
156 1614
157 1222
158 1632
159 214
160 1113
160 1253
160 1993
161 951
161 1114
161 1369
161 1695
162 1158
163 421
163 435
163 888
163 1111
163 1127
163 1670
164 809
164 1338
164 1350
164 1963
165 547
167 384
167 387
167 583
167 1211
167 1223
167 1699
168 230
168 658
168 759
169 677
169 1026
170 245
170 287
170 489
170 1253
171 283
171 1114
171 1335
171 1346
171 1429
172 206
172 458
172 1114
172 1670
173 325
173 1371
173 1876
173 1915
174 250
174 882
175 284
175 415
175 1827
176 938
176 944
176 1901
177 1015
178 619
178 874
179 308
179 528
179 1051
180 1444
181 373
181 1358
181 1378
181 1600
182 459
182 1193
182 1436
183 540
185 196
185 284
185 484
185 575
185 1756
186 1236
186 1372
186 1860
187 645
187 889
187 1510
187 1817
188 796
188 1108
188 1405
188 1794
189 1718
190 797
190 1330
190 1543
191 1686
193 743
193 1034
193 1276
194 761
194 874
195 232
195 646
195 847
196 967
196 1049
196 1067
196 1545
197 863
198 1522
199 1090
200 659
200 730
200 1034
201 961
201 1499
201 1695
202 802
202 1131
203 509
203 1047
203 1054
203 1578
203 1593
203 1762
203 1765
203 1877
203 1882
204 1406
204 1548
204 1972
205 539
205 897
205 1221
205 1862
205 1884
205 1887
206 265
207 711
208 220
208 596
208 1286
208 1484
209 1007
211 387
211 468
212 1025
212 1089
214 517
214 903
214 1828
215 379
215 675
215 1464
215 1598
216 465
216 467
216 1987
217 626
217 1037
217 1847
218 772
219 444
219 1361
219 1441
220 1272
220 1568
220 1944
220 1998
221 1457
221 1882
221 1902
222 1046
222 1316
222 1582
222 1850
222 1869
222 1963
223 314
223 1190
223 1906
224 653
225 364
225 444
225 589
225 1302
225 1654
225 1908
226 1196
226 1344
226 1660
227 424
227 460
227 709
227 829
227 1007
227 1482
228 236
229 968
229 1617
229 1828
230 314
230 1663
231 661
231 682
231 1245
233 308
233 1280
233 1415
233 1626
234 352
234 478
234 1475
234 1961
235 578
235 675
235 1361
235 1561
235 1682
235 1774
235 1944
236 769
236 823
236 1804
237 297
237 326
237 1091
237 1508
237 1537
237 1725
238 647
239 411
239 1964
240 492
240 988
240 1960
241 281
241 603
241 1737
241 1767
242 273
242 901
242 971
242 1048
242 1594
242 1889
243 1894
244 501
244 745
244 1179
244 1478
245 850
245 1901
246 784
246 1170
246 1539
246 1722
247 950
247 1736
247 1925
249 373
249 426
250 319
250 670
250 1621
252 976
252 1313
252 1708
252 1929
253 717
253 1912
253 1947
254 568
254 1589
254 1960
255 645
255 751
255 945
255 981
255 1804
257 538
257 578
258 427
258 1291
258 1488
259 1939
260 626
260 884
261 388
261 1110
261 1633
261 1791
261 1969
262 1750
262 1775
262 1980
263 412
264 503
264 1119
264 1229
264 1381
265 991
265 1591
266 1162
266 1593
266 1629
267 482
267 690
267 1121
267 1151
268 1117
268 1387
268 1668
268 1927
269 319
269 587
269 650
270 974
270 1510
270 1887
270 1976
271 1227
271 1672
272 991
272 1799
273 1156
273 1865
274 1727
274 1817
275 552
276 522
277 316
278 282
278 1656
279 615
279 926
279 954
279 1190
279 1701
279 1788
280 876
280 1028
280 1647
281 1041
281 1293
281 1362
282 1065
282 1231
282 1976
283 1870
283 1937
283 1942
284 611
284 665
284 697
286 1154
287 362
287 881
288 1630
288 1695
288 1700
290 857
291 852
292 1160
292 1854
293 345
293 1548
293 1646
295 546
295 1106
296 1866
297 1605
297 1853
297 1868
298 1372
298 1454
298 1459
299 1057
299 1289
300 441
300 501
300 548
300 657
300 1443
300 1893
301 490
301 580
301 639
301 775
302 1322
303 721
304 521
305 967
305 980
305 1110
305 1690
306 805
308 525
308 857
308 1282
308 1345
309 341
309 356
309 427
309 763
309 1495
309 1524
310 455
310 1754
311 542
311 788
311 1803
312 1206
312 1914
313 876
313 1933
315 720
315 835
315 1238
315 1768
316 407
316 1010
316 1933
317 385
317 585
318 368
318 836
318 1258
318 1448
318 1849
318 1962
319 1944
320 919
320 1785
322 525
322 1512
322 1675
322 1743
322 1831
323 719
323 1431
325 386
325 428
325 1745
326 613
326 715
326 929
327 599
328 634
328 990
328 1670
329 733
329 1412
330 785
330 948
330 1736
331 1009
331 1058
331 1479
331 1658
332 1596
333 883
333 1752
334 1128
334 1305
335 405
335 1175
335 1440
335 1786
335 1916
336 570
336 864
336 1421
337 1587
338 537
339 871
339 1232
339 1452
339 1529
340 385
340 843
340 1633
341 1510
342 490
342 770
342 841
342 1175
343 963
344 1854
345 1061
345 1246
346 699
346 898
346 1691
346 1800
347 482
347 827
348 1706
349 1056
350 621
350 679
350 868
350 1263
350 1442
350 1668
350 1937
351 612
351 869
351 978
351 1657
354 1473
354 1658
355 491
355 726
357 966
357 1349
358 1157
358 1244
358 1345
358 1410
358 1759
359 1252
360 407
360 764
360 960
360 1286
360 1405
360 1586
361 505
361 938
361 1839
362 575
362 751
362 1261
363 1454
364 395
364 676
364 1429
365 768
366 704
366 811
366 841
366 1268
367 1739
368 458
368 1009
368 1185
368 1407
368 1670
369 963
369 1549
369 1765
370 539
370 1117
370 1133
370 1836
371 725
371 1795
372 718
372 1230
372 1714
373 504
373 705
373 936
373 1528
373 1572
373 1764
374 1567
374 1864
375 525
375 618
375 1246
375 1526
375 1783
376 844
376 1429
376 1815
377 1013
377 1893
378 450
378 458
378 1219
378 1578
378 1678
379 1486
379 1549
379 1573
379 1642
380 662
380 1251
380 1375
380 1582
380 1965
381 702
381 963
381 1261
381 1283
381 1634
382 410
382 1348
382 1486
382 1821
383 445
383 641
383 692
383 740
383 919
383 1863
384 1323
384 1752
385 892
385 1512
386 1039
386 1223
387 1913
388 1339
388 1925
389 493
389 510
390 1645
390 1973
392 397
392 754
392 1568
392 1679
392 1946
392 1982
393 487
393 629
393 731
393 941
393 1423
393 1881
393 1997
394 419
394 1264
394 1854
395 601
395 1024
395 1837
397 814
397 858
397 885
397 917
398 940
400 508
400 847
400 1516
401 842
401 855
402 1212
402 1725
402 1825
403 490
403 505
403 1553
404 535
404 1163
405 552
405 868
405 1233
406 996
406 1146
407 981
407 1690
408 488
408 917
408 996
408 1451
408 1610
409 1703
409 1818
410 792
410 1849
411 499
411 937
412 849
412 1359
416 1097
416 1388
416 1803
417 484
417 555
417 686
417 1282
418 964
418 1417
418 1763
419 474
419 484
419 1813
420 1189
420 1485
422 1369
423 908
424 1765
425 1281
426 1611
426 1674
426 1955
428 1113
428 1563
429 641
429 725
429 1098
429 1611
430 1844
430 1895
431 1388
431 1950
432 493
433 534
433 928
435 615
436 1338
436 1530
437 969
437 1899
438 912
438 949
438 1316
438 1375
439 1861
440 683
440 928
440 1787
441 848
441 854
441 1227
441 1856
442 956
442 1170
442 1236
443 479
443 1715
443 1912
444 692
444 803
444 1498
444 1710
445 479
445 736
445 1617
445 1791
445 1829
445 1850
446 491
446 1698
447 1474
447 1611
448 1169
448 1443
448 1592
448 1903
449 1011
449 1295
449 1427
449 1431
450 988
450 1238
450 1429
450 1575
451 1256
451 1612
452 1889
452 1998
453 529
453 1553
455 1061
455 1232
456 1012
456 1083
456 1334
456 1359
457 533
457 1603
457 1682
457 1919
459 933
459 1090
460 857
460 1770
461 1975
462 1128
463 1039
463 1750
464 478
464 1417
464 1976
465 1548
466 471
466 539
467 1038
467 1382
468 729
468 1072
469 1189
469 1274
469 1766
470 624
470 1599
470 1874
471 478
472 840
472 1313
472 1430
472 1913
473 779
473 1159
473 1999
474 1482
475 1185
475 1284
475 1589
476 1775
477 1627
478 871
478 1372
478 1491
478 1819
478 1960
479 801
479 1040
479 1421
480 1591
480 1987
481 1253
481 1605
481 1668
482 708
482 1240
482 1300
482 1649
484 508
484 943
484 964
484 1655
484 1971
485 663
485 1174
486 1141
486 1545
487 694
487 1304
487 1482
488 567
489 874
490 1430
490 1489
491 639
491 1184
491 1239
491 1325
491 1611
491 1687
493 1268
493 1498
494 1288
494 1707
495 580
495 598
495 766
495 1195
495 1474
495 1663
497 546
497 1098
497 1329
497 1555
499 864
499 1256
499 1327
499 1384
499 1710
499 1754
500 897
500 1353
501 628
501 1053
501 1647
502 1130
502 1711
502 1768
503 643
503 1199
503 1589
504 652
505 1071
505 1682
505 1950
506 590
506 1449
506 1585
506 1876
507 1598
508 914
508 1116
508 1162
508 1669
508 1683
509 542
509 592
509 1572
510 1340
510 1364
510 1498
511 565
511 986
512 970
512 1384
512 1469
512 1493
513 1450
513 1480
513 1755
514 542
514 569
514 722
515 632
515 1472
517 522
517 686
518 601
518 1126
518 1784
518 1888
519 1798
520 1361
520 1616
520 1974
521 748
521 1508
522 585
522 883
522 1565
523 745
523 1919
524 546
524 909
524 1297
525 1368
526 1222
526 1414
526 1479
527 858
527 1488
528 665
528 1214
528 1307
528 1440
528 1550
529 1049
529 1646
530 1803
530 1910
531 535
531 1116
532 892
532 1253
532 1294
533 881
534 1999
535 1399
536 783
536 1054
536 1091
536 1193
536 1455
536 1491
536 1919
538 906
538 1673
540 715
540 1268
540 1495
542 953
542 1512
542 1836
544 1295
544 1549
545 1165
548 813
549 1689
549 1872
549 1964
550 1238
550 1422
550 1464
552 1553
553 755
553 1910
554 829
554 1232
555 574
555 864
555 1745
556 1663
557 681
557 719
557 1009
557 1114
557 1382
558 623
558 661
558 671
558 711
558 1279
559 1688
560 787
560 792
560 905
560 1409
561 1050
561 1471
561 1848
561 1953
562 1374
562 1713
563 1055
563 1072
563 1976
563 1993
564 1567
564 1601
565 639
565 911
565 979
565 1066
565 1978
566 574
567 1365
567 1995
568 1042
569 1828
570 697
570 925
571 1096
571 1675
571 1683
571 1809
572 890
572 957
572 987
573 711
573 1472
575 1135
575 1186
576 1171
576 1957
577 1150
577 1884
578 1027
578 1431
578 1602
579 694
579 1040
579 1851
579 1859
580 1302
580 1518
580 1757
580 1773
581 867
581 1263
581 1697
582 652
582 689
582 1944
583 994
583 1016
583 1635
584 1058
584 1470
584 1692
585 740
585 828
585 903
585 916
585 1854
586 618
586 1218
587 992
587 1462
587 1555
588 932
588 1715
589 604
589 672
590 658
590 681
590 900
590 1480
590 1982
591 730
591 1016
592 649
592 1298
593 1377
594 805
594 1491
595 750
595 892
595 942
596 598
596 917
596 1928
597 1604
598 670
599 1012
599 1515
601 1005
601 1021
601 1199
601 1635
601 1706
601 1887
602 656
602 1664
603 1036
603 1114
603 1927
603 1938
604 653
604 684
604 751
604 1025
605 1238
605 1788
606 874
607 617
607 1306
608 893
608 1101
609 1269
610 691
610 995
611 1183
612 1839
615 683
615 684
615 1231
615 1781
617 773
617 1804
618 832
618 992
618 1671
618 1744
619 666
619 1477
619 1940
620 1051
621 863
622 1013
622 1035
622 1187
622 1901
623 1301
624 753
624 1527
624 1640
624 1914
625 1722
625 1868
626 727
626 736
626 1258
626 1702
626 1729
626 1772
626 1891
627 895
629 806
629 1014
629 1602
629 1741
630 1906
631 1186
632 668
633 1328
634 694
634 1963
635 1516
635 1728
636 830
636 1503
637 1273
638 846
638 869
638 1454
638 1882
639 895
639 1392
639 1992
640 969
640 1555
640 1762
641 783
641 820
642 664
642 1223
643 1229
643 1258
643 1441
643 1507
644 670
644 1040
644 1173
644 1362
644 1445
644 1613
644 1856
645 774
645 1262
645 1922
646 663
646 943
646 1627
647 703
647 1498
647 1527
647 1898
649 1824
650 925
650 1254
651 1033
652 785
652 913
652 1709
653 938
655 708
655 1552
655 1572
655 1647
656 1502
656 1660
656 1816
657 694
658 1249
659 1462
659 1790
660 1542
660 1565
663 739
663 925
664 1806
666 1039
666 1976
667 1543
668 1175
668 1318
668 1550
669 729
669 1851
672 1936
673 1621
674 1120
674 1915
676 1190
677 1034
677 1555
677 1628
677 1758
677 1897
678 1466
678 1793
678 1961
679 1349
679 1489
679 1514
680 1217
680 1589
680 1745
681 1201
681 1550
681 1618
682 1069
683 1928
684 956
684 1727
686 1609
687 1469
687 1518
687 1640
687 1777
688 1771
688 1842
689 1136
689 1254
690 699
691 1057
691 1690
691 1975
692 759
692 927
692 1440
694 1866
695 1033
695 1292
695 1313
695 1422
696 1618
697 1177
697 1182
697 1293
698 837
699 766
699 954
700 788
701 811
701 1885
703 846
703 855
703 1409
703 1676
704 1783
704 1902
705 1543
705 1620
706 721
707 912
708 883
708 904
708 1629
708 1916
709 896
709 1669
710 1289
711 1120
711 1704
711 1982
712 1033
712 1513
713 1151
713 1205
713 1737
716 880
716 1287
716 1469
717 929
717 1021
717 1056
720 1030
720 1801
721 728
721 1678
721 1797
723 1374
724 988
725 917
725 1106
725 1677
726 814
728 1822
729 1192
730 1570
731 1342
731 1441
732 1045
733 1497
733 1947
734 1002
735 1421
736 1074
736 1214
737 758
738 843
738 915
738 1371
738 1656
739 1221
739 1716
740 1157
740 1245
741 1337
742 1171
742 1408
742 1491
742 1526
743 822
743 1109
743 1287
743 1306
743 1823
744 1543
746 1577
747 1496
747 1880
748 1455
749 1021
749 1199
749 1361
749 1468
749 1511
749 1993
750 1657
751 766
752 1072
752 1974
753 940
753 1312
754 1043
755 904
755 1128
756 1139
756 1175
756 1199
757 1054
757 1610
757 1677
757 1901
758 1245
759 882
760 817
760 1084
760 1127
760 1156
760 1473
760 1475
761 1099
761 1876
762 1377
762 1413
762 1486
763 1116
764 904
764 943
764 1068
764 1167
766 1160
768 1334
768 1762
769 1846
771 772
771 1955
772 1086
772 1486
775 943
775 1762
777 1166
777 1996
778 909
778 1461
779 780
779 935
779 1114
779 1125
779 1994
780 956
780 1045
780 1713
780 1993
781 1213
781 1345
781 1916
782 848
782 1509
783 1066
784 908
784 1796
784 1857
785 898
785 1154
785 1674
785 1861
785 1997
786 953
786 1027
786 1291
787 1636
788 1489
789 1884
790 812
790 989
790 993
790 1258
790 1308
791 1052
791 1425
791 1722
792 1641
792 1668
793 863
793 1876
795 1608
795 1750
796 1149
796 1227
796 1416
796 1592
797 1513
798 1576
799 837
799 1157
799 1373
799 1754
799 1797
801 1576
803 1446
804 1069
804 1404
804 1548
804 1903
805 1061
805 1841
806 1005
806 1116
806 1605
807 1087
808 915
809 940
811 1116
811 1464
811 1566
812 971
812 1068
812 1138
812 1293
813 1136
814 857
814 1984
815 1090
815 1537
817 1694
819 1511
819 1566
819 1996
820 1382
822 1345
822 1653
823 996
823 1500
823 1727
823 1855
824 1724
825 957
826 1558
826 1995
827 1241
828 982
828 1392
828 1671
830 1945
831 1122
831 1178
832 1590
832 1662
833 1471
833 1512
834 1035
834 1191
834 1787
834 1962
834 1979
835 1243
835 1586
836 1450
836 1561
837 1767
838 1793
839 1608
839 1867
839 1954
840 981
840 1510
840 1932
841 1284
841 1326
841 1539
841 1790
842 1197
842 1383
843 1286
844 1206
845 1389
846 1112
846 1356
846 1469
847 1346
847 1681
847 1785
847 1851
848 1551
848 1562
848 1677
849 1128
850 1187
850 1341
852 1873
853 995
853 1081
853 1096
854 1608
855 1109
855 1354
855 1433
855 1686
855 1955
856 1131
858 911
858 1063
858 1642
858 1708
860 1370
861 882
861 1161
861 1251
861 1268
861 1884
861 1970
862 1026
862 1953
863 1149
864 1686
864 1835
865 1289
865 1383
865 1516
867 1268
867 1490
867 1927
868 1185
868 1448
870 1667
871 1475
871 1633
872 1665
872 1676
872 1993
873 1247
873 1306
874 1804
874 1855
874 1865
874 1951
875 1346
877 1676
877 1992
878 1727
879 1052
880 974
880 1128
880 1522
880 1588
880 1679
882 1009
882 1640
883 1299
884 1507
884 1833
884 1867
885 1021
885 1128
886 1335
886 1942
887 1874
887 1928
888 1769
888 1994
889 1578
890 1358
892 1995
893 1207
893 1578
893 1926
894 975
895 944
895 1124
895 1199
895 1400
895 1899
896 1119
896 1489
897 1391
897 1702
899 1951
901 1081
901 1475
901 1708
902 1413
902 1487
902 1996
903 1146
904 1112
905 908
905 1163
906 1166
907 1187
907 1373
907 1848
908 977
908 1796
909 1036
910 1928
911 1465
914 1090
914 1748
916 1893
916 1987
918 1230
918 1723
918 1727
919 1309
919 1868
921 1540
922 1026
923 1404
924 1076
924 1111
924 1295
924 1509
924 1993
925 1121
925 1550
926 1018
927 1030
928 1317
929 997
929 1085
929 1180
930 981
930 1346
930 1688
930 1939
931 1244
931 1880
932 1321
933 1147
933 1553
934 1122
934 1301
934 1588
935 983
935 1126
935 1623
935 1677
935 1787
935 1963
937 1083
937 1349
938 1408
938 1513
939 1848
940 1187
940 1615
940 1694
941 1441
941 1526
942 1282
942 1368
942 1484
942 1653
943 1068
943 1344
945 1275
946 1105
946 1560
946 1686
949 1606
951 1977
952 1057
952 1730
952 1969
953 1072
953 1211
953 1431
953 1540
954 1279
955 1597
956 1115
956 1471
956 1635
956 1946
956 1960
957 1536
958 1006
958 1847
959 1574
959 1601
959 1866
960 1763
961 1204
961 1387
961 1527
964 1611
965 1566
966 1519
966 1894
966 1961
966 1991
967 1526
967 1828
967 1969
968 1030
969 1279
969 1661
969 1900
970 1094
970 1174
970 1539
970 1760
971 1443
971 1673
973 1219
973 1477
973 1828
973 1968
974 1801
975 1274
975 1735
976 1196
976 1264
976 1323
976 1720
977 1459
978 1138
978 1732
979 1503
980 1123
980 1668
980 1835
982 1061
984 1611
984 1799
985 1279
985 1873
986 1813
988 1346
988 1414
988 1710
989 1201
989 1342
989 1352
989 1355
989 1469
989 1530
989 1666
990 1021
990 1225
990 1350
991 1416
991 1858
992 1290
993 1037
993 1177
993 1626
993 1753
994 1077
994 1266
994 1673
995 1736
996 1460
997 1022
997 1047
998 1907
999 1560
1000 1021
1000 1267
1001 1187
1002 1112
1002 1255
1003 1262
1003 1919
1004 1110
1004 1783
1005 1072
1005 1156
1005 1410
1005 1576
1005 1800
1005 1862
1006 1256
1006 1541
1008 1174
1008 1184
1008 1950
1009 1226
1010 1232
1011 1460
1011 1626
1011 1651
1014 1623
1016 1913
1016 1927
1016 1951
1019 1693
1019 1923
1020 1189
1021 1851
1022 1055
1022 1058
1022 1602
1024 1251
1024 1380
1024 1587
1024 1658
1025 1263
1025 1440
1027 1185
1027 1367
1027 1457
1027 1766
1028 1430
1028 1660
1028 1733
1028 1789
1031 1355
1032 1378
1034 1380
1034 1644
1036 1229
1036 1994
1037 1447
1037 1796
1039 1627
1041 1418
1041 1936
1042 1079
1042 1650
1043 1169
1043 1172
1043 1178
1043 1724
1044 1151
1044 1832
1044 1853
1045 1260
1045 1335
1045 1486
1045 1626
1045 1833
1046 1397
1047 1636
1048 1216
1051 1251
1052 1597
1053 1511
1053 1801
1056 1269
1056 1347
1056 1503
1056 1746
1057 1077
1057 1667
1057 1724
1058 1379
1059 1948
1060 1093
1060 1601
1061 1243
1061 1360
1061 1372
1061 1705
1062 1089
1062 1374
1062 1612
1063 1154
1064 1474
1064 1640
1064 1951
1065 1561
1066 1090
1066 1987
1069 1652
1070 1234
1072 1224
1072 1394
1073 1845
1073 1910
1074 1345
1074 1500
1074 1790
1075 1851
1076 1306
1076 1471
1076 1775
1078 1140
1078 1261
1078 1629
1079 1293
1079 1852
1080 1688
1081 1250
1081 1521
1081 1558
1081 1633
1082 1164
1082 1572
1082 1673
1082 1962
1083 1484
1083 1728
1083 1856
1085 1131
1085 1396
1085 1583
1086 1142
1086 1604
1087 1589
1089 1260
1089 1525
1089 1555
1089 1620
1090 1311
1091 1264
1091 1753
1092 1140
1092 1234
1092 1531
1092 1654
1092 1766
1093 1231
1093 1369
1093 1669
1094 1518
1094 1685
1094 1779
1095 1148
1096 1755
1098 1188
1098 1430
1098 1871
1099 1725
1102 1279
1103 1905
1104 1694
1104 1812
1106 1134
1106 1776
1107 1348
1107 1485
1107 1873
1108 1334
1108 1550
1109 1145
1109 1681
1110 1441
1110 1543
1111 1934
1112 1316
1112 1485
1112 1583
1113 1577
1114 1513
1114 1846
1116 1425
1117 1506
1117 1754
1118 1931
1119 1127
1119 1314
1120 1397
1121 1919
1122 1571
1123 1581
1125 1332
1125 1749
1125 1964
1126 1582
1128 1924
1130 1654
1131 1649
1134 1242
1134 1688
1135 1782
1136 1719
1138 1183
1138 1302
1138 1483
1138 1792
1139 1401
1139 1810
1140 1446
1141 1931
1142 1685
1143 1579
1143 1842
1145 1648
1145 1740
1146 1176
1146 1969
1147 1325
1148 1317
1149 1986
1150 1419
1150 1872
1151 1533
1151 1838
1151 1936
1152 1517
1152 1621
1153 1375
1154 1827
1155 1212
1155 1725
1155 1937
1157 1929
1157 1976
1158 1316
1158 1878
1159 1510
1160 1672
1161 1248
1161 1258
1161 1424
1163 1255
1163 1887
1166 1187
1166 1259
1167 1252
1168 1444
1168 1472
1168 1873
1169 1357
1169 1981
1170 1832
1170 1862
1170 1930
1173 1832
1173 1878
1174 1230
1174 1759
1176 1293
1176 1440
1176 1720
1177 1350
1177 1495
1179 1288
1179 1672
1179 1678
1180 1654
1181 1219
1181 1914
1183 1246
1183 1437
1184 1461
1184 1587
1184 1630
1185 1734
1186 1247
1186 1939
1187 1508
1188 1507
1188 1696
1188 1789
1191 1883
1193 1705
1194 1565
1195 1392
1196 1269
1198 1203
1199 1613
1201 1845
1202 1270
1203 1349
1203 1885
1205 1474
1205 1530
1205 1642
1206 1217
1207 1799
1207 1931
1210 1318
1210 1811
1210 1859
1212 1954
1213 1361
1213 1742
1213 1911
1214 1549
1214 1636
1215 1549
1215 1891
1216 1535
1217 1262
1217 1308
1217 1652
1218 1716
1218 1786
1220 1418
1220 1872
1221 1525
1221 1578
1222 1318
1222 1694
1223 1429
1224 1494
1224 1545
1225 1588
1225 1638
1225 1934
1226 1782
1227 1512
1228 1728
1229 1355
1229 1794
1229 1913
1230 1665
1231 1744
1232 1263
1232 1289
1233 1386
1234 1292
1235 1932
1236 1305
1237 1240
1237 1507
1238 1368
1240 1361
1242 1408
1245 1726
1246 1994
1248 1492
1248 1505
1248 1533
1249 1760
1250 1833
1253 1647
1254 1773
1257 1622
1258 1411
1259 1476
1260 1305
1260 1636
1261 1784
1262 1446
1262 1576
1263 1415
1265 1381
1265 1836
1267 1371
1268 1952
1269 1585
1271 1810
1271 1838
1272 1390
1272 1992
1273 1617
1273 1702
1275 1314
1275 1600
1275 1907
1277 1414
1279 1405
1279 1501
1279 1546
1280 1889
1281 1799
1282 1907
1283 1407
1283 1873
1284 1950
1286 1392
1286 1494
1286 1726
1286 1747
1287 1301
1288 1969
1289 1545
1289 1702
1290 1349
1291 1324
1291 1514
1293 1618
1293 1874
1294 1583
1294 1971
1294 1987
1296 1733
1296 1838
1297 1734
1297 1779
1298 1521
1298 1842
1299 1431
1302 1336
1302 1940
1303 1597
1303 1683
1304 1898
1306 1753
1312 1335
1314 1584
1314 1738
1315 1700
1315 1833
1315 1983
1317 1561
1317 1845
1318 1664
1319 1714
1319 1798
1320 1352
1320 1369
1320 1738
1321 1767
1321 1934
1322 1580
1323 1706
1323 1878
1326 1377
1329 1619
1332 1667
1333 1436
1333 1757
1333 1875
1336 1397
1336 1871
1338 1386
1338 1643
1338 1840
1339 1383
1342 1441
1343 1486
1343 1609
1344 1503
1344 1799
1345 1637
1346 1803
1347 1380
1348 1961
1349 1698
1351 1874
1352 1805
1353 1748
1354 1765
1354 1869
1355 1671
1355 1710
1355 1776
1355 1978
1359 1625
1361 1756
1362 1972
1363 1409
1364 1941
1366 1838
1367 1771
1369 1517
1369 1739
1369 1755
1369 1804
1370 1416
1370 1428
1370 1818
1370 1964
1371 1431
1371 1741
1372 1683
1372 1855
1373 1702
1373 1860
1374 1517
1375 1538
1375 1554
1375 1781
1375 1939
1377 1561
1378 1599
1378 1622
1380 1868
1380 1917
1380 1993
1381 1387
1381 1666
1385 1831
1388 1437
1388 1491
1389 1429
1389 1674
1390 1393
1392 1503
1393 1982
1394 1815
1395 1515
1397 1828
1399 1722
1399 1794
1399 1860
1400 1636
1402 1517
1402 1944
1404 1916
1408 1643
1408 1937
1409 1510
1409 1809
1409 1896
1412 1873
1413 1632
1416 1681
1417 1449
1417 1495
1418 1869
1419 1680
1419 1736
1420 1614
1420 1957
1420 1975
1422 1968
1423 1888
1424 1938
1425 1432
1425 1625
1426 1723
1426 1816
1429 1468
1429 1720
1433 1960
1434 1844
1434 1974
1435 1608
1437 1885
1438 1486
1439 1460
1439 1618
1439 1894
1439 1994
1441 1811
1442 1626
1442 1812
1444 1846
1449 1594
1451 1618
1453 1934
1455 1555
1460 1846
1462 1875
1465 1928
1466 1563
1468 1756
1473 1603
1473 1834
1475 1483
1475 1851
1477 1569
1482 1654
1483 1918
1484 1519
1484 1761
1485 1840
1486 1498
1491 1560
1491 1795
1491 1891
1492 1692
1496 1888
1497 1933
1498 1893
1498 1910
1498 1949
1505 1741
1506 1643
1506 1844
1507 1869
1512 1839
1514 1866
1518 1878
1520 1539
1521 1902
1522 1575
1523 1713
1524 1782
1525 1989
1526 1664
1526 1932
1527 1960
1531 1901
1532 1734
1535 1871
1540 1890
1541 1653
1544 1654
1544 1872
1550 1750
1550 1770
1552 1871
1557 1937
1558 1713
1558 1889
1559 1740
1561 1967
1561 1980
1562 1790
1563 1628
1564 1670
1564 1766
1565 1729
1566 1870
1568 1648
1569 1709
1572 1819
1572 1916
1575 1726
1575 1727
1576 1763
1577 1637
1580 1809
1582 1687
1584 1601
1584 1777
1587 1770
1588 1739
1589 1912
1590 1896
1591 1691
1591 1736
1592 1620
1594 1598
1594 1992
1595 1631
1600 1934
1601 1677
1603 1746
1605 1861
1612 1940
1616 1633
1617 1746
1620 1766
1625 1728
1626 1864
1629 1763
1634 1947
1635 1722
1642 1813
1643 1962
1644 1914
1651 1679
1659 1732
1659 1794
1660 1742
1660 1852
1661 1665
1661 1748
1661 1787
1666 1859
1666 1921
1667 1847
1670 1730
1670 1964
1673 1828
1674 1919
1676 1963
1678 1879
1680 1887
1680 1910
1688 1977
1691 1996
1695 1876
1698 1971
1700 1865
1702 1803
1706 1946
1707 1760
1710 1761
1712 1866
1714 1823
1718 1741
1718 1846
1718 1857
1720 1748
1721 1979
1726 1750
1726 1901
1728 1769
1732 1775
1736 1921
1739 1984
1743 1953
1744 1845
1744 1864
1744 1978
1752 1769
1753 1847
1756 1796
1763 1891
1763 1900
1767 1937
1768 1828
1768 1830
1768 1854
1768 1992
1770 1916
1773 1951
1775 1825
1775 1852
1779 1789
1779 1916
1780 1843
1780 1946
1783 1806
1783 1961
1786 1812
1789 1968
1790 1869
1790 1935
1798 1841
1798 1890
1808 1824
1812 1986
1817 1872
1818 1889
1820 1848
1820 1854
1820 1861
1821 1889
1823 1953
1829 1833
1831 1963
1834 1931
1841 1915
1842 1933
1844 1993
1849 1863
1853 1878
1853 1993
1859 1912
1861 1913
1862 1945
1862 1955
1868 1976
1889 1930
1890 1950
1893 1905
1921 1932
1921 1992
1926 1951
1988 1999
