2000 2962
10
38
69
53
85
65
1
40
66
10
48
80
38
12
64
56
59
16
49
10
7
26
80
42
46
25
61
33
60
19
54
72
24
27
67
7
14
56
14
20
1
43
53
93
3
77
10
1
81
49
95
47
57
71
22
23
12
38
63
71
90
6
6
51
71
78
89
27
69
3
99
34
100
44
16
67
22
98
20
93
66
71
4
28
16
12
66
97
52
49
72
81
36
79
57
61
22
71
75
59
78
85
25
38
68
23
23
66
57
93
61
85
86
35
5
63
13
87
43
97
37
46
12
30
49
3
77
78
14
38
63
91
58
82
51
50
90
94
52
89
77
48
45
68
72
98
3
77
64
35
86
97
94
9
18
100
84
34
76
33
24
25
83
77
65
60
5
30
90
42
35
76
51
65
5
42
85
85
36
57
83
51
68
50
65
51
85
55
56
86
13
55
85
83
28
94
7
21
56
58
89
65
94
11
74
1
17
65
29
30
32
50
94
24
63
37
92
51
94
88
46
88
6
69
39
32
30
47
94
22
94
80
9
71
31
64
55
71
38
54
19
71
60
85
34
5
65
19
83
3
65
59
54
86
61
16
68
67
42
50
90
74
91
88
33
48
60
66
56
40
44
60
79
77
50
21
12
67
63
13
87
44
18
21
86
7
95
35
100
77
95
38
9
41
43
29
68
94
38
98
62
73
80
85
23
36
29
20
70
72
60
72
39
89
91
69
64
73
73
70
64
10
56
47
85
40
69
69
69
53
49
67
25
18
9
38
43
45
60
62
39
8
77
27
30
3
92
64
2
15
19
82
97
63
95
46
63
41
27
66
47
16
7
40
5
66
89
84
64
31
96
99
20
18
63
45
46
91
78
10
6
56
67
97
87
8
13
73
29
79
17
76
99
69
74
31
51
35
68
42
68
23
32
71
51
11
52
76
78
84
16
10
97
69
54
15
43
62
62
41
97
6
42
15
78
94
38
29
32
75
47
57
98
50
9
48
94
60
17
92
64
88
3
93
74
55
28
82
39
40
38
24
71
43
86
91
12
47
19
55
35
78
77
55
30
96
83
84
32
85
72
23
44
74
2
30
98
68
5
93
94
48
42
57
84
72
34
33
81
29
27
80
96
83
59
86
66
3
56
29
45
15
49
83
1
7
1
52
91
81
15
58
64
13
26
83
34
36
60
97
90
88
71
71
31
93
98
15
59
66
19
21
1
87
99
80
43
82
93
37
38
92
90
47
29
17
76
27
63
78
44
100
55
33
63
81
18
32
81
88
91
21
9
91
63
46
40
50
24
31
86
76
98
77
48
83
47
64
41
99
3
89
95
92
42
48
38
86
65
27
18
97
23
46
3
85
50
78
85
3
88
95
41
12
79
53
66
52
99
57
8
35
53
41
94
78
90
54
75
7
33
66
82
39
97
86
20
43
16
72
25
59
20
99
40
33
70
31
76
93
42
52
58
21
87
7
99
4
9
13
53
40
97
25
54
48
55
80
71
89
52
17
58
35
76
20
35
57
6
81
27
47
52
2
12
71
34
37
85
91
44
15
70
58
34
6
98
32
42
100
62
15
60
63
3
56
61
95
22
96
97
13
70
88
66
48
72
36
26
81
14
14
56
69
53
77
61
82
17
99
98
62
65
80
36
9
36
42
35
22
27
12
20
51
91
51
40
67
50
90
50
65
29
11
38
87
31
66
92
62
98
34
38
41
75
5
85
27
58
40
35
71
30
64
34
97
6
56
28
81
74
67
17
62
16
10
17
67
82
42
46
63
30
2
27
99
66
16
28
78
8
74
88
77
7
67
24
23
66
27
47
42
45
83
25
47
1
66
40
20
54
98
83
58
23
65
46
41
12
60
19
81
49
79
53
62
30
4
99
11
35
11
35
10
67
41
26
71
36
50
92
78
19
80
13
69
41
69
91
63
56
89
67
86
94
51
44
66
94
10
32
8
36
89
18
85
18
94
58
84
24
41
11
49
48
63
92
14
27
56
85
56
68
72
57
68
31
41
41
21
27
100
52
88
10
88
68
43
43
57
41
74
27
17
73
3
2
34
52
35
26
2
23
87
42
91
86
37
55
60
86
65
8
16
76
42
3
44
40
35
63
30
83
75
89
27
41
17
26
30
93
93
22
75
70
58
75
62
73
61
84
74
7
75
7
40
49
21
3
36
55
10
67
87
25
84
97
92
96
93
43
100
84
54
8
77
59
47
58
6
42
53
65
94
88
19
41
35
75
67
9
61
82
56
1
8
21
12
56
56
42
86
47
69
89
89
10
97
68
20
53
71
36
77
36
24
34
9
92
15
70
67
74
42
91
27
34
77
49
65
35
75
38
37
48
53
23
55
6
81
84
80
67
98
17
63
38
45
65
27
88
31
84
51
15
11
88
31
51
96
84
1
24
12
36
58
89
10
65
9
15
95
60
35
82
45
79
75
1
80
13
42
38
59
76
94
26
27
73
72
81
88
17
42
49
9
18
62
35
80
52
37
96
22
99
18
88
15
92
83
16
43
24
92
28
15
72
82
34
53
33
24
62
41
75
58
68
8
67
7
39
97
35
57
66
80
14
36
87
94
34
70
88
16
52
50
83
5
14
62
31
29
90
8
24
35
42
46
44
18
85
63
23
73
9
43
26
75
36
78
28
58
73
27
84
64
7
68
20
10
99
15
77
73
34
45
38
75
12
97
34
32
31
59
11
84
8
8
20
72
53
68
78
21
37
14
19
26
20
35
28
59
94
78
96
86
86
46
81
93
47
36
3
6
35
42
67
73
92
78
62
47
72
82
33
79
45
23
32
90
66
62
44
74
95
32
85
49
66
89
81
59
65
5
3
67
34
50
44
54
67
22
3
55
57
46
52
55
37
26
15
7
60
35
44
43
82
57
46
96
57
78
4
88
15
52
13
87
28
71
38
21
83
24
76
54
64
42
53
4
17
94
61
86
65
4
93
22
27
81
59
96
14
79
79
82
92
51
9
88
59
31
38
47
19
24
11
73
90
41
44
43
42
38
22
80
40
19
66
7
2
13
28
93
17
3
49
1
19
49
19
47
88
52
18
57
96
57
29
9
87
89
36
46
66
93
100
56
7
16
15
86
75
57
8
28
94
64
87
6
17
13
42
7
27
62
86
7
44
93
40
57
43
86
79
86
4
94
25
73
90
25
24
98
12
10
10
79
55
45
36
3
9
92
1
53
9
13
58
77
97
94
1
81
66
59
42
42
87
51
65
82
33
85
1
9
24
46
89
27
15
52
70
58
9
73
61
12
63
51
97
4
4
14
71
36
96
68
16
73
41
50
43
29
89
4
85
98
78
56
97
70
34
12
4
24
53
45
93
27
56
25
73
63
25
60
33
44
84
41
62
76
27
44
75
50
78
7
30
86
24
31
8
67
57
20
47
85
85
56
85
10
4
6
60
15
61
66
88
73
29
99
31
72
53
62
83
65
74
23
89
71
9
10
69
26
16
90
82
17
14
20
21
66
67
3
45
98
94
13
1
49
97
33
87
39
82
33
83
78
86
50
41
75
35
4
75
32
51
47
60
68
99
15
95
19
42
70
49
86
89
1
23
62
65
66
45
8
86
86
14
29
33
28
99
27
13
67
71
56
75
75
67
84
76
87
100
62
61
23
10
29
61
97
66
29
72
85
99
14
70
49
26
70
89
55
33
6
4
22
40
11
61
18
17
91
67
78
90
42
14
19
70
17
68
45
87
84
57
33
97
16
60
70
18
31
24
80
48
13
8
56
62
5
51
36
31
71
79
55
13
18
45
9
51
83
34
8
74
12
45
33
72
15
19
62
82
99
38
29
54
33
37
46
56
41
6
64
58
9
43
75
25
60
100
99
100
74
21
7
17
15
35
100
53
65
86
43
69
31
31
13
1
48
19
97
41
59
22
10
85
56
33
10
64
19
17
2
38
97
66
90
92
69
18
56
47
48
70
49
81
60
30
61
81
7
88
48
79
37
5
81
36
42
21
8
74
9
18
5
1
85
21
50
67
32
47
3
75
81
64
97
63
45
79
66
64
70
49
67
45
5
46
52
57
79
19
86
12
83
65
82
60
35
73
86
7
73
65
95
21
78
60
93
85
54
44
72
64
66
21
91
88
8
5
53
13
73
62
36
65
31
35
77
9
4
93
48
98
18
69
19
69
54
61
15
98
36
60
21
20
32
44
84
96
62
5
18
28
70
23
22
96
79
38
10
61
74
10
78
58
32
83
32
73
98
55
48
5
59
73
65
12
88
57
31
15
58
11
15
91
66
8
53
60
29
61
41
57
39
77
23
43
55
84
26
82
29
63
28
3
43
86
23
87
54
55
20
57
10
10
2
81
22
96
15
15
75
11
97
52
21
84
80
76
8
99
68
1
31
27
86
93
74
46
38
85
64
34
32
65
95
58
95
1
74
38
74
22
39
48
49
16
25
90
19
10
16
63
10
94
72
12
97
62
11
60
50
65
53
66
9
23
2
99
55
25
98
67
83
53
14
18
40
65
43
93
16
8
21
0 607
0 1449
0 1954
0 1983
1 277
1 504
1 547
1 788
1 1541
1 1940
2 1305
2 1987
3 531
3 579
3 658
4 694
4 837
4 1271
4 1690
5 157
6 1855
6 1944
7 116
7 404
7 752
7 995
7 1122
7 1146
7 1489
8 563
8 1734
9 721
10 613
10 1051
10 1438
11 104
11 1455
11 1950
12 649
13 879
13 1397
14 98
14 1556
15 1238
15 1779
15 1845
15 1881
16 44
16 296
16 655
16 1451
17 654
17 965
17 1495
17 1539
17 1542
18 73
18 1411
18 1508
18 1930
19 87
19 1916
20 575
20 1228
21 397
21 735
21 890
21 1410
21 1715
22 203
22 704
22 1462
22 1681
23 1004
23 1237
24 65
24 70
24 234
24 831
24 1793
24 1878
25 39
25 876
25 940
26 619
26 1180
26 1229
27 68
27 733
27 1490
28 613
28 864
28 1102
28 1539
29 1354
29 1658
30 353
31 1256
32 67
32 1944
32 1955
33 70
33 349
33 434
33 590
33 1270
33 1489
34 1234
35 309
35 435
35 445
35 911
35 1038
35 1728
36 74
36 866
36 1247
36 1413
36 1633
36 1767
37 307
37 362
37 413
37 1591
37 1999
39 211
39 1458
40 616
40 650
40 1308
41 589
41 769
41 832
41 859
41 932
41 1178
41 1358
42 517
43 1322
43 1387
45 976
45 1754
45 1765
46 1758
47 327
47 1056
47 1362
47 1490
48 349
48 1657
50 940
50 1817
51 1443
51 1479
51 1699
51 1816
51 1820
52 219
52 319
52 337
52 603
52 680
52 1059
52 1359
53 1314
53 1689
54 1415
54 1455
55 243
55 1136
55 1369
55 1529
55 1607
56 555
56 1124
56 1799
57 67
57 385
57 702
57 1275
58 1153
58 1659
58 1676
59 1207
60 223
60 1837
61 875
61 1309
61 1931
61 1990
62 1710
63 1284
64 631
64 845
65 118
65 645
65 965
65 1073
65 1303
66 187
66 587
66 631
66 923
66 1375
66 1708
66 1986
67 1601
68 891
68 930
68 1858
69 1850
70 687
70 1313
70 1558
70 1816
71 535
71 1134
72 110
72 333
72 743
72 1893
73 547
74 1383
74 1589
75 225
75 879
75 926
75 1333
75 1520
76 824
77 1116
77 1412
77 1769
78 911
78 1426
78 1639
78 1642
79 303
79 712
79 762
79 1307
79 1456
79 1786
79 1876
80 172
80 1071
80 1474
81 161
81 261
81 559
81 717
81 1576
81 1638
82 1979
83 1422
83 1703
83 1761
83 1835
84 1103
84 1477
85 570
85 1803
86 403
86 1383
87 186
87 1700
88 170
88 320
88 395
88 744
89 911
89 1395
89 1403
89 1666
89 1712
90 222
90 573
90 1583
90 1815
91 790
92 1198
93 749
93 1389
93 1816
94 903
94 1384
95 1715
96 229
97 996
98 208
98 1202
98 1796
99 698
99 1304
100 703
100 880
101 515
101 1561
101 1832
101 1984
102 1401
103 326
103 558
103 1712
104 497
104 1118
104 1695
104 1980
105 1843
106 797
106 1008
106 1479
106 1510
106 1566
107 959
107 1155
108 294
108 1338
108 1689
108 1917
109 149
109 293
109 314
109 479
109 1473
109 1800
110 574
110 630
110 698
110 714
110 1493
111 524
111 974
112 308
112 696
112 1140
112 1484
113 1829
114 261
114 858
114 1661
115 245
115 585
115 1029
115 1214
115 1291
115 1388
115 1409
115 1826
116 1046
116 1732
117 807
118 508
118 1160
118 1539
118 1655
119 953
119 1120
119 1614
120 1532
121 660
121 1024
121 1490
121 1811
122 166
122 246
122 271
122 611
122 787
122 849
122 1927
123 560
123 933
123 1361
125 440
125 1261
125 1493
126 182
126 979
126 1017
127 338
127 341
127 617
127 1060
127 1125
127 1134
127 1417
127 1552
128 580
128 1583
130 1167
131 1411
131 1920
132 1484
132 1595
133 1952
134 1339
134 1542
134 1621
134 1780
135 1598
135 1981
136 234
136 693
136 1593
137 936
137 1501
137 1633
138 982
138 1552
138 1881
139 1687
140 1284
141 471
141 737
141 1123
141 1781
142 144
142 300
142 777
143 593
143 1931
143 1952
144 1046
144 1093
144 1471
144 1631
144 1722
145 1859
146 418
146 479
146 797
146 1541
146 1717
147 562
147 746
147 1091
147 1430
148 608
148 658
148 1108
148 1450
148 1851
149 209
149 501
149 1630
149 1643
150 1205
150 1225
151 808
151 875
151 950
151 1049
151 1303
151 1369
151 1593
152 486
152 919
152 1829
153 381
153 1656
155 196
155 696
155 1682
155 1826
156 160
156 615
156 667
156 811
156 838
156 1999
157 806
157 1148
157 1560
158 432
158 474
158 853
159 376
159 388
159 694
159 1128
159 1634
159 1864
160 395
161 296
161 812
161 820
161 1420
161 1566
162 1210
163 165
163 473
163 580
163 940
164 649
166 528
166 1609
167 1016
168 1513
169 810
169 1152
169 1749
171 1436
171 1956
172 589
172 745
172 1888
172 1889
173 240
173 319
173 487
173 590
173 697
173 946
173 1183
173 1355
174 400
174 702
174 850
174 1761
175 306
175 1252
175 1803
175 1938
176 953
177 1267
178 1368
179 228
181 351
181 616
181 852
181 1095
181 1338
181 1773
182 580
182 723
183 1025
183 1170
183 1246
183 1503
183 1620
184 1068
184 1298
184 1572
185 1110
185 1364
186 628
186 1625
187 1207
187 1382
188 1193
188 1944
189 791
189 1698
189 1891
190 429
190 511
190 1406
190 1413
190 1592
191 1866
192 606
192 1585
193 211
193 532
193 647
193 1463
194 1474
195 835
195 1175
196 757
196 759
196 1060
197 217
197 1016
197 1815
198 341
198 439
199 347
199 826
199 1660
199 1706
199 1841
201 709
202 1248
202 1468
203 475
203 628
204 404
205 874
205 1128
205 1655
206 721
207 793
208 352
208 1363
208 1457
208 1965
209 614
209 934
210 304
210 1284
210 1609
211 671
212 793
212 1206
213 676
213 991
213 1080
213 1471
214 329
214 777
215 329
215 723
215 802
215 1500
215 1573
216 724
216 768
216 947
217 410
217 1097
218 644
218 855
218 936
218 1947
219 659
219 782
219 1698
219 1999
220 1391
220 1399
221 675
221 1229
221 1589
221 1647
223 867
223 1412
224 565
224 948
224 1380
225 633
225 1280
225 1309
225 1583
225 1606
226 279
226 354
226 1750
226 1798
226 1889
227 407
227 807
227 1591
228 236
228 359
228 689
228 1356
228 1623
229 1129
229 1332
230 395
230 1516
230 1787
230 1909
230 1973
231 1374
231 1814
232 251
232 271
232 1021
232 1202
232 1261
232 1594
233 773
233 1156
233 1509
233 1970
234 619
234 1532
235 874
236 245
236 622
236 1266
236 1535
237 722
237 1468
237 1540
238 282
238 1184
240 259
240 582
240 1993
241 715
241 1282
241 1811
242 453
242 775
242 822
242 1896
243 537
244 392
244 1757
245 1728
246 417
247 264
247 789
247 1984
248 320
248 725
248 1485
248 1521
249 282
250 594
250 807
250 1326
250 1811
252 852
252 1331
253 491
253 846
253 1229
253 1753
254 885
254 1260
256 1785
257 1154
258 366
258 577
258 1159
258 1717
258 1724
259 361
259 1878
260 363
260 971
260 1190
260 1754
261 769
261 958
261 1422
263 1819
263 1831
264 823
264 1465
265 618
265 1032
265 1204
265 1545
266 376
266 1145
266 1373
266 1512
267 369
267 484
267 1273
267 1954
268 1028
268 1776
270 326
270 1047
270 1065
270 1078
271 1930
271 1999
272 1036
273 1163
274 1234
274 1770
275 1671
275 1779
276 338
276 370
276 382
277 388
277 431
277 1317
277 1471
277 1645
278 419
278 489
278 700
278 767
278 1839
279 803
280 1255
281 1304
281 1646
281 1694
281 1852
282 464
282 1625
283 477
284 295
284 1832
285 423
285 495
285 739
285 1030
286 872
286 1377
287 1350
287 1691
287 1787
287 1849
288 475
289 1001
289 1447
290 328
290 898
290 1323
290 1591
291 760
291 1121
291 1202
291 1276
291 1994
292 731
292 1257
292 1382
293 673
293 901
293 1763
294 409
294 1213
295 925
295 1724
296 798
296 887
296 1234
296 1333
297 422
297 926
298 887
298 1346
298 1595
298 1707
298 1906
298 1938
298 1946
299 708
299 814
299 849
299 1103
300 1042
301 766
302 322
302 408
302 1696
302 1897
302 1976
303 434
303 1019
303 1837
304 313
304 441
304 608
304 872
305 884
305 1421
306 1607
307 398
307 1175
307 1869
308 727
308 1924
308 1984
309 952
309 1176
310 1474
311 1214
311 1773
313 495
313 1565
314 502
314 1632
314 1633
316 435
316 1862
317 796
317 1169
318 402
318 861
318 1705
319 1466
320 601
320 1066
320 1362
321 427
321 670
321 1746
321 1832
322 663
322 1352
323 983
323 1134
323 1936
324 1077
324 1800
325 756
325 827
325 1039
325 1686
326 590
326 931
326 1896
326 1919
327 483
327 540
327 717
327 818
328 387
328 846
328 1439
328 1440
328 1471
329 331
329 624
329 669
329 741
330 1567
330 1643
330 1885
331 809
331 1154
331 1804
332 647
332 1402
333 469
333 515
333 1805
333 1922
334 444
335 450
335 596
335 1851
336 860
336 1488
336 1712
336 1892
337 431
337 624
337 626
337 1263
337 1610
338 928
339 1270
339 1726
339 1953
340 827
340 1120
341 349
341 362
341 948
341 1001
344 1237
345 566
345 1701
346 1922
347 1453
347 1906
348 1625
348 1969
349 1019
349 1256
349 1854
350 524
350 532
350 877
351 441
351 734
351 915
351 1101
351 1181
351 1356
351 1657
352 866
352 1267
352 1488
353 548
354 1129
355 873
355 1511
356 869
356 1180
357 835
357 1629
357 1719
359 388
359 408
359 720
360 546
360 1418
361 368
361 428
361 640
361 1397
361 1463
361 1835
362 1854
363 1041
364 762
364 763
364 876
364 1000
364 1258
364 1523
364 1660
364 1700
365 458
365 587
365 604
365 927
365 998
366 427
366 1810
367 702
367 1422
368 1647
368 1909
369 1099
369 1713
370 484
370 512
370 1271
370 1655
371 448
371 1753
371 1798
372 1620
372 1880
372 1923
373 634
373 1700
373 1879
373 1929
374 958
374 1282
374 1419
374 1680
375 584
375 686
375 1763
376 730
376 1252
376 1587
377 443
377 445
377 876
377 1535
377 1946
378 601
378 1619
379 1862
380 883
381 688
381 722
382 1469
383 981
383 1318
383 1670
384 641
384 645
384 1317
384 1515
385 497
385 1810
386 484
386 567
386 1458
386 1669
387 509
387 1043
387 1146
387 1650
388 1086
388 1456
388 1857
389 867
389 1174
389 1803
389 1894
390 572
390 748
390 1564
393 980
393 1186
393 1689
393 1970
394 512
395 782
396 818
396 1145
396 1347
396 1554
396 1784
397 1093
398 625
398 1829
399 489
399 1688
400 526
400 1496
400 1514
400 1516
401 418
402 565
402 581
402 601
402 1054
402 1120
403 712
403 1834
404 1513
404 1882
405 1405
405 1950
406 705
407 417
407 618
407 1466
407 1521
407 1555
407 1886
408 1767
408 1855
411 528
411 1144
411 1519
411 1644
412 849
412 956
412 1440
412 1885
413 1368
413 1703
414 683
414 1133
415 1344
415 1417
415 1942
416 1087
416 1407
416 1953
417 501
417 803
417 1411
418 1913
418 1979
419 982
419 1332
419 1613
419 1763
419 1890
419 1981
420 1116
421 993
422 486
422 1203
422 1750
422 1884
422 1946
423 1863
423 1963
424 691
424 1333
424 1559
424 1800
425 491
425 1387
426 1173
426 1184
426 1532
426 1626
426 1950
427 1181
427 1335
427 1519
427 1529
427 1595
428 1058
428 1930
429 465
429 1529
429 1548
429 1836
429 1948
430 695
430 1774
431 1952
432 593
432 729
432 743
432 887
432 1473
433 460
433 753
434 1061
434 1879
435 720
435 933
435 972
435 1081
435 1219
435 1335
436 1943
437 1054
438 633
438 661
439 570
439 1212
440 609
441 736
442 597
442 1612
443 622
443 1447
444 1779
447 1055
448 1421
448 1901
449 451
449 1918
450 1932
451 600
452 618
452 869
452 990
453 1212
454 858
455 1825
456 654
456 1594
457 1907
457 1990
458 863
458 1102
459 712
459 1206
459 1753
460 552
460 1056
460 1462
460 1467
460 1819
462 992
464 677
464 893
464 1487
465 1493
466 590
466 1634
468 573
468 1200
468 1844
468 1999
469 787
470 1016
471 490
472 1770
473 632
473 1811
474 826
475 884
475 1735
475 1775
475 1833
476 1958
477 589
477 809
477 1317
477 1571
477 1679
478 744
478 968
479 962
479 1214
479 1657
480 1831
481 1120
481 1555
481 1765
482 778
482 1198
483 743
483 1240
483 1730
483 1814
484 1568
485 499
485 706
486 698
486 1133
486 1443
486 1718
487 493
487 566
487 1568
487 1833
488 880
488 1041
488 1236
488 1995
489 1324
489 1486
489 1980
490 566
490 1078
490 1851
491 1567
491 1620
491 1634
492 494
492 1099
492 1750
493 1333
493 1540
493 1737
495 521
495 588
495 672
495 1098
495 1583
495 1614
496 534
496 1477
497 1826
499 1993
500 971
501 793
501 1523
501 1932
502 1568
502 1704
502 1988
502 1999
503 983
503 1482
504 564
504 1200
504 1468
505 757
506 587
506 658
506 792
506 1436
507 686
507 702
508 1483
508 1625
509 1084
509 1128
510 762
510 1287
510 1336
510 1938
511 587
511 1122
511 1277
511 1465
511 1761
512 893
512 990
513 732
513 1042
513 1071
513 1865
514 841
514 1481
515 740
515 1449
516 786
517 1930
518 1526
519 534
519 591
519 737
519 949
519 1675
519 1861
520 1409
521 788
521 1796
521 1965
522 664
522 1138
523 1810
523 1858
524 981
525 1098
525 1667
526 1154
526 1405
526 1735
527 1497
527 1968
528 1563
529 1912
530 702
530 1605
531 567
531 649
531 1252
532 1140
532 1589
532 1894
534 1748
535 671
535 1141
535 1608
535 1713
535 1960
536 926
536 1033
536 1427
536 1872
537 576
538 553
538 724
539 1401
539 1651
540 1674
541 925
542 815
542 1766
543 1602
543 1975
544 698
544 1926
545 678
545 1101
546 1182
546 1516
546 1810
547 849
547 1140
547 1155
547 1354
547 1498
547 1681
549 878
550 1138
550 1905
551 1287
552 581
553 1057
554 1191
554 1551
554 1589
554 1834
554 1881
555 959
555 1824
556 1304
557 1421
557 1839
558 597
558 1362
561 1296
562 970
562 1616
563 803
563 1903
564 761
564 1819
565 1964
566 623
567 1220
568 1039
568 1370
569 798
570 678
570 880
570 1044
570 1479
571 610
571 981
571 1231
571 1729
571 1991
572 654
572 926
572 1391
573 1230
574 1087
574 1387
574 1442
575 1241
575 1301
576 956
576 1240
576 1521
577 925
577 1976
578 661
578 699
578 1588
579 1497
580 822
581 868
581 1315
581 1754
582 1401
582 1523
583 796
583 1690
583 1976
584 1080
584 1541
584 1570
585 1978
586 599
586 793
586 1271
586 1304
588 1594
588 1896
589 858
589 1294
589 1515
589 1938
590 1504
590 1685
590 1822
591 1856
592 999
592 1372
592 1422
593 595
593 1761
593 1963
594 1330
594 1587
595 1509
596 1420
597 650
597 1562
600 872
601 1619
602 1569
603 1004
603 1010
604 724
604 1616
604 1643
606 651
606 917
606 1085
607 697
607 1070
607 1147
608 1134
608 1166
608 1848
609 1402
609 1834
609 1868
611 813
611 823
611 922
611 1483
611 1730
612 1092
612 1799
614 1218
615 1191
615 1246
615 1288
615 1962
616 1315
617 1466
618 1128
618 1397
619 803
619 1187
620 1435
620 1597
620 1924
621 1127
621 1335
621 1345
622 694
622 807
622 1051
622 1276
622 1399
622 1807
623 1122
624 767
624 967
624 1059
624 1268
625 877
625 1264
625 1806
626 1030
626 1053
626 1564
627 1320
627 1698
629 765
629 1303
630 1690
631 809
631 1220
632 754
632 788
633 1024
635 1723
636 1186
636 1235
638 732
638 911
638 1118
640 945
640 1008
640 1013
640 1128
640 1604
641 1005
641 1242
642 1618
643 1313
643 1609
643 1942
646 974
646 1495
647 1972
648 1159
649 968
649 1198
649 1356
651 809
652 1142
653 1077
653 1862
653 1888
654 862
654 1788
655 859
655 1092
656 839
656 1257
657 1603
659 1372
660 1291
661 1644
662 1093
662 1337
662 1430
663 900
663 1644
663 1751
664 1138
664 1176
664 1472
665 1129
665 1445
666 942
666 1065
667 1108
667 1892
668 872
668 936
668 1040
668 1093
669 1987
670 861
670 866
670 1043
670 1946
671 771
671 888
671 1583
672 718
672 768
672 1680
672 1986
673 1797
674 1654
675 798
675 939
675 1054
676 1253
676 1497
677 712
677 945
678 1412
678 1606
678 1944
679 1992
680 940
680 1423
681 980
681 1403
683 1473
683 1619
684 781
684 1961
685 1580
686 1227
686 1235
686 1390
687 1229
687 1728
689 707
690 1009
690 1989
691 811
691 816
691 1914
692 1483
693 800
693 1172
693 1675
693 1851
694 1125
694 1411
694 1690
694 1730
695 1642
695 1982
696 871
696 1565
696 1667
696 1738
697 1426
697 1513
697 1851
698 912
698 1360
700 935
700 1961
701 823
701 1185
703 893
703 983
704 1300
704 1511
705 880
705 1134
706 1722
706 1905
707 1543
707 1862
709 1595
709 1859
711 880
711 1806
711 1868
712 729
712 736
712 817
712 1986
713 1099
713 1467
715 810
715 1827
716 719
716 954
716 1540
717 1631
717 1733
717 1898
717 1998
718 1788
720 1721
721 1654
722 1954
723 1026
723 1553
724 877
725 1273
726 1720
728 1248
728 1856
729 861
729 946
729 1569
729 1992
731 1140
731 1507
731 1928
732 1467
734 1860
736 1382
737 1109
738 1566
738 1761
739 838
739 1407
739 1912
740 1093
740 1194
740 1964
741 1311
741 1389
742 1512
744 1633
745 805
745 846
745 1043
745 1435
745 1855
745 1994
746 846
746 1249
746 1795
747 1451
747 1541
747 1693
747 1951
748 970
748 1826
748 1879
749 1508
750 878
750 1971
751 1775
751 1933
752 1478
752 1631
752 1832
754 1867
754 1899
755 1475
755 1583
756 1595
757 1090
757 1208
758 778
758 1748
759 1825
760 1148
760 1665
761 828
761 1111
761 1253
761 1302
761 1429
762 1718
762 1731
763 1230
763 1707
763 1747
764 967
764 1011
765 1302
765 1630
765 1715
765 1835
766 1334
766 1607
768 1109
769 1007
769 1073
770 828
770 1242
770 1493
771 1386
772 1286
772 1866
773 1270
773 1612
773 1957
774 1683
774 1819
775 910
775 984
776 1047
776 1515
776 1716
777 1509
778 1482
778 1489
778 1534
778 1569
778 1900
779 1298
779 1507
779 1612
780 1454
781 1213
781 1669
782 1730
783 1019
783 1356
784 1039
784 1138
784 1963
785 1639
786 1753
788 809
788 878
788 1358
788 1364
788 1429
789 1402
789 1556
790 1529
791 1302
794 1555
794 1877
795 1376
795 1545
795 1743
796 947
796 1581
797 1858
798 1907
799 1275
799 1280
799 1430
799 1693
800 1210
800 1231
801 829
801 1344
801 1784
801 1788
801 1984
804 1130
804 1260
805 905
805 1151
805 1576
805 1580
806 992
806 1907
809 1611
810 1368
811 1122
812 1556
813 1446
814 1199
815 1123
815 1844
817 1448
817 1519
817 1808
817 1915
818 1085
818 1371
818 1657
819 982
820 1265
820 1683
820 1994
821 1014
821 1770
823 1457
825 874
827 1255
829 902
829 1191
830 893
830 1122
830 1128
830 1460
830 1824
831 1244
831 1359
833 1332
833 1770
833 1798
833 1941
834 839
834 1558
835 1878
836 977
837 854
837 1340
837 1840
838 1224
838 1245
839 1419
840 1418
840 1430
840 1468
841 1704
841 1797
841 1857
844 1449
845 1149
845 1429
846 1133
846 1255
846 1772
847 890
847 909
847 1397
847 1473
847 1757
848 949
848 1263
848 1267
850 997
850 999
851 938
851 995
851 1654
852 873
853 977
853 1711
854 1525
856 1080
856 1531
856 1698
856 1815
856 1899
858 1433
858 1762
859 1783
859 1988
860 1738
860 1965
861 1056
861 1777
861 1905
862 1151
863 899
863 962
863 1102
863 1151
864 1012
864 1470
864 1941
865 1471
867 1778
867 1928
868 1240
868 1471
869 1901
871 1659
872 1130
872 1577
872 1680
872 1746
872 1962
873 1369
874 1068
874 1150
874 1600
875 944
875 1203
875 1492
875 1863
875 1950
877 1905
878 905
878 918
879 1111
879 1329
879 1479
881 1272
881 1288
881 1880
881 1955
882 977
884 1425
884 1679
886 1852
887 1240
887 1459
890 907
890 939
890 1116
894 1299
894 1513
894 1553
894 1561
894 1940
895 1294
895 1327
896 1297
896 1606
898 1385
899 1397
899 1767
900 1016
900 1022
902 1676
903 1306
905 1101
907 1078
907 1132
907 1187
907 1575
907 1820
909 1064
909 1419
910 1145
913 1817
915 1231
915 1258
915 1959
915 1976
917 1290
917 1481
917 1568
918 1372
918 1470
918 1982
919 1212
919 1309
919 1365
919 1871
920 1501
920 1829
921 1293
922 1028
922 1468
922 1666
923 963
923 1092
923 1648
924 999
924 1055
924 1083
924 1468
924 1546
925 947
925 1790
926 1439
927 1721
927 1842
928 1664
928 1821
929 1140
930 1771
931 1649
931 1917
932 1016
932 1596
932 1862
934 1160
934 1651
935 970
935 1104
935 1414
935 1687
936 1329
936 1570
937 1483
938 953
938 1492
939 1957
940 1373
943 1895
944 1160
944 1637
945 1151
945 1645
946 1590
947 1582
947 1674
948 1106
948 1257
949 1269
949 1455
949 1549
949 1623
949 1812
950 1042
950 1245
950 1321
950 1359
950 1591
950 1796
951 1639
952 1795
953 1314
953 1900
954 1447
954 1478
954 1995
955 1373
955 1456
955 1929
955 1933
956 1509
957 1120
958 1159
958 1557
958 1579
959 1098
960 1305
960 1406
961 1117
961 1246
962 1733
963 1721
963 1962
964 1542
964 1756
964 1865
964 1967
965 1359
965 1674
966 1103
966 1232
966 1521
968 972
968 1505
968 1922
970 1057
970 1417
971 1426
972 1854
974 1188
976 1672
979 988
979 1100
979 1482
979 1774
980 1254
980 1311
980 1743
980 1924
981 1583
983 1397
983 1445
984 1926
985 1055
986 1271
986 1904
988 1932
989 1049
989 1269
989 1736
989 1875
990 1636
991 1509
991 1601
991 1751
991 1901
993 1005
993 1311
994 1476
995 1279
995 1417
995 1431
995 1679
995 1713
996 1167
996 1424
997 1120
999 1001
999 1050
999 1377
999 1510
1000 1676
1000 1784
1001 1341
1002 1332
1002 1537
1003 1295
1003 1400
1003 1640
1004 1693
1004 1943
1005 1294
1005 1479
1005 1677
1006 1209
1006 1503
1006 1632
1006 1639
1009 1109
1009 1973
1010 1172
1010 1757
1010 1839
1010 1884
1011 1711
1013 1673
1014 1345
1014 1840
1015 1059
1015 1778
1016 1093
1017 1320
1017 1467
1017 1874
1018 1600
1019 1689
1019 1791
1020 1360
1020 1737
1022 1094
1022 1726
1024 1156
1024 1258
1024 1369
1024 1702
1025 1553
1025 1580
1029 1063
1029 1804
1029 1955
1031 1677
1033 1244
1033 1406
1034 1950
1037 1329
1039 1200
1039 1320
1039 1572
1039 1953
1040 1095
1040 1219
1041 1607
1042 1797
1044 1178
1044 1308
1045 1720
1046 1668
1047 1551
1047 1663
1048 1321
1048 1959
1049 1311
1049 1370
1049 1937
1051 1335
1051 1655
1052 1459
1052 1983
1053 1516
1053 1572
1053 1937
1054 1674
1055 1892
1056 1473
1056 1487
1057 1250
1057 1686
1059 1149
1059 1184
1059 1775
1060 1351
1060 1733
1063 1890
1064 1372
1064 1457
1067 1561
1068 1320
1068 1449
1069 1211
1069 1516
1071 1181
1071 1265
1071 1340
1071 1406
1071 1684
1071 1785
1072 1082
1073 1472
1074 1497
1075 1817
1076 1253
1076 1343
1076 1545
1078 1527
1078 1974
1079 1121
1079 1942
1081 1330
1082 1570
1084 1159
1084 1349
1084 1763
1085 1289
1086 1609
1087 1884
1088 1496
1088 1568
1089 1270
1089 1494
1089 1526
1089 1736
1090 1524
1091 1625
1092 1319
1092 1864
1094 1460
1094 1528
1094 1766
1095 1395
1098 1320
1098 1657
1099 1581
1099 1914
1100 1853
1100 1948
1101 1548
1101 1693
1102 1268
1102 1541
1103 1773
1103 1906
1104 1761
1106 1134
1106 1667
1107 1192
1108 1675
1111 1153
1112 1339
1112 1592
1112 1893
1114 1854
1115 1921
1116 1794
1117 1234
1117 1792
1118 1962
1120 1202
1120 1351
1120 1730
1122 1755
1123 1435
1124 1732
1128 1248
1128 1583
1129 1210
1129 1230
1129 1659
1130 1741
1131 1413
1132 1711
1132 1903
1135 1529
1137 1316
1137 1699
1138 1521
1138 1676
1139 1555
1140 1329
1141 1337
1141 1683
1142 1176
1142 1280
1142 1493
1142 1771
1145 1536
1146 1653
1146 1775
1147 1417
1147 1995
1148 1192
1149 1376
1149 1822
1149 1848
1150 1576
1151 1480
1152 1162
1152 1655
1153 1614
1156 1683
1156 1834
1157 1230
1157 1461
1158 1916
1160 1294
1160 1436
1162 1215
1163 1985
1164 1868
1165 1335
1165 1431
1166 1217
1166 1836
1169 1282
1169 1890
1174 1331
1174 1389
1174 1392
1174 1819
1175 1362
1175 1381
1176 1417
1176 1906
1176 1942
1177 1628
1179 1333
1181 1466
1183 1478
1185 1235
1185 1585
1185 1669
1186 1719
1189 1896
1191 1218
1191 1331
1194 1381
1194 1615
1195 1211
1195 1262
1195 1374
1195 1544
1196 1483
1198 1260
1198 1991
1202 1510
1202 1541
1204 1932
1205 1776
1205 1957
1206 1319
1206 1372
1208 1617
1208 1651
1209 1617
1210 1907
1211 1544
1212 1377
1212 1495
1212 1774
1213 1218
1213 1995
1214 1333
1214 1426
1214 1619
1214 1918
1214 1951
1215 1298
1216 1957
1217 1451
1217 1746
1221 1672
1223 1306
1223 1510
1224 1857
1225 1567
1225 1994
1227 1883
1228 1483
1228 1612
1229 1309
1229 1354
1231 1835
1232 1372
1232 1400
1232 1435
1232 1530
1232 1686
1232 1852
1233 1793
1235 1258
1237 1534
1237 1783
1238 1687
1239 1745
1239 1827
1240 1459
1240 1863
1242 1358
1242 1536
1242 1563
1242 1768
1243 1631
1243 1834
1244 1443
1244 1751
1244 1773
1244 1900
1244 1928
1247 1849
1247 1950
1248 1756
1251 1988
1252 1565
1252 1831
1254 1561
1254 1629
1255 1339
1255 1374
1256 1633
1257 1344
1261 1898
1263 1396
1263 1622
1263 1638
1264 1593
1264 1766
1267 1437
1267 1731
1267 1732
1267 1923
1267 1974
1268 1369
1269 1586
1271 1869
1272 1690
1272 1996
1273 1411
1273 1419
1273 1768
1274 1456
1276 1507
1276 1759
1277 1454
1279 1739
1282 1741
1283 1611
1284 1803
1285 1489
1285 1574
1286 1527
1286 1666
1286 1846
1286 1987
1287 1338
1289 1760
1290 1736
1293 1541
1293 1603
1293 1914
1294 1685
1297 1941
1299 1705
1300 1861
1301 1371
1301 1393
1301 1673
1301 1761
1301 1970
1302 1859
1306 1812
1309 1397
1309 1727
1310 1805
1310 1833
1311 1800
1312 1575
1312 1679
1313 1881
1314 1769
1314 1943
1316 1850
1317 1397
1319 1929
1320 1592
1320 1728
1320 1819
1322 1356
1323 1748
1325 1596
1325 1670
1327 1453
1327 1611
1329 1715
1329 1920
1331 1938
1332 1883
1334 1497
1334 1569
1334 1572
1335 1919
1336 1598
1337 1379
1337 1894
1339 1393
1339 1427
1339 1855
1341 1996
1343 1586
1343 1613
1343 1632
1343 1661
1346 1713
1346 1824
1348 1573
1348 1824
1349 1853
1351 1625
1355 1760
1356 1591
1356 1736
1357 1367
1358 1447
1359 1721
1361 1502
1363 1607
1364 1693
1366 1396
1366 1660
1368 1797
1368 1826
1369 1992
1371 1570
1371 1597
1371 1825
1372 1614
1375 1443
1375 1603
1375 1872
1375 1952
1376 1409
1378 1727
1378 1767
1379 1990
1380 1382
1380 1917
1384 1436
1385 1503
1387 1423
1387 1752
1390 1649
1390 1751
1392 1434
1393 1517
1393 1548
1393 1674
1393 1780
1395 1526
1396 1457
1396 1772
1397 1711
1399 1457
1400 1459
1400 1848
1401 1441
1401 1766
1405 1622
1406 1915
1407 1558
1408 1991
1409 1890
1411 1924
1412 1717
1413 1457
1414 1871
1415 1512
1415 1609
1416 1492
1416 1594
1417 1457
1417 1695
1419 1739
1422 1763
1422 1825
1423 1986
1425 1911
1430 1599
1430 1983
1431 1475
1431 1613
1431 1934
1432 1597
1437 1639
1438 1751
1445 1533
1449 1862
1450 1886
1451 1621
1453 1764
1458 1543
1458 1591
1458 1910
1458 1915
1460 1558
1460 1917
1461 1559
1462 1759
1463 1951
1464 1903
1467 1659
1467 1917
1468 1766
1469 1586
1472 1574
1472 1939
1474 1517
1474 1554
1474 1945
1475 1730
1475 1981
1476 1522
1478 1896
1479 1544
1480 1827
1481 1667
1486 1701
1490 1805
1492 1863
1494 1557
1494 1886
1495 1546
1496 1930
1496 1985
1497 1879
1497 1984
1498 1537
1498 1950
1499 1738
1500 1627
1500 1696
1500 1966
1502 1789
1504 1544
1509 1669
1515 1823
1517 1982
1518 1519
1520 1564
1520 1748
1524 1555
1524 1685
1525 1843
1528 1664
1529 1608
1529 1810
1532 1555
1534 1900
1535 1543
1542 1778
1546 1741
1547 1633
1548 1803
1549 1679
1549 1953
1550 1845
1551 1733
1554 1906
1555 1836
1557 1711
1558 1752
1558 1807
1558 1947
1559 1742
1561 1599
1561 1993
1562 1978
1563 1872
1564 1793
1566 1666
1566 1929
1567 1583
1567 1808
1568 1661
1570 1824
1571 1692
1574 1687
1578 1910
1578 1962
1579 1627
1584 1760
1584 1876
1586 1734
1586 1923
1588 1649
1588 1995
1591 1765
1592 1986
1593 1813
1594 1810
1595 1617
1596 1748
1598 1622
1600 1762
1600 1841
1602 1850
1603 1640
1605 1657
1605 1953
1606 1907
1608 1852
1609 1993
1610 1958
1613 1815
1615 1619
1615 1800
1616 1750
1617 1797
1617 1914
1617 1934
1618 1758
1618 1978
1623 1855
1626 1949
1627 1967
1627 1968
1629 1660
1629 1923
1631 1909
1632 1955
1640 1663
1641 1763
1646 1986
1651 1655
1651 1733
1651 1962
1653 1995
1656 1785
1661 1884
1664 1912
1666 1823
1669 1982
1677 1751
1680 1805
1682 1980
1686 1986
1688 1801
1689 1887
1693 1883
1693 1969
1694 1864
1700 1768
1702 1952
1708 1849
1716 1767
1719 1824
1725 1746
1725 1793
1728 1765
1736 1935
1740 1866
1750 1879
1752 1873
1757 1843
1762 1902
1765 1824
1765 1965
1772 1821
1773 1869
1782 1975
1788 1907
1788 1915
1792 1805
1792 1882
1794 1926
1795 1848
1801 1855
1801 1989
1802 1974
1815 1901
1822 1936
1829 1974
1831 1851
1832 1871
1833 1849
1833 1993
1836 1986
1837 1866
1841 1930
1848 1929
1857 1873
1864 1925
1870 1927
1870 1941
1880 1911
1890 1918
1901 1983
1915 1979
1917 1943
1917 1951
1922 1945
1930 1934
1936 1955
1938 1994
1971 1974
