2000 3005
14
77
71
81
19
72
24
51
27
10
9
16
77
4
94
57
50
38
81
71
71
56
79
90
71
12
55
84
19
8
41
14
48
85
92
84
78
98
2
74
95
49
7
96
15
70
85
84
50
63
65
24
32
12
53
65
14
28
68
19
72
82
30
63
65
16
29
9
39
45
38
58
57
33
96
33
40
18
58
52
92
2
41
38
26
23
81
57
53
66
93
63
71
31
4
80
29
51
7
26
80
98
99
90
16
49
52
51
4
87
27
32
92
88
85
100
15
54
74
98
55
61
79
75
71
49
100
78
78
54
7
47
35
96
4
47
60
41
10
22
46
1
60
100
16
39
93
54
59
46
84
24
79
6
40
16
64
55
41
90
37
3
46
38
98
55
34
86
99
42
22
96
57
65
53
38
58
24
99
10
17
35
61
18
77
49
2
4
28
42
79
74
2
87
2
26
99
47
90
73
65
35
17
68
91
7
77
87
38
84
6
55
59
90
39
15
6
28
86
21
6
100
99
69
17
72
50
29
11
50
25
33
19
53
9
36
45
39
82
64
21
25
70
73
43
7
63
30
2
22
90
18
48
57
76
32
71
82
4
28
18
11
83
3
90
91
5
40
78
21
42
42
83
76
24
59
7
49
38
77
34
40
66
86
52
9
56
17
15
65
7
86
91
23
53
74
23
36
73
72
7
70
54
97
4
72
94
47
59
96
36
7
82
59
84
18
79
56
79
100
68
23
95
61
70
100
81
31
91
84
49
81
73
7
59
21
75
56
93
37
54
7
74
99
76
25
89
96
14
37
79
59
91
87
74
47
75
99
92
79
94
71
97
8
18
18
48
5
66
87
30
87
76
40
22
77
68
81
71
81
33
78
52
20
9
61
46
55
92
24
29
93
25
36
38
55
9
47
22
98
65
3
49
43
47
70
31
51
18
99
14
95
14
91
95
73
66
6
39
16
26
62
34
52
32
70
5
100
62
49
41
20
6
59
22
19
72
14
52
37
13
93
4
97
60
24
9
32
1
30
52
40
84
60
64
35
34
22
8
100
29
96
17
72
92
29
69
48
18
81
37
3
89
54
64
13
6
39
72
28
74
18
72
87
67
94
15
28
20
71
41
12
60
1
95
17
87
60
8
10
34
1
87
25
43
33
88
99
59
83
67
25
39
38
6
65
69
73
83
100
29
67
50
80
27
49
73
87
62
26
87
44
80
3
35
3
5
83
44
8
19
59
37
49
58
75
96
31
32
13
78
88
75
10
43
18
85
72
65
13
10
61
15
96
15
72
41
8
56
17
51
12
60
53
21
78
89
82
99
48
58
33
47
57
16
100
71
84
50
70
52
90
5
73
91
66
36
12
20
35
46
40
56
64
100
62
42
54
25
69
49
83
11
27
92
59
100
17
63
76
33
48
44
25
42
78
22
4
36
51
36
93
91
42
48
57
63
33
14
88
98
17
84
1
28
87
20
39
63
3
65
71
37
40
16
8
92
67
69
52
92
86
13
36
46
57
87
14
85
70
73
44
55
74
33
7
96
21
24
38
43
88
40
4
55
47
69
73
70
75
26
86
52
50
20
18
1
70
51
30
88
6
5
29
20
24
13
11
81
58
91
19
72
27
91
35
21
55
62
22
24
12
7
60
84
15
80
30
30
93
86
74
80
39
58
72
32
58
84
12
30
16
100
2
25
91
72
1
5
36
22
51
88
50
18
53
35
36
34
37
95
98
73
6
70
78
69
30
95
25
81
21
14
15
57
66
49
89
55
32
76
79
39
45
82
48
96
63
86
31
23
53
58
51
51
87
33
17
40
42
63
1
73
42
71
100
69
23
86
17
99
48
13
18
82
80
43
18
10
36
34
41
45
97
99
95
59
28
14
21
86
30
71
42
21
16
12
73
31
22
88
39
68
10
6
23
82
84
13
97
23
68
87
47
69
42
55
11
87
48
65
83
6
27
41
45
10
5
49
66
13
55
94
13
93
98
69
91
59
67
13
21
32
46
86
11
38
86
87
3
96
25
59
88
27
100
19
51
42
95
31
93
3
57
46
91
89
64
73
49
15
78
10
53
8
35
60
1
23
46
42
26
42
13
33
57
81
17
15
74
43
23
50
10
56
32
49
67
55
52
85
73
1
6
10
79
58
2
8
51
89
83
91
14
67
51
28
48
100
48
97
90
47
91
34
48
98
44
27
91
25
29
44
67
18
5
92
32
61
67
9
15
32
43
3
86
46
2
88
5
79
46
79
3
27
61
48
58
93
9
17
96
2
77
94
43
66
94
56
53
74
96
8
43
86
49
44
51
39
96
88
32
21
26
3
11
34
23
30
53
16
35
11
21
79
6
21
77
83
55
58
42
12
54
89
17
20
45
14
90
58
7
98
53
98
12
15
89
87
41
16
69
25
70
70
48
67
87
2
54
39
41
93
31
43
46
30
56
2
63
83
60
46
97
71
13
33
54
87
50
90
13
73
26
48
10
86
37
56
16
61
15
44
10
91
25
81
85
23
84
7
21
92
35
15
23
80
4
56
1
87
46
23
31
79
11
64
6
45
1
82
65
93
48
93
62
27
46
68
90
96
96
25
60
85
90
83
65
44
52
20
56
79
36
47
15
24
45
20
39
22
69
84
27
95
2
32
72
11
31
37
13
31
44
46
54
42
79
66
96
93
79
95
82
34
74
95
40
88
86
84
87
34
29
32
81
6
23
16
71
73
51
18
15
29
70
54
70
74
53
43
16
47
86
88
7
83
8
78
48
72
41
41
25
89
99
83
35
33
38
26
28
4
82
63
59
31
42
3
4
47
72
69
25
87
99
85
3
2
72
93
79
76
67
77
67
98
39
8
19
34
31
74
42
13
31
38
94
45
35
46
9
72
54
51
44
83
7
81
90
46
20
64
96
21
3
92
37
82
75
89
30
93
92
62
31
44
66
64
58
30
25
74
38
57
67
18
43
64
29
83
53
49
38
71
30
92
82
95
34
36
84
88
58
59
54
99
5
88
1
70
4
44
96
59
19
89
60
19
19
38
92
81
69
14
28
80
42
20
84
80
60
31
86
36
3
32
71
85
28
46
84
47
100
47
96
28
51
46
2
6
99
58
80
9
98
27
67
98
19
72
46
70
31
90
48
43
58
19
26
59
23
65
91
32
15
50
58
30
68
5
81
27
26
95
55
2
17
47
58
70
83
34
37
63
33
45
16
36
24
24
89
8
54
64
45
23
77
23
76
89
13
42
21
34
49
36
76
19
52
67
18
15
67
70
17
58
48
85
94
56
84
40
9
32
63
24
98
55
45
27
70
89
51
27
97
67
52
14
88
45
52
20
98
39
3
31
75
33
55
14
30
68
28
52
26
30
28
40
13
17
89
12
99
22
69
12
20
48
87
79
16
4
3
69
91
52
11
34
57
99
1
20
11
15
44
8
44
13
61
63
27
79
6
35
2
35
81
80
73
77
95
99
62
50
70
7
47
60
89
64
88
77
35
26
69
73
83
26
26
60
93
78
19
75
94
58
79
60
5
73
76
35
56
86
18
35
89
41
41
75
24
30
97
75
52
73
90
75
61
97
97
55
61
88
100
31
30
65
47
73
2
23
7
36
4
71
64
67
3
29
64
36
45
99
22
63
13
70
69
79
16
92
13
55
98
78
75
86
13
69
87
95
41
33
86
37
93
92
62
87
58
21
90
16
17
36
100
69
18
27
28
53
13
93
31
14
36
34
16
68
19
71
96
8
39
7
17
94
96
25
89
41
37
26
40
32
21
69
91
39
20
24
78
23
81
87
27
75
45
70
45
41
1
73
65
76
36
63
48
76
13
55
75
4
97
16
98
49
57
98
65
43
62
98
25
12
41
28
32
27
22
20
92
42
67
63
91
41
31
63
50
42
59
37
42
88
22
35
19
47
68
95
85
63
64
1
1
47
89
76
83
58
2
68
52
41
41
83
8
45
70
2
93
89
80
73
20
48
12
16
24
48
83
43
93
100
37
51
82
43
86
35
45
95
34
53
86
44
38
48
91
88
87
56
72
71
82
47
32
31
29
60
95
97
67
70
86
63
61
4
25
42
35
19
5
50
33
7
65
88
52
93
81
37
48
83
7
12
87
2
2
78
83
65
32
94
96
53
17
66
67
4
90
11
65
51
79
51
37
95
35
97
11
66
75
33
82
63
82
40
5
70
76
20
12
54
69
23
23
69
96
99
84
68
36
13
9
33
52
95
87
6
64
94
33
39
44
93
77
87
37
76
100
10
71
39
43
2
14
43
49
49
87
75
72
31
89
20
46
97
17
93
51
93
32
97
7
9
15
10
82
14
32
45
83
10
13
26
96
44
70
30
12
52
16
21
75
47
9
8
53
94
9
52
79
89
49
43
39
31
72
46
48
12
43
38
37
46
43
62
82
95
96
17
21
62
9
25
94
18
46
78
29
86
43
71
49
14
13
8
46
97
76
44
24
50
91
13
17
44
7
86
62
12
34
48
90
16
49
92
63
49
45
30
40
25
68
41
41
0 162
0 834
0 1336
0 1369
0 1629
1 13
1 934
1 1215
2 552
2 650
2 954
3 743
3 1004
3 1373
3 1443
3 1579
3 1889
4 278
4 715
4 1137
4 1444
4 1549
4 1550
6 1034
7 583
7 668
7 1179
7 1665
8 240
8 764
8 813
8 1221
8 1233
8 1694
9 662
10 1366
11 345
11 439
11 1803
12 716
12 766
13 247
13 1167
13 1829
14 83
14 123
14 1195
14 1247
15 1882
16 86
16 230
16 1012
17 1305
18 1104
19 898
19 1075
19 1203
19 1713
20 779
20 960
20 1646
21 330
21 1337
21 1981
22 1022
22 1865
23 32
25 427
25 867
25 1334
26 308
27 1137
27 1307
27 1561
28 556
29 734
29 1949
30 387
30 400
31 557
31 1194
31 1427
32 503
32 712
32 1911
33 246
33 423
33 601
34 160
34 738
34 806
35 410
35 1129
36 271
36 435
37 743
37 924
37 1179
38 970
38 1331
38 1854
39 381
39 1446
39 1702
40 333
40 362
40 1650
40 1876
41 82
41 139
41 558
41 1246
42 452
42 577
42 1107
43 118
43 1288
43 1373
44 65
44 534
44 1066
44 1155
44 1414
45 736
45 1698
45 1799
45 1838
46 1430
47 100
47 421
48 129
48 155
49 1158
50 508
50 834
50 1153
50 1827
51 181
51 183
51 327
51 1399
52 775
52 1814
53 1347
54 251
55 1581
56 1208
56 1292
57 446
57 1697
57 1973
58 1901
59 176
59 585
59 608
59 622
59 927
61 297
61 763
61 1669
61 1875
62 204
62 384
62 1346
63 1087
63 1272
64 837
64 1437
65 760
65 808
65 881
65 941
65 1468
65 1955
66 792
66 837
66 1438
66 1439
66 1448
67 1066
68 994
68 1349
68 1916
69 862
69 1189
69 1467
70 245
70 931
70 1511
71 294
71 433
71 1598
72 424
72 547
72 861
72 1309
72 1931
73 1269
73 1863
74 845
74 1528
76 433
76 555
76 720
76 971
76 1615
76 1949
77 263
77 388
77 466
77 730
77 1288
77 1489
77 1596
78 1053
80 948
80 1166
80 1815
81 562
81 1147
81 1806
82 929
82 1586
82 1823
82 1960
83 114
83 924
83 1461
83 1881
83 1976
84 822
84 1800
85 386
85 1769
86 914
86 948
86 1908
87 168
87 640
87 1155
89 169
89 549
89 573
89 809
89 820
89 1250
90 123
90 461
90 612
90 843
90 1446
90 1857
91 178
91 397
91 1463
92 393
92 921
93 463
93 883
93 931
94 1025
95 651
95 720
95 1766
96 1282
96 1382
96 1806
97 984
98 1915
99 142
99 328
99 633
99 1372
99 1519
99 1643
99 1674
99 1733
99 1915
101 385
101 409
101 644
101 704
101 1612
102 218
102 221
102 302
102 356
102 494
102 1061
102 1375
103 1239
104 1246
104 1273
104 1459
104 1945
105 1651
106 878
106 1108
107 601
107 894
107 989
107 1048
107 1652
107 1976
108 265
108 606
108 992
108 1189
108 1630
108 1855
108 1865
108 1916
109 143
109 591
109 726
109 1003
109 1048
109 1452
109 1789
109 1957
109 1990
110 474
111 158
111 1597
112 1523
112 1600
112 1608
113 508
113 708
114 304
114 768
115 356
115 1224
115 1297
115 1732
116 235
116 614
116 968
116 1524
116 1967
116 1989
117 1799
117 1869
118 993
118 1725
120 431
120 494
120 1624
121 396
121 507
121 834
121 1447
121 1734
122 429
122 569
122 1004
122 1587
122 1803
122 1948
123 786
123 1134
123 1211
123 1279
123 1715
124 901
124 1967
125 645
125 1428
125 1872
126 222
126 659
126 1088
126 1433
127 931
127 936
127 964
127 1044
128 328
128 776
128 883
128 1677
128 1718
128 1830
130 639
130 1891
130 1922
131 1807
132 683
132 777
132 896
132 1034
133 617
133 1316
133 1568
133 1597
133 1604
134 523
134 1207
135 592
135 1130
135 1752
136 1132
136 1196
136 1685
137 1759
138 404
138 593
138 1185
139 404
139 717
139 1342
139 1388
140 794
140 1992
141 354
143 846
143 1562
143 1835
144 1220
144 1842
145 178
145 374
145 406
146 888
147 491
147 578
147 675
147 1069
147 1358
148 893
148 1169
148 1375
148 1435
148 1522
148 1544
148 1590
149 186
149 267
149 320
149 1000
149 1197
149 1435
150 604
150 1541
151 387
151 498
151 1565
152 498
152 1040
152 1129
153 1556
153 1731
154 344
154 594
155 1200
155 1977
156 1001
156 1375
156 1961
157 346
158 202
158 519
158 889
158 1913
159 599
159 770
159 1060
159 1325
159 1329
160 601
160 825
161 1197
161 1864
162 290
162 967
162 1194
162 1450
163 263
163 672
163 1768
164 513
164 1073
164 1370
164 1516
164 1614
165 968
166 252
166 565
166 1126
167 1143
167 1975
168 1101
168 1562
169 816
169 1446
170 707
170 1048
170 1184
171 598
173 630
173 809
173 1241
173 1483
173 1813
174 1144
174 1205
174 1862
175 350
175 1284
176 265
176 412
177 857
177 1760
178 1983
179 289
179 381
179 631
180 1140
181 1949
182 188
182 404
183 635
183 693
183 999
183 1074
183 1663
183 1888
184 1256
184 1430
185 907
185 1027
185 1513
186 1204
187 403
187 932
187 1136
188 1109
188 1791
189 620
190 380
190 876
190 1209
190 1475
190 1649
190 1652
191 398
191 511
191 686
191 1504
192 926
192 1568
192 1744
193 891
194 607
194 749
194 1353
195 809
196 907
196 1470
197 1280
197 1351
198 1550
198 1722
198 1734
198 1850
199 1029
199 1238
199 1393
199 1397
199 1548
199 1773
200 287
201 1232
201 1324
201 1722
202 1299
202 1846
204 905
204 1028
204 1289
204 1316
205 1027
206 289
206 666
206 732
206 1568
209 791
209 1096
209 1418
209 1924
209 1973
210 745
211 448
211 938
211 1691
211 1793
211 1887
212 741
212 1173
212 1178
212 1329
212 1340
213 906
213 1333
213 1967
214 1562
215 354
215 1038
215 1700
216 368
216 740
216 741
216 1671
216 1872
217 808
217 1691
217 1876
218 427
218 972
218 1396
218 1427
218 1801
218 1843
218 1951
219 563
219 801
220 601
220 753
220 1478
221 378
221 1802
223 418
223 1794
224 558
224 576
224 1491
226 746
226 1441
226 1810
227 440
227 1501
227 1853
228 585
228 693
228 1543
229 1545
229 1614
230 775
230 972
230 1271
230 1902
231 718
231 1153
232 617
232 1093
232 1396
233 1208
233 1215
233 1226
234 1010
235 1140
235 1652
235 1737
236 557
236 1640
236 1753
237 294
237 1028
237 1119
237 1967
238 409
238 524
238 1170
238 1394
238 1518
239 473
239 1680
240 259
240 452
240 642
240 1420
240 1696
241 474
241 836
242 1954
243 447
243 530
245 971
245 1947
246 968
247 450
247 1345
247 1755
248 533
248 844
248 1000
248 1288
250 964
250 1661
251 376
251 1467
251 1775
252 1374
253 1701
253 1848
253 1874
254 292
255 996
255 1537
255 1736
255 1989
256 573
257 485
258 485
258 572
258 1360
258 1532
258 1795
259 638
259 653
259 1054
259 1378
260 408
260 1075
260 1136
261 365
261 390
261 637
261 830
261 1053
261 1314
261 1422
261 1785
261 1897
262 694
262 1127
262 1292
263 636
263 957
263 963
264 269
264 949
264 1457
264 1870
265 413
265 923
266 950
266 1082
267 649
267 1044
267 1575
269 481
269 616
269 953
269 1521
269 1889
270 1247
270 1341
270 1363
270 1553
270 1716
271 1048
272 1937
272 1942
273 534
273 1026
273 1485
276 1011
276 1491
277 307
277 1074
277 1886
277 1971
278 922
279 318
279 426
280 726
280 1721
280 1978
282 462
282 1611
282 1655
283 428
283 1499
283 1557
283 1838
284 383
284 674
284 822
284 1436
285 902
285 1802
285 1873
286 406
286 426
286 605
286 912
286 1034
286 1510
287 792
287 1337
287 1594
287 1853
288 739
289 1195
289 1386
290 433
290 894
290 1928
291 522
291 1655
293 447
293 1184
294 600
294 778
294 921
294 1742
294 1966
295 321
295 933
295 1175
295 1693
295 1708
296 1420
296 1446
296 1865
297 640
297 1527
297 1609
298 1173
298 1747
298 1864
299 455
299 577
299 1991
299 1992
300 640
300 744
300 1025
300 1235
301 389
301 553
301 638
301 815
301 1422
301 1440
301 1448
302 1707
303 1144
303 1898
304 494
304 549
304 1358
304 1850
304 1857
306 610
306 1906
307 724
307 1405
308 898
308 959
309 1450
311 815
311 1269
311 1696
312 1324
312 1709
312 1771
313 551
313 603
313 1015
313 1604
314 397
314 467
314 1895
315 1858
317 519
317 735
317 1901
318 1857
319 1967
320 449
320 1147
320 1244
320 1875
320 1955
321 557
321 793
321 1087
322 1374
323 487
323 861
323 1221
324 433
324 859
324 864
324 1033
324 1405
325 506
325 1181
325 1704
326 732
327 619
327 1083
327 1435
327 1669
328 907
328 955
328 1770
328 1775
328 1777
329 675
329 871
329 1556
330 888
331 750
331 1046
331 1105
331 1679
332 1082
332 1164
333 451
333 1204
333 1548
334 670
334 1002
336 848
336 1110
336 1511
337 460
337 741
337 1415
337 1661
337 1877
338 751
338 766
338 871
338 1275
338 1940
339 1363
340 979
340 1125
340 1812
341 1001
341 1227
341 1814
342 702
342 1065
342 1237
343 1582
344 1835
345 603
345 1147
345 1455
346 655
346 686
346 1342
346 1381
347 448
347 464
347 1752
348 909
348 1319
348 1339
348 1467
349 998
349 1877
350 1418
351 411
351 905
351 1329
351 1493
352 1155
352 1157
352 1262
352 1663
352 1722
353 601
353 797
354 740
354 1050
355 391
355 804
355 884
355 911
355 1172
356 451
356 918
356 1745
357 530
358 851
358 980
358 1963
359 868
359 1135
360 494
360 1173
360 1643
361 430
361 1244
361 1707
361 1941
362 918
362 1283
362 1366
362 1449
362 1523
363 812
363 1116
363 1922
363 1960
364 1910
365 562
365 1866
366 589
367 1154
367 1709
368 496
368 1148
369 588
369 706
369 1733
370 1016
370 1622
371 669
371 712
371 831
371 1546
371 1734
371 1919
372 623
372 1677
373 683
373 1153
373 1692
374 808
374 1210
374 1757
375 1188
375 1435
375 1788
376 1696
377 1185
377 1832
378 877
378 1899
379 1046
379 1133
379 1710
380 1399
381 404
381 1222
383 465
383 909
383 1555
385 1076
386 523
386 1247
386 1774
386 1854
387 428
387 1122
387 1284
388 507
388 968
388 1079
388 1206
389 609
389 1609
389 1749
390 691
390 1068
390 1369
390 1709
391 1104
391 1477
392 825
392 1576
392 1577
393 1539
393 1617
393 1715
393 1945
394 1468
394 1709
394 1946
395 1489
396 721
396 1022
396 1203
396 1581
397 1841
398 1065
398 1305
400 941
401 641
401 1115
401 1449
402 1237
403 937
403 1216
403 1710
404 1393
404 1667
404 1950
405 414
405 584
405 1361
406 1887
407 900
407 1746
408 637
408 1650
409 664
409 754
409 1447
409 1931
410 1279
410 1746
410 1838
411 1547
411 1934
412 1159
412 1520
414 1251
414 1376
414 1398
414 1453
415 872
415 1269
416 689
416 1059
416 1201
416 1399
417 832
417 994
417 1326
417 1964
418 480
418 1536
418 1675
418 1678
418 1855
419 477
420 1006
420 1437
420 1923
421 936
422 551
422 1681
423 1449
423 1830
424 616
424 1100
424 1223
425 1215
425 1403
425 1729
426 868
427 863
427 1359
427 1645
428 1394
428 1686
428 1949
429 522
429 779
429 1493
429 1608
430 1079
430 1088
430 1215
430 1327
431 467
431 1605
432 1584
433 1369
433 1498
433 1661
434 523
434 576
434 1312
434 1376
434 1762
437 538
437 832
437 1070
438 699
439 1396
439 1593
439 1860
440 490
440 1108
440 1184
440 1250
440 1959
441 446
441 537
441 699
441 1351
441 1504
442 1055
442 1375
442 1561
442 1934
444 449
444 571
444 928
444 1376
445 1021
445 1091
445 1746
445 1935
448 1625
449 818
449 1641
450 1065
451 938
451 1529
451 1671
452 672
452 1048
452 1454
453 1380
454 812
454 986
454 1024
456 1829
456 1903
457 1152
457 1529
458 722
458 877
459 1501
459 1687
459 1832
459 1944
460 499
460 604
460 719
461 1252
461 1539
462 977
463 702
463 868
463 1757
463 1823
464 557
464 1170
465 1343
465 1394
465 1402
465 1625
466 1324
467 616
467 628
467 997
468 668
468 862
468 1267
468 1869
468 1892
468 1958
470 898
471 1400
471 1518
471 1986
472 508
472 926
472 1361
472 1412
473 1423
473 1868
474 858
474 1927
475 1547
475 1588
475 1625
477 841
477 1003
478 878
479 1898
479 1930
480 1239
480 1659
480 1710
482 986
483 1415
483 1535
484 841
484 1295
484 1406
484 1821
485 1197
486 693
486 898
486 905
486 920
487 795
487 827
488 697
488 1640
490 825
491 778
491 1170
491 1601
492 607
492 1706
492 1715
492 1942
493 1376
493 1439
493 1681
493 1685
494 522
494 1678
494 1813
495 648
495 1164
495 1475
496 1656
497 1649
497 1760
497 1833
497 1931
498 617
498 1549
499 831
499 952
499 963
499 1083
501 1110
501 1170
501 1204
501 1270
504 791
504 904
504 1307
504 1629
504 1835
504 1930
504 1987
505 1064
505 1501
506 962
506 1576
507 1175
507 1572
508 580
508 812
508 1147
508 1366
508 1682
509 551
509 692
509 860
509 1470
510 670
510 1028
512 715
512 869
512 1037
512 1411
512 1469
513 814
513 1267
513 1917
514 728
514 946
514 972
514 1310
515 1652
516 536
516 833
517 932
517 1974
518 748
518 1754
519 724
519 1182
520 979
520 1995
521 980
521 1319
521 1459
522 848
523 594
523 1451
524 557
524 575
524 1193
524 1894
525 620
526 1827
528 1714
529 1037
529 1799
529 1972
530 1605
530 1873
531 1280
531 1597
531 1712
531 1850
532 854
532 1689
533 1387
533 1820
534 1553
534 1555
535 1122
536 940
537 1235
537 1599
538 696
539 1753
540 847
540 1167
541 1015
541 1043
542 1270
543 910
543 1111
543 1435
544 982
544 1030
544 1658
545 625
545 1232
546 847
546 1286
546 1435
546 1852
547 589
548 1125
549 676
549 750
549 1158
550 843
550 1298
551 1144
552 1945
553 650
553 1010
553 1815
554 1271
554 1568
554 1719
555 761
555 865
555 1415
556 1253
557 1084
557 1102
559 1124
561 1072
561 1888
562 1330
562 1351
563 1162
563 1365
563 1646
564 918
565 747
565 835
565 1057
565 1586
566 796
566 1288
566 1428
566 1974
566 1998
568 921
569 940
571 1162
571 1768
571 1931
573 977
573 1841
574 609
574 1136
574 1388
575 1473
575 1610
575 1802
575 1977
576 996
576 1068
576 1346
576 1790
577 595
577 1061
577 1344
577 1571
578 1174
578 1270
579 723
579 1348
579 1401
579 1730
581 889
581 1213
581 1978
582 1194
582 1526
583 1055
583 1123
584 744
584 871
584 1938
585 782
585 817
585 937
586 1141
586 1887
587 1325
588 609
588 779
588 861
588 1020
588 1590
588 1853
589 1366
590 1364
590 1574
591 1165
591 1493
591 1605
591 1917
593 1400
594 891
594 1042
594 1671
596 782
596 1663
596 1689
597 1599
597 1857
598 673
598 834
598 1441
598 1872
599 859
600 949
600 1426
601 1247
601 1912
602 1545
603 1319
603 1967
604 1881
605 768
605 1309
606 1189
607 918
607 1129
607 1590
607 1891
608 1387
610 1021
610 1338
610 1596
610 1620
611 1522
612 1468
613 754
613 1447
613 1650
614 1557
614 1570
614 1791
614 1838
615 948
616 805
616 1152
616 1290
617 1509
617 1693
618 740
618 1402
619 753
619 1085
620 1643
621 908
622 1115
623 1202
623 1548
624 914
625 833
626 1475
627 715
627 961
627 1080
628 835
628 1633
629 851
631 1687
631 1926
632 938
632 1782
632 1803
633 832
633 869
633 878
633 1341
634 862
635 1501
635 1578
635 1890
637 1375
638 891
639 871
639 1614
639 1680
640 830
640 1725
640 1827
642 659
642 1367
643 1018
643 1476
643 1665
644 1739
644 1969
645 1549
645 1550
646 864
647 1009
647 1321
648 740
648 786
648 1330
648 1427
648 1660
648 1756
649 1579
651 735
651 1300
651 1734
652 1382
653 1037
653 1736
653 1762
653 1807
654 1594
654 1788
655 1727
656 841
656 1487
657 1710
658 904
658 956
658 1609
659 1537
659 1914
660 1179
660 1992
662 1378
663 1808
664 678
664 992
665 1028
666 1017
666 1076
666 1764
667 1676
669 936
669 1591
670 1192
670 1899
671 1400
671 1731
672 752
672 1078
673 1386
673 1495
673 1712
674 1292
674 1462
674 1557
674 1585
674 1644
674 1783
674 1830
674 1990
675 1111
675 1152
677 1794
678 1359
678 1694
679 964
679 1983
680 731
680 841
680 857
681 1416
681 1968
682 1904
683 1010
683 1251
683 1399
684 816
684 862
684 912
685 1259
685 1871
687 1262
687 1984
688 1076
689 690
689 1537
690 1111
690 1375
691 710
691 786
691 1105
692 1543
692 1774
693 769
693 1496
693 1819
694 1111
694 1833
695 722
695 855
695 1997
698 817
698 1060
698 1478
698 1591
699 806
700 832
700 843
702 938
703 1263
704 905
705 1587
705 1918
705 1937
706 1399
707 932
707 963
707 1409
707 1725
708 988
708 1168
708 1407
708 1455
709 712
709 1143
709 1356
710 1160
710 1176
710 1770
710 1985
712 812
712 1060
712 1223
712 1526
713 1303
713 1589
713 1750
714 1033
715 820
715 882
716 957
716 1680
717 1145
717 1345
717 1736
718 821
718 1880
719 859
719 1601
720 1902
720 1968
721 1176
721 1407
721 1770
722 739
722 1365
722 1963
722 1966
723 1298
723 1785
724 1142
724 1305
724 1850
725 1766
726 1911
727 1561
728 739
728 1390
728 1841
728 1852
729 759
731 1161
731 1225
731 1368
731 1774
732 1445
732 1702
733 1115
733 1736
734 789
734 824
734 1563
735 1224
736 867
736 1761
737 1270
737 1588
737 1722
738 1414
738 1845
739 873
739 1139
739 1613
741 1303
741 1545
742 802
742 1037
742 1079
742 1480
742 1756
743 957
744 1236
744 1670
744 1886
746 1317
746 1963
747 874
747 1414
747 1760
750 797
750 1214
750 1482
751 801
751 1105
751 1588
752 1261
753 1558
753 1855
754 896
754 1199
754 1200
755 1212
755 1507
755 1542
755 1613
756 844
756 1076
758 1192
758 1621
758 1657
759 1707
760 1368
761 865
761 1636
761 1871
762 1090
762 1431
762 1676
763 1491
763 1914
764 788
764 1067
764 1496
765 1838
766 1459
766 1623
767 928
767 1021
767 1169
767 1746
768 1146
768 1863
769 1983
770 873
770 1939
772 1138
772 1442
773 1104
774 1560
775 787
775 1549
776 971
776 1245
777 794
777 1066
778 1471
778 1483
778 1544
779 1322
779 1508
779 1592
780 802
780 1437
782 924
782 1439
783 1579
783 1930
784 882
784 1199
784 1447
786 1201
786 1352
787 1230
787 1590
787 1644
788 1448
789 1393
789 1401
789 1461
790 1028
790 1366
791 1950
793 845
793 1140
794 1808
796 1590
796 1906
797 901
797 1792
797 1827
797 1908
798 1416
801 1229
801 1441
801 1728
802 1921
803 827
803 1334
803 1592
803 1942
805 1524
806 1467
806 1982
807 1067
808 872
808 1104
808 1462
809 1366
810 1241
811 859
812 897
812 1433
813 903
813 1456
814 964
814 1364
814 1504
814 1633
814 1875
815 998
815 1809
816 993
816 1061
816 1243
816 1726
816 1806
817 1596
818 1931
819 1087
820 956
820 1218
821 1192
821 1701
821 1946
823 910
823 1200
823 1309
823 1832
824 1307
824 1411
824 1689
824 1715
825 1000
825 1084
825 1303
826 1250
826 1931
828 1076
828 1765
829 945
829 1696
830 837
830 1951
831 1105
832 924
832 1529
833 1371
833 1738
833 1830
834 1906
835 1506
835 1707
836 949
838 1180
838 1594
839 898
839 1529
840 1132
840 1166
841 1389
841 1507
843 1193
843 1901
844 1820
845 1392
845 1621
845 1706
846 1586
847 1185
847 1639
848 1461
849 1553
849 1585
849 1650
850 1660
851 1322
852 1043
852 1254
853 1083
853 1205
853 1405
853 1687
854 1287
854 1404
855 1647
855 1659
855 1784
856 927
856 1108
856 1267
857 1375
857 1463
858 1316
860 1441
860 1549
860 1814
860 1996
861 1064
861 1782
862 959
863 1226
863 1282
864 891
864 1032
866 974
866 1679
867 1015
868 1404
868 1564
869 1442
870 1284
870 1610
871 1068
871 1630
872 1487
873 1171
873 1315
873 1341
873 1358
873 1443
873 1672
875 1117
875 1714
875 1746
876 1082
877 1137
877 1483
878 1034
878 1472
879 893
879 1127
879 1820
880 944
880 1009
881 1623
881 1823
882 1398
882 1585
883 989
883 1390
883 1447
884 1246
886 1541
886 1715
887 1056
887 1075
888 1145
888 1338
888 1584
888 1924
889 1101
889 1730
889 1924
890 1011
890 1717
891 1002
891 1141
891 1730
893 1097
893 1143
893 1544
894 1391
895 1085
895 1555
895 1586
895 1620
896 955
896 1971
897 991
897 1517
897 1734
900 1300
900 1716
902 1159
903 1479
903 1545
904 1353
904 1697
904 1917
905 1413
905 1444
905 1998
906 993
906 1013
906 1595
906 1810
908 1849
909 1095
909 1800
910 1567
911 1060
911 1062
912 1220
913 1058
913 1348
914 1354
915 1047
915 1643
915 1761
916 1200
917 1532
917 1606
917 1866
918 1161
918 1248
918 1302
918 1374
919 1349
920 1813
921 1946
922 1166
922 1246
922 1254
922 1781
922 1867
922 1983
923 1559
923 1653
924 1014
925 1612
926 1238
927 1165
928 1339
928 1375
930 1287
930 1684
930 1774
931 1548
932 1092
932 1179
933 1067
933 1631
934 1044
934 1820
935 1486
937 1011
937 1233
937 1873
938 1109
941 1202
944 1480
944 1654
945 1305
945 1403
945 1411
945 1442
945 1467
946 989
946 1191
946 1648
946 1711
947 1533
948 1929
949 1286
950 1505
950 1685
950 1893
952 1201
952 1351
953 1150
954 1264
954 1859
956 1019
956 1042
956 1219
956 1876
957 1792
958 1042
958 1065
958 1127
958 1237
958 1465
958 1473
960 1595
960 1658
960 1922
960 1926
961 981
961 1371
961 1478
961 1882
962 1777
962 1940
963 1470
964 1853
966 1874
967 1226
967 1362
969 1195
969 1714
969 1907
970 1156
970 1929
970 1953
971 1320
971 1346
973 1525
975 1028
975 1060
975 1192
975 1434
977 1659
980 1205
980 1420
980 1739
980 1741
983 1478
984 1084
984 1230
985 1252
985 1369
985 1825
986 1213
987 1016
987 1200
988 1307
988 1382
988 1589
989 1583
989 1587
989 1739
990 1230
990 1468
990 1674
991 1804
992 1007
992 1083
993 1058
993 1722
993 1959
994 1442
994 1802
997 1362
998 1326
998 1884
998 1915
999 1008
999 1016
1001 1878
1001 1910
1002 1322
1002 1632
1002 1844
1003 1579
1004 1707
1004 1842
1006 1067
1008 1584
1008 1822
1010 1082
1011 1066
1012 1072
1012 1540
1013 1326
1013 1416
1013 1944
1016 1215
1016 1430
1016 1593
1021 1892
1022 1801
1023 1697
1024 1852
1025 1318
1026 1124
1028 1363
1029 1495
1029 1965
1030 1033
1030 1614
1030 1794
1031 1223
1031 1278
1032 1455
1032 1494
1033 1365
1033 1421
1033 1672
1033 1861
1034 1272
1035 1556
1035 1676
1035 1806
1036 1306
1037 1430
1037 1628
1038 1638
1038 1787
1039 1087
1039 1481
1040 1192
1040 1574
1040 1949
1041 1264
1041 1288
1042 1075
1042 1224
1043 1163
1043 1573
1043 1827
1044 1647
1045 1131
1045 1424
1046 1339
1046 1894
1047 1470
1047 1759
1049 1190
1050 1444
1050 1549
1050 1605
1051 1440
1052 1368
1053 1352
1053 1400
1054 1153
1056 1828
1057 1419
1059 1163
1059 1345
1059 1379
1060 1225
1061 1292
1062 1343
1063 1240
1063 1785
1063 1824
1063 1983
1064 1700
1065 1740
1066 1220
1067 1279
1068 1338
1068 1742
1069 1713
1070 1373
1070 1449
1071 1509
1072 1332
1072 1566
1072 1725
1073 1336
1073 1432
1074 1893
1075 1559
1076 1573
1078 1317
1079 1910
1080 1423
1080 1450
1080 1882
1080 1955
1082 1416
1082 1569
1083 1146
1083 1231
1086 1511
1087 1115
1087 1259
1088 1738
1090 1511
1091 1326
1091 1721
1092 1719
1094 1914
1095 1363
1096 1347
1096 1600
1096 1711
1097 1445
1097 1455
1098 1682
1099 1701
1099 1796
1099 1881
1102 1618
1103 1991
1104 1438
1104 1440
1104 1445
1105 1309
1105 1693
1105 1894
1106 1357
1106 1396
1107 1638
1107 1932
1107 1934
1109 1383
1109 1894
1111 1198
1112 1207
1113 1194
1113 1655
1114 1993
1116 1228
1116 1299
1116 1310
1116 1790
1118 1798
1119 1799
1123 1137
1123 1355
1123 1461
1123 1951
1125 1306
1125 1455
1126 1162
1126 1239
1126 1604
1127 1749
1129 1577
1130 1700
1130 1997
1132 1783
1133 1355
1134 1718
1135 1829
1136 1184
1136 1795
1137 1323
1138 1365
1138 1379
1139 1312
1139 1811
1140 1304
1140 1817
1141 1798
1145 1397
1145 1514
1146 1284
1146 1337
1146 1868
1146 1966
1148 1267
1149 1161
1149 1338
1149 1657
1150 1596
1150 1742
1152 1252
1152 1414
1154 1415
1155 1491
1156 1165
1158 1298
1161 1747
1162 1343
1166 1514
1166 1717
1167 1686
1168 1453
1169 1446
1169 1486
1170 1426
1170 1742
1171 1190
1172 1206
1173 1742
1175 1314
1176 1844
1179 1787
1180 1784
1182 1409
1182 1908
1183 1687
1184 1266
1184 1725
1186 1199
1186 1253
1188 1254
1188 1626
1189 1447
1191 1751
1192 1424
1192 1682
1192 1937
1193 1234
1193 1322
1193 1497
1193 1590
1193 1798
1194 1511
1194 1667
1198 1275
1198 1626
1198 1843
1200 1493
1201 1589
1201 1785
1202 1353
1205 1234
1207 1864
1209 1741
1209 1834
1210 1764
1212 1640
1213 1533
1213 1545
1214 1599
1215 1633
1218 1327
1219 1730
1221 1473
1222 1405
1223 1431
1224 1704
1224 1811
1224 1907
1225 1409
1226 1843
1227 1578
1228 1256
1228 1691
1228 1901
1231 1633
1231 1753
1232 1698
1232 1770
1232 1816
1234 1496
1234 1750
1235 1930
1237 1990
1238 1293
1238 1486
1238 1850
1239 1330
1239 1343
1240 1408
1243 1310
1243 1584
1245 1867
1247 1980
1248 1262
1249 1464
1249 1878
1250 1263
1250 1560
1250 1586
1250 1797
1251 1413
1251 1491
1251 1494
1252 1469
1253 1466
1256 1853
1257 1792
1257 1809
1258 1588
1259 1551
1259 1781
1259 1800
1259 1890
1262 1510
1263 1280
1263 1656
1264 1491
1265 1281
1265 1303
1266 1865
1267 1499
1268 1373
1268 1601
1270 1542
1270 1605
1271 1457
1272 1617
1272 1762
1273 1381
1275 1444
1275 1808
1275 1988
1276 1353
1278 1813
1279 1522
1281 1653
1282 1555
1282 1673
1285 1624
1286 1792
1287 1346
1287 1746
1289 1902
1289 1964
1290 1763
1291 1394
1291 1915
1292 1429
1293 1496
1293 1570
1294 1754
1295 1558
1296 1999
1299 1675
1300 1675
1300 1785
1301 1941
1302 1375
1303 1307
1303 1512
1303 1842
1305 1308
1305 1485
1306 1492
1306 1564
1306 1957
1307 1780
1309 1423
1309 1860
1312 1969
1313 1928
1314 1508
1314 1637
1317 1554
1321 1810
1321 1926
1323 1634
1323 1929
1330 1523
1330 1769
1331 1453
1332 1618
1334 1444
1334 1719
1334 1821
1334 1830
1337 1539
1339 1346
1339 1652
1340 1593
1341 1433
1342 1491
1342 1748
1343 1464
1343 1503
1343 1904
1346 1513
1347 1813
1348 1583
1352 1712
1353 1555
1353 1684
1353 1884
1354 1516
1355 1383
1355 1625
1355 1727
1355 1731
1356 1591
1358 1563
1359 1719
1361 1928
1363 1808
1363 1962
1365 1420
1365 1509
1367 1500
1367 1581
1367 1584
1367 1845
1369 1653
1370 1447
1373 1632
1373 1667
1373 1978
1374 1651
1376 1978
1377 1673
1380 1422
1380 1444
1381 1542
1384 1898
1386 1932
1389 1938
1392 1455
1392 1473
1392 1516
1392 1535
1392 1722
1393 1570
1393 1952
1395 1514
1396 1569
1396 1799
1401 1586
1401 1789
1402 1887
1402 1962
1403 1782
1404 1473
1404 1615
1408 1606
1409 1665
1410 1509
1410 1859
1411 1464
1413 1968
1415 1565
1415 1911
1416 1868
1417 1936
1420 1895
1421 1462
1421 1826
1421 1836
1421 1950
1422 1628
1422 1974
1423 1684
1423 1817
1425 1859
1426 1727
1428 1613
1429 1887
1430 1853
1432 1760
1434 1717
1434 1736
1435 1717
1435 1751
1437 1890
1437 1913
1438 1900
1439 1485
1440 1607
1440 1805
1441 1734
1442 1469
1442 1841
1442 1864
1443 1766
1444 1802
1445 1674
1445 1823
1447 1489
1448 1540
1450 1579
1450 1995
1451 1651
1452 1953
1453 1662
1453 1731
1454 1762
1454 1894
1455 1545
1458 1857
1458 1861
1459 1913
1461 1940
1462 1818
1468 1842
1473 1675
1474 1580
1475 1876
1478 1538
1479 1497
1479 1884
1480 1533
1481 1656
1483 1974
1486 1823
1488 1631
1488 1861
1488 1999
1494 1587
1494 1667
1494 1792
1495 1789
1496 1859
1496 1923
1500 1772
1500 1777
1501 1907
1505 1934
1507 1632
1507 1936
1508 1856
1509 1582
1509 1643
1509 1877
1512 1588
1513 1590
1515 1939
1518 1557
1518 1884
1519 1756
1520 1914
1521 1848
1522 1553
1522 1792
1524 1572
1524 1755
1525 1790
1526 1921
1532 1684
1532 1887
1533 1757
1534 1998
1535 1884
1539 1788
1543 1616
1544 1907
1545 1584
1545 1973
1547 1780
1552 1814
1552 1821
1552 1947
1553 1695
1554 1660
1554 1855
1554 1967
1555 1806
1557 1686
1557 1723
1558 1646
1558 1924
1559 1788
1560 1596
1564 1895
1566 1646
1566 1679
1568 1597
1569 1662
1572 1631
1574 1611
1575 1806
1576 1939
1577 1614
1577 1982
1581 1627
1581 1640
1583 1810
1585 1618
1585 1964
1594 1670
1596 1931
1600 1663
1600 1920
1601 1874
1603 1962
1606 1656
1608 1807
1609 1809
1610 1631
1612 1639
1614 1683
1614 1772
1614 1843
1615 1719
1619 1997
1620 1730
1621 1659
1622 1739
1622 1875
1623 1719
1624 1840
1629 1686
1632 1847
1634 1710
1637 1994
1638 1924
1639 1855
1643 1923
1647 1711
1647 1767
1647 1923
1648 1884
1651 1730
1651 1746
1652 1873
1653 1870
1654 1960
1661 1684
1663 1903
1668 1808
1671 1713
1672 1725
1674 1718
1674 1893
1675 1718
1676 1900
1679 1689
1679 1773
1684 1776
1686 1695
1686 1765
1687 1801
1690 1978
1696 1760
1697 1905
1702 1807
1707 1899
1711 1962
1713 1933
1714 1715
1721 1801
1724 1911
1732 1892
1735 1773
1736 1789
1740 1839
1741 1835
1741 1899
1743 1843
1743 1993
1744 1796
1747 1941
1753 1822
1765 1981
1766 1823
1768 1990
1769 1913
1774 1840
1778 1982
1786 1819
1788 1866
1790 1798
1790 1960
1797 1837
1799 1894
1802 1925
1805 1849
1813 1906
1815 1930
1822 1849
1835 1842
1835 1902
1836 1957
1838 1880
1847 1894
1850 1891
1853 1947
1854 1949
1856 1875
1858 1988
1859 1863
1863 1956
1864 1869
1864 1974
1865 1913
1867 1919
1867 1933
1868 1903
1868 1930
1869 1906
1869 1915
1869 1989
1873 1893
1881 1920
1886 1971
1892 1917
1894 1906
1904 1938
1920 1922
1924 1947
1949 1958
1958 1969
1967 1984
