2000 3007
20
43
13
19
26
86
64
51
64
37
10
13
87
7
1
100
27
42
53
43
66
44
27
89
14
64
50
45
72
48
6
85
56
57
62
44
35
81
28
58
15
59
20
11
41
27
9
35
25
5
39
39
28
98
55
21
100
2
35
80
9
65
53
67
60
59
66
79
23
1
75
43
29
64
53
27
15
85
6
13
21
25
40
95
69
32
61
42
10
80
82
40
85
55
92
38
77
5
90
61
90
13
58
31
42
34
66
10
49
31
46
28
31
94
25
84
19
43
27
75
50
95
29
21
76
74
91
96
37
53
92
93
25
31
56
24
17
13
20
69
42
21
50
62
91
15
34
28
64
39
37
98
69
23
80
27
36
23
37
38
8
70
86
87
87
38
36
92
94
100
9
54
53
63
84
79
7
12
85
9
21
28
74
75
70
45
3
68
56
98
22
95
29
28
40
52
74
41
85
50
79
51
64
85
28
4
9
96
76
4
84
23
22
82
85
13
15
39
27
17
100
61
16
24
24
78
60
85
59
15
65
73
50
13
1
48
75
93
89
17
42
60
64
84
62
13
56
57
87
58
11
67
85
21
59
74
12
53
22
21
77
31
81
5
34
57
55
91
51
47
72
4
4
51
74
70
77
41
87
50
41
20
19
14
18
46
69
75
95
54
60
42
81
11
74
60
4
1
76
70
45
44
49
23
74
65
83
53
86
57
66
13
8
3
61
59
45
15
40
46
69
39
90
89
21
89
13
59
1
54
64
32
28
48
90
14
65
35
80
90
53
57
37
69
6
96
6
26
40
49
3
90
11
61
90
81
43
97
40
83
38
83
83
59
1
70
54
26
11
78
43
1
55
43
38
23
84
43
15
69
22
9
32
70
17
78
63
4
34
78
68
93
24
37
21
24
74
100
76
44
50
18
91
35
21
4
22
63
50
49
13
96
50
50
25
47
94
46
72
72
92
30
45
21
50
76
57
98
59
21
78
19
29
2
39
42
88
5
90
47
92
83
38
23
24
6
94
21
29
56
76
90
81
96
68
22
48
74
14
55
91
73
23
17
24
69
10
95
13
67
95
19
64
55
91
39
36
77
2
74
64
50
78
72
98
8
85
85
40
31
62
84
87
29
64
56
2
84
89
66
65
11
53
29
94
79
90
68
37
43
21
72
58
1
100
52
50
46
27
63
34
85
3
23
74
100
39
18
59
40
67
1
59
35
38
3
25
68
33
99
57
34
77
49
4
71
11
2
50
38
2
96
99
73
59
98
34
54
86
60
3
51
56
27
82
56
6
47
78
10
49
35
59
38
8
56
49
18
73
28
46
10
97
63
27
12
68
12
80
34
7
92
30
36
47
86
5
31
46
94
17
98
51
77
75
54
84
31
26
58
59
33
44
17
80
59
84
70
92
97
4
65
32
94
34
80
81
70
39
98
13
9
33
62
45
35
48
58
67
40
96
59
12
75
75
68
38
93
91
53
37
41
99
17
90
11
8
78
49
15
16
5
41
56
42
53
34
85
62
78
5
61
34
3
57
1
15
27
1
50
24
73
25
18
78
60
36
60
28
44
78
36
50
16
91
64
84
36
21
94
66
56
74
98
81
42
92
64
1
64
42
50
69
76
2
74
89
94
65
79
95
60
79
38
53
66
69
77
13
62
60
54
93
66
42
17
79
47
58
10
100
76
78
22
45
5
49
47
27
56
2
82
97
84
3
15
87
12
93
82
93
72
13
62
1
34
22
72
40
41
74
35
64
64
30
37
32
5
20
76
10
96
59
95
7
1
66
25
5
45
73
25
37
56
11
81
82
88
18
44
71
3
73
100
65
51
36
33
86
73
54
86
20
88
3
39
36
97
78
92
51
42
46
4
36
15
85
78
36
25
6
71
66
70
1
2
50
31
87
34
57
37
8
5
51
32
54
28
72
48
65
17
23
8
88
67
84
22
18
35
15
35
53
100
57
39
21
10
33
9
23
21
10
72
56
97
15
100
73
76
76
43
29
54
62
62
22
68
26
21
20
70
56
12
3
87
98
39
74
80
41
96
46
87
20
14
73
94
39
69
34
18
44
87
73
36
13
74
67
25
34
41
17
17
66
7
12
61
50
19
64
53
16
35
9
47
38
84
71
92
25
95
15
7
39
62
67
48
47
16
21
83
95
55
80
36
42
61
19
55
83
9
82
94
99
11
90
8
41
35
77
84
27
54
91
97
66
26
63
54
93
84
72
27
52
10
33
3
34
77
76
28
8
69
53
62
100
40
11
43
42
32
63
68
34
5
93
47
22
15
7
76
39
16
93
35
77
61
99
53
2
32
9
77
97
24
69
41
25
81
42
3
40
12
54
71
16
89
18
86
100
34
46
90
93
94
55
29
18
44
31
72
58
89
75
12
26
87
17
69
90
40
81
86
2
94
62
29
35
96
98
17
41
94
28
21
18
13
95
14
17
66
70
6
37
6
31
59
91
71
21
70
86
97
89
20
88
62
58
43
53
80
69
1
78
78
70
72
31
19
54
23
91
69
62
29
79
53
85
72
23
47
20
74
85
87
42
9
76
67
85
4
53
1
40
11
77
46
11
100
18
59
82
77
88
1
41
25
46
2
23
5
50
51
57
86
12
53
42
73
99
61
71
27
56
36
58
99
2
4
54
82
29
86
19
40
25
68
72
19
30
55
56
74
72
19
16
18
1
21
37
96
92
17
81
43
65
71
20
65
48
98
37
81
70
4
81
76
38
20
67
70
18
8
88
11
13
66
95
12
78
35
92
36
95
57
19
68
25
12
85
92
31
10
72
6
2
42
98
73
68
26
3
80
54
21
60
92
11
28
62
76
19
87
71
56
69
1
9
88
67
90
64
72
7
98
46
6
51
53
94
61
21
73
22
20
86
51
69
45
79
21
100
26
25
35
52
11
88
79
66
38
15
42
12
7
55
14
66
21
77
63
26
95
32
48
26
29
99
4
23
98
71
35
30
39
35
18
67
76
13
75
59
37
14
78
14
13
51
61
26
54
14
47
39
65
60
48
59
59
4
70
80
60
38
56
71
84
11
8
11
9
96
27
78
56
61
20
56
52
91
90
31
17
51
43
10
58
30
30
99
42
58
62
11
9
69
27
74
57
49
94
16
79
65
43
87
81
88
43
34
31
71
95
55
36
11
49
78
38
91
25
55
77
31
54
34
73
74
80
18
88
86
71
75
89
69
76
26
77
82
75
35
59
32
81
26
34
45
50
48
37
73
66
27
75
26
49
56
28
12
7
46
92
93
63
29
54
66
36
67
17
63
66
40
88
50
35
85
12
65
16
8
92
12
21
17
28
67
39
43
76
36
54
100
41
6
10
36
56
34
15
10
17
22
31
68
13
20
55
85
55
42
56
68
54
62
43
99
25
58
37
53
66
77
82
78
30
73
23
77
75
83
87
72
17
3
47
64
95
92
11
48
5
6
2
64
82
54
83
94
88
23
73
39
83
86
68
48
46
51
48
55
97
67
7
7
58
86
100
21
90
55
68
56
99
53
57
92
73
5
63
50
60
64
51
72
40
32
27
5
78
92
23
22
54
27
25
59
33
78
27
46
84
56
33
91
86
90
70
15
70
74
69
78
23
39
60
40
96
84
92
94
74
31
6
84
80
30
6
91
88
28
79
79
41
70
84
31
17
83
52
36
60
1
78
32
24
78
48
46
89
100
23
92
3
28
43
10
47
28
80
16
90
100
40
34
100
91
33
96
49
54
9
19
75
39
81
2
29
77
40
13
20
7
8
93
67
58
30
37
14
88
54
25
13
96
81
25
72
21
9
40
5
26
89
56
9
31
37
19
11
61
56
36
61
17
40
81
93
18
49
79
6
97
48
57
52
22
68
83
76
36
74
54
12
21
19
67
2
42
7
96
67
91
37
5
88
93
79
66
20
19
1
97
25
29
35
30
74
99
74
4
13
16
59
5
77
44
39
91
25
47
65
10
16
28
1
55
59
29
71
42
76
62
57
42
89
33
6
17
52
14
62
84
22
16
47
72
73
98
24
20
7
84
52
74
71
79
53
82
80
12
18
80
61
27
65
46
20
47
65
76
71
47
10
50
8
100
91
95
75
23
84
56
11
54
40
55
33
58
3
84
91
53
80
95
66
86
70
82
68
65
58
22
62
90
33
94
48
85
23
13
32
79
45
72
24
38
1
90
90
36
49
6
39
36
1
96
73
94
25
2
1
72
44
35
92
49
60
66
75
93
30
93
90
29
84
54
79
66
56
11
62
98
100
84
97
11
15
27
81
78
31
16
29
9
28
56
62
96
25
35
18
99
10
98
76
60
100
29
42
2
31
69
70
81
50
56
39
16
32
32
90
76
19
63
15
21
26
93
75
30
20
95
92
23
72
24
87
95
8
14
87
46
40
80
52
81
48
66
48
37
58
94
61
32
68
76
75
69
67
21
82
11
64
29
20
8
65
25
31
98
84
32
31
47
75
60
96
70
73
24
92
34
27
29
74
63
41
44
98
3
93
2
46
61
55
51
55
0 982
0 1165
1 358
1 689
1 1163
1 1612
2 153
2 872
2 1191
2 1274
2 1920
3 221
3 256
3 1095
3 1508
3 1629
3 1841
3 1935
4 287
4 333
4 1770
5 111
5 248
5 402
5 1369
5 1610
6 697
6 853
6 1579
7 253
7 576
8 795
8 973
8 1499
8 1559
8 1661
9 771
9 1862
10 375
11 1303
11 1655
12 243
12 564
12 618
12 775
13 154
13 302
13 903
13 1947
14 607
14 964
15 509
16 598
16 1473
17 1063
17 1411
18 179
18 779
18 810
18 1269
18 1750
19 201
19 470
19 536
19 1079
19 1081
19 1642
19 1975
21 105
21 309
21 741
22 189
22 490
22 750
22 1732
23 1326
23 1625
23 1831
23 1848
24 490
25 1075
25 1594
25 1894
26 327
26 369
26 1430
26 1912
27 451
27 899
27 1441
27 1700
28 1667
28 1694
30 477
30 549
30 630
31 174
31 1653
31 1992
32 950
32 1533
32 1668
32 1905
33 838
33 1744
34 149
34 653
34 931
34 1370
34 1721
35 162
35 1587
36 384
36 1336
37 755
37 864
38 360
38 623
38 896
39 765
39 985
40 51
40 276
40 318
40 1089
40 1357
40 1469
41 79
41 1093
41 1408
42 1011
42 1041
42 1325
42 1570
42 1845
42 1942
43 51
43 320
43 520
43 958
43 1332
44 707
44 1156
44 1374
45 325
45 786
45 1060
45 1285
45 1591
46 640
46 1157
46 1991
47 122
47 199
47 1044
48 887
48 1429
49 431
49 494
49 1239
49 1433
49 1648
50 156
50 1294
50 1481
50 1729
51 548
52 510
52 703
52 1044
52 1402
52 1778
53 1191
54 1648
55 131
55 910
55 1050
55 1078
57 637
57 696
57 765
57 1251
57 1328
57 1684
58 300
59 871
59 1274
59 1417
59 1877
60 280
60 344
60 584
60 1739
61 481
62 291
62 365
62 1117
63 696
63 1032
63 1064
64 930
64 1410
64 1707
65 148
65 994
65 1372
66 275
66 588
66 885
66 939
66 1750
66 1883
67 796
67 1109
68 1571
68 1616
69 605
69 1332
69 1407
69 1943
70 819
70 1975
71 608
72 1559
72 1925
73 807
73 819
73 824
73 1029
73 1135
73 1257
74 189
74 647
74 873
74 1262
75 100
75 602
75 1588
75 1723
75 1832
76 538
76 1464
76 1611
77 390
77 1276
77 1980
79 271
80 959
81 1330
81 1439
81 1727
82 163
82 1336
84 465
84 649
84 1319
85 381
85 1252
86 1575
87 411
87 1161
87 1271
88 841
88 918
88 1180
89 321
89 647
89 964
89 1540
89 1829
89 1906
90 325
90 1169
90 1765
91 628
91 767
91 1181
92 438
92 538
92 1352
93 499
93 1182
93 1689
94 1145
94 1471
95 108
95 225
95 292
95 604
95 616
95 882
95 1978
96 1019
96 1094
97 384
98 101
98 546
98 1078
98 1604
98 1731
99 854
99 918
99 1055
99 1474
99 1477
99 1488
99 1995
100 632
100 702
100 713
100 1628
102 280
102 911
102 1168
102 1265
102 1397
103 358
103 650
103 1200
105 175
105 261
105 464
105 1025
105 1380
105 1423
105 1481
106 131
107 1256
107 1265
107 1304
108 121
108 608
108 991
108 1142
109 168
109 226
109 997
109 1694
109 1759
109 1987
110 914
110 1835
110 1885
111 152
111 276
111 598
111 1416
112 160
112 1039
112 1328
112 1902
113 203
113 1216
113 1829
114 216
114 930
114 997
114 1199
114 1278
114 1366
115 315
115 1081
115 1191
115 1301
115 1345
115 1380
116 479
116 1252
116 1829
118 330
118 339
118 1268
118 1764
119 464
119 910
119 1267
119 1450
119 1538
120 142
120 335
120 1081
120 1120
120 1530
120 1623
120 1681
121 1403
121 1975
123 252
123 626
123 675
123 830
123 906
123 944
123 1917
124 1246
125 419
125 1863
126 406
126 693
126 1327
126 1597
127 352
127 942
127 1283
127 1952
128 179
128 338
128 675
128 1149
128 1260
129 169
129 389
129 1814
130 608
130 612
130 650
130 1797
131 764
131 861
131 936
131 1164
131 1872
132 666
132 804
132 963
132 1284
133 593
133 677
133 1244
134 462
134 772
134 1410
135 300
135 418
135 1859
136 1381
137 242
137 700
137 865
137 1061
137 1112
137 1164
137 1555
137 1594
138 674
138 1313
139 505
139 597
140 987
140 1064
140 1071
141 1165
142 152
142 770
143 264
143 1894
144 185
144 879
144 1150
144 1462
144 1501
144 1635
144 1821
145 1317
145 1556
147 963
147 968
147 1138
148 442
148 1365
149 246
149 306
150 678
150 697
150 1089
150 1491
150 1673
150 1772
151 1125
151 1233
151 1741
152 588
152 1825
154 254
154 1103
155 530
155 1516
155 1527
156 1426
157 1761
157 1995
158 365
158 631
158 1371
159 865
160 404
160 451
160 766
161 415
161 937
161 1088
161 1539
161 1791
162 164
162 212
162 408
162 814
164 195
164 377
164 1186
164 1714
164 1736
165 886
165 1486
165 1858
166 652
166 657
166 1388
166 1588
167 404
167 929
168 321
168 869
169 876
170 492
171 508
171 662
173 647
173 1304
173 1498
174 454
174 655
175 317
175 469
176 214
176 1366
176 1923
176 1925
178 1273
179 800
179 1057
179 1118
179 1188
179 1307
179 1405
179 1638
180 419
180 836
180 1042
181 347
181 348
181 399
181 621
181 963
181 1119
182 1255
182 1923
183 370
183 879
183 921
184 547
184 958
184 1172
184 1958
185 625
185 1230
186 415
186 560
186 1301
186 1808
187 227
187 554
189 537
189 1571
190 578
190 1352
190 1559
190 1753
190 1796
190 1950
191 303
191 976
191 1561
191 1608
192 618
192 748
193 325
193 1114
193 1439
194 1502
195 1624
196 292
197 408
197 580
197 884
197 903
197 906
197 1020
197 1052
197 1210
198 310
198 671
198 702
198 1033
198 1070
198 1119
198 1183
198 1306
198 1577
198 1688
198 1728
200 1979
201 817
201 1132
201 1466
202 896
202 1917
203 518
203 528
203 1632
204 303
204 701
204 801
204 1561
205 1526
205 1934
206 416
206 1013
209 1397
210 268
211 340
211 839
211 1733
211 1773
212 416
212 446
212 1476
213 520
213 1526
213 1659
214 729
214 1665
214 1896
215 821
216 321
216 1510
216 1732
218 282
218 386
218 814
219 740
219 1293
219 1973
220 1420
220 1430
221 418
221 1843
223 379
223 770
223 1295
223 1336
224 826
224 957
224 973
224 1806
225 1164
226 242
226 437
226 1106
226 1454
226 1489
227 1180
227 1882
228 781
228 1395
230 1881
231 424
232 826
232 1984
233 1479
233 1987
234 757
235 325
235 741
235 892
235 1380
235 1741
236 888
236 1020
236 1288
236 1931
237 778
237 1385
238 339
238 383
238 869
238 1108
239 1167
239 1170
239 1421
239 1941
240 556
240 693
240 992
240 1749
241 1154
242 278
243 618
243 808
243 1248
243 1424
245 789
245 995
245 1532
246 721
246 1659
246 1857
247 494
248 1832
249 527
249 745
249 1688
249 1888
250 535
250 586
250 1223
250 1406
251 509
252 452
252 1475
252 1811
253 537
254 788
254 856
254 1649
255 1679
256 426
256 482
256 1407
256 1447
256 1545
257 951
257 1078
257 1761
258 800
258 1995
259 1351
259 1409
260 358
260 1074
261 297
261 753
261 1145
261 1550
262 908
262 1015
262 1494
263 880
263 1554
263 1983
264 297
264 732
265 281
265 740
265 769
265 1010
265 1508
265 1952
266 299
266 837
267 603
267 693
267 1732
268 1051
268 1304
268 1424
268 1516
269 1542
270 698
270 1470
271 606
271 956
271 1940
272 837
273 278
273 1378
273 1599
274 526
274 538
274 887
274 1204
275 1104
275 1326
275 1519
276 1175
277 897
277 1343
277 1434
277 1478
277 1495
278 876
278 1080
278 1810
279 676
280 775
280 868
280 1091
281 930
281 1816
281 1926
282 630
282 1052
282 1703
283 869
283 1128
283 1168
284 1312
284 1751
284 1833
285 668
285 1922
286 585
287 755
287 887
289 647
289 1325
290 575
290 644
290 1453
290 1490
290 1635
292 336
292 645
292 1170
292 1188
292 1774
293 1026
293 1474
293 1745
293 1796
294 729
294 1606
295 1769
296 743
296 920
296 1382
296 1859
296 1957
297 303
297 720
297 1016
297 1474
297 1645
297 1833
298 1035
298 1237
298 1274
298 1297
298 1650
299 1046
300 365
300 1084
300 1847
301 759
301 1505
302 479
302 1188
303 656
303 900
304 1462
304 1657
304 1712
304 1768
306 544
306 666
306 717
306 1749
306 1788
307 346
307 539
307 1187
308 1328
308 1365
309 525
309 1845
311 360
311 662
311 1707
312 1564
313 901
314 1046
314 1437
315 369
315 566
315 734
316 451
316 626
316 1037
317 1390
317 1658
318 1354
318 1992
319 1210
319 1838
320 969
320 1107
320 1399
321 525
321 1522
322 696
322 1437
323 1506
323 1689
323 1846
324 1800
325 871
326 360
326 1299
326 1309
326 1480
327 783
327 1100
327 1869
329 362
329 455
329 915
329 1450
329 1957
329 1958
330 592
330 1297
330 1999
331 930
331 1511
332 1510
333 726
334 915
334 988
334 1045
334 1865
335 468
335 926
335 1159
335 1487
336 549
336 795
336 1086
337 599
337 1047
338 1394
339 689
339 1140
339 1418
339 1468
340 700
340 1479
341 1047
341 1668
341 1701
342 402
342 1885
343 1442
344 881
345 1030
345 1589
346 1120
346 1335
346 1922
347 386
347 1394
348 530
348 625
348 1505
348 1688
348 1858
348 1977
349 565
350 950
350 1165
350 1976
351 1403
351 1459
352 435
352 1006
354 1037
354 1200
354 1350
355 1678
355 1864
356 920
356 1054
356 1609
357 1725
358 456
358 767
358 1615
359 595
359 1298
359 1624
360 368
360 471
360 752
361 468
361 1584
361 1862
362 825
362 991
363 1160
363 1216
363 1891
364 788
364 853
364 1750
365 501
365 1673
365 1861
366 375
366 438
366 1130
366 1865
367 625
367 1753
369 663
369 792
369 1930
370 860
370 897
371 536
371 1502
371 1841
373 1920
374 569
374 912
374 1474
374 1501
375 472
375 828
378 1988
379 465
379 1600
380 1026
380 1373
381 647
381 1733
382 739
382 1327
382 1607
383 1041
383 1108
384 650
384 1456
384 1564
385 425
385 885
386 683
386 1255
386 1284
386 1532
387 427
387 834
387 891
387 1432
387 1579
388 491
388 753
388 946
388 1020
390 1232
390 1990
391 802
391 1007
392 416
392 667
392 1630
393 1929
394 921
394 1519
395 707
396 418
396 909
396 1790
397 497
398 506
398 711
398 715
398 891
398 1193
399 590
399 1096
399 1878
400 552
400 1771
401 684
401 763
401 816
401 1555
402 978
402 1214
402 1412
403 785
404 1350
405 493
405 660
405 1090
405 1978
406 510
406 587
406 1251
406 1298
406 1528
406 1935
407 1663
408 640
408 938
408 1709
408 1883
408 1903
409 1089
409 1644
410 1234
410 1285
410 1388
410 1959
411 1820
412 773
412 988
412 1493
412 1544
412 1850
413 674
413 850
413 1071
413 1158
414 668
414 977
415 752
415 1294
416 815
416 1185
418 714
418 1255
421 716
422 440
422 576
422 928
422 1005
422 1463
422 1967
423 812
423 946
423 1118
423 1460
423 1867
424 781
424 1712
424 1901
424 1911
425 1555
426 829
426 1831
427 638
427 768
427 1572
427 1719
428 1771
429 657
429 1684
430 1013
430 1297
430 1748
430 1944
431 1702
432 1909
432 1966
433 535
433 1165
433 1494
434 1481
434 1877
435 649
435 946
435 1126
435 1634
435 1905
436 573
436 679
437 486
437 597
437 914
437 1015
437 1345
437 1793
438 1010
438 1848
439 1354
439 1636
439 1722
439 1845
439 1957
440 730
440 1616
441 571
441 653
441 766
441 1056
441 1295
441 1557
441 1834
442 1733
444 720
444 1888
445 1831
447 519
447 1687
448 1059
448 1705
448 1860
449 787
449 1295
449 1426
449 1847
450 755
450 1649
450 1926
451 1291
451 1510
451 1631
452 889
452 1789
452 1973
454 1893
454 1929
455 1830
456 795
456 1052
457 644
457 1239
457 1630
457 1840
457 1919
458 743
459 1624
459 1957
460 500
460 1402
461 949
461 1844
465 779
465 1742
466 788
466 860
466 1206
466 1242
467 619
467 1712
468 560
468 1757
469 691
469 1084
469 1435
470 639
471 587
471 949
471 1026
471 1097
472 809
472 1253
473 1328
474 1204
475 619
476 507
476 589
477 853
477 960
477 1354
477 1632
477 1715
478 1284
478 1608
478 1984
479 1501
480 516
480 682
480 829
481 512
481 566
481 676
482 825
482 1332
482 1868
482 1882
483 1010
483 1094
483 1281
484 918
484 1536
484 1871
485 1687
486 1575
486 1577
486 1893
486 1920
487 791
487 1206
487 1267
487 1416
487 1986
488 814
488 1684
488 1858
488 1902
489 668
489 1056
489 1913
490 938
491 663
491 1680
491 1772
492 883
492 1095
493 641
493 793
493 955
494 863
494 1352
494 1720
495 1074
496 1118
496 1261
496 1492
496 1687
497 837
497 1027
497 1076
497 1123
498 1467
498 1921
499 1056
499 1739
499 1940
500 1164
500 1511
501 688
501 1322
502 1241
502 1636
502 1696
503 727
503 1497
503 1637
504 657
504 1259
505 758
505 817
505 1210
505 1424
505 1824
506 721
506 1378
507 889
507 990
507 1079
507 1940
508 992
508 1862
510 1257
511 1734
511 1964
512 1245
513 531
513 1864
514 651
514 1698
515 1590
516 556
516 580
516 1072
516 1281
516 1362
516 1399
516 1631
516 1787
517 1466
517 1526
517 1793
518 689
518 974
518 1461
518 1633
518 1728
519 881
519 937
519 1264
519 1301
519 1810
520 1181
520 1409
521 1422
521 1991
522 541
522 579
522 1340
522 1489
522 1698
523 1023
523 1947
524 778
525 1000
525 1438
525 1555
527 1145
527 1327
527 1515
528 1142
529 1204
529 1629
530 694
530 715
530 1830
531 806
532 1322
532 1953
535 539
535 1996
536 544
536 870
536 951
536 1399
536 1438
537 1446
538 1083
538 1168
538 1320
538 1736
538 1995
539 668
539 1225
539 1745
540 718
540 1765
540 1968
541 642
541 1016
541 1875
542 648
542 950
542 1225
542 1257
542 1351
543 1473
543 1584
544 1631
544 1687
545 830
545 1717
545 1990
546 655
546 1463
546 1540
547 1012
547 1742
547 1937
548 1072
549 639
551 859
552 911
552 1199
552 1566
552 1894
553 883
554 1551
555 1321
555 1462
555 1867
556 770
557 1235
557 1357
557 1658
557 1776
558 656
558 1638
558 1956
559 629
559 1235
559 1700
559 1834
560 666
560 1133
560 1330
562 1048
563 1736
564 576
564 1287
564 1637
564 1694
566 1552
568 647
568 1402
568 1471
568 1729
569 1214
569 1859
569 1972
570 879
571 1418
571 1646
572 1344
573 863
574 1275
574 1429
575 1994
577 635
577 670
577 713
577 1458
577 1726
580 1474
580 1960
581 813
581 1367
581 1423
581 1865
582 1014
582 1536
582 1654
582 1867
583 754
583 792
583 1104
583 1887
584 1047
584 1464
584 1760
585 958
585 1405
586 1511
586 1895
587 1405
587 1975
588 786
588 870
588 997
588 1455
589 1434
589 1832
589 1878
590 878
590 1060
591 856
591 948
592 1197
592 1729
593 1127
593 1235
594 1916
595 1467
595 1482
595 1550
596 811
596 1483
596 1614
596 1645
597 813
597 1939
598 1050
598 1800
599 659
599 1415
599 1556
599 1857
600 678
600 788
600 1592
601 1152
602 1669
602 1672
602 1824
603 703
603 1077
603 1110
603 1459
603 1746
603 1960
604 835
604 1229
604 1724
604 1858
605 737
605 1568
606 1001
606 1096
607 1432
607 1930
608 782
608 1626
608 1695
609 1599
609 1711
610 836
610 1044
610 1507
612 641
612 1015
612 1094
612 1623
613 821
613 1024
613 1425
614 1621
615 838
615 1344
615 1408
616 1825
617 787
617 817
618 789
619 737
619 746
619 1075
619 1699
620 849
620 1507
621 731
621 1004
621 1203
622 803
622 1635
622 1999
624 1042
624 1184
624 1701
625 1643
626 715
626 972
626 1059
626 1744
627 1332
627 1898
628 1514
629 1322
629 1459
629 1734
631 1332
631 1445
632 1160
632 1205
632 1772
633 1853
635 710
635 1148
635 1215
635 1520
635 1564
635 1826
637 1800
637 1938
639 647
639 1139
639 1140
639 1519
639 1592
640 1187
640 1592
640 1725
641 1210
642 869
643 921
643 1463
645 841
645 1230
645 1396
645 1873
646 1852
646 1892
647 1103
647 1151
649 1423
650 1164
651 740
651 1370
651 1391
652 1928
654 873
654 1198
654 1894
655 843
655 1488
656 887
656 1753
658 809
658 1136
658 1383
658 1946
659 1689
660 1594
661 1004
661 1314
661 1998
662 1235
662 1432
662 1587
662 1863
663 1466
664 793
666 1152
666 1557
667 1810
668 1116
668 1382
668 1852
669 1958
670 1673
671 1610
671 1732
671 1776
672 914
672 918
673 833
673 1550
675 702
675 741
675 1672
676 1256
676 1368
677 1643
678 1897
679 1385
681 756
681 1815
682 865
682 1013
682 1454
683 1349
683 1604
684 1160
684 1413
684 1866
685 1871
686 1815
686 1947
687 1765
688 1047
689 857
689 1475
689 1848
691 1313
692 1405
692 1715
693 894
693 1075
693 1804
693 1866
693 1883
693 1894
694 1083
695 1216
695 1541
695 1627
695 1772
696 1907
697 1101
698 701
698 862
698 988
698 1034
698 1230
700 1043
700 1353
701 827
701 1148
701 1174
701 1825
702 1406
703 743
703 745
703 800
705 1055
705 1686
706 1360
706 1832
707 711
707 978
707 1285
708 1951
709 1378
710 785
710 1947
711 1125
711 1377
712 1342
713 764
713 1016
713 1123
713 1453
713 1486
718 990
718 1027
718 1132
718 1211
718 1411
718 1784
719 1562
720 830
720 846
720 1207
720 1998
722 816
722 1754
722 1877
723 775
723 1477
723 1521
723 1651
724 1477
725 898
726 762
726 870
726 928
728 901
729 940
729 1034
729 1191
729 1498
730 1122
730 1531
731 1070
731 1491
731 1693
732 1829
733 1311
733 1564
734 1400
735 772
735 817
735 1026
736 951
736 1168
736 1865
737 1168
737 1247
738 1812
739 1796
740 1795
743 1670
744 1423
744 1648
745 1614
746 1556
746 1717
746 1768
747 1579
748 843
748 1217
748 1663
748 1694
750 1210
750 1646
751 1425
751 1695
751 1988
752 1656
753 1917
754 823
754 1700
754 1742
755 1969
756 1201
756 1824
757 1527
758 1478
758 1715
759 937
759 1481
759 1524
760 1054
760 1183
761 1433
761 1598
762 1484
763 875
763 912
763 1124
763 1714
764 1097
764 1829
765 1331
766 1393
767 1556
768 1047
768 1865
769 943
769 1715
769 1980
770 983
770 1243
770 1534
770 1910
771 1499
772 1664
773 864
773 1836
774 1012
774 1435
774 1742
774 1885
775 1016
776 1011
777 858
777 1747
778 1713
779 1029
779 1640
780 817
780 1118
780 1145
780 1404
781 914
781 1159
781 1175
781 1730
782 875
782 1206
783 1171
784 1048
785 1880
786 1809
787 1604
787 1765
787 1931
788 1121
788 1159
788 1323
789 956
789 1905
791 909
791 1069
791 1228
791 1677
791 1989
792 1461
792 1620
792 1657
793 1042
793 1187
793 1193
793 1569
793 1881
794 828
794 1280
794 1845
795 1364
795 1462
795 1505
795 1619
796 1464
796 1525
796 1567
798 1497
798 1658
798 1753
799 1287
799 1653
799 1729
799 1942
800 844
800 1230
800 1303
801 1277
801 1779
801 1852
803 1971
805 1808
806 1315
806 1366
806 1512
807 1302
808 1070
809 1889
812 1143
812 1291
813 1429
813 1708
813 1928
815 821
815 1026
815 1371
815 1955
816 878
816 1218
817 1633
818 828
818 1092
818 1780
819 834
819 1353
820 1026
821 1796
821 1826
823 952
824 1247
824 1385
824 1541
825 1066
825 1351
825 1439
825 1634
825 1775
826 1547
827 1055
827 1268
827 1338
829 868
829 1156
829 1184
829 1776
829 1981
830 1013
830 1430
831 832
831 1029
832 1041
832 1264
832 1766
833 1129
833 1462
833 1754
833 1802
834 891
834 1240
835 1516
835 1806
836 1462
837 866
838 1383
838 1855
839 1155
839 1390
839 1724
840 1648
840 1682
840 1706
841 960
843 1985
844 1731
846 1017
846 1524
846 1547
847 1366
847 1881
848 1618
849 878
849 1253
849 1515
850 963
850 1196
851 1026
851 1619
852 1002
853 973
853 1541
853 1720
853 1971
854 891
854 1531
854 1549
855 1084
856 1300
856 1388
856 1571
857 1429
857 1794
857 1869
858 1377
858 1414
858 1488
859 1039
860 1285
860 1732
862 1060
862 1389
862 1477
865 1070
866 1541
866 1782
867 1935
868 1030
868 1263
868 1753
868 1948
869 1347
870 1784
870 1816
873 1127
875 1736
875 1853
876 1117
876 1442
876 1945
878 1072
880 1505
880 1769
881 1325
881 1482
881 1649
881 1652
882 1410
884 947
884 1174
884 1364
885 1648
885 1731
885 1899
886 1279
886 1571
887 913
887 1449
888 1782
888 1831
889 1771
891 1601
891 1778
891 1887
893 985
893 1883
894 1579
894 1600
895 1295
896 1714
897 1039
898 1308
898 1954
899 1060
900 1049
900 1121
901 1286
901 1700
901 1751
902 1909
902 1925
903 1057
903 1312
903 1701
903 1737
903 1935
904 1113
904 1179
904 1595
905 918
907 1257
907 1978
908 1331
909 1170
909 1291
909 1403
909 1926
910 1139
910 1521
910 1985
911 1176
911 1807
912 1696
914 1279
915 1647
915 1672
916 1690
916 1715
918 919
918 1406
919 1942
920 1739
920 1936
921 1100
921 1940
922 991
922 1235
922 1328
922 1435
922 1799
922 1954
923 955
923 1218
924 1920
924 1967
925 1200
926 1211
927 1528
928 1938
929 1788
931 1056
931 1343
932 1208
932 1210
933 1018
933 1933
935 1362
935 1697
935 1738
936 1233
939 1366
942 1200
942 1608
942 1935
943 1703
944 1966
945 1508
947 1580
949 1747
950 1515
951 1365
951 1577
951 1834
952 1899
953 958
953 1318
953 1716
954 1455
954 1626
954 1868
955 1927
956 1202
956 1425
957 1864
958 1079
958 1891
959 1705
962 1478
964 1847
964 1926
965 1639
965 1682
966 1776
967 1781
968 1337
968 1473
970 1275
970 1325
971 1293
971 1904
971 1963
972 1168
974 1086
974 1214
974 1242
976 1210
977 991
977 1062
977 1544
977 1934
978 1046
978 1095
982 1536
982 1557
982 1853
985 1039
985 1117
986 1483
986 1802
986 1903
988 1639
989 1143
989 1206
989 1376
990 1131
990 1666
991 1376
991 1421
991 1950
992 1310
993 1291
993 1954
994 1391
994 1860
995 1628
997 1952
998 1097
998 1426
998 1903
999 1278
999 1417
999 1599
999 1709
1000 1176
1000 1959
1001 1387
1003 1265
1003 1690
1003 1894
1005 1148
1005 1161
1005 1394
1006 1155
1006 1455
1007 1488
1007 1667
1008 1097
1008 1133
1008 1651
1009 1461
1010 1192
1011 1270
1012 1149
1012 1155
1012 1318
1012 1624
1013 1155
1014 1091
1014 1318
1014 1782
1014 1796
1014 1849
1016 1861
1018 1408
1019 1196
1019 1389
1019 1580
1021 1497
1021 1532
1022 1120
1022 1216
1023 1074
1026 1287
1026 1356
1026 1505
1026 1797
1027 1205
1027 1282
1027 1454
1027 1965
1028 1979
1029 1613
1030 1037
1030 1680
1031 1108
1031 1149
1031 1572
1033 1590
1034 1360
1035 1569
1036 1129
1038 1357
1039 1747
1040 1080
1040 1992
1041 1248
1042 1550
1043 1543
1043 1856
1044 1169
1044 1221
1045 1262
1045 1469
1045 1970
1046 1201
1046 1436
1048 1620
1048 1780
1049 1068
1049 1220
1049 1677
1051 1489
1052 1883
1054 1129
1054 1431
1054 1491
1054 1625
1054 1740
1057 1483
1058 1199
1060 1800
1060 1898
1060 1967
1061 1886
1062 1749
1062 1881
1063 1645
1064 1175
1064 1857
1065 1113
1065 1208
1065 1239
1065 1903
1065 1991
1067 1613
1067 1669
1068 1157
1070 1116
1070 1609
1070 1778
1071 1249
1071 1407
1072 1921
1073 1705
1073 1724
1075 1373
1076 1128
1076 1184
1076 1781
1077 1268
1078 1206
1079 1581
1079 1749
1079 1976
1081 1115
1081 1583
1082 1474
1082 1827
1083 1232
1083 1341
1084 1284
1085 1161
1085 1523
1085 1944
1086 1558
1087 1108
1087 1308
1087 1498
1087 1829
1088 1260
1088 1591
1089 1117
1090 1326
1090 1647
1093 1604
1094 1170
1094 1253
1094 1321
1094 1640
1095 1478
1095 1784
1096 1301
1097 1149
1098 1741
1099 1139
1099 1783
1101 1476
1101 1542
1101 1801
1103 1158
1103 1353
1103 1805
1103 1987
1108 1547
1108 1648
1109 1527
1109 1566
1110 1279
1111 1252
1111 1311
1111 1528
1112 1477
1113 1243
1113 1540
1114 1989
1115 1416
1115 1709
1117 1636
1118 1948
1119 1239
1121 1170
1121 1361
1121 1455
1122 1410
1124 1654
1125 1811
1126 1221
1127 1692
1129 1931
1130 1747
1131 1403
1131 1559
1132 1194
1135 1287
1135 1804
1136 1506
1136 1578
1136 1703
1137 1579
1137 1898
1138 1175
1139 1656
1142 1234
1143 1375
1144 1233
1145 1294
1145 1730
1146 1462
1147 1453
1147 1490
1149 1881
1150 1919
1151 1209
1151 1761
1152 1493
1152 1604
1153 1789
1154 1296
1154 1525
1155 1163
1155 1316
1156 1434
1156 1851
1159 1607
1159 1692
1162 1784
1162 1797
1165 1544
1167 1603
1167 1692
1167 1845
1168 1543
1170 1623
1171 1884
1173 1532
1173 1803
1173 1918
1174 1250
1174 1456
1175 1363
1175 1411
1175 1733
1176 1403
1177 1556
1179 1220
1180 1191
1180 1648
1180 1788
1181 1494
1183 1996
1184 1589
1184 1606
1185 1653
1185 1707
1185 1958
1186 1842
1188 1288
1188 1849
1189 1467
1189 1746
1190 1192
1190 1390
1190 1905
1190 1972
1191 1276
1191 1517
1191 1594
1194 1981
1194 1998
1196 1275
1196 1654
1197 1659
1198 1814
1199 1995
1200 1231
1200 1272
1200 1371
1201 1239
1202 1471
1203 1279
1203 1986
1204 1603
1204 1849
1205 1871
1206 1288
1206 1409
1206 1590
1207 1752
1208 1251
1210 1468
1210 1753
1216 1545
1216 1637
1219 1270
1219 1322
1219 1567
1220 1705
1222 1504
1223 1259
1224 1405
1224 1849
1225 1724
1226 1975
1227 1398
1228 1597
1228 1749
1228 1775
1229 1834
1229 1972
1229 1978
1236 1296
1238 1461
1239 1918
1240 1472
1240 1515
1241 1529
1241 1606
1243 1499
1246 1866
1246 1868
1247 1589
1247 1642
1247 1651
1247 1971
1248 1575
1249 1342
1249 1601
1250 1318
1250 1363
1250 1386
1250 1771
1251 1252
1251 1395
1251 1425
1252 1420
1253 1475
1254 1462
1255 1407
1256 1936
1256 1964
1258 1629
1259 1538
1261 1322
1261 1858
1262 1326
1262 1366
1262 1625
1262 1944
1263 1494
1264 1387
1265 1324
1265 1482
1265 1597
1266 1704
1266 1841
1267 1713
1268 1494
1269 1639
1269 1704
1269 1800
1270 1584
1271 1649
1271 1669
1272 1809
1273 1639
1274 1429
1277 1368
1278 1896
1279 1884
1280 1502
1280 1950
1283 1709
1283 1995
1284 1932
1285 1877
1286 1325
1289 1805
1290 1856
1291 1686
1292 1406
1293 1414
1293 1600
1294 1407
1294 1678
1295 1775
1296 1824
1296 1879
1296 1970
1297 1341
1297 1360
1297 1724
1299 1596
1302 1442
1302 1812
1303 1319
1303 1772
1303 1793
1304 1784
1305 1820
1307 1313
1308 1373
1309 1604
1310 1663
1312 1399
1312 1428
1312 1611
1312 1652
1313 1779
1318 1864
1318 1955
1319 1797
1321 1670
1323 1742
1324 1393
1324 1862
1325 1799
1325 1880
1330 1349
1330 1601
1330 1896
1331 1720
1331 1898
1332 1575
1332 1631
1332 1819
1333 1601
1333 1708
1334 1373
1335 1378
1336 1627
1336 1681
1336 1834
1336 1963
1337 1596
1338 1947
1339 1727
1339 1801
1342 1372
1342 1610
1344 1372
1346 1435
1347 1748
1348 1430
1350 1494
1352 1424
1353 1746
1353 1817
1358 1547
1360 1556
1360 1682
1361 1416
1364 1883
1366 1579
1367 1488
1367 1873
1368 1836
1370 1672
1371 1886
1372 1603
1374 1678
1378 1735
1378 1742
1379 1701
1379 1919
1380 1605
1380 1661
1383 1615
1383 1688
1383 1935
1384 1573
1385 1823
1385 1885
1387 1796
1391 1481
1392 1817
1392 1979
1393 1472
1394 1814
1394 1817
1395 1553
1395 1670
1395 1837
1398 1529
1399 1579
1400 1814
1400 1831
1402 1938
1403 1432
1405 1434
1406 1671
1406 1866
1407 1597
1409 1910
1410 1415
1411 1514
1411 1606
1412 1624
1413 1545
1414 1462
1414 1522
1415 1557
1416 1704
1417 1460
1417 1865
1422 1963
1422 1969
1423 1735
1425 1784
1426 1634
1427 1486
1429 1491
1429 1507
1429 1535
1429 1702
1429 1862
1430 1525
1430 1586
1432 1800
1435 1839
1437 1561
1437 1897
1439 1480
1442 1447
1442 1810
1443 1857
1444 1521
1445 1887
1446 1474
1446 1682
1446 1880
1447 1787
1447 1919
1448 1503
1449 1839
1453 1528
1454 1559
1456 1973
1456 1986
1457 1692
1457 1794
1459 1474
1459 1852
1460 1719
1460 1987
1461 1807
1461 1873
1463 1879
1465 1850
1468 1630
1468 1659
1473 1591
1476 1547
1476 1879
1477 1960
1478 1730
1478 1751
1479 1528
1479 1586
1479 1757
1483 1635
1488 1983
1490 1816
1491 1977
1492 1556
1492 1881
1495 1893
1495 1956
1497 1989
1498 1824
1499 1975
1500 1704
1504 1880
1504 1896
1507 1681
1508 1649
1508 1706
1511 1752
1513 1752
1514 1756
1516 1852
1517 1982
1518 1756
1521 1939
1523 1672
1523 1968
1523 1993
1524 1870
1527 1934
1529 1843
1533 1631
1534 1608
1535 1840
1537 1861
1538 1782
1539 1957
1540 1610
1541 1798
1542 1680
1545 1704
1546 1844
1548 1610
1548 1958
1550 1567
1555 1787
1556 1873
1556 1904
1557 1745
1561 1597
1561 1816
1566 1642
1566 1979
1570 1853
1573 1669
1577 1856
1577 1940
1578 1809
1578 1871
1580 1868
1581 1786
1585 1608
1585 1652
1589 1812
1593 1764
1596 1675
1597 1849
1600 1868
1601 1630
1602 1606
1603 1675
1603 1874
1603 1918
1608 1718
1612 1815
1614 1935
1616 1747
1616 1749
1616 1875
1616 1950
1618 1930
1618 1948
1619 1679
1621 1692
1623 1701
1625 1852
1627 1693
1627 1860
1632 1959
1633 1655
1634 1834
1634 1992
1639 1658
1641 1676
1642 1886
1645 1713
1646 1877
1652 1770
1655 1914
1662 1836
1664 1967
1665 1720
1667 1776
1668 1722
1669 1679
1671 1677
1673 1807
1678 1837
1679 1830
1682 1822
1684 1977
1686 1717
1687 1731
1696 1799
1698 1817
1700 1827
1700 1947
1711 1791
1712 1973
1716 1904
1718 1936
1720 1922
1721 1943
1722 1769
1722 1914
1727 1783
1730 1770
1730 1805
1732 1972
1735 1944
1739 1790
1740 1905
1744 1805
1748 1948
1751 1878
1755 1924
1756 1927
1758 1916
1759 1975
1759 1984
1769 1908
1770 1933
1772 1974
1776 1954
1785 1945
1786 1890
1791 1845
1794 1950
1795 1941
1799 1866
1809 1826
1810 1956
1812 1923
1813 1824
1814 1839
1817 1941
1820 1917
1820 1925
1820 1963
1863 1870
1864 1947
1871 1938
1876 1884
1886 1936
1896 1990
1897 1907
1903 1928
1904 1940
1964 1966
1968 1980
1971 1994
