2000 2954
61
19
89
54
57
98
43
13
17
71
60
5
70
10
81
8
56
50
20
81
19
37
88
86
89
28
52
69
21
66
42
81
58
21
99
27
82
22
69
46
76
38
48
44
24
7
73
13
11
33
96
41
99
80
81
3
45
83
73
88
73
79
52
90
79
42
3
29
77
65
33
94
46
20
1
80
41
3
11
25
18
20
11
58
90
65
20
19
51
14
78
98
31
96
43
52
84
25
10
13
59
32
52
42
48
46
51
92
28
65
51
35
21
38
7
38
27
62
19
70
8
14
95
13
28
86
47
69
13
24
41
77
93
51
61
79
39
24
66
33
57
14
26
17
11
83
48
42
26
5
52
3
91
68
17
44
90
64
41
46
84
34
77
30
38
25
79
13
80
56
67
62
52
16
17
33
35
60
10
67
84
13
95
6
13
42
31
49
94
53
9
47
94
54
92
12
48
32
63
13
69
85
62
93
35
11
85
7
89
12
11
59
79
78
35
18
27
68
24
67
31
7
72
32
24
62
91
15
65
38
21
4
42
34
72
19
10
84
90
40
25
93
89
79
66
36
14
17
54
92
21
88
8
43
88
53
59
81
1
82
12
24
48
91
2
96
43
22
20
79
19
15
70
86
77
77
80
20
84
73
1
30
72
25
83
8
99
41
97
79
20
64
31
18
3
73
90
51
32
37
18
37
89
54
8
36
17
11
45
87
46
74
49
22
40
82
63
90
13
62
6
17
1
58
28
37
77
30
1
78
32
13
35
2
84
62
84
64
67
54
29
3
30
39
25
10
64
18
43
66
58
62
98
67
100
10
16
24
9
50
89
32
2
25
83
88
93
6
15
68
77
62
97
25
55
67
28
20
76
24
92
32
87
27
7
47
62
62
15
46
70
2
86
53
23
40
38
36
12
25
70
39
75
46
67
15
70
46
95
92
16
78
6
35
18
94
55
63
47
6
100
26
31
18
90
23
96
69
32
42
94
70
50
91
50
99
98
17
13
27
67
51
15
10
3
29
50
45
24
49
23
48
49
35
46
44
70
1
80
37
58
32
99
34
87
65
41
59
65
2
66
44
48
14
71
39
71
28
7
66
98
22
76
83
40
56
40
22
73
29
76
36
38
70
12
49
93
67
61
91
63
20
19
77
1
49
80
49
40
53
18
25
77
57
90
93
13
39
84
35
78
3
17
78
59
15
80
44
71
54
64
55
17
20
87
91
57
61
23
36
50
1
7
41
73
49
47
41
32
97
65
49
57
76
5
22
81
37
92
11
32
86
72
32
63
84
15
45
36
7
61
81
96
7
32
82
68
7
83
58
99
23
56
94
29
18
59
76
4
90
47
98
54
38
21
74
35
83
52
6
96
56
5
3
36
97
65
64
83
32
13
40
61
61
61
47
58
58
94
43
96
76
79
26
71
70
51
40
80
5
7
6
56
26
93
98
66
90
3
73
61
66
22
13
2
22
88
8
5
60
4
91
47
60
3
76
75
35
5
85
26
65
90
46
67
68
80
3
33
11
57
63
29
51
60
89
15
22
64
1
25
86
47
85
29
15
49
55
81
16
98
57
14
93
18
37
43
30
74
9
65
88
55
31
66
84
27
1
88
1
36
72
34
32
39
83
31
67
69
51
76
35
63
68
78
12
18
79
25
58
87
54
68
85
90
10
94
52
73
19
45
58
64
22
28
99
39
88
55
83
89
5
75
64
43
96
15
49
7
28
95
90
76
69
93
96
4
37
39
22
17
95
28
97
17
4
1
93
24
83
97
35
33
84
99
59
65
35
83
38
29
26
69
82
39
38
53
13
69
13
58
61
37
71
21
26
93
22
18
86
90
40
34
43
35
56
9
64
37
24
5
84
96
56
24
4
39
79
94
60
68
26
79
51
52
23
77
35
43
14
83
13
43
13
39
28
91
58
41
4
94
35
76
45
57
21
38
4
23
45
71
22
4
5
10
25
80
5
88
7
87
40
2
4
41
32
70
47
17
20
56
14
5
70
71
98
47
60
77
93
34
75
62
89
1
88
73
23
50
52
14
2
91
31
53
100
28
98
69
24
86
59
74
90
19
56
16
83
35
96
66
9
72
80
18
93
98
84
96
95
66
8
69
52
52
82
13
30
35
73
76
8
5
31
39
29
13
62
55
72
68
41
89
65
55
14
65
38
82
32
57
14
62
67
32
13
97
29
96
48
71
40
77
9
24
73
19
88
26
48
94
70
53
44
69
79
42
45
78
98
95
83
5
53
7
28
72
5
89
59
33
9
98
46
18
69
82
8
9
52
12
42
87
74
82
52
8
11
100
37
61
17
24
88
87
59
95
90
76
53
52
34
35
51
28
79
84
85
29
92
64
76
25
25
67
6
13
86
18
11
2
22
10
95
27
92
47
79
31
62
20
75
100
82
92
61
7
85
44
53
93
11
93
83
1
49
80
48
96
2
51
27
35
90
60
47
73
24
100
10
33
3
95
98
28
21
80
66
7
19
10
58
88
84
56
97
64
32
37
29
32
33
75
54
9
74
88
59
97
61
72
89
34
86
83
5
93
59
3
51
63
55
27
44
3
74
61
28
70
8
49
59
6
70
60
42
5
6
47
44
8
2
41
77
33
47
62
22
2
57
31
95
89
34
82
6
45
24
52
59
15
55
17
99
86
74
4
17
66
99
52
90
55
18
90
63
84
75
29
98
11
64
48
50
49
4
61
55
27
8
76
57
1
92
14
18
22
87
85
81
32
49
91
43
45
67
50
19
27
55
95
62
88
63
49
53
18
23
23
37
52
79
92
50
39
76
32
76
75
69
73
73
46
37
14
26
29
58
25
56
15
51
12
54
52
64
92
76
83
85
42
91
23
13
66
56
92
51
57
74
15
43
71
65
19
82
8
60
90
56
4
8
42
66
72
96
32
39
96
85
64
43
33
64
78
51
80
77
84
92
54
99
85
44
38
59
17
52
81
77
20
57
31
93
68
80
99
88
72
1
4
26
39
28
62
74
75
42
18
40
1
62
22
33
28
99
4
13
60
73
37
98
40
2
71
7
24
80
42
1
24
80
74
75
90
55
79
68
94
30
29
93
82
48
32
22
36
22
69
18
88
34
76
38
2
52
60
69
35
61
5
38
46
4
35
51
67
4
82
64
72
38
17
99
79
52
73
32
57
50
21
44
39
18
87
25
82
47
100
36
42
25
10
13
87
74
58
48
41
84
82
40
6
84
64
4
42
26
68
48
95
48
1
89
49
1
75
62
73
64
18
90
84
96
64
9
66
91
16
20
2
95
85
50
29
21
86
58
49
17
78
63
64
55
63
15
74
88
19
73
18
8
75
5
35
19
77
5
65
42
30
84
98
88
78
61
64
56
15
85
19
79
61
30
5
5
24
47
66
53
39
71
42
46
4
47
44
4
65
29
10
31
27
6
87
72
4
61
78
15
3
77
42
53
74
93
28
2
79
29
50
38
45
59
91
74
42
60
30
48
83
70
82
19
94
72
79
36
66
59
51
26
86
50
43
41
5
19
51
85
15
21
87
33
66
97
65
62
69
49
10
12
18
70
9
14
62
90
38
85
98
41
61
15
48
41
52
7
3
13
76
95
82
100
61
27
11
34
7
61
88
12
91
59
28
25
81
15
23
64
38
45
11
75
92
80
88
98
80
69
97
41
5
85
38
23
26
36
97
94
33
25
33
96
96
35
1
93
63
16
20
62
25
30
62
57
51
39
36
87
47
45
51
1
78
81
69
67
37
82
76
17
2
13
8
72
97
21
86
92
51
20
48
26
9
2
13
58
34
51
63
86
56
31
29
83
82
82
67
4
90
54
82
52
63
45
9
26
64
13
29
37
89
14
67
84
11
48
86
66
12
91
73
88
34
22
81
35
73
14
82
7
56
51
47
30
25
97
27
53
70
62
69
88
19
63
17
47
43
90
29
15
30
21
50
82
60
42
51
10
98
31
41
70
85
58
94
40
15
86
36
71
3
94
32
25
75
2
80
26
39
76
75
88
15
100
74
62
2
11
36
20
8
50
4
98
16
17
11
24
25
7
75
44
61
50
23
94
53
90
62
18
97
21
4
38
25
86
35
76
50
23
58
63
45
4
91
14
54
18
87
88
69
20
64
36
96
16
52
41
17
83
42
42
38
95
69
99
49
35
12
98
80
66
50
14
31
14
80
66
83
40
41
16
64
15
26
31
95
6
87
18
3
11
86
2
43
40
45
66
89
53
73
72
5
34
57
56
45
68
71
4
90
3
84
68
15
49
33
64
100
75
91
64
74
2
7
75
49
38
40
67
67
96
42
68
36
47
37
59
46
44
89
77
91
26
88
47
31
74
26
57
4
32
72
90
61
26
21
26
29
43
59
3
16
5
12
96
23
5
77
73
9
16
26
51
11
82
39
89
1
53
15
19
6
76
83
45
98
100
13
2
79
20
49
76
31
61
27
2
68
86
37
74
49
24
6
38
6
39
48
94
37
16
65
58
54
26
56
52
80
66
79
87
11
26
48
4
11
43
0 333
0 605
0 886
0 907
1 124
1 478
1 1040
1 1098
2 224
2 1293
3 673
3 807
3 1110
3 1131
3 1369
5 979
5 1338
6 201
6 225
6 291
6 1301
7 1074
7 1324
7 1328
7 1452
7 1977
8 1152
8 1209
9 81
9 697
9 1400
9 1577
9 1970
10 672
10 1522
10 1670
11 702
11 1849
12 318
12 1206
12 1338
13 740
14 1373
14 1680
15 692
15 1213
15 1387
16 466
16 1239
17 530
17 1136
17 1452
17 1581
18 38
18 1507
19 234
19 640
19 1070
19 1321
19 1685
19 1824
20 784
20 1189
21 422
21 640
21 954
21 1053
22 413
22 1174
23 83
23 377
23 990
23 1006
23 1208
24 591
24 807
24 1332
24 1675
25 213
25 573
25 1702
25 1797
26 77
26 1942
27 213
27 754
28 131
28 1247
28 1989
29 701
30 1650
31 533
31 1549
32 678
32 1005
32 1368
32 1617
32 1714
33 190
33 272
33 783
34 198
34 654
34 820
34 872
34 1196
34 1495
34 1769
35 313
35 385
35 1040
36 825
36 1086
36 1445
37 583
37 1917
38 293
38 864
38 1854
39 1399
39 1912
40 1266
40 1575
40 1727
41 103
41 168
41 1078
41 1323
42 476
42 1198
42 1939
43 1135
43 1611
43 1652
44 268
44 342
44 645
44 825
44 1077
45 479
45 1733
45 1801
46 720
46 1240
46 1518
47 1109
48 69
48 137
48 277
48 1454
48 1542
50 1548
51 1276
53 184
53 351
53 1024
53 1068
54 543
54 875
54 956
54 1106
54 1831
55 603
55 1883
56 1105
56 1299
57 1260
58 665
58 1200
58 1231
58 1844
59 327
59 667
59 1237
59 1613
60 528
60 689
60 1030
61 837
61 1456
61 1726
62 90
62 164
62 1086
62 1669
62 1854
63 973
63 1366
64 638
64 783
64 910
64 1623
65 193
65 338
65 1478
66 128
66 1099
66 1755
67 871
67 976
67 1741
68 577
68 1047
68 1624
69 1006
69 1316
69 1346
69 1388
69 1443
69 1894
70 81
70 896
70 1181
70 1817
71 493
71 1833
72 622
73 1518
74 95
74 581
74 892
74 1173
74 1363
75 844
76 946
76 1582
77 744
77 1478
78 616
78 1802
79 1907
80 316
80 803
81 1817
82 1998
83 811
84 834
84 913
84 1518
85 755
85 874
86 716
86 1001
87 1281
88 659
89 1404
89 1677
90 580
90 1972
91 855
91 896
92 208
92 1862
93 741
93 1826
94 723
94 1064
94 1261
95 823
96 182
96 1143
96 1146
96 1272
97 1233
98 979
99 629
99 634
99 1355
100 1211
100 1370
101 1498
102 282
102 1250
102 1598
102 1904
103 592
103 1132
104 317
105 995
105 1118
107 321
107 1055
107 1283
108 191
108 1603
108 1830
109 747
109 1026
109 1582
109 1621
110 123
110 221
110 346
110 1062
110 1232
110 1941
111 538
111 712
111 1737
111 1901
112 1420
113 285
113 1191
113 1486
114 456
114 502
114 1042
114 1855
114 1977
115 466
115 799
115 1107
115 1650
116 581
116 1079
117 137
117 810
117 1366
118 754
118 1061
119 613
119 753
120 508
120 619
121 288
121 538
121 1430
121 1872
122 491
122 1363
123 1357
123 1652
125 140
125 899
125 1372
125 1459
126 210
126 849
126 1572
126 1943
127 337
127 541
127 1335
128 173
128 331
128 537
128 1613
128 1759
129 1920
130 925
130 1363
130 1371
131 475
131 824
131 831
131 1638
132 618
132 654
132 710
132 854
132 1210
132 1267
133 516
133 700
133 866
133 1022
133 1294
133 1922
134 504
134 524
134 701
134 1123
134 1286
134 1520
135 173
135 571
135 861
135 1672
136 259
136 887
136 1071
136 1995
137 630
137 704
137 1171
137 1257
137 1585
137 1776
138 364
138 1273
138 1594
139 873
139 1137
140 632
140 1007
140 1203
140 1233
140 1246
140 1268
140 1505
141 1429
142 1256
143 702
144 237
144 594
144 681
144 1102
144 1447
144 1768
144 1944
145 595
145 864
145 1097
145 1281
145 1872
146 986
146 1647
147 830
147 930
147 1093
148 1289
148 1309
148 1726
149 534
149 1006
149 1863
150 282
150 399
150 840
150 1512
150 1930
151 1154
151 1609
152 1566
152 1618
153 1056
153 1084
153 1343
153 1936
154 385
154 1343
154 1378
155 1772
157 287
157 908
157 1169
157 1476
158 1195
158 1329
159 400
159 1003
159 1360
160 326
160 1032
160 1688
160 1791
161 1215
161 1620
162 948
163 931
163 973
163 1274
164 174
164 202
164 1484
164 1890
165 440
166 1376
167 865
167 954
167 1933
167 1983
168 515
168 857
168 944
168 1153
168 1271
168 1315
168 1345
169 648
169 1508
170 723
170 850
170 1499
170 1990
171 182
171 325
171 485
171 502
171 980
171 1388
171 1774
171 1866
172 867
172 892
172 1501
172 1547
172 1568
172 1975
173 399
173 756
173 1772
173 1852
174 611
174 765
174 865
175 1026
175 1504
176 901
176 1449
176 1673
177 1398
177 1448
177 1527
177 1940
179 843
179 1948
180 659
180 1064
180 1330
180 1333
181 787
181 1941
182 507
182 775
182 1340
182 1385
182 1848
183 1682
183 1781
183 1850
184 204
184 259
184 829
184 1208
184 1868
185 609
185 1581
185 1767
185 1846
186 1312
187 238
187 833
187 1148
187 1401
187 1707
188 627
188 976
189 897
189 1032
189 1090
189 1223
189 1475
190 298
190 786
190 836
190 850
190 974
190 1798
191 394
191 1057
191 1815
192 792
192 1363
192 1394
193 1156
194 1209
194 1242
195 483
195 891
196 441
196 777
196 865
196 1002
196 1072
196 1750
197 241
197 334
197 1550
198 470
198 719
198 750
198 1494
199 432
199 722
199 833
199 954
199 1612
199 1839
200 775
200 838
200 1661
201 532
201 876
201 1366
202 399
202 1429
203 638
203 696
203 1382
203 1482
203 1940
204 558
205 1287
205 1915
206 388
206 1164
206 1691
207 470
207 1610
208 1342
209 1342
209 1492
210 243
210 1960
211 1591
211 1861
212 540
212 706
213 220
213 866
213 932
214 366
214 564
214 1370
214 1378
214 1381
215 1252
216 510
216 676
216 1142
216 1443
217 1239
217 1247
218 656
218 1042
218 1846
219 588
219 692
219 850
220 790
220 852
221 866
221 956
222 414
222 1809
223 598
223 665
223 1071
225 310
225 891
225 1294
225 1882
226 410
226 764
226 871
227 1125
227 1142
229 497
229 1015
229 1240
229 1384
229 1844
230 370
230 405
230 803
230 1202
232 1324
232 1622
232 1820
233 674
233 1740
233 1925
234 992
235 1627
236 861
236 1274
236 1489
237 956
237 1172
237 1652
238 965
239 1186
240 578
240 816
241 702
241 1188
241 1328
241 1499
241 1522
242 334
242 1611
243 811
243 1716
243 1787
244 653
245 789
245 849
245 1130
246 304
246 628
247 325
247 1089
248 435
248 1021
248 1053
249 1199
249 1966
250 345
250 1802
251 965
252 303
252 760
253 580
253 1900
254 347
254 847
254 882
255 431
256 1261
256 1322
256 1796
257 899
257 1645
257 1784
258 804
259 468
259 733
259 1301
259 1330
259 1623
259 1732
259 1906
260 394
260 470
260 1332
260 1473
261 467
261 520
261 829
261 932
261 1821
261 1891
263 1810
263 1931
264 1941
265 385
265 493
266 844
266 1139
266 1280
267 1458
268 511
268 1419
269 1506
269 1946
270 1687
271 464
271 1164
271 1504
271 1518
271 1654
271 1862
272 751
274 437
274 843
274 1984
275 885
275 1063
275 1334
277 390
277 611
277 841
277 1110
277 1797
278 1261
279 518
279 1018
279 1528
279 1701
280 801
280 931
280 1198
281 316
281 1255
281 1413
281 1484
281 1593
281 1720
282 726
282 734
282 1132
282 1733
283 357
283 1124
284 864
284 919
284 942
284 1314
285 1002
285 1003
285 1035
285 1304
285 1307
286 1081
286 1637
286 1880
286 1883
287 1660
288 379
288 1553
289 415
289 912
289 958
290 1198
291 339
291 1791
291 1946
292 1855
293 509
293 1382
293 1404
294 1915
295 332
295 429
296 650
296 783
296 1507
296 1601
297 438
297 1083
297 1089
297 1465
298 467
298 1892
300 317
300 658
300 843
300 864
300 1063
300 1135
300 1495
300 1973
301 1197
301 1256
301 1867
301 1966
303 390
303 929
303 1810
304 314
304 463
304 615
304 697
304 1038
304 1356
304 1906
305 938
305 950
305 1429
305 1615
305 1625
306 747
306 1709
307 315
307 1433
308 479
308 593
308 745
308 1413
308 1871
308 1958
308 1967
309 1806
310 968
310 1109
312 450
312 770
312 1156
312 1902
312 1914
314 766
314 1778
314 1895
316 537
316 1204
316 1732
317 342
317 1360
317 1362
317 1551
317 1590
317 1731
318 648
318 863
318 1234
318 1407
318 1655
319 1359
319 1498
319 1944
320 727
320 1659
320 1671
321 756
322 1572
323 325
323 872
323 1763
323 1868
325 456
325 555
326 507
326 1970
327 902
327 1394
328 1438
328 1508
329 1380
330 1898
331 384
332 388
332 471
332 1412
332 1528
332 1565
333 467
333 683
334 609
335 426
335 772
335 1176
335 1182
335 1917
336 625
336 1499
336 1566
337 907
337 1286
337 1388
337 1474
337 1541
338 791
338 881
339 1749
339 1987
340 406
340 1604
340 1625
341 654
341 1104
341 1209
342 1239
342 1590
343 750
343 774
343 940
344 492
344 697
344 1422
344 1696
344 1788
345 860
346 1006
346 1195
347 666
347 965
347 1884
348 784
348 1484
349 1092
349 1413
350 363
350 870
351 1788
352 1422
352 1527
352 1756
353 532
353 612
355 388
355 1828
355 1978
357 1917
358 1196
359 1132
359 1159
359 1251
359 1756
360 984
360 1030
360 1985
361 1811
362 535
363 1565
363 1742
364 693
365 1836
366 617
366 1505
367 940
368 1287
368 1428
368 1629
369 1598
369 1792
370 543
370 1064
371 372
371 428
372 665
372 903
372 1736
373 1342
374 1313
375 1122
375 1228
375 1666
375 1887
378 592
378 695
378 1220
379 623
379 701
380 594
380 1842
381 1539
382 1804
382 1900
383 669
384 575
384 1336
384 1526
384 1651
385 434
385 1088
385 1249
385 1493
386 1156
386 1419
388 588
388 1316
389 557
389 574
389 761
389 892
390 1102
390 1932
391 1048
391 1162
391 1804
392 1090
392 1872
392 1999
393 544
393 780
393 1496
393 1927
394 517
394 644
394 756
394 1430
394 1783
395 1556
395 1975
396 785
396 1749
396 1980
397 944
397 1146
397 1371
397 1870
397 1969
398 555
398 894
398 1243
398 1863
398 1878
399 683
399 1447
399 1916
400 663
400 718
400 1630
401 540
401 1327
401 1667
402 1548
403 433
403 437
403 577
403 827
403 1363
404 766
404 1147
404 1547
405 799
405 844
405 869
405 1510
406 493
406 872
406 1117
406 1594
406 1872
407 734
407 806
407 820
407 1582
407 1819
408 561
408 1308
408 1658
410 1515
411 418
411 678
411 1107
411 1229
411 1394
411 1977
412 1279
412 1440
413 483
413 511
413 1814
413 1945
414 588
414 601
414 665
414 679
415 484
415 1116
415 1643
416 474
416 1016
416 1799
417 877
418 920
418 1500
418 1788
419 1668
420 681
420 1539
421 776
421 1699
422 988
423 598
423 948
423 1930
424 818
424 1177
425 632
425 1061
425 1828
427 1424
428 554
428 770
428 1106
428 1842
429 472
429 1749
430 716
430 1158
430 1617
430 1707
430 1804
430 1899
430 1939
431 1125
431 1328
431 1644
432 628
432 880
432 1082
432 1101
432 1259
433 1094
433 1907
434 1611
435 1001
436 539
436 786
436 1079
436 1171
436 1519
437 1854
438 895
438 1002
438 1562
438 1972
439 567
439 939
439 1428
441 1476
442 513
442 1893
443 455
444 594
444 706
444 759
444 853
444 1739
446 1398
446 1452
446 1855
447 1163
448 1149
449 584
449 981
449 1074
449 1272
450 1097
450 1926
451 604
451 809
451 1250
452 478
452 672
452 1158
453 814
453 1025
453 1039
453 1560
454 1335
455 587
456 459
456 791
456 1693
456 1883
456 1997
457 664
458 723
458 919
458 951
458 1155
459 1624
459 1847
460 591
460 1689
461 519
461 901
462 701
462 720
462 743
463 625
463 1017
463 1811
464 845
464 1460
465 1447
465 1916
466 1285
466 1290
466 1296
466 1317
466 1585
466 1851
466 1909
467 928
467 1032
467 1090
467 1380
467 1601
467 1610
467 1896
468 664
468 1367
468 1904
469 585
469 1037
469 1432
471 621
473 1705
474 764
474 1420
474 1610
474 1657
475 626
475 1796
475 1891
476 801
476 1047
477 1684
477 1972
478 993
478 1470
479 790
479 949
479 1262
479 1350
479 1696
480 597
480 1280
481 532
481 533
481 1540
481 1934
482 1463
482 1630
482 1681
482 1855
482 1962
483 1452
483 1655
484 1650
485 549
485 1097
485 1152
485 1188
485 1444
486 1041
486 1146
486 1799
487 1248
487 1820
488 494
488 1707
489 1501
490 582
491 724
492 1240
492 1420
492 1704
492 1968
493 1405
494 643
494 1114
495 1204
495 1317
496 927
496 1502
497 537
498 975
498 1926
499 1676
500 675
500 1686
500 1774
502 1587
502 1785
503 1203
503 1495
503 1680
505 775
505 841
505 1369
506 1679
507 1703
508 695
508 1173
509 945
509 1971
511 566
511 1495
512 568
512 716
512 738
512 1922
512 1969
513 640
513 1727
513 1900
514 1521
515 754
516 575
516 913
516 1097
516 1463
519 1266
519 1316
519 1491
519 1604
520 643
520 740
520 1454
520 1556
521 779
521 1101
521 1178
521 1435
521 1590
522 723
522 1678
523 714
523 904
524 544
524 708
524 1675
524 1768
524 1852
525 728
525 1200
526 616
526 938
526 1173
527 605
528 564
528 831
529 560
529 1142
529 1160
529 1385
530 1600
530 1891
531 983
531 1127
531 1400
531 1457
532 729
532 1213
532 1390
532 1721
533 1273
533 1333
533 1947
534 882
534 1755
535 986
535 1478
535 1498
535 1597
536 571
536 864
536 927
536 1014
537 1446
537 1905
538 799
538 995
538 1024
538 1274
539 559
539 1229
539 1821
539 1827
539 1986
539 1991
541 923
543 989
543 1270
544 1681
545 957
546 1214
546 1540
546 1696
546 1919
547 1645
548 885
548 1241
548 1806
549 998
549 1082
550 558
550 920
551 1634
551 1772
551 1909
552 843
553 1734
554 713
554 967
556 1388
556 1666
557 1558
557 1653
558 793
558 1038
558 1282
558 1310
558 1385
558 1626
559 1034
559 1382
560 741
560 1416
561 799
561 1925
562 1673
564 1810
566 1547
566 1625
566 1886
567 1319
568 681
568 1283
568 1895
569 1599
569 1605
569 1677
571 1156
571 1514
572 641
572 723
572 1263
573 1402
574 1125
574 1266
575 1310
576 1142
577 1592
577 1994
578 1198
578 1263
579 956
579 1222
580 1123
581 1111
581 1230
581 1330
582 735
582 865
582 1047
582 1156
582 1218
582 1412
582 1704
582 1933
583 1027
583 1255
583 1975
584 1392
584 1893
585 1027
585 1042
585 1470
585 1892
586 777
586 1721
587 1431
588 673
588 1918
588 1958
589 949
589 1312
589 1392
589 1691
590 1498
590 1739
591 937
591 1228
591 1247
592 1486
593 854
593 983
593 1300
593 1945
594 885
594 918
594 1007
594 1729
595 1868
596 1164
596 1535
597 685
597 707
597 1312
598 673
598 1640
599 1124
599 1132
601 800
601 1821
602 736
602 923
602 1598
603 909
603 1881
604 1779
604 1837
604 1891
605 925
605 1207
605 1249
606 961
606 990
606 1046
606 1324
607 614
607 1812
608 646
608 956
609 659
609 827
609 971
611 1581
612 1023
613 1447
614 827
615 1573
616 1233
616 1566
616 1660
617 894
617 1562
619 744
620 1366
620 1883
621 1461
623 804
623 937
623 980
624 950
624 1000
624 1513
624 1520
625 979
627 1073
627 1243
627 1507
627 1601
627 1941
628 1127
628 1233
628 1512
628 1990
630 1204
630 1395
631 1023
631 1670
632 1627
633 1369
633 1508
633 1786
636 1745
637 1330
637 1584
637 1982
638 815
638 1476
638 1944
639 874
639 1366
639 1768
640 1047
640 1807
640 1822
640 1833
641 905
641 1367
642 1696
642 1782
642 1960
643 721
644 915
644 973
645 1900
646 1528
647 1792
648 1326
649 679
649 1224
649 1715
650 1101
651 730
652 1537
653 845
655 1544
657 906
657 941
657 1049
657 1107
658 953
658 1336
658 1655
658 1834
658 1924
659 660
659 1174
659 1220
659 1412
660 828
660 1178
660 1757
661 776
661 1023
662 895
662 933
662 936
663 797
663 1262
663 1365
663 1799
663 1902
664 1401
666 1111
666 1125
667 704
668 869
668 1987
669 818
669 1673
669 1701
670 857
670 1843
671 1572
671 1849
673 887
674 1356
674 1512
674 1608
675 1557
675 1978
676 680
676 912
676 1785
676 1981
677 760
678 1247
678 1486
678 1830
678 1903
679 1445
681 1909
682 1403
683 1245
683 1368
683 1471
683 1612
684 964
684 1327
684 1818
684 1879
685 1136
685 1730
686 967
686 1012
686 1766
686 1894
687 747
687 1429
687 1856
688 850
689 797
689 1234
689 1823
692 1238
692 1729
692 1779
692 1946
693 1661
693 1755
694 1528
696 1114
696 1996
698 1628
698 1642
699 777
699 1470
700 1245
700 1961
701 792
703 1905
704 1004
705 1194
706 1246
707 955
707 1493
708 739
708 1397
710 1953
711 1547
712 1780
713 1404
714 791
714 1419
715 854
715 1622
716 1096
716 1582
716 1663
717 1665
717 1842
718 1031
718 1484
719 1262
719 1359
720 1004
721 1541
722 939
723 1079
723 1303
723 1555
723 1592
724 902
725 967
725 1207
725 1674
725 1699
726 860
726 1112
726 1599
727 941
727 1826
728 1105
728 1319
728 1481
728 1717
729 899
729 1180
730 1172
731 1119
731 1307
731 1839
732 1080
732 1519
733 1431
734 1205
734 1582
735 808
735 936
736 1006
737 1040
737 1719
738 1442
739 813
740 820
741 1231
741 1248
742 958
742 1855
743 1015
743 1042
743 1496
743 1736
744 868
745 1332
745 1381
746 1157
746 1428
746 1513
746 1857
747 1077
748 1231
748 1238
748 1542
749 1100
749 1130
749 1692
750 1069
751 1263
752 978
752 1850
755 1119
755 1774
756 1613
757 816
757 995
759 1077
760 1502
761 1196
762 1516
762 1536
762 1677
762 1971
762 1998
763 1125
764 1933
765 1922
766 1142
766 1627
766 1675
767 1090
767 1127
767 1330
767 1427
768 1338
768 1516
771 1928
772 1735
773 860
773 1669
773 1858
774 918
774 1826
775 1043
776 1017
776 1372
777 1368
777 1468
777 1584
778 1080
779 1770
779 1818
780 1689
780 1949
781 1075
781 1204
783 1909
784 950
784 1074
786 1329
787 1715
787 1934
788 1118
788 1697
790 1520
793 1455
794 1054
794 1077
795 1168
795 1297
795 1302
797 1509
798 1866
799 1170
800 1458
801 1077
802 1357
802 1582
803 864
803 1824
803 1831
804 1886
805 924
805 1177
805 1503
805 1731
805 1747
806 1223
807 1450
807 1496
808 1069
808 1474
809 1583
810 1189
810 1234
810 1443
810 1548
811 1092
811 1283
811 1580
811 1661
812 902
812 1898
813 1454
813 1656
815 1818
816 1430
817 1167
817 1560
817 1812
818 873
819 1952
820 1064
820 1246
820 1585
821 1109
821 1914
822 1207
822 1418
822 1575
823 1385
824 870
824 1539
824 1696
825 1286
825 1786
827 1696
828 1139
828 1505
828 1770
828 1897
828 1963
829 873
829 1939
830 1599
831 1227
831 1875
833 1398
834 1619
835 1889
837 979
837 1642
837 1801
839 925
839 1433
839 1869
839 1883
840 1263
841 1952
842 992
843 1119
843 1961
844 1419
844 1663
845 1295
846 1462
846 1487
846 1513
846 1577
848 1606
849 1442
850 1299
850 1688
851 1345
851 1382
851 1748
851 1927
852 1193
852 1412
852 1937
853 1970
855 1880
855 1994
856 1466
856 1569
857 1094
857 1363
858 919
858 1466
862 1160
862 1165
862 1663
863 1060
863 1246
863 1301
864 1485
864 1842
865 944
865 1015
865 1226
865 1261
865 1360
867 1390
867 1846
868 923
868 1274
868 1623
869 1226
871 1564
872 1030
872 1449
872 1714
876 1657
877 1290
878 1289
878 1444
878 1596
879 991
879 1587
879 1854
880 933
881 1487
881 1961
882 1095
883 1060
883 1302
884 1309
884 1408
884 1906
885 1035
885 1286
885 1323
886 1814
887 1143
887 1326
887 1340
887 1935
889 1064
889 1351
889 1795
890 1153
890 1185
890 1658
890 1692
890 1860
892 1363
892 1773
894 1728
896 1201
896 1597
897 1530
897 1647
898 1407
898 1622
898 1813
901 1659
903 1118
903 1176
903 1340
903 1343
903 1973
904 1203
906 1840
907 1348
909 1214
909 1961
910 1521
910 1605
912 1322
912 1636
912 1772
913 929
913 934
913 1140
913 1237
913 1980
915 1202
916 1576
917 1569
917 1571
918 1409
918 1614
918 1803
919 1148
920 1003
920 1271
920 1817
921 950
921 1493
922 1518
923 1971
924 1007
924 1094
926 1561
926 1588
926 1905
927 1079
929 1622
931 1974
932 1880
934 1179
934 1389
935 1519
936 964
936 1524
938 1166
938 1969
939 1399
939 1433
939 1462
940 1832
940 1997
941 1632
941 1635
942 1981
944 1786
946 1034
946 1636
946 1819
947 1933
948 1353
948 1649
951 1480
951 1737
951 1942
952 1378
952 1388
953 1039
953 1825
954 1851
954 1957
955 1223
955 1722
955 1761
956 1236
957 1498
957 1806
959 1335
959 1663
961 1369
961 1450
961 1769
963 1375
963 1502
964 1363
965 1166
965 1566
965 1673
966 1092
967 1275
967 1614
968 1884
969 1131
970 1817
971 1013
971 1417
971 1519
971 1997
972 1363
972 1446
972 1477
974 1741
974 1753
975 1102
975 1810
976 1179
976 1596
978 1753
979 1704
980 1159
980 1368
982 1402
982 1429
983 1008
983 1977
984 1654
985 1046
985 1133
987 1790
989 1628
990 1657
992 1306
992 1541
992 1648
993 1137
994 1254
996 1544
996 1965
997 1011
997 1078
998 1337
998 1492
998 1507
998 1634
999 1644
1000 1509
1000 1832
1001 1141
1001 1351
1001 1488
1001 1619
1001 1640
1002 1064
1002 1450
1002 1950
1003 1401
1003 1667
1004 1159
1004 1541
1005 1658
1005 1905
1006 1484
1007 1523
1007 1881
1008 1648
1010 1268
1013 1307
1013 1406
1014 1304
1014 1708
1014 1918
1015 1064
1015 1909
1016 1877
1017 1206
1018 1379
1019 1307
1020 1694
1020 1731
1021 1655
1022 1252
1022 1544
1023 1913
1024 1095
1025 1130
1026 1348
1030 1366
1030 1446
1031 1477
1031 1527
1032 1807
1034 1093
1035 1760
1035 1806
1035 1836
1035 1839
1036 1211
1036 1320
1036 1445
1036 1876
1037 1949
1038 1496
1039 1331
1039 1794
1040 1169
1040 1666
1041 1435
1041 1588
1041 1786
1043 1288
1043 1456
1044 1705
1045 1672
1045 1759
1046 1142
1046 1963
1047 1397
1048 1496
1048 1875
1049 1562
1049 1920
1050 1258
1052 1881
1056 1161
1056 1427
1057 1374
1057 1936
1058 1327
1058 1591
1058 1720
1059 1523
1059 1604
1060 1593
1061 1173
1061 1662
1061 1814
1061 1839
1061 1965
1062 1133
1062 1772
1063 1663
1063 1736
1065 1713
1066 1283
1066 1301
1067 1313
1067 1362
1068 1872
1069 1702
1070 1636
1071 1263
1071 1461
1071 1467
1071 1880
1072 1373
1072 1424
1072 1577
1072 1905
1074 1644
1076 1826
1076 1832
1076 1993
1077 1333
1077 1412
1079 1457
1079 1628
1079 1748
1080 1778
1080 1978
1081 1638
1083 1241
1083 1445
1084 1568
1085 1365
1086 1302
1086 1707
1086 1881
1086 1926
1087 1573
1087 1845
1089 1569
1089 1672
1089 1834
1090 1289
1091 1102
1091 1713
1091 1947
1092 1976
1093 1456
1094 1223
1094 1479
1094 1748
1095 1356
1095 1604
1097 1342
1098 1407
1098 1447
1099 1334
1101 1699
1104 1434
1105 1236
1105 1701
1105 1831
1106 1581
1107 1283
1107 1463
1107 1490
1107 1580
1110 1933
1111 1279
1112 1883
1112 1905
1116 1149
1116 1322
1116 1662
1116 1711
1116 1737
1117 1896
1118 1850
1119 1126
1119 1556
1119 1755
1120 1471
1120 1638
1120 1912
1121 1849
1122 1361
1122 1614
1127 1438
1128 1722
1129 1165
1129 1251
1129 1789
1130 1446
1132 1792
1132 1829
1134 1308
1137 1323
1139 1571
1140 1149
1140 1207
1140 1257
1140 1580
1140 1852
1141 1324
1141 1364
1141 1937
1142 1455
1144 1699
1144 1719
1145 1444
1145 1731
1146 1917
1147 1274
1147 1351
1147 1439
1148 1599
1150 1223
1150 1562
1150 1956
1151 1664
1153 1158
1154 1351
1154 1609
1154 1622
1155 1333
1155 1444
1155 1468
1156 1185
1156 1607
1158 1391
1158 1656
1159 1977
1159 1979
1160 1696
1161 1467
1161 1957
1162 1249
1162 1869
1164 1789
1165 1184
1165 1216
1165 1229
1165 1884
1165 1992
1166 1603
1168 1239
1169 1477
1169 1557
1169 1567
1169 1883
1172 1499
1173 1826
1174 1613
1174 1820
1174 1962
1175 1786
1177 1911
1178 1767
1179 1725
1181 1723
1182 1829
1184 1445
1184 1794
1185 1736
1186 1329
1186 1948
1187 1375
1187 1631
1188 1682
1189 1243
1190 1656
1191 1950
1194 1245
1196 1912
1197 1563
1197 1568
1198 1432
1198 1475
1198 1609
1199 1945
1200 1428
1201 1651
1202 1518
1204 1690
1204 1761
1205 1318
1206 1988
1207 1376
1208 1362
1209 1469
1210 1460
1211 1265
1211 1411
1211 1831
1212 1611
1213 1459
1214 1235
1215 1319
1216 1321
1217 1437
1217 1635
1217 1662
1217 1681
1220 1291
1220 1529
1220 1776
1222 1572
1223 1273
1223 1756
1225 1260
1226 1370
1226 1394
1227 1698
1228 1908
1229 1423
1229 1867
1230 1258
1231 1948
1232 1337
1232 1734
1233 1534
1233 1638
1234 1690
1238 1305
1238 1909
1240 1664
1242 1288
1242 1310
1242 1605
1243 1654
1244 1691
1244 1992
1245 1332
1245 1745
1246 1440
1246 1485
1247 1705
1248 1646
1248 1807
1249 1250
1249 1756
1250 1396
1250 1898
1252 1569
1254 1325
1254 1671
1254 1793
1254 1835
1255 1337
1255 1530
1255 1808
1256 1588
1257 1418
1257 1688
1258 1355
1258 1960
1259 1631
1259 1818
1260 1359
1260 1676
1261 1722
1262 1955
1264 1935
1265 1417
1266 1602
1267 1416
1267 1460
1267 1665
1267 1752
1268 1434
1269 1353
1269 1811
1269 1827
1270 1384
1270 1941
1271 1345
1271 1497
1276 1927
1278 1620
1278 1695
1279 1407
1279 1545
1280 1745
1280 1970
1286 1370
1287 1842
1287 1857
1288 1730
1288 1878
1289 1939
1290 1669
1291 1483
1291 1648
1293 1299
1293 1857
1294 1329
1296 1793
1296 1976
1297 1348
1298 1320
1299 1360
1299 1857
1301 1405
1305 1628
1305 1891
1306 1398
1306 1915
1307 1471
1308 1317
1308 1372
1309 1342
1309 1408
1309 1938
1311 1793
1311 1871
1311 1897
1312 1808
1313 1671
1313 1914
1316 1940
1318 1695
1319 1969
1320 1882
1322 1500
1323 1515
1323 1679
1327 1639
1327 1720
1327 1897
1329 1707
1329 1728
1330 1790
1333 1711
1333 1852
1334 1465
1334 1955
1335 1544
1336 1573
1336 1895
1337 1873
1339 1647
1342 1838
1344 1701
1345 1846
1347 1382
1347 1654
1347 1956
1347 1992
1348 1775
1349 1776
1350 1462
1350 1823
1350 1905
1351 1367
1353 1807
1354 1600
1354 1963
1355 1366
1355 1776
1358 1569
1358 1895
1359 1615
1359 1637
1364 1482
1366 1945
1366 1963
1367 1818
1368 1522
1370 1788
1371 1469
1376 1492
1376 1537
1380 1479
1382 1779
1382 1899
1384 1444
1387 1646
1392 1650
1394 1981
1397 1590
1401 1561
1404 1710
1407 1922
1409 1452
1409 1994
1414 1777
1415 1996
1416 1720
1419 1751
1420 1646
1420 1979
1421 1572
1421 1607
1422 1458
1422 1897
1424 1645
1424 1684
1426 1861
1428 1537
1428 1849
1430 1725
1432 1574
1434 1981
1435 1543
1439 1659
1440 1761
1441 1515
1441 1545
1442 1492
1447 1919
1448 1833
1448 1979
1449 1531
1449 1875
1450 1469
1450 1574
1453 1991
1455 1896
1456 1842
1457 1530
1457 1762
1459 1715
1459 1940
1461 1934
1462 1494
1463 1537
1466 1468
1467 1626
1468 1607
1468 1930
1471 1584
1472 1545
1475 1813
1476 1662
1477 1919
1478 1516
1478 1652
1478 1806
1479 1818
1480 1912
1483 1980
1484 1615
1484 1711
1486 1958
1488 1786
1489 1576
1492 1598
1492 1840
1494 1673
1495 1738
1497 1754
1498 1912
1499 1829
1500 1830
1501 1643
1505 1640
1507 1724
1507 1827
1507 1908
1507 1928
1516 1900
1522 1532
1522 1590
1523 1736
1526 1996
1528 1819
1529 1707
1530 1883
1531 1759
1531 1908
1533 1719
1534 1628
1534 1763
1536 1844
1537 1744
1542 1715
1544 1722
1544 1784
1546 1870
1550 1612
1550 1891
1551 1569
1551 1756
1551 1790
1551 1828
1552 1776
1552 1800
1552 1829
1553 1626
1554 1981
1555 1649
1556 1580
1556 1702
1557 1748
1561 1601
1563 1691
1565 1701
1565 1872
1565 1960
1567 1693
1567 1778
1569 1966
1573 1803
1573 1877
1574 1647
1575 1856
1577 1601
1580 1583
1581 1888
1582 1699
1582 1927
1584 1743
1585 1729
1586 1874
1587 1602
1588 1611
1588 1881
1588 1984
1589 1687
1595 1623
1597 1770
1597 1797
1597 1998
1599 1695
1599 1833
1601 1837
1602 1628
1602 1729
1604 1705
1605 1690
1605 1739
1607 1842
1609 1732
1609 1917
1609 1965
1613 1740
1615 1628
1617 1629
1619 1992
1622 1725
1626 1634
1629 1743
1630 1859
1638 1777
1638 1902
1639 1905
1640 1695
1642 1686
1642 1779
1642 1910
1646 1989
1647 1803
1650 1950
1651 1682
1656 1665
1657 1690
1657 1766
1657 1819
1658 1793
1660 1752
1660 1780
1660 1823
1660 1915
1661 1692
1665 1785
1665 1941
1666 1824
1667 1694
1668 1718
1669 1828
1669 1901
1678 1852
1680 1890
1681 1800
1682 1832
1684 1802
1688 1808
1689 1827
1697 1844
1698 1865
1699 1739
1701 1707
1701 1989
1702 1732
1702 1992
1704 1735
1705 1723
1708 1787
1709 1802
1712 1715
1712 1936
1714 1991
1717 1772
1719 1922
1720 1968
1722 1773
1729 1846
1729 1901
1729 1912
1733 1855
1733 1893
1742 1792
1743 1853
1748 1862
1753 1884
1754 1876
1755 1964
1756 1895
1768 1943
1770 1948
1773 1849
1783 1826
1796 1873
1805 1975
1807 1960
1809 1984
1815 1912
1816 1986
1838 1922
1839 1975
1846 1865
1846 1996
1847 1916
1848 1965
1849 1889
1854 1897
1855 1905
1870 1973
1872 1886
1876 1921
1876 1952
1879 1890
1880 1908
1890 1973
1893 1932
1900 1956
1902 1988
1929 1961
1930 1964
1950 1976
1956 1996
1972 1979
