2000 3058
68
44
16
7
49
45
93
38
15
33
36
49
32
45
15
80
10
62
10
21
89
44
22
21
15
8
64
62
23
3
70
59
24
56
38
98
20
17
91
55
21
14
39
18
71
61
23
49
62
19
10
15
38
72
86
33
5
92
55
55
27
29
55
21
35
79
65
21
62
78
65
75
25
46
50
2
21
50
58
59
5
73
57
79
4
64
69
59
23
70
74
27
89
91
25
21
10
14
3
27
58
58
69
56
31
76
19
79
33
85
10
51
87
38
2
46
80
11
11
27
76
92
100
20
53
90
88
14
77
83
19
49
75
99
26
12
71
70
6
29
69
92
46
71
72
35
65
31
76
83
89
61
15
70
8
12
14
23
20
15
45
93
43
60
16
72
66
26
34
88
31
65
38
20
80
59
2
67
55
99
13
30
39
9
65
45
16
61
97
32
2
12
12
24
8
66
9
80
90
34
23
65
64
12
40
28
88
10
87
30
7
94
4
61
64
95
8
86
25
33
75
49
7
66
77
36
45
45
5
78
38
53
62
72
93
68
70
29
65
91
74
60
62
15
38
72
79
50
66
90
61
100
59
41
70
83
94
50
76
42
66
37
11
49
81
84
44
53
92
79
87
14
25
83
29
90
2
47
40
12
91
25
52
57
73
67
8
6
58
67
62
84
81
46
58
86
48
98
79
68
90
54
40
1
13
12
2
87
43
66
58
45
71
55
15
83
1
61
2
27
46
16
84
72
52
19
100
63
48
96
63
7
8
13
46
7
86
65
80
48
24
37
65
79
77
86
97
8
22
27
91
9
43
72
44
15
94
58
48
71
39
41
95
93
50
39
58
5
92
15
73
75
46
26
84
36
65
77
75
10
98
60
14
94
33
7
73
56
3
77
61
15
86
81
33
55
97
5
73
4
21
18
44
88
57
8
35
95
62
12
89
18
55
13
36
71
66
67
5
76
2
46
40
66
59
77
59
55
85
46
4
10
59
43
87
9
29
100
19
45
92
90
100
22
91
59
6
35
84
62
90
21
84
76
2
47
8
67
34
25
92
92
82
95
96
88
25
99
100
98
13
57
77
35
22
93
60
97
49
90
24
41
97
26
23
26
93
63
30
28
91
50
80
46
69
2
21
60
84
53
9
71
32
72
1
76
5
11
34
23
91
15
57
86
1
73
97
65
33
74
100
92
8
16
5
5
72
92
88
14
98
12
68
89
17
66
81
16
13
86
97
94
36
89
85
38
29
96
89
60
8
30
51
79
72
69
12
43
72
89
21
23
13
6
76
51
35
68
79
49
65
73
24
39
57
73
30
63
14
56
11
50
6
1
69
89
54
69
6
59
99
31
22
36
2
23
16
57
32
95
16
98
82
23
1
100
78
82
88
15
84
48
23
73
15
39
2
31
52
65
29
54
69
96
35
56
8
14
43
22
76
56
65
19
84
83
66
53
7
77
60
79
69
48
86
38
29
18
13
63
82
95
32
16
61
11
18
32
72
8
93
42
54
13
61
75
41
23
51
5
53
78
94
99
2
46
99
62
84
84
84
21
88
62
90
6
49
55
18
13
77
87
67
17
31
88
67
36
28
52
49
48
68
17
59
68
50
50
99
17
57
84
41
14
87
76
7
36
33
69
73
61
62
65
86
48
27
57
38
71
24
27
68
80
18
23
89
3
75
81
54
50
23
93
88
91
83
61
96
56
65
11
16
1
94
26
35
17
92
41
46
62
90
58
35
31
55
4
73
10
55
81
25
47
25
90
4
81
87
98
43
95
56
62
23
21
23
34
18
79
10
18
95
57
37
96
54
6
4
53
35
65
2
22
7
52
34
28
22
7
18
2
43
60
55
73
36
53
46
82
92
17
93
68
57
50
12
77
75
85
80
73
53
89
92
69
47
21
28
96
50
96
27
27
17
47
98
6
60
10
66
1
26
66
72
66
42
87
42
84
65
74
9
95
95
69
42
62
12
26
83
33
34
36
37
18
22
6
31
62
67
84
82
23
99
3
40
9
41
80
8
33
18
58
12
59
30
5
34
74
82
88
46
17
36
54
17
47
23
43
98
98
70
8
87
32
57
69
92
94
85
41
67
73
83
39
84
54
46
13
7
69
39
45
67
36
85
24
12
50
36
100
63
6
72
46
52
42
60
23
29
9
55
59
17
97
42
30
30
65
18
85
7
54
85
8
42
23
6
6
36
74
96
44
42
55
59
47
90
13
10
61
91
32
33
29
11
76
23
5
42
61
17
90
31
28
80
48
38
60
100
64
57
28
100
67
88
21
62
26
25
78
31
87
82
82
87
4
10
31
21
52
26
73
29
82
2
9
64
61
80
98
15
18
19
26
13
38
51
18
10
89
50
74
8
72
15
3
25
77
41
5
60
12
3
70
64
96
5
30
43
19
11
50
2
13
41
1
11
51
41
32
71
91
78
86
31
16
39
3
54
29
13
97
34
60
46
29
78
3
11
95
12
22
88
47
40
23
1
93
38
19
44
74
6
27
78
17
41
85
78
32
99
89
7
14
100
12
100
27
25
62
87
84
39
53
83
64
24
72
13
79
56
41
91
93
24
61
30
19
77
65
8
98
19
15
46
56
51
20
75
93
9
95
75
42
77
60
80
57
5
16
97
90
25
24
40
92
89
69
65
45
12
54
87
61
66
23
45
79
49
72
76
61
99
77
51
21
47
86
40
87
9
87
26
78
87
6
20
55
95
58
57
75
65
35
32
85
91
97
73
2
20
84
12
6
97
65
95
86
43
79
30
3
90
94
31
16
89
47
25
30
85
77
27
49
100
66
68
51
50
82
91
62
89
81
53
15
26
56
96
81
35
8
27
11
53
91
59
23
75
18
47
89
99
67
19
43
100
4
65
45
75
35
9
43
45
45
88
94
50
97
55
74
14
73
87
1
74
83
77
38
52
84
82
32
95
89
23
21
96
15
59
42
38
97
82
33
40
18
37
82
62
99
79
12
79
48
66
71
45
94
87
56
84
61
100
15
67
65
17
95
73
1
1
4
66
19
47
58
3
60
45
24
74
58
100
68
54
87
95
75
66
45
33
38
85
14
81
41
38
69
17
39
56
36
10
95
77
48
64
84
9
6
92
9
63
5
62
86
39
49
45
23
65
34
31
53
47
57
26
72
6
62
13
38
70
30
71
9
66
21
58
53
91
79
69
57
22
58
15
15
98
67
90
82
49
2
7
41
61
78
86
11
84
33
64
83
93
9
69
38
71
60
74
28
78
34
38
52
90
96
6
28
100
26
51
6
56
92
98
8
65
52
19
71
77
86
12
72
14
12
3
49
10
52
15
53
46
13
78
24
83
16
67
80
41
69
32
80
38
59
43
42
91
54
56
21
71
90
91
39
91
28
11
8
43
23
51
26
71
78
83
54
13
3
36
40
62
18
29
22
62
54
41
41
43
76
98
16
40
40
19
57
51
35
38
30
75
92
32
42
43
14
77
28
68
17
9
22
83
75
75
7
10
80
94
73
89
42
23
15
63
23
48
47
1
45
56
34
49
70
7
84
18
70
10
88
40
41
21
6
27
44
49
41
27
52
25
18
81
66
99
9
28
26
79
87
87
11
66
14
29
69
20
18
3
30
44
22
36
43
95
66
77
26
26
6
79
34
40
76
52
90
10
61
73
62
69
94
70
46
50
37
43
50
95
26
100
7
92
71
51
96
39
23
9
28
17
39
36
9
88
54
29
6
53
78
4
85
20
62
42
70
63
82
23
37
55
63
66
88
56
33
52
91
55
56
82
39
28
42
1
65
62
73
3
76
13
67
5
33
28
73
79
61
80
58
57
58
58
58
45
71
46
68
55
99
17
77
87
66
24
31
39
97
75
98
91
44
10
33
12
75
72
47
33
8
41
64
36
44
71
22
89
75
26
51
87
12
22
77
81
82
50
81
71
33
88
90
76
81
22
26
65
36
62
16
66
15
68
63
75
6
57
33
58
76
32
84
11
66
71
44
6
75
20
50
85
50
53
68
74
74
29
70
16
44
71
28
88
100
18
99
43
26
96
4
26
94
72
2
66
53
98
96
36
66
56
14
96
87
39
17
5
77
25
79
12
78
83
87
99
82
97
55
43
40
57
54
72
85
2
99
27
50
6
57
8
65
67
86
54
65
36
66
73
51
28
68
1
5
92
54
71
55
40
29
32
78
60
11
37
51
36
46
35
86
62
38
77
21
50
74
66
89
52
18
2
63
1
78
25
56
82
62
91
73
38
1
80
79
86
4
10
2
54
49
83
25
6
33
11
31
29
90
32
76
37
75
41
82
43
11
53
10
29
11
83
35
83
67
5
100
61
24
8
77
95
62
61
79
17
8
39
69
84
86
57
2
28
30
73
70
30
77
72
53
10
97
17
64
43
32
46
53
13
74
38
73
60
92
86
49
26
96
10
86
81
6
86
72
31
68
82
99
55
51
95
67
44
50
83
49
28
78
20
23
65
51
86
9
12
72
39
12
45
37
63
38
51
45
67
41
84
48
8
32
86
16
0 310
0 1533
0 1914
1 389
1 1941
2 279
2 1011
2 1147
3 232
3 477
3 849
3 1533
4 821
4 978
4 1586
4 1938
5 406
5 447
5 736
5 1661
7 130
7 438
7 1426
7 1684
7 1791
8 142
8 576
8 703
8 725
9 289
9 1440
10 847
11 708
11 761
12 934
12 1662
12 1870
13 173
13 187
13 445
13 1239
14 214
14 1499
15 561
15 764
17 71
18 202
18 1186
19 323
19 927
19 1776
19 1943
20 210
20 597
21 746
21 1215
21 1398
21 1610
21 1968
23 104
23 1902
24 227
24 997
24 1291
24 1595
24 1823
24 1951
25 1875
26 439
26 477
26 540
26 556
26 1487
27 67
27 100
27 922
28 383
28 1671
30 150
30 537
30 967
30 1281
31 489
31 608
31 1011
31 1439
31 1625
32 206
32 576
32 1504
34 966
35 822
35 849
35 1266
35 1631
36 187
36 755
36 967
37 378
37 563
37 1030
37 1653
38 296
38 374
38 733
39 839
39 1431
39 1561
40 257
40 1510
42 284
42 857
42 1446
42 1487
42 1669
43 493
44 183
44 248
44 401
44 438
44 512
44 1534
44 1592
44 1777
44 1866
45 107
45 228
45 704
45 1127
45 1855
46 224
46 692
46 1304
46 1807
47 1408
47 1576
48 161
48 1138
48 1601
49 81
49 156
49 1909
50 893
51 851
51 1163
52 763
52 786
52 982
52 1236
52 1685
53 849
53 1085
53 1262
54 575
54 835
54 1032
54 1034
54 1810
54 1814
54 1977
55 820
55 864
55 1788
55 1944
57 1082
57 1196
57 1714
57 1762
57 1806
58 899
59 394
59 950
59 1532
60 447
60 634
60 833
60 1034
60 1327
60 1661
61 521
61 605
61 1265
61 1476
61 1949
62 175
62 1194
63 181
63 579
63 1911
65 548
65 636
65 1733
66 898
66 1262
66 1592
67 370
67 782
67 1294
67 1360
68 367
68 433
68 615
69 348
69 761
69 998
69 1077
69 1155
70 1624
70 1745
70 1811
71 271
71 368
71 602
71 802
71 1178
71 1399
71 1624
72 465
72 943
72 1257
72 1275
72 1350
72 1575
73 228
73 461
73 842
73 1755
73 1887
74 78
74 372
74 1209
74 1614
74 1907
75 621
75 1557
75 1705
75 1767
76 806
76 1322
77 252
77 431
77 760
77 1659
77 1860
77 1869
78 127
78 1209
79 908
79 1838
80 145
80 959
81 1850
82 650
82 1787
83 473
83 1088
83 1287
84 1860
84 1903
85 1901
86 135
86 597
86 810
86 959
86 1084
87 457
87 590
87 777
87 1226
88 1372
89 1294
89 1436
89 1628
90 125
90 407
90 516
91 886
91 1485
91 1487
92 312
92 964
93 172
93 914
93 1861
94 293
94 619
94 762
94 1428
94 1515
94 1762
95 596
95 958
95 1152
97 508
97 1643
98 170
98 1461
98 1646
99 322
99 808
99 1866
101 361
101 1270
102 332
102 374
102 478
102 805
103 540
103 584
103 755
103 1398
103 1549
103 1556
103 1826
104 294
104 1812
105 203
106 1733
106 1774
106 1890
107 880
107 882
107 1194
107 1506
108 484
108 636
108 1071
109 361
110 1214
110 1377
111 361
111 795
111 818
111 1089
111 1585
112 345
113 673
113 1791
114 507
114 579
114 898
114 1009
115 752
116 182
116 257
117 824
117 1435
117 1798
118 363
118 1785
118 1864
120 696
120 1082
120 1704
120 1852
121 227
121 848
121 1002
121 1504
121 1901
122 1396
122 1923
123 132
123 517
123 1449
123 1456
124 1155
125 984
126 1205
126 1345
126 1845
127 255
127 1520
127 1603
127 1651
128 1361
128 1450
128 1758
129 559
129 1097
129 1160
130 480
130 757
130 1510
130 1631
130 1678
131 606
131 1362
131 1474
132 476
134 303
134 424
135 235
135 1082
135 1127
136 517
137 330
137 1131
137 1335
137 1736
138 658
138 1480
138 1483
138 1670
138 1673
139 487
139 797
139 912
139 1085
139 1194
140 502
140 1718
141 209
141 970
142 380
143 285
143 483
143 846
143 897
144 443
144 562
144 1124
144 1762
145 783
145 800
145 1616
146 660
146 704
146 749
146 1262
146 1379
146 1888
147 397
147 619
147 677
147 1637
148 266
148 1174
149 1014
149 1495
149 1687
150 440
150 585
150 1683
150 1782
151 663
151 933
151 1870
152 244
152 304
152 1081
152 1092
153 548
154 1403
154 1435
154 1510
154 1919
155 688
155 1004
155 1550
155 1653
156 404
156 482
156 802
156 1133
157 864
157 1638
157 1880
157 1929
158 502
159 509
159 522
159 842
160 1687
161 405
161 1389
161 1523
162 1268
163 1115
163 1814
164 1910
166 966
166 1031
166 1821
167 178
167 634
168 358
168 950
168 1676
169 1220
169 1400
169 1735
170 977
170 1434
171 194
171 302
171 1203
171 1314
171 1646
172 713
172 816
172 1118
172 1232
172 1342
173 235
173 793
173 1875
174 1430
174 1883
175 741
175 1811
176 313
176 480
176 1859
177 869
177 1283
177 1299
178 734
178 1457
179 252
179 1165
179 1510
180 672
180 693
180 1392
180 1672
181 550
181 1032
181 1159
181 1775
182 842
182 906
182 970
182 1387
182 1949
183 229
183 544
184 1767
186 304
186 674
186 797
186 890
187 1137
187 1334
188 784
188 861
188 1244
188 1373
188 1774
189 238
189 270
189 391
189 1773
189 1839
190 211
190 213
190 738
190 1729
191 241
191 961
191 1546
191 1962
192 257
192 1083
192 1169
193 518
193 1680
194 628
194 664
194 1402
194 1509
194 1769
195 1437
196 446
196 749
196 985
196 1209
196 1265
196 1599
197 1328
197 1377
197 1884
198 513
198 1349
200 342
201 669
201 1255
201 1766
201 1815
202 372
202 1501
203 379
203 489
203 555
203 980
204 485
204 612
204 1057
204 1095
204 1211
205 725
206 222
206 417
206 1099
207 831
208 585
208 717
208 1269
209 223
209 528
209 1724
210 538
210 1133
210 1259
211 866
211 956
211 1462
212 235
212 432
212 1880
213 1138
214 929
214 1150
214 1222
214 1342
215 1325
216 515
216 1197
216 1618
216 1879
217 253
217 1677
217 1678
218 1542
218 1679
218 1831
219 1156
219 1297
219 1370
220 277
220 302
220 425
220 565
220 851
220 1546
220 1923
221 392
221 996
221 1820
222 381
222 607
222 861
222 1357
222 1783
223 512
223 612
223 970
223 1077
223 1603
223 1911
224 854
224 1151
224 1260
225 867
225 1044
227 1155
227 1519
228 576
228 738
228 1816
229 530
229 1296
229 1387
230 751
230 920
230 1334
230 1394
230 1643
231 700
231 981
232 1292
233 416
233 827
233 1456
234 322
234 621
234 1085
236 260
236 540
236 897
237 373
237 665
238 481
238 664
238 1262
239 1259
239 1602
240 367
240 841
240 909
240 1303
240 1401
240 1858
240 1948
241 361
241 823
241 990
242 353
242 574
243 308
243 1218
245 1096
245 1238
245 1255
246 1332
246 1679
247 1747
248 275
248 1118
249 303
249 665
249 1561
249 1669
249 1761
249 1875
249 1913
250 1407
250 1541
251 631
251 745
251 1528
251 1768
251 1810
251 1965
252 1157
252 1528
253 825
253 991
253 1765
254 387
254 903
254 1198
254 1462
254 1493
255 310
255 1486
255 1612
256 395
256 451
256 1241
256 1325
256 1951
257 593
257 677
257 1264
259 344
259 416
259 652
259 718
259 1196
260 388
260 1833
261 1554
262 752
262 1185
262 1788
263 621
263 1373
264 1605
265 319
265 455
265 884
265 944
266 416
266 1667
266 1864
266 1900
267 859
267 1745
267 1995
268 1170
268 1357
269 1170
269 1617
269 1800
270 1322
270 1825
271 1642
271 1733
272 906
272 1912
273 277
273 387
273 952
273 1313
273 1360
274 1544
275 429
276 703
276 1038
276 1607
277 353
277 663
277 810
277 954
277 1349
277 1941
278 302
278 1021
278 1163
278 1338
279 326
279 1552
280 1368
280 1379
281 1378
281 1778
281 1882
282 386
282 943
282 1082
283 471
284 655
285 599
285 1607
286 503
286 709
286 898
286 1727
287 843
288 1065
288 1340
288 1453
288 1707
289 357
289 368
289 958
289 1811
289 1966
290 746
291 434
291 582
291 1654
291 1751
291 1814
292 366
292 1356
293 1014
293 1903
295 633
295 1036
295 1182
295 1304
295 1751
295 1867
296 476
297 360
297 670
297 1350
297 1413
298 1008
298 1135
298 1539
298 1652
299 951
300 861
300 967
300 1779
300 1988
301 1929
302 1851
305 712
305 761
306 890
306 1137
306 1538
306 1967
307 1480
308 865
308 1900
309 1698
310 472
310 958
311 413
311 442
311 1098
311 1374
311 1583
311 1974
312 1212
312 1247
312 1446
312 1965
313 705
313 771
313 1009
313 1392
313 1967
314 315
314 1055
315 486
315 646
315 1456
315 1474
316 568
316 781
316 868
316 1374
317 1479
317 1988
318 620
318 660
318 688
318 1220
318 1824
319 560
319 598
319 919
319 1044
320 1350
320 1525
321 440
321 488
321 939
322 456
322 745
322 1248
322 1310
322 1470
322 1642
322 1847
322 1905
323 1812
324 811
325 524
325 1728
326 1294
326 1721
327 1891
328 499
328 654
328 1704
329 1945
330 630
330 999
330 1561
331 376
331 884
331 1450
331 1862
332 980
332 1123
332 1992
333 1630
334 864
335 970
335 1353
336 711
336 1180
336 1287
336 1346
337 586
337 887
337 1790
337 1814
338 617
338 1243
338 1283
338 1303
338 1752
338 1887
339 1692
339 1930
341 551
341 920
341 988
342 772
342 1066
343 1410
343 1521
344 601
344 1014
344 1225
344 1422
345 670
347 471
347 847
347 1163
347 1678
348 1625
349 464
349 518
349 928
349 1021
349 1201
350 698
350 847
350 1111
350 1620
351 380
352 1834
353 651
354 377
354 671
354 1298
354 1488
355 395
356 999
357 911
358 1450
358 1759
359 867
360 580
360 901
361 1717
361 1735
361 1776
362 950
363 952
363 1378
364 589
364 1433
364 1644
365 429
365 1364
365 1436
366 531
366 1157
366 1500
366 1529
368 871
368 1392
368 1883
369 567
369 952
370 660
371 645
371 671
371 1607
372 763
372 1504
373 771
373 1082
374 1113
375 672
375 1328
375 1626
376 409
376 419
376 1782
376 1874
378 739
378 833
379 691
379 1321
379 1624
380 666
380 1868
380 1873
381 974
381 1163
381 1861
382 554
382 961
383 386
383 815
384 436
384 1399
384 1605
384 1783
385 1138
386 551
386 937
386 1136
386 1831
387 890
387 1513
387 1918
388 817
388 1566
389 655
389 931
389 1902
390 1054
391 1033
391 1108
391 1116
391 1309
391 1604
392 541
392 1337
392 1338
392 1764
393 822
393 1816
394 1735
396 440
396 1610
396 1781
397 908
398 792
398 865
398 1955
399 1316
400 509
401 608
401 1507
401 1549
402 477
402 1151
403 1727
403 1746
403 1928
404 566
406 997
406 1151
406 1566
406 1655
407 1315
407 1840
408 1066
408 1257
409 1166
409 1301
409 1310
409 1739
409 1900
409 1922
410 451
410 1951
411 628
411 1377
412 604
412 740
412 1960
413 538
413 618
413 1472
414 577
416 586
416 1404
416 1599
417 1279
417 1481
418 1982
420 896
420 1333
420 1419
420 1669
421 482
421 955
421 1740
422 954
423 507
423 726
423 1436
424 927
424 1082
424 1134
424 1609
424 1836
425 493
425 621
425 775
425 1581
425 1698
425 1790
426 427
426 1529
426 1571
427 1266
427 1692
428 1694
429 1913
430 543
430 1324
430 1396
431 1889
431 1907
432 1285
432 1483
432 1755
433 555
433 1448
433 1975
434 647
434 829
434 831
434 1966
435 1180
436 790
436 1157
436 1627
436 1747
436 1808
436 1818
437 837
437 1155
437 1322
437 1564
438 1038
438 1504
439 735
439 771
439 1384
439 1666
441 638
441 1074
441 1208
442 805
443 636
443 1477
443 1759
444 455
444 1980
445 485
445 498
446 568
446 673
446 839
447 452
447 1165
447 1187
447 1909
448 852
449 1009
449 1789
450 1117
450 1239
450 1662
451 573
451 832
451 861
452 843
452 879
452 1404
453 537
453 715
453 761
453 1394
454 533
454 842
454 1117
455 647
455 800
455 1725
456 521
456 901
456 911
457 1008
458 759
458 1882
459 976
459 1396
459 1647
460 1048
461 648
461 1635
461 1818
463 1598
463 1622
464 1312
464 1389
464 1724
464 1772
465 622
465 733
465 1252
465 1804
466 1862
466 1934
467 560
467 724
467 1410
467 1429
468 585
468 1008
468 1172
469 1622
469 1772
471 1073
472 566
473 820
473 1174
473 1259
474 1245
474 1627
475 1235
476 655
476 682
477 756
477 1326
477 1699
478 698
478 700
478 899
478 1703
478 1730
479 711
479 893
479 1450
480 776
480 1066
481 1260
481 1861
482 568
482 825
482 1243
482 1523
482 1621
483 1975
483 1997
484 1827
485 1722
486 648
486 884
486 1432
486 1887
487 717
488 1093
489 802
489 1216
489 1554
489 1961
490 1155
490 1349
490 1697
491 1010
492 1241
492 1801
493 1010
493 1131
493 1604
494 626
494 677
494 789
494 1168
494 1556
494 1780
495 1848
496 523
496 1495
497 727
497 1642
498 1046
498 1444
499 505
499 595
500 837
500 1355
500 1562
500 1955
503 856
503 1549
505 1095
506 1240
506 1301
507 856
508 657
508 933
508 1087
508 1888
509 542
510 1091
510 1320
510 1473
510 1603
510 1958
511 1073
512 1140
512 1872
513 745
513 750
513 929
513 1001
513 1029
513 1102
513 1435
515 1066
515 1878
516 1065
516 1688
518 553
518 969
518 1553
518 1948
518 1955
519 1616
519 1958
520 754
520 914
520 1367
520 1477
521 778
521 1415
522 758
522 1552
523 1552
523 1643
524 1039
524 1048
524 1084
524 1258
526 645
526 672
526 1057
526 1457
526 1591
527 590
527 1252
527 1335
527 1822
527 1836
528 1547
529 1077
529 1360
529 1524
530 610
530 968
530 1621
530 1636
531 901
532 782
532 947
532 1207
533 1132
533 1139
533 1952
534 552
534 1028
535 1548
536 1145
537 625
537 918
537 1062
537 1175
537 1518
537 1770
538 1528
539 946
540 1058
541 679
541 1118
541 1348
541 1698
542 698
542 706
542 1168
542 1338
542 1385
542 1759
542 1769
543 791
543 1846
544 859
544 1063
545 642
545 784
545 1739
546 549
546 611
546 720
546 1867
547 1556
548 1195
548 1209
548 1566
548 1611
549 854
549 1971
552 826
552 1390
553 1007
553 1078
553 1158
553 1833
554 736
554 780
554 791
554 1057
554 1858
555 739
555 1201
557 656
557 757
557 802
558 788
558 1043
558 1140
558 1759
559 1210
559 1422
560 1826
561 1106
562 1066
563 919
563 1095
563 1889
563 1913
563 1964
564 1213
565 1709
566 1021
566 1507
567 836
567 1896
568 902
568 1866
569 802
569 1246
571 676
571 1653
572 632
572 1083
572 1423
574 865
574 941
574 1564
574 1898
575 1924
576 1119
576 1811
578 764
578 1392
579 656
579 1098
579 1109
579 1290
579 1458
579 1736
579 1871
580 706
580 1199
581 715
581 1476
581 1791
582 641
582 729
582 1692
582 1875
583 710
583 1450
584 937
585 662
585 1596
585 1899
586 1384
586 1588
587 1196
587 1710
590 1290
590 1631
591 696
591 738
591 832
593 873
594 886
595 1231
595 1533
595 1610
596 895
596 921
596 1931
597 1560
598 1177
598 1557
598 1571
599 1097
600 685
600 750
600 1125
600 1393
600 1569
600 1793
600 1936
601 1438
602 829
602 917
602 1568
603 1060
604 626
604 1649
606 936
606 1696
606 1863
607 1098
607 1129
607 1297
607 1554
609 946
609 1512
609 1719
610 1057
610 1229
610 1537
611 873
611 1747
612 1479
613 985
613 1555
614 1335
614 1354
615 689
615 1342
615 1532
616 674
616 1113
616 1457
616 1466
617 705
617 1199
617 1560
619 1294
619 1834
621 1107
621 1377
621 1475
622 736
622 846
622 1379
622 1951
623 697
623 1037
623 1173
623 1305
623 1325
624 1495
624 1706
625 766
625 1050
626 1715
627 1407
627 1465
628 1492
628 1999
629 867
629 1357
629 1752
630 1200
632 666
632 1109
632 1704
633 804
633 1272
633 1632
634 1254
634 1759
634 1824
635 1264
635 1953
636 780
636 1214
636 1672
636 1910
637 729
638 718
638 822
638 899
638 1227
638 1561
639 966
639 1048
639 1531
640 1005
640 1215
640 1484
640 1542
641 1000
642 831
642 898
642 1447
642 1773
643 817
643 1133
644 1689
645 942
646 720
646 1675
646 1719
647 1165
647 1547
648 1329
648 1357
649 838
649 1751
649 1911
650 1798
651 1760
651 1914
652 990
652 1142
652 1338
653 706
653 1559
653 1788
654 958
655 916
655 952
657 1368
658 914
658 1615
658 1852
659 766
659 779
659 1504
659 1525
660 1740
661 740
663 767
663 925
663 1182
663 1716
664 1832
664 1849
665 668
666 793
666 1276
666 1846
667 1176
667 1388
667 1657
667 1784
668 712
668 820
668 863
668 1635
668 1755
668 1909
668 1960
669 926
669 1814
669 1866
670 929
670 1615
670 1751
671 1380
671 1456
671 1533
671 1843
673 1184
673 1528
673 1735
674 1185
675 1799
676 1210
676 1268
676 1351
676 1537
677 1481
679 1453
680 966
680 978
680 1713
681 1179
681 1439
681 1537
681 1969
682 1395
683 1953
684 912
684 913
684 1235
685 1497
685 1619
686 690
686 701
686 963
686 1128
686 1892
687 1482
688 1182
688 1235
688 1473
689 917
690 1604
691 757
691 1746
692 1292
693 776
693 1072
693 1261
694 880
694 966
694 1684
694 1714
695 1657
695 1900
697 1191
697 1221
698 1311
699 1987
701 709
701 872
701 1132
701 1150
701 1510
702 1230
703 1585
704 1076
704 1866
705 817
705 1760
705 1955
706 970
707 935
707 946
707 1021
708 1831
708 1898
709 1018
709 1672
711 948
712 1734
713 1519
713 1626
714 1049
714 1247
715 977
715 1929
716 1753
717 1362
717 1410
718 883
718 974
718 1107
720 1589
720 1786
721 1187
721 1206
722 763
722 900
722 1468
722 1556
723 1546
724 779
725 861
725 1323
726 1144
727 1003
727 1145
728 1355
728 1782
730 796
730 1332
731 738
731 1885
732 1648
733 1239
733 1706
734 1027
734 1814
735 898
735 1036
735 1459
735 1470
735 1564
737 1170
737 1393
738 1436
738 1524
739 1694
739 1872
741 1303
741 1324
742 951
742 1540
743 1184
743 1619
744 1675
744 1688
744 1936
745 847
746 1023
746 1653
747 804
747 1078
747 1243
747 1285
748 1329
749 755
749 789
749 1127
749 1313
749 1838
750 1974
751 1220
751 1342
752 974
753 793
753 1309
753 1498
753 1843
753 1933
754 794
754 956
754 1053
755 1165
755 1919
755 1977
757 1064
758 1905
759 1686
759 1716
761 1576
761 1946
763 1039
764 1421
764 1552
764 1675
765 1367
765 1837
766 874
767 1147
767 1842
768 1301
771 1377
774 1485
775 1182
775 1365
776 960
776 1130
776 1587
776 1915
777 856
779 780
779 1102
779 1625
779 1700
779 1750
780 1134
780 1783
782 1286
782 1932
783 863
785 791
785 1330
786 1170
787 905
787 1117
787 1689
787 1881
788 857
788 893
788 925
789 897
789 1269
789 1712
789 1828
790 971
790 1339
790 1596
791 819
791 833
791 1212
792 1115
792 1430
792 1445
793 1198
794 837
794 1779
795 1072
795 1754
797 1411
798 1146
798 1406
799 1704
799 1790
800 918
800 1661
800 1716
801 1149
801 1228
802 929
802 1543
802 1651
803 1266
804 1119
804 1165
804 1366
806 932
806 1081
806 1546
807 1250
808 1091
808 1973
810 986
810 1865
811 1392
811 1405
811 1553
811 1659
812 1046
812 1090
812 1096
812 1994
813 876
813 1529
814 1131
814 1343
815 1023
815 1944
817 1593
817 1796
817 1976
818 992
818 1273
818 1307
818 1581
818 1706
819 1328
819 1934
820 853
820 1485
820 1697
820 1973
821 931
821 942
821 1287
821 1912
822 1352
822 1657
823 1223
823 1808
823 1956
824 1324
824 1398
824 1440
824 1502
824 1717
824 1785
826 1927
827 1919
828 1026
828 1355
828 1987
829 1221
830 1001
830 1093
830 1828
832 1154
832 1610
832 1770
832 1889
833 1072
833 1546
833 1683
834 1497
836 926
837 1154
837 1767
837 1805
838 967
838 1011
838 1684
839 865
841 1204
841 1858
842 1293
842 1405
842 1822
842 1981
843 1346
843 1382
843 1493
844 1408
844 1761
845 1155
845 1247
846 1276
847 1003
847 1084
847 1102
847 1107
847 1733
848 1264
849 1859
849 1957
850 1098
851 1448
851 1696
851 1924
853 1239
853 1691
854 1409
855 1381
856 1561
856 1728
856 1739
857 1473
858 1195
858 1425
858 1607
858 1641
859 981
859 1119
860 1532
860 1776
861 1607
861 1793
862 1907
863 1002
863 1558
863 1720
864 897
864 1275
864 1531
864 1850
866 1207
866 1898
867 881
867 937
867 1238
867 1838
868 1313
868 1405
869 886
869 1331
869 1611
869 1625
870 949
870 1488
870 1826
871 1358
871 1480
872 1407
872 1473
872 1714
873 1557
874 1258
874 1616
875 1788
876 985
877 1008
877 1789
878 1471
878 1656
878 1774
878 1827
879 1215
879 1433
879 1768
881 1630
882 1016
882 1734
883 1435
883 1617
884 1261
885 1971
886 1313
886 1959
887 1513
888 1172
888 1433
888 1910
889 1183
891 1942
891 1958
892 1115
892 1700
893 1839
894 1286
894 1685
895 1332
895 1367
895 1655
895 1962
896 1109
896 1486
896 1563
896 1714
898 1275
899 1016
899 1112
899 1138
899 1400
899 1836
900 1722
900 1774
900 1925
902 1356
902 1396
902 1433
903 931
903 1063
903 1657
903 1818
905 1164
905 1189
905 1477
906 1089
906 1382
906 1515
906 1758
907 1334
909 1800
910 924
910 1082
910 1778
911 1024
911 1909
913 1354
913 1834
916 980
916 1321
916 1727
917 1534
917 1782
918 1232
918 1523
918 1857
922 940
922 1001
922 1025
922 1050
924 1321
925 1109
925 1152
925 1878
925 1953
926 1683
926 1824
927 1435
927 1686
929 1660
930 1407
932 1035
932 1281
933 1355
933 1459
934 1140
934 1597
935 1261
936 1421
936 1438
937 1382
937 1915
938 1634
938 1757
938 1984
939 1139
940 1154
940 1405
940 1430
940 1480
941 1143
941 1284
942 1583
942 1868
943 1705
944 1284
944 1433
945 1420
945 1450
946 1923
947 1229
947 1338
947 1805
948 1774
948 1908
950 1666
950 1722
951 1119
952 1108
952 1685
953 1061
953 1210
953 1416
953 1743
953 1754
953 1915
954 1812
954 1949
955 1063
955 1934
956 1896
957 1317
958 1279
959 1120
959 1660
960 1741
960 1821
960 1936
961 1216
961 1730
962 1237
962 1414
963 1201
964 1110
964 1904
967 1141
967 1390
967 1603
968 1400
968 1555
968 1796
970 1204
970 1832
970 1972
971 1402
971 1972
972 1152
972 1378
972 1883
973 1018
973 1599
974 1700
974 1826
975 1066
975 1491
975 1974
976 1091
976 1726
977 1790
979 1681
979 1993
981 1238
981 1532
982 1460
983 1109
983 1744
983 1989
984 1520
984 1865
985 1075
985 1303
985 1404
985 1594
985 1897
986 1691
986 1913
987 1469
988 1219
991 1230
992 1482
992 1921
993 1855
993 1872
994 1551
994 1812
995 1335
995 1589
996 1360
996 1428
996 1797
997 1466
997 1660
999 1507
999 1583
999 1688
1000 1097
1000 1114
1002 1888
1003 1486
1004 1027
1004 1173
1005 1135
1006 1740
1008 1034
1008 1066
1008 1464
1012 1719
1014 1148
1014 1159
1014 1678
1016 1508
1017 1345
1017 1769
1017 1930
1018 1082
1018 1300
1019 1464
1020 1538
1021 1907
1022 1466
1022 1708
1023 1208
1024 1664
1024 1999
1025 1273
1025 1501
1027 1140
1027 1856
1028 1147
1028 1378
1029 1217
1029 1646
1030 1288
1031 1233
1032 1264
1032 1797
1033 1229
1033 1314
1033 1518
1035 1225
1035 1752
1036 1206
1036 1341
1036 1523
1036 1628
1037 1766
1038 1331
1040 1853
1041 1986
1042 1405
1043 1692
1043 1697
1043 1967
1044 1213
1044 1634
1045 1096
1045 1732
1047 1070
1048 1842
1049 1165
1049 1171
1049 1609
1051 1272
1052 1747
1054 1897
1057 1064
1057 1513
1057 1883
1058 1517
1058 1803
1059 1186
1059 1211
1060 1414
1060 1613
1060 1773
1060 1997
1061 1102
1062 1093
1063 1102
1063 1162
1063 1821
1064 1153
1064 1204
1066 1417
1066 1545
1066 1618
1069 1258
1069 1299
1070 1594
1071 1230
1072 1098
1072 1998
1073 1145
1074 1811
1075 1115
1075 1253
1076 1744
1077 1405
1077 1483
1078 1620
1078 1638
1079 1406
1079 1801
1081 1905
1081 1913
1082 1685
1083 1541
1085 1693
1086 1409
1086 1441
1086 1561
1086 1614
1086 1782
1087 1172
1087 1359
1088 1254
1088 1964
1089 1482
1090 1841
1092 1833
1095 1542
1095 1640
1095 1744
1096 1290
1096 1963
1097 1455
1097 1953
1098 1634
1098 1830
1101 1218
1101 1226
1101 1450
1102 1511
1103 1403
1103 1554
1103 1781
1105 1535
1108 1217
1111 1891
1112 1507
1113 1414
1114 1700
1115 1637
1116 1136
1117 1383
1120 1326
1121 1130
1122 1150
1124 1270
1125 1596
1125 1655
1126 1148
1126 1653
1127 1218
1128 1245
1128 1437
1128 1483
1128 1536
1129 1551
1129 1955
1130 1595
1131 1305
1131 1569
1132 1956
1133 1697
1133 1745
1134 1837
1134 1978
1135 1160
1135 1427
1135 1932
1136 1286
1136 1361
1137 1323
1137 1438
1137 1800
1138 1472
1138 1485
1140 1264
1140 1954
1143 1245
1145 1462
1145 1507
1146 1147
1147 1603
1148 1967
1149 1183
1149 1360
1150 1337
1150 1956
1150 1987
1151 1503
1151 1913
1152 1230
1152 1518
1153 1959
1155 1932
1156 1228
1156 1562
1157 1167
1158 1233
1158 1492
1158 1516
1160 1658
1160 1663
1161 1643
1162 1488
1162 1861
1163 1978
1165 1505
1167 1231
1167 1765
1168 1216
1169 1906
1169 1937
1171 1247
1171 1664
1173 1483
1174 1537
1174 1851
1174 1976
1175 1215
1175 1294
1175 1510
1177 1829
1178 1502
1179 1418
1179 1460
1180 1551
1180 1817
1181 1822
1181 1831
1182 1670
1183 1987
1184 1675
1189 1202
1189 1207
1189 1258
1190 1575
1190 1922
1192 1322
1192 1393
1192 1464
1194 1390
1195 1759
1195 1815
1197 1474
1197 1711
1198 1922
1200 1343
1200 1885
1201 1616
1202 1488
1203 1885
1204 1940
1204 1978
1205 1235
1205 1908
1206 1220
1207 1305
1207 1616
1210 1357
1210 1416
1212 1358
1212 1549
1212 1937
1216 1259
1216 1357
1218 1487
1219 1789
1220 1641
1221 1326
1221 1831
1222 1677
1223 1385
1224 1810
1224 1854
1226 1928
1227 1965
1230 1812
1231 1268
1231 1649
1232 1457
1232 1458
1232 1657
1233 1805
1234 1477
1235 1341
1235 1905
1236 1911
1238 1473
1243 1869
1244 1454
1247 1276
1247 1292
1248 1794
1248 1795
1248 1894
1248 1897
1248 1976
1249 1262
1249 1625
1252 1527
1252 1604
1253 1999
1254 1328
1254 1997
1257 1838
1258 1478
1260 1675
1261 1549
1262 1575
1262 1601
1262 1888
1264 1793
1265 1300
1265 1513
1266 1497
1267 1504
1267 1562
1268 1512
1268 1671
1268 1758
1271 1335
1272 1274
1273 1762
1276 1800
1276 1927
1277 1289
1277 1856
1278 1839
1279 1765
1280 1807
1282 1353
1282 1973
1283 1990
1284 1596
1285 1289
1285 1375
1285 1831
1286 1730
1288 1806
1289 1322
1289 1887
1290 1543
1292 1929
1293 1386
1294 1437
1295 1775
1296 1561
1297 1486
1298 1560
1302 1545
1302 1921
1303 1361
1303 1680
1303 1759
1303 1844
1304 1433
1304 1849
1306 1385
1306 1626
1307 1332
1307 1552
1307 1707
1307 1782
1307 1816
1308 1711
1308 1853
1309 1482
1309 1767
1310 1510
1310 1786
1310 1814
1311 1520
1312 1458
1315 1540
1315 1704
1315 1858
1316 1604
1318 1661
1321 1478
1321 1590
1321 1671
1321 1699
1321 1914
1323 1732
1324 1816
1324 1847
1325 1358
1328 1733
1329 1596
1331 1475
1333 1605
1333 1822
1333 1918
1335 1564
1337 1669
1339 1542
1340 1410
1340 1670
1341 1841
1342 1510
1342 1608
1344 1838
1346 1937
1347 1444
1349 1739
1351 1500
1351 1883
1352 1469
1352 1657
1352 1680
1354 1920
1356 1833
1358 1643
1361 1693
1361 1806
1361 1877
1362 1581
1362 1777
1363 1739
1367 1511
1370 1699
1373 1644
1374 1623
1375 1491
1376 1736
1378 1439
1378 1714
1380 1435
1382 1509
1383 1543
1386 1815
1387 1901
1387 1918
1388 1718
1391 1778
1392 1856
1393 1591
1393 1765
1393 1964
1395 1695
1397 1424
1397 1443
1398 1409
1399 1573
1400 1494
1400 1927
1401 1835
1403 1485
1405 1964
1405 1995
1406 1816
1407 1719
1408 1933
1411 1646
1413 1453
1415 1575
1415 1973
1416 1721
1417 1780
1419 1674
1422 1429
1422 1680
1422 1776
1423 1728
1425 1655
1425 1753
1425 1978
1427 1499
1428 1636
1429 1710
1429 1724
1430 1558
1432 1595
1432 1803
1434 1507
1434 1629
1435 1504
1436 1785
1437 1779
1440 1824
1441 1656
1441 1982
1446 1627
1450 1728
1451 1737
1452 1727
1453 1849
1453 1888
1453 1919
1454 1657
1456 1845
1457 1641
1458 1519
1459 1595
1461 1567
1464 1707
1465 1703
1466 1650
1466 1707
1466 1763
1468 1833
1470 1847
1471 1509
1474 1665
1474 1794
1476 1850
1478 1910
1479 1484
1479 1547
1482 1764
1482 1877
1484 1724
1486 1693
1486 1795
1487 1747
1489 1762
1490 1603
1490 1919
1498 1660
1498 1977
1499 1670
1499 1817
1500 1859
1502 1937
1504 1961
1507 1581
1508 1798
1508 1932
1509 1672
1509 1872
1512 1988
1513 1741
1514 1619
1516 1805
1519 1975
1521 1785
1523 1694
1526 1747
1526 1851
1527 1584
1528 1866
1529 1751
1532 1833
1532 1989
1533 1626
1535 1688
1536 1762
1537 1601
1537 1877
1538 1877
1540 1800
1541 1674
1544 1773
1546 1666
1549 1796
1551 1623
1552 1915
1552 1956
1553 1800
1553 1982
1554 1595
1554 1716
1554 1814
1557 1928
1560 1697
1560 1866
1562 1930
1562 1982
1563 1789
1565 1839
1567 1800
1569 1686
1569 1746
1572 1650
1572 1846
1572 1920
1573 1857
1573 1873
1574 1606
1579 1763
1585 1768
1585 1903
1586 1856
1587 1814
1588 1983
1589 1697
1593 1787
1596 1841
1599 1844
1600 1874
1608 1681
1608 1908
1609 1855
1611 1854
1612 1828
1614 1756
1615 1774
1615 1882
1615 1915
1616 1835
1622 1711
1622 1947
1622 1977
1623 1738
1623 1871
1624 1785
1628 1807
1630 1806
1632 1649
1632 1870
1637 1659
1639 1994
1641 1909
1644 1911
1645 1837
1645 1897
1648 1810
1650 1824
1656 1658
1656 1706
1665 1990
1666 1685
1667 1937
1672 1748
1674 1758
1675 1972
1676 1940
1676 1947
1676 1951
1676 1971
1684 1707
1688 1889
1692 1770
1692 1965
1692 1983
1695 1881
1696 1951
1698 1951
1699 1879
1700 1733
1701 1940
1703 1993
1705 1843
1710 1939
1712 1786
1714 1988
1716 1938
1717 1857
1728 1937
1732 1883
1734 1849
1736 1954
1745 1796
1748 1797
1748 1895
1758 1986
1760 1815
1764 1788
1767 1939
1770 1974
1773 1949
1775 1908
1775 1919
1780 1935
1788 1871
1792 1861
1798 1988
1805 1846
1806 1823
1810 1881
1815 1885
1826 1942
1827 1893
1833 1836
1835 1842
1839 1978
1840 1872
1841 1990
1842 1854
1845 1878
1854 1897
1856 1926
1857 1979
1860 1888
1864 1868
1867 1950
1867 1961
1868 1933
1875 1972
1884 1973
1888 1985
1897 1972
1898 1909
1900 1955
1907 1942
1920 1955
1922 1925
1928 1958
1938 1987
1943 1965
1988 1999
