2000 2927
82
63
85
40
35
68
51
17
26
28
61
88
24
28
44
64
19
32
25
6
61
30
12
44
92
7
87
51
41
50
81
17
79
100
67
91
13
64
4
21
48
21
75
18
70
27
85
47
5
34
71
50
53
31
13
40
48
32
46
49
5
81
93
38
97
9
88
13
33
71
88
94
29
95
79
1
16
2
73
18
64
94
3
64
77
19
49
9
31
68
70
85
76
4
43
17
33
86
69
18
9
24
24
43
13
80
61
28
70
19
79
25
27
37
47
5
87
84
23
69
90
39
23
27
66
78
51
81
61
92
55
54
77
13
32
73
9
87
79
26
99
49
88
71
58
51
55
94
98
77
73
24
98
97
87
20
92
88
7
50
14
34
55
40
75
76
41
80
32
63
25
16
15
44
65
81
80
93
36
86
4
81
72
27
75
43
52
60
72
66
63
27
62
75
51
79
32
70
53
24
8
21
40
96
59
30
96
41
25
56
31
93
68
5
22
95
30
39
24
94
64
18
43
69
80
82
60
64
40
81
23
8
73
88
41
69
65
82
29
25
5
69
99
83
1
37
100
87
43
69
6
68
83
5
26
22
53
20
86
79
10
72
30
73
40
72
63
77
97
87
61
94
34
39
69
98
28
26
54
99
90
89
29
13
61
35
94
29
42
82
89
46
11
83
36
65
32
80
56
37
86
6
48
76
4
75
24
48
49
3
69
80
98
68
36
69
38
84
32
17
14
13
30
21
11
100
61
13
5
78
61
97
50
30
85
72
62
89
45
1
21
64
83
5
75
38
28
61
25
23
45
76
18
54
79
16
1
65
44
20
63
87
19
10
66
93
39
81
29
92
51
58
51
19
11
71
30
36
15
62
45
51
20
63
14
32
88
84
10
38
46
64
75
35
52
2
81
9
92
95
75
5
43
57
83
79
8
70
58
63
80
1
10
22
36
37
81
82
80
4
61
62
38
41
100
46
33
25
61
96
46
32
80
93
25
55
60
42
84
33
33
44
26
85
61
91
10
63
30
73
85
56
36
100
48
40
61
32
17
41
13
26
3
88
52
47
38
9
39
11
59
18
51
23
56
3
64
35
45
72
26
55
41
62
51
15
54
40
74
55
51
25
19
56
89
98
41
3
27
75
23
74
41
5
3
25
13
15
74
30
30
98
62
56
19
62
74
95
6
81
41
61
26
23
60
15
88
38
32
87
75
100
94
73
2
5
73
100
7
79
82
14
23
91
11
39
26
96
2
88
29
63
66
36
4
85
53
51
8
40
5
70
96
36
20
73
25
6
24
51
45
7
27
18
68
73
62
32
22
61
47
88
28
7
23
92
24
73
15
24
75
32
73
65
55
19
6
53
10
26
14
62
57
37
44
12
10
92
41
45
61
27
55
28
64
55
61
34
71
65
66
82
28
14
17
72
54
31
6
37
13
82
11
81
49
2
58
84
45
41
97
24
58
84
72
84
17
6
4
17
35
6
42
69
18
4
67
7
45
64
76
97
92
88
8
45
94
97
30
56
58
96
35
87
60
76
94
95
38
48
19
66
35
11
99
13
81
51
43
19
12
12
53
66
97
61
10
24
26
64
40
59
62
63
70
82
41
67
29
47
16
84
23
23
90
12
25
85
25
85
50
78
100
18
97
37
88
91
47
77
3
22
66
40
28
94
93
40
44
66
14
73
95
20
57
48
84
19
79
1
40
44
48
82
92
81
31
7
2
38
86
67
14
41
9
17
29
87
85
12
81
10
17
59
31
84
82
98
90
58
12
48
24
100
71
18
7
92
28
16
74
10
40
64
39
18
89
67
6
50
73
83
90
95
28
1
33
62
92
41
59
27
67
61
91
35
98
80
66
94
87
42
91
79
84
62
95
82
29
83
56
6
75
32
69
36
87
7
5
79
29
16
77
17
27
86
73
29
91
38
33
81
16
43
26
17
25
90
53
45
55
22
64
2
82
84
7
96
47
85
96
74
74
8
15
38
81
33
17
71
40
24
56
81
25
47
26
79
16
32
14
62
100
20
17
34
63
83
86
65
6
43
35
75
94
4
53
59
65
73
33
48
27
60
24
33
56
72
66
93
43
29
47
21
60
22
91
32
93
53
70
40
22
71
85
45
21
46
58
89
64
89
22
80
5
41
43
32
83
19
60
85
37
87
9
96
29
33
11
7
29
92
25
35
8
42
47
43
37
10
33
72
30
16
7
91
41
20
88
70
96
35
21
83
65
77
3
57
82
79
4
1
89
11
20
92
1
71
54
53
7
73
23
14
31
98
48
37
75
8
30
50
10
37
21
19
79
92
33
43
37
52
16
30
22
32
23
20
58
7
83
33
95
43
94
74
97
99
52
61
19
50
10
31
85
17
69
93
3
26
37
57
39
23
11
81
32
44
2
80
15
78
67
34
8
47
15
21
16
61
24
8
30
87
74
46
11
58
73
14
2
42
80
97
6
27
43
67
24
57
34
88
52
62
79
97
6
23
77
27
3
7
39
53
85
96
21
34
65
2
53
46
91
46
78
52
60
10
2
74
1
58
72
31
86
12
100
19
12
39
28
11
66
32
34
83
46
59
60
61
89
53
68
80
40
77
91
90
79
27
53
78
99
31
78
95
31
86
34
32
60
84
88
57
75
20
14
69
54
72
25
40
73
72
3
26
17
27
90
82
86
64
65
81
75
98
7
58
91
30
7
17
9
3
34
97
72
94
97
30
44
38
15
50
36
53
23
83
95
96
99
44
40
34
8
53
35
2
74
16
19
6
85
33
67
38
3
84
95
32
91
69
9
17
16
30
97
82
72
20
15
13
91
63
16
31
81
95
85
43
12
46
13
83
31
30
45
11
67
77
79
98
40
28
74
49
25
15
29
47
91
75
65
96
90
88
98
1
68
19
71
60
7
6
52
53
90
3
74
3
58
45
70
74
16
64
77
76
96
52
65
67
28
32
74
82
98
100
5
70
27
23
26
92
30
19
55
54
17
70
59
18
53
96
42
57
48
34
92
27
57
48
87
33
96
49
86
36
34
34
12
34
78
64
52
3
82
49
41
15
71
72
33
62
36
81
27
14
43
47
4
49
20
56
55
46
60
52
54
22
52
74
91
61
64
5
30
16
78
66
94
96
28
29
71
94
77
79
37
88
63
43
18
12
93
90
33
100
13
44
88
38
85
92
81
9
45
93
38
23
23
84
20
73
66
91
35
89
75
20
24
88
29
5
71
5
47
75
32
5
61
14
80
39
88
60
63
93
10
20
4
30
34
64
90
31
79
74
88
55
67
73
97
18
88
54
85
92
56
78
91
1
37
31
35
31
95
64
6
96
32
50
48
15
83
100
81
36
41
38
49
95
72
45
13
42
95
35
47
19
75
83
22
77
24
12
68
36
48
81
46
6
26
67
37
64
40
74
54
16
87
87
42
88
34
52
96
4
18
75
88
13
63
88
69
14
12
4
96
39
98
31
48
38
39
21
57
9
49
60
29
29
90
36
91
79
35
46
81
40
8
88
20
100
53
21
72
2
21
33
6
77
28
21
79
22
52
34
40
79
20
3
70
21
93
60
78
1
46
28
5
88
94
75
94
70
31
12
95
25
74
62
97
6
12
77
89
87
46
14
63
47
48
24
44
7
41
94
89
67
8
15
78
42
38
56
27
90
22
97
29
16
46
24
80
94
27
83
5
59
72
6
72
54
62
37
78
100
56
82
30
51
43
45
41
74
16
17
9
70
18
65
70
60
49
83
91
34
90
54
4
41
12
87
89
75
49
28
48
95
19
36
79
30
2
7
18
16
50
10
85
26
71
83
30
24
89
75
19
4
3
58
50
91
17
98
39
40
80
69
34
70
62
27
40
10
100
35
65
40
24
97
94
35
23
100
32
63
87
35
100
97
51
57
14
32
93
9
94
56
62
23
45
50
42
59
89
46
97
10
78
33
83
86
5
19
7
55
19
74
55
3
5
77
69
67
37
82
94
63
60
63
66
49
91
73
7
14
73
14
22
45
40
35
91
23
7
95
92
62
71
58
64
41
80
75
12
66
35
47
77
97
64
73
86
95
71
15
48
10
83
11
41
55
20
1
73
12
24
19
70
54
90
2
42
42
38
21
8
77
94
32
75
20
47
94
3
98
82
82
49
10
1
50
21
56
56
53
80
29
83
61
2
29
89
99
33
21
49
22
27
4
50
38
60
14
85
53
92
82
31
99
29
96
56
95
89
91
57
13
78
85
20
45
1
84
62
69
10
35
62
3
62
79
61
6
77
94
13
41
25
56
89
53
95
19
22
64
11
7
1
56
4
59
79
97
90
1
51
54
25
83
82
62
3
97
69
91
33
79
93
21
69
44
42
57
75
91
12
14
71
55
42
41
100
69
15
8
30
79
29
14
52
100
29
57
46
59
80
92
25
11
97
91
25
16
99
70
85
62
18
9
7
27
7
28
61
78
51
35
85
19
99
47
47
43
2
43
8
42
4
24
31
27
18
52
68
26
100
16
19
55
57
19
1
45
5
86
87
38
0 289
0 372
1 228
1 621
2 91
2 803
2 1226
2 1313
2 1860
3 819
3 967
3 1068
3 1794
4 198
4 1182
5 12
5 305
5 574
5 957
5 1183
5 1425
6 519
6 552
6 1146
7 1233
8 860
8 1154
8 1525
9 566
9 1883
10 214
10 482
10 963
10 1422
10 1487
10 1988
11 71
11 201
11 235
11 773
11 1126
11 1939
12 833
12 945
12 1774
13 392
13 421
13 637
13 893
14 115
14 577
15 656
15 672
15 1209
16 394
16 480
16 1739
17 50
17 332
18 1593
19 78
19 237
19 1051
19 1993
20 577
20 794
20 1207
20 1462
20 1832
21 427
21 588
22 379
22 727
22 1636
22 1774
23 648
23 658
23 978
23 1146
23 1475
24 613
24 725
24 1726
25 167
25 292
25 837
25 893
25 1509
25 1722
26 35
26 499
26 1241
27 452
27 904
27 1768
28 214
28 1020
28 1392
28 1645
28 1899
29 1206
29 1972
30 156
30 1419
31 1532
32 86
32 317
32 865
32 1067
32 1340
32 1357
32 1426
33 434
33 1215
33 1910
34 911
34 1290
35 203
35 1196
35 1422
35 1882
36 270
36 1721
37 924
38 193
38 375
38 1411
39 153
39 583
39 613
39 807
39 888
39 1124
39 1578
39 1619
40 555
40 825
40 1240
41 849
42 155
42 1288
42 1637
43 1755
43 1984
44 669
44 1659
44 1669
45 659
45 691
45 758
45 1120
46 287
46 434
46 1331
46 1476
46 1592
47 1710
48 265
48 285
48 1595
49 501
49 889
49 1061
49 1630
49 1853
50 258
50 357
50 1006
50 1497
51 1596
52 228
52 1097
52 1410
52 1711
53 1916
53 1984
54 248
54 370
54 1270
54 1369
56 262
56 1785
57 71
57 79
57 397
57 443
57 1306
57 1549
58 128
58 796
58 1478
59 199
59 276
59 691
59 731
59 1359
60 1993
62 167
63 591
64 1390
64 1685
65 127
65 445
65 1920
66 1400
66 1497
67 1916
68 499
68 723
68 1915
69 1476
69 1981
70 415
70 1054
70 1140
70 1186
71 600
71 1414
72 91
72 126
72 544
72 1710
73 974
73 1275
73 1796
74 441
74 542
74 1691
74 1901
75 1584
75 1744
75 1905
76 346
76 1326
77 705
77 1040
77 1823
80 366
80 574
80 1090
80 1693
81 494
81 686
81 1279
81 1617
82 569
82 1063
82 1115
83 452
83 1918
84 658
84 682
84 826
84 1230
84 1970
85 197
85 1099
85 1783
86 840
86 1464
86 1516
86 1534
87 1072
87 1435
89 456
90 234
90 351
90 517
90 672
90 1880
91 643
91 1031
91 1600
92 365
92 891
92 964
92 1644
92 1915
93 249
93 1264
93 1787
94 341
94 936
94 1136
94 1587
94 1671
95 733
95 914
95 1252
95 1755
96 164
96 212
96 1744
97 952
97 987
97 1228
97 1368
98 650
98 862
98 1062
98 1629
98 1900
99 614
99 1297
100 532
100 1304
101 179
101 377
101 909
101 930
101 957
101 1558
102 608
102 1630
102 1842
103 1417
103 1921
104 1736
104 1928
104 1987
105 1355
105 1626
106 651
106 917
107 324
107 1601
107 1610
107 1847
108 1103
108 1512
109 1639
110 636
110 1100
110 1253
110 1254
110 1492
110 1955
112 1491
113 793
113 1996
114 362
114 524
114 808
115 170
115 883
115 906
115 1031
115 1195
115 1306
115 1817
116 1701
117 147
117 527
118 291
118 1803
119 819
119 1190
119 1533
120 291
120 400
120 1249
120 1517
121 1114
121 1998
122 359
122 380
122 1860
123 902
124 247
124 770
124 971
124 1200
124 1484
124 1846
126 291
126 764
127 438
127 1656
127 1703
127 1775
128 378
128 683
128 1060
128 1294
128 1639
130 355
130 1058
133 766
133 1170
134 645
134 704
134 1085
134 1178
135 170
135 396
135 418
135 1649
136 987
136 1278
136 1323
137 589
137 1724
138 1926
139 1884
141 299
141 433
141 671
141 1457
141 1574
141 1588
142 325
142 409
143 161
143 188
143 1872
144 369
144 497
144 931
145 1093
145 1301
145 1503
145 1598
145 1678
147 568
147 1244
148 1130
149 1472
150 1120
150 1244
150 1483
151 966
151 1583
151 1989
152 309
152 480
153 319
153 1348
154 878
156 1011
158 516
158 1423
158 1653
158 1845
159 487
160 1803
161 399
161 1229
161 1544
161 1548
162 1047
162 1338
162 1584
163 253
163 715
163 1318
164 349
164 743
164 1707
165 682
165 1037
165 1123
165 1361
165 1585
165 1848
166 264
166 727
168 1514
168 1813
169 1178
169 1830
170 173
170 659
171 601
171 730
172 1620
173 1016
173 1037
173 1237
173 1425
173 1604
174 290
174 983
174 1102
174 1542
176 708
176 1108
176 1316
176 1508
177 937
178 1525
178 1608
178 1723
179 233
179 1994
180 396
180 1952
181 510
181 764
181 882
181 1460
181 1851
182 215
182 819
183 525
183 738
183 957
183 1621
184 467
184 640
184 1957
184 1958
185 452
185 1079
185 1869
187 424
187 906
187 1147
187 1203
188 1103
188 1815
188 1824
188 1901
189 254
189 992
191 1231
192 1400
194 199
194 263
194 607
194 1059
195 552
195 687
196 469
196 686
196 1981
197 606
197 1920
198 739
199 361
199 413
199 1092
199 1823
200 1822
202 1224
203 1000
204 365
204 1005
205 356
205 381
205 714
206 440
206 1104
206 1566
207 487
207 502
207 652
207 1549
207 1615
207 1642
208 272
208 497
208 855
208 1853
209 334
209 579
209 950
209 1865
210 360
210 703
210 794
210 810
211 259
211 707
211 847
211 1187
212 1111
213 485
213 604
214 509
214 651
214 1417
215 243
215 576
215 863
215 1294
215 1421
215 1983
216 1368
217 388
217 433
218 1492
218 1523
219 1668
220 1620
220 1684
221 1293
221 1374
222 1311
223 473
223 1081
224 463
224 1052
224 1905
225 412
225 550
225 1362
225 1666
226 373
226 1301
226 1432
226 1487
227 410
227 994
227 1094
227 1307
228 1040
229 524
229 564
229 709
229 1127
229 1916
230 392
231 1258
231 1881
232 1002
232 1009
232 1634
232 1693
233 710
233 1826
234 312
234 459
234 1530
235 1132
235 1256
236 551
236 850
236 1637
237 874
237 1133
237 1637
237 1920
238 1738
239 577
239 941
240 858
240 1917
241 504
241 1352
243 712
243 1224
243 1541
243 1552
244 355
244 671
244 1729
244 1961
245 361
245 599
245 670
245 1047
245 1089
245 1156
246 311
246 423
246 509
247 339
247 841
247 1689
249 1872
250 827
250 908
251 1187
251 1351
251 1682
251 1874
252 429
252 778
252 1130
252 1372
252 1392
252 1453
252 1589
252 1605
252 1640
252 1643
252 1885
253 856
253 901
254 518
254 558
254 731
254 1734
255 1885
257 297
257 676
257 1370
258 547
259 882
260 318
260 960
260 1249
261 735
261 885
261 1636
261 1890
262 411
262 1973
263 667
263 690
263 786
264 620
264 682
264 916
264 1269
265 619
265 1491
266 322
266 490
266 1856
267 1114
267 1229
268 1076
268 1520
269 545
269 1709
270 346
272 1677
273 464
273 763
273 1168
273 1982
274 1847
276 779
276 1350
276 1663
277 900
277 1413
278 1040
278 1970
279 617
279 1425
280 291
280 638
280 812
280 1104
280 1201
281 1443
281 1859
281 1913
282 495
282 722
282 759
282 1913
284 536
284 912
284 1093
284 1266
284 1705
285 328
285 477
285 1384
287 732
289 1540
290 1486
290 1951
291 1468
292 1327
293 1251
293 1907
294 1018
294 1706
295 1956
296 1887
298 1285
298 1807
299 1348
300 420
300 1442
301 329
301 355
301 891
301 1046
301 1661
302 724
302 1761
302 1866
303 1303
303 1811
303 1846
304 614
304 1349
304 1354
304 1778
305 522
305 976
305 1754
306 581
306 884
307 753
307 851
308 1682
309 406
309 805
309 1401
310 1378
310 1536
310 1936
311 750
312 1279
312 1700
313 1875
313 1991
314 1189
314 1323
314 1330
315 1289
315 1490
317 396
317 422
317 1113
317 1425
319 668
319 674
320 330
320 841
320 1429
321 473
321 1345
321 1798
322 592
322 1103
322 1826
323 790
323 856
323 943
323 1042
324 519
324 572
324 925
324 1062
324 1752
325 567
327 534
327 1437
328 712
328 1108
328 1191
328 1437
328 1760
329 584
329 707
329 956
329 1384
329 1717
330 1156
330 1954
331 493
331 1792
331 1834
331 1970
332 1618
333 1088
334 752
334 956
334 1949
335 543
336 1011
336 1240
336 1679
337 1010
337 1340
337 1532
337 1702
338 724
338 1023
339 360
339 1204
340 498
340 1538
341 694
341 770
342 731
342 742
342 936
342 1535
342 1796
343 401
343 1094
343 1283
343 1455
343 1570
344 491
344 1000
345 1460
345 1497
345 1707
345 1761
346 449
347 647
347 894
347 1388
347 1944
348 498
349 441
349 818
349 1189
349 1560
350 1161
350 1171
351 814
351 1516
351 1805
353 420
353 435
353 631
353 694
353 1354
353 1873
355 751
356 944
356 948
356 1603
358 810
358 1036
358 1497
359 1053
360 1181
360 1668
360 1815
361 549
361 720
361 972
361 1813
361 1924
362 755
362 1063
362 1214
362 1421
362 1797
362 1846
363 441
363 1139
364 879
364 1273
365 1244
365 1484
365 1687
366 520
366 1039
366 1517
368 1396
368 1756
369 653
369 1062
369 1572
370 374
370 656
372 574
373 458
373 1256
375 513
375 912
376 485
376 1457
377 987
377 1678
377 1708
378 1279
379 1921
380 1412
381 384
381 417
381 1117
381 1212
381 1829
381 1951
382 900
382 1455
382 1711
383 1125
383 1149
384 598
384 872
384 1671
385 862
385 1543
385 1903
386 1719
387 536
387 710
387 1112
387 1131
388 1529
389 944
390 1002
390 1595
390 1680
390 1727
391 1167
391 1995
392 754
393 992
394 674
394 1207
394 1901
395 1929
396 817
396 833
396 893
396 1129
397 464
397 615
398 439
398 533
398 797
398 1253
398 1510
399 702
399 762
399 1649
400 1523
402 1173
402 1693
403 514
403 1435
403 1505
404 727
404 1262
404 1418
404 1769
406 569
406 1156
406 1571
409 668
409 1563
410 1210
411 502
411 762
411 990
411 1416
412 1604
412 1949
413 958
413 1236
414 912
414 1428
414 1860
415 1145
415 1517
415 1964
416 1112
416 1132
416 1305
416 1490
417 678
417 681
417 1801
418 1062
418 1422
419 504
419 1170
419 1293
420 465
420 557
421 1453
421 1997
422 634
422 1447
422 1794
423 1481
423 1702
424 1732
425 868
425 1130
426 1305
426 1393
426 1541
426 1708
426 1824
428 864
428 1141
428 1305
428 1942
429 706
429 1937
430 609
430 1794
430 1916
431 986
431 1723
431 1915
433 645
433 995
433 1021
433 1373
433 1542
434 1279
434 1679
435 1023
435 1473
435 1794
435 1920
436 1054
436 1476
437 1075
437 1867
438 452
439 485
439 787
440 951
440 1438
440 1548
440 1599
440 1715
442 617
442 1041
442 1629
442 1790
443 626
443 1976
445 1062
445 1198
446 1638
446 1774
448 1195
448 1271
448 1807
449 512
449 790
449 1765
450 664
450 1709
451 1089
451 1338
451 1440
451 1711
451 1722
452 500
452 993
452 997
452 1209
452 1439
452 1651
453 711
453 814
453 887
454 641
454 1504
455 1872
456 1830
457 490
457 1714
457 1857
458 749
458 766
458 856
458 1031
458 1171
458 1738
459 1572
460 1302
460 1304
460 1777
461 1034
461 1147
461 1337
461 1388
461 1424
461 1583
461 1977
462 1965
463 1726
465 642
465 750
465 1387
466 591
466 912
468 878
468 1081
470 1114
470 1361
470 1868
471 1537
472 1041
473 680
474 644
474 1018
474 1154
474 1809
475 1670
475 1683
477 496
477 834
478 1083
478 1752
479 709
479 945
480 622
480 1807
481 1507
481 1775
482 627
482 918
483 1104
483 1300
484 1740
484 1758
485 1552
485 1621
485 1722
486 783
486 920
486 1227
486 1870
487 1131
487 1135
489 1947
490 587
490 1364
490 1580
491 1539
492 1493
492 1760
493 1400
494 714
494 1552
494 1831
495 1462
495 1594
496 946
496 1834
497 516
497 1543
497 1619
498 1330
500 555
500 596
500 1213
500 1254
501 512
501 1338
501 1485
503 691
505 650
505 1172
505 1741
505 1937
506 521
506 1542
507 1049
507 1208
507 1518
507 1795
508 999
508 1074
508 1600
508 1649
508 1723
509 1380
509 1670
510 744
510 1263
510 1575
513 521
514 834
514 964
514 1158
514 1685
515 976
515 1091
515 1284
515 1548
516 1013
518 633
518 887
518 986
518 1593
518 1751
519 590
520 687
520 968
520 1202
520 1349
520 1598
521 615
522 1714
523 1998
524 992
524 1430
525 1130
525 1270
525 1489
525 1588
526 626
526 932
526 1512
526 1771
527 992
527 1344
527 1494
529 1496
529 1499
529 1955
530 1650
530 1905
531 787
532 708
533 851
533 1734
533 1828
534 1001
535 838
536 1650
536 1921
537 655
538 799
538 1619
538 1930
539 839
540 717
540 817
540 1066
540 1195
540 1763
541 806
542 1768
543 1022
543 1079
543 1301
544 788
544 880
544 1928
545 1899
546 704
548 595
549 979
549 995
549 1091
549 1092
549 1849
550 1417
551 1401
551 1529
551 1575
552 577
552 1112
552 1886
553 1213
553 1767
553 1908
554 1758
555 1093
555 1306
555 1441
556 1056
556 1207
557 608
557 1329
557 1543
558 642
558 939
558 1677
558 1942
560 717
560 1247
560 1548
561 880
561 1476
561 1529
561 1636
561 1788
562 1193
563 1746
564 708
564 1600
564 1791
564 1949
565 1127
566 915
567 594
567 1012
567 1818
568 1818
568 1845
569 1425
569 1573
570 813
570 1608
572 628
572 927
572 1011
573 594
573 979
573 1094
575 849
575 1120
575 1264
576 1915
577 699
579 1122
579 1349
580 1178
581 1704
581 1786
582 942
582 1848
583 1565
583 1865
584 1238
585 1763
586 1287
586 1452
587 779
587 1386
587 1940
588 729
588 1711
589 1128
589 1635
590 650
590 1028
590 1531
591 819
591 1174
593 684
593 1188
593 1737
594 621
594 691
594 1293
594 1513
594 1918
594 1962
596 1383
597 1188
597 1195
597 1564
597 1929
598 857
598 1656
599 1534
599 1948
600 768
600 1008
600 1462
600 1485
600 1999
605 1874
606 1537
606 1956
607 681
607 1065
607 1264
608 740
608 1053
608 1534
609 648
609 1056
609 1130
609 1351
610 687
610 1415
611 908
612 708
612 1205
612 1296
613 1964
614 1521
614 1586
615 650
615 1080
615 1162
616 1281
616 1722
617 1526
617 1825
618 915
618 1049
618 1800
619 1570
619 1952
620 629
620 1215
620 1920
621 935
621 1747
622 883
622 1462
623 1837
624 1804
625 712
625 782
626 1977
627 1480
628 1453
628 1575
629 1735
630 817
630 914
630 1698
632 1363
632 1949
633 1738
634 699
634 845
634 1295
634 1311
635 1098
635 1335
636 1190
636 1856
638 1167
638 1683
638 1922
639 1122
641 1649
642 819
642 1939
643 868
643 1323
644 826
645 1722
645 1884
645 1964
646 693
646 1306
647 947
647 1293
647 1715
648 822
648 1093
649 820
649 1296
650 1283
650 1986
651 1613
651 1917
652 1344
652 1410
652 1709
653 1205
653 1225
653 1352
653 1522
656 870
656 1033
657 976
657 1260
657 1907
659 1217
660 718
660 1836
661 666
661 998
662 761
663 1365
663 1832
664 1263
665 819
665 874
665 1358
665 1544
667 1027
667 1201
667 1688
668 1637
669 1208
669 1265
669 1922
671 824
672 1529
672 1835
672 1880
673 1405
674 930
674 1276
674 1573
675 766
675 1149
675 1456
675 1708
676 1037
676 1277
677 1503
677 1753
677 1964
678 766
678 908
678 1621
678 1640
679 1261
679 1892
680 727
680 1097
680 1220
680 1908
681 776
682 759
682 1440
682 1937
683 759
683 994
683 1125
683 1770
684 900
684 917
684 1887
685 1166
685 1477
685 1761
686 752
686 1631
687 1878
687 1906
688 878
688 1089
689 826
689 856
689 875
689 897
690 865
691 704
691 727
691 1805
692 848
692 941
692 1172
692 1894
693 824
693 990
693 1068
693 1270
693 1443
694 782
695 884
695 940
695 1151
695 1825
696 976
696 1432
697 792
697 1073
697 1429
697 1741
698 829
698 1657
698 1720
698 1969
699 1000
699 1748
699 1816
700 980
700 1610
700 1874
701 1787
702 1758
704 1584
704 1593
705 812
705 1363
705 1482
705 1770
705 1969
706 777
706 1058
706 1634
707 1385
709 899
709 1463
710 1162
710 1171
710 1335
710 1341
710 1879
711 804
712 1247
712 1565
712 1783
713 1272
713 1799
714 1904
715 773
715 787
717 815
717 1201
717 1494
718 733
719 1025
719 1139
719 1972
720 990
720 1393
721 987
722 1472
723 1429
724 777
725 1329
725 1795
726 935
727 769
727 932
727 1143
727 1997
729 1321
729 1548
731 1277
731 1464
732 1094
732 1269
732 1384
732 1641
732 1649
733 1526
735 1708
736 839
736 1535
736 1637
737 1292
737 1450
739 1356
739 1549
740 849
740 1258
741 849
742 1515
742 1584
743 1287
744 758
744 1998
745 1157
746 1033
746 1270
746 1517
747 879
747 1906
748 1733
748 1777
749 1362
750 1190
750 1237
750 1533
751 1408
752 1557
754 978
754 1280
755 1543
755 1932
756 1336
756 1802
756 1832
757 934
757 964
757 1381
758 1325
759 1167
759 1514
759 1518
760 770
760 1116
760 1185
761 1190
761 1260
761 1775
761 1785
761 1915
762 975
762 1331
762 1732
763 1059
764 1825
765 1743
766 1753
767 789
767 1030
767 1581
768 793
768 966
768 1003
769 1279
770 819
770 1372
770 1980
771 1230
771 1524
772 977
773 1023
773 1870
774 1342
774 1442
775 1084
775 1190
775 1976
776 1797
777 1067
777 1337
777 1379
778 1553
778 1922
779 1035
779 1060
780 848
780 1078
781 863
781 1403
782 917
783 886
783 1116
783 1673
784 845
786 1045
787 1242
787 1814
787 1952
788 1180
788 1970
790 803
790 946
790 1487
791 884
791 1908
792 1861
793 1752
794 1067
795 1541
796 1408
796 1967
798 1834
799 1092
799 1171
800 849
800 861
800 1033
800 1474
801 1030
802 1492
802 1592
803 1328
803 1470
803 1737
804 1680
804 1897
805 1884
808 993
808 1151
808 1163
808 1767
809 1830
810 1791
811 1101
811 1853
812 1534
812 1745
813 870
813 1255
813 1762
814 982
815 973
815 1200
815 1219
815 1337
816 1066
816 1358
816 1830
816 1831
816 1893
817 821
819 1266
819 1880
819 1955
820 1231
820 1976
821 888
821 932
821 1668
822 893
822 1382
823 987
824 837
824 1218
825 1014
825 1269
825 1289
825 1381
825 1484
827 1252
827 1355
828 1566
829 1559
829 1765
829 1769
829 1839
830 968
830 1818
831 1993
833 874
833 1119
833 1572
834 1455
836 989
836 1026
838 1392
838 1803
838 1990
839 844
839 1405
839 1581
840 1464
840 1854
841 1663
841 1955
842 973
842 1154
842 1715
844 1290
844 1939
845 1457
846 1235
846 1300
846 1914
847 1111
847 1443
847 1685
847 1740
849 1303
849 1437
849 1823
850 1909
850 1927
851 938
852 873
852 1641
853 1998
854 864
854 973
854 1842
855 937
855 1647
855 1820
857 1447
858 1164
858 1454
858 1953
859 944
860 991
860 1146
861 1140
862 939
865 934
865 1284
865 1870
867 1082
868 1023
868 1093
871 1156
872 1228
873 1114
873 1874
874 960
874 1115
874 1425
874 1943
875 1427
876 1092
876 1331
876 1926
877 1398
877 1907
878 916
878 1927
879 1682
879 1780
880 1041
880 1527
881 999
881 1116
881 1579
881 1601
882 1069
882 1178
882 1658
882 1666
882 1859
884 957
884 1282
885 1160
885 1567
885 1659
885 1694
886 1083
886 1227
887 1139
887 1274
887 1456
887 1925
889 1059
889 1588
890 1965
891 1346
892 1197
892 1304
893 1464
894 1510
894 1929
895 1778
896 1009
896 1562
897 1346
897 1885
897 1965
897 1982
898 1181
898 1935
899 1796
900 1760
904 1363
904 1761
905 934
905 1521
905 1769
906 1090
906 1741
908 922
908 1964
909 1148
910 1011
910 1029
910 1234
910 1553
910 1655
910 1690
911 1426
911 1523
911 1572
911 1727
913 1848
914 1052
914 1429
915 1313
915 1567
917 1240
917 1503
917 1700
918 1175
918 1942
919 1056
919 1141
920 1048
921 1790
922 1770
922 1942
923 963
923 1371
923 1459
923 1519
923 1530
924 1368
924 1725
924 1787
926 1695
927 1665
927 1811
928 960
928 1467
928 1479
928 1838
929 1274
929 1614
930 956
930 1392
931 1028
931 1304
932 1182
933 1880
934 1114
934 1182
935 1793
935 1829
935 1905
936 1538
936 1801
937 1576
937 1907
937 1961
938 1345
940 1538
940 1659
940 1901
941 1242
941 1924
942 1417
942 1858
942 1883
942 1981
943 1218
944 979
945 1402
947 1665
947 1809
947 1849
948 1174
948 1425
950 1708
951 1126
953 1007
953 1518
953 1558
953 1616
953 1960
953 1983
956 1056
956 1727
957 1731
957 1863
958 964
958 1658
959 1406
959 1679
959 1785
960 1485
960 1729
960 1802
960 1909
960 1931
962 1468
962 1590
963 1288
963 1738
964 1202
964 1211
965 1473
965 1837
966 1326
967 1005
967 1019
967 1825
968 1231
968 1350
968 1431
969 1129
969 1301
969 1376
971 1364
971 1985
972 1257
972 1628
972 1716
974 1881
975 1356
975 1695
978 1544
978 1795
979 1182
979 1629
980 1857
981 1664
982 1066
984 1464
985 1097
986 1453
986 1938
986 1979
987 1017
987 1484
988 1089
989 1186
989 1590
990 1378
990 1909
990 1997
991 1334
991 1913
991 1926
993 1020
993 1573
993 1800
994 1031
994 1698
995 1219
996 1005
996 1221
996 1346
997 1875
998 1602
1000 1041
1002 1640
1003 1279
1003 1450
1003 1841
1004 1251
1005 1398
1006 1241
1006 1968
1007 1687
1008 1937
1009 1188
1009 1305
1009 1780
1009 1857
1010 1406
1011 1076
1011 1665
1012 1645
1012 1900
1013 1495
1013 1947
1014 1026
1014 1062
1014 1276
1016 1110
1016 1435
1016 1558
1016 1700
1017 1179
1017 1559
1017 1611
1018 1285
1019 1398
1019 1866
1020 1055
1022 1464
1023 1145
1023 1763
1023 1778
1024 1700
1025 1082
1025 1527
1025 1801
1026 1106
1027 1076
1027 1857
1028 1394
1028 1816
1028 1848
1029 1066
1029 1702
1030 1956
1032 1111
1034 1999
1036 1042
1036 1541
1036 1955
1037 1418
1037 1609
1038 1805
1039 1395
1039 1430
1041 1231
1041 1694
1041 1805
1043 1165
1043 1236
1043 1333
1043 1825
1044 1175
1044 1342
1045 1124
1045 1729
1046 1093
1046 1492
1047 1140
1048 1326
1048 1411
1049 1225
1049 1832
1050 1567
1050 1863
1051 1056
1051 1116
1051 1540
1052 1241
1052 1583
1054 1713
1054 1922
1057 1377
1059 1832
1062 1837
1063 1730
1064 1080
1064 1582
1064 1617
1065 1314
1065 1636
1065 1923
1065 1937
1066 1407
1066 1719
1066 1944
1067 1722
1067 1886
1070 1824
1070 1975
1071 1556
1071 1981
1072 1084
1074 1202
1074 1755
1075 1153
1075 1521
1075 1555
1075 1783
1076 1248
1076 1686
1076 1932
1077 1555
1078 1867
1079 1393
1079 1482
1079 1497
1080 1202
1080 1209
1080 1235
1084 1912
1085 1379
1085 1682
1088 1399
1088 1646
1091 1469
1092 1143
1093 1596
1094 1540
1094 1779
1096 1697
1096 1931
1097 1692
1098 1149
1098 1877
1100 1224
1100 1380
1100 1877
1101 1130
1101 1319
1103 1558
1107 1565
1108 1692
1110 1435
1111 1328
1111 1939
1112 1167
1112 1442
1113 1488
1113 1950
1115 1138
1115 1478
1115 1523
1115 1810
1116 1702
1117 1251
1117 1372
1118 1149
1118 1474
1118 1572
1119 1419
1119 1581
1119 1769
1120 1920
1120 1960
1121 1418
1122 1306
1122 1373
1122 1737
1123 1195
1123 1547
1124 1658
1124 1745
1127 1623
1128 1253
1128 1661
1128 1758
1129 1951
1130 1391
1130 1507
1130 1997
1131 1458
1131 1691
1132 1511
1133 1725
1134 1153
1134 1569
1135 1224
1135 1569
1136 1856
1136 1980
1138 1864
1139 1833
1140 1218
1141 1394
1142 1317
1142 1481
1142 1930
1143 1355
1143 1619
1144 1800
1145 1315
1147 1195
1147 1295
1147 1692
1147 1774
1149 1293
1150 1264
1150 1403
1151 1482
1151 1618
1152 1176
1152 1448
1153 1448
1153 1593
1154 1450
1154 1490
1155 1453
1155 1810
1156 1351
1156 1856
1159 1495
1159 1622
1160 1269
1163 1445
1163 1525
1163 1620
1163 1903
1164 1264
1164 1500
1165 1712
1165 1988
1166 1544
1168 1988
1169 1307
1169 1668
1169 1923
1169 1994
1170 1269
1170 1706
1171 1391
1173 1973
1174 1427
1174 1852
1175 1202
1176 1514
1178 1318
1179 1937
1180 1929
1181 1511
1182 1504
1182 1565
1182 1888
1183 1574
1185 1204
1186 1384
1188 1875
1189 1856
1191 1213
1192 1241
1194 1278
1194 1315
1194 1358
1196 1266
1196 1415
1196 1613
1197 1346
1198 1514
1198 1680
1198 1953
1199 1582
1199 1898
1200 1707
1200 1786
1202 1869
1203 1390
1203 1448
1203 1766
1204 1224
1204 1292
1205 1788
1206 1458
1206 1731
1207 1414
1208 1678
1210 1217
1210 1370
1210 1381
1210 1810
1210 1823
1212 1605
1213 1258
1213 1982
1214 1860
1216 1719
1216 1820
1217 1470
1217 1643
1217 1873
1220 1340
1220 1757
1222 1600
1222 1738
1222 1850
1224 1823
1225 1498
1225 1509
1225 1905
1227 1356
1227 1564
1227 1594
1227 1975
1228 1230
1228 1434
1229 1289
1229 1935
1229 1964
1230 1394
1231 1296
1231 1804
1232 1857
1235 1565
1235 1636
1235 1973
1236 1435
1238 1743
1240 1735
1242 1596
1242 1704
1243 1567
1244 1294
1244 1608
1244 1788
1245 1432
1245 1782
1245 1880
1246 1343
1246 1470
1248 1780
1248 1844
1252 1865
1253 1924
1254 1548
1254 1777
1254 1866
1256 1399
1259 1778
1260 1975
1261 1618
1261 1986
1265 1885
1266 1765
1268 1494
1269 1576
1269 1671
1270 1861
1271 1799
1272 1366
1272 1807
1272 1919
1273 1680
1274 1592
1275 1629
1275 1856
1276 1421
1277 1870
1278 1531
1278 1733
1282 1546
1282 1593
1282 1620
1283 1287
1283 1442
1284 1980
1285 1630
1287 1697
1287 1867
1290 1625
1290 1715
1291 1867
1293 1333
1293 1836
1294 1801
1295 1879
1295 1910
1299 1754
1299 1911
1300 1588
1300 1691
1301 1306
1303 1633
1303 1917
1303 1935
1304 1553
1306 1541
1307 1707
1307 1852
1308 1353
1309 1984
1311 1723
1311 1784
1311 1798
1312 1505
1313 1374
1315 1557
1318 1549
1318 1987
1319 1407
1319 1511
1319 1593
1319 1746
1321 1694
1321 1749
1324 1350
1324 1453
1326 1665
1329 1420
1330 1606
1333 1827
1334 1852
1337 1383
1337 1598
1338 1342
1338 1671
1340 1415
1340 1717
1341 1705
1342 1487
1345 1797
1346 1932
1348 1666
1349 1562
1350 1504
1351 1707
1353 1750
1359 1446
1359 1537
1359 1540
1359 1814
1360 1472
1360 1556
1360 1569
1360 1597
1360 1958
1363 1560
1363 1945
1367 1855
1367 1888
1370 1736
1372 1566
1372 1745
1372 1753
1372 1830
1373 1860
1374 1378
1374 1556
1376 1449
1380 1856
1384 1424
1384 1465
1384 1490
1384 1745
1384 1763
1386 1944
1387 1739
1390 1509
1390 1711
1390 1829
1392 1622
1392 1717
1392 1992
1393 1490
1394 1702
1394 1954
1394 1995
1395 1545
1395 1772
1395 1840
1397 1693
1397 1981
1398 1556
1403 1659
1403 1764
1403 1806
1404 1532
1405 1635
1406 1838
1407 1768
1407 1846
1408 1570
1408 1650
1411 1897
1412 1423
1412 1587
1414 1860
1415 1517
1415 1812
1416 1613
1417 1473
1418 1482
1420 1704
1421 1494
1421 1630
1422 1573
1422 1708
1422 1939
1423 1999
1425 1672
1425 1710
1429 1463
1430 1953
1431 1600
1432 1556
1432 1992
1435 1487
1435 1592
1435 1681
1436 1893
1437 1561
1439 1894
1440 1962
1441 1540
1443 1870
1446 1952
1447 1958
1448 1573
1449 1534
1450 1912
1452 1860
1453 1578
1453 1648
1457 1973
1464 1614
1464 1738
1467 1869
1468 1510
1469 1714
1469 1940
1474 1672
1476 1813
1476 1836
1476 1997
1478 1634
1478 1766
1479 1960
1480 1509
1482 1506
1482 1851
1484 1606
1484 1857
1484 1919
1484 1986
1487 1607
1487 1768
1489 1713
1490 1891
1494 1503
1494 1668
1495 1583
1496 1711
1497 1520
1497 1540
1497 1564
1497 1757
1498 1689
1498 1733
1502 1782
1503 1836
1504 1846
1507 1617
1507 1644
1507 1969
1508 1689
1509 1723
1513 1709
1515 1905
1518 1826
1518 1925
1519 1875
1527 1621
1528 1645
1529 1705
1529 1736
1531 1894
1538 1991
1540 1981
1546 1680
1547 1998
1549 1981
1550 1600
1552 1852
1554 1770
1555 1816
1556 1844
1557 1602
1560 1712
1565 1594
1566 1912
1568 1750
1568 1968
1571 1824
1576 1749
1578 1961
1582 1721
1583 1645
1584 1844
1586 1715
1592 1807
1594 1821
1595 1730
1596 1941
1598 1888
1600 1625
1602 1988
1603 1836
1603 1947
1605 1774
1605 1812
1607 1830
1608 1797
1608 1867
1608 1886
1615 1736
1617 1629
1618 1791
1618 1825
1619 1648
1619 1736
1622 1631
1625 1858
1628 1964
1631 1688
1631 1887
1632 1656
1638 1725
1641 1826
1642 1961
1645 1868
1646 1882
1647 1968
1648 1992
1652 1994
1654 1683
1655 1865
1655 1931
1655 1951
1658 1908
1658 1960
1660 1924
1670 1986
1675 1911
1676 1719
1677 1780
1681 1858
1686 1818
1687 1797
1687 1968
1688 1817
1689 1812
1689 1908
1690 1797
1692 1818
1693 1789
1694 1771
1696 1726
1702 1853
1702 1889
1709 1729
1716 1753
1717 1728
1721 1905
1722 1913
1723 1725
1725 1741
1727 1823
1729 1930
1732 1805
1732 1849
1732 1874
1732 1885
1736 1781
1736 1889
1737 1848
1740 1831
1741 1790
1745 1828
1745 1870
1747 1876
1747 1966
1747 1991
1748 1767
1753 1985
1759 1988
1760 1765
1762 1986
1767 1970
1768 1905
1770 1933
1779 1991
1782 1785
1787 1826
1788 1981
1790 1801
1793 1834
1794 1827
1795 1809
1796 1956
1800 1968
1805 1953
1819 1856
1822 1853
1841 1845
1843 1857
1851 1924
1853 1928
1855 1909
1863 1975
1867 1995
1869 1903
1869 1977
1873 1951
1876 1955
1891 1933
1894 1958
1894 1970
1894 1974
1907 1981
1910 1974
1927 1976
1928 1959
1939 1957
1939 1973
1944 1995
1946 1970
1950 1968
