2000 3043
94
92
28
62
36
86
66
59
81
52
4
73
2
53
44
99
19
99
12
76
6
16
48
77
83
53
11
54
46
33
33
65
83
39
100
93
57
51
90
6
36
86
29
27
61
45
70
26
29
59
91
62
31
39
78
35
96
8
95
4
1
68
12
34
35
1
51
63
29
57
52
67
50
27
84
43
16
26
29
29
23
99
98
29
2
58
61
48
52
97
76
10
54
64
64
11
48
45
56
45
23
45
93
68
46
55
80
68
44
3
97
64
39
88
58
34
57
40
88
20
63
71
85
76
94
81
94
73
17
29
76
89
74
14
98
5
67
99
41
84
28
36
13
36
50
20
100
72
53
20
39
22
53
29
100
7
99
93
51
60
91
5
60
4
2
49
29
93
23
31
40
76
43
9
39
69
26
93
33
57
99
32
19
96
99
23
80
4
84
64
18
90
82
4
19
31
44
4
85
15
46
45
45
72
82
9
82
51
34
32
73
38
48
66
51
94
55
58
67
60
86
9
11
42
95
39
83
44
20
27
97
50
69
44
63
67
82
82
46
60
72
54
73
47
84
59
14
87
63
47
80
13
19
40
72
50
38
32
63
64
3
94
6
84
28
21
19
33
44
36
3
61
99
6
82
86
91
90
19
24
87
2
5
62
46
12
44
26
97
97
18
99
63
2
27
83
66
33
27
94
83
8
100
4
37
55
89
61
38
76
64
50
84
32
27
34
22
94
82
34
77
19
4
85
74
2
14
22
94
16
72
6
56
79
94
56
75
64
15
91
8
25
22
64
93
98
54
16
53
71
91
8
44
67
37
40
71
60
37
14
14
23
96
75
27
38
36
30
21
63
90
52
76
65
71
54
47
91
67
26
39
95
74
4
70
93
87
45
55
84
37
7
2
33
58
47
14
36
15
88
12
78
10
46
55
71
52
32
85
52
84
74
60
46
21
43
15
75
6
66
4
85
74
19
97
48
63
27
72
56
26
75
52
7
68
87
84
100
79
68
25
31
44
80
64
80
30
36
100
3
76
57
36
5
16
42
78
99
38
97
15
97
80
63
6
30
16
58
77
5
16
53
7
37
46
57
52
97
97
51
14
66
89
55
93
74
4
80
94
61
13
44
10
60
38
56
42
53
18
67
42
93
18
49
99
43
26
20
57
69
52
51
7
97
83
55
40
91
23
66
29
21
91
69
8
77
88
57
44
15
57
83
32
22
86
70
71
14
78
37
6
50
71
39
26
35
31
100
22
87
14
66
52
27
31
52
30
70
55
90
91
79
85
90
79
8
75
82
71
16
68
2
3
41
90
73
43
17
79
68
30
17
85
79
78
45
68
52
78
11
86
100
73
16
59
47
35
69
27
51
80
14
60
83
98
3
78
78
97
25
4
4
15
2
100
66
48
57
46
49
66
93
56
36
88
4
60
27
28
67
73
63
97
90
96
57
100
31
6
76
40
52
43
81
90
11
21
98
45
7
10
19
7
92
12
85
26
65
72
62
1
96
98
76
77
29
92
10
8
36
32
98
69
65
62
53
91
80
92
15
43
99
2
20
89
76
15
14
55
45
88
14
15
90
42
10
20
82
41
73
59
93
34
29
2
91
66
70
87
54
25
32
77
60
23
55
69
7
90
34
44
61
28
8
92
40
37
47
2
43
51
88
32
14
27
1
78
85
45
87
69
6
93
21
89
37
100
54
97
1
22
30
44
13
81
73
1
20
14
63
46
3
68
19
49
53
98
52
82
40
48
67
46
40
60
8
60
52
78
27
79
48
60
24
2
70
15
23
31
45
28
39
31
91
37
72
92
13
98
79
81
17
41
32
99
34
56
37
37
39
97
33
14
78
52
50
15
6
97
9
27
61
54
2
95
29
10
67
54
70
53
91
21
95
1
61
52
85
8
70
59
38
88
85
5
24
31
29
81
90
48
61
36
68
51
31
47
62
12
22
64
14
20
77
51
19
29
42
99
90
12
73
22
43
43
71
91
6
96
99
18
60
46
74
40
13
60
12
64
7
75
4
78
39
60
40
89
61
86
34
38
7
63
61
86
19
73
66
25
69
98
93
46
96
71
11
69
50
5
71
39
51
71
86
37
48
16
4
40
74
100
76
96
88
39
66
68
80
86
90
31
23
63
29
97
63
3
99
17
65
13
86
48
1
93
65
5
83
31
51
51
20
37
80
82
20
18
6
75
88
37
30
94
11
64
53
69
17
99
18
36
95
49
3
79
40
70
73
65
21
25
20
13
60
97
97
87
9
23
95
22
4
28
40
91
85
49
53
68
20
51
81
13
44
29
89
30
5
93
32
93
11
78
50
31
78
26
74
37
99
54
11
35
91
18
57
97
42
100
7
6
64
36
94
14
67
50
11
33
65
99
8
57
28
51
11
87
82
80
85
98
93
26
25
39
85
10
79
89
89
32
33
40
38
32
50
77
58
28
84
35
14
75
72
46
57
69
48
53
17
17
14
82
58
87
42
19
31
44
51
20
81
92
79
19
77
23
34
67
55
89
13
5
5
5
38
45
72
23
69
60
12
89
93
77
99
19
18
54
89
56
15
33
72
68
12
88
1
12
57
96
8
63
13
61
23
26
68
28
22
61
77
49
30
21
4
65
14
83
90
14
29
38
4
50
64
68
22
26
49
48
63
66
8
83
76
50
38
39
70
37
58
8
41
28
76
26
23
77
78
85
1
24
30
26
81
97
60
64
16
2
13
53
70
25
27
39
89
7
34
79
37
83
82
84
78
19
49
97
94
40
97
53
74
1
80
96
9
44
12
26
27
19
80
4
86
1
48
93
12
82
16
25
18
84
73
97
18
93
67
26
75
3
64
10
81
1
42
68
3
82
19
91
42
52
36
58
76
79
18
21
42
30
24
53
13
98
11
62
43
2
57
45
30
81
13
27
61
1
93
64
87
2
36
13
8
66
25
92
32
35
52
59
48
55
76
85
43
86
35
24
81
82
2
99
59
80
49
81
66
91
26
55
66
41
80
64
62
80
81
87
99
85
39
48
66
95
39
21
12
44
89
48
33
18
44
56
2
45
25
18
35
81
10
15
10
28
97
21
72
27
46
50
32
77
95
1
53
22
9
99
9
19
65
65
49
68
32
45
50
14
12
81
46
4
21
39
78
56
87
8
95
40
17
20
27
69
50
9
87
41
80
24
19
1
30
88
73
16
70
72
24
43
19
51
31
39
77
88
86
47
9
33
74
82
10
62
74
65
20
20
22
67
10
42
69
81
6
35
95
96
2
64
27
97
47
55
51
49
69
31
12
15
8
62
62
75
52
65
85
95
21
55
39
49
14
40
56
56
84
44
50
4
9
33
5
11
49
33
30
99
48
44
42
73
67
10
61
20
17
63
72
52
81
89
63
95
79
25
55
61
74
23
51
75
28
10
3
39
91
42
10
5
95
19
62
36
27
49
70
86
12
72
69
17
54
89
79
19
42
10
92
88
44
68
76
31
80
98
33
61
55
25
77
81
23
41
79
5
18
83
83
3
84
23
96
85
100
22
37
26
67
48
58
80
29
22
95
70
74
53
85
44
67
75
63
33
5
17
77
33
54
61
71
51
99
5
34
60
58
61
87
76
22
57
28
29
3
39
86
87
100
32
34
32
40
87
6
88
49
97
70
27
2
84
13
6
81
82
31
96
78
24
58
90
32
54
43
18
94
84
23
15
39
57
21
33
81
65
49
76
41
80
73
88
88
44
17
91
35
24
83
67
96
35
4
2
39
42
16
26
80
70
49
52
57
97
33
34
11
60
45
35
59
19
19
1
66
70
82
25
97
29
4
55
65
1
17
21
88
86
93
63
67
32
79
26
44
71
31
74
48
8
20
55
6
9
23
41
48
54
24
26
69
91
49
29
60
56
97
56
4
16
46
91
59
83
5
99
80
30
76
77
37
25
12
2
5
5
15
100
92
32
60
67
2
19
51
89
37
59
62
40
6
46
96
80
24
86
92
45
59
82
40
7
35
49
87
73
11
15
68
22
64
3
1
22
47
4
100
96
1
2
2
45
67
23
72
49
69
50
21
3
22
30
100
70
23
100
11
57
8
100
29
43
73
91
35
27
99
37
89
5
57
69
14
40
21
67
71
7
46
86
25
57
6
91
99
9
67
52
18
19
89
42
27
79
68
77
59
84
3
51
73
33
1
97
78
68
34
33
33
29
88
28
79
45
96
76
83
57
12
24
80
80
29
74
77
72
20
100
85
17
75
8
3
57
81
39
29
27
18
72
41
51
5
4
5
54
59
79
86
53
66
91
81
47
39
52
36
13
79
3
20
5
82
43
5
59
2
55
74
73
36
79
39
73
62
59
56
74
60
54
60
22
97
1
98
98
29
28
25
26
65
77
60
71
2
88
54
94
17
42
59
85
60
94
85
14
29
2
15
3
6
49
13
30
49
60
44
51
46
92
27
24
40
42
54
58
54
65
34
99
51
49
87
55
5
63
33
30
51
1
85
7
57
70
75
17
62
9
46
84
69
97
67
17
68
28
33
0 636
0 1013
0 1429
0 1432
0 1581
0 1936
1 582
1 888
1 1061
1 1231
1 1328
2 534
2 824
2 1476
3 168
3 486
3 561
3 821
3 1609
4 78
4 507
4 647
4 1710
5 969
5 1185
6 82
6 879
6 970
7 10
7 71
7 521
7 1193
8 1009
9 710
10 353
10 487
10 932
11 111
11 672
11 1475
12 185
12 751
12 1258
12 1259
12 1759
13 166
13 447
13 766
13 876
13 1013
13 1097
14 1057
15 1472
16 666
16 690
16 871
17 425
17 471
17 802
17 983
18 76
18 269
18 804
18 1402
18 1504
19 1395
20 669
20 729
20 1349
21 32
21 393
21 722
21 794
22 329
22 436
22 796
22 952
22 1084
22 1649
22 1905
23 1401
23 1687
24 75
24 227
25 135
25 334
25 761
25 778
27 356
27 454
27 1044
27 1805
28 983
28 1114
28 1712
29 1586
30 317
30 531
30 1568
30 1646
30 1741
31 520
31 925
31 1335
32 1171
32 1705
32 1771
32 1903
33 699
34 280
34 444
34 516
34 796
34 1220
34 1444
34 1550
35 158
35 387
35 1095
35 1475
36 188
36 536
36 614
36 1905
37 694
37 1372
37 1414
38 1529
38 1575
39 102
40 225
40 1033
40 1044
40 1241
40 1708
41 262
41 324
41 1127
41 1764
41 1843
42 383
42 1004
42 1468
43 677
43 1053
43 1700
44 411
44 1292
45 420
45 669
45 699
45 1002
45 1244
45 1392
45 1478
46 175
46 558
47 913
47 1367
48 213
48 1057
48 1444
48 1738
49 613
49 1622
50 412
50 422
50 440
50 836
50 1236
50 1320
51 1134
51 1780
52 470
52 836
52 878
52 1025
53 663
53 1384
53 1561
54 717
54 841
54 1107
54 1282
55 460
55 513
55 1080
56 154
56 291
56 1013
56 1261
57 888
58 419
59 396
59 454
59 1296
60 184
60 190
60 805
60 1131
60 1537
61 816
61 1262
61 1336
62 714
62 1186
62 1267
63 424
63 532
63 1512
63 1943
64 447
64 1321
64 1428
65 495
65 1457
65 1464
65 1480
65 1540
66 343
66 372
66 1831
67 1761
68 439
68 721
68 1143
68 1766
68 1950
69 519
69 582
69 1179
70 376
70 1082
70 1629
71 145
71 328
71 500
71 542
71 1640
72 1860
72 1914
73 372
73 871
74 989
74 1347
74 1748
74 1749
75 161
75 475
75 622
75 780
75 1199
75 1552
76 850
78 607
78 1550
79 304
79 658
80 216
80 250
81 305
81 1636
83 889
83 1443
83 1458
85 881
85 986
85 1110
86 1281
87 841
87 1217
87 1575
88 124
88 381
89 1288
89 1839
90 170
90 224
90 319
90 866
90 1950
91 145
91 402
92 446
92 856
93 708
93 1473
93 1669
94 304
95 616
95 753
95 894
95 1939
96 166
97 1041
98 105
98 279
98 619
98 1290
98 1404
99 895
99 1504
100 589
100 842
100 910
100 1056
100 1210
100 1224
100 1831
101 563
101 1586
101 1664
101 1787
102 650
102 671
102 1301
102 1378
102 1731
103 783
103 1100
103 1473
103 1687
104 749
104 1167
104 1264
105 851
105 1320
105 1346
105 1414
105 1976
106 205
106 635
106 1181
106 1253
106 1713
107 120
107 240
107 731
107 1102
107 1304
107 1310
109 235
109 1498
110 761
110 856
110 1637
111 593
111 1005
111 1198
111 1276
111 1934
112 1581
113 1524
113 1752
114 558
115 407
115 578
115 784
115 1634
116 490
116 702
116 786
116 930
116 1457
117 894
118 1017
118 1164
118 1298
118 1380
119 1405
119 1757
120 687
120 1208
120 1436
120 1650
121 536
122 1145
122 1229
122 1879
123 426
123 972
123 1417
123 1725
124 966
124 1545
125 179
125 644
125 734
125 993
125 1221
125 1249
127 1227
127 1344
128 1176
128 1761
129 1979
130 604
131 1378
132 149
133 1011
134 459
134 638
134 1622
134 1936
135 1015
135 1951
135 1984
136 558
136 899
136 1135
136 1373
138 518
138 1461
139 1203
140 392
140 1898
141 713
141 1345
142 278
142 1704
144 166
145 335
145 806
146 1920
147 684
147 1235
147 1331
148 477
148 750
148 796
148 1793
149 687
149 1650
150 399
150 416
150 820
151 693
151 1542
152 1306
152 1470
152 1599
152 1685
153 1568
154 731
154 1430
155 250
155 1334
155 1564
156 488
156 991
156 1038
156 1176
156 1240
156 1427
156 1743
157 972
157 1578
158 589
158 1167
158 1698
158 1730
158 1899
159 228
159 518
159 1033
160 1201
160 1966
161 1874
162 636
162 858
162 1408
163 1475
163 1756
163 1846
164 545
164 664
164 1298
165 1844
166 1273
166 1752
167 887
167 1040
167 1397
167 1628
168 1925
169 450
169 510
169 605
169 1396
170 1072
170 1490
172 544
172 1083
172 1228
172 1641
173 579
173 735
173 1166
173 1994
174 699
174 1019
174 1458
175 213
175 319
175 907
177 414
178 919
179 762
179 1720
180 490
180 945
180 1467
180 1913
181 1226
181 1557
181 1992
182 299
182 923
182 1392
183 577
183 749
183 1007
183 1486
185 217
185 408
185 1076
186 635
186 1053
186 1070
186 1620
186 1909
187 915
187 1042
188 255
189 321
189 497
189 1067
189 1095
189 1851
190 1919
191 366
191 596
191 635
191 770
191 1067
191 1334
192 201
192 438
192 1503
192 1955
193 229
193 384
193 723
193 809
193 963
193 1400
194 380
194 630
194 1594
195 344
195 435
195 696
196 1651
197 1197
197 1967
199 432
199 557
199 1469
200 295
200 533
200 1743
200 1758
200 1782
201 224
201 312
201 1198
202 289
202 982
202 1572
203 396
203 404
203 1121
203 1648
204 710
204 727
205 207
205 351
205 1695
205 1847
206 423
206 1230
207 498
207 584
207 694
207 908
207 1555
208 929
208 1275
208 1676
208 1737
208 1942
209 639
209 1448
209 1691
210 1372
210 1451
211 1182
211 1572
211 1759
212 600
212 1144
213 1532
213 1557
214 907
214 1418
214 1646
215 496
215 528
215 913
215 1647
216 539
216 1919
217 574
217 1640
218 885
218 1384
218 1460
219 505
219 1341
220 383
221 224
221 1195
221 1442
221 1785
222 896
223 1120
223 1888
224 652
224 1341
224 1802
225 846
225 1745
225 1976
226 566
226 920
227 431
227 966
227 1857
228 1619
229 341
230 378
230 551
230 1321
231 423
231 593
231 1015
231 1670
232 1103
233 641
234 263
235 1019
235 1980
236 584
236 595
236 1083
236 1630
237 1429
237 1975
238 694
238 1752
239 541
239 655
240 244
240 894
240 1775
241 282
242 815
242 1783
242 1992
243 810
244 311
244 484
244 1148
245 821
245 1053
246 705
247 507
247 529
247 807
247 1142
247 1329
247 1417
247 1869
248 761
248 1073
248 1187
248 1350
248 1986
249 1897
250 693
250 695
251 808
252 632
252 1456
252 1648
253 821
253 1395
254 1169
254 1651
254 1975
255 366
255 746
256 1140
256 1686
256 1716
257 262
257 270
257 503
257 1099
257 1840
258 606
258 821
258 869
258 1121
262 530
262 554
262 1270
263 1160
263 1164
264 993
264 999
265 642
265 1220
266 347
266 634
266 1055
267 1411
267 1933
268 1041
268 1091
269 1036
269 1484
270 474
270 677
271 959
271 1166
271 1517
271 1881
272 1008
272 1170
273 673
273 1088
273 1107
273 1727
274 573
274 926
274 1009
274 1144
274 1610
274 1618
274 1906
274 1969
275 1079
276 810
276 1455
276 1629
277 286
277 888
277 1670
278 446
278 1047
278 1154
278 1171
278 1735
279 501
279 780
279 1805
280 1472
280 1794
280 1844
280 1960
281 743
281 912
281 1562
282 426
282 805
282 1312
282 1326
282 1958
283 1035
284 578
284 1349
284 1708
285 688
285 1123
285 1282
287 347
287 830
288 1346
288 1367
289 1336
290 600
291 703
291 1219
291 1250
291 1772
294 1499
294 1831
295 436
296 400
296 438
296 1327
296 1881
296 1945
297 1239
297 1439
297 1718
298 1737
299 708
299 1994
300 533
300 1055
300 1781
301 407
301 528
302 580
302 1096
302 1415
303 1015
304 1202
304 1755
305 709
305 1886
306 918
306 1287
307 1876
308 897
308 1212
308 1315
308 1340
309 480
310 775
310 1297
310 1440
311 620
311 826
311 984
313 975
313 1031
313 1620
314 620
314 1906
316 770
316 1563
316 1607
317 1098
317 1379
317 1602
317 1689
317 1883
317 1942
318 327
318 529
319 694
319 697
320 918
320 1034
321 1656
322 771
322 1825
323 978
323 1008
323 1196
323 1762
324 1575
324 1922
325 464
325 1507
325 1529
326 867
326 1411
326 1499
326 1558
327 424
327 481
327 1236
327 1354
327 1357
328 667
328 1160
328 1187
329 1521
329 1704
330 352
330 1480
331 513
331 805
331 1269
331 1974
332 379
332 1261
332 1347
332 1533
333 605
333 1273
333 1728
333 1888
333 1953
334 545
335 983
335 1102
335 1658
335 1824
336 1067
336 1159
337 1548
337 1829
337 1975
338 452
339 1390
339 1512
339 1598
339 1841
340 1860
341 904
341 1087
341 1352
341 1491
342 1633
342 1790
342 1928
343 809
343 846
343 1372
343 1675
344 1242
344 1354
346 568
346 1011
346 1406
346 1500
346 1778
347 386
347 678
347 1187
347 1262
348 1120
349 528
349 574
349 594
349 646
350 751
350 1054
350 1462
351 638
351 829
351 854
351 1077
352 425
352 1229
353 592
353 794
353 1322
353 1405
353 1773
354 378
354 537
354 771
354 835
354 1874
355 407
356 526
356 633
356 974
357 570
357 924
357 979
357 1271
357 1341
358 740
358 1310
359 1270
360 871
361 1600
362 1005
362 1896
363 725
364 969
364 1180
364 1252
364 1373
364 1706
364 1849
365 481
365 1791
367 561
367 1144
367 1257
367 1813
368 1572
369 651
369 770
369 1460
370 937
370 1926
371 1266
371 1351
372 470
372 1431
373 1441
373 1972
374 717
374 831
374 1441
376 438
376 1577
376 1867
377 1271
378 461
378 802
378 828
378 977
379 906
379 1129
379 1618
380 1235
381 575
381 730
381 879
382 464
382 1403
383 1005
383 1198
383 1234
384 1577
384 1709
385 1514
386 750
386 962
386 1556
387 579
387 724
387 1086
387 1124
388 991
388 1386
389 487
389 584
389 1970
390 1381
391 915
391 1160
391 1229
391 1391
392 502
393 619
393 672
394 763
394 1491
395 1386
395 1649
396 445
396 481
397 495
397 698
397 1005
397 1044
397 1403
397 1404
397 1597
397 1680
398 1210
398 1334
399 1088
400 495
400 1940
401 692
401 1251
402 659
402 1749
403 1971
404 906
404 1259
404 1381
404 1909
405 661
405 1043
405 1702
405 1769
406 533
407 997
407 1608
407 1644
408 700
408 841
408 875
409 1539
410 548
410 1048
410 1398
410 1676
411 695
412 672
412 1221
412 1312
413 1219
413 1555
414 814
414 862
414 884
415 648
415 1326
415 1454
416 505
416 537
416 1260
416 1769
417 1440
418 522
418 824
420 477
421 1405
421 1507
421 1733
422 813
422 858
422 1880
423 859
423 1360
424 983
424 1844
425 664
425 1373
425 1386
425 1822
426 902
426 1766
426 1862
427 722
427 1131
427 1705
428 1869
429 438
429 1325
429 1800
431 463
431 1025
431 1036
432 618
433 1225
433 1293
433 1702
434 622
434 825
434 1197
434 1304
435 548
435 1876
436 487
437 1111
438 501
438 829
438 1296
438 1669
439 949
439 1131
441 1633
441 1730
441 1745
443 1417
443 1867
443 1949
443 1988
444 999
444 1200
444 1297
444 1311
445 865
446 1076
448 612
448 932
449 501
449 1172
449 1300
449 1593
450 1500
450 1578
450 1627
450 1709
451 537
451 617
451 727
452 1726
453 586
453 908
453 940
453 1303
453 1738
454 880
454 1319
454 1933
454 1984
455 1310
455 1656
455 1892
457 1782
457 1843
460 726
460 800
460 1347
460 1551
460 1863
461 1804
462 581
462 739
462 1508
463 964
464 783
464 1105
465 710
465 1813
466 527
466 823
466 1406
467 730
469 1665
469 1671
470 604
470 627
470 1213
471 843
471 1202
472 1524
473 828
473 1316
474 1195
475 1302
475 1385
475 1714
475 1934
476 755
476 1856
477 573
477 885
477 899
477 1217
477 1581
477 1725
478 569
478 1017
479 1122
479 1126
480 574
480 826
481 547
481 1204
481 1678
482 922
482 1706
483 876
483 1474
483 1616
484 1363
484 1375
485 756
486 677
486 1007
487 1089
487 1192
488 1373
488 1384
488 1422
488 1630
489 696
489 1186
490 520
490 645
490 946
490 1302
491 1219
491 1274
491 1366
491 1375
491 1863
491 1873
492 739
492 943
492 1371
493 1352
493 1524
494 1477
495 1030
495 1174
496 1518
497 527
497 1355
497 1495
498 1452
498 1842
499 537
499 1496
500 1083
501 824
501 1329
501 1654
502 675
502 1640
503 1945
504 1391
505 1332
505 1693
506 540
506 916
506 1923
507 1021
507 1473
508 1306
508 1425
508 1437
509 585
509 1489
510 1157
511 1213
511 1935
512 774
512 775
512 1966
513 1655
514 744
514 938
514 1101
514 1253
514 1264
514 1315
514 1416
514 1653
514 1889
514 1895
515 1840
515 1877
516 941
519 1303
519 1712
519 1766
520 580
520 889
520 997
520 1819
521 1131
521 1426
521 1572
521 1670
521 1680
522 576
522 1344
522 1461
522 1816
522 1874
523 1384
523 1907
524 1589
525 965
526 633
526 945
526 1582
527 1246
528 756
528 1609
529 736
529 1987
530 978
531 640
531 852
531 1543
532 582
532 826
532 1137
533 728
533 762
533 973
533 1097
533 1468
533 1654
534 642
534 1116
534 1159
534 1892
535 1164
536 688
536 759
536 785
537 1893
538 664
538 1527
538 1829
539 1110
539 1896
540 1588
540 1676
541 939
541 1448
542 602
543 1358
543 1438
544 1133
544 1474
544 1788
544 1803
545 675
545 718
545 1746
546 739
546 1170
546 1507
547 946
547 1362
547 1659
547 1916
548 879
548 1129
549 1133
553 701
553 942
553 1210
554 1279
555 620
555 753
555 1207
555 1875
556 646
556 1086
556 1199
558 1191
558 1260
558 1846
559 1199
560 1068
560 1410
560 1517
563 733
563 1764
563 1908
564 1365
564 1897
565 1104
567 770
567 836
567 1310
567 1362
568 618
568 1043
568 1285
568 1960
569 929
569 1081
569 1149
570 608
570 1028
570 1918
571 671
571 1447
572 851
572 1841
573 896
574 1480
574 1827
575 780
575 1745
575 1773
576 1359
576 1681
577 809
577 1009
577 1185
578 585
578 796
578 912
579 622
579 1593
579 1669
579 1952
579 1954
580 606
580 1904
581 884
582 626
582 1652
583 1606
584 833
584 994
585 1678
585 1872
586 1433
586 1865
587 1166
588 1012
588 1394
588 1606
590 832
590 1360
590 1453
590 1804
591 714
593 1646
593 1908
594 1533
594 1806
596 1951
597 610
597 621
597 703
597 911
598 1261
600 1379
600 1470
601 1085
601 1296
602 892
602 1392
602 1758
603 992
603 1572
603 1729
604 1818
605 749
605 1019
605 1249
605 1790
606 1790
607 825
607 1057
607 1216
607 1261
608 1419
609 824
609 1271
609 1277
610 1738
611 991
611 1031
611 1879
612 1395
612 1855
612 1869
614 1220
614 1716
616 924
616 1545
617 755
617 1542
617 1934
618 673
619 1070
620 753
620 1122
621 1461
622 908
622 1070
622 1340
623 1783
624 1142
625 1501
625 1805
627 837
627 1714
627 1916
628 1564
628 1991
629 739
629 1496
630 723
630 1399
630 1486
631 1056
631 1273
633 1491
634 1043
634 1074
634 1156
635 731
635 1266
635 1657
635 1911
636 1055
636 1309
637 770
638 1605
638 1966
639 839
640 1431
641 1012
641 1937
642 1147
642 1184
643 700
643 1132
644 1045
644 1282
644 1394
644 1420
645 1164
646 742
647 892
648 1190
648 1415
648 1471
648 1551
649 689
649 962
649 1086
649 1501
649 1553
649 1660
650 1517
651 662
651 880
651 1331
652 920
652 1582
653 1090
653 1769
654 890
655 1126
655 1457
656 807
656 1661
657 706
657 758
657 1345
657 1870
659 1023
660 1003
660 1195
661 1162
661 1316
661 1355
661 1690
662 1318
663 865
664 1332
664 1494
664 1757
665 842
666 963
666 1442
668 1986
669 866
670 1060
670 1515
670 1734
671 777
671 1653
671 1655
672 1261
672 1709
673 1361
673 1605
673 1790
673 1870
674 1180
675 709
675 778
675 798
676 937
676 1093
677 1754
678 1178
679 1074
679 1458
680 1324
680 1622
680 1907
681 1246
681 1436
682 866
682 1651
683 973
683 1949
684 704
684 1007
684 1565
686 1872
687 748
688 1228
688 1727
689 1383
689 1851
691 1040
691 1185
692 871
692 1144
692 1414
692 1753
693 813
693 1218
693 1259
694 824
694 1102
694 1178
694 1468
694 1827
695 1115
696 1148
696 1658
696 1671
697 1220
698 876
698 988
698 1110
698 1502
699 832
699 1439
699 1538
699 1892
700 807
700 932
700 1072
700 1406
701 835
701 1519
701 1589
702 904
703 1661
704 1449
704 1479
705 1308
705 1526
705 1630
705 1755
706 1184
706 1611
707 886
709 817
709 1937
710 1014
711 801
711 1441
711 1863
712 1073
712 1420
712 1537
713 1601
714 1513
717 1450
717 1810
718 739
718 859
718 1257
718 1600
718 1684
718 1717
718 1887
719 858
719 1143
719 1160
719 1667
719 1731
719 1753
720 1505
721 779
721 1399
722 733
722 1337
722 1376
722 1413
723 1088
723 1454
723 1524
723 1761
723 1847
724 970
724 1869
724 1888
725 1083
725 1586
727 1008
727 1270
727 1292
727 1725
728 745
728 820
728 1051
728 1162
728 1201
728 1800
728 1866
729 857
729 1733
730 1244
731 945
731 1275
731 1607
731 1948
732 1452
732 1615
732 1851
733 1488
733 1507
733 1805
734 1400
735 1009
735 1240
735 1624
736 1567
737 762
737 1077
737 1388
737 1630
737 1632
737 1697
738 1159
739 1243
739 1743
740 1071
741 824
741 949
741 1159
741 1819
742 1927
743 787
743 1534
743 1553
744 1113
744 1443
744 1744
745 1471
746 1205
746 1357
746 1934
749 1168
749 1367
749 1573
749 1604
750 930
750 1196
750 1771
750 1863
751 1631
752 1056
753 1996
754 1683
754 1814
756 1012
756 1255
757 859
757 991
757 1248
757 1484
758 1093
759 1352
759 1720
759 1899
760 994
760 1611
761 1666
761 1711
763 1116
763 1218
763 1523
763 1691
764 1144
766 872
766 1316
766 1364
767 811
767 1161
767 1204
767 1228
768 1061
768 1522
769 1779
769 1840
771 1276
771 1278
772 1222
772 1562
772 1628
772 1762
773 1230
774 964
774 1837
775 892
776 879
777 1492
778 1640
779 836
779 1235
779 1498
779 1613
780 1516
781 813
781 1069
783 795
783 1560
784 1505
784 1601
785 859
785 1579
785 1819
786 1083
786 1408
786 1461
786 1520
786 1789
787 1029
787 1564
787 1625
788 947
788 1036
788 1313
788 1372
789 993
789 1455
789 1724
789 1735
790 1073
790 1366
790 1507
790 1522
791 1429
792 1072
792 1941
792 1981
793 1117
794 1248
794 1799
796 849
796 958
796 1358
797 1010
797 1060
797 1636
798 1000
798 1233
799 839
799 960
799 1042
799 1720
799 1858
799 1921
800 1655
801 1104
802 1001
802 1827
804 1070
804 1163
804 1429
806 986
806 1142
807 1422
807 1583
808 863
808 893
808 1064
808 1434
809 1190
809 1792
810 969
810 1240
810 1299
811 1079
812 1187
812 1207
812 1216
813 922
813 1783
814 910
814 1488
815 920
815 927
815 1286
815 1753
815 1802
815 1857
816 920
816 1031
816 1318
817 846
818 1858
819 1118
820 870
820 1347
821 1435
821 1693
823 875
823 1306
824 1039
824 1748
824 1816
825 1026
826 1005
826 1252
826 1634
827 1193
827 1498
827 1915
828 954
829 1031
829 1103
829 1129
829 1394
830 1743
831 1053
831 1801
832 1586
833 1086
833 1120
834 1440
835 1446
835 1704
835 1759
836 1637
837 1981
838 1274
838 1623
839 1208
840 1639
841 1952
842 1766
843 1024
843 1247
844 887
844 1510
844 1624
844 1633
845 1392
845 1732
845 1809
846 1375
846 1973
848 1007
848 1973
849 1014
851 1249
851 1753
852 1705
853 1009
853 1735
854 1983
855 1241
855 1452
855 1538
855 1815
856 1152
856 1538
857 1004
857 1300
857 1685
858 1036
859 1465
859 1472
859 1882
859 1973
860 897
860 1138
860 1600
860 1736
861 1303
861 1693
861 1980
862 1250
862 1781
863 1273
863 1302
863 1513
863 1782
864 1148
864 1270
864 1418
865 1704
868 1394
868 1458
870 1323
872 1204
872 1960
873 1034
873 1289
873 1950
874 1091
874 1339
877 1135
877 1141
877 1388
877 1433
878 1381
878 1805
879 1571
879 1778
879 1855
880 1450
881 1399
881 1760
882 894
882 1098
883 1427
883 1437
883 1674
884 959
884 1271
884 1604
884 1637
885 1257
885 1806
885 1832
885 1939
887 998
887 1007
887 1568
890 1004
892 921
892 977
892 1461
893 1898
894 1653
895 974
896 1146
896 1773
897 1144
897 1717
898 1270
898 1434
898 1439
898 1793
898 1947
899 1444
899 1749
900 1441
900 1544
900 1733
901 1978
902 1100
903 1480
904 1523
905 1103
906 952
906 1421
907 999
908 1410
908 1424
909 1530
909 1670
910 1267
910 1366
910 1743
911 1084
911 1600
912 1033
912 1182
913 1145
913 1684
914 1209
914 1245
914 1622
914 1654
915 1031
915 1040
915 1721
917 1164
917 1423
917 1436
917 1604
917 1726
919 1284
920 1271
920 1294
921 1126
921 1225
921 1314
922 1635
924 1386
926 1872
927 967
927 1150
927 1518
929 1073
929 1197
930 1003
930 1388
930 1831
932 1513
934 1371
934 1416
934 1481
934 1688
936 961
936 1260
936 1288
937 1588
939 1632
940 1025
940 1984
942 1418
943 1658
945 1682
947 1101
947 1877
947 1991
948 993
949 1111
949 1140
949 1162
949 1247
951 1010
951 1101
952 1738
953 1303
953 1556
953 1732
955 1027
957 959
957 1325
957 1539
957 1734
958 1575
958 1702
959 965
959 1026
962 1143
962 1754
966 1554
967 1666
968 1556
968 1752
969 1341
970 1113
971 1155
971 1298
972 1358
973 1216
973 1469
973 1479
973 1589
974 1530
975 1915
975 1992
976 1259
976 1806
977 1034
978 1059
978 1417
979 1150
979 1428
981 1232
981 1899
983 1917
984 986
985 1490
986 1019
986 1029
987 1547
987 1697
990 1644
990 1805
991 1040
991 1302
991 1530
992 1839
994 1086
995 1173
996 1022
996 1617
996 1636
996 1952
997 1286
998 1227
998 1398
999 1967
1000 1044
1000 1201
1001 1050
1001 1786
1001 1816
1002 1383
1002 1468
1003 1394
1003 1820
1003 1854
1003 1861
1003 1937
1003 1994
1004 1268
1005 1485
1006 1751
1006 1991
1008 1827
1009 1543
1009 1556
1010 1197
1010 1343
1010 1480
1012 1445
1012 1572
1014 1139
1014 1519
1015 1618
1016 1482
1017 1218
1018 1390
1018 1512
1019 1211
1019 1643
1020 1709
1020 1805
1021 1506
1021 1693
1021 1715
1022 1827
1025 1153
1025 1191
1025 1439
1026 1257
1026 1421
1027 1152
1027 1762
1028 1694
1030 1231
1030 1275
1030 1659
1030 1995
1031 1832
1032 1105
1032 1342
1032 1627
1032 1741
1033 1616
1034 1282
1034 1857
1035 1510
1035 1594
1036 1319
1036 1472
1037 1204
1037 1755
1038 1608
1038 1754
1040 1113
1040 1618
1041 1116
1041 1723
1042 1542
1042 1553
1042 1687
1042 1695
1042 1977
1043 1927
1044 1372
1045 1146
1045 1533
1045 1994
1047 1090
1047 1522
1047 1668
1050 1213
1051 1081
1051 1314
1053 1288
1054 1252
1055 1212
1055 1468
1056 1135
1056 1288
1056 1309
1057 1310
1058 1272
1059 1933
1060 1061
1061 1325
1062 1583
1062 1654
1062 1946
1065 1316
1065 1942
1067 1155
1068 1357
1068 1418
1071 1312
1074 1480
1074 1617
1075 1512
1076 1614
1077 1347
1077 1577
1078 1535
1078 1663
1078 1742
1079 1928
1081 1684
1081 1779
1081 1817
1081 1876
1082 1119
1083 1124
1083 1438
1083 1910
1084 1202
1084 1973
1084 1995
1085 1372
1085 1833
1085 1852
1086 1112
1087 1192
1088 1363
1088 1496
1088 1577
1089 1964
1090 1241
1090 1792
1091 1471
1092 1151
1092 1500
1092 1666
1092 1786
1093 1100
1095 1302
1095 1346
1095 1752
1098 1251
1100 1498
1100 1859
1101 1719
1101 1916
1102 1339
1103 1154
1103 1184
1103 1257
1103 1674
1105 1273
1105 1667
1106 1184
1106 1411
1106 1455
1106 1944
1107 1368
1107 1773
1109 1208
1109 1285
1109 1523
1111 1370
1111 1737
1112 1410
1112 1553
1112 1782
1112 1975
1114 1500
1115 1524
1115 1967
1116 1646
1118 1266
1119 1474
1122 1505
1122 1696
1123 1491
1123 1673
1124 1548
1125 1769
1126 1638
1127 1311
1127 1611
1127 1792
1128 1785
1128 1828
1129 1665
1131 1399
1132 1538
1133 1231
1135 1388
1136 1637
1136 1863
1137 1491
1138 1633
1138 1720
1139 1380
1139 1915
1140 1455
1140 1815
1140 1862
1141 1914
1142 1756
1143 1466
1143 1538
1143 1805
1144 1573
1145 1939
1146 1780
1146 1922
1148 1346
1149 1843
1150 1158
1150 1714
1152 1725
1153 1518
1154 1827
1155 1449
1155 1675
1156 1174
1156 1416
1156 1476
1157 1329
1157 1410
1157 1471
1157 1863
1158 1810
1159 1522
1159 1850
1160 1708
1161 1302
1161 1618
1161 1723
1162 1845
1163 1715
1163 1849
1164 1595
1164 1677
1165 1504
1165 1901
1166 1176
1167 1488
1168 1208
1168 1248
1168 1290
1168 1303
1168 1306
1169 1556
1171 1242
1171 1269
1171 1482
1171 1550
1171 1754
1174 1212
1174 1337
1174 1422
1174 1696
1175 1569
1176 1433
1177 1688
1182 1315
1185 1284
1186 1221
1187 1735
1188 1553
1188 1825
1190 1734
1190 1830
1190 1884
1191 1573
1193 1426
1193 1448
1194 1990
1199 1580
1200 1383
1200 1932
1201 1639
1202 1214
1203 1343
1203 1537
1204 1767
1205 1609
1205 1741
1205 1878
1206 1543
1206 1931
1207 1859
1208 1493
1208 1632
1209 1233
1209 1513
1210 1387
1210 1557
1210 1763
1211 1667
1211 1716
1212 1798
1213 1441
1217 1722
1218 1378
1219 1514
1220 1387
1221 1273
1225 1440
1226 1268
1226 1591
1226 1761
1226 1835
1228 1637
1228 1740
1228 1750
1230 1374
1231 1393
1233 1346
1233 1353
1233 1487
1233 1614
1234 1313
1234 1872
1235 1467
1235 1644
1236 1868
1237 1455
1237 1803
1239 1824
1240 1941
1241 1256
1241 1612
1242 1910
1243 1815
1244 1258
1244 1455
1245 1598
1246 1591
1246 1675
1247 1257
1247 1835
1249 1674
1250 1890
1250 1953
1251 1365
1254 1335
1254 1627
1254 1795
1255 1516
1256 1263
1256 1310
1258 1276
1259 1331
1259 1914
1260 1271
1260 1291
1260 1751
1260 1837
1261 1978
1262 1357
1263 1645
1264 1518
1264 1528
1265 1325
1265 1390
1266 1320
1266 1862
1267 1621
1270 1903
1270 1937
1272 1362
1272 1388
1273 1618
1273 1810
1274 1408
1274 1805
1275 1427
1278 1857
1280 1531
1281 1303
1281 1597
1281 1737
1281 1896
1284 1742
1285 1353
1285 1435
1286 1341
1286 1617
1287 1526
1287 1824
1287 1949
1289 1452
1295 1326
1295 1464
1295 1771
1295 1867
1296 1446
1297 1561
1297 1690
1298 1610
1300 1314
1301 1359
1301 1375
1301 1507
1301 1708
1302 1833
1305 1783
1307 1455
1307 1683
1308 1536
1310 1580
1310 1748
1312 1345
1312 1498
1312 1693
1312 1916
1315 1594
1317 1328
1317 1342
1322 1775
1323 1483
1324 1363
1324 1673
1325 1528
1325 1529
1326 1403
1330 1457
1330 1871
1331 1405
1331 1497
1331 1805
1333 1735
1335 1776
1336 1904
1338 1945
1342 1802
1344 1515
1344 1920
1345 1581
1345 1782
1345 1890
1346 1441
1346 1488
1346 1718
1346 1810
1347 1963
1347 1998
1349 1519
1353 1765
1353 1828
1355 1705
1356 1532
1356 1656
1357 1887
1358 1858
1359 1444
1359 1986
1360 1881
1361 1402
1362 1622
1363 1481
1365 1480
1365 1736
1365 1989
1367 1758
1368 1832
1370 1621
1370 1994
1372 1375
1372 1514
1373 1645
1373 1930
1374 1963
1376 1903
1379 1493
1381 1419
1381 1822
1381 1979
1383 1959
1384 1912
1385 1662
1385 1684
1387 1960
1389 1840
1390 1455
1391 1459
1392 1825
1394 1558
1395 1720
1397 1474
1397 1622
1401 1706
1402 1818
1403 1752
1404 1440
1404 1990
1406 1561
1407 1447
1407 1512
1408 1645
1409 1840
1410 1681
1411 1591
1411 1680
1411 1912
1413 1921
1414 1440
1414 1602
1414 1606
1417 1642
1420 1481
1420 1739
1421 1520
1423 1867
1426 1839
1428 1722
1433 1550
1434 1652
1435 1593
1435 1991
1436 1472
1438 1608
1439 1780
1442 1636
1443 1446
1445 1652
1446 1938
1447 1482
1447 1592
1447 1900
1448 1732
1456 1881
1458 1917
1458 1939
1460 1665
1460 1814
1462 1854
1463 1497
1464 1988
1465 1630
1466 1476
1466 1972
1471 1555
1472 1621
1473 1510
1476 1858
1477 1902
1479 1798
1480 1529
1483 1540
1483 1999
1484 1608
1484 1917
1488 1525
1488 1843
1489 1843
1490 1975
1492 1682
1496 1505
1500 1565
1504 1845
1506 1569
1508 1815
1509 1735
1509 1913
1510 1641
1511 1900
1512 1863
1513 1877
1515 1550
1515 1589
1516 1764
1520 1664
1520 1916
1522 1660
1522 1734
1522 1862
1523 1730
1524 1648
1524 1855
1526 1624
1526 1873
1526 1981
1527 1630
1532 1905
1536 1636
1537 1539
1540 1893
1542 1672
1542 1861
1542 1915
1544 1997
1545 1650
1551 1567
1553 1659
1554 1948
1555 1783
1555 1894
1556 1784
1556 1894
1557 1802
1558 1957
1562 1590
1562 1720
1563 1877
1564 1893
1569 1800
1569 1896
1569 1932
1570 1719
1571 1717
1571 1781
1572 1708
1572 1740
1572 1808
1574 1743
1577 1741
1577 1862
1577 1979
1578 1674
1578 1765
1579 1910
1580 1626
1580 1994
1585 1616
1586 1627
1587 1693
1587 1716
1587 1762
1593 1633
1593 1747
1594 1850
1595 1966
1602 1954
1603 1786
1604 1920
1604 1988
1607 1721
1607 1802
1608 1909
1612 1644
1616 1675
1616 1741
1620 1704
1620 1839
1621 1986
1622 1680
1623 1895
1626 1814
1626 1903
1627 1669
1627 1970
1628 1656
1628 1991
1629 1848
1630 1785
1633 1756
1633 1788
1634 1904
1637 1664
1637 1968
1638 1955
1639 1864
1640 1653
1642 1692
1643 1948
1645 1795
1645 1962
1647 1981
1657 1974
1658 1937
1662 1729
1664 1883
1666 1690
1666 1764
1667 1740
1667 1795
1667 1822
1669 1896
1675 1803
1676 1829
1676 1861
1680 1831
1681 1806
1681 1866
1682 1905
1689 1910
1690 1763
1690 1880
1696 1960
1698 1718
1698 1754
1700 1747
1703 1874
1708 1720
1708 1758
1708 1831
1708 1921
1710 1774
1716 1744
1720 1994
1723 1746
1726 1943
1727 1910
1731 1860
1731 1956
1736 1954
1738 1743
1739 1948
1743 1804
1746 1984
1750 1846
1751 1858
1751 1922
1755 1949
1755 1965
1756 1992
1761 1830
1762 1933
1763 1917
1764 1936
1769 1871
1769 1901
1775 1832
1775 1866
1775 1912
1775 1934
1776 1991
1777 1880
1779 1872
1784 1938
1789 1898
1791 1858
1792 1804
1792 1899
1795 1811
1798 1803
1809 1840
1812 1858
1819 1862
1819 1998
1822 1867
1826 1958
1828 1912
1829 1910
1830 1983
1831 1943
1833 1917
1839 1965
1844 1898
1847 1948
1851 1946
1861 1955
1861 1990
1864 1952
1875 1910
1878 1956
1882 1987
1884 1930
1885 1940
1885 1960
1887 1929
1896 1899
1897 1996
1901 1907
1901 1945
1907 1965
1910 1987
1917 1963
1929 1968
1976 1985
