2000 3106
32
16
41
39
60
56
84
81
62
49
22
78
48
89
36
28
93
15
44
94
85
11
51
76
14
41
96
82
12
20
37
21
65
40
16
8
53
47
82
24
1
60
31
57
60
32
88
2
73
98
62
72
65
7
51
99
51
96
9
65
74
57
29
50
47
100
63
81
50
66
67
96
16
30
1
8
82
50
49
78
73
15
97
80
17
17
18
60
28
95
89
18
30
70
45
2
61
91
75
99
84
56
83
62
21
76
80
70
65
68
89
97
3
100
77
90
9
80
57
85
28
4
82
65
33
92
47
11
77
9
85
27
86
26
38
68
93
44
8
33
73
9
63
7
28
79
95
20
14
25
84
2
98
51
99
71
6
85
77
9
41
24
17
89
90
95
85
16
16
25
78
15
74
69
63
46
41
70
20
27
61
25
76
46
29
35
65
74
100
27
57
78
29
70
7
1
6
68
15
96
20
49
85
68
97
81
2
86
84
39
31
20
38
98
43
5
38
17
96
68
93
78
46
72
100
53
1
80
15
41
7
53
62
73
16
69
37
49
46
87
67
73
98
29
61
34
54
25
32
37
17
21
49
40
14
76
48
32
5
62
92
65
33
25
54
11
85
47
86
97
79
72
72
16
16
32
64
81
18
30
25
81
86
37
67
36
87
31
34
97
36
33
32
8
3
23
20
33
42
77
87
62
35
44
15
7
63
47
75
72
15
89
20
23
61
9
3
15
48
14
49
81
81
27
81
14
38
31
76
18
15
46
11
38
79
94
36
56
38
43
47
75
81
50
96
97
49
9
100
97
64
84
70
28
99
79
67
84
58
57
18
98
59
70
96
35
80
38
54
53
76
44
84
90
42
47
78
90
35
25
20
57
36
43
90
8
13
47
82
81
61
6
5
4
2
39
51
90
35
9
18
1
11
68
39
88
95
17
39
53
4
50
13
89
16
77
51
21
83
96
60
55
61
88
93
20
59
42
28
1
21
84
19
61
19
68
72
69
79
46
56
24
37
49
80
27
73
32
25
30
98
49
91
20
1
3
74
9
92
13
36
25
5
69
24
87
34
96
57
10
32
12
38
98
85
36
63
60
13
88
51
75
9
85
39
31
84
77
31
67
39
94
35
21
51
49
88
31
88
70
58
91
64
12
29
51
92
41
39
47
16
29
27
89
20
61
10
51
1
73
44
33
26
10
21
24
41
86
88
98
90
54
23
61
52
96
94
95
6
5
21
72
43
30
44
49
46
29
77
46
9
71
24
31
9
26
17
68
42
100
72
11
37
98
39
9
72
51
79
16
98
36
61
48
4
91
43
57
55
50
67
12
51
10
54
65
16
11
59
2
72
96
90
53
31
35
7
80
58
52
29
18
56
46
73
56
32
94
18
47
9
10
51
97
14
35
4
1
38
40
45
56
92
74
2
75
1
17
93
81
30
27
72
1
4
75
64
17
7
53
20
7
25
4
66
32
97
15
89
52
58
21
75
61
23
14
4
41
86
15
66
70
63
76
47
74
61
15
84
1
59
89
66
23
98
21
90
59
39
11
70
54
58
62
50
90
69
49
27
51
86
6
12
8
48
35
95
4
12
8
58
21
14
14
24
79
11
2
54
66
86
79
18
2
27
44
85
24
85
68
42
48
93
12
50
56
99
28
14
82
93
51
79
46
12
18
80
27
96
72
14
74
42
53
11
80
47
98
82
20
90
14
16
100
61
79
57
43
74
88
57
21
10
25
10
64
100
76
12
12
92
73
54
61
64
14
100
44
76
2
26
51
81
37
45
64
87
55
97
67
80
42
73
34
71
67
91
99
29
51
32
11
44
70
28
60
93
98
29
40
49
70
65
65
15
21
7
48
65
32
31
20
43
50
17
72
78
61
3
66
97
56
22
68
1
94
20
84
97
82
62
76
6
37
41
81
98
7
34
57
39
79
29
33
6
52
64
47
96
34
62
43
63
18
76
13
25
82
30
9
73
47
93
19
94
91
39
50
35
10
78
92
86
88
95
33
49
85
63
69
68
50
39
25
54
43
93
91
67
46
77
68
21
60
46
96
7
99
94
10
54
55
13
64
91
26
56
26
21
89
20
85
84
57
75
31
99
27
97
52
46
68
59
70
40
92
14
97
2
82
69
50
81
7
66
9
65
50
43
82
47
1
53
43
1
14
1
22
41
22
65
48
32
82
77
5
15
57
56
62
24
75
49
54
47
29
70
83
48
71
29
26
21
25
61
32
11
64
76
22
85
41
6
92
71
21
77
77
46
6
39
55
5
77
54
38
18
8
37
42
52
38
40
3
88
95
29
22
9
49
59
87
59
33
48
93
4
5
68
24
62
61
99
29
53
86
5
20
45
74
29
96
74
92
95
59
70
40
92
74
4
53
21
86
41
45
74
5
60
47
29
12
52
13
95
54
1
71
100
65
10
9
55
27
49
64
12
80
53
1
98
8
22
12
62
79
45
61
10
95
41
15
3
1
36
64
66
59
6
99
31
27
15
43
48
28
80
87
49
49
100
79
75
17
8
57
1
39
44
43
53
33
22
74
16
23
82
3
41
18
12
25
94
67
90
84
86
57
91
65
94
84
89
45
87
92
46
13
72
34
31
33
48
41
71
77
27
4
93
64
5
53
83
74
58
73
68
37
33
19
21
55
37
23
90
64
30
91
5
34
13
28
12
99
55
50
5
65
68
38
74
76
98
99
14
54
61
73
31
20
37
42
1
23
39
81
26
7
48
94
82
1
24
69
73
62
37
96
81
68
99
61
59
59
13
52
78
87
30
58
44
15
66
11
94
91
88
6
75
60
29
70
63
72
91
89
58
61
94
85
94
97
18
19
3
55
74
22
3
24
47
78
73
83
7
100
26
74
9
16
88
27
47
70
44
60
92
99
11
89
81
6
83
15
37
23
43
92
78
61
17
57
37
85
90
73
94
16
74
62
24
48
70
46
96
70
36
63
29
30
32
92
34
75
10
62
97
38
41
45
62
23
91
93
23
70
84
79
45
36
28
53
12
31
38
81
72
96
10
98
59
29
24
2
93
74
55
86
29
49
36
56
74
9
94
35
93
62
22
4
20
45
73
93
9
26
81
28
52
37
66
69
12
61
67
38
50
41
17
80
65
17
40
4
2
52
44
19
41
39
96
61
95
28
61
54
15
10
48
61
68
49
11
81
63
74
80
26
40
29
45
65
100
33
45
60
50
57
7
96
25
66
6
96
75
75
74
100
53
72
33
45
2
98
71
74
19
2
3
27
58
66
10
78
67
63
56
48
81
12
55
64
81
60
7
33
5
90
41
45
89
26
91
43
8
25
56
79
61
10
77
1
85
79
87
31
77
15
48
11
30
57
75
32
29
71
52
71
41
31
29
17
35
70
47
46
25
69
93
11
3
52
61
78
88
90
79
25
2
63
71
33
11
81
2
78
90
26
98
60
91
80
84
98
93
77
100
43
91
16
25
6
71
47
73
28
26
76
72
33
61
46
39
96
92
30
84
21
73
94
78
30
73
79
68
19
41
48
40
91
51
47
90
24
89
80
99
91
90
12
31
65
48
38
64
24
55
45
44
38
49
47
44
24
41
94
73
30
19
30
46
15
4
31
29
57
69
90
38
68
67
77
53
97
56
30
7
80
62
56
80
38
94
66
57
43
20
49
55
3
63
92
7
21
87
49
60
100
62
90
99
32
79
45
5
78
72
8
41
44
16
62
47
22
25
61
78
77
10
88
20
5
39
47
95
86
44
76
96
42
4
11
86
80
12
76
63
75
71
18
64
73
10
55
67
30
23
37
36
48
68
33
84
18
47
20
34
30
59
46
26
3
80
66
7
28
68
7
47
11
18
13
54
14
30
71
83
88
42
9
36
14
96
48
99
59
34
87
92
16
4
68
88
47
13
32
41
66
56
38
10
32
44
36
62
9
39
75
65
20
3
20
56
69
29
98
84
9
60
14
96
19
58
55
1
99
15
41
75
12
24
40
76
42
40
10
29
7
93
75
19
43
73
81
17
75
66
1
60
16
74
96
17
1
3
14
69
36
21
73
37
5
95
58
50
1
91
1
86
25
7
8
59
30
11
43
37
18
21
7
6
97
6
13
92
41
10
64
57
67
99
75
11
72
12
1
10
66
79
57
6
35
3
6
71
69
37
34
30
7
93
7
8
2
6
24
13
58
87
39
79
44
12
78
65
56
37
13
91
97
18
22
51
62
22
37
28
1
13
91
63
34
80
69
40
46
42
2
30
88
54
17
33
34
61
95
7
48
96
66
35
13
72
52
6
52
23
6
80
68
70
1
53
67
10
72
15
47
60
3
31
78
11
95
70
58
24
46
18
30
40
55
70
64
65
7
17
15
32
7
73
35
63
99
62
100
33
76
33
57
64
61
80
8
78
74
24
49
54
62
14
53
22
18
39
66
92
8
42
16
33
75
91
37
60
8
26
77
55
63
3
71
42
18
97
96
68
84
64
92
79
4
49
40
28
5
27
90
64
40
74
74
62
78
24
33
1
84
86
83
0 445
0 510
0 618
0 745
0 1812
1 78
1 442
1 527
2 532
2 959
3 60
3 1234
3 1260
4 579
4 1562
4 1778
5 337
5 941
5 1749
6 77
6 359
6 962
7 226
7 609
8 1520
8 1724
8 1988
9 1667
10 536
11 1342
11 1743
12 932
12 1885
13 26
13 320
13 1190
15 162
15 545
15 1192
15 1889
16 143
16 163
16 701
16 1333
17 1270
17 1433
18 371
18 670
18 1144
18 1230
18 1254
18 1364
19 272
19 1553
20 655
20 701
20 1057
21 1257
21 1478
22 750
22 911
23 647
23 820
23 1320
24 25
24 468
24 746
24 802
24 1949
25 541
25 1553
25 1755
26 1139
27 976
28 213
28 503
28 765
28 1304
30 1625
30 1749
31 821
31 1390
32 220
32 1433
33 109
33 198
33 573
33 777
34 1002
34 1310
34 1428
34 1729
35 574
35 924
35 1002
35 1446
35 1894
36 70
37 315
37 1266
37 1511
37 1524
37 1626
37 1813
37 1819
37 1946
38 655
38 712
38 1472
39 1750
40 162
40 318
40 847
40 1208
41 1246
41 1420
41 1522
42 1140
42 1199
42 1367
43 55
43 155
43 1043
43 1835
43 1976
44 328
44 466
45 820
46 424
46 543
46 1266
47 612
47 626
47 1133
47 1367
48 952
48 1001
48 1967
49 1265
51 877
51 1027
51 1106
51 1824
52 110
53 308
53 577
53 853
53 1092
53 1432
53 1675
53 1690
54 1727
54 1796
55 1153
55 1644
56 828
56 1257
57 517
57 950
57 1064
58 767
59 153
59 482
59 1407
60 350
60 1378
60 1856
60 1935
61 1610
61 1700
62 318
62 546
62 1541
63 791
63 992
63 1277
63 1602
64 241
64 1648
65 1029
65 1808
65 1998
66 835
68 1300
68 1862
69 162
69 1073
69 1874
70 209
70 384
70 871
70 1203
71 313
71 928
71 1487
71 1535
71 1947
72 138
72 171
72 486
72 1007
72 1287
72 1708
72 1725
72 1858
72 1871
73 1320
73 1722
74 768
74 1915
75 229
75 944
76 529
76 1841
77 106
77 1418
77 1504
77 1590
78 927
78 1137
78 1431
78 1527
79 164
79 313
79 582
79 885
80 1858
80 1965
81 1149
82 937
82 1749
83 438
83 592
83 927
83 1066
83 1452
83 1606
84 315
84 1315
84 1360
85 611
85 1770
86 370
86 765
86 1816
87 846
87 1183
87 1965
90 626
90 1339
90 1956
91 660
91 1413
92 973
94 1473
95 764
95 1412
95 1472
95 1896
96 512
96 1943
97 293
97 402
97 714
97 960
97 1405
98 146
98 821
98 1806
98 1892
99 199
99 1642
99 1715
99 1751
99 1968
100 1266
101 524
101 613
101 1683
102 251
102 914
102 1354
102 1553
102 1657
104 455
104 988
105 1083
105 1215
105 1487
106 1370
108 217
108 765
110 147
110 741
110 897
110 946
110 1168
110 1330
110 1574
111 566
111 1072
112 171
112 644
112 1018
112 1268
112 1802
112 1982
113 1515
113 1926
113 1931
115 777
115 1404
115 1956
116 623
116 1910
117 450
117 652
118 467
118 1100
118 1609
119 626
119 1298
119 1795
120 333
120 398
120 1460
120 1907
121 305
121 618
121 714
121 835
121 1051
121 1063
121 1915
122 348
122 1608
123 204
123 429
123 514
123 1301
123 1481
123 1650
124 296
124 1091
124 1174
125 469
125 1124
125 1248
125 1612
125 1959
126 160
126 172
126 801
126 853
126 1087
127 168
128 148
128 223
128 254
128 771
128 986
129 262
129 338
130 1199
131 1390
132 1319
133 1311
133 1915
134 169
134 508
134 556
134 938
135 228
135 491
135 501
135 870
136 858
137 501
137 647
137 996
137 1332
137 1835
138 1080
138 1427
138 1460
138 1506
138 1613
138 1840
139 244
139 268
139 315
139 715
139 801
139 1382
139 1936
140 200
140 1642
140 1903
141 1424
141 1430
142 543
142 730
142 961
142 1515
143 750
143 1483
144 572
144 1934
145 180
145 238
145 260
145 1049
145 1991
147 826
147 1410
147 1525
147 1596
147 1626
148 1168
148 1268
148 1609
148 1689
149 1663
150 632
150 939
151 321
151 334
151 746
151 1940
152 246
152 759
152 967
153 1128
153 1336
155 1443
156 244
156 257
156 266
156 428
157 388
157 813
158 1031
158 1107
158 1166
159 363
159 447
159 577
159 652
159 1849
159 1996
160 270
160 1139
161 615
161 1334
162 631
162 1029
162 1132
162 1303
162 1563
164 315
164 810
165 1496
165 1866
166 863
166 1011
166 1087
166 1216
167 712
167 1533
167 1919
168 219
168 1199
169 953
169 1202
169 1735
170 812
171 293
171 396
172 319
172 808
173 462
173 610
173 735
173 1987
174 378
174 1281
176 294
176 564
176 1736
177 675
177 1353
178 419
178 426
178 1841
178 1949
179 878
179 1134
179 1532
179 1642
180 1167
180 1250
180 1439
180 1916
180 1999
182 1269
182 1571
183 411
183 536
183 1145
183 1328
183 1464
183 1753
184 274
184 540
184 845
184 1047
184 1308
184 1566
185 437
185 1867
186 529
186 882
186 892
187 271
187 400
188 681
189 746
189 1041
189 1433
190 965
190 1189
190 1200
190 1334
190 1726
191 306
192 197
192 288
192 531
192 1401
192 1643
193 208
193 352
193 1398
193 1420
194 937
194 1013
194 1508
194 1867
196 1169
196 1296
196 1845
197 1046
197 1053
197 1117
198 1522
198 1643
198 1997
199 459
199 1910
200 1179
200 1846
201 609
201 1702
202 1001
202 1040
203 247
203 817
203 877
203 891
203 1503
204 780
204 1417
204 1685
204 1990
205 715
205 989
205 1087
205 1360
205 1601
206 467
206 1771
207 349
207 1421
207 1620
207 1954
208 938
209 817
209 961
209 1396
210 410
210 1119
210 1834
210 1876
210 1927
211 812
211 927
211 1300
211 1709
212 386
212 547
212 650
212 770
212 1566
212 1657
212 1689
212 1736
213 262
213 292
214 385
215 675
215 1267
216 1129
216 1993
218 1874
219 914
219 1143
220 1438
221 1371
221 1549
221 1594
222 1169
222 1290
222 1812
223 1000
224 266
224 363
224 522
224 986
224 1389
224 1789
225 475
225 1946
226 250
226 1741
227 1868
228 1970
229 526
229 944
229 1459
230 1800
230 1962
230 1968
231 619
231 689
231 710
231 716
231 910
232 594
232 715
232 1040
232 1663
233 900
234 259
234 391
234 902
234 1563
235 877
235 1206
235 1593
235 1749
236 379
236 917
237 1388
237 1667
238 300
238 1586
238 1683
239 319
239 1035
239 1424
240 342
240 1225
240 1878
241 865
242 915
242 943
242 1121
242 1539
242 1550
243 259
243 313
243 1220
243 1230
244 1470
244 1979
245 291
245 641
245 749
245 1200
246 1548
246 1716
246 1827
246 1860
247 620
247 660
247 688
247 748
247 1466
247 1667
247 1718
247 1803
248 485
248 497
248 1293
248 1349
248 1913
249 1033
249 1722
250 542
250 887
251 486
251 1435
252 737
252 821
253 706
253 1208
253 1800
254 1698
255 487
255 757
255 861
255 869
255 1287
255 1795
256 500
256 540
257 465
257 834
257 1721
258 458
258 500
258 899
258 1452
258 1562
258 1937
259 843
259 1217
259 1368
259 1740
259 1899
259 1931
260 477
260 786
260 944
260 1378
261 1176
261 1889
263 498
263 707
263 1330
263 1458
265 1693
265 1966
267 1349
268 782
268 1137
268 1624
269 1391
269 1559
270 372
270 704
271 1736
271 1853
271 1895
272 550
272 1903
273 468
273 1373
274 1152
274 1217
274 1477
274 1545
274 1723
274 1908
275 553
275 1189
275 1250
275 1634
276 397
276 773
276 787
276 1044
276 1260
277 417
277 584
277 1017
277 1548
277 1671
278 320
278 873
278 1043
279 1307
279 1909
280 902
280 1217
280 1631
281 655
281 1907
282 690
282 1918
283 1965
284 814
284 1186
285 1322
285 1364
285 1837
286 530
287 462
287 721
287 739
287 1482
288 331
288 447
288 792
288 1265
288 1572
289 361
289 1478
289 1633
289 1861
290 342
290 474
290 558
290 907
290 1603
291 768
291 917
292 657
293 361
293 480
293 1161
293 1249
293 1581
294 478
294 903
294 1346
294 1799
295 1144
295 1693
296 639
296 1104
297 1119
297 1778
298 958
298 1454
299 432
299 811
299 1380
299 1706
300 609
300 724
300 1153
300 1228
300 1445
301 1165
301 1981
302 394
302 628
302 703
302 1402
302 1550
302 1715
303 1054
303 1998
304 997
304 1235
304 1539
305 704
305 1092
306 1096
307 1774
308 863
308 1987
309 483
310 500
310 1836
311 336
311 1471
311 1573
312 434
312 556
312 947
313 557
313 1292
314 1123
314 1440
314 1879
316 505
316 854
316 978
316 1411
316 1853
317 935
317 1818
318 990
319 363
319 715
319 786
319 1218
319 1229
319 1328
321 1579
321 1677
322 347
322 964
323 447
323 806
324 772
324 949
324 1379
325 1484
325 1680
326 514
326 705
327 1004
328 680
328 1799
329 380
331 1785
332 1169
332 1211
333 477
333 814
333 1034
333 1483
333 1817
334 421
334 974
334 1235
335 864
335 914
335 1333
336 345
336 805
337 618
337 736
337 1900
338 893
338 1825
339 634
339 690
339 1307
339 1350
340 595
340 1272
341 812
342 1575
343 997
343 1857
344 541
345 534
345 1823
346 779
346 1332
346 1789
347 454
347 1374
347 1447
347 1473
347 1563
347 1565
348 1579
349 509
349 785
349 1305
350 375
350 451
350 1796
351 1786
351 1815
352 819
352 1405
352 1608
353 1683
353 1899
353 1997
354 633
354 1705
354 1736
354 1879
355 1094
355 1290
355 1602
355 1965
356 1099
356 1173
356 1552
356 1878
357 1034
357 1312
357 1442
358 766
358 854
358 1455
359 378
359 657
359 1293
360 832
361 858
361 1572
361 1874
362 728
362 764
362 1543
363 1198
363 1492
363 1539
363 1682
364 588
364 590
364 1542
365 744
365 1373
366 603
367 861
367 1588
367 1644
368 1253
368 1620
371 707
371 815
371 1173
371 1306
371 1322
372 406
372 1153
372 1293
373 509
373 754
373 862
373 1531
374 1829
375 624
375 1371
375 1389
375 1915
376 782
376 1103
378 883
378 1286
378 1855
379 1280
379 1866
382 420
382 1334
383 623
383 701
383 803
384 727
384 812
384 867
384 1623
384 1725
387 527
387 959
387 1788
387 1901
388 536
389 742
389 1028
389 1070
389 1143
389 1150
390 1721
390 1748
391 1394
391 1647
391 1985
392 792
392 1862
393 514
393 1098
393 1613
394 990
394 1158
394 1769
395 904
395 910
395 1484
397 1292
398 866
398 1090
398 1677
399 1189
400 1237
400 1242
400 1314
402 677
402 871
402 1726
402 1808
403 517
403 1556
403 1796
404 538
404 1300
405 503
405 648
405 665
405 1122
405 1245
405 1343
405 1776
405 1928
406 429
406 1841
407 756
407 869
408 667
408 1281
409 514
409 1376
410 1623
410 1881
411 635
412 1118
412 1389
412 1553
413 1463
414 444
414 842
415 1655
415 1950
416 792
416 1216
416 1599
416 1687
416 1884
417 583
417 1190
417 1672
417 1813
418 568
418 973
418 1336
418 1930
419 692
419 1492
419 1662
420 829
421 1461
422 1934
423 1165
423 1935
424 1391
424 1989
425 876
425 944
425 990
425 1479
426 1220
426 1655
427 501
427 781
427 849
427 1075
427 1333
427 1611
428 642
428 674
428 977
428 1554
429 466
429 1645
430 639
430 767
430 1290
430 1890
430 1950
431 1801
432 1077
432 1078
432 1339
433 1646
433 1679
434 1190
434 1247
434 1482
435 1041
435 1290
435 1754
436 757
436 942
438 886
438 1090
438 1291
439 490
439 530
439 1255
440 1542
440 1645
441 1087
442 578
443 990
443 1537
444 602
445 555
445 596
445 815
445 1005
446 628
446 1244
446 1779
447 1677
448 1009
448 1014
448 1099
448 1847
449 1382
450 535
450 654
450 1071
451 539
451 1617
451 1845
451 1928
452 1926
453 550
453 1468
453 1570
454 1308
454 1987
455 604
455 920
455 1005
455 1352
455 1628
456 797
456 1264
457 704
457 830
457 1157
457 1367
458 530
458 1126
459 1579
459 1623
459 1855
460 1822
461 1062
461 1165
462 542
462 716
462 1790
463 706
463 1462
463 1729
464 1317
465 1549
466 1056
466 1659
467 1127
467 1132
467 1377
467 1695
468 949
468 1330
469 1747
470 1594
470 1792
471 563
471 1518
471 1906
472 511
472 1266
472 1431
472 1729
473 1842
474 841
474 1626
475 1486
475 1575
475 1655
476 481
476 517
477 864
477 1837
478 865
478 982
478 1015
479 874
479 1254
480 764
480 1015
480 1485
481 831
481 1169
481 1453
482 869
482 1581
483 658
483 788
483 1180
483 1306
483 1605
483 1769
483 1774
484 609
484 1190
486 704
486 1996
487 764
487 836
488 942
488 1333
488 1503
489 495
490 995
490 1511
491 1658
491 1842
492 747
493 624
493 1374
494 830
494 1354
494 1473
494 1679
494 1840
496 723
496 1445
496 1742
496 1785
497 589
498 1075
498 1380
499 1393
500 1495
500 1512
500 1902
501 1660
502 1166
502 1241
502 1244
502 1460
502 1968
504 1574
505 832
506 1130
507 995
507 1494
507 1604
508 1602
509 771
509 779
510 1008
511 1268
511 1815
512 538
512 1065
512 1302
513 541
513 1027
513 1675
514 1389
515 617
516 740
516 914
516 1125
516 1433
516 1552
516 1592
517 553
517 617
517 1149
517 1945
518 678
518 940
519 1027
519 1052
519 1602
520 1893
520 1989
521 541
522 876
522 1139
522 1372
523 1306
524 934
524 939
525 1060
525 1521
525 1603
526 973
526 1033
526 1705
529 543
529 1256
529 1566
529 1727
529 1892
530 872
530 1290
530 1389
530 1433
531 778
531 1362
532 1781
533 1724
534 811
534 1019
534 1292
534 1329
534 1345
536 604
536 668
536 696
536 1117
536 1186
536 1479
536 1754
537 962
538 944
538 1236
538 1410
538 1435
538 1497
538 1848
539 909
540 972
540 1815
541 717
541 902
541 1534
541 1910
542 848
542 1400
542 1505
543 988
544 768
545 796
545 1662
546 1000
546 1154
547 900
547 1463
547 1843
548 1696
549 1500
549 1556
549 1634
549 1702
549 1712
549 1972
550 645
551 613
551 1789
552 745
552 1015
552 1588
552 1784
553 702
553 1171
554 807
554 1528
555 1505
556 1296
556 1397
556 1534
557 1117
557 1969
558 1381
559 983
559 1164
559 1727
559 1849
560 808
560 1040
560 1081
560 1233
560 1240
560 1252
560 1834
560 1901
561 1370
561 1466
561 1589
561 1634
561 1772
562 903
562 1027
563 761
563 1175
563 1696
566 1330
566 1391
566 1453
566 1639
566 1742
566 1808
567 1531
567 1686
568 1104
568 1243
569 1282
570 594
570 1739
570 1902
571 1985
572 691
572 1015
572 1164
572 1701
572 1847
573 783
573 1781
573 1807
573 1930
574 1019
574 1043
574 1060
574 1244
574 1562
575 1237
575 1568
576 1943
577 757
577 1253
579 1171
579 1805
579 1902
579 1940
580 1041
581 585
581 641
581 894
582 1295
582 1584
582 1629
582 1737
583 1679
583 1784
584 648
584 1630
586 802
586 1074
586 1402
587 588
587 1762
588 1352
589 831
590 877
590 951
590 1211
590 1552
590 1826
591 657
591 833
591 1887
592 715
592 1943
593 615
593 1202
593 1664
594 1162
594 1525
596 1383
596 1833
598 795
598 1968
599 826
599 1537
599 1937
600 807
600 872
600 1072
600 1250
600 1260
600 1295
600 1401
600 1496
600 1554
600 1717
600 1742
600 1821
601 1169
601 1239
601 1568
602 1112
602 1524
604 668
605 1040
605 1737
606 624
606 1109
606 1835
607 985
607 1508
608 674
608 1141
608 1964
609 840
609 1455
609 1906
610 1663
610 1693
611 1763
611 1822
612 663
612 928
612 1777
612 1848
613 1336
614 636
614 1345
614 1575
615 650
615 1301
615 1429
615 1445
616 960
616 1517
617 1213
617 1426
617 1974
618 752
618 847
618 1441
619 816
619 876
619 1242
619 1503
620 880
620 926
620 1094
620 1993
621 1373
621 1615
622 682
622 1464
622 1473
623 955
623 1512
624 723
624 1255
626 892
626 955
626 1327
626 1550
626 1763
627 1620
628 780
628 966
629 634
629 879
629 918
629 1041
629 1754
630 872
630 897
631 820
631 1101
631 1348
631 1939
632 1476
632 1764
633 1688
635 1204
635 1974
636 1173
636 1196
636 1602
637 990
637 1053
637 1088
637 1219
638 853
638 1496
639 891
639 901
640 1450
640 1845
643 842
643 1017
643 1061
643 1116
643 1850
644 677
644 696
644 1169
644 1356
644 1638
644 1704
645 1265
645 1272
646 1137
646 1652
647 1004
647 1435
648 1097
648 1331
648 1395
648 1397
648 1431
649 691
649 1341
650 784
651 1717
652 1904
653 1113
653 1223
653 1386
653 1453
654 1301
656 1021
656 1464
658 1047
659 1291
660 1461
660 1464
660 1733
662 703
662 1790
663 1547
664 1377
665 847
665 1158
665 1608
665 1789
666 814
666 1357
666 1911
667 915
667 1635
668 685
668 865
668 891
668 1249
668 1261
668 1295
668 1383
668 1630
669 1553
670 1050
670 1580
671 1305
671 1901
672 935
672 1409
673 1479
674 1716
675 1808
676 1107
677 695
677 751
678 1054
678 1652
678 1813
679 919
681 785
681 837
681 930
681 1804
682 705
682 1134
683 1257
683 1493
684 959
684 1467
685 1071
685 1455
686 715
686 1263
686 1397
687 806
687 1693
687 1929
689 1533
690 810
690 921
690 1132
690 1517
690 1787
691 1481
692 1872
693 1249
694 1572
695 1393
696 766
696 869
697 962
697 1028
698 1373
699 800
699 829
699 1024
699 1293
699 1377
699 1634
699 1884
700 1608
702 1131
703 770
705 827
707 998
707 1280
707 1396
708 1747
709 851
709 958
709 1854
710 720
710 795
710 1195
710 1975
711 1386
712 1995
713 1616
714 1869
715 899
715 1336
715 1611
716 1046
716 1154
717 846
717 1927
718 909
719 1035
719 1243
719 1494
720 1047
720 1405
721 854
721 1514
722 736
722 1361
723 1380
725 1068
726 951
726 1047
726 1534
727 816
727 867
727 1891
728 974
728 1721
728 1977
729 1573
730 1256
731 754
731 1433
732 1911
735 971
735 1113
735 1473
735 1563
736 925
736 1224
737 816
738 898
739 1379
739 1504
739 1917
740 862
740 1920
740 1926
741 1570
741 1780
741 1869
741 1904
742 1089
742 1092
743 1161
743 1907
744 1899
745 978
745 1086
745 1431
745 1856
746 868
747 1389
747 1509
747 1981
748 1205
748 1666
749 873
751 954
751 990
751 1840
752 1382
752 1674
753 1231
755 956
756 956
756 1093
756 1627
756 1749
756 1967
758 1411
758 1874
760 1131
761 863
762 872
762 919
762 944
762 1064
762 1701
764 806
765 1158
766 934
766 1779
767 1547
768 1022
768 1541
768 1693
768 1958
772 930
772 1219
772 1519
772 1877
772 1924
773 1720
773 1724
774 980
774 1554
774 1863
774 1885
775 1940
776 1327
776 1383
776 1512
776 1535
776 1879
777 1387
777 1860
778 1260
779 1003
779 1305
779 1547
780 1048
780 1409
780 1435
783 1587
787 1066
787 1358
787 1867
788 1083
788 1435
788 1646
789 1236
789 1245
789 1414
789 1588
791 1917
792 1286
793 947
793 1261
793 1785
794 893
794 1136
795 869
795 1019
796 949
796 1215
796 1425
796 1471
797 804
797 1198
797 1400
797 1717
798 1326
799 1392
799 1648
800 924
800 966
801 1463
802 1139
802 1290
802 1844
803 1516
803 1670
805 863
805 1515
805 1894
806 876
806 1458
806 1805
807 940
807 1499
807 1557
807 1739
807 1835
807 1940
808 1182
808 1423
808 1424
808 1454
810 1294
810 1661
810 1686
810 1849
810 1898
811 1027
811 1228
811 1612
812 921
812 1276
812 1433
814 917
814 1535
814 1765
814 1863
815 817
815 1576
815 1780
816 1117
816 1420
816 1684
817 1345
817 1399
817 1465
818 1434
818 1989
819 1153
820 1303
820 1313
820 1876
821 1001
823 1331
825 1141
825 1351
826 979
826 1157
827 873
827 1940
827 1950
828 1654
829 1779
830 884
830 1015
830 1344
830 1722
830 1764
830 1792
832 1602
832 1748
833 1450
834 1155
834 1290
834 1570
835 1174
836 977
836 1206
837 865
839 1961
840 1261
840 1739
840 1838
840 1889
841 857
841 1312
842 1056
842 1635
842 1680
842 1779
842 1785
842 1905
843 1668
843 1956
844 1689
844 1870
845 1048
845 1476
846 1446
847 917
847 1363
849 1362
849 1593
849 1663
850 1359
850 1838
851 1065
853 1416
853 1865
854 1073
854 1192
854 1321
855 1070
855 1379
855 1600
856 1212
856 1273
857 1760
858 1752
858 1944
859 1042
860 1122
860 1151
860 1529
861 1367
861 1699
862 1106
862 1537
862 1803
862 1804
864 888
864 949
864 1208
864 1569
866 942
867 940
867 1649
868 1786
868 1904
869 1453
870 1495
870 1717
870 1740
870 1868
871 1109
871 1290
872 1628
873 1702
874 1680
877 1830
878 1209
878 1444
880 948
880 1103
880 1622
880 1694
881 1266
881 1490
882 1140
882 1731
883 1014
884 944
884 1381
885 1301
886 1568
887 920
887 1025
887 1124
887 1743
888 1280
888 1629
888 1817
888 1859
889 1049
889 1294
889 1394
889 1711
890 1298
890 1595
890 1642
891 1501
892 1344
892 1549
893 1134
893 1473
893 1579
893 1590
894 1639
895 1301
895 1704
896 1177
897 1203
897 1889
897 1933
898 928
898 1019
899 1356
900 954
900 1932
902 1024
902 1882
903 1409
904 1143
904 1417
905 1181
905 1791
905 1909
906 1662
908 1671
909 1525
910 1467
911 1044
911 1092
911 1115
911 1118
911 1165
911 1494
911 1590
913 1679
914 1282
915 990
915 1159
916 1025
917 1619
917 1830
918 965
918 1623
918 1886
918 1945
919 1748
920 1825
920 1953
922 1027
923 947
923 1533
923 1928
924 1720
924 1813
925 1416
925 1630
927 1451
928 1953
929 1105
929 1357
929 1371
929 1475
929 1730
929 1819
929 1902
930 1151
930 1297
930 1358
930 1470
930 1662
930 1963
931 1000
931 1696
931 1906
932 1902
934 1287
936 1086
936 1188
936 1756
937 1599
937 1828
938 1595
940 956
940 1480
940 1771
941 1506
941 1635
942 1100
942 1217
942 1890
944 1624
945 1038
945 1274
945 1454
946 1182
946 1207
946 1307
946 1438
946 1493
946 1525
948 1843
949 1183
949 1714
950 1861
950 1983
951 1014
951 1499
952 1397
953 1733
953 1816
954 1639
955 1431
955 1788
956 1343
956 1624
957 1035
957 1282
958 1165
958 1996
959 1222
960 1001
960 1326
963 1134
964 1022
965 1324
965 1773
965 1936
966 1705
966 1754
967 1378
968 1231
969 1167
969 1649
969 1948
970 1035
970 1877
971 1112
971 1607
971 1922
972 1075
972 1880
973 1237
974 1417
974 1612
975 1562
975 1641
975 1990
978 1268
978 1618
978 1917
980 984
980 1933
981 1128
981 1468
981 1622
982 1879
984 1691
985 1185
985 1373
986 1811
987 990
987 1753
988 1901
989 1216
989 1275
990 1698
991 1715
992 1511
992 1698
992 1822
993 1690
993 1835
994 1803
995 1072
997 1238
997 1396
999 1494
999 1663
999 1738
1000 1388
1001 1075
1001 1807
1001 1973
1002 1131
1002 1900
1003 1115
1003 1167
1004 1623
1004 1625
1004 1722
1005 1462
1005 1738
1006 1343
1006 1727
1006 1878
1007 1047
1007 1313
1007 1372
1008 1084
1008 1970
1009 1162
1009 1403
1011 1478
1011 1833
1013 1887
1015 1067
1015 1198
1015 1218
1017 1147
1017 1325
1017 1342
1019 1723
1020 1087
1020 1294
1020 1392
1020 1937
1021 1611
1021 1920
1021 1932
1023 1190
1025 1584
1025 1714
1026 1411
1027 1160
1027 1953
1028 1526
1028 1638
1029 1387
1029 1453
1030 1905
1030 1988
1031 1576
1032 1919
1034 1870
1035 1887
1036 1237
1036 1332
1036 1669
1036 1678
1037 1083
1037 1778
1037 1855
1038 1422
1038 1976
1039 1523
1039 1718
1039 1732
1041 1586
1042 1365
1042 1821
1043 1283
1043 1573
1045 1192
1045 1201
1045 1462
1045 1505
1045 1543
1046 1325
1046 1788
1047 1122
1048 1226
1048 1435
1048 1445
1049 1176
1049 1690
1049 1980
1050 1525
1050 1641
1051 1118
1051 1223
1052 1736
1053 1453
1053 1722
1054 1476
1057 1620
1058 1342
1058 1875
1059 1150
1059 1205
1059 1478
1059 1665
1060 1224
1061 1703
1061 1975
1062 1360
1063 1787
1064 1184
1065 1599
1066 1165
1067 1196
1067 1747
1068 1600
1068 1639
1069 1600
1071 1092
1071 1547
1071 1568
1072 1303
1072 1595
1072 1918
1073 1082
1073 1267
1074 1652
1075 1094
1075 1444
1075 1708
1076 1629
1076 1812
1076 1914
1077 1162
1077 1655
1079 1588
1079 1942
1080 1303
1081 1953
1081 1964
1082 1919
1083 1386
1083 1699
1083 1906
1084 1107
1086 1262
1086 1867
1089 1108
1089 1614
1091 1344
1092 1372
1092 1469
1092 1994
1093 1099
1093 1416
1094 1626
1094 1974
1095 1682
1096 1266
1096 1314
1096 1815
1097 1394
1097 1395
1099 1632
1099 1744
1100 1955
1101 1539
1101 1573
1102 1741
1102 1818
1105 1313
1105 1337
1105 1534
1106 1949
1107 1237
1107 1749
1107 1876
1108 1655
1108 1789
1108 1890
1109 1283
1109 1585
1109 1784
1111 1155
1111 1186
1112 1273
1112 1392
1112 1454
1112 1978
1113 1706
1113 1770
1116 1151
1117 1686
1118 1226
1118 1382
1119 1692
1120 1741
1120 1748
1120 1935
1121 1141
1122 1142
1123 1250
1123 1444
1125 1632
1127 1358
1129 1315
1129 1528
1131 1134
1131 1452
1131 1598
1131 1665
1131 1713
1132 1267
1132 1464
1133 1468
1133 1522
1133 1749
1134 1960
1135 1930
1136 1139
1136 1398
1136 1461
1137 1238
1140 1987
1141 1489
1141 1551
1141 1949
1143 1556
1144 1147
1144 1192
1144 1439
1144 1837
1144 1895
1146 1874
1148 1601
1148 1829
1149 1221
1149 1324
1149 1381
1149 1730
1150 1425
1150 1485
1153 1488
1153 1796
1154 1191
1154 1572
1155 1314
1155 1758
1156 1169
1156 1531
1156 1735
1156 1972
1157 1738
1158 1253
1159 1176
1159 1394
1160 1400
1160 1456
1162 1312
1162 1659
1167 1889
1168 1442
1168 1581
1170 1429
1170 1577
1170 1596
1171 1204
1171 1781
1172 1844
1173 1999
1174 1185
1174 1257
1175 1188
1175 1762
1175 1796
1176 1862
1177 1617
1178 1646
1181 1492
1182 1771
1184 1408
1185 1353
1186 1414
1187 1883
1188 1515
1188 1798
1188 1901
1190 1478
1190 1763
1191 1902
1193 1250
1193 1525
1195 1763
1196 1739
1196 1998
1197 1354
1197 1561
1199 1356
1199 1402
1199 1456
1199 1802
1199 1981
1201 1255
1201 1817
1201 1903
1203 1838
1205 1384
1206 1331
1206 1350
1206 1413
1207 1511
1207 1728
1207 1729
1207 1917
1208 1375
1209 1934
1210 1675
1212 1454
1212 1572
1213 1794
1213 1834
1214 1942
1216 1758
1217 1424
1217 1476
1217 1592
1217 1611
1218 1970
1219 1647
1220 1944
1221 1242
1222 1669
1222 1848
1223 1314
1224 1407
1225 1755
1225 1965
1226 1796
1227 1367
1227 1557
1227 1654
1228 1829
1229 1327
1229 1431
1231 1404
1232 1872
1233 1332
1233 1878
1235 1737
1236 1978
1238 1314
1239 1739
1240 1261
1240 1293
1240 1542
1241 1741
1241 1962
1244 1357
1244 1641
1245 1355
1246 1403
1246 1540
1249 1658
1250 1432
1250 1596
1250 1742
1254 1859
1256 1574
1257 1555
1257 1901
1259 1997
1260 1742
1261 1281
1261 1342
1261 1717
1262 1543
1263 1335
1264 1645
1264 1779
1265 1336
1267 1887
1269 1825
1269 1841
1269 1999
1270 1434
1274 1361
1275 1354
1276 1454
1277 1416
1278 1508
1278 1907
1279 1307
1280 1750
1281 1434
1282 1389
1284 1867
1286 1696
1289 1656
1290 1927
1291 1302
1291 1793
1295 1588
1295 1840
1296 1913
1296 1953
1298 1685
1298 1893
1300 1501
1300 1760
1301 1442
1302 1612
1304 1647
1306 1660
1307 1731
1308 1867
1309 1420
1310 1884
1311 1577
1312 1801
1313 1368
1313 1725
1314 1551
1314 1670
1315 1680
1315 1854
1315 1945
1316 1467
1316 1541
1317 1584
1318 1868
1319 1441
1319 1982
1320 1850
1321 1782
1322 1497
1322 1557
1322 1754
1322 1807
1323 1336
1324 1631
1326 1446
1327 1411
1327 1631
1328 1545
1329 1635
1330 1712
1331 1919
1332 1543
1333 1453
1334 1365
1335 1641
1336 1817
1337 1594
1340 1578
1340 1800
1340 1840
1341 1976
1342 1355
1342 1526
1344 1828
1345 1398
1347 1358
1347 1935
1353 1869
1354 1937
1357 1495
1357 1661
1357 1863
1359 1895
1360 1417
1360 1462
1360 1619
1361 1382
1361 1432
1361 1560
1361 1565
1361 1775
1363 1537
1363 1551
1363 1846
1364 1978
1365 1743
1367 1661
1367 1767
1367 1864
1367 1887
1369 1815
1371 1386
1371 1491
1371 1923
1372 1746
1373 1544
1373 1547
1373 1658
1376 1750
1377 1620
1377 1837
1378 1530
1381 1457
1381 1761
1383 1645
1383 1880
1384 1430
1384 1632
1385 1425
1387 1487
1387 1758
1388 1491
1388 1757
1388 1954
1390 1740
1391 1837
1392 1604
1393 1545
1393 1982
1395 1627
1396 1743
1397 1629
1398 1719
1398 1725
1399 1844
1402 1772
1402 1904
1402 1941
1403 1445
1403 1630
1403 1674
1404 1796
1405 1420
1405 1717
1405 1836
1408 1692
1409 1462
1409 1477
1410 1639
1410 1646
1410 1700
1412 1508
1413 1436
1413 1873
1413 1923
1413 1935
1413 1944
1414 1525
1415 1593
1416 1619
1416 1916
1418 1789
1420 1791
1422 1537
1422 1614
1423 1502
1423 1899
1424 1582
1424 1853
1425 1479
1426 1948
1427 1566
1427 1895
1427 1899
1428 1930
1428 1983
1429 1957
1429 1999
1430 1461
1436 1977
1437 1558
1437 1993
1439 1457
1440 1552
1440 1753
1441 1627
1443 1930
1443 1937
1444 1790
1444 1999
1445 1576
1447 1782
1447 1833
1447 1864
1450 1944
1453 1624
1453 1743
1455 1578
1456 1738
1457 1707
1459 1579
1461 1829
1464 1992
1466 1826
1466 1836
1467 1488
1467 1734
1468 1637
1468 1751
1470 1621
1471 1855
1472 1481
1474 1672
1475 1567
1477 1613
1479 1575
1480 1623
1480 1811
1481 1930
1482 1849
1486 1912
1490 1622
1491 1526
1492 1493
1492 1571
1495 1650
1497 1968
1499 1599
1499 1795
1499 1977
1500 1853
1501 1615
1503 1809
1504 1714
1513 1595
1514 1957
1515 1617
1515 1703
1516 1730
1517 1785
1520 1532
1524 1664
1525 1660
1526 1892
1526 1995
1527 1711
1528 1763
1530 1978
1534 1725
1536 1679
1537 1607
1538 1559
1542 1906
1546 1753
1548 1590
1548 1703
1548 1736
1549 1745
1550 1688
1550 1858
1552 1851
1554 1837
1558 1839
1559 1856
1559 1886
1561 1712
1561 1737
1564 1820
1565 1653
1567 1686
1570 1915
1572 1984
1573 1898
1574 1885
1581 1674
1582 1907
1584 1712
1585 1999
1589 1590
1590 1886
1591 1841
1591 1856
1595 1741
1597 1675
1603 1945
1604 1879
1606 1643
1614 1831
1614 1835
1616 1964
1617 1973
1618 1652
1623 1854
1625 1649
1629 1893
1630 1832
1636 1948
1637 1645
1637 1834
1639 1761
1642 1923
1647 1733
1647 1789
1649 1836
1651 1780
1652 1728
1654 1669
1657 1813
1657 1907
1662 1827
1662 1980
1664 1862
1667 1848
1670 1813
1670 1878
1671 1913
1677 1782
1679 1684
1679 1989
1680 1820
1681 1963
1685 1786
1685 1824
1689 1934
1699 1949
1705 1789
1710 1793
1711 1802
1711 1911
1712 1837
1712 1918
1715 1935
1715 1982
1716 1737
1718 1840
1719 1910
1727 1969
1729 1778
1730 1996
1732 1733
1734 1818
1735 1757
1737 1832
1738 1899
1745 1836
1747 1780
1751 1930
1752 1795
1756 1981
1757 1876
1759 1866
1760 1981
1762 1799
1763 1974
1769 1867
1769 1963
1772 1878
1778 1977
1779 1924
1780 1983
1781 1859
1783 1889
1784 1803
1787 1822
1787 1832
1787 1962
1789 1832
1790 1810
1792 1913
1795 1823
1805 1932
1807 1852
1808 1825
1810 1860
1813 1826
1819 1847
1831 1917
1836 1959
1845 1863
1848 1913
1853 1931
1854 1901
1857 1960
1866 1995
1875 1902
1881 1999
1885 1934
1887 1939
1896 1935
1898 1976
1901 1930
1933 1952
1941 1973
1943 1953
1967 1982
