2000 2974
9
68
9
79
15
19
46
31
51
35
64
76
43
32
5
35
56
12
65
58
86
30
93
64
1
90
92
22
27
20
12
25
64
84
45
78
58
56
63
53
22
5
20
91
53
76
97
80
18
39
19
26
51
69
94
95
40
76
88
60
86
24
18
63
37
16
32
89
42
9
89
63
41
13
26
14
44
78
83
46
7
30
17
52
79
5
23
13
32
59
3
35
62
20
100
71
51
55
22
83
90
24
97
7
6
52
50
34
25
34
37
71
75
13
53
38
31
46
56
67
90
97
2
2
78
35
89
37
91
29
99
79
26
13
6
61
47
45
78
22
58
64
2
66
97
50
56
59
18
97
51
27
14
69
7
2
16
90
3
36
65
12
19
78
24
72
55
65
21
54
59
52
17
91
74
6
13
84
78
52
88
78
80
63
52
13
36
25
26
52
44
14
52
34
56
64
14
33
95
49
20
29
76
44
37
82
62
66
83
12
60
38
66
85
25
95
51
16
63
58
46
18
6
100
23
61
42
65
64
17
27
89
22
85
26
61
9
85
20
35
74
31
28
78
85
30
86
82
74
46
94
30
56
17
14
13
84
82
79
92
55
88
89
47
22
40
81
48
32
71
15
98
88
70
42
59
18
20
28
61
90
56
7
35
4
36
94
56
40
3
35
96
85
56
25
83
76
89
74
61
75
52
64
49
51
86
67
26
89
9
55
25
30
90
86
94
88
81
5
36
53
7
86
25
96
62
29
51
19
29
96
94
49
32
73
39
11
24
96
42
63
52
28
73
57
46
15
45
53
91
72
37
43
77
70
76
45
44
74
34
28
66
36
31
20
26
51
79
81
100
77
18
26
100
25
95
81
65
36
69
12
52
68
78
36
41
36
2
79
81
16
71
57
16
89
48
45
26
40
42
43
77
92
88
54
82
35
19
4
8
97
40
83
88
24
54
24
81
9
78
72
24
35
73
49
30
30
78
76
53
62
10
75
20
55
3
68
5
71
7
18
56
58
20
66
20
9
54
35
82
45
14
5
88
79
94
66
31
38
70
13
97
77
3
82
44
97
81
56
43
18
45
39
58
76
19
39
75
95
12
67
67
48
6
55
4
47
95
95
47
59
30
5
90
31
64
62
75
21
8
95
23
23
93
66
12
49
27
67
61
26
18
89
93
87
92
62
66
79
98
60
37
30
38
3
7
40
59
44
19
66
99
64
88
79
31
10
97
42
11
47
21
82
13
16
26
57
32
54
37
30
63
75
57
29
71
3
76
66
99
78
79
86
56
54
35
25
27
8
51
11
56
99
92
7
86
5
87
98
7
27
18
40
32
33
70
14
6
57
71
74
54
100
56
70
67
20
61
27
70
2
48
99
78
55
35
85
26
96
77
78
6
95
45
26
55
87
50
95
1
52
87
90
56
39
8
23
63
50
32
96
95
71
96
81
17
60
70
52
67
52
79
68
12
87
28
40
34
73
77
12
11
38
2
3
57
9
13
15
17
68
90
4
79
1
29
26
50
17
53
15
17
50
100
19
48
67
65
51
17
87
94
99
92
79
37
75
7
36
64
59
19
97
14
1
3
63
94
77
17
18
30
35
64
46
11
43
23
55
70
16
16
45
57
5
63
87
53
67
4
28
9
46
81
80
79
80
17
43
91
37
78
72
50
50
75
45
80
38
11
94
87
19
85
64
68
45
84
29
20
55
40
44
43
69
26
60
74
49
38
69
59
56
40
37
23
7
44
68
49
38
49
64
48
90
80
72
90
72
11
32
24
21
77
34
69
74
48
16
18
54
48
16
80
100
57
80
58
81
19
81
56
42
83
45
62
20
79
9
60
19
44
61
63
91
66
90
45
57
28
8
79
12
61
41
74
3
2
11
90
21
34
31
46
70
79
98
22
77
18
86
96
44
68
95
85
56
19
21
30
21
21
38
14
86
62
43
20
45
52
39
11
62
46
71
62
17
24
83
63
78
49
36
84
72
86
55
80
90
99
47
36
40
46
92
41
75
14
92
18
14
43
2
46
67
94
48
99
12
10
69
7
12
75
46
56
36
52
100
77
67
77
71
9
70
93
84
65
98
34
12
57
57
47
23
84
69
8
14
16
87
53
51
72
66
71
78
82
53
18
38
98
80
19
61
22
70
30
51
48
94
57
4
40
41
3
44
45
82
70
14
81
35
45
40
86
13
23
75
2
71
61
83
68
15
11
37
78
6
20
79
61
48
77
19
58
4
19
3
24
33
48
24
26
92
100
33
28
94
47
7
53
33
31
55
30
30
43
32
86
29
36
81
100
3
52
37
41
99
77
45
31
5
52
1
51
71
83
92
42
86
57
30
42
18
19
59
96
59
29
11
51
55
36
8
16
15
20
5
14
75
1
88
5
28
57
62
53
9
65
72
30
5
83
84
98
88
50
96
84
15
87
2
70
64
88
83
71
12
51
99
96
27
10
27
85
44
10
56
1
84
76
95
79
55
18
94
73
87
79
44
69
28
94
53
38
13
77
95
63
5
39
34
88
5
19
37
58
4
33
87
5
84
32
94
14
96
75
77
98
23
48
56
79
30
61
7
79
28
27
16
99
75
5
83
69
67
62
91
66
22
90
63
58
84
87
96
72
33
8
91
84
72
5
3
23
44
53
33
94
69
2
36
94
91
79
37
72
80
83
87
39
96
49
62
96
55
75
67
96
39
96
36
16
93
15
91
28
96
36
80
83
100
26
47
42
83
10
79
100
8
93
81
44
67
49
27
28
88
47
69
52
13
100
70
21
28
91
63
68
79
57
23
39
12
43
74
34
68
23
67
6
8
50
9
99
28
21
50
76
86
94
71
71
12
22
76
91
88
25
12
30
56
73
89
22
10
38
50
93
48
10
62
1
20
9
48
12
21
61
19
86
88
26
10
20
91
66
24
79
2
48
10
16
53
22
61
41
60
41
97
55
93
36
4
32
66
78
90
80
72
86
69
10
77
66
51
72
57
78
95
91
91
59
90
84
23
7
25
52
14
48
80
78
69
60
87
26
88
5
63
43
27
28
17
75
16
79
67
76
71
85
29
70
18
2
87
39
13
74
88
79
32
24
34
61
48
12
17
55
33
7
34
85
46
68
7
89
71
100
49
64
89
86
75
61
20
1
39
57
52
2
10
85
95
63
31
79
34
76
47
4
49
48
7
30
45
87
1
52
76
10
74
7
21
96
62
81
55
87
19
91
33
68
57
4
85
41
5
85
30
8
11
16
40
3
7
90
33
73
66
48
72
48
72
61
45
96
92
54
65
44
94
57
60
10
80
25
70
47
28
69
16
52
69
80
52
56
47
39
17
48
14
74
100
74
92
89
11
5
52
34
13
89
81
13
61
69
49
43
48
2
96
22
83
88
85
47
28
59
87
41
97
12
71
41
11
24
61
98
22
95
25
62
86
83
75
5
17
10
57
86
4
40
3
4
26
11
36
72
21
52
33
91
33
3
93
73
72
12
30
40
31
9
30
97
83
4
81
4
57
32
58
39
14
68
46
24
74
43
18
43
93
43
61
1
71
32
79
28
67
4
23
34
31
29
22
55
20
79
12
11
29
3
18
86
3
87
61
51
82
80
86
79
57
73
39
96
61
29
86
68
75
5
33
64
26
38
24
64
37
25
34
11
98
49
92
76
48
32
77
6
31
32
48
22
64
38
100
88
64
15
45
40
94
89
24
50
35
33
16
48
59
96
49
3
53
39
14
100
62
96
69
53
72
8
87
21
57
64
9
24
50
18
18
21
32
81
83
79
91
87
55
93
47
49
54
65
70
65
66
28
76
3
90
52
29
26
89
67
96
90
91
38
10
90
93
18
47
48
19
70
26
88
53
3
40
2
89
78
84
6
59
78
93
85
24
11
91
74
8
70
24
24
59
70
91
34
26
80
56
96
24
86
1
82
74
87
86
16
12
88
71
63
64
67
60
3
55
62
14
36
83
44
9
94
2
6
13
34
88
62
69
78
10
38
70
54
15
44
84
10
48
16
67
75
1
96
6
5
91
51
92
34
16
18
79
48
12
8
4
48
6
92
32
17
1
2
21
98
98
15
3
77
67
71
22
91
67
53
49
86
34
23
87
44
98
83
7
53
3
78
78
48
23
11
37
4
97
73
85
84
99
95
46
54
65
68
83
30
42
44
21
66
60
63
86
94
30
57
2
30
64
19
78
3
77
91
35
76
59
38
33
84
46
44
97
23
82
26
33
43
41
68
53
43
96
1
76
20
95
21
55
77
52
21
12
91
82
95
31
50
17
14
2
37
78
98
47
88
13
9
27
4
97
33
97
27
54
93
35
3
10
33
27
69
9
16
82
91
91
28
10
72
16
62
37
92
31
37
58
48
11
35
55
98
74
72
74
25
77
86
38
46
52
99
80
25
69
71
6
48
75
54
95
57
30
82
60
80
62
8
99
59
21
100
58
20
33
59
96
57
33
68
10
15
36
31
76
87
15
66
41
10
15
15
38
10
41
71
64
65
21
59
59
33
84
29
11
40
0 439
0 677
0 1953
1 213
1 321
1 892
2 46
2 103
2 490
2 909
2 1101
2 1588
3 38
3 156
3 312
3 424
3 446
3 568
3 900
3 918
3 1895
4 48
4 522
4 692
5 1521
5 1639
5 1911
6 315
6 385
6 910
6 1464
7 553
8 542
8 615
8 1018
8 1043
8 1718
9 311
9 591
9 1581
9 1859
10 1082
11 756
11 1780
12 915
13 852
13 1938
14 65
14 339
14 1011
14 1024
14 1924
15 1998
16 370
16 740
16 1662
16 1681
16 1716
17 440
17 530
18 1013
18 1838
18 1874
19 1291
19 1395
19 1530
19 1592
20 962
20 1143
20 1215
21 1139
21 1214
21 1297
21 1565
21 1615
21 1782
22 931
22 1282
22 1568
22 1776
23 356
24 427
24 743
24 1221
24 1385
25 79
25 104
25 539
25 1578
25 1668
25 1702
26 188
26 460
26 1271
26 1662
27 400
27 550
27 592
27 704
27 718
27 993
27 1261
27 1724
28 131
28 1141
28 1449
28 1923
29 109
29 704
29 1716
30 1024
31 256
31 1030
31 1342
31 1777
32 41
32 303
33 1132
34 648
34 792
34 1784
35 1021
35 1312
36 814
36 946
36 1062
36 1469
37 295
37 1578
38 99
38 1707
39 450
40 599
40 854
40 1842
41 66
41 625
41 1465
41 1910
42 352
42 1400
43 488
43 1954
44 926
44 961
44 1288
44 1332
45 686
45 716
45 1030
45 1989
47 835
47 1247
48 938
48 1877
49 1467
49 1938
50 353
50 956
50 1381
51 175
51 1098
51 1333
52 319
52 668
52 718
52 1279
53 131
53 292
53 1805
53 1991
54 252
54 757
54 1970
55 515
56 672
56 1152
56 1906
57 1875
57 1926
58 88
58 199
58 1050
58 1954
59 111
59 1107
59 1925
60 564
60 630
60 791
60 988
60 1008
61 893
62 1016
62 1436
62 1799
63 1926
64 912
64 972
65 134
65 1306
65 1883
66 1097
67 96
67 815
67 1059
67 1072
68 1012
68 1014
68 1546
68 1889
69 320
69 771
69 1292
69 1366
70 106
70 854
71 1011
72 77
72 196
72 991
72 1465
74 1304
74 1861
76 277
76 1509
77 209
77 978
78 1130
78 1579
79 1195
79 1248
79 1723
80 631
80 1274
81 839
81 1041
81 1319
81 1721
82 911
82 1781
83 401
83 814
83 1870
84 857
84 1235
84 1278
84 1450
84 1743
85 1002
85 1451
85 1584
86 227
86 495
86 896
86 998
86 1176
86 1210
87 1179
87 1265
87 1621
88 1094
88 1427
89 397
89 580
89 1439
90 557
90 650
91 1884
92 269
92 1182
92 1207
92 1360
92 1509
93 507
93 1072
93 1543
93 1959
94 463
94 682
94 769
94 894
94 1008
94 1065
95 217
95 237
95 1131
95 1831
95 1984
96 186
97 764
97 795
97 996
97 1101
97 1927
97 1992
98 217
98 331
98 507
98 1158
99 900
99 1188
99 1765
100 1380
101 374
101 484
101 599
102 1225
102 1358
103 229
103 414
103 597
103 620
103 1327
103 1357
103 1457
103 1535
103 1595
104 178
104 925
104 1156
104 1446
105 701
105 1214
105 1690
105 1877
106 393
106 485
106 1682
107 304
107 1045
107 1187
107 1549
107 1726
108 1376
108 1567
108 1662
109 540
109 585
109 968
109 1017
109 1024
109 1950
110 973
110 1347
110 1560
111 1928
112 754
113 1576
113 1898
114 683
114 1144
114 1235
114 1736
114 1769
115 241
115 378
115 1079
115 1538
115 1584
115 1749
115 1898
116 1306
117 1390
117 1968
118 742
118 962
118 1381
118 1620
119 1251
119 1254
119 1735
120 813
120 1293
121 159
121 1265
122 1026
122 1898
123 764
123 1087
124 751
124 1353
125 250
125 337
125 1160
126 1250
127 219
127 552
127 1103
129 829
129 1043
129 1690
130 355
130 421
130 728
130 1681
130 1734
131 745
131 797
131 1020
132 361
132 1610
133 146
133 596
133 1810
134 1361
134 1507
135 606
135 1289
135 1684
136 1039
136 1588
136 1796
136 1927
137 790
137 1327
137 1629
137 1678
138 617
139 1028
139 1374
139 1407
140 1699
140 1760
141 413
141 486
141 1631
142 418
142 974
142 1116
142 1505
142 1648
142 1890
144 1242
145 225
145 629
145 1338
146 268
146 860
146 1773
147 493
147 556
147 673
147 716
147 1505
147 1791
148 218
148 1016
148 1512
148 1684
149 1513
150 1243
150 1735
151 796
152 531
152 541
152 1061
153 534
153 956
154 156
154 306
154 1372
154 1665
155 484
155 748
155 1560
156 804
156 876
156 1135
157 432
157 878
157 1556
159 591
159 690
159 1209
159 1623
159 1676
159 1771
160 724
160 940
160 1271
160 1874
161 231
161 827
161 889
161 1153
162 670
162 1358
163 738
163 1501
164 263
164 1520
165 553
165 1342
166 781
166 1339
166 1355
167 1072
168 430
168 843
169 332
169 622
169 1753
169 1800
169 1805
170 246
170 746
171 264
172 1379
172 1587
173 824
173 1131
174 582
174 1003
174 1513
174 1765
174 1993
175 763
176 1094
176 1467
177 541
177 590
178 387
178 497
178 1062
178 1528
179 319
179 569
179 666
179 1754
179 1856
180 442
180 689
180 781
180 835
180 1102
180 1478
180 1984
181 526
181 913
181 1886
182 227
182 1335
183 1668
184 624
184 1484
184 1619
185 1148
185 1814
186 1673
187 235
187 1073
187 1868
188 201
188 561
188 1033
188 1354
188 1580
188 1677
189 1484
193 290
193 890
194 1038
194 1194
194 1498
194 1791
195 360
196 1500
197 504
197 576
197 649
197 919
197 936
197 1608
198 1193
199 473
199 540
199 771
199 1214
199 1380
200 373
200 537
201 819
202 649
202 1304
203 382
203 976
203 1091
203 1705
205 642
205 1402
205 1449
206 304
207 450
207 860
207 1692
208 1006
209 1606
210 1101
210 1878
211 318
211 496
211 1719
211 1908
212 1665
212 1746
212 1759
213 1424
213 1520
213 1847
214 795
214 962
214 1028
214 1391
215 448
215 654
215 1163
215 1741
216 220
216 264
216 931
216 1342
217 1379
217 1805
218 669
218 698
218 1132
218 1316
219 296
219 583
219 657
219 967
219 999
220 779
220 1162
220 1894
221 337
221 341
221 533
221 752
221 1363
221 1586
222 1556
222 1897
223 1039
223 1864
224 300
224 1092
224 1763
225 1226
227 849
227 915
227 1688
228 392
228 598
228 1155
228 1680
229 1365
229 1394
230 285
230 391
230 928
230 1146
231 351
231 379
231 430
231 464
231 824
231 947
231 1133
231 1193
232 328
232 1303
233 965
233 1135
233 1792
234 329
234 612
234 891
235 998
235 1090
235 1471
236 688
236 1988
237 240
237 366
237 691
237 1120
237 1196
237 1231
237 1664
238 293
238 558
238 901
238 1146
238 1414
238 1546
239 307
239 477
240 792
240 1831
242 294
242 1650
243 1069
244 391
244 466
244 1054
244 1124
244 1672
245 1235
246 853
246 1170
246 1216
246 1504
247 1507
247 1892
248 859
248 1942
249 252
249 1029
249 1257
249 1403
250 301
250 917
250 942
250 1278
251 1300
252 1267
252 1878
253 567
253 1459
253 1943
254 945
254 1111
254 1580
256 459
256 490
256 1452
256 1943
257 1311
258 1252
258 1724
260 362
260 697
260 1498
260 1550
260 1791
261 370
261 775
261 1217
261 1557
261 1962
262 1112
263 363
263 823
263 1123
263 1619
264 335
264 1005
264 1202
264 1753
265 896
265 1127
265 1438
265 1933
266 999
266 1035
267 673
267 763
267 1434
267 1918
267 1966
268 751
270 558
270 1065
271 656
271 687
271 999
272 334
272 1008
272 1458
273 1272
273 1636
274 310
274 658
274 970
274 976
274 1877
275 352
275 491
275 1035
276 1005
276 1459
277 509
277 818
277 952
277 978
277 1850
278 965
278 982
278 1015
279 716
279 1349
280 1206
280 1436
280 1661
282 554
282 737
283 787
283 1111
283 1414
283 1834
284 371
284 612
284 1879
285 625
285 833
286 637
286 1304
287 630
287 1642
287 1889
288 560
288 1037
288 1101
289 1919
290 753
290 1198
290 1701
290 1906
291 376
291 1342
292 455
292 542
292 806
292 894
292 1391
292 1544
293 405
294 1013
295 1871
296 355
296 660
297 1935
298 700
298 716
298 911
298 1476
299 307
299 505
299 832
299 894
299 1210
299 1484
299 1569
300 954
300 1045
300 1766
301 686
301 778
303 470
303 1761
304 379
304 802
304 1021
304 1158
305 551
305 1239
306 1214
307 477
307 900
307 1139
307 1204
308 838
308 934
308 1092
309 1077
309 1953
310 960
310 1187
310 1761
310 1807
312 995
312 1510
312 1815
312 1990
313 880
313 980
313 1026
313 1648
314 1040
314 1586
314 1799
315 422
315 715
315 743
315 942
315 955
315 1740
316 1100
316 1917
317 319
317 924
317 1092
317 1448
318 851
319 849
319 1181
319 1754
320 1591
320 1854
320 1856
321 1102
321 1738
322 698
322 1037
322 1461
322 1773
323 751
324 982
324 1346
324 1352
325 631
325 1486
325 1563
325 1732
326 357
326 880
326 1483
326 1647
327 546
327 1581
328 744
328 1753
330 655
332 1355
332 1451
333 1804
334 1614
335 429
335 494
335 1634
335 1800
336 573
337 390
337 1408
337 1474
337 1621
338 532
338 891
339 550
339 729
340 740
340 843
340 1787
342 409
342 680
342 1997
343 542
343 1188
343 1207
344 371
344 774
344 1449
344 1680
344 1790
345 510
345 636
346 540
346 888
346 990
347 385
347 1833
348 848
348 1054
349 1156
349 1759
350 1924
351 490
351 1637
352 1111
352 1246
353 1194
353 1197
354 837
354 1887
355 623
355 1735
356 1064
356 1416
356 1936
357 461
357 740
357 965
357 1297
358 1040
358 1577
359 1004
359 1260
359 1725
359 1994
360 508
360 1727
362 730
362 906
362 1359
362 1461
362 1713
362 1875
363 1828
365 1735
365 1891
366 577
366 1028
366 1118
366 1285
366 1289
366 1574
367 726
367 753
367 1150
367 1187
367 1218
368 878
368 1116
368 1849
369 1749
370 1483
370 1500
371 419
371 956
372 1651
373 1207
373 1432
374 513
374 661
374 1235
375 1137
375 1336
376 437
376 1456
377 468
378 513
378 789
378 794
378 1615
378 1960
379 503
379 1205
379 1635
380 675
380 1622
382 951
382 1183
382 1645
383 869
383 1741
383 1970
384 552
385 1336
385 1805
385 1977
386 851
386 1029
386 1383
386 1468
387 421
387 1262
387 1849
388 1052
388 1322
389 848
390 886
390 905
391 983
391 1463
392 441
392 803
392 1956
393 1283
393 1627
394 464
394 1554
395 421
395 783
395 1872
396 850
397 633
397 958
397 1899
398 947
398 1095
398 1715
399 1565
400 1880
401 789
401 1908
402 508
402 679
402 1143
403 1198
403 1332
403 1747
404 1010
404 1102
404 1245
404 1667
405 640
405 1187
405 1500
406 546
406 1512
406 1896
407 1350
407 1644
407 1655
408 491
408 586
408 637
408 834
409 634
409 1602
410 529
410 554
411 1001
411 1058
411 1267
411 1343
412 477
413 901
413 1299
414 1215
414 1642
414 1803
415 437
415 922
415 1103
415 1774
416 1397
416 1439
416 1607
417 752
417 1154
420 595
420 1523
421 442
421 857
421 1752
422 1469
423 923
423 1248
423 1406
423 1541
424 775
424 822
424 1010
425 1135
425 1182
425 1261
425 1611
426 572
426 1107
427 1149
428 863
428 1622
428 1769
429 531
429 762
429 901
429 1228
429 1803
429 1939
430 589
430 1794
431 601
431 1121
432 744
432 1103
433 602
433 1018
433 1208
433 1256
434 823
434 1372
434 1650
435 950
435 1557
435 1690
436 489
436 525
437 1165
437 1561
438 742
438 1167
439 1043
439 1449
439 1562
441 1932
444 499
444 845
445 1612
445 1908
446 865
446 921
447 733
447 1086
447 1824
448 609
448 705
448 1699
449 524
449 1589
450 899
450 931
450 1050
450 1349
451 1110
451 1116
451 1239
451 1767
452 756
452 1860
453 963
454 994
454 1228
454 1317
454 1422
454 1826
455 1446
456 571
456 672
456 1324
457 936
458 1234
458 1521
458 1590
458 1734
459 825
460 718
460 1544
461 800
461 1141
461 1369
461 1541
461 1980
462 1473
463 1078
463 1499
464 632
464 1222
465 1086
466 874
466 1052
468 944
469 690
470 1099
471 1209
471 1612
472 1310
472 1340
472 1792
472 1890
472 1916
474 1656
475 880
475 1460
476 1371
476 1546
477 1737
478 619
478 801
478 1315
478 1619
478 1873
479 1245
479 1471
481 1567
482 714
482 1879
482 1885
483 1908
484 1194
484 1640
484 1810
485 567
486 672
486 1393
486 1635
487 506
487 1307
487 1713
488 1259
489 538
490 1159
491 507
491 869
491 1077
491 1348
492 1740
492 1934
495 1311
495 1356
497 810
497 1125
498 629
498 1426
498 1990
499 696
499 1230
499 1629
500 1221
502 547
502 1331
502 1806
503 822
503 1550
504 1293
505 1088
506 950
506 1093
506 1456
506 1574
507 1564
508 729
508 1362
509 1039
509 1046
509 1480
510 1561
510 1954
511 1922
512 750
512 853
512 880
512 1339
513 923
513 1818
514 1268
514 1557
514 1563
515 1228
515 1476
515 1789
516 1688
518 530
518 910
518 1601
519 1823
520 1134
521 1353
521 1403
521 1435
521 1757
521 1985
522 1193
523 1134
524 1179
524 1414
524 1419
524 1571
525 580
526 1118
527 531
527 978
527 1284
527 1994
528 1660
529 653
529 903
529 1324
529 1372
529 1433
529 1505
530 1408
531 613
532 1213
532 1262
533 914
533 1188
533 1271
534 784
534 817
534 852
535 630
535 1548
536 1050
536 1586
537 557
537 679
537 1954
538 562
538 748
539 620
539 904
540 1448
542 617
542 948
542 1665
542 1698
543 592
543 1073
544 827
544 1708
544 1748
545 1528
546 1715
548 1934
548 1942
549 690
549 1335
549 1414
550 986
550 1130
550 1441
551 584
551 653
551 750
551 953
551 1226
551 1658
551 1864
552 768
553 784
553 987
553 1047
553 1765
553 1885
554 1650
555 1052
555 1408
556 612
556 702
557 919
557 1049
557 1260
557 1370
557 1933
558 1746
559 1213
559 1458
559 1672
559 1894
560 1957
561 1520
561 1594
562 710
562 1370
563 1483
564 633
564 1153
564 1334
564 1688
564 1891
565 875
565 1407
565 1754
567 996
567 1296
567 1792
568 624
568 763
568 809
568 1049
568 1555
568 1727
568 1878
569 1399
570 623
570 1061
570 1460
570 1714
571 1376
571 1807
571 1905
571 1908
572 1371
572 1565
573 720
573 1124
573 1419
573 1648
574 1077
574 1301
574 1383
574 1721
575 1058
575 1585
575 1841
577 1968
578 820
578 888
578 1177
578 1579
580 993
580 1390
580 1938
581 828
581 1159
581 1167
585 910
586 927
586 1813
588 1121
589 608
589 1390
589 1455
589 1736
590 1292
591 975
591 1113
591 1505
593 917
593 1487
593 1528
594 1090
594 1874
595 852
595 1334
595 1481
595 1580
596 842
596 1961
597 634
597 1657
597 1728
598 767
598 1693
598 1986
599 1873
600 891
600 1361
600 1738
601 617
601 672
601 1638
602 1436
602 1493
603 1125
603 1163
603 1769
603 1938
604 1173
604 1524
604 1617
604 1970
605 1229
606 937
607 927
608 1412
608 1886
610 823
611 1386
612 1585
612 1779
613 639
613 881
613 1102
615 1386
616 1464
617 1618
617 1632
618 1124
618 1722
619 720
619 1041
619 1205
619 1499
619 1534
619 1542
619 1924
620 734
620 758
620 1844
621 825
621 1143
621 1983
621 1986
622 1494
622 1803
623 1280
623 1312
623 1997
624 729
624 1419
625 974
626 824
626 1152
626 1480
627 1651
627 1751
628 666
628 937
628 1397
628 1717
629 819
629 828
629 1868
629 1985
631 799
631 1533
632 646
635 650
635 1245
636 1118
636 1425
636 1736
638 1023
638 1683
639 1388
639 1717
640 760
641 1014
643 716
643 904
643 1864
643 1899
643 1990
644 840
644 897
644 1458
645 808
645 975
645 1342
645 1430
645 1774
646 1366
646 1874
647 1729
648 1189
648 1612
649 1000
650 1290
650 1844
651 1112
652 1101
653 884
654 1626
654 1915
656 709
658 1591
658 1782
658 1842
659 1135
659 1184
659 1255
660 1123
660 1140
660 1233
660 1875
661 1915
662 1869
663 1586
664 1242
664 1610
664 1921
665 1656
666 1290
666 1329
667 1345
667 1413
669 1026
670 872
670 944
670 1060
671 899
671 1496
671 1800
672 1259
672 1826
673 1712
674 1091
674 1355
674 1455
675 774
675 1373
676 681
676 929
676 1291
677 1489
677 1705
678 801
678 1051
678 1925
679 1419
680 816
680 1836
682 902
682 1145
683 1445
683 1533
683 1988
684 830
684 1097
684 1589
684 1599
685 811
686 1200
687 1092
687 1790
688 934
688 1008
689 1022
691 1542
691 1726
692 721
692 1030
692 1066
692 1199
692 1525
692 1707
693 1238
693 1770
694 1579
696 764
696 993
696 1662
696 1795
697 725
697 921
697 1832
697 1836
698 862
698 1527
698 1780
698 1789
699 994
699 1993
701 1202
701 1238
702 1066
704 1226
704 1263
704 1536
704 1624
705 836
705 868
705 1950
706 917
706 1727
708 1501
708 1781
709 921
709 960
709 1164
709 1399
710 711
710 1365
711 990
711 1126
711 1636
711 1846
712 1321
712 1328
712 1776
713 1509
714 1109
714 1664
715 747
715 793
715 1248
716 1481
718 1852
719 1452
719 1461
719 1682
719 1796
719 1820
721 1326
721 1439
722 1227
722 1355
723 1045
723 1605
723 1974
724 1530
724 1791
724 1896
725 1285
727 1321
728 997
728 1223
728 1530
728 1720
728 1857
730 1495
730 1782
730 1835
731 1296
731 1596
732 1113
732 1585
732 1692
733 933
733 1674
733 1929
734 1433
734 1535
734 1914
734 1958
735 1063
735 1524
736 1632
737 939
737 1278
737 1349
738 774
738 1014
738 1718
739 1149
740 1049
740 1055
741 1220
741 1704
742 1493
742 1564
742 1767
742 1853
743 817
743 1486
743 1707
745 1903
746 1637
748 879
749 1875
750 1415
752 812
752 988
752 1448
753 1050
754 1390
755 966
755 1077
755 1379
755 1620
755 1734
755 1802
756 1295
756 1504
756 1860
756 1877
757 1607
757 1787
758 1330
758 1466
758 1681
758 1841
759 1577
760 1067
760 1857
761 1005
761 1428
763 764
763 1147
763 1303
763 1739
764 958
764 1741
765 1169
765 1326
766 902
766 1485
766 1977
767 1054
768 1277
768 1827
768 1889
769 801
769 994
769 1395
769 1436
769 1621
769 1666
770 1107
770 1869
771 1001
771 1043
771 1502
772 1359
772 1506
772 1973
773 1614
774 1014
774 1113
774 1297
775 940
775 1480
775 1681
775 1983
776 976
776 1129
776 1795
777 1008
777 1226
778 1609
778 1960
779 1274
779 1870
780 858
780 1327
781 915
782 1830
783 878
783 999
783 1163
783 1164
784 1575
785 879
785 945
785 1792
786 1136
786 1847
787 1102
788 1472
788 1639
788 1782
789 1104
789 1282
789 1678
790 1141
790 1296
791 940
791 1712
791 1853
791 1964
792 987
793 1191
794 1396
795 1082
795 1417
795 1534
795 1699
796 1368
797 1561
797 1889
798 1074
798 1309
798 1656
798 1748
799 877
799 1346
799 1391
799 1456
799 1644
800 932
800 1629
800 1700
801 1041
802 1128
802 1921
805 974
805 1511
806 1040
806 1070
808 810
808 864
808 1775
810 872
810 1401
810 1910
811 1899
812 1707
812 1752
813 846
814 1047
814 1105
814 1114
814 1765
817 1265
818 1094
819 1059
819 1760
819 1897
820 1790
820 1827
820 1954
821 1217
821 1399
821 1529
821 1961
823 1368
824 900
824 942
824 1828
826 929
826 1164
826 1292
826 1315
827 1216
827 1505
829 1210
830 1278
831 1292
831 1356
832 1448
833 1234
833 1947
834 1589
835 1457
835 1570
835 1773
835 1873
836 1733
837 1183
837 1527
837 1738
837 1778
838 1361
839 1784
839 1928
840 1933
841 1114
841 1437
841 1525
841 1732
844 965
844 1952
845 1017
846 962
846 1930
848 886
850 1256
850 1670
850 1959
851 943
852 1299
853 1345
853 1790
854 919
854 1426
854 1812
854 1960
856 1406
858 1902
859 1061
859 1320
859 1621
859 1823
860 1351
860 1510
860 1824
861 862
862 1278
863 1544
863 1584
864 1342
865 1484
865 1629
865 1997
867 1166
867 1563
868 883
868 1205
868 1824
871 1765
874 1251
874 1419
875 1377
876 1215
876 1480
876 1632
876 1917
877 1804
877 1906
878 1002
879 1423
880 1260
880 1982
881 882
881 1778
882 1069
882 1512
882 1738
883 1297
883 1646
883 1961
884 1333
885 1917
886 963
887 1530
889 1511
890 1403
890 1761
890 1921
890 1952
891 1419
891 1607
892 1236
892 1441
892 1928
895 1330
895 1999
896 1196
897 961
897 1205
897 1832
899 1389
900 1107
900 1236
902 1629
903 937
903 1636
903 1652
904 1198
905 994
905 1813
905 1896
905 1904
905 1997
906 966
906 1334
908 1239
908 1899
909 929
909 1293
909 1960
909 1982
910 1010
910 1621
910 1686
911 1558
914 1834
914 1902
915 1525
915 1675
916 1283
916 1338
916 1374
916 1511
917 968
919 967
919 1587
919 1830
921 1302
922 1281
923 1015
923 1253
924 936
924 1255
924 1562
924 1595
925 969
925 1322
926 1744
927 1315
927 1319
929 1752
930 1577
931 1535
934 1113
934 1393
936 1007
937 1133
937 1272
939 1684
941 1153
941 1976
943 1088
943 1478
944 980
944 1374
945 955
946 1447
947 1196
947 1512
947 1778
948 1784
948 1812
949 1352
949 1379
949 1999
950 1073
950 1278
951 1017
951 1925
952 1526
952 1770
953 1465
954 1360
955 1610
956 1081
956 1324
957 1084
958 1377
958 1633
959 995
959 1513
959 1733
960 1189
961 1323
962 1740
962 1766
963 984
963 1768
965 1649
965 1816
965 1910
966 1528
966 1796
966 1925
967 1487
967 1837
967 1847
968 1039
968 1397
968 1459
968 1926
969 1257
970 1090
970 1163
970 1387
970 1997
971 1151
972 1633
973 1164
973 1251
973 1805
973 1951
974 1009
974 1706
974 1783
976 1104
977 1116
977 1329
977 1335
977 1545
978 994
978 1093
979 1240
979 1891
980 1060
980 1179
981 1960
983 1223
983 1444
984 1559
984 1606
985 1512
985 1720
985 1919
987 1726
990 1601
991 1667
991 1806
991 1983
992 1354
994 1493
994 1523
995 996
995 1828
996 1213
996 1911
998 1039
998 1935
999 1676
1000 1689
1000 1909
1001 1053
1001 1481
1001 1758
1001 1816
1003 1706
1003 1981
1005 1746
1005 1932
1006 1038
1010 1939
1011 1601
1011 1703
1011 1818
1011 1943
1011 1979
1012 1172
1012 1295
1012 1308
1013 1153
1014 1089
1014 1384
1014 1729
1016 1076
1016 1281
1016 1763
1017 1041
1017 1869
1019 1512
1021 1530
1022 1383
1022 1748
1022 1917
1023 1574
1023 1682
1023 1870
1023 1971
1024 1124
1024 1266
1024 1323
1024 1440
1024 1759
1025 1503
1028 1828
1029 1688
1031 1632
1031 1939
1032 1078
1033 1803
1033 1826
1033 1977
1034 1036
1036 1679
1037 1511
1037 1874
1038 1335
1040 1230
1040 1255
1040 1694
1041 1224
1043 1325
1044 1163
1045 1190
1045 1914
1046 1177
1046 1804
1046 1884
1046 1954
1049 1323
1050 1084
1051 1476
1051 1480
1051 1700
1052 1342
1053 1519
1053 1798
1055 1322
1055 1414
1055 1970
1056 1184
1056 1581
1056 1979
1057 1560
1057 1594
1059 1816
1060 1378
1062 1085
1062 1192
1063 1953
1064 1205
1066 1535
1067 1466
1067 1759
1067 1803
1067 1981
1068 1518
1069 1849
1069 1911
1070 1511
1072 1243
1073 1615
1073 1810
1074 1601
1075 1259
1075 1281
1075 1606
1076 1231
1076 1611
1076 1707
1076 1834
1078 1303
1079 1310
1080 1889
1081 1633
1084 1541
1084 1554
1084 1641
1085 1702
1085 1953
1086 1843
1086 1862
1087 1586
1087 1794
1091 1291
1092 1134
1092 1231
1092 1932
1093 1259
1093 1821
1093 1917
1096 1410
1097 1290
1097 1773
1098 1738
1098 1973
1100 1332
1100 1883
1101 1604
1102 1397
1102 1782
1102 1964
1103 1116
1103 1436
1105 1358
1107 1861
1110 1341
1111 1157
1112 1390
1113 1528
1117 1415
1117 1775
1118 1579
1119 1877
1119 1982
1120 1528
1120 1863
1121 1526
1124 1921
1126 1987
1127 1716
1130 1305
1131 1446
1131 1466
1132 1397
1133 1302
1133 1536
1133 1977
1134 1866
1134 1891
1135 1928
1136 1171
1136 1735
1138 1304
1140 1503
1140 1615
1140 1778
1141 1783
1142 1631
1142 1891
1143 1562
1144 1374
1145 1987
1146 1493
1146 1519
1146 1521
1146 1743
1147 1964
1151 1248
1151 1857
1152 1184
1152 1811
1153 1235
1153 1594
1154 1379
1157 1170
1157 1296
1157 1443
1157 1598
1158 1588
1158 1759
1158 1987
1159 1632
1159 1778
1165 1543
1165 1854
1166 1376
1167 1716
1170 1955
1171 1700
1177 1347
1177 1630
1178 1657
1178 1739
1178 1796
1181 1703
1184 1347
1185 1360
1185 1647
1187 1361
1187 1587
1188 1232
1188 1984
1189 1228
1189 1349
1189 1545
1189 1900
1189 1956
1190 1799
1191 1295
1191 1306
1191 1317
1192 1564
1192 1903
1193 1249
1193 1441
1197 1347
1197 1793
1198 1498
1198 1642
1199 1755
1201 1637
1202 1426
1203 1421
1203 1491
1204 1294
1205 1610
1206 1438
1206 1703
1209 1271
1211 1542
1211 1750
1212 1765
1213 1334
1214 1329
1215 1216
1216 1505
1218 1292
1218 1921
1219 1245
1220 1595
1220 1700
1222 1568
1223 1645
1223 1799
1224 1610
1224 1919
1225 1884
1226 1996
1227 1967
1229 1272
1229 1732
1230 1593
1230 1957
1232 1421
1232 1608
1233 1881
1234 1236
1234 1386
1234 1496
1237 1635
1237 1751
1237 1802
1237 1867
1238 1424
1241 1350
1241 1961
1242 1411
1242 1588
1243 1615
1243 1706
1245 1336
1245 1559
1246 1464
1248 1452
1249 1296
1250 1465
1250 1705
1252 1279
1252 1473
1253 1832
1254 1321
1254 1560
1255 1471
1255 1556
1258 1266
1258 1375
1258 1414
1259 1745
1259 1758
1262 1554
1262 1661
1270 1517
1270 1645
1271 1272
1271 1402
1271 1659
1272 1403
1272 1614
1273 1843
1273 1857
1274 1995
1276 1512
1278 1470
1282 1449
1282 1688
1282 1744
1283 1797
1285 1632
1286 1418
1286 1644
1287 1794
1287 1885
1289 1679
1291 1370
1292 1671
1292 1712
1292 1834
1292 1853
1293 1851
1294 1932
1296 1361
1297 1396
1297 1924
1298 1537
1298 1668
1299 1528
1299 1787
1300 1488
1300 1510
1301 1865
1302 1557
1302 1653
1303 1443
1304 1719
1305 1491
1305 1888
1305 1909
1306 1329
1306 1688
1309 1815
1309 1887
1310 1342
1310 1880
1311 1593
1312 1690
1313 1428
1313 1545
1314 1789
1315 1414
1316 1421
1316 1580
1316 1648
1317 1682
1317 1909
1318 1370
1318 1805
1319 1703
1320 1876
1320 1912
1321 1420
1321 1602
1321 1670
1322 1470
1322 1954
1323 1468
1324 1409
1330 1963
1331 1429
1331 1530
1332 1851
1333 1757
1334 1468
1334 1471
1334 1554
1337 1804
1338 1716
1340 1388
1341 1580
1341 1707
1342 1464
1342 1906
1345 1547
1345 1675
1346 1733
1346 1779
1346 1815
1347 1723
1347 1905
1350 1403
1351 1352
1351 1506
1351 1796
1352 1789
1352 1844
1352 1962
1356 1769
1356 1852
1358 1885
1358 1971
1359 1434
1359 1768
1360 1706
1361 1683
1363 1591
1363 1875
1365 1531
1365 1700
1366 1693
1367 1738
1369 1756
1369 1864
1370 1497
1370 1556
1370 1949
1371 1530
1374 1456
1375 1461
1375 1486
1375 1628
1376 1389
1376 1516
1376 1632
1376 1961
1377 1387
1377 1476
1377 1879
1377 1965
1378 1683
1380 1403
1380 1457
1385 1867
1386 1541
1389 1596
1389 1720
1389 1867
1389 1982
1394 1969
1396 1454
1396 1575
1398 1452
1399 1509
1401 1414
1401 1773
1402 1673
1402 1695
1404 1664
1404 1666
1407 1681
1408 1974
1410 1678
1411 1596
1411 1605
1412 1584
1413 1621
1417 1476
1417 1922
1418 1689
1418 1691
1420 1684
1420 1728
1421 1889
1424 1437
1424 1702
1424 1731
1424 1811
1426 1983
1428 1586
1429 1435
1429 1763
1430 1470
1430 1740
1431 1700
1431 1936
1433 1479
1433 1801
1434 1778
1436 1771
1438 1754
1438 1967
1439 1480
1443 1865
1444 1606
1444 1940
1445 1994
1446 1991
1449 1654
1450 1720
1450 1889
1451 1614
1452 1772
1453 1956
1455 1874
1455 1935
1458 1702
1459 1651
1459 1937
1460 1769
1463 1809
1464 1878
1465 1903
1467 1780
1469 1761
1470 1652
1472 1737
1473 1624
1477 1549
1481 1625
1482 1963
1484 1843
1486 1660
1486 1788
1486 1806
1488 1570
1489 1705
1490 1663
1492 1644
1496 1502
1496 1621
1498 1521
1498 1851
1499 1954
1503 1981
1503 1987
1504 1824
1507 1520
1508 1755
1509 1598
1509 1848
1513 1955
1516 1798
1516 1844
1519 1990
1522 1872
1522 1973
1526 1772
1528 1930
1529 1762
1533 1870
1534 1822
1536 1983
1539 1580
1540 1911
1546 1886
1547 1633
1548 1557
1553 1688
1556 1749
1557 1828
1562 1758
1564 1960
1566 1957
1568 1588
1570 1787
1572 1771
1573 1735
1574 1628
1575 1959
1579 1681
1580 1628
1580 1736
1583 1894
1583 1939
1584 1718
1585 1876
1586 1857
1587 1996
1588 1803
1589 1930
1591 1817
1592 1965
1593 1800
1595 1957
1599 1862
1604 1623
1604 1958
1609 1877
1614 1763
1615 1656
1618 1651
1619 1791
1621 1737
1621 1774
1622 1736
1628 1776
1628 1912
1628 1945
1629 1918
1631 1958
1634 1902
1636 1671
1636 1678
1636 1687
1637 1793
1640 1671
1641 1726
1645 1694
1646 1667
1647 1714
1647 1907
1648 1799
1649 1671
1653 1904
1658 1890
1658 1947
1661 1854
1675 1936
1676 1695
1676 1995
1678 1693
1679 1918
1681 1953
1682 1972
1684 1805
1685 1886
1687 1706
1687 1727
1688 1889
1689 1951
1691 1793
1691 1906
1691 1936
1693 1815
1695 1844
1698 1972
1700 1721
1702 1802
1702 1850
1702 1883
1705 1735
1705 1741
1705 1767
1705 1942
1708 1730
1709 1840
1709 1989
1710 1831
1711 1822
1719 1863
1725 1876
1726 1728
1726 1815
1729 1754
1730 1891
1730 1928
1733 1923
1735 1770
1746 1790
1746 1928
1748 1775
1750 1783
1750 1916
1752 1763
1752 1789
1752 1835
1756 1849
1758 1902
1761 1984
1764 1998
1765 1928
1767 1821
1769 1797
1772 1842
1779 1939
1780 1813
1780 1972
1782 1930
1783 1999
1784 1857
1786 1993
1788 1846
1792 1830
1795 1812
1796 1805
1801 1958
1808 1905
1812 1965
1815 1905
1820 1823
1825 1874
1826 1855
1830 1966
1852 1990
1853 1898
1856 1885
1860 1928
1870 1961
1871 1969
1882 1977
1883 1910
1893 1916
1896 1975
1904 1934
1916 1994
1935 1962
1941 1991
1951 1974
1954 1962
1958 1989
1972 1977
