2000 3019
26
51
71
94
39
95
73
43
6
81
4
5
50
38
4
88
36
77
36
28
7
44
18
22
93
28
93
31
31
88
100
83
39
72
86
98
82
2
78
38
9
90
34
79
95
3
59
38
22
5
44
36
61
71
37
16
71
67
25
65
26
49
99
60
47
50
75
61
48
56
29
65
91
94
6
32
64
65
71
28
69
16
87
81
26
83
92
21
71
64
9
74
93
27
33
30
88
12
53
36
97
63
62
78
82
67
39
41
96
39
98
64
68
47
83
62
15
12
47
86
30
49
81
7
93
23
69
16
89
4
3
47
47
24
49
73
65
56
14
89
8
83
45
53
98
87
5
37
47
62
100
19
15
32
31
8
4
82
75
84
83
41
37
88
3
56
89
77
15
47
78
31
9
2
83
54
5
44
32
14
43
2
88
15
7
75
7
26
1
77
49
86
9
41
55
22
78
6
46
41
22
30
22
20
67
37
67
64
48
27
12
46
69
63
48
75
54
48
99
13
54
11
36
66
57
14
68
19
61
13
7
69
54
1
54
62
12
97
52
1
91
8
73
14
93
49
81
93
53
62
89
46
49
42
98
35
88
66
97
59
87
81
2
23
26
94
76
3
19
97
71
38
14
38
15
34
86
25
62
49
47
67
1
77
18
94
47
49
31
3
94
95
1
24
79
45
62
29
52
1
17
58
48
11
50
29
99
28
1
22
6
68
92
69
50
14
35
3
44
46
34
23
91
36
43
79
15
76
63
80
87
97
7
38
3
59
26
3
64
87
84
62
39
8
3
63
97
54
65
27
38
90
88
36
23
86
43
68
98
82
23
30
5
34
83
67
13
66
18
36
97
11
46
9
33
32
36
83
50
47
49
82
24
89
16
59
48
35
95
82
34
4
22
25
17
96
11
21
97
88
18
53
64
62
43
93
27
9
89
95
84
69
67
84
23
98
39
42
11
10
81
100
34
34
67
73
37
96
95
59
60
70
51
29
100
48
2
73
73
100
93
39
20
56
41
14
27
17
69
65
83
45
87
80
3
75
14
91
52
13
76
13
48
93
28
11
88
65
73
1
44
6
84
64
58
24
44
30
71
45
75
74
97
42
23
47
49
86
64
99
97
24
31
99
15
45
30
10
60
41
81
33
62
11
3
48
46
67
95
34
88
74
4
64
17
47
61
95
71
83
67
88
14
34
69
88
27
96
3
28
4
48
63
55
29
72
29
83
54
44
26
20
68
69
24
8
6
93
1
76
2
61
34
96
7
23
65
42
26
25
56
22
40
54
20
48
51
63
10
94
75
38
17
13
58
91
41
85
57
90
46
47
14
12
11
5
33
97
59
54
3
94
35
73
94
29
59
15
52
17
7
5
71
2
12
56
14
87
31
49
38
30
19
62
9
65
14
98
83
73
62
40
62
55
86
79
80
75
78
75
68
63
42
14
27
14
39
94
88
70
91
12
76
31
39
28
61
51
41
46
33
32
36
82
8
71
5
10
37
98
16
81
55
100
41
65
99
47
4
47
4
77
46
99
66
52
46
33
22
43
71
81
42
24
17
84
10
19
27
99
39
27
97
71
32
11
33
80
57
10
64
49
13
74
29
94
87
86
92
52
61
35
15
28
56
56
32
34
73
63
85
83
90
47
64
72
48
49
19
100
67
7
76
87
23
97
10
87
44
44
73
61
15
10
86
95
40
63
90
3
40
40
36
11
61
91
94
33
32
46
95
34
25
73
19
29
12
70
44
61
33
95
61
2
62
9
88
15
54
64
46
92
12
83
70
98
11
6
3
53
37
94
6
65
5
69
70
19
57
34
8
54
51
88
59
48
5
19
37
58
87
78
21
6
33
69
78
38
31
12
76
82
53
100
63
28
30
84
16
18
96
45
89
92
79
36
51
1
56
9
2
83
45
72
71
34
90
10
32
2
84
23
91
99
88
46
72
72
88
11
84
44
71
1
74
93
15
28
2
85
96
89
64
47
23
99
80
72
13
63
52
66
61
30
43
59
27
86
50
47
73
15
46
60
9
52
36
7
69
86
71
98
99
82
7
62
22
30
50
17
13
69
58
7
11
35
91
46
71
47
46
27
89
68
67
34
66
62
1
92
40
98
96
62
58
7
98
88
91
63
82
14
7
16
34
19
37
65
23
48
48
80
59
33
87
1
67
14
33
92
51
69
24
64
7
52
32
29
21
38
68
19
61
17
78
20
10
24
63
17
66
29
67
14
92
68
76
99
13
8
10
42
55
62
14
91
1
52
67
80
91
99
71
1
79
5
1
79
96
85
72
82
34
15
76
5
37
81
88
27
45
95
20
81
85
40
47
71
46
56
97
72
52
37
13
94
55
90
58
88
97
18
59
35
88
65
27
78
11
80
96
16
47
59
85
88
53
49
86
8
63
41
45
19
39
87
36
62
82
24
87
90
69
53
33
46
83
62
72
100
43
34
16
74
76
18
79
14
12
39
14
29
54
89
88
29
7
77
81
66
58
85
72
70
34
47
24
9
54
9
94
2
76
91
44
75
76
95
88
88
30
47
51
16
82
94
11
73
58
20
15
10
79
76
66
34
4
25
6
88
91
31
41
98
52
31
92
55
63
58
59
94
59
63
75
38
9
29
69
74
85
29
59
70
96
23
85
79
32
54
9
15
78
27
57
15
48
7
57
51
5
18
53
57
16
25
58
94
14
46
17
31
75
94
92
51
72
27
75
81
91
82
50
61
75
7
68
2
17
99
3
75
96
8
10
22
35
1
94
44
81
26
68
35
36
79
15
4
25
27
21
50
86
39
32
26
73
25
32
92
23
9
89
81
74
69
80
46
3
5
56
26
21
40
44
20
6
34
58
97
77
25
82
29
100
37
48
84
1
1
15
91
40
51
49
70
81
29
13
14
88
2
76
87
28
29
84
84
68
90
75
22
1
14
54
12
86
1
37
93
71
81
32
7
45
15
47
90
85
45
28
70
76
7
37
48
72
54
69
93
75
18
97
11
20
89
83
62
97
92
1
14
20
65
85
12
77
9
38
54
97
60
10
17
68
84
15
14
80
45
73
65
56
51
47
34
75
15
2
9
57
35
44
6
14
64
78
4
18
59
56
5
59
95
58
78
52
12
81
15
95
25
12
16
91
99
44
63
89
27
15
99
2
71
41
5
77
68
86
50
40
27
18
20
99
98
85
22
99
90
34
35
2
43
7
42
51
10
90
74
86
69
12
78
63
32
48
65
91
84
56
74
54
88
39
97
35
24
1
77
53
86
91
28
98
73
65
72
48
87
76
12
50
92
24
8
24
59
73
93
38
33
75
19
20
14
60
44
80
57
70
49
95
56
65
7
100
95
13
75
61
22
41
88
95
57
70
6
44
87
24
95
80
94
53
93
80
38
5
39
17
85
74
35
20
28
13
45
61
73
46
53
33
34
87
61
85
52
23
65
90
72
4
34
93
37
39
32
94
52
44
80
83
5
39
43
74
4
44
81
91
48
18
57
70
21
33
20
16
59
66
56
10
59
5
85
23
80
11
70
69
50
67
96
1
22
23
19
78
83
56
94
90
75
20
69
70
93
31
78
59
71
38
2
18
81
29
53
6
71
100
45
46
49
86
36
82
64
44
61
2
71
75
77
77
22
79
9
55
92
46
11
37
22
44
27
44
76
26
50
81
15
40
45
91
96
21
66
64
12
40
62
68
21
46
2
35
54
44
54
8
52
69
88
40
52
89
85
40
32
61
11
38
95
90
56
3
32
65
40
9
71
86
29
99
83
28
46
99
55
20
72
49
34
98
39
63
12
71
89
37
12
82
59
53
1
68
1
14
24
62
24
9
100
17
20
63
71
95
90
12
31
27
11
18
56
49
41
51
87
77
83
78
19
61
73
52
89
19
92
37
69
78
40
42
11
95
52
90
85
96
30
42
3
38
61
40
41
32
7
81
76
82
96
11
95
56
94
90
94
55
20
97
58
32
63
13
45
42
32
47
81
78
52
6
99
40
61
56
40
58
33
66
8
63
64
25
69
76
67
1
56
51
31
96
29
15
62
49
74
74
90
88
64
91
63
38
6
8
5
74
77
33
8
86
1
45
3
16
85
66
63
70
12
27
17
92
39
25
44
40
35
85
65
49
6
29
5
92
24
8
16
67
66
85
73
78
95
81
18
46
56
64
100
3
44
97
35
10
40
82
56
2
42
16
88
55
66
47
27
13
100
56
74
60
89
9
44
47
79
29
26
36
100
97
31
89
19
83
65
44
41
98
1
73
42
1
76
81
53
47
14
49
18
48
24
44
54
26
24
48
53
9
10
5
92
32
35
70
60
54
8
45
54
68
18
40
6
38
32
55
15
84
74
89
39
70
60
15
40
4
46
24
13
5
92
98
35
35
30
99
82
89
18
43
8
41
83
33
55
35
12
7
45
32
64
51
84
90
65
53
28
34
17
86
56
25
31
13
12
100
5
6
85
35
35
55
4
65
76
41
96
95
23
78
33
56
48
22
21
59
17
28
51
31
99
91
12
76
18
0 391
0 1550
1 316
1 1690
2 501
2 772
2 1493
2 1535
4 1163
5 89
5 243
6 1374
7 100
7 554
7 1186
7 1498
7 1864
8 585
8 710
8 1207
8 1539
8 1864
9 468
9 955
9 1594
10 530
10 1546
10 1611
10 1923
10 1961
11 89
11 763
11 883
12 166
12 1261
12 1925
13 550
13 623
13 1242
14 157
14 533
14 679
14 1241
14 1408
14 1505
14 1678
15 1236
15 1620
17 684
18 26
18 113
18 566
18 792
18 885
18 1879
19 198
19 557
19 943
20 85
20 378
20 1693
20 1814
21 380
21 1063
21 1152
21 1983
22 427
22 655
22 680
22 1347
23 902
23 916
23 1101
23 1555
24 1231
24 1584
25 106
25 457
25 1697
27 512
27 891
28 565
28 738
28 1793
28 1918
29 106
29 620
29 844
29 1391
29 1453
29 1597
29 1617
30 1069
30 1154
30 1695
30 1706
32 1305
32 1504
33 753
34 537
34 650
34 1816
35 571
35 757
35 1037
35 1493
36 1172
37 881
38 459
38 834
39 566
39 1383
39 1434
40 168
40 795
40 1067
41 557
41 1755
42 1272
42 1882
43 793
43 1500
44 356
44 1034
45 420
45 1324
45 1599
46 732
46 1437
47 1065
47 1523
48 203
48 456
48 1486
48 1886
49 264
49 500
49 726
50 1338
50 1430
50 1814
51 205
51 1334
51 1529
51 1698
51 1883
52 298
52 1165
52 1934
53 978
53 1011
53 1405
53 1635
53 1827
54 227
54 536
54 749
54 808
54 1815
55 99
55 758
55 1040
55 1286
56 377
57 504
57 1253
58 376
58 1157
58 1613
58 1919
59 601
59 992
60 428
60 555
60 783
60 1213
61 846
61 1623
62 211
62 848
62 915
62 1931
63 68
63 462
63 712
63 1746
64 1159
64 1583
65 352
65 495
65 610
66 147
66 1744
67 1552
68 1074
68 1210
69 784
69 1776
70 1667
71 1798
72 257
72 315
72 452
73 306
73 382
73 613
73 1067
74 1181
74 1259
75 249
75 1319
75 1746
76 788
77 1648
77 1656
77 1951
77 1967
78 847
78 1372
78 1540
78 1689
79 200
79 212
79 1155
79 1615
80 468
80 1904
81 303
81 1026
81 1165
81 1572
81 1908
81 1909
82 852
82 898
82 1290
82 1656
82 1989
83 873
83 1280
83 1336
83 1342
83 1381
83 1689
83 1836
84 805
84 1377
85 198
85 533
85 895
85 1265
86 197
86 652
86 1757
87 942
88 242
88 1118
88 1196
88 1538
88 1730
88 1824
89 124
89 371
89 427
90 281
90 582
90 1875
91 218
91 1184
91 1373
91 1768
91 1844
92 137
92 573
92 1252
93 94
93 463
93 963
93 1762
94 367
94 558
94 644
94 666
94 1028
95 1735
96 1892
97 1394
97 1770
97 1792
98 1755
98 1925
99 1104
99 1344
99 1890
100 1102
100 1441
100 1569
101 497
101 1807
102 1048
102 1078
102 1874
104 208
104 977
104 1059
104 1234
105 326
105 471
105 1419
105 1820
107 414
107 1059
107 1202
108 201
108 680
108 914
108 1815
108 1887
109 232
109 417
109 752
109 1508
110 936
110 1104
110 1711
111 131
111 158
111 467
111 500
111 662
111 1305
113 1534
113 1829
114 766
114 1785
115 565
115 578
115 580
115 1991
116 985
116 1543
117 833
117 1186
118 534
118 579
118 1256
119 1048
119 1147
120 321
120 573
121 459
122 429
122 635
122 1333
122 1898
123 562
123 1750
124 846
124 1644
125 444
126 205
126 1235
127 142
127 167
127 1801
127 1914
128 567
128 816
128 1480
129 216
129 928
129 1454
129 1603
129 1639
129 1833
130 623
130 1038
130 1580
130 1995
131 1405
131 1643
132 764
132 1367
132 1777
132 1798
132 1822
132 1954
133 202
133 306
133 642
133 1803
134 1489
135 1837
136 184
136 260
136 1011
136 1886
137 176
137 1542
137 1796
138 298
138 667
138 973
139 466
139 927
139 1555
139 1879
139 1975
140 1557
141 1606
142 278
142 642
142 1710
143 457
145 767
145 786
145 1184
145 1397
145 1506
146 767
146 977
146 1650
146 1651
147 920
147 1239
149 895
150 372
150 1012
150 1197
150 1544
150 1920
151 261
151 1713
152 169
152 443
152 505
152 673
152 1223
154 1276
154 1624
154 1789
155 205
155 375
155 789
155 852
155 1262
155 1326
156 774
156 1016
156 1238
157 1601
158 705
159 750
159 1029
159 1442
159 1773
160 950
160 1945
161 351
161 1746
161 1847
162 417
163 483
163 701
163 1143
163 1860
164 400
165 273
165 1456
165 1578
165 1702
166 1083
167 198
167 609
167 1026
168 178
168 565
168 1145
168 1159
168 1445
168 1464
168 1511
169 403
169 1081
169 1990
170 690
170 1074
172 1973
173 251
174 1524
175 1295
175 1637
176 307
176 1019
176 1935
177 1370
177 1936
177 1971
178 364
178 1393
178 1479
178 1571
179 397
179 783
179 1389
179 1695
180 1760
181 399
181 428
181 582
181 875
182 565
182 694
182 821
182 1626
182 1867
183 222
183 1253
183 1778
184 1419
186 730
186 755
186 1136
187 398
187 833
187 1212
187 1438
187 1848
188 1467
188 1520
189 600
189 697
189 1280
190 1335
190 1788
191 628
191 866
191 1187
191 1670
191 1888
192 1734
192 1762
192 1892
193 1352
193 1810
194 1626
196 1039
196 1608
197 1170
198 277
198 324
198 519
198 660
198 967
199 273
199 552
199 680
199 1407
199 1904
200 485
200 623
200 1877
201 1742
202 663
202 1145
202 1668
202 1675
204 640
205 529
205 1258
205 1939
205 1999
206 294
206 898
206 1319
207 349
207 664
208 391
208 862
208 1304
208 1497
208 1880
209 260
209 697
210 618
210 842
210 1120
210 1697
211 370
211 445
211 504
211 584
211 1338
211 1982
213 322
214 556
214 759
214 1626
215 1207
215 1306
215 1936
216 465
216 1770
217 582
217 649
217 1628
218 849
220 361
220 1396
220 1504
221 410
221 671
221 711
221 1544
222 398
222 544
222 879
222 1060
222 1395
223 558
223 834
223 1041
223 1290
223 1677
224 687
224 1454
224 1875
225 540
225 1242
225 1367
225 1543
226 828
226 1358
226 1753
227 1293
227 1835
228 237
228 534
229 1205
229 1799
229 1907
230 786
230 1120
231 1404
232 1866
233 1152
233 1618
233 1857
234 413
234 655
234 1983
235 757
236 1117
237 263
237 328
237 364
237 485
237 839
237 1471
237 1616
237 1834
238 308
238 533
239 249
239 439
239 1018
239 1027
239 1472
240 251
240 405
240 914
240 1165
240 1948
241 244
241 358
241 405
241 1973
242 468
242 585
242 1031
242 1149
242 1317
242 1933
243 466
243 1748
245 1745
246 860
246 1256
246 1803
248 1313
248 1464
249 1259
250 891
250 1307
251 983
251 1963
252 505
252 561
252 661
252 802
252 1656
252 1685
252 1853
253 447
253 710
253 1142
253 1438
253 1732
254 1835
255 722
255 996
255 1433
256 300
256 305
256 404
257 783
257 1382
257 1561
257 1916
258 312
258 1269
258 1868
259 1816
260 1049
260 1685
261 594
261 1461
262 529
263 342
263 391
263 1772
263 1940
264 608
264 1332
265 718
265 832
266 1037
266 1870
267 760
268 753
268 1274
269 323
269 695
269 752
269 1310
269 1611
269 1897
270 431
270 438
270 1748
270 1819
271 907
271 1353
271 1694
272 476
272 624
272 880
272 882
272 1026
272 1150
273 737
273 1384
273 1404
274 513
274 563
274 718
274 897
274 1514
274 1588
275 1179
275 1384
275 1395
275 1640
276 588
277 349
277 729
277 1262
278 1266
278 1570
278 1781
280 931
281 368
281 573
282 824
282 1584
283 1258
283 1291
283 1584
284 1151
284 1476
285 1907
285 1996
286 421
286 718
286 839
287 817
288 314
288 735
288 1047
288 1083
288 1130
288 1142
288 1929
289 1187
289 1348
289 1614
289 1689
289 1717
290 1629
291 878
291 1364
291 1969
292 348
292 1141
292 1405
292 1896
293 1155
294 778
294 1563
294 1640
295 321
295 785
295 1419
295 1513
296 467
296 490
296 916
297 750
297 1151
297 1304
297 1385
298 406
298 1089
298 1291
299 692
299 860
299 1182
300 496
300 891
300 940
301 1614
301 1759
302 307
302 624
302 1648
302 1924
304 312
304 855
304 911
305 1375
305 1589
306 1229
306 1302
306 1418
306 1511
306 1680
306 1822
307 685
308 414
308 451
309 861
309 1055
309 1286
309 1487
309 1592
309 1714
310 1733
311 1407
311 1772
312 742
312 1314
313 986
313 1714
314 831
314 1028
315 1611
315 1816
316 767
316 1365
316 1599
316 1716
316 1722
316 1805
317 1095
317 1588
317 1817
318 1365
318 1608
319 906
320 406
320 1024
320 1443
320 1715
321 982
321 1889
322 1036
322 1397
322 1477
322 1807
323 1043
323 1451
323 1922
324 1527
325 958
325 1559
326 570
327 375
327 1120
327 1845
328 386
328 580
328 1764
329 1119
329 1207
329 1471
329 1538
329 1853
330 772
330 1657
331 1281
331 1465
331 1498
331 1760
332 1121
332 1820
333 939
334 630
335 955
336 917
336 1350
337 347
337 1387
338 817
338 1038
338 1567
339 513
339 530
339 1298
340 701
340 938
341 543
341 1481
342 1824
343 869
343 1082
343 1841
344 403
344 661
345 1989
346 1584
347 395
347 1021
347 1092
347 1294
347 1995
348 1383
348 1693
348 1860
349 686
349 853
349 1433
350 836
350 1944
351 714
351 1291
351 1406
354 710
355 1198
355 1583
355 1861
356 498
356 771
356 1933
357 422
357 924
357 1589
358 1818
358 1936
359 475
359 869
359 1142
359 1417
359 1886
360 387
360 1935
361 879
361 982
361 1059
361 1987
362 1094
363 487
363 524
363 852
363 1815
363 1871
364 547
364 599
366 911
366 1465
366 1652
367 434
367 1571
367 1734
367 1855
368 417
368 518
368 869
368 1415
369 590
369 1299
369 1550
370 802
370 818
371 511
371 1142
371 1883
372 733
372 1831
373 838
374 896
374 1136
374 1717
376 469
376 957
377 912
377 935
378 431
378 1107
378 1128
378 1675
378 1945
379 610
379 1961
380 381
380 1043
380 1544
380 1615
381 1151
382 783
382 1660
383 1356
383 1796
384 543
384 667
385 577
385 727
385 1232
385 1383
386 736
387 674
388 1078
389 745
389 1155
389 1634
390 1192
390 1674
391 591
392 414
392 1818
393 826
393 932
393 1530
394 871
394 1150
394 1247
394 1380
395 1337
395 1664
396 770
396 991
397 715
397 1521
397 1550
398 768
398 1709
398 1810
398 1853
398 1894
399 411
399 1377
399 1660
400 1478
401 658
401 668
402 832
402 1595
403 847
403 1996
405 648
405 698
405 960
406 761
406 1900
407 559
407 1827
408 792
408 1347
408 1558
409 508
409 659
409 817
409 1333
409 1442
409 1945
410 1166
410 1549
412 961
413 442
413 505
413 779
413 1621
413 1915
414 576
414 1154
414 1927
415 663
415 739
415 769
415 897
415 1930
417 718
417 860
417 1048
417 1748
419 1031
419 1138
419 1474
419 1608
420 518
420 839
420 1084
421 1092
421 1204
421 1370
421 1640
422 616
422 641
422 721
422 916
422 923
422 1226
422 1690
423 908
425 762
425 1049
426 913
426 1127
426 1444
426 1467
426 1985
427 1127
427 1515
427 1975
428 1177
428 1725
429 1281
429 1622
429 1894
430 635
430 1020
430 1409
431 485
431 1143
432 636
433 921
433 1972
434 802
434 1531
435 1562
436 1628
436 1819
437 617
437 1371
437 1506
437 1860
437 1874
438 805
438 1021
438 1238
438 1515
439 812
439 855
439 1837
440 1253
440 1865
441 732
441 1940
443 1094
444 1919
445 1520
445 1657
445 1857
446 1062
446 1752
446 1974
447 747
447 1516
448 1102
448 1153
448 1982
449 852
449 1582
450 981
451 522
451 642
451 1138
451 1838
453 1341
453 1449
453 1590
454 1261
454 1946
456 975
456 1207
457 484
457 556
457 1563
458 531
458 1745
458 1872
459 659
459 1110
459 1441
459 1601
459 1686
460 811
460 1096
461 616
461 758
461 1769
461 1912
462 559
462 1819
462 1831
462 1908
463 1090
464 1679
465 1744
466 1842
467 1115
467 1499
468 974
468 1272
468 1799
468 1957
470 935
470 1345
470 1478
471 985
471 1513
471 1774
472 1324
473 962
473 1682
474 1100
474 1133
474 1216
474 1251
474 1739
474 1764
475 489
475 1202
475 1655
475 1966
476 1415
476 1778
477 553
478 942
478 1019
478 1589
479 607
481 1140
481 1444
481 1711
482 757
483 638
483 712
484 778
484 801
484 1133
484 1723
484 1891
484 1899
485 533
485 1523
485 1875
486 1572
487 695
488 1054
488 1995
490 1324
490 1410
490 1422
492 708
492 1290
493 626
493 877
493 1046
493 1558
494 1786
495 712
495 1990
497 1009
498 1134
498 1410
498 1908
499 1438
500 533
500 1050
500 1678
500 1840
500 1908
501 516
501 1962
502 962
502 1554
502 1958
504 1769
505 871
505 1152
505 1183
505 1290
505 1507
506 644
506 794
506 1057
506 1651
507 873
507 1587
507 1786
508 686
508 737
508 1196
508 1225
508 1774
509 977
511 1433
512 822
512 1000
513 1029
513 1087
513 1469
514 535
514 541
514 631
514 1403
515 591
516 558
516 904
517 994
517 1230
518 1307
518 1983
520 1975
521 526
522 1182
523 704
523 789
523 934
523 1054
523 1560
525 1528
525 1751
527 1727
527 1858
528 1115
529 813
529 1331
529 1714
530 1167
530 1188
531 1126
531 1424
532 887
532 1284
533 924
533 926
533 994
533 1730
533 1763
534 1375
534 1418
537 926
537 930
537 933
537 1143
537 1501
537 1594
538 1557
539 712
539 983
540 1437
540 1547
540 1786
540 1890
541 854
541 888
541 1128
541 1783
542 1387
543 590
543 1484
544 1512
545 1534
545 1742
545 1761
546 857
546 1276
546 1799
547 922
547 1479
547 1894
548 1649
548 1682
549 1838
550 937
551 790
552 1058
552 1239
552 1645
553 658
553 1779
553 1831
555 1257
555 1906
556 701
556 837
556 1434
557 819
557 993
557 1076
558 1548
558 1914
559 861
559 967
559 1345
559 1472
560 1861
561 640
561 1354
561 1780
562 860
562 1476
564 1005
564 1119
565 598
566 1120
566 1285
566 1367
566 1469
567 732
567 1906
568 579
568 1041
568 1366
568 1607
568 1842
569 1436
570 652
570 1465
570 1789
570 1844
571 1460
572 915
573 1129
573 1188
574 827
574 1154
575 1046
576 1085
576 1395
577 690
577 1316
578 629
578 1304
579 672
581 674
581 1942
582 756
582 791
582 1320
582 1408
583 846
583 1183
584 1036
584 1250
584 1656
585 1951
586 1222
587 614
587 1651
587 1729
588 1603
589 594
589 649
589 971
589 1898
589 1981
590 670
590 877
592 881
592 1298
592 1915
593 1907
594 1016
594 1092
594 1236
594 1979
595 896
595 958
595 1124
595 1198
596 846
597 753
597 1252
598 1074
598 1276
600 1022
600 1266
600 1307
600 1570
600 1615
601 1591
601 1725
601 1857
602 948
602 1391
602 1927
603 702
603 1586
603 1637
603 1961
604 1087
604 1761
604 1783
605 1296
605 1366
605 1562
606 740
606 866
607 1071
608 1353
608 1781
609 756
610 732
610 1089
610 1420
611 854
611 1844
612 684
612 730
612 1403
612 1694
613 1407
614 1066
614 1778
614 1887
614 1910
615 657
615 715
615 778
615 807
615 853
615 1580
616 911
616 1986
617 1187
617 1267
618 1506
618 1948
619 657
620 751
620 758
620 1846
621 990
621 1593
622 763
622 1713
622 1741
622 1963
623 1110
624 1326
624 1506
625 779
625 794
625 1159
625 1861
626 740
626 917
626 931
626 1719
627 844
627 1810
628 790
628 1395
629 1237
629 1733
630 828
630 929
630 954
631 815
631 1642
631 1863
631 1898
632 1682
633 734
634 1313
635 674
635 1373
635 1406
635 1566
636 1756
637 1133
637 1459
637 1836
639 708
639 767
639 1260
640 667
640 964
640 1308
640 1588
640 1772
640 1945
641 1360
641 1504
642 991
642 1515
642 1519
643 868
643 1098
644 1097
644 1577
644 1741
645 1565
645 1888
646 936
647 1064
649 1021
649 1729
650 1981
651 1120
651 1180
651 1291
651 1770
652 739
652 986
652 1102
652 1945
653 888
653 1036
653 1475
655 1028
655 1029
655 1576
656 1821
658 693
658 1013
658 1105
659 807
660 972
660 1403
660 1835
661 1464
661 1658
662 1097
662 1676
663 978
663 1122
663 1420
664 1425
664 1508
665 1433
666 1949
667 1598
668 869
668 1296
668 1502
669 1387
669 1458
669 1943
670 1163
670 1691
670 1891
671 918
671 1205
672 1395
673 1291
673 1690
674 1130
674 1203
674 1597
675 744
675 1182
675 1958
676 1135
676 1865
677 1347
677 1386
679 688
679 814
680 715
680 965
680 1254
680 1589
681 723
682 1691
682 1984
683 867
683 1071
683 1082
683 1241
683 1420
684 811
684 1898
685 1473
685 1864
686 922
686 1249
686 1755
687 1188
687 1667
688 862
688 1051
688 1052
688 1586
689 949
689 1171
689 1204
689 1630
689 1672
691 902
691 1232
692 897
692 1172
694 1249
694 1439
695 943
697 782
697 1580
699 924
699 944
699 1202
700 1229
700 1820
701 985
701 1812
701 1983
702 1038
703 936
704 1299
704 1860
705 744
706 733
707 1137
707 1704
707 1930
708 1011
708 1762
708 1876
709 1981
710 1434
710 1843
710 1864
711 773
711 1303
711 1361
712 726
712 1277
712 1349
712 1378
712 1680
712 1772
712 1810
713 919
713 1503
714 1035
714 1378
714 1486
714 1851
714 1987
715 1266
715 1666
716 832
716 923
716 1104
716 1147
716 1900
720 900
722 1531
722 1660
722 1714
722 1725
722 1967
723 1497
725 1034
725 1898
726 908
727 745
727 1048
727 1321
727 1668
728 1981
729 874
729 1227
729 1874
731 1860
733 864
733 1311
734 833
734 1019
734 1114
734 1484
735 814
735 1477
735 1544
736 1560
737 990
739 1385
739 1484
739 1658
739 1815
741 944
741 1046
742 746
742 1164
742 1686
742 1694
744 1090
745 770
745 1891
746 1523
746 1531
748 1072
748 1108
749 1068
749 1449
749 1824
750 1591
751 1283
752 1869
755 1853
755 1931
756 1228
757 1118
758 1494
759 942
759 1453
759 1555
759 1593
760 907
760 1659
761 1209
761 1294
761 1874
762 916
762 1297
763 1041
763 1887
764 1404
764 1670
765 1984
766 882
766 1445
767 1108
767 1853
768 1920
769 823
769 1001
769 1690
769 1724
770 1759
770 1823
770 1827
771 964
771 971
771 1519
771 1800
773 1625
773 1798
774 1081
774 1842
777 852
777 1057
777 1497
777 1963
778 1201
778 1656
779 1010
779 1269
781 982
781 1166
781 1527
781 1745
782 1072
783 957
785 792
785 874
785 1072
785 1143
785 1465
786 1077
786 1686
786 1707
786 1892
788 1731
789 879
789 1057
789 1769
790 838
790 1289
790 1387
791 1038
792 831
792 1147
793 857
793 1192
793 1466
793 1558
794 846
794 1204
794 1976
795 1388
796 804
796 843
796 1714
797 942
797 1481
797 1759
797 1848
798 860
798 1601
799 1001
800 1320
801 1031
801 1253
801 1785
802 1410
803 883
805 1692
806 1251
806 1941
808 1346
808 1607
809 1008
810 1212
811 1111
811 1254
811 1395
812 888
812 1058
813 912
813 1788
813 1823
814 930
814 1101
814 1159
814 1796
816 1085
816 1211
816 1416
818 891
818 1571
819 1714
821 1864
822 1026
822 1062
822 1476
822 1648
822 1859
823 1123
823 1561
823 1665
823 1793
824 875
824 1707
824 1825
825 1404
825 1880
826 1436
827 1250
827 1805
828 1534
828 1933
829 982
829 1132
829 1183
830 1402
830 1560
830 1598
831 946
831 1088
831 1163
831 1191
833 996
833 1028
833 1136
834 1348
834 1725
836 854
836 856
836 921
836 1080
836 1330
836 1920
839 1699
840 1402
840 1977
842 1455
843 1044
843 1508
844 1267
844 1894
845 1509
845 1724
846 1008
846 1447
846 1679
847 1106
848 986
849 1469
850 1341
851 1127
852 1353
852 1724
852 1934
853 1617
854 1115
857 1762
857 1939
858 980
858 1839
859 1445
859 1660
862 1139
862 1653
863 1059
863 1446
863 1507
864 1047
865 1229
866 1241
866 1323
866 1692
867 1116
868 975
868 1307
868 1368
869 985
870 1147
870 1599
870 1952
870 1998
872 1109
872 1261
872 1893
873 1244
874 1085
874 1443
874 1901
875 1232
875 1571
876 1105
876 1431
877 1074
877 1462
877 1710
878 1193
878 1316
878 1442
878 1555
879 1099
879 1327
879 1353
879 1517
879 1648
882 1491
882 1811
883 1108
883 1623
883 1663
884 1747
884 1756
884 1885
885 1487
886 1686
886 1764
887 1062
887 1341
887 1585
887 1840
888 903
888 1887
890 1232
890 1316
890 1583
891 1275
892 1840
893 1129
893 1159
893 1670
893 1781
894 1493
895 1012
896 1316
896 1586
897 1040
897 1116
897 1972
898 1159
898 1725
899 941
899 1204
899 1231
900 1734
901 1048
901 1118
902 1083
902 1368
903 1232
904 1068
904 1268
905 1253
907 1428
907 1574
908 1530
908 1972
910 1817
911 1228
911 1326
911 1353
913 1990
916 1526
916 1937
917 979
917 1032
918 928
918 945
918 1699
918 1718
920 1003
920 1821
921 1404
921 1956
922 1979
923 1464
923 1906
924 1533
924 1542
925 1120
925 1577
925 1597
926 1052
926 1369
926 1543
926 1925
927 991
927 1612
928 1988
930 1884
933 1243
933 1697
933 1951
934 1403
935 1942
936 1027
936 1162
936 1602
937 1479
937 1645
938 1044
938 1416
938 1976
939 1681
940 1103
940 1247
940 1980
941 1024
941 1990
943 1486
943 1635
944 1821
945 1242
946 1153
947 1032
947 1662
948 1277
948 1379
948 1483
948 1874
950 972
951 1191
951 1327
952 1204
952 1638
953 1337
954 974
954 1668
954 1745
955 1090
955 1730
957 1243
957 1420
957 1675
959 1051
959 1334
959 1678
959 1899
962 1070
962 1783
965 1021
965 1088
966 1879
967 1869
968 1093
968 1340
968 1730
968 1834
968 1861
969 1890
969 1943
970 1030
970 1560
970 1849
972 1312
973 1323
973 1798
974 1021
974 1411
974 1992
975 1836
979 1850
979 1858
980 1426
980 1912
981 1568
982 1348
983 1053
984 1990
985 1411
985 1607
986 1065
987 1061
988 1855
989 1844
991 1010
992 1283
993 1107
994 1208
994 1319
994 1942
995 1055
995 1224
995 1883
997 1854
1000 1009
1000 1227
1000 1577
1000 1742
1001 1358
1001 1455
1002 1561
1002 1862
1003 1337
1004 1129
1004 1628
1005 1275
1005 1459
1006 1266
1006 1458
1006 1734
1007 1681
1009 1870
1009 1979
1010 1965
1011 1223
1011 1495
1014 1499
1015 1199
1019 1592
1019 1845
1020 1871
1020 1988
1022 1349
1022 1912
1023 1130
1023 1953
1024 1685
1025 1036
1026 1411
1027 1519
1028 1858
1029 1217
1029 1780
1029 1981
1030 1117
1030 1515
1030 1917
1032 1320
1032 1798
1033 1307
1033 1429
1033 1869
1034 1573
1034 1786
1035 1270
1035 1321
1036 1071
1036 1163
1036 1526
1037 1958
1038 1395
1038 1690
1038 1813
1039 1141
1040 1259
1042 1171
1042 1682
1043 1495
1043 1837
1043 1861
1043 1958
1046 1321
1046 1669
1046 1702
1047 1625
1048 1656
1048 1761
1049 1609
1050 1090
1052 1193
1052 1435
1053 1152
1053 1357
1053 1851
1053 1997
1055 1129
1056 1090
1057 1575
1058 1070
1058 1267
1058 1521
1059 1367
1059 1623
1061 1416
1061 1974
1062 1358
1062 1489
1063 1978
1064 1457
1064 1941
1065 1497
1065 1804
1065 1944
1066 1121
1067 1245
1067 1935
1068 1136
1068 1267
1069 1276
1069 1817
1071 1394
1072 1451
1073 1168
1073 1683
1076 1603
1076 1691
1076 1903
1078 1244
1078 1660
1079 1730
1080 1400
1082 1232
1082 1282
1084 1782
1087 1322
1087 1333
1087 1580
1087 1788
1087 1985
1088 1974
1089 1201
1089 1496
1089 1632
1089 1658
1090 1553
1093 1708
1094 1779
1095 1151
1096 1491
1097 1141
1098 1834
1098 1875
1100 1252
1100 1916
1101 1206
1101 1415
1102 1894
1103 1880
1105 1639
1106 1622
1106 1630
1106 1660
1106 1891
1107 1204
1108 1395
1109 1480
1110 1788
1111 1461
1112 1314
1112 1745
1112 1900
1113 1313
1113 1707
1114 1673
1114 1962
1116 1319
1116 1412
1116 1437
1118 1219
1118 1892
1122 1881
1123 1511
1123 1573
1123 1923
1124 1365
1124 1423
1126 1709
1129 1221
1130 1473
1135 1258
1135 1460
1135 1611
1135 1743
1135 1945
1137 1412
1139 1897
1140 1382
1140 1872
1141 1455
1141 1845
1142 1674
1142 1724
1142 1902
1143 1851
1144 1270
1144 1560
1144 1691
1145 1789
1147 1809
1149 1274
1149 1367
1149 1773
1151 1712
1152 1227
1152 1590
1152 1784
1153 1358
1153 1452
1154 1864
1155 1315
1155 1409
1156 1248
1156 1280
1156 1384
1156 1588
1157 1866
1157 1963
1158 1468
1160 1664
1161 1598
1165 1180
1169 1501
1169 1688
1170 1323
1170 1660
1171 1692
1171 1975
1172 1741
1173 1215
1173 1393
1175 1688
1177 1218
1177 1525
1178 1680
1179 1199
1179 1328
1179 1487
1179 1531
1180 1457
1180 1672
1180 1770
1181 1516
1181 1539
1182 1457
1184 1430
1187 1702
1187 1739
1187 1953
1188 1418
1188 1562
1188 1867
1189 1258
1190 1244
1190 1635
1190 1821
1191 1637
1193 1398
1193 1399
1193 1910
1193 1918
1193 1950
1194 1385
1194 1425
1195 1461
1196 1317
1196 1435
1198 1277
1198 1530
1198 1779
1199 1628
1199 1968
1201 1288
1201 1510
1201 1716
1201 1915
1203 1771
1205 1445
1205 1623
1206 1589
1207 1403
1207 1739
1210 1565
1211 1269
1212 1469
1213 1567
1214 1694
1215 1397
1217 1809
1218 1995
1219 1585
1219 1953
1220 1231
1222 1267
1222 1304
1224 1879
1227 1618
1227 1842
1228 1417
1228 1894
1228 1971
1229 1698
1230 1865
1230 1965
1231 1252
1231 1487
1233 1295
1233 1666
1235 1444
1235 1491
1235 1523
1235 1677
1237 1739
1239 1402
1239 1536
1239 1583
1239 1944
1240 1249
1240 1530
1241 1246
1241 1508
1243 1891
1244 1563
1245 1767
1246 1565
1247 1941
1248 1535
1248 1536
1249 1903
1250 1974
1251 1273
1252 1505
1252 1607
1252 1933
1253 1497
1254 1310
1254 1542
1254 1543
1254 1745
1254 1862
1255 1979
1256 1527
1256 1751
1258 1264
1258 1332
1258 1801
1264 1838
1265 1732
1265 1978
1267 1653
1269 1594
1269 1726
1272 1693
1273 1375
1273 1702
1274 1581
1274 1963
1275 1870
1276 1591
1277 1354
1277 1848
1280 1357
1280 1674
1282 1780
1284 1467
1285 1716
1286 1825
1290 1372
1292 1543
1293 1300
1294 1719
1294 1733
1295 1643
1298 1710
1298 1725
1300 1312
1300 1468
1302 1453
1303 1588
1305 1399
1305 1502
1307 1351
1307 1688
1309 1342
1309 1418
1311 1716
1312 1367
1313 1661
1313 1916
1314 1542
1314 1549
1314 1698
1315 1647
1316 1990
1318 1669
1318 1704
1318 1723
1320 1511
1321 1639
1321 1981
1323 1839
1325 1819
1326 1414
1326 1536
1327 1699
1327 1908
1328 1536
1329 1785
1330 1611
1333 1381
1334 1725
1334 1827
1334 1919
1335 1373
1337 1708
1338 1427
1338 1748
1339 1726
1340 1390
1342 1426
1342 1512
1343 1961
1344 1396
1345 1450
1346 1553
1346 1621
1347 1792
1351 1940
1354 1611
1355 1398
1355 1763
1356 1952
1357 1840
1357 1882
1358 1851
1360 1426
1361 1571
1363 1816
1364 1396
1364 1616
1365 1532
1366 1476
1366 1784
1366 1849
1367 1388
1367 1446
1368 1870
1369 1835
1370 1881
1371 1525
1373 1794
1375 1789
1376 1847
1377 1467
1378 1860
1379 1911
1381 1556
1381 1797
1382 1572
1382 1622
1383 1603
1385 1531
1386 1640
1387 1458
1388 1485
1388 1743
1390 1500
1392 1421
1392 1791
1393 1596
1394 1916
1396 1696
1396 1843
1396 1965
1397 1555
1398 1456
1398 1496
1398 1584
1400 1515
1401 1580
1402 1514
1403 1932
1405 1920
1406 1908
1407 1671
1409 1446
1409 1447
1409 1632
1410 1643
1414 1442
1415 1431
1416 1843
1416 1984
1416 1986
1417 1423
1419 1557
1419 1681
1419 1695
1419 1792
1420 1961
1423 1514
1423 1606
1424 1475
1425 1577
1425 1590
1426 1647
1426 1680
1427 1450
1427 1718
1428 1943
1429 1523
1429 1533
1431 1485
1432 1531
1432 1706
1433 1532
1433 1653
1437 1639
1437 1713
1438 1809
1439 1748
1440 1552
1440 1894
1441 1464
1441 1796
1447 1480
1447 1760
1449 1596
1449 1884
1452 1732
1453 1489
1453 1715
1453 1818
1454 1607
1454 1670
1454 1826
1455 1491
1457 1493
1460 1496
1460 1893
1463 1615
1463 1664
1464 1773
1468 1495
1468 1929
1469 1612
1470 1484
1470 1922
1474 1559
1474 1928
1474 1936
1475 1529
1478 1873
1480 1931
1481 1746
1481 1835
1481 1864
1483 1693
1483 1709
1484 1652
1484 1939
1486 1606
1486 1739
1488 1885
1491 1928
1494 1522
1495 1743
1499 1665
1501 1659
1501 1701
1502 1778
1505 1658
1506 1557
1506 1728
1507 1586
1507 1640
1509 1818
1510 1692
1510 1961
1511 1741
1514 1526
1515 1819
1516 1773
1516 1962
1517 1932
1518 1530
1518 1957
1521 1583
1521 1803
1522 1824
1524 1538
1524 1835
1526 1619
1526 1907
1528 1550
1530 1648
1532 1599
1534 1668
1535 1715
1538 1698
1541 1594
1541 1967
1543 1852
1543 1959
1544 1714
1545 1888
1546 1694
1548 1942
1550 1929
1552 1903
1553 1853
1554 1595
1555 1684
1555 1800
1559 1824
1561 1768
1568 1686
1572 1732
1572 1847
1574 1932
1575 1716
1577 1678
1579 1925
1580 1696
1581 1743
1588 1772
1589 1871
1593 1943
1593 1973
1595 1615
1596 1951
1596 1982
1598 1733
1598 1743
1600 1943
1602 1850
1604 1935
1604 1944
1610 1737
1610 1879
1611 1613
1613 1692
1613 1706
1613 1935
1615 1877
1616 1644
1616 1707
1619 1700
1622 1780
1623 1641
1624 1649
1628 1784
1628 1805
1629 1869
1630 1647
1630 1850
1631 1903
1632 1974
1636 1877
1638 1848
1643 1730
1644 1664
1646 1758
1646 1954
1647 1925
1647 1938
1648 1690
1648 1724
1649 1662
1655 1766
1667 1704
1667 1803
1667 1818
1670 1703
1671 1723
1671 1844
1672 1836
1672 1892
1673 1945
1679 1942
1680 1868
1682 1722
1686 1783
1691 1947
1694 1948
1697 1937
1702 1876
1702 1969
1705 1842
1706 1718
1707 1768
1707 1777
1708 1801
1712 1794
1714 1742
1715 1741
1718 1748
1720 1933
1726 1898
1726 1939
1728 1959
1729 1812
1730 1987
1731 1771
1733 1796
1734 1816
1737 1823
1737 1979
1739 1943
1739 1962
1740 1750
1740 1970
1744 1968
1754 1980
1764 1964
1766 1894
1769 1887
1771 1827
1773 1886
1773 1931
1774 1981
1775 1956
1781 1900
1782 1869
1782 1871
1786 1949
1787 1914
1789 1940
1790 1986
1792 1810
1793 1854
1797 1885
1800 1922
1803 1918
1810 1956
1814 1896
1818 1885
1819 1830
1819 1927
1825 1929
1829 1893
1831 1851
1831 1897
1836 1982
1840 1924
1845 1925
1848 1942
1849 1924
1849 1963
1853 1863
1856 1938
1859 1984
1861 1881
1870 1963
1890 1966
1891 1913
1891 1959
1891 1987
1893 1957
1903 1963
1908 1934
1912 1989
1946 1965
1947 1956
1960 1999
1962 1963
1966 1988
1978 1999
1993 1994
