2000 3055
60
91
15
4
17
47
69
23
91
15
93
25
42
34
21
6
78
16
40
33
26
4
79
100
14
31
81
84
2
85
52
74
42
28
71
44
48
67
10
32
36
46
32
46
5
28
46
39
18
98
70
13
76
19
75
65
19
13
82
28
67
24
7
37
74
48
17
47
29
85
93
26
9
9
70
37
16
91
11
26
64
23
71
41
73
17
23
41
49
40
62
21
21
81
100
98
8
18
79
94
74
37
59
5
72
30
42
94
16
4
34
3
93
13
14
55
82
48
4
11
6
90
46
89
8
75
50
26
42
19
46
66
60
45
51
18
45
82
1
67
64
52
74
65
31
16
46
99
5
93
34
69
71
24
56
35
57
41
19
26
94
28
83
7
100
38
65
28
70
40
67
72
73
59
6
87
35
20
43
79
4
77
45
44
100
31
42
8
33
24
58
2
28
28
70
5
39
7
44
77
6
91
85
42
13
12
19
25
67
98
47
76
35
93
53
45
95
70
42
3
64
62
14
92
34
37
97
83
100
50
16
17
32
18
31
69
42
21
49
37
63
57
82
88
31
15
97
46
39
16
76
71
84
30
59
20
10
41
77
99
70
63
38
27
67
17
34
64
78
31
47
47
58
96
23
76
48
78
30
12
33
48
92
17
43
53
83
28
57
80
38
35
30
97
72
76
62
94
19
82
28
46
93
84
61
25
85
59
32
73
94
74
76
18
45
19
5
92
93
85
58
76
43
27
33
61
66
39
82
7
70
84
55
27
75
16
16
64
87
13
68
3
77
71
35
8
66
22
57
7
33
93
29
10
91
88
69
25
26
97
52
29
4
43
73
44
27
5
38
39
8
64
83
14
22
70
35
19
84
13
84
88
12
52
40
89
17
58
94
72
2
89
42
78
85
82
11
8
53
16
53
26
38
20
99
45
30
18
39
34
85
80
9
48
28
53
96
24
75
89
68
76
53
84
41
18
17
53
75
96
59
63
73
97
14
32
29
28
47
2
84
60
88
99
33
1
49
18
10
26
5
72
20
82
39
30
12
99
47
83
71
88
23
52
63
10
56
24
91
23
33
8
26
39
95
11
74
13
23
87
81
94
28
42
90
91
10
15
11
19
30
38
29
28
80
7
97
3
70
88
3
94
94
88
44
49
4
33
51
84
93
73
79
44
50
17
22
84
25
88
81
13
79
13
68
68
6
72
28
36
36
28
88
77
89
2
98
67
89
68
89
89
64
69
79
48
49
16
88
80
41
70
1
26
26
32
48
15
67
32
89
13
6
5
14
33
56
8
69
75
2
66
24
4
56
100
39
60
12
79
40
8
15
45
59
53
65
35
8
39
96
70
87
35
37
80
41
12
40
23
12
22
75
9
72
12
8
85
84
20
44
25
49
19
28
62
73
37
100
76
55
12
15
44
22
96
37
16
46
31
100
9
22
4
97
68
84
5
13
31
64
72
42
94
8
92
75
88
51
42
70
95
22
35
19
83
71
81
12
53
58
94
77
92
71
1
92
73
81
52
4
37
50
39
45
19
45
2
58
85
64
34
15
71
24
33
87
34
38
55
34
49
32
24
86
54
53
24
36
41
51
47
74
33
6
69
55
54
33
42
52
75
28
61
90
91
77
37
38
24
1
80
20
11
49
78
96
75
9
22
9
2
76
67
96
92
40
16
53
7
81
14
51
38
12
64
73
5
79
89
97
25
3
69
28
36
21
34
55
97
40
11
48
34
18
28
80
7
44
80
23
27
73
93
82
59
97
37
25
93
24
22
93
20
30
2
70
25
56
40
12
25
49
93
29
49
9
23
60
92
8
32
13
93
85
25
22
78
58
95
39
59
6
73
26
90
76
51
46
16
2
22
50
99
100
37
80
56
68
22
71
11
84
85
34
57
69
14
87
71
41
60
90
33
54
93
77
81
88
47
9
21
75
19
16
88
98
54
51
4
98
34
96
59
12
9
83
62
59
80
24
33
54
90
48
77
35
45
84
78
56
71
46
77
90
18
31
15
47
98
22
35
78
65
27
68
66
6
56
52
85
77
13
60
27
66
9
67
45
63
64
30
72
65
52
95
30
27
79
24
51
22
83
91
44
74
31
25
95
3
26
3
7
21
71
73
30
54
44
41
12
50
83
64
55
71
41
53
3
57
21
45
18
43
70
13
74
63
75
50
81
72
37
48
7
88
65
61
40
27
77
37
28
39
86
71
12
95
14
67
45
78
68
81
22
61
33
48
37
30
95
96
34
20
39
40
46
80
97
71
66
58
30
61
36
96
61
65
52
58
39
46
83
73
34
77
67
5
65
47
42
93
53
41
69
21
64
1
11
8
2
78
10
71
33
41
68
20
70
33
3
18
46
55
58
57
24
33
93
23
36
4
40
71
87
37
66
82
67
89
57
42
92
77
63
88
93
48
70
54
51
29
20
17
55
84
34
68
27
67
54
43
57
23
22
91
23
24
17
11
10
84
100
11
81
48
2
97
14
11
86
44
64
46
86
60
54
69
38
24
30
43
86
3
39
59
80
33
50
24
42
33
4
55
1
98
27
84
53
97
8
52
81
21
26
5
87
3
71
85
38
97
44
80
41
84
55
15
88
100
95
25
66
38
97
68
33
4
60
82
68
54
95
38
30
64
13
46
71
90
4
44
70
28
52
84
34
70
55
60
20
34
4
29
71
23
20
3
53
30
16
3
24
50
42
62
4
65
40
50
66
79
92
16
91
20
2
80
43
24
8
63
57
84
64
75
18
16
79
80
35
37
38
65
59
46
71
25
51
26
68
37
57
8
70
14
53
19
5
82
41
99
52
38
4
58
70
4
87
73
54
97
52
96
14
23
7
31
8
83
24
90
24
90
52
35
91
88
78
4
91
100
41
27
11
24
77
98
28
43
22
58
1
41
33
53
21
60
21
29
99
58
62
63
72
97
37
57
92
78
92
12
68
76
49
19
82
31
52
89
32
25
98
46
6
92
93
58
96
42
70
47
12
88
22
29
91
2
58
23
12
77
45
58
72
25
92
62
56
96
35
30
48
85
69
77
87
78
24
85
50
92
31
19
68
1
14
12
12
26
18
97
100
27
56
30
12
92
23
29
96
43
52
83
36
74
74
38
25
83
16
95
33
24
56
74
40
62
1
37
50
54
2
1
59
32
91
42
97
51
89
64
61
13
89
55
71
18
85
88
93
36
98
39
19
16
13
79
56
29
100
91
42
82
53
32
49
70
27
68
74
11
8
20
66
81
35
71
5
26
34
18
27
99
30
68
47
79
75
60
17
88
62
21
33
97
32
86
55
86
16
7
67
2
56
25
83
43
48
3
53
31
19
52
13
59
38
100
92
4
88
82
37
17
54
81
14
16
53
82
48
65
40
95
24
52
99
44
36
51
47
88
83
29
20
9
28
82
89
26
77
68
26
97
5
85
94
16
81
13
68
68
54
27
5
17
10
49
22
16
56
78
71
71
42
61
99
53
34
77
49
2
14
52
36
71
20
98
59
52
52
33
42
43
84
6
18
12
21
86
48
97
80
70
32
83
78
25
73
58
48
71
51
63
59
28
99
54
79
6
49
93
47
52
36
72
1
74
100
77
18
68
83
64
48
24
64
5
20
16
73
84
79
68
22
87
58
44
94
70
80
22
40
67
59
14
93
66
78
61
94
6
83
6
57
2
64
9
91
27
73
42
70
73
69
64
35
48
18
69
48
66
64
79
56
51
9
20
44
99
2
68
35
100
53
90
3
44
75
76
38
19
25
100
29
97
54
17
88
49
36
37
45
31
83
49
99
99
46
51
25
57
47
7
40
27
60
87
69
78
70
21
98
64
83
49
36
49
72
27
75
58
46
47
80
11
81
22
20
24
18
52
76
45
47
71
87
45
62
84
22
5
8
73
89
13
51
98
47
37
34
33
84
85
9
66
6
32
52
27
7
35
68
36
7
87
17
84
69
64
4
96
23
5
69
59
73
10
36
97
44
55
40
85
64
20
74
42
5
11
35
65
99
22
55
10
54
17
88
7
60
11
28
95
43
90
24
37
74
32
72
57
43
31
40
71
100
51
45
62
97
4
29
89
74
56
21
93
98
51
95
37
83
64
51
91
7
89
47
99
17
12
95
22
5
12
25
4
53
26
92
52
3
41
77
5
73
22
90
94
34
77
95
82
60
82
82
14
27
43
45
67
57
71
30
33
73
79
66
51
16
10
28
12
64
25
51
33
12
34
3
6
96
94
90
62
80
8
13
82
23
8
82
73
31
65
69
48
28
27
84
34
88
79
98
56
57
34
86
19
13
53
44
73
22
89
36
75
24
24
31
92
54
39
93
59
37
80
24
53
27
90
13
97
81
96
65
43
57
54
15
67
58
26
63
12
41
45
1
73
18
60
41
21
20
11
22
82
84
63
83
4
45
80
95
70
12
43
74
91
96
26
22
77
26
28
79
93
32
73
77
24
11
3
42
92
19
53
89
46
67
38
59
32
96
83
91
12
96
77
6
77
56
14
43
34
67
10
31
20
0 684
0 839
1 102
1 962
1 1147
1 1537
1 1864
2 1079
2 1102
3 372
3 1275
3 1661
4 549
4 916
4 1674
5 351
6 185
6 970
6 1478
7 299
8 1064
9 941
9 1374
9 1464
10 626
11 87
11 279
11 823
11 1001
11 1267
11 1391
12 666
12 1167
12 1327
12 1572
12 1862
13 782
14 475
14 788
14 1198
14 1270
15 118
15 186
15 517
15 726
15 787
15 1464
15 1610
15 1750
16 1303
18 778
18 1105
18 1210
18 1742
19 574
19 1066
20 1744
21 417
21 516
21 1190
21 1619
21 1815
22 1606
22 1665
22 1718
23 1139
23 1883
24 309
24 388
24 967
25 391
25 1022
25 1800
26 1100
27 1776
28 466
28 1089
29 351
29 364
29 551
29 1585
30 282
32 1410
32 1704
33 49
33 182
34 263
34 360
36 1320
39 1104
39 1371
40 205
41 1053
41 1415
42 1421
43 1540
44 102
44 399
44 1506
45 483
46 158
46 497
46 1824
47 1675
48 166
48 724
49 220
49 410
49 629
49 1402
49 1817
50 485
50 1000
50 1027
50 1579
50 1614
51 585
51 764
51 908
52 1101
52 1200
52 1227
53 1518
54 86
54 121
54 796
54 856
55 1214
55 1486
55 1567
56 283
56 835
56 1210
57 164
57 748
57 1438
57 1652
58 184
58 1478
59 1768
61 123
61 154
61 323
61 533
61 1339
62 127
62 830
62 1546
63 106
63 1560
63 1589
64 1656
65 1664
65 1876
66 713
66 1658
67 313
67 444
68 153
68 336
68 993
69 1807
70 1311
70 1491
70 1752
71 714
71 732
73 337
73 437
74 79
74 791
74 1067
74 1378
74 1836
75 222
75 825
75 1650
76 513
76 876
76 1767
78 834
79 87
79 284
79 1369
79 1645
79 1807
80 85
80 279
80 623
81 433
81 1361
81 1632
82 564
82 909
83 739
84 161
84 453
84 660
84 839
84 900
84 1166
84 1545
84 1605
84 1683
85 90
85 899
85 1519
86 1329
86 1360
86 1798
87 453
87 674
87 751
88 299
88 382
88 999
88 1841
89 543
89 1324
90 203
90 561
90 1341
91 148
91 593
91 1667
92 170
92 194
92 1708
93 159
93 279
93 1551
93 1816
93 1957
94 514
94 1059
94 1443
94 1776
95 773
95 1310
95 1526
95 1911
96 290
96 475
96 814
96 1246
96 1896
97 770
97 1830
98 470
98 1939
99 224
100 1804
100 1943
100 1988
101 714
101 1431
101 1914
102 543
102 1154
102 1316
103 575
103 715
103 1154
104 1468
105 1318
105 1811
105 1873
106 182
106 889
106 1268
106 1339
106 1560
107 320
107 1783
107 1881
108 817
108 1393
109 501
109 645
109 685
109 809
109 962
109 1776
110 702
110 867
110 1109
110 1378
110 1519
110 1713
110 1778
110 1916
111 931
112 633
112 719
113 237
113 1443
114 319
114 777
115 128
115 408
115 1134
115 1249
115 1355
115 1538
116 578
116 626
116 842
116 928
116 1158
117 211
117 1392
117 1464
117 1473
117 1802
118 1158
118 1434
118 1645
118 1869
119 1575
120 462
120 897
121 939
121 1885
122 1116
122 1788
123 609
123 1969
124 344
124 706
125 681
125 784
125 819
125 890
125 1031
125 1563
126 1367
126 1675
127 156
127 883
127 946
127 1031
128 315
128 422
128 485
128 584
129 627
130 162
130 317
130 749
130 937
130 1383
130 1935
131 406
131 438
131 787
131 993
132 520
132 585
132 1793
132 1961
133 596
134 192
134 377
134 1319
135 486
135 1882
135 1984
136 1716
136 1759
136 1774
137 411
137 580
137 711
137 875
137 1135
137 1181
137 1858
138 294
138 1279
138 1798
139 210
139 290
140 520
140 740
140 979
140 1204
140 1497
141 995
141 1069
141 1998
142 660
142 1140
143 1771
144 203
144 1099
144 1492
144 1826
145 837
145 1116
145 1187
146 1153
146 1821
146 1975
147 1406
147 1408
148 1049
148 1052
148 1495
149 1157
149 1391
150 886
150 1211
151 312
151 377
151 469
151 664
152 394
152 800
152 912
153 1278
153 1280
154 350
154 1464
154 1538
154 1914
155 644
155 1616
156 1603
156 1617
157 1710
158 947
158 1318
158 1522
158 1617
158 1975
159 428
159 456
159 579
159 695
159 1171
159 1656
160 229
160 922
160 998
160 1387
161 818
161 1531
161 1583
161 1939
162 197
162 1077
162 1685
164 440
164 1320
165 557
165 1356
166 938
167 615
167 1206
168 514
168 673
168 1428
168 1885
169 305
169 601
169 818
169 1767
170 1270
170 1537
171 870
171 876
171 1349
172 201
173 709
174 212
174 225
174 313
174 1930
175 1178
176 245
176 300
176 873
176 1245
176 1378
177 334
177 587
177 698
177 1101
177 1218
177 1292
177 1711
178 703
178 1694
178 1893
179 231
179 1079
179 1459
179 1629
179 1854
180 615
180 1697
180 1739
181 856
181 967
182 303
182 392
182 462
182 1161
182 1421
182 1845
183 1403
183 1842
184 202
184 312
184 422
184 708
184 1470
184 1511
184 1524
184 1636
185 1322
185 1560
186 1121
186 1361
187 1327
187 1623
188 1869
189 372
189 1164
189 1327
190 711
190 900
190 1093
190 1578
190 1880
191 274
191 804
191 1310
192 387
192 662
192 943
192 1386
193 454
193 723
193 1204
193 1848
194 1104
194 1210
194 1559
195 293
195 948
195 1203
195 1311
196 504
197 829
197 966
197 1271
197 1669
197 1958
197 1959
198 943
198 1038
198 1047
198 1192
198 1337
198 1627
198 1731
199 444
199 1284
199 1608
200 344
200 1802
201 698
201 1068
201 1408
201 1554
201 1856
202 263
202 1040
202 1260
202 1840
203 1545
203 1939
204 1370
204 1894
205 431
205 525
205 1133
205 1391
205 1466
205 1477
206 488
206 948
206 1770
206 1970
208 411
209 925
209 1655
211 1148
211 1732
212 645
212 676
212 904
212 961
212 1282
214 841
214 1337
215 698
215 1098
215 1240
215 1716
215 1908
216 962
217 1551
218 453
218 588
218 1712
219 1064
219 1199
219 1208
219 1445
219 1710
219 1957
220 597
220 830
220 1649
221 305
221 366
221 640
222 266
222 1021
222 1268
222 1500
222 1677
223 1551
223 1916
223 1950
224 235
224 565
224 1041
224 1720
225 720
225 1192
226 303
226 1284
227 1282
228 715
228 768
228 885
228 1347
229 426
229 1164
230 373
230 1005
231 419
231 995
231 1735
232 926
232 1625
232 1940
233 317
233 798
233 1686
233 1907
233 1924
235 347
235 602
235 1337
235 1824
235 1844
236 964
237 366
237 1141
237 1900
238 1254
239 361
239 1003
239 1399
239 1748
239 1954
240 292
240 482
240 508
240 871
241 250
241 878
241 1046
241 1101
241 1267
242 1931
243 345
243 1440
244 555
244 1828
245 301
245 1252
246 825
246 1844
247 1303
248 939
249 943
250 467
250 482
250 521
250 967
250 1145
250 1284
250 1834
250 1931
251 1515
252 731
252 960
252 1118
252 1991
253 830
253 1223
253 1259
254 560
254 570
254 1508
254 1981
255 735
255 1127
255 1524
255 1587
256 381
256 1297
256 1679
257 724
257 1859
258 769
258 1872
258 1932
259 1087
259 1664
259 1838
260 1358
260 1419
261 913
261 1436
262 1303
262 1534
263 641
263 1227
263 1731
264 466
265 1197
267 758
267 859
267 1855
268 721
268 1571
269 985
270 482
270 530
270 1217
270 1468
270 1784
271 566
271 1865
271 1868
272 337
272 354
272 1683
272 1740
273 1317
273 1999
274 377
274 1704
275 1373
275 1650
276 688
276 1698
276 1733
277 715
277 966
277 1964
278 342
278 1308
278 1395
279 1019
279 1280
280 345
280 1494
281 745
281 1311
281 1728
281 1929
282 347
282 493
282 1205
284 405
285 578
285 681
285 823
285 872
285 1204
286 393
286 1161
286 1461
286 1746
286 1843
287 519
287 1139
287 1477
288 861
288 916
288 1220
288 1761
288 1970
289 1226
289 1731
289 1981
290 345
290 1306
290 1404
290 1770
291 1013
292 1178
292 1243
293 619
293 887
293 1792
293 1850
294 501
294 510
294 1281
294 1284
294 1467
295 1010
296 386
296 557
296 572
297 522
297 666
297 1041
297 1805
298 579
298 646
298 836
298 1522
299 438
300 1792
301 1862
302 569
302 1111
303 1707
304 368
304 920
304 968
304 994
304 1076
304 1181
304 1232
304 1389
305 628
305 1655
306 956
307 482
307 722
308 829
308 1256
308 1362
308 1481
308 1484
308 1642
308 1672
309 471
309 1236
310 1926
311 1185
311 1276
311 1597
311 1628
311 1763
312 674
312 1196
312 1921
313 658
314 666
314 1453
314 1646
315 689
315 1601
316 684
316 879
316 911
316 984
316 1067
316 1427
316 1723
317 1468
318 447
318 760
318 1156
318 1606
319 917
319 1005
319 1362
320 355
321 841
321 1683
322 760
322 1434
323 333
323 716
323 1207
324 657
324 1234
324 1264
324 1285
325 613
325 1208
325 1940
326 382
326 1062
326 1797
328 1091
329 1598
329 1998
330 536
330 1101
330 1361
331 463
331 559
331 1141
331 1243
332 364
332 1298
332 1336
332 1413
333 665
333 1659
333 1903
334 743
334 770
334 1043
334 1155
334 1302
334 1694
335 621
335 1419
336 362
336 1002
336 1137
337 746
337 765
337 900
337 1498
337 1759
337 1951
338 414
338 1684
339 1220
340 563
340 626
341 924
342 871
342 892
342 973
342 1695
342 1899
343 1720
344 378
344 410
344 921
344 1200
344 1205
345 487
345 546
345 740
345 749
345 763
345 1943
346 482
346 900
346 1950
347 477
347 479
347 1058
348 650
348 781
348 1835
348 1857
349 1073
350 1870
351 1106
352 380
352 583
352 656
352 1317
352 1674
353 452
353 1170
353 1327
353 1452
353 1593
353 1641
353 1959
354 359
354 606
355 486
355 1196
356 805
356 1430
356 1944
358 544
358 881
358 1188
360 736
360 848
360 901
360 1314
361 918
361 930
361 939
361 1790
362 412
362 1479
362 1783
363 1248
363 1753
364 998
364 1013
364 1136
364 1321
364 1420
364 1509
366 397
366 595
366 843
366 887
366 1087
368 424
368 1413
369 607
369 879
369 1344
370 947
371 577
372 797
373 494
373 936
373 947
373 1337
373 1348
373 1726
375 1151
376 428
376 443
376 1569
377 671
377 871
378 637
378 695
378 986
378 1708
379 987
379 1270
380 667
382 1736
382 1908
383 803
383 892
383 963
383 1149
383 1515
383 1629
384 496
384 954
384 1849
384 1961
385 663
385 718
386 958
387 801
387 1869
388 948
388 1128
388 1301
388 1328
388 1817
389 687
389 1925
391 623
392 543
392 859
393 1270
394 1291
394 1392
394 1545
394 1818
397 680
397 1965
398 1217
398 1232
398 1364
398 1380
398 1487
398 1691
398 1706
398 1744
399 1021
399 1065
400 1238
400 1902
401 1226
401 1466
401 1682
401 1688
402 1900
403 1073
403 1201
403 1540
404 435
404 640
405 527
405 1260
405 1680
405 1681
405 1683
405 1684
405 1900
407 640
407 1202
407 1817
408 1241
408 1950
408 1965
409 1250
409 1947
410 1264
410 1332
410 1394
410 1569
410 1599
411 919
411 1452
411 1640
412 1343
414 965
414 1411
414 1538
414 1942
416 696
416 1996
417 917
417 1493
417 1584
418 1166
418 1699
418 1823
418 1863
419 575
419 1308
420 671
420 1317
421 646
421 732
421 1170
422 1831
423 521
424 558
424 702
424 775
424 1769
425 1311
425 1514
425 1758
426 646
426 1344
426 1902
427 905
427 1323
427 1344
428 1072
428 1178
429 1915
430 1102
430 1190
430 1516
430 1557
430 1816
431 491
431 989
431 1658
432 621
433 1285
434 741
435 557
435 1352
436 1234
436 1364
436 1442
437 1241
437 1667
437 1723
439 1351
439 1717
440 1697
440 1831
440 1953
442 1308
442 1672
444 552
444 803
444 932
444 1585
444 1950
445 1623
446 1719
446 1811
446 1866
448 601
448 828
448 1450
448 1459
448 1570
449 693
449 1014
449 1229
449 1625
450 1162
451 1195
451 1681
452 688
452 1897
453 873
453 1630
454 1239
455 498
455 1369
455 1493
456 585
457 510
457 1225
457 1512
458 591
458 1715
458 1857
460 843
460 1079
460 1156
460 1732
461 1768
462 986
462 1453
462 1492
463 751
463 1081
463 1490
463 1603
463 1724
464 666
464 1174
464 1312
465 539
466 624
466 950
466 1923
467 525
467 734
467 1977
468 860
468 1272
469 1577
469 1905
470 489
470 704
472 588
472 1776
472 1839
473 701
473 1363
473 1802
474 921
474 1258
474 1291
474 1704
475 649
476 536
476 961
476 1069
476 1306
476 1774
476 1835
477 671
477 914
477 1552
477 1887
478 819
478 1368
478 1823
479 1361
480 1487
482 1088
483 734
483 1976
484 1646
487 527
487 617
487 1863
488 1612
488 1980
489 1327
490 1239
490 1470
490 1566
490 1610
491 928
491 1892
492 624
492 1987
493 1422
494 1201
495 1259
495 1553
495 1640
495 1679
495 1698
496 1380
496 1757
497 748
497 1358
498 984
498 1553
499 1562
499 1576
500 929
501 1317
501 1943
502 1572
503 1682
504 1168
505 921
505 1553
505 1783
506 1739
506 1954
507 1477
507 1578
508 1064
508 1106
508 1117
509 956
509 1135
510 1013
511 1176
511 1194
511 1394
512 618
512 952
512 1567
513 873
513 1038
513 1053
513 1570
514 1616
515 1020
515 1058
515 1297
515 1838
515 1890
516 718
516 1471
516 1868
517 842
517 920
517 1368
518 672
518 949
519 524
519 1095
519 1207
521 600
521 1899
522 889
523 637
523 1668
523 1805
524 1305
525 1141
525 1885
526 649
526 1329
527 564
527 1577
527 1769
529 1380
532 1027
533 712
533 759
533 904
534 840
534 1706
534 1864
535 1199
535 1658
536 547
537 1235
537 1900
537 1915
538 669
538 1434
539 1803
539 1895
540 1060
540 1755
541 708
542 1417
542 1658
543 1752
544 1316
544 1752
546 922
546 1618
547 1249
551 842
551 1178
551 1191
551 1831
552 889
552 931
552 952
552 1190
552 1498
555 1004
555 1386
556 845
556 1029
556 1040
556 1073
557 652
557 1022
557 1178
557 1770
558 1169
558 1217
558 1232
558 1357
558 1383
558 1858
559 1084
559 1233
560 1224
560 1738
561 1038
561 1186
562 770
563 1008
563 1141
563 1334
563 1634
564 812
564 1260
564 1791
565 1306
565 1361
568 691
568 835
568 1511
570 814
570 962
570 1020
570 1047
570 1527
570 1766
571 1351
572 1045
572 1531
572 1676
573 1091
573 1997
574 788
574 1070
574 1087
574 1313
574 1558
575 1243
575 1549
576 861
576 1286
576 1658
576 1807
576 1810
577 951
577 1026
577 1837
578 581
578 639
578 1139
578 1376
578 1519
578 1651
579 1186
580 1357
580 1580
581 655
582 1213
582 1928
583 629
583 1070
584 952
585 921
585 1915
586 1520
588 688
588 1031
588 1512
588 1836
589 819
589 1478
589 1624
590 713
590 1653
591 856
591 1471
591 1958
592 1516
593 704
593 1030
593 1669
594 962
594 1269
595 1925
596 1132
598 908
598 1982
598 1989
599 797
599 938
599 1669
600 771
601 988
601 1524
602 1912
606 622
606 623
606 1588
607 658
607 685
607 806
607 909
607 1193
607 1328
607 1503
607 1909
608 1644
609 826
609 915
612 633
612 1365
612 1750
613 698
613 1687
613 1814
614 907
615 1258
615 1571
615 1727
616 1689
616 1938
617 1603
618 841
618 1376
618 1534
619 938
620 1761
621 1099
621 1494
621 1869
622 1160
623 1032
623 1524
623 1801
623 1833
624 1134
624 1461
624 1808
625 1331
626 628
626 942
626 1044
626 1405
626 1624
627 1164
627 1490
628 742
628 978
628 1540
630 1697
630 1732
631 883
631 1341
631 1678
631 1864
631 1961
632 716
632 1539
632 1918
633 777
633 1135
634 1401
634 1832
635 889
635 1549
635 1764
637 730
637 843
637 1713
637 1975
638 1168
639 1601
640 713
640 1895
640 1911
641 1270
642 719
642 1701
643 658
643 789
643 1546
644 1845
644 1968
645 1084
645 1559
645 1931
646 680
646 1070
646 1762
649 1384
649 1999
650 700
651 848
651 1129
652 1174
652 1308
652 1445
652 1520
654 1512
654 1571
655 738
655 828
655 1495
656 1031
656 1748
657 1404
657 1499
657 1810
658 1194
659 1705
660 1187
660 1566
660 1860
661 1112
661 1527
661 1712
661 1758
661 1785
662 1480
663 746
663 1400
663 1919
664 1640
664 1940
665 714
665 1764
665 1912
667 949
667 1602
669 1850
670 751
671 723
672 1134
672 1448
672 1923
673 1979
674 744
674 1352
674 1854
675 1221
675 1345
675 1784
675 1992
676 1218
676 1254
676 1765
677 1576
677 1779
678 1230
678 1892
678 1994
681 1475
683 1450
685 1293
685 1710
685 1922
687 1909
687 1985
688 1593
688 1700
690 1684
691 1590
692 1847
693 1577
695 1762
697 1762
698 1580
699 1916
700 776
700 1436
700 1597
701 892
701 1361
701 1731
701 1803
702 753
702 1551
703 925
703 1170
704 790
704 1405
706 1195
706 1752
707 1095
708 999
708 1750
708 1759
708 1973
709 1597
710 1285
710 1286
710 1687
711 1774
712 1256
712 1657
714 999
715 760
715 1392
715 1701
715 1885
716 1498
716 1693
717 1306
717 1372
717 1885
718 882
718 1033
719 744
720 841
721 952
721 1377
721 1699
722 1184
722 1342
723 1005
723 1354
723 1567
723 1603
723 1992
724 1261
724 1808
725 1656
726 1499
728 1228
728 1268
728 1516
729 934
729 1493
730 974
730 1002
730 1135
732 816
732 1193
732 1371
732 1805
733 1039
733 1170
734 1122
735 1396
735 1951
736 986
737 904
737 1470
737 1902
738 1332
739 1561
740 1107
741 1371
741 1778
742 812
742 1091
742 1818
745 793
745 1208
745 1354
745 1502
746 1040
746 1097
746 1333
746 1338
747 1192
747 1347
747 1484
748 1817
748 1905
749 1198
749 1929
750 802
750 1287
750 1337
750 1486
751 853
751 1429
751 1695
752 803
753 1162
753 1250
753 1375
753 1986
754 789
755 1383
756 925
756 1121
758 1783
759 832
759 1129
759 1985
760 928
760 1320
760 1738
762 1836
762 1990
765 1206
765 1272
765 1303
765 1527
766 805
766 820
767 1816
768 1565
768 1595
769 828
769 1079
769 1847
770 1196
770 1741
770 1884
771 1711
772 800
772 1435
773 1477
773 1737
774 875
774 1137
775 790
775 943
776 1180
776 1290
776 1487
777 788
777 906
777 1239
777 1471
777 1771
778 854
778 1747
779 947
779 1850
780 1098
781 1301
781 1721
782 1086
782 1773
783 913
784 989
784 1130
784 1918
785 817
785 1341
786 944
786 1259
786 1296
786 1405
786 1905
787 1479
787 1860
788 1858
789 1065
789 1307
789 1562
790 1445
791 1963
792 1145
793 824
793 929
793 1035
793 1417
793 1895
794 907
794 982
795 1082
795 1261
795 1890
796 1650
796 1827
797 1311
797 1612
798 811
798 1049
798 1182
798 1305
798 1740
799 817
799 1354
799 1915
800 807
800 1200
800 1232
800 1793
801 1268
802 1678
802 1705
803 1713
804 1779
805 1046
805 1422
805 1870
806 822
806 1899
807 1604
807 1710
808 1776
809 1061
809 1189
809 1347
810 1822
810 1921
811 858
811 1341
812 914
812 1362
812 1465
813 831
813 1160
813 1581
813 1973
814 945
814 1359
814 1659
814 1859
814 1914
814 1929
815 1075
815 1508
815 1703
815 1862
815 1871
815 1923
816 859
816 1822
816 1923
817 982
817 1076
818 1187
818 1192
819 928
819 1406
820 1891
821 1853
823 1006
823 1037
823 1922
824 1274
824 1784
824 1873
825 1039
825 1539
827 1256
828 1875
829 934
829 964
829 1759
829 1811
829 1884
829 1963
830 1034
830 1336
831 986
831 1225
831 1692
832 891
832 1381
833 991
833 1290
833 1748
834 1401
834 1703
835 946
835 1481
835 1668
836 939
837 1478
837 1750
838 1394
838 1554
838 1793
840 1221
841 1192
841 1867
841 1962
842 844
842 1295
843 1335
843 1657
844 1518
845 1999
846 1152
846 1441
846 1973
847 1572
848 1163
848 1369
849 1484
850 874
850 1243
850 1323
850 1668
851 1456
853 1268
853 1446
857 1251
860 1368
860 1802
860 1952
861 1704
861 1715
862 1312
863 1220
863 1507
864 1388
865 1281
865 1599
866 1230
866 1319
868 994
868 1641
869 1895
871 1718
872 1723
873 1124
873 1271
873 1372
873 1723
874 1018
875 1165
876 1031
876 1901
877 1169
877 1912
879 1887
880 1307
880 1608
880 1971
881 935
882 1038
882 1535
882 1603
885 1237
887 1299
888 1416
889 1403
889 1841
890 1018
891 965
891 1292
891 1411
893 1242
893 1501
894 1180
895 1158
895 1269
896 897
898 1402
898 1578
898 1652
899 1502
903 1473
903 1617
903 1876
904 957
904 1598
904 1661
905 1895
906 1095
906 1885
907 996
907 1595
907 1685
908 1015
908 1173
908 1888
909 1950
911 1215
911 1702
912 1212
914 944
915 1777
916 1672
916 1867
917 955
917 1640
917 1676
918 1162
918 1193
919 952
919 1275
920 1145
920 1154
920 1331
920 1588
920 1828
921 1146
921 1327
921 1433
921 1670
921 1691
923 1603
924 1185
924 1254
925 975
925 1765
926 1792
927 955
927 1641
927 1737
929 1045
934 1029
935 1002
935 1185
935 1312
935 1377
936 1247
936 1890
937 1325
937 1992
938 1120
938 1902
939 1030
940 1343
940 1839
941 1117
941 1630
941 1846
942 968
942 1229
944 1412
944 1822
945 1470
946 1036
947 1081
948 1139
948 1223
949 1730
951 1092
951 1401
951 1993
952 1271
952 1407
952 1821
953 1993
954 1883
955 1513
956 1221
957 1154
958 1100
958 1735
959 1129
959 1291
959 1395
959 1733
960 1104
960 1866
960 1872
961 1274
961 1640
963 1104
963 1351
963 1524
963 1877
965 1243
965 1366
965 1876
966 1576
966 1591
967 1342
967 1980
968 1018
968 1416
968 1765
971 1195
972 1884
972 1931
973 1381
973 1704
973 1719
974 1767
974 1842
976 1192
976 1246
977 1263
977 1422
977 1502
977 1692
977 1954
978 1464
979 1276
979 1689
980 1269
980 1401
981 1269
982 1549
983 1079
983 1430
984 1285
984 1612
985 1388
985 1564
985 1888
986 1484
986 1492
987 993
988 1937
989 1983
990 1655
992 1097
992 1236
992 1742
994 1796
995 1216
995 1243
995 1343
995 1526
995 1776
996 1870
997 1332
999 1233
1000 1316
1001 1664
1002 1302
1003 1032
1003 1681
1004 1167
1004 1794
1005 1628
1006 1212
1006 1598
1006 1703
1006 1818
1007 1014
1008 1975
1009 1236
1009 1303
1010 1324
1010 1343
1010 1352
1010 1493
1014 1968
1015 1550
1015 1995
1016 1412
1017 1934
1018 1469
1018 1856
1019 1315
1019 1481
1019 1950
1020 1621
1020 1650
1022 1079
1022 1698
1023 1626
1023 1922
1024 1182
1024 1405
1026 1330
1027 1402
1028 1431
1029 1513
1029 1574
1030 1177
1030 1683
1031 1032
1031 1283
1031 1642
1032 1582
1032 1606
1033 1358
1033 1789
1034 1244
1034 1629
1035 1138
1035 1442
1035 1806
1036 1538
1036 1620
1037 1500
1038 1501
1039 1668
1040 1116
1040 1148
1040 1233
1040 1453
1040 1734
1042 1703
1043 1412
1044 1976
1045 1835
1045 1921
1046 1980
1047 1826
1049 1205
1049 1312
1049 1430
1049 1730
1050 1304
1050 1470
1051 1476
1051 1897
1052 1177
1052 1248
1055 1778
1056 1389
1058 1519
1060 1194
1060 1810
1061 1188
1061 1689
1061 1829
1062 1742
1063 1275
1063 1646
1063 1696
1063 1722
1065 1093
1065 1542
1066 1980
1067 1279
1067 1446
1067 1471
1067 1795
1067 1965
1068 1919
1068 1932
1069 1419
1070 1242
1071 1123
1072 1165
1072 1353
1072 1424
1072 1440
1072 1563
1073 1386
1074 1091
1074 1204
1075 1081
1076 1197
1077 1370
1077 1812
1079 1510
1080 1546
1080 1745
1080 1758
1081 1431
1083 1130
1084 1175
1084 1554
1084 1779
1085 1867
1086 1822
1087 1257
1088 1340
1089 1203
1091 1296
1091 1977
1092 1394
1092 1474
1092 1785
1092 1921
1093 1532
1094 1196
1094 1824
1094 1836
1095 1236
1095 1921
1096 1515
1096 1902
1097 1185
1097 1388
1097 1921
1098 1531
1098 1819
1098 1961
1099 1252
1100 1571
1101 1529
1102 1210
1102 1462
1102 1850
1102 1881
1104 1107
1104 1606
1105 1257
1105 1403
1105 1529
1105 1736
1106 1454
1106 1679
1106 1830
1108 1151
1108 1240
1108 1701
1110 1127
1111 1360
1112 1980
1113 1515
1113 1542
1114 1933
1116 1128
1116 1421
1116 1913
1119 1133
1120 1641
1122 1544
1122 1820
1123 1254
1123 1964
1124 1754
1126 1205
1126 1571
1128 1999
1129 1149
1129 1236
1130 1364
1131 1170
1132 1515
1132 1642
1132 1849
1134 1425
1134 1634
1135 1322
1136 1810
1138 1826
1140 1971
1141 1317
1141 1337
1142 1550
1142 1912
1143 1461
1144 1225
1144 1790
1145 1632
1145 1960
1146 1782
1147 1813
1149 1377
1149 1686
1151 1294
1151 1769
1151 1956
1153 1646
1154 1283
1155 1166
1158 1278
1158 1973
1159 1942
1161 1457
1162 1529
1162 1621
1163 1530
1163 1607
1164 1181
1165 1471
1165 1907
1166 1416
1166 1929
1167 1888
1168 1955
1168 1986
1169 1413
1169 1557
1171 1620
1171 1698
1172 1331
1174 1848
1175 1180
1176 1296
1178 1437
1179 1425
1179 1674
1179 1863
1181 1351
1181 1404
1184 1445
1184 1776
1184 1782
1184 1814
1184 1821
1184 1873
1185 1428
1186 1579
1186 1808
1186 1941
1188 1600
1189 1872
1189 1920
1190 1597
1190 1686
1191 1375
1191 1564
1191 1713
1191 1950
1192 1378
1192 1537
1192 1556
1192 1726
1193 1346
1193 1671
1193 1840
1193 1862
1195 1601
1196 1976
1197 1756
1199 1287
1199 1420
1199 1989
1200 1514
1202 1547
1203 1331
1205 1228
1205 1531
1208 1509
1209 1752
1209 1980
1212 1436
1213 1259
1213 1827
1213 1829
1214 1906
1214 1965
1215 1232
1215 1804
1216 1431
1218 1565
1218 1640
1220 1999
1221 1729
1223 1555
1225 1555
1226 1849
1229 1261
1229 1525
1229 1704
1229 1767
1229 1822
1230 1288
1230 1704
1231 1939
1232 1407
1232 1683
1232 1721
1232 1881
1233 1272
1233 1314
1233 1527
1233 1640
1233 1956
1234 1507
1234 1652
1235 1621
1236 1240
1236 1974
1236 1997
1237 1760
1238 1269
1238 1398
1238 1894
1238 1898
1239 1762
1239 1863
1240 1681
1241 1407
1242 1370
1242 1629
1244 1757
1244 1922
1247 1652
1247 1845
1248 1712
1252 1422
1252 1547
1252 1647
1255 1482
1255 1863
1259 1532
1259 1679
1259 1698
1261 1446
1261 1668
1261 1830
1261 1976
1262 1429
1262 1517
1263 1511
1264 1310
1264 1910
1265 1789
1265 1987
1267 1541
1267 1758
1269 1679
1269 1945
1270 1484
1272 1398
1272 1821
1274 1363
1275 1895
1276 1750
1276 1854
1276 1893
1277 1329
1277 1503
1277 1549
1278 1281
1280 1534
1280 1713
1281 1659
1281 1887
1282 1598
1282 1763
1282 1894
1283 1804
1283 1979
1285 1291
1285 1441
1285 1885
1287 1523
1287 1954
1288 1378
1288 1409
1288 1421
1288 1527
1288 1749
1289 1680
1289 1815
1290 1910
1292 1652
1293 1428
1293 1800
1294 1626
1294 1725
1295 1954
1297 1405
1297 1722
1298 1728
1298 1797
1298 1876
1300 1377
1300 1854
1303 1751
1303 1872
1304 1388
1306 1346
1306 1436
1306 1546
1307 1358
1307 1390
1309 1451
1309 1632
1311 1463
1312 1579
1313 1907
1314 1462
1314 1842
1314 1920
1315 1814
1316 1596
1316 1771
1316 1897
1317 1741
1317 1935
1318 1582
1318 1907
1319 1329
1319 1818
1320 1846
1321 1686
1321 1855
1322 1629
1323 1415
1324 1860
1325 1836
1326 1909
1326 1943
1327 1697
1327 1784
1329 1726
1331 1336
1331 1351
1331 1404
1332 1747
1335 1562
1339 1818
1340 1562
1341 1376
1342 1673
1342 1976
1343 1538
1345 1950
1345 1956
1350 1608
1350 1791
1354 1460
1354 1788
1357 1706
1357 1936
1358 1630
1358 1656
1359 1557
1359 1570
1359 1903
1360 1659
1361 1450
1361 1593
1361 1933
1362 1481
1362 1490
1362 1637
1362 1985
1364 1380
1364 1404
1364 1618
1365 1799
1369 1448
1369 1460
1371 1476
1374 1552
1375 1645
1375 1912
1378 1391
1379 1690
1380 1705
1380 1972
1383 1720
1384 1527
1385 1485
1386 1966
1388 1759
1389 1614
1389 1788
1389 1887
1389 1952
1391 1587
1391 1634
1392 1975
1398 1557
1399 1531
1399 1700
1401 1573
1401 1990
1403 1464
1404 1830
1405 1660
1405 1696
1407 1616
1408 1688
1408 1985
1409 1484
1409 1579
1409 1606
1409 1674
1410 1830
1411 1661
1414 1799
1416 1642
1419 1761
1420 1640
1420 1789
1421 1597
1421 1835
1422 1446
1423 1572
1423 1698
1423 1855
1423 1913
1424 1642
1424 1656
1427 1883
1428 1613
1428 1975
1430 1724
1431 1763
1432 1630
1434 1763
1434 1896
1434 1977
1435 1476
1435 1539
1439 1634
1440 1765
1440 1918
1444 1804
1445 1865
1447 1800
1448 1930
1451 1629
1451 1886
1451 1946
1452 1473
1457 1555
1457 1747
1459 1742
1459 1802
1460 1945
1461 1751
1462 1633
1462 1794
1462 1958
1463 1506
1463 1533
1464 1631
1466 1910
1467 1490
1467 1539
1467 1961
1468 1778
1468 1880
1468 1923
1476 1635
1477 1540
1478 1992
1479 1658
1479 1825
1480 1976
1483 1571
1483 1822
1483 1881
1483 1947
1484 1811
1486 1516
1491 1658
1493 1858
1496 1641
1498 1633
1498 1831
1499 1954
1500 1868
1502 1651
1502 1865
1503 1864
1504 1818
1505 1910
1505 1998
1506 1632
1506 1706
1506 1941
1507 1852
1507 1937
1508 1516
1508 1996
1509 1586
1511 1795
1513 1528
1515 1695
1515 1953
1516 1539
1517 1915
1518 1646
1523 1922
1524 1859
1525 1844
1527 1787
1531 1564
1533 1614
1533 1995
1534 1552
1536 1917
1538 1742
1538 1972
1539 1689
1539 1913
1540 1809
1542 1661
1542 1908
1545 1829
1548 1610
1548 1896
1550 1980
1551 1711
1552 1674
1552 1682
1555 1853
1556 1741
1557 1830
1558 1983
1560 1786
1562 1898
1565 1958
1566 1632
1567 1707
1568 1737
1569 1861
1570 1633
1573 1743
1574 1712
1580 1955
1584 1644
1585 1966
1587 1649
1587 1826
1590 1860
1591 1788
1592 1961
1594 1695
1594 1937
1602 1814
1603 1713
1604 1664
1611 1731
1611 1910
1614 1825
1615 1639
1616 1842
1617 1658
1618 1768
1620 1930
1623 1983
1625 1741
1627 1848
1627 1988
1628 1869
1629 1831
1631 1986
1633 1868
1633 1979
1633 1995
1634 1801
1635 1884
1635 1975
1640 1727
1640 1920
1641 1753
1648 1973
1649 1987
1654 1748
1656 1767
1657 1751
1658 1754
1658 1991
1659 1809
1659 1981
1664 1847
1664 1894
1665 1722
1666 1968
1670 1860
1672 1724
1675 1732
1680 1681
1681 1891
1682 1914
1682 1969
1683 1977
1687 1872
1689 1871
1691 1804
1696 1748
1698 1734
1704 1858
1704 1980
1705 1788
1707 1985
1707 1999
1708 1912
1714 1970
1717 1745
1720 1800
1720 1985
1726 1897
1726 1950
1728 1869
1728 1989
1729 1937
1730 1841
1740 1753
1745 1881
1745 1992
1748 1896
1748 1997
1750 1843
1751 1855
1751 1969
1753 1792
1756 1929
1757 1789
1757 1932
1760 1919
1765 1993
1766 1829
1774 1807
1774 1894
1776 1831
1778 1918
1784 1996
1786 1904
1808 1943
1811 1822
1817 1949
1820 1822
1822 1888
1825 1976
1826 1913
1828 1849
1829 1989
1835 1903
1836 1973
1841 1903
1841 1954
1841 1979
1844 1873
1845 1873
1846 1912
1849 1986
1860 1910
1861 1864
1861 1873
1862 1970
1867 1983
1886 1975
1889 1957
1891 1951
1891 1984
1894 1903
1904 1954
1906 1954
1921 1971
1929 1936
1936 1961
1940 1980
1960 1965
1960 1987
1962 1992
1963 1984
1965 1969
1980 1996
