2000 3015
17
80
75
87
88
87
4
89
60
50
79
96
69
11
63
67
7
71
19
68
56
8
7
40
63
35
10
2
89
70
84
94
89
95
63
22
5
58
36
12
74
77
69
76
99
42
28
67
93
29
14
77
3
38
89
31
18
27
91
12
2
56
31
57
2
60
41
85
20
36
39
26
23
6
76
30
9
7
37
57
62
65
83
85
100
58
22
81
65
11
53
81
44
54
29
45
70
78
74
60
69
37
43
67
12
76
51
80
87
41
14
40
94
78
88
8
30
81
41
73
86
5
85
22
12
65
53
32
6
54
19
55
72
46
44
65
75
72
12
28
50
32
87
37
86
94
69
91
96
27
3
84
44
31
59
1
14
94
80
86
83
1
11
28
21
47
79
59
24
33
48
85
23
55
2
9
31
22
7
4
40
49
52
69
72
97
35
54
22
34
100
37
70
78
73
56
37
50
70
77
28
54
30
9
65
71
74
86
69
70
90
67
12
81
64
37
63
78
95
55
94
95
8
74
36
63
1
72
61
60
21
4
20
50
34
22
95
39
41
98
21
29
17
99
76
83
6
96
39
97
24
22
56
74
42
75
45
5
83
3
24
51
98
90
51
23
33
17
59
46
35
40
35
3
10
18
18
90
41
89
94
15
60
57
18
18
99
88
79
64
62
30
30
1
59
53
10
51
54
18
6
66
70
60
39
63
45
12
89
82
43
36
61
22
64
42
26
80
66
32
85
52
67
64
45
17
34
10
78
89
75
3
86
80
79
73
95
13
65
35
98
11
41
29
46
25
54
23
20
3
25
11
59
89
88
97
53
77
8
14
51
94
97
86
4
53
58
89
60
68
39
50
14
70
100
7
28
58
56
13
59
61
37
18
82
39
24
8
8
78
52
25
28
47
33
61
15
33
25
70
27
60
92
11
22
75
46
76
33
77
66
52
48
69
64
36
30
64
53
26
58
36
58
84
47
23
57
75
100
65
15
57
32
100
48
60
82
74
47
21
68
49
68
38
36
8
79
92
71
16
8
61
27
38
25
78
62
68
84
10
5
97
7
96
81
88
94
44
94
84
57
28
87
40
14
81
52
70
58
74
28
33
2
46
84
88
74
62
74
42
6
37
97
40
62
39
18
100
49
98
58
3
84
13
86
74
46
39
31
98
84
6
30
20
32
8
44
19
50
52
21
14
80
4
51
48
81
28
17
46
5
91
66
80
61
100
39
2
85
88
74
25
36
47
31
56
82
14
20
56
42
21
54
5
47
41
16
33
43
30
79
53
26
85
8
26
96
52
74
66
67
36
83
74
1
37
80
96
35
31
88
39
22
51
87
72
34
95
9
39
43
91
45
22
84
45
64
92
95
35
9
82
96
66
41
68
99
91
30
39
99
75
20
90
36
66
58
47
90
9
32
59
30
60
14
30
5
64
52
82
86
92
77
31
29
14
90
90
88
80
8
95
91
99
29
54
81
66
39
9
15
92
87
77
41
88
97
22
39
87
64
64
16
46
79
10
2
84
41
49
88
48
16
29
51
6
97
62
78
86
8
94
76
39
11
72
84
31
36
67
38
77
42
67
66
54
32
58
94
14
82
3
99
94
84
23
86
100
27
58
58
60
17
33
44
18
31
9
87
73
23
57
93
52
35
25
97
44
62
88
76
72
64
3
33
49
9
20
41
89
10
57
15
49
24
24
44
63
33
30
88
29
42
22
7
89
53
52
58
98
7
63
9
59
32
71
45
21
23
97
71
22
39
90
15
78
49
69
25
97
30
60
6
32
72
16
30
81
33
55
73
4
93
41
19
68
87
47
95
14
11
94
62
66
96
38
21
51
82
77
3
61
17
25
91
42
99
57
91
4
94
98
68
51
55
78
16
63
41
6
24
10
66
5
91
89
40
8
47
67
93
69
51
37
15
26
29
32
99
26
42
84
23
17
73
13
25
15
55
82
17
51
13
72
43
13
19
83
89
30
60
53
56
36
88
67
100
72
55
84
63
33
11
21
63
38
12
87
61
52
58
65
43
84
15
23
90
19
57
13
11
81
1
12
2
100
21
85
36
13
70
87
42
75
55
33
93
65
8
47
21
58
100
64
46
52
14
39
61
89
35
16
35
13
82
6
16
61
22
51
29
2
60
63
15
7
63
95
86
34
80
16
32
47
29
70
8
49
82
49
70
37
2
79
45
11
70
47
57
36
43
43
45
96
93
89
84
2
14
29
94
41
68
88
27
19
16
96
53
62
92
11
87
13
23
24
50
37
77
43
74
97
91
85
67
87
52
78
7
45
57
80
80
51
80
81
100
48
78
28
34
93
46
48
40
10
72
72
60
37
86
80
4
6
88
15
52
8
28
98
99
81
42
27
35
96
23
64
32
5
52
53
87
50
47
76
62
44
99
37
12
11
50
61
37
57
56
89
60
85
7
76
72
52
35
82
36
55
1
82
93
18
89
74
97
12
35
10
39
2
38
94
50
1
7
30
10
68
69
44
40
44
52
12
89
56
45
78
56
99
9
4
28
55
21
72
44
68
86
84
72
15
45
21
100
73
23
10
70
22
98
2
66
9
94
29
74
93
8
39
63
16
51
83
61
33
26
55
64
60
13
89
11
94
23
94
38
52
55
19
92
47
19
27
32
66
13
44
82
94
18
63
35
37
66
69
7
16
45
35
15
29
86
32
9
69
83
12
83
28
87
36
19
14
10
53
7
99
49
60
64
31
4
6
24
59
45
11
18
80
94
19
18
62
16
20
93
88
71
18
79
52
67
9
57
25
19
42
22
74
60
86
78
47
94
71
16
85
92
39
27
19
76
84
39
94
63
25
48
45
43
35
85
80
47
28
98
90
54
96
97
27
26
49
78
31
57
38
77
89
33
84
90
35
31
76
57
52
95
7
13
41
48
36
37
18
61
63
51
91
6
72
50
28
95
37
59
24
36
54
87
99
80
74
85
81
99
74
37
19
2
16
90
94
65
33
93
99
12
35
28
15
64
74
65
54
43
100
93
4
27
51
93
52
62
64
64
93
75
56
51
4
21
2
82
58
97
79
91
79
95
7
70
11
19
28
32
37
85
8
38
26
40
52
16
44
83
12
51
40
97
47
98
96
60
93
7
5
33
63
4
33
36
63
22
13
10
84
70
34
59
9
95
36
87
76
98
71
75
21
22
65
90
60
60
23
83
42
90
50
90
15
13
40
20
8
57
92
19
79
76
89
91
72
39
75
19
18
44
97
97
88
24
31
34
23
67
89
80
41
17
92
88
76
88
6
20
7
46
24
99
51
55
11
75
63
65
39
13
91
98
91
97
40
84
54
12
32
95
97
59
86
32
48
80
43
13
92
46
52
73
91
24
45
61
57
35
63
48
15
24
91
10
80
12
42
42
96
3
42
70
39
69
80
1
93
16
59
5
14
37
87
24
27
67
68
33
33
92
57
95
54
15
55
70
99
95
80
78
87
10
94
58
14
92
26
25
47
66
4
60
18
55
27
23
33
70
37
87
86
13
36
9
52
88
6
17
6
43
54
75
22
43
38
54
92
62
24
47
26
45
32
17
73
20
61
28
34
36
74
33
73
25
23
43
9
73
100
84
11
76
33
87
40
87
55
41
18
12
21
38
19
9
59
50
6
79
49
40
17
42
39
88
51
50
17
48
6
16
76
81
55
86
64
63
94
100
70
50
43
71
18
58
79
29
53
7
44
79
30
34
36
53
48
94
12
13
92
95
48
10
55
50
10
43
95
16
25
99
68
89
3
80
63
77
92
14
79
10
50
65
19
18
53
5
78
84
19
83
23
40
17
95
51
44
97
62
3
83
81
95
31
89
100
90
25
76
100
63
30
4
66
70
55
52
56
46
56
74
49
30
14
7
93
45
85
37
23
37
42
91
64
68
5
90
73
39
52
85
43
95
39
38
19
78
30
70
49
11
11
45
58
97
69
62
98
39
65
67
92
100
58
34
79
70
93
5
22
85
58
1
100
31
97
47
37
9
77
12
100
77
80
31
24
12
76
59
92
25
80
83
51
41
26
49
76
20
47
18
83
98
9
80
92
42
78
70
68
4
77
89
15
14
65
5
88
79
64
76
38
99
10
7
86
85
19
76
94
13
78
48
12
29
5
97
53
64
79
87
82
35
14
23
72
67
42
15
77
3
25
44
65
55
24
35
31
2
25
38
23
54
9
51
90
38
73
76
11
56
84
82
24
80
30
46
63
64
85
57
63
78
18
37
15
28
2
46
50
31
89
25
82
32
6
33
17
21
67
100
95
26
37
96
99
63
72
50
100
49
94
39
80
63
41
76
8
20
59
7
31
30
59
44
34
1
67
85
46
62
4
84
8
61
34
90
15
100
87
1
83
6
1
22
85
58
97
51
49
62
90
12
9
98
17
84
3
38
80
37
66
3
20
3
88
3
60
63
65
18
7
7
49
93
79
24
67
54
11
80
97
30
53
5
3
87
8
12
91
22
36
56
42
3
52
49
55
96
19
86
92
65
89
28
94
34
55
46
5
8
11
0 460
0 1465
1 76
1 509
1 561
2 46
2 565
3 172
3 851
3 937
3 1058
3 1475
3 1836
4 407
4 727
4 1098
5 978
6 12
6 621
6 921
6 982
6 1113
6 1473
6 1891
8 343
8 1149
8 1823
9 312
9 394
10 1107
11 309
11 942
11 1711
11 1800
12 249
12 250
12 550
13 1349
14 188
14 1341
14 1427
14 1880
15 265
15 524
15 721
15 1086
16 506
16 1956
17 1560
17 1635
18 360
18 861
18 1887
18 1934
19 1473
19 1716
19 1924
20 649
20 898
20 943
21 178
21 330
21 548
21 960
21 1536
22 407
22 602
22 1174
22 1441
23 698
23 1127
24 143
24 939
24 1127
24 1470
24 1613
25 164
25 1413
26 374
26 501
26 827
26 1086
26 1270
26 1365
26 1579
27 537
27 1237
27 1708
27 1897
28 74
28 390
28 487
28 757
28 923
28 1771
29 701
29 782
29 1339
29 1391
30 332
30 913
30 1172
30 1399
30 1517
30 1970
31 147
32 1805
33 1246
33 1876
34 450
34 1239
34 1586
34 1774
35 1017
35 1138
37 938
37 1096
38 165
38 421
38 520
38 1212
38 1879
39 788
39 1248
40 190
40 384
40 1997
41 179
41 1042
41 1094
41 1150
41 1336
41 1475
42 134
42 332
43 1010
43 1481
44 297
44 320
44 558
44 1769
45 541
45 990
45 1436
46 760
46 793
47 737
47 882
47 1089
47 1540
47 1719
48 112
48 313
48 776
48 1695
49 500
50 317
51 1182
52 261
52 1568
52 1592
52 1819
53 703
53 1287
54 1877
55 74
55 294
55 348
55 1451
55 1529
56 118
56 379
56 1809
57 135
57 929
58 488
58 659
58 1812
59 1245
59 1904
60 200
60 236
60 1243
60 1689
60 1943
60 1981
61 618
61 1440
61 1479
61 1739
62 326
62 532
62 937
63 912
63 1333
63 1688
63 1774
63 1851
64 1306
65 161
65 819
65 1387
65 1909
66 345
68 696
68 997
69 1665
69 1903
69 1936
70 305
70 801
70 939
70 1692
71 135
71 523
73 506
73 702
73 831
73 1228
73 1676
74 297
74 425
74 1038
74 1650
74 1867
74 1889
74 1969
75 342
75 1078
77 1827
78 1524
78 1569
78 1975
79 147
79 486
79 559
79 1253
81 745
81 1147
82 292
82 378
82 1324
82 1641
83 1404
84 197
84 643
84 1177
84 1180
84 1335
84 1498
85 476
86 660
86 1859
86 1964
88 819
89 119
89 699
89 935
89 1158
89 1207
90 420
90 439
90 533
90 832
90 838
90 1203
91 396
91 485
91 908
91 1255
91 1829
92 97
92 926
92 1518
93 1440
93 1443
93 1748
94 255
96 1366
96 1993
97 1184
98 264
98 698
98 1654
99 283
99 1233
99 1633
100 464
101 1298
103 959
103 1458
103 1751
104 111
104 782
104 1908
105 201
105 473
105 1392
105 1966
107 135
107 357
107 1782
108 1760
109 1313
109 1989
110 1252
110 1448
111 351
111 853
111 896
111 1144
111 1431
112 724
112 1282
112 1285
113 250
113 565
113 1594
114 283
114 816
114 938
114 1186
115 266
116 829
116 1036
117 844
118 262
118 509
118 861
119 1328
120 215
121 327
121 961
121 1852
122 427
122 1212
122 1753
122 1967
123 355
123 1419
124 1696
125 228
125 298
125 1107
125 1245
126 406
126 1172
126 1737
127 249
127 623
127 886
127 1019
128 278
128 299
128 1834
128 1885
129 220
129 1200
130 1162
130 1702
131 222
131 1570
132 142
132 361
132 685
132 1469
132 1911
133 558
135 173
135 732
135 1149
135 1542
135 1846
136 1505
136 1658
137 674
137 782
137 907
137 1111
137 1782
137 1884
138 376
138 1334
139 1954
140 263
140 1706
141 277
141 500
141 673
142 894
142 993
143 316
143 393
143 727
143 1022
143 1071
143 1126
143 1839
145 630
145 687
145 719
145 1464
145 1857
146 443
146 915
147 579
147 1126
147 1561
148 350
149 555
149 648
149 705
150 684
150 775
152 357
152 1546
152 1596
153 1574
154 645
155 166
156 552
157 739
157 1560
157 1833
157 1992
158 260
158 681
158 1265
158 1914
159 384
159 611
159 1542
160 751
160 758
160 1547
161 1165
162 746
162 891
162 1706
163 311
163 542
163 977
163 1232
163 1676
163 1936
164 662
164 1254
165 1614
166 1008
166 1517
167 414
167 1113
168 297
168 411
168 1308
168 1590
169 470
169 517
169 1881
170 1051
170 1789
171 1366
171 1549
172 1102
172 1973
173 486
173 513
173 785
173 1039
173 1724
174 538
174 1261
175 1355
175 1790
177 209
177 316
177 958
177 1463
177 1557
178 445
179 362
179 1418
180 1476
181 310
181 436
181 1352
182 898
182 1601
183 1064
183 1315
184 1925
185 310
185 1096
185 1331
186 315
186 461
186 734
186 1163
186 1210
186 1264
187 862
187 1871
189 412
189 1471
190 1013
190 1459
190 1615
191 1817
191 1871
192 1351
192 1637
192 1769
193 197
193 576
193 703
193 1170
193 1820
195 202
195 535
195 1746
196 840
196 1261
196 1908
196 1989
197 362
197 1195
197 1803
197 1911
198 1994
199 539
199 1426
200 310
200 375
200 509
200 587
200 1811
200 1894
201 426
201 894
201 1349
201 1605
202 279
202 635
202 764
202 837
202 1399
203 485
203 661
203 1465
204 540
204 596
204 853
204 1102
204 1200
204 1310
205 454
205 1204
205 1373
206 859
207 272
207 920
207 1875
208 615
208 819
208 1295
209 1148
209 1176
209 1579
209 1606
210 1348
211 654
211 692
211 1823
212 457
212 707
212 1379
213 321
213 913
214 685
214 1016
215 1013
215 1149
215 1377
215 1622
216 530
216 1841
217 687
217 838
217 1074
218 297
218 1544
218 1853
219 332
219 641
219 1074
219 1848
220 290
220 742
220 1256
220 1593
221 1967
222 346
222 1153
224 776
224 1280
224 1980
225 1089
225 1868
225 1937
227 253
227 288
227 886
227 1415
228 1093
228 1324
228 1830
229 516
229 890
229 1093
229 1961
230 1169
230 1548
230 1576
230 1761
231 524
232 472
232 876
232 1568
232 1853
234 602
234 1440
234 1553
235 582
235 1912
236 1083
236 1095
236 1281
237 512
237 533
237 1101
237 1120
237 1621
238 820
238 1293
239 927
239 1708
240 990
240 1592
240 1763
241 355
241 1120
241 1209
241 1333
241 1747
241 1914
242 248
242 744
242 960
242 978
242 1315
242 1421
243 300
243 435
243 1518
244 478
245 974
245 1343
246 522
246 1361
246 1829
247 1073
247 1398
247 1737
248 502
248 1096
248 1623
248 1725
249 589
249 1906
250 807
250 858
250 1704
250 1980
251 959
251 1127
252 430
252 726
252 746
252 813
252 1121
252 1337
252 1350
252 1487
253 273
253 1155
253 1750
254 290
255 1109
255 1110
255 1294
256 1492
257 290
257 1107
257 1431
258 1332
258 1688
259 935
260 429
260 1593
261 350
261 777
262 1564
262 1995
263 718
264 468
264 1281
265 480
265 975
266 1214
266 1296
267 1389
267 1669
268 968
268 1565
268 1988
269 873
269 1765
269 1915
270 1576
271 287
271 1182
272 755
272 912
273 1057
273 1669
273 1706
274 965
275 526
275 808
275 1019
276 494
276 771
276 852
276 1363
276 1552
276 1810
277 574
277 907
277 998
277 1357
277 1427
278 1393
279 1044
279 1199
279 1933
280 1436
280 1665
280 1748
280 1934
281 1303
281 1556
283 308
283 664
283 812
283 1897
283 1899
284 305
285 857
285 1743
286 528
286 631
286 1770
288 508
288 520
288 532
288 667
288 1028
288 1069
288 1089
288 1171
288 1211
289 626
289 1235
289 1789
289 1942
290 616
290 791
290 1063
291 877
291 1990
292 643
292 895
292 1748
293 498
293 1882
294 1946
295 1643
296 1423
297 455
297 518
297 1041
298 756
298 1053
298 1906
299 530
299 824
300 323
300 509
300 1607
300 1854
300 1915
300 1972
301 322
301 483
301 668
301 994
301 1001
302 765
302 956
302 1146
302 1443
303 1064
304 653
304 1197
304 1462
304 1492
304 1897
305 470
305 728
305 1267
305 1574
305 1788
305 1921
306 328
306 853
306 1060
306 1410
306 1586
306 1896
306 1901
307 823
307 1057
308 981
308 1096
308 1344
308 1888
309 1514
310 410
310 817
310 1622
311 777
311 894
311 1091
312 1308
312 1693
313 431
313 1153
314 674
314 914
314 1972
316 405
316 462
316 802
317 348
317 1282
318 902
319 1432
319 1487
319 1863
320 1176
320 1290
320 1875
321 782
322 1036
324 685
324 1410
325 471
325 482
325 755
326 445
326 804
326 1770
327 714
327 1874
328 391
328 738
328 1662
329 543
329 1822
330 1744
330 1805
331 633
331 1780
332 1115
333 1402
334 1353
336 561
336 677
336 678
336 1691
337 777
337 841
337 1215
337 1575
338 776
338 797
338 1491
339 1174
339 1466
340 594
340 973
340 1720
342 1467
343 402
343 1048
343 1243
343 1684
343 1709
343 1744
345 787
345 789
345 1088
345 1324
345 1792
345 1826
346 933
346 1252
346 1383
346 1657
346 1916
348 743
348 1629
349 1950
349 1954
350 602
351 1310
351 1704
352 986
353 1117
353 1666
354 1018
354 1809
355 709
355 1641
355 1977
356 1418
357 1420
357 1694
357 1938
357 1966
358 562
360 801
360 1428
360 1519
361 685
361 1663
362 668
362 1035
362 1158
363 621
363 781
363 1469
364 1011
364 1209
364 1244
364 1698
366 503
366 1952
367 532
367 1034
367 1505
367 1539
367 1592
368 1489
369 936
369 1018
369 1160
369 1617
369 1702
371 442
371 660
371 1928
372 510
372 1699
373 619
373 1093
373 1953
374 547
374 557
374 1020
374 1331
375 400
375 1599
375 1951
375 1986
378 427
378 733
378 813
378 1302
379 538
380 483
380 630
380 1779
381 827
381 1862
381 1904
382 821
382 1520
382 1643
382 1990
383 390
383 626
383 1119
384 456
384 740
384 1203
384 1507
384 1700
386 587
387 1581
387 1808
388 1656
388 1840
389 874
390 792
390 1078
391 1088
391 1629
393 1087
393 1206
393 1374
394 490
394 754
395 429
395 820
395 1130
395 1566
395 1903
396 1255
396 1305
396 1403
396 1459
396 1736
397 814
397 1537
397 1990
399 1093
400 844
400 1335
400 1725
401 1313
402 688
402 711
404 438
404 889
404 1517
404 1769
404 1813
405 635
405 646
405 1902
406 856
406 1454
406 1546
407 942
407 1143
409 926
409 997
409 1068
409 1105
409 1218
409 1222
410 1308
410 1507
410 1800
410 1972
411 668
411 1320
411 1513
412 714
412 1159
412 1686
413 1032
413 1449
413 1560
414 604
414 922
414 930
414 1237
415 1085
416 503
416 888
416 999
417 1147
418 1325
418 1410
420 676
420 1519
420 1659
421 784
421 1537
422 1298
423 1473
424 612
424 782
425 469
425 1338
426 477
426 500
426 823
426 1175
426 1539
426 1649
427 514
427 1065
427 1066
427 1223
428 533
428 1145
428 1423
428 1668
428 1869
429 619
429 1674
430 899
430 1546
431 467
431 781
432 1481
433 657
434 959
434 1853
434 1936
435 1413
435 1461
436 757
436 1750
436 1963
437 646
437 1511
438 562
438 1145
438 1176
438 1811
439 1571
440 1745
441 580
441 1370
442 776
443 972
443 1576
443 1690
443 1789
444 1049
445 472
445 1493
445 1804
445 1994
446 663
446 1020
446 1560
447 1717
447 1916
448 558
448 1123
448 1750
449 741
449 1511
451 1042
451 1453
452 485
452 1129
452 1557
452 1789
452 1974
454 1421
455 884
455 1119
455 1248
455 1338
455 1356
455 1752
456 1208
456 1315
458 794
458 881
458 1554
458 1617
458 1869
458 1900
459 518
459 860
460 773
460 1256
460 1266
460 1938
462 1154
463 979
463 1370
463 1533
463 1548
464 1029
464 1553
465 722
465 1105
465 1701
468 1630
469 1034
469 1114
470 547
470 1779
470 1923
471 575
471 952
471 1358
473 588
473 1039
473 1298
473 1543
474 860
474 1864
475 811
475 1104
475 1333
475 1705
476 1506
476 1544
477 1986
478 824
478 921
478 1058
478 1507
479 1265
480 1761
481 498
481 1153
481 1256
482 776
482 1455
483 1409
485 1027
485 1115
485 1824
486 1651
488 591
488 862
488 1834
489 953
489 1082
491 652
491 1207
491 1517
492 908
492 1933
493 1039
493 1589
493 1714
493 1776
494 1175
495 1010
496 799
496 1166
496 1366
496 1568
496 1792
497 1274
499 646
499 760
499 1267
499 1511
499 1717
500 1068
500 1150
500 1569
500 1842
500 1938
500 1996
501 681
501 794
501 1711
501 1719
502 722
503 1231
503 1932
503 1977
504 911
504 1044
504 1220
506 702
506 1458
506 1460
506 1547
507 789
507 1725
508 723
508 1082
508 1344
508 1523
508 1860
509 750
509 971
509 1654
509 1953
510 1007
510 1619
511 870
511 1240
511 1519
511 1647
511 1915
512 1340
512 1469
512 1561
513 1318
513 1706
514 649
514 1627
515 1118
515 1514
516 1713
516 1714
516 1820
517 736
517 1189
518 839
518 1208
518 1945
519 772
519 1150
520 1251
521 915
521 1455
522 559
522 944
522 1600
523 911
523 1183
524 683
524 1557
526 786
526 1229
526 1585
526 1931
527 566
527 991
527 1237
528 702
528 911
528 1479
528 1550
528 1817
528 1902
529 799
529 1095
529 1316
530 931
530 939
530 1130
530 1936
531 1121
531 1181
532 1420
532 1549
532 1874
533 808
533 869
534 816
534 1519
535 699
535 709
535 1102
535 1191
536 905
536 1051
536 1397
536 1510
537 647
537 685
537 705
538 896
538 1958
539 1268
539 1453
539 1552
540 1622
540 1709
540 1988
541 940
542 823
542 876
542 1620
543 782
543 914
543 1188
543 1369
543 1494
543 1944
544 746
544 1175
544 1337
545 1711
546 957
546 1750
546 1840
547 1656
547 1667
547 1847
548 710
548 747
549 625
549 817
549 1452
549 1483
550 599
550 678
550 1717
550 1765
551 1012
551 1222
552 754
552 1538
552 1617
552 1788
552 1899
552 1955
553 559
553 1223
553 1326
553 1942
554 852
554 1023
555 668
555 878
555 1677
556 1109
556 1969
557 1469
558 729
558 1084
558 1221
559 1049
560 652
560 1922
562 806
562 1324
562 1587
562 1769
563 1093
563 1172
563 1533
565 1588
565 1837
566 809
566 1051
566 1106
566 1688
567 1881
568 580
568 672
568 1199
569 833
569 1539
570 1136
570 1203
570 1411
571 1151
571 1933
572 833
573 857
573 1153
573 1314
573 1760
574 1122
575 1575
575 1733
575 1800
576 729
576 1080
576 1842
577 756
577 1931
578 1497
578 1927
579 1214
579 1418
579 1591
579 1791
579 1998
581 600
582 1876
584 1805
585 1097
586 670
587 756
587 1639
587 1778
588 1667
589 1113
590 1653
590 1750
590 1771
590 1799
591 1038
591 1045
591 1063
592 771
592 822
592 1147
593 819
593 938
594 1000
595 802
595 907
595 1061
596 728
596 887
597 997
597 1442
600 1457
600 1642
600 1734
602 669
602 977
602 1418
603 1007
603 1143
603 1227
604 659
604 1282
604 1868
605 1048
605 1196
605 1413
605 1443
606 843
606 854
606 1026
607 1372
609 1719
609 1919
611 736
611 1169
611 1718
612 932
612 941
612 1078
612 1590
613 1285
614 1709
614 1934
616 1016
616 1234
616 1407
617 641
617 1065
617 1239
618 637
618 1882
619 987
620 1363
622 834
622 1332
622 1433
622 1953
623 1112
624 1268
625 1640
625 1807
626 653
626 1283
626 1289
626 1633
627 837
627 951
627 1701
628 1721
629 980
629 1463
630 1282
630 1951
631 1399
632 1280
632 1862
633 1739
634 1712
634 1765
635 663
635 1160
636 768
636 1390
636 1794
637 714
638 726
639 734
641 659
642 874
642 908
643 833
643 1284
643 1298
645 1372
645 1565
645 1577
645 1696
646 1522
647 1138
647 1415
647 1479
647 1612
648 760
648 1138
648 1394
648 1923
650 878
650 1144
650 1787
651 1201
651 1505
652 1433
652 1966
653 1170
653 1691
653 1708
653 1712
654 1068
654 1910
655 1585
655 1850
656 1378
657 932
657 1448
657 1533
657 1646
659 1793
660 724
660 1730
660 1973
661 1140
661 1596
662 1255
662 1414
662 1831
662 1954
662 1988
663 1194
664 1083
664 1260
664 1765
664 1933
665 689
665 1607
665 1935
666 857
666 1023
666 1548
666 1812
666 1886
667 836
667 1180
667 1301
667 1324
667 1537
667 1636
668 742
668 1449
669 1043
669 1892
670 831
670 1130
670 1810
671 1239
672 1245
673 1879
674 1672
675 817
675 1271
675 1468
675 1740
675 1767
676 849
676 1058
677 990
677 1731
678 1831
678 1973
679 753
679 1068
679 1885
680 1732
680 1948
682 1646
682 1687
682 1939
683 1310
683 1592
684 727
684 1717
685 921
686 1399
686 1858
688 1030
688 1101
688 1232
688 1720
688 1746
689 1085
690 1845
690 1953
691 982
691 1267
692 1035
692 1576
692 1778
693 740
693 1344
694 1216
694 1598
695 992
695 1168
695 1214
696 876
697 1506
697 1788
698 1028
698 1401
698 1501
700 960
701 848
701 1718
704 1575
705 998
705 1125
706 770
706 833
707 1031
707 1598
708 1233
708 1439
708 1544
709 1378
709 1959
710 1267
711 1958
712 716
712 1206
712 1467
712 1840
712 1923
713 1115
714 1261
715 1447
715 1455
715 1460
716 938
716 1125
716 1719
717 1274
717 1799
718 1333
718 1783
720 872
720 899
720 1013
720 1481
720 1543
720 1776
721 926
721 1013
721 1053
721 1388
723 946
724 1020
724 1028
725 1426
726 1078
726 1276
726 1969
727 783
727 1065
727 1159
727 1779
729 1058
730 903
730 1015
730 1102
730 1156
730 1407
730 1659
730 1963
731 1064
731 1696
732 801
732 1011
732 1279
732 1461
733 977
733 1147
734 791
734 1015
734 1095
735 1265
735 1587
735 1967
736 1269
736 1645
737 1084
738 1629
739 1420
740 1881
741 946
741 1319
741 1756
741 1868
742 1760
743 1042
743 1435
743 1913
745 1445
746 1328
746 1653
746 1731
749 1192
749 1310
750 840
750 1749
751 1607
751 1946
752 760
753 849
754 994
754 1297
754 1577
755 1007
755 1011
755 1099
755 1179
756 1522
757 889
757 1049
757 1393
757 1726
757 1871
759 761
760 1457
760 1608
760 1648
761 1380
761 1477
761 1843
762 1486
762 1900
763 1378
763 1421
763 1831
764 1433
765 1764
766 1263
766 1317
766 1575
767 831
767 1686
769 781
769 1013
769 1354
769 1384
769 1863
770 950
770 1060
772 859
773 968
774 799
774 1675
774 1957
775 940
775 1134
775 1135
775 1462
776 1063
776 1574
776 1862
778 892
778 1111
778 1294
778 1447
778 1926
779 1147
779 1321
779 1746
779 1845
780 1244
780 1528
780 1898
781 1602
781 1825
783 1389
783 1426
783 1519
787 991
787 1073
787 1516
790 936
790 1419
790 1603
791 987
791 1085
791 1144
791 1351
791 1733
792 1289
792 1648
792 1846
793 1288
793 1433
793 1797
794 1126
794 1923
795 1231
795 1276
795 1398
796 1827
798 895
798 955
798 1365
799 1390
799 1657
800 1498
800 1941
802 966
803 1738
803 1825
804 927
804 1090
805 1192
806 1896
807 1002
807 1929
808 1134
808 1165
808 1519
808 1621
808 1651
808 1807
808 1958
809 1591
811 1640
811 1832
812 1272
813 1259
814 1679
815 1786
816 1248
817 939
817 1249
817 1319
819 1196
819 1541
820 1497
821 1106
821 1393
821 1681
822 1073
822 1884
823 1501
824 1393
826 1666
827 995
827 1098
827 1212
827 1403
828 1925
829 1111
829 1437
829 1621
829 1935
831 1246
831 1280
832 981
832 1110
832 1250
832 1492
832 1816
834 1645
835 1188
836 1312
837 1519
838 1324
839 1274
841 1626
841 1690
842 951
843 1383
844 901
844 1768
846 996
846 1110
847 1021
847 1247
847 1324
847 1696
848 1226
849 1315
849 1319
850 1149
850 1749
852 1090
852 1561
852 1563
853 1704
853 1985
854 976
854 1903
854 1945
855 980
855 1587
856 871
857 1112
857 1199
857 1639
857 1918
858 877
858 1866
858 1931
859 1416
860 890
860 1663
860 1678
860 1777
861 1379
861 1835
861 1859
862 1504
863 1314
863 1409
863 1573
864 930
864 1741
865 1346
865 1536
865 1632
865 1880
866 1790
867 1056
867 1624
868 1549
869 1463
869 1518
870 1656
871 1433
873 908
874 1008
874 1351
876 1051
876 1075
876 1377
876 1780
877 1439
878 1050
879 1253
879 1316
880 1628
882 1597
882 1753
883 1465
883 1534
883 1909
884 1271
884 1283
884 1321
884 1510
884 1818
884 1948
885 1561
886 952
886 1089
886 1234
887 1145
888 1928
889 1197
889 1286
889 1669
890 931
890 1080
891 1150
891 1512
891 1797
892 1608
893 1360
897 1885
899 1399
899 1413
902 1187
903 1460
903 1559
904 1094
904 1232
904 1364
905 1484
906 1226
906 1456
906 1506
907 1407
908 1832
909 943
909 1436
910 1902
911 1708
911 1872
914 1412
915 997
915 1355
915 1496
916 1186
916 1209
916 1238
916 1603
916 1860
917 996
917 1347
917 1521
917 1557
919 1111
919 1760
921 1600
922 1758
923 1099
925 1337
925 1449
927 1148
928 1019
928 1082
930 1524
931 1184
931 1922
932 1060
932 1581
933 1174
933 1291
933 1990
934 1340
935 1528
935 1940
937 982
937 1926
938 1267
938 1382
939 1639
940 1206
940 1495
940 1581
942 1234
942 1875
943 1513
944 1035
945 1448
945 1477
946 1480
947 1744
949 1160
949 1429
950 987
950 1750
951 1242
952 1730
953 1118
955 1848
956 1016
956 1390
956 1667
957 1174
957 1487
957 1604
957 1661
957 1846
957 1904
959 1783
959 1846
960 1359
960 1364
960 1928
962 1450
962 1741
962 1830
966 1261
966 1333
966 1520
968 1668
969 976
970 1469
970 1519
970 1862
971 1290
971 1304
971 1894
972 1088
973 1953
975 1386
975 1819
975 1946
976 1068
976 1568
977 1173
977 1636
978 1151
978 1667
979 1496
979 1973
981 1683
981 1861
982 1083
982 1413
982 1994
983 1397
983 1944
983 1988
984 1284
984 1326
984 1878
985 1036
985 1100
985 1756
986 1130
987 1240
987 1783
988 1512
989 1465
990 1092
990 1237
992 1018
992 1034
993 1811
995 1325
996 1276
996 1435
997 1120
998 1835
999 1004
999 1387
999 1625
1000 1476
1001 1093
1001 1552
1001 1944
1002 1910
1004 1806
1004 1864
1005 1071
1005 1138
1007 1141
1007 1278
1007 1997
1009 1274
1010 1671
1011 1642
1012 1389
1012 1517
1012 1585
1014 1146
1014 1668
1019 1515
1019 1571
1020 1167
1020 1339
1020 1342
1020 1400
1021 1281
1021 1541
1021 1567
1022 1226
1022 1768
1023 1197
1023 1337
1023 1803
1024 1187
1024 1947
1025 1689
1025 1751
1025 1924
1026 1578
1026 1904
1029 1121
1029 1698
1030 1416
1033 1127
1033 1275
1034 1980
1035 1559
1036 1208
1037 1094
1037 1536
1037 1798
1038 1924
1039 1163
1039 1283
1040 1974
1041 1270
1042 1936
1044 1302
1044 1789
1044 1909
1045 1292
1045 1425
1046 1089
1046 1403
1046 1524
1046 1540
1048 1902
1049 1212
1049 1668
1049 1900
1051 1840
1053 1489
1056 1182
1056 1253
1057 1769
1059 1207
1059 1544
1061 1608
1062 1222
1062 1489
1063 1475
1064 1116
1064 1132
1064 1255
1064 1642
1064 1975
1065 1474
1068 1162
1068 1539
1068 1586
1069 1399
1070 1287
1070 1456
1070 1834
1071 1241
1071 1552
1075 1356
1075 1424
1075 1537
1077 1684
1078 1239
1078 1965
1080 1922
1081 1141
1082 1663
1083 1283
1083 1553
1083 1828
1083 1837
1083 1908
1084 1266
1084 1780
1084 1978
1085 1896
1086 1654
1086 1900
1087 1934
1088 1710
1088 1813
1089 1611
1089 1630
1089 1832
1090 1191
1090 1593
1090 1602
1091 1105
1091 1117
1091 1959
1092 1099
1092 1154
1092 1264
1092 1594
1094 1206
1094 1936
1096 1107
1096 1378
1096 1448
1096 1638
1098 1363
1098 1587
1099 1704
1100 1578
1101 1125
1101 1348
1101 1359
1102 1239
1102 1405
1102 1453
1105 1935
1106 1312
1108 1555
1109 1604
1109 1891
1111 1129
1111 1602
1111 1986
1112 1586
1112 1672
1112 1738
1113 1126
1113 1272
1113 1771
1114 1196
1114 1326
1114 1495
1114 1652
1114 1755
1114 1923
1115 1765
1115 1803
1116 1700
1116 1756
1116 1956
1119 1809
1121 1246
1121 1267
1121 1626
1121 1922
1122 1715
1123 1641
1124 1840
1124 1921
1126 1235
1126 1252
1126 1482
1128 1885
1129 1164
1129 1186
1130 1256
1130 1823
1130 1836
1131 1250
1131 1375
1132 1229
1133 1162
1133 1796
1137 1875
1138 1750
1139 1598
1139 1745
1140 1239
1140 1269
1140 1313
1141 1399
1141 1400
1141 1424
1141 1685
1144 1792
1145 1962
1146 1988
1148 1339
1149 1176
1149 1195
1149 1284
1149 1553
1149 1708
1150 1182
1150 1486
1150 1836
1151 1527
1152 1254
1152 1545
1152 1729
1154 1443
1154 1730
1155 1856
1155 1874
1156 1646
1156 1893
1158 1259
1158 1823
1159 1471
1159 1484
1160 1617
1160 1721
1160 1941
1161 1238
1161 1666
1161 1886
1162 1230
1162 1814
1163 1364
1163 1978
1164 1237
1164 1327
1165 1984
1166 1352
1166 1609
1167 1552
1167 1771
1168 1180
1168 1995
1169 1490
1169 1560
1169 1978
1170 1763
1170 1881
1172 1753
1173 1259
1173 1342
1173 1532
1173 1858
1174 1211
1174 1915
1176 1390
1177 1577
1177 1666
1178 1887
1180 1353
1180 1419
1180 1490
1180 1617
1181 1620
1181 1716
1182 1506
1182 1980
1184 1340
1184 1455
1186 1403
1187 1361
1188 1616
1190 1196
1190 1370
1191 1345
1193 1453
1193 1717
1194 1628
1194 1740
1195 1338
1195 1817
1195 1878
1196 1604
1197 1211
1197 1647
1197 1681
1199 1227
1199 1593
1201 1403
1202 1332
1202 1922
1203 1214
1203 1322
1203 1652
1203 1969
1205 1563
1205 1940
1208 1926
1208 1989
1210 1236
1210 1873
1211 1255
1212 1489
1213 1302
1213 1564
1214 1691
1214 1762
1216 1738
1218 1313
1220 1357
1221 1826
1221 1997
1222 1520
1222 1669
1223 1568
1223 1597
1226 1822
1227 1334
1232 1501
1233 1472
1233 1589
1233 1680
1234 1715
1235 1500
1235 1792
1236 1326
1236 1747
1236 1919
1238 1799
1238 1864
1238 1964
1239 1571
1239 1786
1239 1843
1240 1286
1240 1332
1240 1888
1241 1513
1242 1441
1243 1651
1244 1450
1246 1955
1247 1371
1248 1259
1248 1377
1248 1574
1248 1631
1249 1794
1252 1888
1253 1462
1253 1734
1255 1899
1256 1312
1256 1923
1258 1365
1259 1346
1260 1880
1260 1892
1261 1836
1262 1863
1263 1709
1263 1839
1263 1920
1265 1635
1265 1951
1267 1632
1268 1777
1271 1447
1272 1437
1274 1378
1276 1965
1277 1571
1278 1682
1278 1818
1280 1680
1282 1384
1283 1782
1283 1974
1285 1484
1285 1806
1288 1522
1288 1564
1288 1987
1289 1351
1289 1523
1289 1982
1290 1721
1291 1788
1291 1789
1292 1451
1294 1687
1294 1983
1297 1367
1298 1453
1300 1667
1301 1310
1301 1780
1301 1862
1303 1574
1303 1707
1303 1786
1303 1863
1303 1906
1304 1328
1304 1779
1304 1865
1306 1736
1307 1963
1308 1790
1308 1901
1310 1773
1311 1741
1313 1735
1314 1922
1315 1724
1315 1775
1316 1483
1317 1637
1318 1372
1318 1775
1318 1942
1318 1960
1319 1713
1321 1749
1322 1333
1322 1724
1323 1514
1327 1933
1328 1528
1329 1527
1330 1422
1330 1471
1330 1836
1331 1757
1331 1808
1333 1618
1333 1945
1337 1848
1338 1901
1341 1635
1342 1464
1342 1470
1342 1573
1342 1769
1342 1981
1342 1983
1344 1728
1344 1768
1344 1926
1345 1465
1346 1851
1347 1498
1347 1553
1348 1981
1349 1738
1349 1781
1351 1743
1351 1811
1352 1442
1353 1640
1356 1492
1356 1505
1357 1571
1357 1782
1357 1917
1358 1685
1359 1511
1360 1724
1360 1845
1361 1698
1362 1462
1363 1802
1364 1626
1364 1643
1367 1813
1368 1808
1369 1709
1370 1444
1370 1948
1373 1446
1373 1908
1375 1778
1376 1621
1376 1623
1376 1706
1376 1860
1377 1482
1377 1936
1379 1891
1380 1621
1381 1967
1381 1981
1382 1642
1382 1761
1383 1430
1385 1708
1387 1743
1388 1452
1393 1763
1395 1780
1398 1579
1399 1609
1400 1678
1400 1814
1402 1915
1403 1863
1403 1928
1404 1517
1406 1561
1406 1795
1408 1615
1408 1807
1409 1555
1410 1852
1410 1893
1411 1819
1411 1892
1415 1484
1415 1683
1415 1878
1418 1423
1418 1631
1419 1882
1422 1596
1422 1825
1424 1441
1424 1596
1426 1499
1427 1536
1427 1947
1430 1576
1433 1733
1434 1927
1437 1469
1438 1662
1438 1715
1439 1878
1443 1642
1447 1654
1448 1539
1448 1992
1450 1560
1450 1635
1450 1676
1450 1782
1451 1951
1455 1538
1455 1872
1455 1899
1456 1515
1457 1489
1457 1827
1458 1844
1459 1852
1460 1798
1463 1468
1463 1637
1463 1812
1466 1843
1468 1793
1469 1486
1469 1723
1470 1502
1470 1717
1474 1625
1474 1681
1475 1542
1476 1534
1477 1768
1477 1842
1478 1719
1480 1520
1480 1534
1480 1662
1481 1529
1483 1687
1484 1928
1484 1987
1485 1549
1485 1720
1485 1941
1490 1685
1493 1608
1493 1628
1497 1775
1498 1678
1498 1902
1499 1582
1500 1934
1503 1974
1504 1610
1506 1616
1509 1920
1510 1839
1511 1555
1511 1639
1514 1569
1515 1562
1515 1594
1515 1892
1515 1950
1518 1882
1519 1719
1523 1975
1527 1667
1529 1767
1529 1817
1529 1958
1531 1730
1532 1959
1535 1835
1535 1888
1536 1692
1537 1829
1538 1609
1538 1628
1540 1582
1541 1825
1541 1853
1542 1735
1543 1567
1543 1666
1546 1708
1546 1899
1547 1644
1548 1775
1550 1640
1553 1924
1553 1971
1554 1607
1555 1886
1556 1643
1560 1668
1562 1681
1562 1742
1563 1629
1565 1634
1566 1661
1570 1998
1575 1722
1575 1831
1577 1859
1577 1967
1578 1728
1579 1618
1579 1666
1580 1733
1590 1597
1590 1617
1592 1696
1594 1948
1596 1709
1596 1854
1599 1710
1601 1835
1603 1834
1605 1718
1606 1657
1606 1848
1608 1809
1609 1889
1609 1954
1614 1887
1617 1634
1617 1885
1618 1742
1618 1894
1622 1665
1627 1747
1628 1900
1628 1903
1629 1882
1632 1678
1641 1851
1646 1714
1647 1830
1652 1910
1655 1661
1655 1994
1656 1948
1657 1752
1658 1798
1660 1842
1660 1903
1660 1989
1662 1693
1662 1730
1664 1749
1665 1924
1668 1967
1681 1782
1684 1900
1686 1788
1687 1756
1688 1758
1689 1799
1690 1725
1693 1736
1694 1770
1696 1922
1698 1737
1700 1807
1704 1745
1705 1714
1706 1971
1708 1815
1709 1861
1709 1934
1712 1863
1718 1879
1719 1774
1723 1888
1723 1969
1729 1791
1730 1869
1737 1825
1739 1854
1741 1761
1741 1868
1742 1893
1750 1807
1752 1889
1752 1954
1755 1998
1758 1797
1758 1911
1758 1967
1759 1931
1760 1803
1763 1984
1767 1769
1772 1981
1775 1898
1776 1906
1780 1806
1785 1842
1788 1903
1788 1962
1793 1818
1805 1900
1823 1851
1826 1961
1827 1995
1828 1833
1839 1942
1849 1918
1855 1866
1857 1951
1860 1970
1863 1905
1865 1923
1865 1934
1869 1986
1870 1927
1873 1913
1878 1918
1880 1960
1889 1969
1890 1912
1897 1986
1903 1982
1908 1983
1913 1970
1939 1957
1965 1978
1970 1980
1975 1993
