2000 3005
68
85
12
79
9
36
51
21
74
43
37
84
46
13
22
95
60
62
55
26
79
14
97
29
64
43
73
42
91
3
6
76
88
11
54
98
94
40
99
56
86
37
94
93
6
16
30
58
35
37
40
6
35
66
42
41
59
86
90
55
53
63
57
34
36
19
13
41
11
8
92
17
96
58
92
64
78
40
94
18
27
79
98
27
84
27
4
65
77
22
70
76
20
33
46
65
4
23
87
13
83
100
57
12
23
18
39
80
85
41
24
92
54
6
75
94
6
88
9
82
82
28
8
20
75
99
34
57
53
25
37
31
14
4
80
38
40
60
75
97
29
65
80
67
73
25
82
86
66
64
83
73
57
86
3
30
57
96
76
44
78
27
22
88
34
94
46
2
49
93
62
66
32
5
96
37
85
59
65
39
15
92
51
39
86
46
49
85
17
18
85
79
27
93
72
30
39
19
100
3
74
14
57
48
8
8
57
7
53
84
14
86
61
60
43
27
22
80
85
9
26
97
15
87
30
30
95
16
31
58
68
57
71
21
39
36
15
11
95
99
13
20
88
10
21
87
67
80
30
65
83
31
6
80
52
70
52
92
86
13
19
13
20
18
62
65
24
93
64
23
91
99
14
28
8
10
46
63
30
96
77
22
44
39
96
12
43
50
27
24
63
77
83
100
51
52
50
96
23
42
34
85
94
100
16
83
2
87
59
54
52
44
55
36
46
37
65
36
74
24
41
97
16
78
21
68
58
90
16
83
54
39
55
47
42
70
57
72
33
82
65
46
42
44
37
46
36
44
33
84
90
74
49
13
12
100
39
81
22
84
44
71
88
16
51
27
40
77
30
69
62
34
73
37
55
58
61
81
94
50
65
33
44
84
2
67
18
84
55
5
31
54
45
89
97
38
44
43
61
38
36
7
38
48
83
50
90
79
94
2
88
44
91
6
76
52
15
85
65
74
86
64
98
8
28
52
33
69
77
78
29
78
57
62
89
10
88
95
99
20
66
43
79
20
92
68
46
99
22
90
33
6
4
80
44
23
70
70
97
75
91
6
39
8
96
8
5
43
17
17
40
17
10
94
51
98
60
59
97
100
78
39
34
91
83
10
17
88
46
11
100
31
69
92
18
52
64
11
7
72
69
76
88
34
79
47
19
49
48
21
47
36
93
47
60
45
48
79
84
7
11
93
38
1
20
69
64
90
56
46
55
85
33
36
29
66
91
85
71
74
7
2
96
93
84
66
19
13
67
32
37
95
29
82
68
46
98
1
40
49
38
92
54
75
61
69
62
34
41
33
25
75
11
76
7
76
89
29
64
37
25
74
82
77
68
98
21
88
58
39
48
16
49
20
15
6
79
87
35
35
93
40
88
88
61
65
94
36
15
12
57
33
34
74
97
41
95
73
53
71
65
92
55
82
87
13
56
100
34
43
74
60
33
69
82
97
62
30
85
58
39
99
57
60
5
76
44
48
55
78
79
65
65
75
68
38
2
39
77
90
8
90
89
29
31
12
29
41
56
87
70
74
13
60
78
47
73
79
38
34
30
67
43
62
41
18
28
55
96
89
38
60
60
85
20
65
68
15
59
1
37
32
72
95
89
49
42
74
79
97
22
73
65
51
46
52
14
87
96
85
54
20
65
6
36
93
48
67
93
65
29
89
74
48
20
53
60
19
95
41
1
75
28
44
66
90
33
21
3
59
51
96
67
8
24
100
80
66
20
52
97
46
91
9
95
15
69
87
88
79
93
18
48
28
5
45
96
75
23
89
6
49
84
12
2
46
95
30
54
79
51
60
30
22
95
54
12
29
5
37
43
51
36
98
29
72
35
4
18
64
52
51
98
28
34
82
39
49
95
24
79
12
99
73
16
59
95
44
58
90
7
91
1
11
77
59
49
84
7
57
74
24
93
25
78
56
90
48
57
80
93
59
94
87
58
84
4
67
96
24
49
74
18
27
79
98
81
45
87
24
93
35
28
90
11
21
60
37
75
12
36
25
57
37
81
22
35
95
8
32
52
58
32
48
66
22
87
90
56
99
59
68
12
75
29
85
38
44
78
66
22
63
65
91
23
28
27
19
71
91
7
27
51
18
65
86
46
82
6
37
22
9
51
43
80
17
68
100
5
64
87
12
36
87
77
92
69
71
1
61
80
15
53
37
84
3
23
85
87
76
21
14
43
74
93
35
30
4
55
62
90
99
16
13
59
37
61
17
22
34
9
43
98
40
6
74
23
73
10
54
72
76
80
77
88
46
26
42
70
16
85
88
17
52
4
76
3
19
48
31
35
66
65
12
31
81
86
12
7
34
34
54
57
83
80
26
17
85
33
71
71
86
75
5
17
70
52
35
15
62
84
32
38
23
63
74
69
21
1
64
42
31
78
92
81
90
40
65
76
77
88
63
58
93
68
1
85
41
80
49
70
46
64
6
2
75
17
29
38
64
49
65
81
98
26
12
5
57
43
67
55
40
84
74
39
64
94
94
77
51
49
50
25
19
45
34
55
54
29
61
64
79
75
16
90
64
49
68
75
99
23
48
49
61
38
13
95
94
51
88
96
2
43
88
28
90
74
57
7
14
48
37
43
20
56
17
83
33
55
24
20
6
85
59
64
60
87
74
48
94
91
52
94
11
92
70
1
12
16
18
5
69
30
22
88
5
90
13
83
69
53
7
10
28
31
17
7
85
85
49
99
85
54
97
14
63
74
98
26
15
20
74
57
43
99
5
27
18
42
53
54
54
34
94
49
42
48
41
47
9
78
62
38
45
94
78
29
49
20
14
30
68
27
88
42
80
56
10
48
77
40
24
27
95
57
48
75
28
56
84
44
76
31
22
77
80
70
3
68
93
19
48
27
66
52
41
25
11
63
91
9
25
43
28
40
40
67
24
25
33
2
4
24
88
50
27
58
27
95
79
63
58
79
50
91
13
28
52
5
89
24
43
66
42
83
27
9
81
4
9
77
84
43
44
84
2
19
6
15
67
78
51
37
55
63
38
82
19
41
95
77
20
51
48
83
59
34
13
33
100
46
89
43
23
42
47
16
83
50
63
56
87
41
66
22
78
71
80
46
24
28
10
30
8
90
96
91
36
47
75
37
62
80
65
69
33
12
43
96
9
18
57
55
89
78
63
35
17
27
31
75
14
16
23
3
42
41
98
42
50
14
50
58
95
27
86
26
46
43
80
52
81
3
37
65
52
58
20
17
18
17
44
41
13
72
90
94
57
68
87
29
25
6
34
69
63
64
62
95
43
82
25
14
25
18
24
53
32
25
35
15
63
55
34
28
5
83
23
38
32
30
91
8
78
1
50
96
72
65
30
37
7
35
59
63
75
2
35
80
13
32
1
26
37
79
39
36
13
81
51
52
67
99
80
24
73
97
63
79
85
97
83
17
67
76
3
47
15
48
18
91
38
6
3
61
82
41
40
29
18
98
91
30
90
31
48
77
50
17
42
32
20
11
43
18
3
67
41
56
28
12
41
19
82
30
20
77
75
55
89
53
29
74
44
26
64
1
45
30
37
56
67
43
8
51
87
63
71
20
89
68
20
48
73
100
98
68
41
19
96
61
28
18
49
83
21
43
97
27
71
74
86
46
71
8
66
23
95
12
68
97
92
59
78
89
33
2
33
15
96
53
5
20
5
100
2
52
2
17
99
19
97
30
13
99
58
5
45
25
71
29
46
5
19
77
45
81
54
38
83
95
23
70
22
69
32
53
60
22
46
19
54
4
57
96
87
54
97
43
86
67
48
71
65
9
12
55
52
10
15
28
13
85
32
13
74
55
36
18
33
70
88
88
15
64
44
7
54
33
93
1
97
37
28
6
97
66
80
96
30
3
53
70
16
82
75
1
90
78
25
67
53
44
5
47
33
47
19
21
10
90
25
81
28
53
3
6
16
9
48
32
84
52
95
18
47
8
57
92
25
46
20
1
24
17
46
89
71
8
13
60
91
65
39
75
11
82
89
39
31
63
50
61
33
63
13
2
32
22
37
57
15
82
72
69
88
95
16
74
6
41
98
17
83
50
85
93
38
16
70
51
75
81
38
32
50
52
33
1
97
12
34
59
90
15
37
75
94
32
8
34
89
23
71
74
46
60
87
9
37
71
100
2
59
24
85
24
99
1
1
73
53
74
76
52
44
20
55
83
25
89
48
33
11
92
67
43
72
6
50
79
1
30
13
7
15
36
36
18
7
30
38
77
43
89
40
72
86
30
54
53
71
56
100
61
16
6
61
74
52
7
62
100
51
66
76
49
47
100
40
8
88
69
47
13
92
100
20
2
88
41
85
96
63
76
50
2
58
35
17
28
91
27
51
84
82
88
30
41
2
97
31
98
50
79
50
73
57
22
13
28
51
6
52
6
85
61
100
53
92
37
61
2
79
75
91
46
20
21
42
47
2
18
43
96
57
6
87
1
47
91
76
13
71
43
17
7
77
6
14
12
45
10
94
32
18
30
56
61
24
92
98
22
24
96
59
89
81
54
60
12
29
18
15
53
97
48
8
40
98
0 660
0 1122
1 12
1 1013
2 582
2 953
2 1192
2 1588
3 1291
3 1929
4 134
4 838
4 1205
4 1402
5 702
5 715
5 1457
6 309
6 399
6 1030
7 32
7 118
7 145
7 290
7 1018
7 1703
8 883
9 246
9 424
9 643
9 1421
9 1702
9 1982
10 1159
10 1986
11 167
11 1266
11 1412
12 184
12 555
12 905
12 1489
13 160
13 195
13 1460
14 385
14 403
14 451
14 826
14 1354
14 1443
14 1622
15 37
15 54
15 676
15 841
15 1659
15 1693
15 1719
17 142
17 1995
18 278
18 1188
18 1514
19 452
19 522
19 973
20 747
20 953
20 1403
21 371
21 458
21 694
21 1897
22 1444
22 1679
23 1416
24 502
24 913
24 1120
24 1180
24 1227
24 1778
24 1787
24 1883
24 1940
25 357
25 540
25 1363
25 1612
26 1479
26 1613
26 1938
27 136
27 584
27 1715
27 1872
28 891
28 1489
28 1565
29 566
29 1143
29 1179
29 1575
30 113
30 355
30 482
30 1202
30 1776
31 53
31 1590
31 1594
32 242
32 988
32 1440
32 1449
33 235
33 612
33 642
33 692
33 1258
33 1325
34 557
35 539
35 925
35 1443
35 1638
36 1459
36 1479
37 715
37 844
37 959
37 1549
38 486
38 1817
38 1874
39 885
39 1507
39 1759
40 538
40 685
40 846
40 1424
40 1930
41 337
41 386
41 430
41 1370
41 1831
41 1916
42 982
43 1505
44 1157
44 1483
45 503
45 943
46 705
47 244
47 408
48 459
48 1358
48 1595
50 124
50 326
50 375
50 1901
51 242
51 1085
51 1136
51 1897
52 323
52 629
52 682
52 1195
53 124
53 192
53 303
53 1899
54 1745
54 1976
55 1734
56 697
56 788
56 1280
56 1564
56 1714
56 1852
57 347
57 598
57 717
57 1273
57 1286
57 1447
57 1795
58 1714
59 638
59 1228
60 1252
61 653
61 1455
61 1578
62 1526
63 535
63 979
64 594
64 742
64 1631
64 1960
65 162
65 457
65 546
65 1938
66 164
66 313
66 662
66 1058
67 792
67 1217
67 1473
67 1503
68 203
68 1062
68 1397
69 299
69 792
70 337
70 383
70 1553
70 1985
71 1966
72 212
72 804
72 1168
73 401
73 1080
73 1650
74 259
74 1094
74 1411
75 777
75 1987
76 235
76 708
76 904
76 1211
76 1272
77 482
77 1484
78 143
78 240
78 417
78 1448
80 199
80 1398
80 1597
80 1727
80 1814
81 1810
82 570
82 1012
83 450
83 1676
84 197
84 308
84 364
84 432
84 473
84 899
84 928
84 1488
84 1802
85 167
85 652
85 1046
85 1460
85 1713
85 1850
86 237
86 724
86 1028
86 1180
87 219
87 776
87 1579
87 1872
88 255
88 512
88 1136
88 1730
89 789
89 1944
90 740
90 1456
91 272
91 362
91 658
91 907
91 1590
92 165
92 817
93 233
95 1257
95 1761
96 439
96 472
97 350
97 505
97 947
97 1290
98 1111
98 1933
99 253
99 1539
99 1782
100 563
100 649
100 1163
100 1400
101 448
101 1173
101 1550
101 1757
102 387
102 521
102 623
102 662
104 154
104 893
104 914
105 514
105 1231
105 1535
106 1488
106 1723
106 1975
108 582
108 824
108 1099
109 588
109 1699
109 1986
110 723
110 795
110 1129
110 1561
110 1984
111 168
111 1086
112 1331
113 546
114 1446
114 1458
115 1449
116 117
116 192
116 588
117 190
117 1923
118 267
118 676
118 1670
118 1882
119 1530
119 1734
120 1341
121 1461
122 781
122 1799
122 1933
123 139
123 692
123 1454
124 623
124 1556
125 1073
125 1350
126 788
126 1587
126 1609
126 1836
127 363
127 518
127 1692
128 222
128 387
128 1874
128 1991
129 172
129 416
129 819
129 1281
129 1400
130 638
130 1792
131 441
132 541
132 764
132 816
132 1600
133 1547
133 1673
133 1707
134 1278
135 616
135 813
135 1701
136 841
136 1072
136 1150
136 1185
137 609
137 658
137 1564
137 1991
138 533
138 562
138 868
138 1861
139 586
140 655
141 243
141 322
141 936
141 1246
141 1819
142 287
142 657
142 1604
142 1657
143 750
143 1123
144 325
144 568
144 769
144 944
144 1797
145 387
145 474
145 1948
146 190
146 316
146 1250
147 1075
147 1129
147 1671
149 1203
149 1463
149 1724
150 159
151 570
152 202
152 503
152 749
153 256
153 607
154 227
154 1412
155 1414
156 234
156 1380
156 1813
156 1878
157 727
158 1412
159 749
159 1512
160 332
160 923
161 1940
162 373
162 1364
162 1857
163 695
163 1776
163 1806
164 200
164 553
164 1104
164 1454
164 1828
164 1943
165 199
165 728
165 858
165 980
165 1234
165 1843
165 1945
166 449
166 834
166 962
166 1438
166 1542
167 247
167 862
167 1302
168 1030
168 1455
169 746
169 926
169 970
169 1017
169 1039
169 1781
170 316
170 491
170 1164
170 1749
170 1814
170 1953
171 597
171 997
171 1041
171 1224
171 1923
174 435
174 1646
174 1860
175 469
175 913
175 920
175 1060
175 1181
175 1378
176 305
176 733
176 1685
177 1035
177 1086
177 1620
177 1800
178 765
178 1186
178 1613
179 929
179 1178
179 1893
180 1119
180 1544
180 1772
181 467
181 680
181 774
181 796
181 953
181 980
181 1798
182 719
182 1065
182 1535
183 859
183 1246
183 1756
183 1817
183 1865
184 401
184 1477
185 552
185 832
185 1234
186 1449
186 1608
187 869
187 871
188 327
188 1140
188 1818
189 397
189 448
189 945
189 1377
190 273
190 1030
190 1109
190 1630
190 1758
191 1138
191 1894
192 1170
193 877
193 1088
194 304
194 1099
194 1958
195 1551
195 1815
195 1846
195 1856
196 777
196 1239
196 1623
196 1784
197 556
199 373
199 655
200 206
200 250
200 803
200 912
201 713
201 1837
202 431
202 859
202 1562
204 462
204 471
204 1958
205 271
205 658
205 1044
205 1160
205 1166
206 253
206 1549
206 1753
207 387
207 440
208 1399
208 1557
208 1780
208 1786
209 1505
210 1253
211 529
212 822
212 1095
212 1232
213 248
213 1547
214 1780
215 914
215 1144
215 1186
215 1653
215 1997
216 1411
216 1888
217 648
217 721
217 1277
217 1922
218 456
218 694
218 1025
218 1486
219 244
219 1293
219 1925
220 1134
220 1981
221 330
221 340
221 484
221 1689
223 874
223 1766
223 1888
224 540
224 800
224 1894
224 1901
225 357
225 534
225 1379
226 294
226 1521
226 1594
227 331
227 1285
227 1835
227 1962
228 403
228 858
229 1222
229 1711
230 587
230 661
231 1135
231 1622
232 250
232 565
232 566
232 682
232 769
232 1165
233 659
233 1554
234 324
234 1978
235 687
235 1113
235 1809
235 1835
235 1869
236 749
236 1319
236 1670
237 640
237 1283
237 1871
238 323
238 567
238 1100
239 350
239 1298
240 969
240 1238
241 1180
241 1343
242 863
242 1659
243 1360
245 1010
245 1583
245 1652
246 248
246 1218
247 550
247 930
247 1640
247 1705
248 307
248 472
249 1354
249 1405
250 314
250 352
250 417
250 627
250 1812
250 1830
252 662
253 600
253 1957
254 1135
254 1422
255 795
255 1316
255 1502
256 630
257 474
257 1206
257 1383
257 1660
257 1998
258 333
258 1866
258 1875
259 528
259 1449
260 406
260 437
260 740
260 756
260 1042
260 1315
260 1364
260 1528
262 424
262 1439
262 1573
263 280
263 878
263 1055
263 1140
264 810
265 1668
266 392
266 1165
267 1580
267 1642
268 1095
268 1440
268 1964
269 913
269 1283
269 1912
270 336
270 846
270 1805
271 1621
271 1651
272 1037
272 1311
272 1623
273 882
273 1672
274 294
274 445
274 1241
274 1421
274 1799
275 370
275 1389
275 1570
276 1050
276 1102
277 890
278 406
278 557
278 949
278 1518
279 1242
280 1102
281 1810
281 1896
283 386
283 1587
283 1720
283 1824
284 395
284 848
284 954
284 1180
285 648
285 893
286 325
286 543
286 706
286 807
286 918
286 1495
286 1514
287 952
287 1208
287 1514
287 1835
288 519
288 1035
289 698
289 1740
290 965
290 1336
290 1656
291 497
291 640
291 736
292 955
292 1625
293 684
293 1304
293 1512
293 1530
294 579
294 1257
296 940
296 1331
296 1500
297 1002
298 392
298 1121
299 1993
300 650
300 821
300 1303
300 1628
300 1810
300 1908
301 441
302 690
303 1380
304 854
304 1706
305 1945
306 539
307 888
307 1450
307 1469
308 425
308 917
308 1125
308 1268
309 470
309 1805
310 1176
310 1785
311 383
311 673
311 948
311 1302
311 1312
311 1908
312 540
314 510
314 1030
314 1145
315 1185
315 1394
316 874
317 1661
317 1743
317 1952
318 446
318 1700
320 980
320 1593
321 609
321 1516
321 1782
322 1445
323 341
323 1118
323 1476
323 1514
323 1828
324 843
324 1207
324 1698
325 798
325 1543
326 626
328 1343
328 1382
329 1558
329 1577
329 1595
329 1750
329 1892
329 1905
330 531
330 567
330 1019
331 484
331 1030
332 1026
333 406
333 431
333 469
334 1359
335 1230
335 1244
336 470
336 1153
337 719
337 1409
337 1688
337 1815
338 570
338 977
338 1144
339 1074
340 604
340 1417
340 1451
340 1892
341 1910
342 880
342 1080
342 1912
343 363
343 1255
344 445
344 1530
344 1912
345 405
346 713
346 1198
347 772
347 832
348 350
348 1132
348 1234
348 1775
351 541
351 1277
352 1096
352 1775
352 1863
352 1992
353 634
353 849
354 900
354 989
354 1998
355 635
355 1273
355 1923
356 397
356 1865
357 1108
358 514
358 524
358 1597
358 1932
359 840
359 1044
359 1365
359 1608
360 1027
360 1109
360 1969
362 592
362 1083
364 1804
365 654
365 990
366 734
366 1988
367 1104
367 1699
367 1822
368 988
368 1354
368 1791
370 1340
370 1969
371 738
371 796
372 1237
372 1992
375 897
375 1878
376 1229
377 1207
377 1543
377 1810
379 1741
380 1712
381 1667
382 1312
383 1181
384 1397
385 1541
385 1856
386 667
386 781
387 677
387 1076
387 1904
388 498
388 1078
388 1536
389 873
389 949
389 1745
389 1888
390 657
390 1260
393 611
393 1440
393 1630
393 1874
394 1483
395 1540
395 1574
395 1904
396 471
396 1626
396 1733
396 1933
397 1747
398 474
398 1090
398 1583
399 1837
399 1978
400 1094
400 1725
401 1125
401 1949
402 1665
403 979
403 1191
403 1987
404 850
404 1039
406 876
406 1009
406 1317
407 441
408 1481
408 1526
409 1540
409 1593
409 1811
410 676
410 1163
410 1617
411 460
411 990
411 1771
412 1304
412 1555
412 1900
413 543
413 1469
415 1970
416 549
416 975
416 1262
416 1324
416 1363
416 1798
418 1038
418 1059
419 917
420 1019
420 1953
421 1076
423 880
423 989
424 550
425 567
425 1574
426 1676
426 1769
427 551
427 654
427 1140
427 1485
428 1634
429 1586
430 1008
430 1746
430 1885
432 456
432 1226
433 1038
433 1134
433 1836
434 999
434 1821
434 1840
434 1913
435 662
435 1413
435 1416
436 1410
437 924
438 590
438 718
438 1924
439 795
439 848
439 1731
440 568
440 856
440 1111
440 1220
441 640
441 967
441 979
441 1460
441 1477
441 1734
443 772
443 1275
443 1627
444 533
445 448
445 1056
445 1069
445 1639
446 789
446 1548
446 1634
447 894
447 1812
448 1932
449 1735
450 1160
450 1361
450 1472
450 1595
450 1698
450 1826
452 625
452 627
452 948
452 1179
452 1394
453 827
453 1071
454 850
454 1003
454 1184
454 1428
455 636
455 809
455 926
455 1260
456 941
456 1205
456 1976
457 1060
457 1769
458 1050
458 1911
458 1965
459 1491
459 1653
459 1844
461 890
461 1373
461 1487
462 634
462 1156
462 1432
463 998
465 1802
467 1462
467 1648
467 1766
467 1832
467 1910
468 1106
468 1762
469 1151
469 1391
469 1815
472 1337
473 857
473 1261
476 554
476 955
477 594
477 714
477 812
477 846
477 1320
477 1467
478 720
478 811
478 1197
480 1769
481 644
481 785
483 509
483 701
483 800
483 1698
484 1505
484 1916
485 1159
487 1291
488 1428
489 1338
489 1861
490 732
490 1100
491 731
491 1252
491 1882
492 1622
493 526
493 763
493 916
493 1247
494 1571
495 507
495 672
495 1379
496 556
496 1753
497 648
497 803
497 1034
497 1511
497 1540
498 1124
499 814
501 1306
501 1613
502 570
502 640
502 1744
503 572
503 1298
503 1859
503 1871
504 1959
505 1224
505 1259
505 1845
506 1730
507 1461
508 1335
508 1923
509 1948
509 1999
510 857
511 650
511 945
511 1874
513 689
513 757
513 921
514 682
514 796
514 1516
514 1668
515 662
516 600
516 1127
516 1617
517 1918
518 725
518 946
518 1237
518 1683
519 587
519 858
520 809
520 1828
521 616
521 1630
522 1253
522 1719
524 766
524 1009
524 1027
525 1686
526 1095
526 1121
526 1286
526 1457
527 782
527 1673
528 674
528 1242
528 1596
529 736
530 1676
531 1675
531 1860
532 1301
534 1963
535 1040
535 1364
536 618
536 1758
537 619
537 833
537 861
537 1536
539 1130
539 1420
539 1775
540 1277
541 1052
541 1131
541 1686
541 1844
541 1965
542 819
542 1782
543 1273
543 1975
544 663
544 939
544 1439
544 1660
544 1714
545 1496
545 1569
545 1725
546 799
546 1758
546 1763
548 555
548 1741
549 869
549 1019
550 681
550 741
550 881
550 929
550 1099
550 1733
551 666
551 776
551 1730
552 594
552 1016
552 1239
552 1618
552 1742
553 1666
553 1833
554 566
554 774
554 884
555 1084
556 1872
557 844
557 1295
557 1722
557 1873
558 736
558 813
558 1613
558 1729
559 635
559 1277
559 1401
560 1427
560 1839
560 1904
560 1941
561 582
561 1208
561 1307
561 1323
561 1434
561 1646
562 855
562 1544
562 1846
563 1481
563 1744
563 1876
564 675
564 807
564 974
564 1538
565 868
566 1201
566 1755
567 873
567 906
567 1167
568 1822
569 665
569 1283
569 1426
570 1048
571 1047
571 1337
571 1373
572 1192
572 1433
573 813
573 945
573 1147
574 731
574 1791
574 1837
575 978
575 1216
577 1652
578 626
578 1209
578 1633
578 1775
578 1802
579 718
579 1771
580 1186
580 1272
580 1641
581 694
582 1558
583 842
583 1227
583 1232
583 1980
584 1063
584 1121
584 1651
585 849
585 1298
585 1993
586 757
586 963
586 1128
586 1245
586 1758
587 691
587 1398
587 1534
587 1975
588 1298
589 904
590 623
590 699
592 1682
592 1708
592 1819
592 1902
592 1963
593 1309
593 1962
594 1412
595 764
596 1082
597 757
598 1084
599 612
599 1173
600 1582
600 1915
600 1980
601 721
602 891
602 1891
603 1497
603 1727
603 1764
604 882
604 1565
604 1750
605 717
605 1073
605 1857
606 830
606 1818
606 1941
607 677
607 1027
607 1719
607 1786
607 1843
608 1514
609 1119
609 1523
610 840
611 1121
611 1841
612 1803
613 1264
613 1849
614 886
614 1791
614 1970
615 660
615 1751
616 739
616 1422
616 1517
617 1512
617 1717
617 1927
618 695
618 1448
619 938
619 1464
620 629
620 774
620 1123
620 1133
620 1781
622 869
622 1243
622 1482
623 1398
623 1524
623 1894
624 1389
625 1125
625 1268
625 1347
625 1678
625 1707
625 1995
626 1098
626 1331
626 1697
626 1705
627 1700
627 1895
628 1324
629 892
630 787
630 1168
630 1181
630 1321
630 1577
631 1494
631 1915
632 769
632 1314
632 1418
633 1316
633 1768
634 1026
634 1618
635 651
635 724
635 1153
636 805
636 1729
637 1027
637 1032
637 1513
637 1770
638 1032
638 1462
638 1934
639 908
639 1984
640 1111
640 1203
640 1772
640 1837
641 843
641 1378
642 1559
642 1609
644 794
644 837
644 984
644 1654
644 1980
645 1611
645 1713
645 1744
645 1953
646 1155
647 1106
647 1658
648 1450
648 1578
649 1036
649 1444
649 1782
650 700
650 757
650 1807
651 995
651 1523
651 1988
653 953
653 1328
653 1393
654 1547
654 1841
655 1223
656 730
657 670
657 1165
657 1768
658 976
658 1685
659 1370
659 1441
659 1564
659 1741
659 1805
659 1925
659 1937
660 1727
661 1382
661 1543
661 1816
661 1966
663 1234
663 1296
663 1777
664 1543
665 1661
666 1278
666 1739
667 985
669 772
669 1668
670 1089
670 1333
672 1832
673 1507
673 1513
674 1459
674 1711
675 1073
676 1686
678 1449
679 1035
679 1510
679 1546
679 1618
679 1857
680 1168
680 1363
680 1399
680 1423
681 992
682 841
682 1203
683 1306
684 1047
685 915
685 996
686 751
687 1132
687 1492
688 973
688 1050
688 1761
688 1799
689 1032
689 1108
689 1379
690 1344
690 1353
691 736
692 946
692 995
692 1301
692 1497
692 1787
693 822
693 849
693 1439
694 730
694 1211
694 1628
694 1637
694 1677
695 1031
696 933
698 1704
699 1313
700 933
701 1964
702 834
703 1242
703 1269
703 1626
704 1841
705 912
705 1137
706 1022
706 1301
706 1892
707 1313
707 1563
708 1584
708 1643
708 1662
709 831
709 1329
709 1367
709 1498
710 886
711 1709
712 876
712 1042
712 1686
712 1719
712 1815
713 864
713 1066
714 1334
715 1423
715 1554
715 1897
716 1588
716 1929
717 768
717 1399
718 1147
718 1853
719 1003
719 1098
722 1376
724 862
724 1497
724 1982
727 1295
727 1470
727 1574
728 1595
728 1628
729 924
729 1727
729 1868
729 1896
730 1489
731 967
731 1310
731 1489
731 1591
733 982
733 1156
733 1212
735 1280
735 1543
736 1207
737 979
737 1568
737 1756
737 1836
738 777
738 1190
741 986
742 850
742 963
742 1052
742 1714
742 1990
743 1310
743 1853
744 1398
746 1233
746 1473
746 1745
747 853
747 1387
748 1020
748 1882
750 937
750 1889
751 1349
751 1377
751 1398
751 1545
751 1804
752 785
752 1400
753 1366
754 1267
755 1280
755 1564
755 1593
756 1464
757 1283
757 1837
758 1508
759 765
759 1130
759 1134
759 1424
759 1488
760 1203
761 808
761 950
762 915
763 1215
763 1355
763 1924
764 839
764 1034
764 1173
764 1767
767 1461
768 1577
768 1617
768 1864
770 919
770 1514
772 1000
772 1788
773 1165
773 1247
774 1611
774 1896
775 1244
775 1934
776 1107
776 1314
776 1353
776 1731
776 1847
777 927
777 1123
777 1254
778 1405
779 1462
779 1884
780 1183
780 1427
780 1574
780 1694
780 1759
780 1886
781 1375
781 1457
781 1685
781 1732
782 851
782 953
782 1194
782 1700
782 1878
783 1864
784 788
784 1007
784 1238
784 1513
784 1715
784 1732
785 1380
785 1924
786 1359
786 1605
787 1518
788 908
788 1069
788 1627
789 1072
790 1279
791 1178
792 1603
792 1763
793 1688
795 938
795 1922
796 1809
798 1396
798 1462
798 1552
798 1748
799 912
799 964
799 1755
800 1017
800 1387
800 1877
800 1975
801 843
801 886
801 959
801 1007
801 1920
802 1203
802 1247
802 1903
803 1405
803 1914
806 863
806 1006
806 1618
807 865
807 1662
808 876
808 1473
809 1054
809 1188
809 1408
809 1818
810 1704
810 1970
811 1224
811 1640
811 1650
811 1718
812 1215
812 1341
813 1673
813 1796
817 839
817 1438
818 1252
818 1348
818 1516
820 1524
822 979
824 1183
824 1722
825 1850
826 1000
827 1052
827 1151
827 1221
827 1460
828 1077
829 1077
829 1316
830 1101
830 1212
830 1643
831 1235
831 1876
832 1237
834 890
834 995
834 1281
834 1624
835 929
835 1353
836 876
836 977
836 1283
836 1305
836 1637
836 1764
837 1842
838 1458
839 1721
839 1730
839 1850
840 849
840 1229
840 1506
841 1043
841 1408
842 1372
843 888
843 1186
843 1385
843 1881
843 1949
844 1208
844 1493
846 975
846 1039
846 1545
847 1186
847 1304
847 1892
848 1899
850 1144
851 953
851 1175
851 1867
852 1207
852 1261
852 1301
852 1321
852 1484
854 1427
856 1025
856 1283
857 1613
857 1871
858 950
858 1298
858 1422
858 1785
858 1853
860 899
860 1094
860 1435
861 1555
861 1704
861 1842
864 1808
865 988
865 1726
866 1009
866 1075
866 1764
867 1613
867 1983
868 1252
868 1900
869 1077
869 1110
869 1538
869 1846
870 1350
871 987
871 1485
872 1027
872 1112
872 1559
872 1620
872 1887
873 926
873 1309
873 1459
873 1605
874 1925
878 1528
881 897
882 927
882 1437
882 1741
883 1072
883 1493
883 1863
884 1235
885 1556
886 899
886 991
886 1104
887 1651
888 1849
889 1069
889 1672
890 1152
891 1359
891 1782
891 1865
892 937
892 1176
892 1840
894 1944
895 1381
895 1932
896 1977
897 940
897 1382
897 1733
897 1792
898 1376
899 1080
900 1354
901 1428
903 1195
904 993
906 1667
908 1264
908 1976
910 1359
910 1752
911 1432
913 1036
913 1197
913 1909
914 1190
914 1835
916 980
916 1921
917 950
919 1140
920 1289
920 1298
921 1246
922 1051
922 1832
924 1151
924 1880
925 1474
925 1508
926 1324
926 1330
926 1539
926 1828
927 1569
927 1810
927 1932
929 1745
931 1546
932 962
932 1463
932 1894
934 1302
935 1553
937 990
937 1096
939 1027
939 1129
939 1376
940 1054
940 1195
940 1561
940 1598
940 1727
941 1499
941 1597
941 1912
941 1920
942 1414
943 1744
945 1252
945 1525
945 1594
945 1682
947 1458
947 1803
948 1272
949 1006
950 1797
951 1289
951 1344
951 1433
952 1553
952 1957
953 1291
953 1765
953 1838
954 1063
954 1458
956 1900
956 1917
957 1272
958 1091
958 1676
958 1757
959 1143
959 1980
960 1199
961 1868
961 1910
964 1184
964 1219
964 1232
964 1272
964 1518
964 1790
964 1818
964 1833
966 1304
966 1668
966 1885
967 1685
968 1721
968 1855
969 1852
970 1950
970 1962
973 1113
973 1282
974 1880
976 1650
978 1168
978 1722
979 1416
979 1531
980 1290
980 1537
981 1211
981 1240
981 1958
982 1400
982 1652
983 1220
983 1458
983 1641
983 1684
984 1696
985 1891
986 1987
988 1125
988 1547
988 1736
988 1753
988 1955
989 1905
990 1296
991 1444
991 1693
992 1891
993 1781
994 1763
994 1805
995 1056
995 1574
995 1806
995 1888
996 1046
996 1414
996 1743
997 1466
998 1093
998 1819
999 1648
999 1810
1003 1319
1003 1560
1003 1948
1004 1475
1005 1133
1005 1501
1005 1935
1006 1598
1006 1601
1007 1298
1008 1341
1008 1440
1008 1827
1008 1993
1009 1459
1009 1701
1009 1939
1010 1298
1011 1815
1012 1164
1012 1528
1012 1582
1012 1596
1012 1676
1013 1126
1014 1951
1015 1164
1016 1089
1016 1169
1017 1641
1017 1868
1018 1208
1018 1311
1018 1436
1018 1810
1019 1446
1019 1739
1019 1806
1019 1882
1022 1150
1022 1216
1023 1050
1023 1427
1023 1496
1024 1337
1024 1509
1024 1531
1024 1832
1025 1088
1025 1700
1026 1116
1026 1128
1026 1472
1027 1482
1028 1195
1028 1425
1028 1491
1029 1696
1030 1660
1031 1705
1031 1955
1032 1153
1032 1355
1032 1723
1035 1559
1035 1988
1036 1244
1037 1253
1037 1373
1038 1294
1039 1463
1040 1701
1040 1875
1042 1588
1043 1232
1043 1818
1043 1916
1045 1449
1046 1853
1047 1105
1047 1162
1047 1880
1048 1780
1049 1087
1051 1293
1053 1828
1053 1848
1053 1998
1054 1846
1056 1365
1056 1610
1056 1754
1057 1920
1058 1245
1059 1910
1061 1137
1061 1430
1064 1420
1064 1631
1065 1478
1066 1147
1066 1376
1066 1506
1066 1554
1066 1756
1067 1195
1067 1566
1067 1600
1069 1086
1069 1894
1070 1198
1070 1762
1070 1885
1072 1850
1074 1165
1074 1820
1075 1261
1075 1656
1077 1536
1079 1938
1080 1201
1080 1562
1081 1221
1082 1167
1084 1593
1085 1298
1085 1787
1085 1820
1086 1317
1086 1378
1086 1549
1087 1312
1088 1318
1088 1492
1088 1690
1088 1775
1088 1859
1089 1189
1090 1455
1090 1654
1091 1689
1091 1955
1092 1604
1093 1132
1094 1272
1094 1627
1094 1729
1096 1182
1096 1770
1096 1856
1097 1139
1097 1411
1099 1393
1102 1145
1103 1652
1104 1304
1104 1924
1105 1449
1107 1348
1107 1850
1108 1164
1109 1295
1109 1432
1109 1596
1109 1865
1111 1278
1112 1648
1112 1901
1113 1222
1115 1819
1116 1455
1117 1924
1117 1953
1118 1462
1118 1556
1119 1136
1121 1438
1121 1967
1122 1189
1122 1408
1122 1806
1123 1301
1123 1950
1124 1240
1124 1519
1125 1337
1125 1765
1126 1919
1127 1499
1128 1961
1130 1364
1131 1820
1132 1384
1132 1648
1132 1756
1133 1627
1133 1890
1134 1801
1136 1149
1136 1353
1137 1362
1137 1664
1138 1809
1139 1520
1141 1153
1141 1216
1143 1437
1143 1531
1144 1488
1144 1810
1146 1475
1147 1822
1151 1666
1151 1759
1152 1692
1154 1531
1154 1983
1155 1970
1158 1164
1158 1348
1158 1999
1159 1337
1159 1430
1159 1943
1159 1953
1161 1217
1162 1777
1163 1265
1163 1884
1164 1321
1164 1640
1164 1768
1164 1773
1165 1382
1166 1653
1167 1206
1168 1254
1168 1988
1169 1859
1169 1957
1171 1383
1171 1697
1171 1797
1171 1876
1172 1347
1172 1797
1173 1797
1174 1380
1176 1754
1179 1507
1179 1574
1179 1683
1180 1985
1181 1729
1183 1652
1185 1430
1186 1254
1187 1302
1188 1540
1189 1806
1189 1952
1190 1241
1191 1484
1191 1602
1191 1721
1191 1908
1192 1332
1192 1763
1193 1491
1195 1460
1196 1511
1196 1598
1196 1762
1196 1923
1197 1508
1198 1255
1198 1736
1198 1871
1199 1332
1199 1430
1199 1662
1199 1762
1200 1693
1203 1675
1203 1975
1204 1506
1204 1879
1205 1289
1206 1591
1206 1610
1207 1763
1208 1354
1211 1334
1214 1947
1215 1286
1216 1292
1216 1423
1219 1333
1221 1732
1223 1881
1224 1621
1225 1871
1226 1435
1227 1274
1227 1364
1228 1379
1228 1951
1229 1326
1230 1602
1231 1446
1232 1658
1232 1717
1232 1797
1233 1578
1234 1293
1234 1608
1234 1843
1235 1722
1235 1792
1236 1577
1237 1488
1238 1825
1239 1407
1240 1916
1241 1655
1241 1851
1242 1407
1243 1555
1244 1394
1244 1648
1244 1754
1244 1937
1246 1674
1247 1466
1249 1332
1249 1623
1249 1885
1251 1424
1252 1320
1252 1408
1253 1391
1253 1587
1254 1593
1254 1618
1255 1681
1255 1972
1256 1298
1256 1552
1256 1880
1258 1687
1258 1979
1259 1418
1259 1708
1260 1387
1262 1743
1264 1382
1266 1271
1266 1350
1268 1647
1269 1309
1269 1322
1270 1278
1270 1285
1270 1700
1270 1888
1271 1649
1272 1377
1272 1599
1272 1885
1279 1634
1280 1507
1283 1618
1283 1640
1283 1853
1284 1482
1285 1587
1286 1534
1288 1340
1288 1463
1288 1473
1291 1893
1291 1998
1292 1513
1293 1744
1293 1932
1296 1862
1297 1332
1297 1475
1298 1646
1298 1735
1299 1632
1301 1473
1301 1876
1304 1549
1305 1776
1306 1362
1306 1364
1306 1491
1306 1645
1306 1919
1307 1725
1312 1565
1312 1669
1313 1840
1317 1409
1317 1545
1318 1542
1319 1852
1320 1819
1321 1628
1321 1814
1322 1876
1323 1900
1324 1751
1325 1884
1325 1951
1328 1436
1329 1811
1329 1882
1330 1339
1331 1809
1331 1842
1332 1930
1334 1939
1334 1989
1338 1615
1338 1629
1339 1476
1340 1742
1340 1862
1341 1605
1341 1853
1342 1735
1343 1661
1344 1410
1345 1879
1346 1718
1347 1367
1347 1398
1348 1792
1351 1376
1353 1546
1353 1757
1355 1476
1357 1414
1358 1894
1359 1374
1359 1441
1360 1947
1361 1517
1361 1718
1362 1804
1364 1629
1366 1462
1366 1963
1366 1970
1367 1710
1368 1655
1368 1907
1369 1769
1370 1466
1370 1632
1370 1794
1371 1537
1371 1797
1371 1879
1372 1505
1373 1504
1374 1787
1376 1761
1376 1872
1378 1640
1378 1886
1379 1441
1379 1574
1379 1881
1381 1427
1383 1514
1383 1915
1384 1413
1384 1516
1384 1556
1388 1586
1388 1947
1391 1580
1391 1887
1391 1931
1393 1462
1393 1609
1396 1492
1396 1826
1396 1882
1397 1417
1399 1606
1399 1616
1400 1428
1401 1477
1404 1954
1405 1567
1405 1616
1405 1726
1406 1729
1409 1514
1411 1961
1412 1553
1415 1964
1416 1568
1416 1948
1418 1685
1419 1838
1419 1853
1420 1604
1420 1702
1420 1946
1421 1942
1423 1799
1424 1605
1426 1486
1426 1934
1428 1429
1428 1753
1428 1811
1429 1585
1429 1638
1430 1751
1435 1458
1435 1907
1436 1611
1436 1745
1438 1894
1440 1503
1441 1880
1442 1822
1443 1455
1443 1952
1444 1923
1445 1815
1445 1828
1447 1587
1447 1814
1448 1771
1455 1519
1457 1466
1457 1608
1457 1978
1459 1942
1460 1554
1460 1876
1464 1687
1464 1801
1464 1838
1464 1955
1467 1643
1467 1677
1470 1577
1471 1726
1472 1491
1473 1780
1475 1558
1475 1740
1476 1800
1477 1688
1480 1573
1483 1897
1485 1504
1490 1544
1490 1733
1490 1782
1491 1835
1492 1753
1492 1839
1492 1901
1493 1850
1494 1645
1495 1910
1496 1889
1497 1584
1498 1513
1498 1527
1498 1915
1501 1538
1503 1861
1504 1510
1506 1709
1507 1673
1507 1762
1508 1524
1508 1949
1509 1554
1510 1575
1510 1641
1512 1517
1515 1576
1517 1561
1518 1963
1521 1901
1522 1789
1522 1863
1522 1869
1524 1841
1525 1732
1527 1962
1528 1605
1529 1925
1533 1771
1535 1829
1535 1984
1536 1758
1541 1919
1544 1631
1544 1934
1546 1760
1547 1825
1547 1858
1549 1660
1549 1723
1550 1942
1552 1677
1555 1630
1555 1707
1556 1882
1558 1583
1558 1816
1561 1790
1563 1718
1563 1828
1564 1808
1564 1981
1566 1970
1571 1702
1578 1628
1578 1631
1578 1777
1579 1721
1581 1823
1581 1941
1582 1649
1582 1844
1583 1700
1585 1700
1587 1629
1588 1909
1589 1726
1591 1611
1594 1708
1594 1941
1596 1638
1597 1781
1598 1671
1598 1805
1601 1708
1601 1715
1604 1632
1605 1719
1606 1607
1606 1924
1607 1854
1610 1790
1613 1792
1613 1925
1617 1702
1617 1827
1617 1882
1622 1825
1623 1864
1625 1863
1627 1919
1628 1750
1631 1678
1631 1960
1632 1723
1633 1810
1635 1993
1638 1777
1639 1670
1639 1959
1642 1977
1643 1652
1643 1887
1644 1872
1646 1702
1646 1820
1646 1904
1652 1655
1653 1803
1654 1950
1655 1811
1660 1799
1660 1928
1662 1714
1668 1715
1673 1871
1673 1985
1674 1987
1675 1730
1675 1963
1676 1785
1682 1948
1688 1939
1692 1881
1693 1793
1694 1789
1696 1845
1697 1897
1700 1781
1701 1938
1705 1919
1707 1745
1711 1716
1711 1995
1712 1948
1714 1972
1716 1897
1716 1927
1721 1809
1722 1798
1724 1932
1724 1939
1725 1871
1726 1898
1727 1991
1729 1810
1741 1841
1742 1942
1744 1996
1747 1943
1750 1780
1753 1867
1755 1840
1758 1835
1760 1886
1764 1766
1766 1946
1770 1799
1778 1990
1779 1805
1779 1924
1780 1844
1784 1999
1793 1814
1794 1883
1794 1981
1797 1851
1797 1857
1797 1961
1802 1881
1819 1975
1823 1840
1840 1968
1841 1863
1841 1945
1842 1979
1845 1945
1849 1931
1852 1979
1853 1866
1887 1940
1888 1996
1889 1933
1901 1924
1904 1973
1933 1937
1950 1987
1954 1975
1964 1983
1968 1991
1975 1980
