2000 3037
32
38
100
92
97
44
32
58
65
11
34
48
46
96
66
46
47
53
37
34
4
95
11
47
4
92
32
13
55
94
42
69
48
81
97
88
89
60
10
48
83
18
95
83
33
98
2
90
96
29
40
52
49
93
9
25
36
2
41
57
66
72
23
80
39
28
85
55
26
58
45
79
96
92
96
76
90
65
34
13
50
75
83
75
88
39
80
60
48
7
90
23
98
98
60
11
28
78
38
99
79
98
13
13
86
34
11
51
6
19
15
85
95
99
41
37
84
49
12
37
29
35
36
17
56
18
12
77
40
87
58
69
33
18
2
31
49
91
82
43
18
51
74
85
36
49
3
92
33
98
1
44
97
85
35
70
25
77
23
72
92
68
16
25
34
23
41
9
49
79
15
77
28
81
16
71
54
95
21
60
58
58
17
7
67
11
42
97
35
50
79
27
85
5
1
69
2
30
17
83
36
90
53
47
11
59
90
41
70
60
53
26
29
13
29
23
86
85
68
10
46
15
16
47
50
74
17
49
47
59
21
44
82
2
63
58
87
73
5
28
71
67
40
88
59
34
75
91
36
94
77
99
88
50
90
80
67
31
89
26
54
7
29
32
26
95
48
96
41
20
38
40
38
38
29
28
12
34
74
72
3
29
17
9
24
7
13
69
18
44
30
68
40
5
84
80
80
31
77
49
60
5
93
84
59
67
84
98
34
88
21
1
77
24
51
27
54
100
16
46
90
41
36
59
94
94
79
60
39
64
25
56
67
68
71
40
28
57
86
43
58
15
70
10
22
42
97
72
40
9
90
99
39
31
99
5
81
78
73
60
50
47
81
19
68
57
57
7
29
3
26
96
86
72
63
45
61
92
98
22
8
44
31
95
80
20
83
98
65
98
39
45
29
69
13
40
64
40
8
11
10
90
43
59
54
66
40
49
10
3
11
10
4
60
50
33
63
14
76
50
89
68
41
17
65
14
70
62
65
26
24
57
4
4
21
75
13
23
7
67
1
37
61
100
72
87
53
57
82
74
77
76
46
54
89
29
11
78
16
18
72
39
13
83
36
85
40
85
90
13
98
98
82
1
83
6
35
95
49
68
45
72
85
65
72
20
23
52
47
89
82
64
30
83
89
26
48
58
47
58
49
43
45
64
20
31
36
59
5
81
63
21
76
45
39
92
24
79
78
63
68
84
43
63
47
2
25
48
2
43
44
27
18
34
17
46
56
35
68
19
55
63
22
60
22
28
87
82
82
77
16
43
37
8
69
70
94
25
75
62
37
47
7
37
31
42
26
93
49
67
84
36
52
47
54
11
51
19
40
40
96
1
83
80
83
32
64
63
45
4
16
85
42
70
72
18
42
83
100
38
90
96
75
85
81
45
95
12
13
76
21
5
46
11
74
76
52
57
81
62
94
5
39
67
100
89
44
15
90
57
16
72
5
49
67
3
91
51
84
100
19
61
83
15
56
1
22
33
16
34
95
97
74
56
2
41
9
97
61
71
45
4
58
24
26
92
63
41
99
99
69
88
54
10
40
15
27
91
10
25
41
98
59
52
100
49
34
15
41
83
85
15
42
55
44
93
91
34
25
34
82
16
82
10
18
1
77
92
80
72
75
28
26
7
84
15
8
87
3
62
74
12
40
32
97
10
89
76
8
77
20
4
65
76
19
35
96
95
30
79
73
91
4
71
83
12
10
92
33
8
30
37
45
10
52
28
15
60
90
37
7
78
15
42
94
47
29
5
6
52
24
35
71
84
89
36
25
48
85
25
75
82
53
45
72
81
7
34
75
78
79
7
84
56
88
57
18
56
48
25
100
67
11
30
100
93
32
56
99
37
99
41
70
18
96
25
99
33
87
5
35
18
16
54
71
43
55
75
82
66
9
12
33
93
58
98
10
88
5
91
70
26
45
28
92
92
81
3
80
70
2
12
62
87
26
25
23
70
35
77
94
87
66
51
84
53
46
76
50
4
97
19
42
10
84
93
15
93
100
5
61
40
79
77
74
65
80
39
94
91
4
96
22
26
14
48
37
12
93
25
37
6
43
90
63
13
21
78
66
55
68
57
87
93
39
5
17
57
2
73
18
46
52
71
43
59
73
18
71
6
24
57
33
57
20
19
95
69
26
78
62
99
72
98
92
41
42
98
94
46
3
76
89
20
39
85
94
99
85
80
64
63
60
41
99
68
17
17
45
82
35
68
41
7
48
37
23
76
41
65
28
52
91
11
45
45
75
33
22
91
92
58
46
68
69
49
57
24
90
46
78
100
31
8
15
84
1
50
42
4
53
68
39
61
29
100
17
36
73
82
60
88
99
11
30
22
57
86
51
55
63
32
66
28
74
8
75
100
39
69
51
59
13
91
59
26
19
20
84
77
47
51
86
57
75
92
42
83
34
57
21
75
27
96
100
29
37
62
61
37
37
42
61
89
65
41
32
64
12
25
73
94
27
97
34
29
65
89
99
81
23
14
66
80
43
14
95
30
91
52
11
21
93
88
99
45
61
21
21
21
26
24
1
68
7
18
40
94
93
56
59
87
2
26
56
98
16
18
1
79
43
93
98
12
16
73
98
3
91
62
26
98
36
6
76
99
17
96
37
88
79
66
68
44
97
60
70
11
55
23
2
99
10
13
46
38
92
25
44
6
94
57
89
45
17
88
32
94
20
53
3
69
6
1
81
75
12
25
28
26
27
18
38
71
46
10
12
35
89
55
87
55
52
20
77
61
68
100
48
83
63
89
38
92
28
40
76
69
22
19
80
44
63
66
37
61
15
49
5
66
95
17
86
5
27
22
50
83
20
29
16
8
34
89
99
74
66
31
16
24
99
12
98
46
36
55
82
42
55
40
13
65
2
35
76
75
84
24
70
30
39
42
63
55
75
32
70
6
59
92
8
1
12
13
7
67
94
72
97
26
95
96
77
50
49
48
78
18
12
72
28
51
27
30
11
45
74
16
23
10
70
43
90
49
86
16
93
23
61
78
54
92
42
30
51
82
57
1
63
52
6
16
80
57
86
67
54
46
40
16
72
94
11
74
26
19
67
46
87
24
62
56
21
49
9
81
63
32
29
17
4
80
78
80
62
2
58
17
53
82
79
12
100
51
22
28
19
42
11
32
67
19
63
43
79
20
36
11
95
94
89
97
58
70
73
47
81
47
41
61
76
69
24
2
26
85
39
100
67
16
67
18
8
37
97
7
66
93
63
71
14
79
11
26
70
24
12
68
85
73
56
26
66
69
27
92
82
27
51
76
68
96
53
30
93
34
45
54
91
20
80
77
46
35
73
5
12
71
41
63
44
47
26
59
28
97
72
10
93
71
85
87
11
2
98
31
19
74
49
78
40
14
34
27
74
4
98
7
56
83
50
74
14
50
97
42
71
69
88
48
76
11
68
7
73
70
67
10
55
35
27
84
25
77
62
54
16
16
36
99
78
8
20
68
38
80
86
57
46
77
7
18
39
16
86
47
95
74
49
90
97
35
83
19
58
78
10
42
5
26
76
38
97
81
90
86
8
53
83
33
36
23
68
71
69
81
92
72
44
45
21
32
87
1
45
35
96
75
91
41
98
46
44
50
32
16
55
1
92
21
39
63
17
25
51
59
61
60
48
48
23
77
2
49
41
4
58
26
5
33
52
34
11
48
88
18
55
12
77
12
34
52
28
71
38
31
1
32
57
45
3
21
68
27
55
50
5
43
61
33
30
47
66
69
64
90
50
95
72
36
50
93
78
1
17
3
36
5
20
91
59
8
91
96
48
99
56
19
62
47
46
49
23
36
20
76
48
49
81
38
55
65
52
88
79
80
39
23
79
9
7
75
74
68
35
21
14
54
16
59
4
97
5
43
13
28
94
82
88
78
22
98
65
75
7
73
63
98
76
93
37
59
91
33
91
89
69
57
8
41
1
20
31
94
25
100
82
17
6
76
5
2
85
88
94
14
39
38
29
43
23
55
79
46
56
12
52
9
32
87
97
95
22
72
27
78
92
3
100
81
15
12
31
11
2
15
83
66
88
23
52
94
78
17
36
3
87
67
65
97
13
53
39
51
20
32
34
1
88
14
54
53
93
3
88
47
71
93
36
40
84
76
71
35
58
43
20
66
88
46
41
10
28
6
93
56
75
6
61
64
99
32
5
21
16
98
1
15
59
41
11
66
82
34
27
47
89
56
71
84
26
30
18
85
56
64
76
80
42
82
39
35
73
16
52
92
6
26
16
86
9
43
61
31
41
31
66
11
36
8
71
40
5
80
93
55
2
88
46
82
28
75
67
56
24
58
24
90
88
14
50
22
48
54
99
43
42
9
51
39
45
7
21
13
36
98
80
15
2
48
34
47
13
45
87
12
79
28
73
49
59
61
37
1
49
50
51
47
94
74
41
94
27
84
80
96
17
21
56
79
58
6
32
98
30
97
1
61
29
24
100
99
88
82
54
1
67
60
71
65
61
49
64
26
43
89
10
19
88
54
4
60
17
41
57
91
73
32
60
100
29
18
60
45
86
31
85
48
10
80
0 329
0 476
0 591
0 868
0 1013
0 1399
0 1977
1 754
1 1453
1 1690
1 1976
2 509
2 1277
2 1686
2 1699
3 21
3 275
3 298
3 324
3 550
3 946
3 1464
4 675
4 760
5 1421
5 1741
5 1884
6 1057
6 1778
6 1939
7 30
7 1153
8 520
8 1874
8 1949
9 1607
11 308
11 437
12 1199
13 219
13 1577
14 1257
14 1854
14 1904
15 811
15 1228
16 81
17 610
17 1942
18 82
18 139
18 704
19 442
19 798
19 1313
19 1604
20 392
20 821
20 1322
21 573
21 1140
22 57
22 359
22 536
22 1639
23 55
23 916
23 941
23 1118
23 1142
23 1488
23 1717
23 1967
24 1289
24 1896
25 362
25 459
25 685
25 989
25 1123
25 1175
25 1301
26 312
26 508
26 704
26 1196
26 1777
27 1795
27 1945
28 33
29 826
30 1537
31 32
31 175
31 672
31 1280
32 247
32 461
32 1386
33 141
33 1067
33 1122
33 1197
33 1505
34 57
34 118
34 589
35 128
35 676
35 835
35 1930
36 48
36 156
36 184
36 1890
37 372
37 1629
38 151
38 1964
39 531
39 1527
39 1759
40 1349
40 1752
41 234
41 369
41 730
41 854
41 887
41 1830
41 1945
42 1306
42 1924
43 157
43 393
43 414
43 1420
43 1826
44 838
44 1325
44 1362
44 1753
45 966
45 1662
45 1741
46 496
46 1782
47 1449
48 445
48 1225
48 1655
49 1815
49 1867
51 1485
51 1914
53 163
54 629
54 1467
54 1491
54 1533
56 199
56 1606
57 139
57 336
57 941
57 1973
58 549
58 1113
59 174
59 774
59 1489
60 145
60 192
60 430
60 1213
60 1358
61 1088
61 1521
62 1300
62 1576
62 1813
63 196
63 772
63 1531
63 1839
64 369
64 1178
66 75
66 130
66 635
66 809
66 987
66 1089
66 1694
67 511
67 520
67 536
67 805
67 939
67 1597
67 1659
68 1158
68 1680
69 1624
69 1777
70 114
70 684
70 707
70 1734
72 300
72 820
72 1729
73 97
73 212
73 1110
73 1515
74 309
74 319
74 346
74 1085
74 1474
75 223
75 1510
76 888
76 1241
77 1454
77 1637
77 1667
77 1970
78 652
78 723
79 633
79 1083
79 1500
79 1680
80 125
80 605
80 638
80 1216
80 1439
81 96
81 1245
81 1748
82 301
82 610
82 1120
82 1198
82 1324
82 1595
82 1812
83 578
83 1280
84 609
84 984
84 1012
84 1928
85 1098
85 1492
85 1691
85 1804
85 1962
86 312
86 1047
87 369
87 1402
88 1072
88 1156
89 954
89 1745
90 278
90 601
90 1688
91 531
92 211
92 1642
92 1677
92 1754
93 175
93 691
93 1702
94 743
94 848
94 877
94 1755
94 1859
94 1868
95 780
95 1229
96 514
96 1289
97 392
97 1756
98 759
98 1668
99 274
99 582
99 1437
100 210
100 500
100 592
100 1173
100 1892
100 1894
101 1125
101 1172
101 1491
102 663
102 722
102 1038
102 1457
102 1734
103 467
103 493
103 725
103 1350
103 1416
104 143
104 441
104 997
104 1096
104 1106
104 1641
106 838
107 1713
107 1752
107 1816
108 341
108 517
108 807
109 1167
110 260
110 1116
110 1209
110 1781
110 1978
111 997
111 1418
111 1983
112 387
112 448
112 1543
113 215
113 1090
113 1497
114 327
114 555
114 716
114 827
114 1251
114 1353
114 1802
115 328
115 606
116 154
116 488
117 778
117 1283
117 1698
117 1863
117 1903
118 400
118 1378
118 1664
119 1301
119 1594
120 490
120 1049
120 1194
121 634
122 797
122 1684
123 436
123 501
123 1115
123 1925
124 1424
125 1415
126 366
126 492
126 498
126 1343
126 1697
127 211
127 1104
127 1607
128 1285
129 242
129 279
129 674
129 1007
129 1114
130 403
130 570
130 1963
131 163
131 686
131 1726
131 1746
132 284
132 717
132 964
132 1559
133 138
133 1614
134 506
134 612
135 814
135 1131
135 1850
136 376
136 758
136 1026
136 1726
137 148
137 318
137 525
137 1598
137 1618
138 539
138 755
138 791
138 1627
138 1765
138 1773
138 1840
139 1834
139 1934
140 157
140 1441
141 423
141 683
141 1312
142 148
142 711
142 861
142 1272
142 1336
142 1411
142 1871
143 238
143 1445
144 539
144 641
144 1965
145 548
145 1175
145 1227
146 386
146 1598
146 1738
148 1412
149 350
149 429
149 702
149 1033
150 1075
150 1088
150 1975
151 454
151 997
151 1390
152 280
152 301
152 327
153 529
153 603
153 1014
153 1755
154 1295
154 1853
155 710
155 1746
155 1994
156 764
156 1697
156 1927
157 862
159 1229
159 1339
159 1497
159 1590
160 666
160 1685
161 339
161 1746
161 1823
162 194
163 1020
163 1177
163 1685
164 589
164 828
164 1180
164 1459
164 1713
165 290
165 571
165 1567
166 809
167 1004
167 1747
167 1847
168 449
168 1298
169 279
170 186
170 1100
170 1784
170 1949
171 198
171 632
171 1628
172 1179
173 528
173 731
173 1226
173 1434
173 1615
174 211
174 529
174 795
174 1017
174 1187
174 1268
174 1901
175 258
175 520
176 1728
176 1994
177 916
178 379
178 1880
179 1015
179 1156
179 1651
180 1824
181 221
181 288
181 361
181 715
181 859
181 1112
181 1342
182 578
182 1893
183 354
183 459
183 632
183 1926
184 199
184 725
185 1267
185 1487
186 644
186 1170
187 699
188 487
188 664
188 920
188 1626
189 1382
190 658
191 248
191 343
191 397
191 477
191 517
191 1584
193 817
193 1038
193 1660
193 1881
194 1390
195 779
195 1119
195 1758
197 1616
198 1341
198 1905
198 1929
199 204
199 547
199 1473
199 1673
200 500
200 1774
202 300
202 1165
202 1610
203 392
203 441
203 873
203 1610
204 328
204 702
204 1394
204 1525
204 1609
205 250
205 523
205 569
206 465
206 1152
206 1501
206 1662
207 343
208 362
208 618
208 656
209 327
209 721
209 1067
209 1474
210 1481
211 972
211 1064
212 1002
212 1218
213 543
213 1183
213 1768
214 327
215 560
215 1089
216 627
216 1627
217 613
217 1400
218 399
218 815
218 1396
218 1528
218 1578
219 932
219 1097
219 1158
219 1477
219 1868
220 1435
220 1927
221 1444
222 1418
223 1237
223 1661
223 1909
224 723
224 1555
224 1805
225 422
225 481
225 768
225 1028
226 1684
227 268
227 499
227 1650
228 857
228 1283
228 1943
229 966
229 1059
229 1585
230 365
230 424
230 673
230 1620
232 569
232 1076
233 450
233 653
233 770
233 871
233 1669
233 1710
233 1836
233 1903
234 1084
235 772
235 1660
236 842
236 900
237 304
237 832
237 1462
237 1793
238 278
238 1886
239 1474
239 1846
240 723
240 785
240 979
240 1056
240 1299
240 1478
240 1557
241 528
241 1222
241 1801
241 1894
242 813
242 1490
243 548
243 868
243 1468
243 1711
243 1942
244 600
244 1473
244 1684
244 1749
244 1969
246 1020
246 1375
246 1450
246 1491
246 1570
247 470
247 1742
247 1763
248 299
248 1227
248 1605
249 1066
249 1412
250 288
250 298
250 508
250 632
251 603
251 1114
252 1402
253 405
254 716
254 1241
254 1859
255 275
255 289
255 330
255 1141
255 1740
256 1245
257 705
257 746
257 934
257 1235
257 1614
258 581
258 1491
259 1239
259 1284
259 1339
259 1394
259 1842
260 665
260 1066
260 1378
261 425
261 749
261 1426
262 889
262 929
263 928
263 1199
263 1324
263 1511
263 1547
265 570
265 929
265 1697
265 1825
265 1910
265 1913
265 1960
266 1005
266 1006
266 1883
267 944
267 1092
267 1842
268 599
268 1189
269 367
269 1541
269 1930
270 379
270 698
270 780
270 943
270 1412
270 1437
270 1701
271 405
271 484
271 1131
271 1231
271 1836
272 1039
272 1485
273 851
273 1837
274 1182
275 1344
275 1374
275 1739
276 753
276 840
276 1669
277 824
277 1967
278 518
278 1576
278 1986
279 626
280 533
280 663
280 821
280 1173
280 1555
282 932
282 1351
283 345
283 899
283 1517
283 1868
283 1897
284 509
284 835
284 942
284 1066
285 642
285 962
285 1673
286 429
287 1286
287 1870
288 566
288 1097
288 1197
288 1253
288 1304
288 1440
289 410
289 863
289 962
289 1182
290 1064
290 1541
290 1724
291 461
292 557
292 1666
292 1926
293 1178
294 466
294 595
294 1033
294 1341
294 1588
294 1732
294 1825
294 1935
295 991
295 1046
295 1715
296 1423
296 1850
297 500
298 470
298 1138
298 1268
298 1640
299 336
299 469
299 941
299 1144
300 552
300 1287
300 1706
301 479
301 945
301 946
301 1424
301 1583
301 1753
301 1863
302 464
302 864
302 1578
303 392
303 429
303 872
303 1297
303 1675
304 1313
304 1565
305 328
305 769
305 773
305 903
305 1392
305 1873
306 319
306 654
308 781
308 884
309 643
310 868
310 1335
310 1339
311 1451
312 1480
313 1308
314 741
314 1324
315 595
315 729
315 1428
316 458
316 522
316 1671
317 653
318 965
318 1504
319 949
319 1815
320 461
320 823
320 1728
320 1962
321 533
321 699
321 883
322 1489
323 1420
323 1814
324 331
324 1275
324 1933
324 1996
325 573
326 1683
327 368
327 542
327 597
327 1059
327 1663
327 1767
328 1665
329 425
329 1070
329 1213
330 593
331 740
332 755
332 1082
332 1358
332 1829
333 466
333 1350
333 1554
334 1779
335 641
335 1871
335 1914
335 1937
336 1178
336 1275
337 797
337 840
337 912
337 1534
337 1580
338 1646
340 834
340 941
340 992
340 1503
341 1708
342 1456
343 753
343 951
343 1726
343 1945
344 383
344 1335
344 1515
344 1755
345 694
345 1125
345 1683
346 1166
346 1362
346 1935
347 750
347 1177
348 419
349 1306
350 628
350 1071
350 1289
351 860
351 1128
351 1272
351 1602
352 1727
352 1999
353 1092
353 1357
353 1534
353 1706
353 1830
354 1194
354 1624
355 1006
355 1575
355 1606
356 467
356 1059
356 1734
356 1995
357 495
357 1234
357 1241
358 1691
358 1911
359 1260
359 1283
360 534
360 795
360 1048
360 1696
361 1086
362 1128
362 1223
363 854
364 771
364 944
364 1150
364 1249
364 1822
365 394
365 1061
365 1150
367 1166
367 1604
367 1705
367 1811
369 1535
370 1917
371 574
371 694
371 933
372 900
373 713
373 1550
373 1649
373 1702
374 1593
375 1123
375 1124
376 754
376 1293
376 1910
376 1960
377 1192
377 1923
378 541
378 588
378 1295
378 1626
379 550
379 937
379 1314
379 1791
379 1933
380 683
380 1919
381 939
381 1406
382 1763
383 813
383 1954
384 960
384 1653
385 492
385 989
385 1061
385 1599
385 1623
385 1746
386 593
386 603
387 1239
388 1343
388 1747
389 746
389 888
389 1657
389 1750
389 1776
389 1998
390 1621
391 558
391 744
391 759
393 1390
393 1473
394 604
394 1186
394 1977
395 1571
395 1682
395 1886
398 935
398 1647
398 1946
399 416
399 778
400 1076
400 1846
401 743
401 1438
401 1838
401 1864
402 1646
403 651
403 1031
404 789
404 1505
404 1658
405 1713
405 1764
405 1950
406 1044
406 1596
408 772
408 1096
408 1204
410 999
410 1822
411 812
411 1183
411 1293
412 445
412 1103
413 1082
414 796
414 845
416 858
416 1268
416 1424
416 1916
416 1976
416 1997
417 1007
417 1131
417 1143
418 1505
419 923
419 1212
419 1683
420 428
422 1074
422 1439
422 1447
423 584
423 695
423 817
424 662
424 1279
425 1400
426 1598
426 1702
427 577
427 598
427 911
427 919
428 1440
429 663
429 1421
429 1605
430 656
430 768
430 1546
432 446
432 877
432 1218
432 1282
432 1298
432 1425
433 1133
434 738
434 782
434 1948
435 661
435 844
435 1533
435 1711
435 1900
436 677
436 1283
436 1641
437 569
437 777
437 1089
437 1399
437 1484
438 1036
438 1950
439 807
439 1085
439 1338
440 546
440 1352
441 481
441 581
441 973
443 642
443 1415
445 844
445 1072
446 552
446 1297
446 1856
447 512
448 743
448 1148
449 867
449 1327
449 1435
449 1497
449 1722
449 1790
450 1247
450 1510
451 1355
451 1545
452 782
452 1698
453 1049
453 1627
453 1780
454 878
454 1191
454 1515
454 1528
454 1531
455 1373
455 1739
456 927
456 1470
457 672
457 1795
457 1977
458 1097
458 1299
458 1406
458 1616
459 603
459 1313
460 1400
461 1541
462 1916
463 591
463 1027
464 716
464 1756
464 1763
465 852
465 969
465 1032
465 1648
466 742
466 1768
466 1979
467 471
468 698
468 1656
470 775
470 951
470 1880
471 673
471 1064
471 1816
472 1531
472 1765
473 910
473 1293
473 1505
473 1710
474 1609
474 1624
475 829
475 1002
475 1255
475 1613
476 680
476 876
476 1090
476 1551
476 1737
476 1886
477 704
477 1459
478 1271
478 1583
478 1645
479 485
479 1036
479 1752
480 1922
481 1271
481 1717
482 1024
482 1048
483 750
483 798
483 1589
483 1762
483 1870
484 1108
484 1696
484 1969
485 994
485 1919
486 553
486 686
486 1122
486 1252
488 1057
488 1188
489 1009
489 1098
491 609
491 1115
491 1739
491 1776
491 1887
492 653
492 1512
492 1694
492 1881
493 1324
493 1658
494 746
494 893
494 1615
494 1777
494 1843
494 1882
495 903
495 948
495 1288
495 1653
495 1789
496 1402
496 1647
496 1953
497 1579
498 1179
498 1341
498 1784
498 1902
499 521
499 1033
499 1499
499 1876
502 580
502 1400
502 1543
503 826
503 1999
504 530
504 588
505 1586
506 572
506 708
506 764
506 828
506 1165
506 1630
506 1663
506 1694
506 1931
507 1119
508 1251
509 538
509 640
509 760
509 1418
510 988
510 992
510 1175
511 793
511 847
511 1707
511 1763
512 1307
512 1899
514 1319
514 1455
515 607
515 764
516 725
516 1679
517 523
517 592
517 1001
517 1370
517 1555
518 827
519 1840
519 1866
521 1579
521 1757
521 1807
523 1082
523 1415
523 1418
523 1473
523 1591
523 1611
523 1816
525 1288
525 1870
526 1146
526 1176
526 1596
526 1775
527 1174
528 760
529 662
529 1085
530 939
530 1794
531 1537
532 1491
532 1824
533 696
533 848
533 1382
533 1796
534 567
534 1442
535 815
535 1360
535 1620
536 561
536 1346
536 1684
537 942
537 1275
538 841
538 1343
538 1521
541 1285
542 1090
542 1486
542 1552
542 1641
542 1730
543 1049
543 1082
544 1187
544 1846
545 563
545 702
545 908
545 1689
546 1602
546 1657
547 718
547 826
547 1543
547 1603
547 1815
548 1048
548 1748
549 698
549 1775
550 1259
550 1928
550 1945
551 997
552 1109
552 1917
553 998
554 1811
554 1993
555 812
557 868
557 1342
557 1553
558 1311
559 774
560 1250
560 1288
560 1927
561 918
561 1006
561 1793
562 764
562 1121
562 1593
563 775
563 1373
563 1431
564 1274
564 1517
564 1895
565 670
565 691
566 1655
566 1826
566 1933
567 1213
567 1415
568 646
568 1505
570 968
570 1252
571 780
573 1653
574 796
574 1226
575 707
575 1269
575 1593
576 1088
576 1161
576 1243
577 610
577 1564
580 690
580 1481
581 706
581 1041
582 943
582 1086
582 1102
582 1897
583 950
583 1155
584 597
584 1152
584 1454
584 1961
585 904
585 950
586 1988
587 664
587 967
588 1657
589 1964
590 1049
590 1396
590 1924
591 723
591 977
591 1067
591 1149
591 1635
592 737
592 1426
592 1427
592 1770
592 1776
593 1062
593 1871
593 1926
594 809
594 1264
594 1433
594 1879
594 1910
595 645
595 1585
595 1728
596 615
596 765
596 1221
596 1534
597 1304
598 1037
598 1329
598 1532
599 1314
601 780
601 1115
601 1133
601 1487
601 1594
601 1658
601 1976
602 1229
602 1759
603 866
604 731
604 1667
605 856
605 1762
606 823
606 856
606 1361
607 1034
609 854
609 1151
610 675
610 1427
610 1561
610 1587
610 1694
610 1947
611 1039
612 883
612 1351
612 1423
613 1778
614 1238
615 637
615 692
615 1431
616 1116
617 622
617 726
617 930
618 1827
618 1997
619 1670
619 1673
620 1156
620 1849
621 1570
622 1081
622 1156
622 1222
622 1763
624 1096
624 1488
625 1037
625 1888
626 1895
627 889
627 938
627 1651
628 1257
628 1410
629 895
629 1567
630 822
631 1648
631 1758
631 1761
631 1829
632 1704
633 887
633 941
634 934
634 1088
635 1221
635 1958
636 1399
636 1505
636 1823
637 1341
638 999
638 1003
638 1137
638 1392
638 1656
638 1736
639 856
640 1572
641 688
641 734
642 862
642 1473
643 1541
644 1438
644 1707
645 718
645 1596
646 1767
647 1174
647 1320
647 1678
647 1780
648 1021
648 1731
648 1847
649 1310
649 1465
651 1344
651 1346
651 1347
655 1179
656 923
656 1313
656 1470
657 751
657 924
658 1873
659 1027
659 1414
659 1905
660 847
660 1235
660 1355
660 1478
660 1592
660 1670
660 1857
661 694
661 1065
663 1862
664 859
664 1119
665 853
665 1315
665 1404
666 1057
666 1469
666 1588
666 1741
667 1024
667 1200
667 1853
667 1866
668 945
668 1590
668 1874
670 1078
670 1742
672 1564
673 931
674 1196
674 1767
675 1604
676 848
676 870
676 1291
677 699
677 703
677 1113
677 1192
677 1203
678 1169
678 1831
679 1835
680 1137
680 1806
681 1054
682 1219
682 1267
682 1321
683 732
683 1189
683 1595
684 1120
684 1458
684 1515
685 1928
686 1289
686 1608
686 1812
688 1589
688 1904
689 874
689 1095
689 1824
691 1278
691 1321
691 1506
692 978
692 1018
692 1225
692 1325
692 1590
693 1138
693 1844
694 1455
695 870
696 951
697 1062
697 1137
697 1363
699 1895
699 1919
700 1798
701 1157
701 1314
702 1114
702 1147
703 906
703 1216
703 1751
704 1493
705 804
705 1617
705 1725
705 1799
705 1885
706 929
706 1350
706 1452
706 1537
707 807
707 978
707 1206
707 1903
708 895
708 1512
709 1220
709 1427
709 1474
710 881
710 1752
711 1343
712 1086
713 748
713 1293
713 1978
714 1039
714 1426
714 1929
715 1744
716 1128
716 1365
717 1133
718 725
718 1984
720 1496
722 807
722 864
722 950
722 1831
724 918
724 1284
724 1671
725 1036
725 1245
725 1573
725 1822
726 1540
727 1072
727 1677
728 817
728 1606
729 1068
729 1922
729 1955
730 744
730 1466
731 1435
731 1714
731 1975
732 1053
732 1567
732 1698
732 1901
733 1654
733 1856
734 1134
735 1391
736 1053
736 1615
737 1780
738 759
739 1081
739 1832
740 939
740 1268
740 1615
741 885
741 1374
742 986
742 1093
742 1559
742 1647
743 1010
744 1161
744 1913
748 1091
748 1112
748 1230
748 1632
749 1219
750 874
750 1146
752 1475
752 1584
752 1897
753 767
755 1108
756 819
757 886
757 1021
757 1502
758 958
758 1104
758 1804
759 1346
760 896
762 1344
762 1453
763 888
763 1053
764 1057
764 1282
764 1318
764 1556
764 1711
764 1891
765 1089
766 1928
767 1970
768 1572
768 1969
769 996
769 1801
771 879
771 1104
771 1312
771 1545
772 1882
772 1897
773 1190
773 1353
773 1400
773 1984
774 982
774 1410
775 1130
775 1916
776 1710
776 1965
777 1724
778 1048
778 1564
778 1646
779 1259
779 1461
779 1638
780 959
780 985
780 1875
781 1525
782 1093
782 1408
783 1400
785 1263
785 1316
785 1862
787 1118
787 1290
787 1855
787 1894
788 972
789 798
791 1287
791 1923
792 872
792 922
793 1438
794 1004
794 1659
795 805
795 1651
795 1723
796 1264
796 1417
798 1248
798 1916
800 1196
800 1513
800 1900
802 1179
802 1206
805 1205
807 1601
807 1929
808 1269
809 839
809 1000
809 1099
809 1828
810 1102
810 1564
812 1390
812 1551
815 1243
816 1042
816 1401
816 1534
817 1200
817 1323
817 1631
817 1952
819 878
819 1450
820 1291
821 989
821 1675
822 1501
823 1169
824 1716
825 1585
826 1113
826 1249
826 1714
827 1528
828 1093
828 1670
828 1977
829 1073
829 1817
830 1185
830 1767
830 1850
831 1120
832 947
832 1962
832 1983
833 1159
833 1177
833 1385
833 1408
833 1966
834 1212
834 1326
834 1894
835 1155
835 1312
836 1035
836 1040
837 1222
837 1243
838 896
838 1568
839 1160
840 1033
840 1281
842 1255
842 1496
845 1971
846 876
846 899
846 1459
846 1655
847 946
847 1516
848 1740
848 1883
848 1904
849 884
849 1131
849 1515
851 1155
852 1181
852 1286
854 1322
854 1475
854 1664
856 917
856 991
856 1277
856 1481
856 1788
857 1132
857 1899
858 998
858 1246
858 1459
858 1511
859 949
859 1131
859 1304
859 1600
860 1148
860 1189
861 863
861 1974
862 968
864 1821
865 874
865 1068
865 1121
865 1545
866 1035
866 1720
866 1726
867 1340
867 1677
868 1058
868 1385
868 1526
868 1649
868 1885
869 1411
869 1536
869 1906
870 911
870 1726
871 872
871 1113
871 1918
872 961
872 1148
873 1524
873 1799
874 909
874 1316
875 1329
875 1672
875 1692
875 1710
876 960
876 1624
877 1395
877 1780
878 1212
878 1982
879 1068
879 1786
880 1192
880 1719
881 1064
882 1078
882 1250
882 1572
883 1284
883 1483
885 1949
886 1566
888 1582
890 1430
890 1616
890 1973
891 972
891 1925
892 915
893 1027
893 1158
893 1425
893 1984
898 996
898 1149
898 1629
899 1440
900 1075
900 1559
900 1734
900 1845
901 1019
902 1148
902 1880
903 1257
903 1598
904 1550
905 1328
905 1876
906 958
907 1576
907 1828
907 1980
908 1589
910 1364
911 944
911 1555
913 930
913 1153
913 1646
916 1262
916 1863
917 948
918 1464
919 1181
919 1811
921 1739
922 1382
922 1521
922 1642
923 1005
923 1622
923 1815
924 1074
926 1073
926 1226
927 1230
927 1621
927 1659
928 1243
928 1477
929 1569
931 1323
932 1652
935 1498
936 1016
936 1270
937 983
937 1608
937 1637
938 1079
938 1162
938 1476
938 1673
939 1276
939 1958
940 1795
941 1461
941 1824
943 1580
944 1124
944 1523
944 1524
944 1601
944 1879
944 1968
945 1731
946 1123
946 1139
946 1263
947 1808
947 1831
948 1463
948 1568
949 1780
950 1220
951 1312
951 1675
952 1836
952 1950
953 1562
954 1539
954 1775
956 1400
957 1216
957 1447
957 1582
957 1940
957 1944
958 1821
959 1521
959 1534
959 1658
960 1204
960 1448
961 1324
961 1885
964 1258
964 1910
964 1924
965 1170
966 1661
966 1712
967 1509
967 1818
968 1248
968 1307
968 1545
968 1650
969 1018
969 1347
969 1645
970 1375
971 1919
972 1042
972 1258
973 995
974 1051
974 1057
974 1159
974 1779
974 1933
975 1534
976 1090
978 1313
979 1299
980 1004
981 1482
981 1516
981 1946
982 1153
982 1277
983 1935
985 1292
985 1507
986 1227
986 1742
987 1239
987 1879
988 1042
988 1574
989 997
990 1174
990 1721
991 1085
991 1363
992 1363
992 1801
992 1927
993 1222
993 1294
994 1936
995 1937
996 1094
996 1849
998 1377
998 1618
1000 1287
1000 1517
1001 1753
1002 1487
1002 1514
1002 1914
1003 1205
1005 1393
1006 1623
1006 1939
1007 1033
1008 1202
1008 1388
1009 1419
1011 1089
1011 1898
1012 1364
1012 1536
1012 1988
1013 1412
1014 1155
1014 1156
1014 1183
1015 1746
1015 1931
1015 1936
1017 1280
1017 1738
1017 1754
1018 1960
1019 1301
1020 1192
1020 1758
1021 1402
1023 1338
1024 1364
1025 1027
1025 1272
1025 1645
1025 1985
1026 1049
1026 1777
1026 1981
1027 1109
1027 1920
1029 1851
1030 1163
1030 1419
1030 1436
1030 1624
1030 1647
1031 1986
1032 1039
1033 1335
1033 1473
1033 1836
1035 1288
1035 1389
1035 1561
1036 1303
1038 1820
1039 1352
1040 1191
1040 1328
1041 1506
1041 1711
1042 1998
1043 1321
1044 1776
1046 1898
1047 1219
1048 1111
1048 1199
1049 1099
1049 1942
1050 1497
1054 1146
1055 1844
1056 1396
1056 1841
1056 1889
1057 1181
1058 1607
1058 1709
1058 1969
1059 1370
1060 1067
1060 1373
1060 1511
1060 1763
1060 1773
1063 1317
1063 1350
1063 1607
1063 1984
1064 1907
1065 1442
1065 1542
1067 1512
1067 1883
1069 1628
1070 1637
1071 1578
1071 1674
1072 1346
1072 1353
1072 1388
1072 1994
1074 1147
1076 1515
1076 1541
1077 1159
1077 1510
1077 1587
1078 1147
1079 1203
1079 1478
1079 1555
1080 1256
1080 1534
1080 1562
1080 1634
1081 1262
1081 1526
1082 1102
1082 1247
1082 1387
1082 1758
1082 1825
1082 1943
1084 1386
1084 1817
1084 1864
1084 1929
1088 1449
1088 1789
1088 1857
1092 1300
1092 1748
1094 1525
1094 1527
1094 1898
1096 1480
1096 1584
1096 1646
1096 1943
1097 1718
1097 1943
1099 1720
1099 1810
1100 1106
1100 1196
1100 1571
1101 1575
1101 1686
1101 1787
1102 1916
1104 1269
1104 1431
1105 1345
1105 1471
1105 1734
1107 1191
1108 1988
1109 1133
1109 1528
1109 1674
1109 1890
1111 1509
1111 1666
1113 1248
1113 1539
1113 1543
1113 1744
1115 1813
1116 1536
1116 1887
1118 1794
1119 1724
1119 1762
1120 1505
1120 1851
1121 1518
1124 1936
1125 1744
1128 1817
1129 1288
1131 1622
1132 1396
1132 1715
1134 1464
1135 1347
1137 1222
1139 1363
1139 1407
1140 1438
1142 1293
1145 1263
1145 1741
1150 1505
1150 1691
1150 1960
1151 1372
1152 1211
1152 1467
1153 1212
1153 1557
1153 1807
1153 1909
1154 1300
1154 1487
1156 1780
1157 1689
1159 1970
1163 1407
1163 1785
1165 1362
1165 1444
1165 1997
1167 1342
1168 1563
1170 1214
1170 1706
1170 1746
1170 1835
1171 1595
1173 1266
1173 1805
1174 1556
1175 1603
1175 1709
1175 1893
1176 1748
1176 1920
1177 1185
1177 1402
1177 1735
1179 1899
1180 1881
1180 1895
1181 1548
1182 1469
1182 1542
1183 1633
1184 1256
1184 1386
1184 1838
1185 1306
1185 1378
1186 1258
1189 1201
1189 1393
1189 1793
1189 1899
1191 1849
1193 1739
1197 1897
1198 1355
1198 1716
1199 1672
1199 1780
1200 1754
1200 1953
1201 1436
1202 1676
1203 1952
1204 1205
1204 1505
1205 1223
1205 1390
1206 1761
1208 1844
1211 1476
1212 1780
1212 1912
1213 1403
1213 1487
1215 1806
1216 1334
1218 1264
1218 1280
1218 1288
1218 1343
1218 1579
1219 1391
1221 1566
1221 1578
1221 1806
1222 1316
1222 1473
1222 1723
1225 1481
1227 1459
1227 1878
1229 1505
1230 1384
1231 1925
1233 1958
1237 1692
1237 1914
1239 1637
1241 1771
1244 1359
1244 1382
1245 1911
1246 1277
1249 1872
1249 1878
1250 1762
1250 1961
1252 1734
1253 1994
1254 1376
1256 1259
1256 1444
1257 1960
1259 1276
1260 1326
1260 1505
1260 1515
1261 1506
1261 1759
1264 1926
1264 1984
1265 1650
1265 1846
1266 1427
1267 1430
1267 1820
1268 1396
1270 1640
1270 1891
1272 1339
1272 1421
1273 1294
1273 1625
1274 1654
1275 1330
1275 1469
1275 1941
1276 1544
1278 1357
1279 1562
1279 1663
1280 1562
1280 1938
1281 1298
1281 1724
1282 1455
1283 1441
1284 1727
1285 1373
1287 1775
1287 1887
1289 1346
1289 1375
1289 1455
1289 1598
1289 1832
1289 1960
1290 1638
1290 1785
1293 1937
1297 1546
1297 1728
1301 1600
1302 1379
1303 1573
1303 1862
1304 1914
1305 1467
1307 1447
1307 1461
1310 1517
1313 1567
1316 1434
1317 1639
1317 1746
1317 1840
1320 1757
1320 1885
1321 1745
1321 1806
1324 1608
1326 1346
1326 1917
1327 1556
1327 1965
1328 1377
1329 1357
1329 1484
1329 1533
1331 1419
1331 1499
1333 1512
1333 1529
1334 1662
1335 1642
1336 1620
1336 1797
1339 1965
1340 1738
1343 1366
1343 1696
1343 1745
1345 1563
1346 1724
1348 1799
1350 1624
1352 1570
1354 1704
1355 1978
1358 1408
1358 1609
1358 1911
1359 1712
1360 1882
1361 1374
1362 1727
1362 1779
1363 1373
1363 1706
1364 1834
1364 1919
1365 1550
1365 1773
1368 1936
1370 1598
1371 1566
1373 1445
1374 1385
1376 1677
1377 1451
1377 1461
1377 1667
1378 1911
1379 1763
1379 1890
1383 1986
1384 1948
1385 1453
1385 1487
1388 1685
1388 1990
1389 1418
1390 1998
1391 1898
1392 1582
1392 1583
1393 1997
1394 1946
1395 1400
1398 1872
1399 1732
1399 1785
1399 1950
1401 1804
1402 1677
1403 1992
1404 1677
1404 1756
1406 1687
1407 1461
1407 1637
1408 1837
1409 1543
1409 1682
1409 1714
1410 1988
1411 1590
1411 1751
1414 1506
1415 1720
1416 1878
1418 1899
1418 1945
1419 1753
1421 1530
1422 1890
1424 1640
1424 1954
1427 1604
1428 1733
1429 1574
1430 1766
1431 1840
1436 1570
1438 1567
1438 1775
1439 1686
1440 1844
1444 1604
1449 1645
1449 1736
1452 1467
1452 1857
1454 1574
1454 1699
1455 1656
1456 1507
1457 1908
1458 1718
1458 1820
1459 1641
1461 1485
1461 1585
1462 1670
1463 1720
1464 1953
1465 1599
1466 1547
1468 1921
1469 1910
1470 1587
1471 1510
1472 1496
1472 1587
1473 1535
1474 1702
1474 1786
1475 1831
1479 1722
1479 1976
1484 1774
1488 1888
1490 1617
1493 1754
1493 1990
1494 1633
1494 1637
1497 1702
1497 1777
1498 1769
1499 1860
1499 1891
1500 1958
1501 1532
1501 1826
1504 1909
1506 1520
1507 1663
1508 1811
1510 1552
1513 1759
1514 1696
1514 1961
1516 1682
1516 1794
1516 1806
1518 1555
1519 1562
1526 1597
1527 1691
1528 1787
1529 1689
1530 1604
1533 1986
1535 1576
1537 1915
1539 1718
1539 1979
1541 1688
1541 1943
1543 1635
1544 1779
1545 1712
1546 1660
1546 1707
1546 1797
1546 1942
1547 1717
1548 1908
1548 1953
1549 1583
1550 1620
1550 1842
1550 1864
1550 1965
1551 1842
1552 1568
1553 1797
1556 1589
1559 1609
1561 1640
1567 1586
1567 1959
1569 1851
1570 1712
1570 1718
1573 1680
1576 1867
1578 1705
1580 1623
1581 1607
1581 1865
1585 1629
1586 1826
1587 1593
1588 1601
1589 1852
1590 1674
1590 1727
1593 1818
1593 1975
1596 1749
1597 1983
1600 1822
1601 1885
1603 1696
1603 1898
1603 1923
1605 1709
1607 1637
1607 1656
1614 1724
1614 1959
1619 1980
1622 1942
1625 1857
1627 1857
1631 1855
1633 1890
1634 1653
1634 1733
1637 1830
1638 1855
1640 1870
1641 1794
1641 1797
1643 1957
1646 1724
1646 1790
1649 1776
1659 1830
1661 1827
1664 1667
1668 1699
1671 1793
1672 1941
1676 1777
1679 1970
1685 1958
1688 1992
1690 1940
1691 1946
1695 1725
1697 1813
1702 1796
1704 1864
1705 1922
1706 1786
1707 1709
1707 1990
1714 1921
1715 1742
1723 1988
1724 1757
1727 1853
1727 1941
1729 1740
1732 1973
1732 1979
1732 1999
1734 1858
1735 1770
1736 1849
1737 1955
1740 1869
1740 1896
1741 1886
1746 1866
1746 1912
1747 1832
1747 1932
1748 1881
1753 1784
1756 1922
1759 1871
1763 1860
1763 1921
1764 1790
1771 1793
1774 1826
1776 1986
1778 1973
1779 1913
1780 1847
1781 1833
1783 1830
1792 1854
1792 1900
1793 1854
1794 1958
1798 1967
1803 1868
1805 1915
1808 1918
1810 1818
1817 1849
1827 1934
1828 1843
1830 1908
1837 1874
1843 1982
1844 1955
1846 1876
1847 1883
1848 1879
1848 1942
1849 1954
1859 1925
1860 1909
1867 1904
1875 1957
1876 1895
1888 1907
1894 1914
1900 1966
1914 1930
1924 1958
1931 1963
1931 1964
1934 1937
1945 1947
1949 1968
1951 1997
1954 1978
