2000 3043
36
85
54
93
4
64
25
22
54
63
31
3
23
98
15
62
54
25
32
32
9
49
33
63
46
43
75
2
54
27
84
6
44
31
66
68
77
31
20
99
78
14
20
11
91
57
51
55
66
65
95
28
66
77
58
69
69
82
51
36
11
59
80
8
8
70
9
35
28
58
84
77
74
57
98
19
59
15
12
18
58
49
22
71
4
50
77
48
39
23
3
78
59
4
43
38
68
79
91
14
96
8
14
11
34
99
50
13
81
81
79
11
43
48
57
76
92
57
93
75
74
52
23
92
31
17
34
22
61
5
100
14
12
42
30
44
42
26
43
40
4
51
81
22
53
90
55
72
81
84
41
21
90
33
23
73
31
78
28
8
16
39
55
48
6
39
69
4
100
49
26
9
3
41
35
88
83
87
93
60
76
3
20
5
46
67
36
20
40
98
31
18
61
34
47
62
70
34
37
35
39
29
22
35
36
17
52
71
23
66
92
31
31
13
69
32
1
98
99
100
7
77
16
53
84
72
79
91
33
71
100
58
97
64
67
95
26
40
38
7
58
96
46
85
72
73
18
42
52
95
93
74
13
49
91
43
21
81
93
51
15
78
97
72
35
13
24
58
5
7
75
96
63
83
81
70
30
93
94
57
10
56
41
48
4
35
63
79
59
74
40
60
15
68
6
17
69
31
76
61
92
9
60
6
39
12
38
6
14
73
15
54
100
76
6
59
66
74
66
81
34
94
24
61
68
97
70
46
87
60
8
12
39
75
42
88
18
39
92
35
100
98
86
99
91
43
54
94
28
98
64
46
73
33
92
34
14
95
17
52
88
38
7
30
42
41
52
58
95
46
11
10
67
23
22
42
62
75
3
58
100
56
24
46
24
1
51
22
24
40
46
15
58
62
33
46
31
86
8
45
59
86
83
50
73
18
30
83
43
51
42
38
74
33
8
81
16
78
10
39
75
5
25
91
85
30
90
92
13
37
31
47
65
12
2
98
41
5
81
48
41
61
15
20
36
12
42
78
1
6
61
70
64
27
33
69
7
85
80
41
100
71
69
76
80
10
25
64
43
36
40
92
85
25
44
60
72
95
36
4
57
8
79
2
100
10
58
80
72
42
12
27
36
61
58
12
8
51
7
63
49
22
81
48
16
3
2
23
37
4
17
35
15
98
98
48
69
50
12
19
100
11
53
9
33
99
70
62
63
28
88
9
60
32
35
11
25
72
71
87
36
99
89
9
77
58
13
84
1
74
43
5
42
75
92
93
55
96
52
20
70
32
42
10
93
30
71
63
68
51
1
75
52
48
48
78
66
73
70
57
88
65
88
6
25
94
15
52
83
99
25
44
50
14
91
67
43
88
93
21
32
57
57
37
83
7
53
93
42
91
13
53
88
67
95
52
54
61
19
99
40
52
85
34
15
67
72
58
7
9
48
45
96
53
83
40
24
51
4
31
70
49
99
61
43
7
76
75
68
14
59
86
38
31
68
69
41
37
14
2
41
43
23
66
19
70
49
8
94
82
33
29
12
51
41
95
59
41
46
72
89
24
27
18
4
79
58
25
19
6
99
13
7
42
92
82
95
69
31
16
10
66
19
23
75
98
13
53
68
82
86
42
84
87
78
100
33
1
5
52
38
7
95
55
87
10
44
40
54
70
86
34
58
57
71
51
95
59
99
99
28
40
93
48
31
100
6
79
55
25
45
41
23
42
52
91
65
72
54
40
27
17
85
87
18
74
96
56
80
53
21
7
94
87
8
66
74
20
71
96
13
67
87
69
16
61
17
96
13
58
3
71
9
48
81
73
16
25
72
45
68
26
56
76
98
48
94
87
60
52
50
88
75
69
78
13
11
96
74
93
77
26
20
19
83
68
99
88
3
65
22
9
89
85
59
92
85
17
83
76
63
60
71
46
42
16
11
68
64
7
43
72
12
13
99
99
74
20
70
36
84
2
18
34
46
72
58
80
95
52
22
73
66
69
30
13
30
29
40
14
34
79
90
19
86
92
30
58
64
85
58
67
58
2
83
20
36
85
9
13
16
11
36
55
36
37
38
75
1
8
31
21
39
31
59
75
34
15
43
97
60
2
23
18
39
83
90
44
51
76
22
100
97
14
100
68
91
70
40
88
55
4
17
77
12
32
4
34
57
74
22
30
90
69
94
61
97
3
64
57
59
79
45
11
16
20
76
71
13
36
80
73
39
91
58
7
17
26
100
29
35
54
66
54
72
72
52
97
43
43
24
46
94
16
55
4
79
31
5
28
28
11
30
8
70
7
42
84
41
91
88
57
47
87
54
10
94
86
88
14
39
76
6
64
62
74
73
9
42
60
65
30
42
98
18
13
60
62
81
62
75
69
80
52
19
2
32
84
91
12
56
93
47
90
58
11
46
20
54
75
87
90
50
100
39
95
86
79
18
88
93
81
62
23
88
22
76
75
92
20
90
15
30
53
48
59
90
61
84
52
61
34
12
61
93
69
13
53
89
68
54
3
28
74
94
55
1
31
13
83
52
60
63
28
84
93
60
54
38
88
79
21
65
4
47
31
90
74
95
44
71
61
57
86
3
98
10
50
58
39
77
65
74
79
86
36
70
90
10
32
93
20
68
95
77
54
57
47
33
89
3
53
85
22
91
50
1
96
80
48
13
61
26
91
63
95
73
63
10
93
30
21
59
16
97
60
58
59
36
42
41
75
72
68
80
48
15
31
13
87
92
56
53
44
85
3
84
9
46
36
85
37
49
80
94
30
7
29
55
95
19
70
14
19
20
41
63
22
52
78
27
50
30
5
14
35
69
96
96
97
42
25
59
88
21
11
81
23
54
5
3
23
12
78
54
69
19
17
90
65
99
13
19
35
6
12
19
83
46
94
39
7
98
12
21
28
41
24
73
72
98
6
75
59
83
34
74
15
43
37
29
60
4
71
79
91
13
55
27
11
28
18
30
55
78
81
38
95
27
11
58
58
54
43
4
18
17
67
17
95
68
11
4
95
9
83
15
71
92
42
94
16
30
91
6
26
20
89
68
40
90
96
77
84
9
69
55
73
59
7
38
94
98
16
74
15
91
95
73
15
40
20
20
95
38
2
55
74
56
70
38
44
38
48
51
11
55
47
7
45
75
91
86
12
11
19
25
5
7
16
20
11
66
83
55
11
48
8
96
38
98
8
82
23
34
89
97
54
46
81
55
6
27
24
91
28
99
5
2
49
25
10
15
47
54
77
58
38
18
92
69
37
7
37
94
67
78
23
92
67
83
35
8
74
83
24
30
40
42
40
88
85
49
27
76
40
38
17
57
34
27
65
22
16
37
2
69
18
1
37
45
46
3
76
97
15
30
33
9
35
75
38
60
80
36
60
36
9
17
57
10
19
1
11
58
15
67
38
27
35
8
32
58
3
45
41
75
16
70
2
90
40
63
30
87
26
4
53
8
27
4
12
9
64
53
39
25
62
12
62
44
66
92
34
11
93
95
58
81
44
72
6
62
8
44
22
8
97
41
30
25
45
90
54
24
84
27
20
59
16
62
62
36
5
38
2
98
99
78
33
9
59
51
9
36
24
86
84
24
73
7
66
31
63
3
72
29
73
9
97
22
73
40
34
58
97
82
57
34
66
52
14
87
67
39
25
88
74
1
49
18
89
83
3
57
78
10
37
34
51
40
14
7
74
75
74
52
76
4
68
1
14
84
76
47
54
88
13
62
27
40
19
66
82
66
59
21
99
55
99
29
2
97
76
30
95
84
6
5
94
5
21
29
75
44
61
65
72
48
61
62
82
92
65
17
56
87
35
15
49
74
20
74
60
54
74
11
35
47
22
83
74
6
14
2
48
26
41
19
75
72
74
91
93
20
67
39
86
14
76
58
75
96
85
31
79
11
58
59
53
10
89
99
3
21
14
94
29
35
91
86
68
63
63
5
79
97
36
42
44
36
24
78
32
90
72
53
70
73
58
60
29
20
17
81
8
96
24
100
40
68
39
97
25
44
58
21
52
50
33
52
73
40
43
38
72
94
45
79
82
75
78
94
53
1
60
91
13
62
32
34
42
37
70
11
86
36
13
3
41
68
59
9
50
46
60
13
11
34
15
48
93
39
64
31
33
41
3
82
34
86
76
10
7
21
18
98
72
85
90
86
19
37
37
3
34
34
56
73
99
49
11
37
92
86
82
27
5
18
99
92
53
52
39
30
78
48
13
92
54
46
66
82
11
87
60
20
79
63
82
85
34
20
18
6
100
41
24
58
11
30
64
71
35
42
64
72
99
28
60
3
17
96
41
96
61
67
77
35
80
75
9
79
6
21
29
45
9
58
20
74
27
78
56
84
10
8
1
89
67
60
79
81
7
13
60
26
94
22
80
21
91
15
40
23
42
42
42
53
16
47
4
92
19
49
32
58
41
53
30
45
62
39
74
3
69
81
82
80
39
45
26
7
77
100
14
34
27
7
12
47
51
83
79
26
43
12
100
83
45
46
93
83
41
52
61
91
37
69
36
17
85
23
61
19
98
80
24
100
72
0 569
0 615
0 641
0 1319
0 1520
1 1538
2 926
2 1471
2 1925
3 253
4 239
4 1221
4 1334
4 1344
5 342
5 696
5 732
6 1893
7 952
7 1485
8 12
8 229
8 506
8 1140
9 1656
9 1845
11 890
11 1262
11 1669
12 444
13 931
13 1036
13 1930
14 1319
15 1131
16 414
16 647
16 1828
17 1250
17 1300
17 1637
17 1794
18 1474
19 690
20 60
20 1372
21 1643
21 1733
22 34
22 137
22 180
22 204
22 280
22 873
22 1355
22 1792
23 82
23 1087
23 1749
24 676
24 1484
26 139
26 1456
27 355
27 799
27 859
28 1566
29 528
29 1659
30 680
30 1142
30 1195
30 1453
30 1563
30 1984
31 45
31 228
31 1505
31 1890
32 567
32 625
33 1323
33 1330
34 599
34 1312
35 1126
35 1155
36 598
36 988
36 1048
37 462
37 496
37 890
37 1364
38 104
38 276
38 523
39 1787
40 533
40 1235
40 1657
40 1829
40 1911
41 840
41 1276
42 400
42 927
42 1048
43 222
43 1087
43 1490
44 1576
44 1803
44 1958
45 301
45 1523
45 1660
46 1195
46 1840
47 52
47 163
47 954
48 388
48 842
48 1085
48 1865
48 1998
49 1476
49 1521
49 1916
50 481
50 981
51 1810
52 475
52 712
52 819
52 1062
52 1436
52 1510
52 1686
53 457
53 1984
54 1808
54 1849
55 886
55 1065
55 1101
55 1506
55 1536
56 1256
56 1461
56 1834
56 1905
57 452
57 1746
57 1788
58 686
58 1060
58 1562
59 1080
60 97
60 1205
61 825
61 1382
61 1776
61 1902
62 841
62 847
63 845
63 933
63 1596
64 247
64 483
64 624
64 661
64 911
64 961
64 1316
64 1598
65 443
66 213
66 386
67 1106
67 1373
67 1436
67 1910
67 1955
68 206
69 419
70 1459
70 1784
70 1919
71 1062
71 1556
71 1961
72 309
72 627
72 1923
73 481
73 1268
73 1846
74 1115
74 1988
76 163
76 276
76 1572
76 1673
77 993
77 1414
77 1959
78 776
78 1569
78 1888
79 338
79 537
79 1264
79 1977
80 666
82 651
82 788
83 1878
83 1926
85 1370
86 999
87 975
87 1545
87 1718
88 254
88 1525
89 138
89 617
89 632
89 1404
89 1939
90 447
90 1901
91 500
91 886
91 1707
91 1716
92 129
92 1528
92 1723
93 155
93 221
93 1167
93 1227
93 1258
93 1806
94 190
94 1450
94 1758
95 134
95 607
96 1137
96 1370
97 168
97 512
97 1029
97 1565
98 290
98 611
98 782
99 285
99 895
100 1450
100 1805
101 871
101 944
101 1488
102 1363
103 362
103 773
103 1335
103 1365
103 1368
103 1776
104 424
104 540
104 683
104 1703
104 1861
104 1909
105 979
105 1000
105 1114
106 121
106 720
106 910
106 1386
106 1500
107 226
107 849
107 898
107 944
108 306
108 1745
108 1851
108 1877
111 1083
111 1997
112 411
112 546
113 779
113 1578
113 1990
116 423
116 646
117 254
117 973
117 1642
119 679
119 1176
119 1239
120 389
120 429
120 453
120 870
120 1047
121 419
121 1290
121 1358
122 542
122 1300
122 1773
124 460
124 925
124 1438
124 1630
125 511
125 877
125 974
125 1540
126 280
126 449
126 1152
127 348
127 548
128 1977
129 411
129 796
129 1202
130 218
130 729
130 857
130 872
131 869
131 1972
132 1062
133 323
133 526
133 644
134 209
134 879
134 995
134 1058
134 1476
134 1870
135 286
135 746
135 1976
136 784
136 1747
137 144
137 245
137 950
137 1138
137 1367
137 1759
138 412
138 628
139 1131
139 1791
141 776
142 823
142 1026
142 1345
142 1410
142 1733
143 375
143 633
143 1201
143 1236
143 1286
143 1899
143 1976
144 927
145 451
145 689
145 1259
146 297
147 968
148 807
148 901
149 948
150 741
150 1373
151 310
151 714
151 720
151 1072
151 1129
152 234
152 1109
152 1556
152 1656
152 1846
152 1866
153 1127
153 1823
154 412
154 541
155 542
156 559
157 338
157 386
157 544
157 777
157 1173
158 1246
159 190
159 1001
159 1195
160 1173
160 1843
161 877
161 1030
161 1074
161 1486
162 260
162 559
162 1513
163 335
163 723
163 1294
164 301
164 943
164 1724
164 1944
165 710
165 1901
166 221
166 868
166 1593
167 772
167 1300
168 497
168 1631
168 1682
169 647
169 980
170 1224
172 193
172 589
172 1584
172 1934
172 1951
173 1277
173 1611
173 1883
174 317
174 447
175 1420
175 1444
175 1603
176 508
176 1594
176 1757
177 924
177 1116
177 1153
178 1033
178 1449
178 1487
178 1617
178 1738
179 441
179 966
179 1334
180 248
181 479
181 936
181 949
181 1051
181 1141
181 1311
181 1581
181 1960
182 380
182 1231
182 1883
183 740
183 1576
183 1986
184 459
184 889
184 1153
184 1189
184 1757
185 1551
185 1730
187 666
187 1190
188 218
188 245
188 638
188 1796
189 567
189 1676
189 1896
190 291
190 293
190 477
190 848
190 1143
190 1193
191 271
191 1225
191 1651
191 1677
192 290
192 944
192 1713
192 1816
192 1837
192 1954
193 575
193 1087
193 1165
193 1439
193 1660
194 686
194 1016
194 1237
194 1934
196 268
196 937
196 1431
197 238
197 507
198 828
199 520
199 758
199 936
200 1263
200 1413
201 286
201 1253
201 1396
201 1900
202 1831
202 1958
203 1609
204 1300
204 1657
205 1239
205 1532
205 1536
205 1848
206 581
207 482
207 727
207 953
207 1118
207 1250
208 1767
209 404
210 690
210 1202
210 1890
211 901
211 917
211 1040
212 869
212 1011
212 1301
212 1546
213 362
213 775
213 806
214 672
214 1175
214 1663
214 1712
214 1777
215 450
215 1134
217 1982
218 288
218 1589
219 948
219 1096
219 1291
219 1299
219 1312
219 1431
219 1890
220 383
220 755
221 1392
222 637
222 686
222 1521
223 547
223 1071
223 1689
223 1829
224 1216
224 1258
224 1530
225 327
225 463
225 539
225 1415
226 278
226 1331
226 1840
226 1958
227 604
228 1422
228 1809
229 1384
229 1624
229 1842
230 425
230 642
230 1193
230 1536
230 1918
231 1758
232 1639
233 1008
233 1356
234 1194
235 1050
236 282
237 1072
238 1162
241 1259
241 1705
242 1245
242 1399
243 881
244 977
244 1486
245 862
245 884
245 1005
245 1008
245 1320
245 1382
245 1519
246 1617
247 938
247 1172
247 1295
247 1342
247 1368
248 673
248 894
249 617
249 859
249 1242
249 1256
249 1723
249 1991
250 334
250 1551
251 492
251 1103
252 572
252 1290
255 355
255 381
255 465
256 742
257 592
257 623
257 993
257 1932
258 439
258 1351
258 1915
259 1171
259 1197
259 1986
260 1228
261 758
262 305
262 1965
263 1241
263 1257
263 1343
263 1760
265 1650
267 591
267 662
267 685
268 1035
268 1384
269 318
269 337
269 353
269 1057
269 1072
270 450
270 553
271 531
271 843
272 606
272 1242
272 1645
272 1660
273 490
273 1458
274 411
274 1011
274 1267
275 382
275 780
275 1190
276 656
276 1816
277 496
277 1379
278 1524
279 791
279 1116
280 1908
281 282
281 461
282 1799
283 914
284 480
284 1635
284 1962
285 577
285 1217
285 1380
285 1475
285 1945
286 484
286 759
286 1355
287 991
287 1011
287 1395
287 1594
287 1626
287 1766
288 838
288 1911
289 1560
290 893
290 1929
291 333
291 392
292 461
292 574
293 621
293 801
293 1394
293 1596
293 1691
294 361
294 903
295 1521
296 620
296 912
296 1091
296 1886
297 1052
297 1131
297 1187
297 1336
298 406
298 572
298 838
298 1548
299 976
299 1154
299 1475
301 1602
302 405
302 801
302 1073
303 336
303 713
303 792
303 915
303 1305
303 1769
303 1884
304 541
304 851
304 1107
304 1149
304 1262
304 1764
305 679
305 1421
305 1459
305 1980
306 940
306 1209
307 369
307 653
307 675
307 762
307 1310
307 1760
307 1930
308 1137
308 1278
308 1447
309 401
309 874
310 832
310 977
310 1704
310 1726
311 684
311 1100
311 1185
311 1509
311 1919
312 1701
313 1057
314 570
314 683
314 977
315 1918
316 1916
318 1027
318 1166
319 501
319 1243
319 1591
319 1765
320 609
320 925
320 978
320 1305
320 1606
321 1298
322 928
322 1363
322 1622
323 708
323 737
323 838
323 841
323 1097
323 1986
324 1892
325 535
325 1950
326 751
326 1031
326 1080
326 1508
327 421
327 1120
327 1324
327 1692
328 338
328 584
328 728
328 1537
329 725
329 1169
329 1648
330 794
331 970
331 977
331 1559
332 499
332 614
333 372
334 974
336 669
336 1081
336 1230
336 1298
336 1741
337 929
337 997
337 1307
339 452
339 1155
339 1590
340 1565
342 1338
342 1662
343 391
343 912
343 1614
344 470
344 695
344 1059
344 1600
345 633
345 926
346 402
346 664
346 1769
347 1453
348 349
348 384
348 924
348 1349
349 988
349 1223
349 1779
349 1908
350 1752
350 1854
350 1993
351 382
351 867
351 879
351 1632
352 465
352 654
352 1030
352 1393
353 916
353 1017
353 1274
353 1652
353 1943
354 586
354 918
354 1170
354 1235
354 1717
354 1777
355 912
355 966
355 1409
357 1058
358 723
358 1286
359 388
360 1228
361 1077
361 1632
361 1905
362 1841
363 448
363 609
363 1016
364 1336
364 1671
364 1933
364 1998
365 599
365 1467
365 1643
365 1847
365 1879
366 1749
367 859
367 882
367 1194
367 1502
367 1637
367 1818
368 421
368 1510
369 395
369 1128
370 449
371 475
371 811
371 1581
372 1702
373 632
373 1124
373 1881
374 1916
375 1346
376 803
377 1425
377 1709
377 1757
378 450
378 1358
378 1690
379 649
379 1029
379 1036
379 1082
380 439
380 839
380 1280
380 1685
380 1994
381 518
383 431
383 1160
384 1109
384 1253
384 1728
384 1950
384 1951
385 406
385 1830
386 915
387 475
387 1571
387 1921
387 1964
388 557
388 1759
389 1320
389 1390
389 1640
389 1999
390 444
390 1939
391 1271
391 1628
392 764
392 1559
392 1726
393 538
393 628
393 1002
393 1030
393 1343
393 1378
394 1705
395 1164
395 1924
396 1257
396 1398
396 1475
396 1570
396 1701
397 1734
398 460
398 652
399 1232
400 1048
400 1796
401 415
401 849
401 1913
403 1314
403 1365
403 1423
404 1270
405 456
405 506
406 1013
406 1179
407 487
407 878
407 1549
407 1606
407 1763
408 1154
409 933
409 1009
409 1486
410 872
410 1994
411 678
413 547
413 906
413 1021
413 1077
414 506
415 1163
415 1619
416 473
417 1027
417 1401
417 1643
418 512
418 619
418 1873
421 563
422 1188
422 1558
422 1792
423 533
423 986
423 991
423 1269
424 576
425 1159
425 1201
425 1394
426 435
426 1239
426 1862
427 791
427 888
427 1890
427 1934
428 1047
428 1924
429 1460
430 671
430 889
430 969
431 502
431 707
431 1032
431 1095
431 1329
431 1330
431 1348
431 1538
431 1565
432 848
432 1979
433 543
433 1095
433 1475
433 1837
433 1850
434 621
434 759
436 444
436 825
437 1814
438 882
438 966
439 944
439 996
439 1184
439 1598
440 1050
440 1234
440 1800
441 456
441 1548
441 1591
441 1818
441 1992
442 1248
442 1439
442 1540
443 891
444 510
444 1253
444 1908
445 552
445 657
445 808
445 932
447 1216
447 1838
448 472
448 1127
448 1295
448 1462
449 674
450 898
451 1818
452 1253
452 1458
453 1180
453 1684
453 1837
454 723
454 1811
455 588
456 735
457 474
457 868
457 1031
457 1074
457 1366
457 1854
458 470
458 948
458 1531
458 1729
459 632
459 1262
459 1472
459 1720
460 775
460 1504
461 589
461 731
461 881
461 928
461 936
461 1090
462 901
462 1300
463 1351
463 1386
463 1968
464 672
464 1227
465 975
465 1765
465 1955
466 533
466 658
466 682
466 1494
466 1576
467 619
467 1146
467 1148
468 477
468 1228
468 1930
469 694
469 1788
469 1979
470 859
471 1034
471 1140
472 935
472 977
472 1335
472 1998
473 556
473 974
473 1456
473 1912
474 769
474 1948
475 659
476 1191
476 1593
476 1754
477 1100
477 1201
477 1869
478 1260
478 1445
478 1711
479 593
479 1467
479 1541
479 1607
480 1848
481 1807
482 1463
483 714
483 1537
483 1719
484 639
485 920
485 1199
485 1727
486 606
486 852
487 1209
487 1305
487 1483
487 1569
488 942
489 1986
490 903
490 1283
491 1427
491 1646
491 1786
492 527
492 680
492 805
492 833
492 860
492 895
492 1251
492 1840
493 617
493 1883
494 646
494 654
494 728
494 1148
494 1243
494 1957
495 1703
496 601
496 789
496 810
496 982
497 1088
497 1861
499 720
499 952
500 513
500 1187
500 1372
501 507
501 555
501 809
501 882
501 1284
501 1371
502 1082
502 1656
502 1658
502 1670
503 766
503 838
503 1245
503 1807
504 846
504 1580
505 1163
505 1872
506 1897
507 1518
508 670
508 1359
509 1205
509 1523
509 1782
509 1890
510 604
510 1273
510 1344
511 1670
512 741
514 1019
514 1724
515 773
516 874
516 1026
516 1153
516 1430
516 1828
517 953
517 1232
517 1291
517 1646
517 1673
517 1858
518 1671
519 797
519 1217
519 1358
519 1727
519 1813
520 944
520 1042
520 1121
520 1328
520 1642
520 1902
521 1427
521 1461
521 1696
521 1700
522 805
522 1456
523 584
523 708
523 1339
524 1658
524 1716
525 1521
525 1802
526 688
526 983
526 1402
526 1512
527 955
527 1346
527 1428
527 1787
527 1839
528 1248
530 847
530 922
530 1504
531 1556
532 899
532 936
532 1828
534 907
534 1031
534 1644
534 1733
534 1754
535 987
536 1615
536 1623
537 1180
537 1195
538 1525
539 1108
539 1700
539 1969
542 851
542 1093
543 775
543 1004
543 1308
544 1440
545 736
545 944
545 1120
545 1128
545 1276
545 1466
548 594
548 1154
548 1253
548 1316
550 601
550 855
550 862
550 919
550 1574
550 1860
551 890
551 1047
551 1093
551 1344
551 1479
552 670
552 692
552 1054
552 1555
553 927
553 1165
553 1214
553 1866
554 1165
555 832
555 1725
556 1362
556 1658
556 1696
557 1316
557 1965
558 581
559 659
559 1509
559 1865
560 972
560 1315
560 1647
560 1879
560 1900
561 1722
562 804
562 872
562 1825
563 1424
563 1441
563 1710
564 582
564 746
565 1487
565 1742
565 1942
566 1061
566 1220
566 1366
566 1528
567 1382
568 1697
569 969
569 1081
570 1082
570 1202
571 1509
571 1586
572 1418
572 1602
572 1888
572 1927
573 1437
574 1190
574 1613
574 1791
575 593
575 1227
575 1431
575 1847
576 1007
576 1056
576 1127
576 1836
576 1937
577 671
577 770
577 829
577 1490
578 1304
578 1320
578 1374
579 984
580 980
580 1759
580 1779
580 1825
580 1856
580 1870
582 1159
582 1824
583 1978
584 897
584 1068
584 1137
584 1843
585 1140
587 1873
588 709
588 876
588 948
588 1154
588 1265
590 1285
590 1379
591 991
592 803
592 1052
592 1277
592 1393
592 1756
592 1834
592 1841
593 1955
594 722
594 1194
595 892
595 1694
596 830
596 1342
596 1578
597 1950
598 724
598 929
598 1666
599 1334
600 729
600 1899
601 1585
602 865
602 925
602 1441
602 1911
603 624
603 1160
603 1713
603 1985
604 870
604 904
604 1417
604 1781
605 973
606 748
606 794
606 877
606 1802
607 1067
607 1115
607 1752
608 815
609 664
609 678
609 1108
609 1571
609 1879
610 973
613 1452
614 1370
615 832
615 1519
616 659
616 947
616 1384
616 1562
616 1954
617 928
617 1316
618 898
618 1220
618 1544
618 1582
618 1689
619 777
619 1601
619 1735
619 1846
620 1307
621 1916
622 709
622 1618
623 1164
623 1842
624 1532
625 1839
626 1880
628 1010
628 1037
628 1241
628 1845
628 1877
629 702
629 718
630 1116
630 1320
630 1331
630 1509
630 1956
631 1597
631 1644
632 1612
633 1689
633 1722
634 904
634 1655
634 1811
635 639
635 1305
636 1438
636 1583
637 923
637 1401
638 639
639 826
639 1251
639 1411
639 1621
639 1667
639 1727
639 1772
639 1894
640 1165
640 1315
640 1588
641 1260
642 1151
642 1742
643 1715
645 820
645 1644
645 1718
646 1838
647 1073
647 1452
647 1657
647 1678
648 750
648 1676
649 1721
650 995
650 1249
650 1520
651 677
651 706
651 770
651 884
652 1204
652 1319
652 1323
652 1656
653 1947
655 1520
655 1678
656 1802
656 1805
658 1616
660 1200
660 1984
661 943
661 1044
661 1154
661 1733
661 1838
662 1983
663 841
663 1566
665 1983
666 1693
669 743
669 769
669 1332
670 883
670 1721
670 1871
671 794
671 1209
671 1944
671 1983
672 1067
672 1819
673 1178
673 1675
673 1756
674 751
675 810
675 1998
677 811
677 815
677 1213
677 1393
677 1705
677 1811
678 1461
679 1649
681 1064
681 1340
681 1823
682 1385
682 1624
683 843
683 1177
683 1618
683 1993
685 1890
687 992
687 1351
687 1879
688 968
688 1279
688 1592
688 1883
689 1124
689 1146
692 1503
693 1076
693 1153
693 1405
693 1689
693 1848
694 857
694 1567
696 823
696 1754
697 1068
697 1693
698 916
698 1493
698 1897
700 894
700 1444
701 968
701 1832
701 1863
702 718
702 1008
702 1789
703 819
703 1304
704 731
704 1688
704 1702
705 1645
706 821
706 848
706 1040
706 1202
707 1650
709 1100
710 869
711 819
711 1376
711 1639
711 1877
711 1915
712 1441
713 883
713 1287
713 1607
714 1064
714 1998
715 1788
716 1096
716 1281
716 1455
717 1217
717 1414
717 1602
717 1657
718 1074
718 1267
718 1887
719 747
719 862
719 1367
719 1614
719 1876
720 1286
720 1588
721 1317
721 1380
721 1405
723 795
723 1258
723 1621
723 1668
724 770
725 1361
726 845
726 1977
728 995
728 1491
729 748
729 1508
729 1564
730 1581
730 1756
731 938
731 1567
731 1667
731 1744
732 1068
732 1297
732 1858
732 1931
733 1787
734 899
734 1461
734 1585
734 1990
735 1333
735 1633
735 1852
736 1057
736 1315
736 1662
736 1701
737 814
737 1205
738 1185
738 1519
739 863
739 904
739 914
739 1489
739 1791
740 990
741 1749
742 804
743 863
744 1437
745 1163
745 1338
746 1890
747 910
747 1047
747 1132
747 1615
748 1020
748 1226
748 1750
750 989
750 1193
750 1338
750 1451
751 979
751 1604
752 808
752 1567
753 1559
753 1623
754 1719
755 1331
756 1398
757 1433
757 1580
758 1327
759 1487
760 819
760 885
761 785
761 1671
761 1913
763 852
763 957
763 1907
765 1900
766 1447
766 1888
767 1875
768 828
768 1877
769 962
769 1051
769 1840
770 1169
771 1151
771 1280
771 1858
772 1584
772 1899
773 1061
774 873
774 1882
776 1247
776 1434
777 824
777 1875
777 1883
777 1920
778 1394
778 1496
779 1775
780 1536
780 1570
780 1654
780 1963
781 958
782 1552
782 1642
782 1940
783 1787
784 1257
784 1269
785 1394
786 1305
786 1587
787 1757
788 1621
789 792
789 1048
789 1399
790 1011
790 1385
790 1660
791 1246
791 1829
792 919
792 1545
793 1387
794 1363
794 1398
794 1520
795 1005
795 1301
795 1367
796 969
796 1212
796 1363
797 1001
797 1123
797 1257
797 1906
798 1564
798 1752
798 1847
799 1223
800 827
800 1582
801 1419
801 1964
802 899
803 1416
804 1058
805 885
805 886
805 994
805 1261
806 1007
807 1325
807 1521
808 1935
809 834
809 874
809 979
809 1616
810 1242
810 1623
811 1217
812 1063
812 1161
813 1720
814 882
814 976
814 1127
814 1134
814 1672
814 1754
815 1161
815 1234
815 1258
816 1152
816 1691
816 1883
816 1895
816 1940
818 1383
818 1717
819 933
819 1365
819 1470
819 1697
819 1843
820 1141
820 1248
821 871
821 1288
821 1887
822 1258
825 1304
826 1384
826 1591
826 1967
827 1067
827 1737
828 1360
830 1011
830 1080
830 1882
830 1936
831 936
832 1189
832 1585
832 1651
833 1229
834 950
834 1879
835 1025
835 1993
836 1326
836 1348
838 1480
838 1660
838 1891
839 1651
840 1288
840 1545
840 1670
841 1286
841 1329
842 861
842 904
843 905
844 1749
846 1030
846 1227
846 1321
846 1671
847 1204
847 1489
847 1783
849 1546
849 1618
850 1627
851 1023
851 1283
851 1940
852 942
852 1286
852 1506
853 1360
854 1080
856 1284
856 1487
857 917
857 918
857 1323
857 1776
857 1970
859 1052
860 947
860 955
860 1321
861 1336
861 1427
862 1212
862 1867
863 1104
864 1134
864 1860
866 1603
867 1104
867 1269
869 1463
869 1490
869 1586
869 1659
870 1228
870 1580
871 1283
872 1640
874 1468
875 1117
875 1520
875 1531
875 1659
875 1731
876 1503
879 1392
879 1417
880 1082
880 1867
881 1487
881 1772
881 1806
882 1044
882 1366
882 1874
883 1565
884 1404
884 1709
885 1311
885 1698
886 892
886 1852
887 938
888 1597
889 1781
890 1033
890 1362
891 1382
891 1688
892 1631
892 1994
894 1439
894 1813
895 917
895 918
895 936
895 1080
895 1189
896 1135
896 1140
897 1200
898 1005
898 1294
898 1869
899 1183
899 1444
899 1522
899 1583
900 953
900 1067
900 1516
901 1728
902 1187
903 1505
904 1717
904 1952
905 1015
905 1147
905 1184
905 1911
906 927
906 1472
908 1371
908 1631
909 954
909 1948
910 1142
910 1274
911 1404
911 1904
911 1923
912 914
912 1546
913 1544
913 1692
914 1014
914 1020
914 1192
916 995
916 1725
917 1286
917 1565
919 994
919 1241
919 1311
919 1879
920 1118
921 1086
922 1484
922 1497
922 1925
923 1065
923 1151
923 1869
926 1649
926 1822
927 1801
928 1313
928 1773
930 1315
930 1718
931 1157
931 1253
932 1294
932 1750
933 1528
933 1751
933 1972
934 972
934 1584
935 1416
936 1586
937 1348
937 1933
939 1122
939 1214
940 1273
941 1542
942 1017
943 1305
944 991
945 1445
946 1150
946 1630
947 1150
947 1263
947 1277
947 1813
948 1127
952 1069
953 1290
953 1544
954 1079
954 1506
954 1520
955 1267
955 1492
957 1048
958 1456
958 1716
958 1744
958 1923
959 1520
959 1597
959 1960
960 1707
961 1818
961 1917
962 1826
963 1864
964 1089
964 1809
965 1271
965 1577
966 1145
966 1670
966 1737
967 1044
967 1197
967 1567
968 1523
968 1860
969 1431
969 1774
970 1065
970 1803
970 1988
971 1248
972 1058
973 1895
975 1662
977 1273
979 1231
979 1470
979 1585
980 1025
980 1567
980 1710
980 1922
981 1185
983 1959
984 1327
984 1568
985 1412
985 1556
987 1752
988 998
988 1533
988 1601
989 1212
991 1916
992 1517
992 1580
993 1908
994 1395
994 1481
994 1943
997 1098
997 1667
997 1808
998 1857
999 1324
1000 1397
1000 1682
1001 1069
1001 1879
1002 1050
1002 1117
1002 1594
1003 1460
1003 1720
1004 1820
1006 1122
1006 1865
1008 1083
1008 1296
1008 1663
1009 1205
1009 1793
1010 1345
1010 1455
1011 1438
1012 1459
1012 1676
1012 1821
1012 1896
1013 1746
1015 1821
1016 1485
1017 1810
1018 1198
1018 1475
1019 1143
1019 1554
1019 1778
1019 1854
1020 1309
1020 1717
1021 1210
1022 1310
1022 1694
1023 1301
1024 1514
1024 1982
1025 1219
1025 1561
1025 1789
1026 1436
1026 1508
1028 1975
1029 1615
1029 1706
1030 1546
1030 1722
1032 1394
1033 1626
1033 1672
1033 1829
1033 1984
1034 1059
1034 1178
1036 1668
1036 1768
1038 1925
1039 1066
1039 1827
1042 1433
1043 1868
1044 1928
1045 1532
1045 1804
1045 1976
1046 1077
1046 1124
1046 1662
1047 1793
1051 1173
1051 1715
1053 1308
1054 1149
1057 1215
1057 1996
1058 1676
1058 1947
1059 1821
1062 1129
1062 1309
1063 1115
1063 1176
1063 1879
1064 1400
1064 1577
1064 1796
1065 1319
1066 1131
1066 1745
1067 1231
1067 1951
1068 1225
1068 1357
1069 1747
1070 1467
1071 1223
1071 1441
1071 1900
1072 1585
1072 1929
1073 1794
1074 1601
1075 1319
1075 1775
1076 1702
1076 1717
1076 1744
1081 1860
1082 1445
1084 1666
1084 1794
1086 1239
1086 1966
1089 1198
1089 1461
1089 1990
1090 1840
1091 1830
1091 1841
1092 1600
1092 1616
1092 1706
1092 1927
1093 1147
1093 1852
1094 1342
1094 1356
1094 1378
1094 1482
1096 1482
1096 1841
1097 1240
1098 1866
1099 1290
1101 1312
1101 1655
1101 1868
1102 1291
1102 1882
1103 1198
1103 1219
1103 1672
1104 1156
1104 1570
1105 1173
1105 1317
1105 1332
1106 1588
1106 1701
1107 1557
1107 1619
1107 1828
1108 1201
1108 1789
1108 1979
1109 1899
1110 1944
1111 1406
1111 1651
1112 1250
1113 1476
1113 1844
1114 1217
1114 1862
1116 1199
1116 1604
1117 1398
1117 1810
1118 1735
1118 1999
1120 1357
1121 1609
1122 1794
1123 1394
1124 1172
1125 1532
1125 1779
1126 1467
1126 1676
1126 1747
1128 1237
1129 1591
1133 1665
1133 1768
1134 1629
1136 1963
1137 1743
1140 1614
1141 1335
1142 1866
1143 1487
1144 1304
1145 1318
1146 1450
1146 1465
1147 1920
1147 1982
1148 1154
1148 1724
1151 1674
1151 1741
1151 1921
1152 1393
1154 1821
1156 1289
1156 1666
1156 1743
1157 1938
1157 1944
1158 1413
1158 1537
1158 1814
1159 1226
1160 1342
1160 1941
1161 1633
1162 1393
1162 1605
1163 1822
1165 1400
1165 1463
1165 1502
1165 1581
1166 1834
1167 1254
1167 1451
1168 1623
1169 1462
1170 1571
1171 1577
1171 1597
1171 1938
1174 1186
1174 1271
1174 1725
1174 1820
1175 1677
1175 1994
1177 1313
1177 1536
1178 1272
1179 1347
1180 1222
1180 1931
1182 1304
1182 1367
1182 1746
1182 1995
1185 1369
1186 1519
1188 1614
1188 1949
1189 1246
1189 1319
1190 1816
1191 1634
1191 1762
1193 1891
1194 1447
1194 1666
1195 1305
1196 1747
1196 1786
1197 1443
1197 1945
1199 1695
1200 1281
1200 1678
1200 1888
1202 1400
1203 1637
1204 1440
1206 1721
1207 1323
1207 1540
1207 1789
1209 1309
1209 1501
1210 1483
1210 1508
1211 1398
1212 1424
1216 1877
1218 1304
1218 1426
1218 1824
1219 1950
1221 1465
1222 1368
1222 1965
1223 1272
1224 1537
1225 1437
1225 1634
1225 1981
1226 1249
1226 1381
1226 1593
1228 1362
1229 1729
1230 1339
1230 1643
1230 1931
1231 1323
1231 1656
1232 1851
1233 1427
1233 1739
1235 1519
1235 1709
1236 1382
1236 1661
1237 1299
1238 1549
1238 1946
1239 1941
1240 1640
1240 1861
1241 1993
1242 1760
1242 1927
1243 1740
1244 1442
1244 1540
1244 1803
1245 1338
1245 1773
1245 1992
1246 1893
1247 1471
1247 1895
1247 1955
1249 1707
1250 1699
1251 1499
1252 1639
1256 1367
1256 1622
1256 1976
1258 1764
1258 1945
1260 1338
1260 1538
1261 1284
1261 1530
1262 1495
1263 1768
1264 1354
1264 1517
1264 1874
1266 1623
1266 1679
1267 1579
1269 1492
1269 1678
1270 1367
1271 1648
1271 1700
1273 1607
1274 1527
1275 1739
1275 1929
1276 1440
1278 1815
1279 1564
1281 1319
1281 1442
1281 1742
1283 1854
1284 1361
1284 1466
1284 1645
1285 1452
1285 1466
1285 1472
1285 1613
1285 1653
1285 1694
1286 1719
1287 1548
1289 1549
1290 1666
1293 1515
1293 1583
1294 1584
1294 1807
1294 1845
1295 1765
1296 1325
1297 1744
1297 1974
1298 1485
1299 1337
1299 1450
1299 1847
1300 1424
1302 1778
1302 1792
1304 1454
1304 1617
1304 1687
1305 1423
1305 1716
1305 1721
1305 1906
1305 1977
1307 1689
1310 1433
1314 1973
1316 1835
1318 1372
1318 1607
1319 1360
1319 1417
1319 1836
1320 1397
1322 1401
1325 1544
1325 1779
1327 1328
1328 1350
1329 1632
1330 1785
1334 1427
1334 1632
1335 1718
1335 1732
1336 1478
1337 1760
1338 1870
1339 1846
1340 1536
1343 1430
1343 1724
1344 1763
1350 1678
1351 1718
1351 1775
1352 1831
1352 1981
1353 1842
1353 1888
1353 1962
1354 1428
1354 1919
1355 1567
1356 1647
1357 1977
1358 1617
1358 1776
1362 1591
1362 1958
1363 1688
1363 1998
1365 1920
1367 1552
1371 1928
1372 1620
1372 1894
1373 1467
1374 1486
1378 1945
1382 1723
1383 1843
1384 1446
1384 1547
1384 1726
1385 1911
1386 1764
1387 1493
1387 1766
1387 1773
1388 1736
1389 1646
1392 1531
1392 1699
1393 1402
1394 1399
1395 1754
1396 1863
1399 1892
1401 1876
1402 1412
1403 1760
1406 1723
1407 1649
1407 1813
1408 1674
1408 1745
1408 1764
1409 1419
1409 1905
1409 1959
1411 1747
1411 1759
1411 1788
1412 1636
1412 1922
1413 1910
1414 1423
1414 1889
1415 1627
1419 1667
1419 1807
1420 1578
1422 1860
1423 1952
1424 1600
1424 1800
1425 1995
1426 1616
1427 1470
1427 1496
1428 1506
1432 1541
1432 1837
1433 1945
1434 1712
1434 1857
1438 1593
1439 1784
1447 1586
1447 1655
1447 1843
1449 1459
1451 1708
1451 1746
1452 1985
1453 1641
1457 1728
1457 1791
1458 1915
1458 1944
1459 1474
1462 1706
1462 1970
1465 1795
1465 1850
1465 1949
1466 1477
1469 1530
1470 1954
1471 1487
1472 1853
1473 1805
1475 1943
1477 1632
1477 1755
1477 1908
1478 1920
1479 1711
1484 1642
1484 1709
1484 1929
1484 1938
1485 1898
1487 1674
1487 1922
1488 1733
1489 1638
1489 1687
1491 1543
1491 1651
1499 1934
1500 1913
1501 1706
1503 1750
1503 1892
1506 1975
1507 1939
1509 1975
1509 1981
1510 1852
1511 1989
1518 1857
1519 1564
1522 1861
1523 1764
1523 1970
1525 1616
1525 1861
1529 1599
1532 1640
1534 1692
1535 1702
1535 1975
1535 1985
1538 1596
1539 1775
1542 1587
1543 1974
1544 1684
1545 1630
1545 1824
1546 1829
1548 1789
1548 1899
1549 1609
1549 1725
1549 1897
1551 1655
1552 1557
1552 1892
1553 1857
1560 1763
1561 1585
1561 1626
1562 1585
1562 1635
1565 1578
1569 1742
1572 1610
1572 1789
1573 1661
1574 1750
1575 1762
1576 1597
1580 1973
1584 1589
1584 1902
1586 1724
1587 1688
1587 1746
1589 1746
1590 1928
1595 1878
1596 1599
1598 1745
1598 1751
1599 1902
1601 1708
1603 1847
1603 1989
1607 1710
1608 1823
1609 1729
1616 1923
1617 1757
1619 1755
1620 1710
1620 1887
1621 1829
1623 1975
1627 1893
1628 1815
1632 1900
1633 1701
1637 1700
1638 1759
1639 1793
1640 1716
1642 1838
1643 1938
1644 1809
1645 1759
1647 1658
1648 1802
1649 1889
1650 1743
1652 1969
1653 1858
1654 1963
1656 1964
1660 1720
1660 1823
1662 1993
1663 1669
1667 1972
1673 1789
1674 1949
1681 1856
1683 1710
1685 1836
1688 1722
1694 1809
1694 1956
1697 1784
1697 1976
1702 1722
1702 1814
1702 1867
1705 1964
1706 1982
1708 1732
1709 1740
1710 1981
1711 1987
1713 1882
1716 1797
1717 1728
1719 1724
1721 1795
1722 1880
1723 1822
1724 1910
1728 1822
1737 1840
1739 1788
1739 1859
1740 1944
1742 1749
1750 1850
1754 1931
1754 1991
1759 1931
1761 1982
1763 1813
1772 1867
1776 1868
1777 1808
1783 1829
1793 1856
1793 1928
1793 1932
1798 1925
1805 1950
1805 1962
1807 1861
1809 1878
1810 1978
1813 1952
1818 1847
1818 1927
1820 1972
1820 1975
1822 1835
1827 1960
1830 1914
1834 1852
1837 1925
1839 1901
1842 1891
1843 1869
1844 1944
1846 1937
1861 1884
1864 1917
1872 1893
1875 1918
1885 1952
1893 1972
1895 1941
1899 1961
1900 1912
1903 1994
1943 1985
1946 1968
1968 1975
1974 1978
1989 1990
