2000 2926
94
15
22
28
49
21
68
77
2
17
65
40
37
92
69
95
87
79
98
82
62
15
36
15
74
63
49
60
8
41
59
55
52
3
94
91
54
19
38
78
23
84
53
52
53
1
59
4
31
96
8
22
52
29
79
47
93
59
48
49
51
21
34
52
46
83
7
52
49
96
94
45
68
50
69
79
77
26
81
89
26
32
17
4
22
12
9
76
54
4
45
85
26
96
55
51
28
58
13
27
83
59
40
79
37
36
60
52
94
10
38
27
85
90
52
30
31
84
47
46
30
94
84
23
42
20
93
46
51
70
100
31
33
14
19
52
14
29
5
65
93
50
9
53
51
19
94
19
71
91
7
46
90
89
99
1
44
57
75
22
46
33
83
93
20
67
23
31
78
69
65
6
91
17
45
43
84
60
25
6
30
78
59
100
43
61
24
19
80
33
75
44
16
4
2
77
35
47
80
38
71
83
40
19
1
64
27
79
17
67
21
81
8
78
53
72
38
58
4
14
96
33
95
21
47
82
12
84
73
37
43
85
100
95
55
26
94
5
13
82
80
61
21
84
46
7
73
63
18
74
14
5
45
68
30
90
64
85
22
68
47
9
52
100
41
5
25
21
8
44
95
41
1
10
50
17
38
7
100
74
88
44
61
57
10
54
65
36
37
19
26
84
61
55
61
95
45
71
60
35
8
50
35
40
21
83
42
17
49
41
82
63
74
92
96
58
3
43
69
38
95
6
8
76
56
93
41
36
72
29
34
99
67
68
43
81
35
63
96
25
67
32
61
64
18
80
75
22
2
55
5
4
78
44
58
65
28
53
5
20
35
73
87
67
37
30
85
56
61
86
87
26
51
99
26
28
92
45
17
87
58
12
66
23
75
25
84
13
94
74
76
7
8
49
81
47
88
22
36
73
95
89
87
12
98
35
92
6
27
28
34
42
21
20
83
97
77
60
55
35
70
83
42
12
99
44
78
77
90
78
56
98
91
32
46
88
4
86
93
64
46
40
86
63
80
26
49
52
58
74
78
16
8
77
26
26
8
11
48
47
67
91
58
5
13
14
5
34
27
92
82
33
10
37
41
63
56
23
94
45
6
36
99
75
9
31
37
21
12
89
12
94
94
74
92
38
68
64
8
44
68
58
76
27
59
75
58
21
50
64
27
44
90
99
48
61
33
21
35
61
31
88
59
7
17
77
74
90
88
24
75
28
4
66
63
43
57
52
75
99
90
55
86
81
30
31
35
94
71
85
64
28
53
53
91
93
76
71
4
54
99
20
7
51
35
6
38
10
5
37
36
33
80
21
70
77
3
14
76
99
4
1
59
50
92
48
59
64
59
78
20
25
7
80
81
9
30
86
77
29
26
58
73
80
19
38
26
90
70
100
69
61
68
2
9
62
91
28
97
25
100
64
14
30
4
85
6
69
3
39
7
44
29
11
11
98
19
30
40
61
24
93
71
18
53
52
85
94
96
86
30
36
71
85
44
35
39
3
95
78
87
63
47
55
67
75
89
48
83
17
42
17
95
42
54
9
22
87
71
70
12
34
81
1
87
27
56
5
43
58
99
66
56
63
72
80
33
59
14
37
33
10
40
43
59
9
78
90
34
43
37
78
34
49
46
41
42
55
57
7
23
14
1
29
69
59
51
2
88
80
95
38
91
74
85
4
1
85
39
3
77
85
30
60
98
94
70
94
88
21
86
91
15
98
55
37
54
55
15
55
93
15
14
18
100
24
83
45
21
52
32
23
59
94
61
55
95
41
71
19
63
39
1
68
2
3
93
42
60
42
30
70
71
41
26
73
82
90
98
83
60
90
51
97
73
83
55
72
92
1
85
53
9
69
75
63
70
47
56
87
81
29
26
26
14
18
11
72
24
82
41
39
55
72
21
38
36
40
98
99
57
6
20
92
32
93
22
95
50
85
65
32
24
43
21
71
20
70
12
20
43
60
55
21
6
85
54
2
7
6
72
77
5
27
8
52
49
22
82
45
13
76
88
48
2
74
43
5
12
85
74
14
86
49
55
100
5
66
2
75
44
54
41
68
12
28
62
26
80
46
63
69
82
60
98
17
30
85
44
21
99
95
76
13
70
20
80
69
27
2
70
1
32
46
62
89
64
32
50
28
50
46
10
77
51
25
74
72
39
21
65
93
64
21
72
27
33
95
50
28
33
10
13
71
70
14
86
32
67
82
92
62
24
54
53
2
64
24
59
7
61
78
66
82
77
8
20
82
23
8
36
19
87
5
10
78
59
55
91
48
75
74
89
11
98
95
82
95
96
17
41
30
51
68
37
48
31
26
92
68
6
36
13
50
81
68
4
87
88
57
20
16
82
51
56
88
42
62
87
16
16
30
90
14
13
72
49
85
60
77
71
7
48
10
13
92
87
35
37
93
91
68
34
58
49
45
36
74
68
97
22
93
32
58
65
59
69
12
45
55
37
81
7
69
83
30
26
11
91
39
8
100
82
41
3
57
61
66
93
52
79
49
85
96
26
44
68
30
25
18
69
69
76
93
100
12
39
16
1
98
69
87
49
87
18
99
63
85
29
21
33
53
47
47
41
75
5
86
55
79
88
3
66
29
50
72
85
31
73
77
85
47
61
50
55
60
76
23
88
37
91
73
42
2
47
7
10
47
15
79
92
88
13
26
48
7
53
26
16
20
92
28
12
70
77
7
2
39
20
58
65
44
69
41
23
84
66
59
5
43
6
76
11
74
41
70
60
63
18
73
67
48
46
10
87
94
59
18
100
15
28
95
77
86
99
23
44
60
13
49
80
45
57
36
8
36
89
72
81
66
65
33
1
64
28
2
43
73
51
57
92
43
65
45
67
91
92
6
27
81
34
60
2
43
88
5
22
90
78
31
23
60
26
69
27
31
100
71
91
54
32
4
63
94
11
65
20
34
14
31
54
59
36
1
48
94
83
37
84
100
100
23
75
77
43
97
98
37
83
24
39
57
33
45
4
47
60
86
86
45
39
32
78
4
82
2
18
7
60
29
12
9
40
93
73
16
20
97
78
1
60
9
15
27
82
16
37
25
22
53
48
97
60
66
81
44
94
19
31
59
15
31
100
70
56
48
79
67
63
5
54
55
95
24
16
50
88
62
4
98
1
83
21
42
64
33
10
45
18
60
65
39
98
13
27
76
36
82
53
70
99
2
68
22
74
84
65
73
34
64
67
76
51
35
37
92
5
6
25
29
22
63
28
83
48
10
56
49
88
69
67
60
31
74
69
65
85
89
82
11
29
65
85
81
79
63
39
100
51
31
18
43
10
48
15
28
66
71
69
51
74
84
27
57
64
54
78
19
76
41
35
23
69
14
60
25
98
1
42
15
5
52
45
46
38
55
93
31
53
13
91
24
87
8
47
44
40
44
66
4
50
22
58
57
59
18
39
43
64
80
83
15
23
52
89
89
90
21
22
98
51
54
49
98
3
49
75
25
45
48
72
34
73
59
96
43
94
28
64
23
21
45
37
74
23
76
71
67
28
98
84
8
31
42
67
58
76
59
78
42
41
57
58
24
27
16
28
21
46
95
1
96
52
13
97
77
1
23
10
21
92
60
19
84
34
13
37
21
21
16
44
54
30
57
12
22
96
51
93
19
74
67
84
87
100
31
25
16
57
61
48
85
39
57
73
82
7
10
45
22
48
23
53
68
94
53
53
67
80
14
79
5
80
2
94
24
79
43
81
50
14
96
31
86
13
57
7
84
15
86
90
71
52
88
28
92
8
88
17
7
35
88
87
85
9
15
90
53
21
11
17
91
80
46
62
48
50
98
86
94
42
51
36
69
24
59
73
41
95
10
54
79
80
55
53
84
46
38
35
44
78
15
3
68
60
90
46
34
74
84
79
51
1
10
78
27
16
56
54
48
39
97
90
43
63
67
81
17
63
80
15
14
22
26
65
77
30
74
48
91
57
67
41
93
52
65
63
83
74
26
58
67
86
58
86
44
9
100
59
40
58
40
49
73
99
43
41
4
71
16
94
97
8
53
55
92
3
19
78
76
1
96
99
9
42
75
72
32
33
31
80
26
30
71
21
8
58
99
9
90
82
35
96
14
10
41
52
93
72
32
93
38
43
68
83
62
89
76
62
29
32
37
52
93
58
30
55
31
33
5
47
75
92
98
60
71
62
95
26
76
73
46
86
93
66
28
93
22
68
43
72
86
93
10
89
38
51
72
33
59
25
90
63
37
63
97
67
89
100
17
39
53
42
71
30
78
9
64
15
18
3
92
55
82
79
23
41
25
12
63
88
45
78
46
15
35
34
35
37
69
87
63
16
3
63
92
42
51
84
4
34
92
79
45
4
30
32
14
84
89
76
29
67
100
18
84
64
94
88
18
69
51
9
85
36
11
35
82
87
72
11
100
88
46
50
34
86
70
35
76
52
66
71
55
94
41
97
100
86
78
45
60
14
88
39
40
75
20
25
78
15
79
69
70
75
27
42
99
47
94
45
55
36
22
13
24
35
20
21
80
69
46
38
79
24
16
41
10
87
46
0 340
0 463
0 1600
1 826
1 1793
1 1909
2 436
3 1117
4 282
4 604
5 180
6 17
6 566
6 1664
7 536
7 571
7 1716
7 1951
8 105
8 721
9 223
9 1280
10 914
10 1389
10 1587
10 1742
11 878
11 1275
11 1324
12 46
12 490
12 947
12 1236
12 1404
12 1544
13 1598
14 825
14 867
14 1506
15 1016
15 1301
15 1623
15 1790
16 814
16 1424
17 1943
18 421
18 460
18 578
18 1817
19 196
19 522
19 565
19 780
19 1046
19 1542
20 735
21 241
21 716
21 1482
22 535
22 591
22 835
23 436
23 1132
23 1426
23 1577
24 955
24 1502
24 1788
25 466
25 893
26 917
27 698
27 1867
28 139
28 480
29 438
30 232
30 292
30 915
30 1387
31 699
31 1575
32 794
33 271
33 1392
33 1528
33 1808
34 35
34 739
34 1349
34 1505
35 727
35 1049
36 72
36 1083
37 39
37 230
37 351
37 975
37 1300
37 1713
37 1951
38 1187
39 638
39 1122
39 1896
40 171
40 174
40 698
41 350
41 587
41 1338
41 1660
42 102
42 1112
42 1556
43 189
43 419
43 883
43 1163
43 1327
44 263
44 1578
45 376
45 686
45 834
45 1551
45 1580
45 1867
46 786
47 476
48 715
48 1453
49 257
49 1342
50 973
50 1405
50 1575
50 1916
51 184
51 268
51 744
51 938
52 1072
53 1401
53 1571
54 1228
55 274
55 580
55 600
55 1285
55 1565
55 1931
56 1338
57 374
57 1119
57 1324
57 1827
58 1708
59 205
59 1490
60 175
60 214
60 562
60 1375
61 848
61 1634
62 261
62 542
62 1266
63 109
64 540
64 1383
64 1753
66 1492
66 1706
66 1752
67 239
67 832
67 896
67 1489
67 1842
68 187
69 368
69 478
69 520
69 683
69 1973
70 204
70 538
70 1322
70 1642
71 416
71 1245
71 1791
72 108
72 390
72 1307
72 1705
73 908
73 1026
74 1130
74 1209
74 1968
75 390
75 1055
75 1308
75 1364
75 1741
75 1945
76 290
76 1507
76 1664
77 128
77 1934
80 542
80 646
80 914
81 1777
82 303
82 1269
82 1994
83 1376
83 1436
84 266
84 355
84 454
84 1964
85 688
85 1584
86 403
86 879
86 1238
86 1304
86 1454
86 1473
86 1740
87 171
87 972
88 457
89 1079
90 262
91 294
91 528
91 1835
92 551
94 208
94 1846
95 412
95 837
95 1240
95 1275
96 194
96 368
97 291
97 885
97 1294
97 1577
97 1600
98 1158
98 1518
98 1917
99 379
99 548
99 817
99 859
99 1665
99 1696
99 1736
100 1039
100 1988
101 373
101 1085
102 711
102 1448
103 283
103 450
103 556
103 589
103 685
104 335
104 606
104 1007
104 1197
104 1771
105 1084
105 1134
106 534
106 1200
106 1824
106 1839
107 300
107 1818
108 1584
108 1720
108 1792
109 546
109 655
109 1234
109 1347
109 1518
110 312
110 628
110 1674
111 279
111 1341
112 542
112 1876
112 1984
113 972
113 1413
113 1486
114 1165
114 1554
114 1852
115 124
115 163
115 230
115 1675
115 1708
116 609
116 1434
116 1624
116 1892
117 1234
117 1465
117 1482
118 264
118 642
118 982
119 235
119 731
119 1036
119 1365
119 1636
119 1856
120 406
120 1138
121 1805
122 144
122 311
122 325
123 1039
124 237
124 690
124 848
125 659
125 673
126 888
127 644
127 1495
128 1951
129 1291
129 1945
130 287
130 377
131 683
131 693
131 1412
131 1498
132 208
132 412
132 1017
132 1855
133 942
135 188
135 1520
136 310
136 1722
137 1038
137 1054
138 1573
139 787
139 943
140 893
140 1355
141 427
141 562
141 1198
142 1489
143 732
143 896
143 1199
143 1457
143 1536
144 601
144 1561
145 869
145 1636
146 436
146 571
146 779
146 1356
146 1715
146 1717
147 841
147 1064
147 1067
147 1802
148 1509
148 1671
149 187
149 512
149 1131
149 1959
150 169
150 251
150 753
150 1599
151 299
151 538
151 714
152 290
152 922
153 186
154 1144
154 1595
154 1604
154 1804
155 721
155 1411
156 398
156 1291
157 1961
158 310
158 685
158 937
158 1303
158 1890
159 483
159 1130
160 594
160 1350
160 1552
160 1745
160 1759
162 575
162 650
162 1516
162 1790
163 820
164 629
164 1276
164 1278
165 231
165 441
166 1060
167 1216
167 1351
168 511
168 1257
168 1416
168 1838
169 271
169 480
169 489
169 939
169 1685
170 186
170 315
170 676
170 1537
171 1989
172 404
172 659
172 933
172 1328
172 1367
172 1666
173 237
173 737
173 888
173 1708
174 1302
174 1431
174 1800
175 983
175 1546
176 628
176 709
176 1691
177 344
177 684
177 743
177 924
177 1293
177 1553
177 1839
178 295
178 1729
178 1950
178 1987
179 1175
179 1286
179 1488
179 1838
179 1893
180 1078
181 216
181 271
181 1104
181 1332
182 313
182 1236
183 534
183 707
184 1210
185 610
185 699
185 956
185 1421
186 671
186 1185
186 1355
186 1609
187 878
187 920
187 1004
187 1232
187 1480
188 282
188 1732
189 760
189 1581
189 1630
190 1300
190 1362
190 1556
191 702
191 770
191 1118
191 1208
191 1248
191 1607
192 1243
193 1994
194 547
194 808
194 1170
194 1749
195 471
195 532
195 1412
195 1508
196 648
197 918
197 1395
197 1662
197 1908
198 1985
199 705
199 1161
199 1463
199 1803
199 1855
200 958
200 1199
201 601
202 278
203 1031
203 1074
203 1977
204 248
204 1079
204 1635
205 653
205 1951
206 334
206 338
206 1496
207 1063
207 1151
207 1487
207 1777
207 1896
208 1284
208 1393
208 1856
209 497
209 602
209 875
209 1257
209 1732
210 973
210 1383
211 353
212 535
212 1035
212 1176
213 301
213 825
213 904
214 1028
215 382
215 903
215 1850
216 1217
217 333
217 1177
217 1369
217 1514
217 1773
218 326
219 233
219 257
219 475
219 600
219 1320
220 976
221 331
221 1471
222 539
222 1885
223 421
223 738
223 784
223 1590
223 1905
224 902
224 1750
225 1270
225 1373
225 1784
225 1802
225 1877
226 638
226 842
226 1128
228 770
228 966
228 1575
229 426
230 250
230 1475
230 1690
231 402
231 638
231 818
231 819
231 1104
231 1588
231 1842
232 472
232 840
232 1828
233 443
233 560
233 815
233 1525
234 441
234 1820
235 559
235 1211
236 645
236 1150
237 338
237 930
237 1358
238 846
238 894
238 1027
238 1244
239 1732
240 1528
241 1751
241 1799
241 1938
242 1316
242 1943
243 793
244 1562
245 504
245 1739
246 890
246 1700
246 1716
247 308
247 1142
247 1660
247 1976
248 1157
248 1200
248 1342
248 1422
248 1533
249 366
249 489
249 663
249 1498
249 1700
250 796
250 1081
250 1200
251 375
251 691
251 733
251 1109
252 492
252 674
253 762
254 762
255 1131
255 1244
256 1724
256 1994
257 1023
258 836
258 1339
259 1493
260 1921
261 542
261 992
262 1314
262 1925
263 623
263 725
264 383
264 437
264 1303
264 1313
265 453
265 721
265 1036
265 1809
266 607
266 682
266 1532
267 345
268 843
268 1262
268 1432
269 578
269 1119
269 1144
269 1654
269 1733
269 1845
271 1111
271 1188
271 1853
272 1176
272 1238
272 1711
273 546
273 1255
273 1522
274 801
274 802
274 1157
274 1450
275 418
276 395
276 532
276 554
276 696
276 1833
277 672
278 1131
278 1437
279 995
279 1335
279 1473
280 440
280 1402
281 1048
281 1274
281 1792
282 314
282 408
282 696
282 1015
282 1567
284 1021
284 1550
284 1740
284 1862
285 574
285 739
285 1469
285 1647
286 803
288 421
289 413
289 1640
290 820
291 1734
292 342
292 414
293 784
294 1142
294 1475
294 1895
295 648
296 390
296 935
296 963
296 1588
297 314
297 1342
297 1771
298 802
298 1871
299 1648
300 800
300 1047
300 1465
300 1832
301 492
301 580
301 1057
301 1173
302 1188
302 1443
303 462
303 1345
304 706
304 1287
304 1675
305 848
305 969
305 1231
305 1910
306 348
306 629
306 762
306 1125
308 807
308 1242
308 1447
308 1944
309 1467
310 729
311 816
311 1589
311 1725
312 1576
314 931
314 1046
314 1692
315 1884
316 402
316 602
317 1694
317 1903
317 1956
318 787
318 1732
318 1857
319 391
319 652
319 901
319 916
319 1884
320 385
320 401
320 455
320 703
320 724
320 923
320 1480
321 557
321 817
321 1415
322 509
323 725
323 1455
323 1966
324 899
324 1264
324 1953
324 1987
325 383
325 448
325 1009
325 1342
326 446
326 1120
326 1617
326 1764
327 1249
328 436
328 629
329 426
330 675
330 845
330 1461
330 1645
330 1735
331 491
332 357
332 1048
332 1271
332 1433
333 1283
334 648
334 1240
335 987
335 1410
336 724
336 1702
336 1830
337 657
338 499
338 1165
338 1572
339 720
339 1196
340 366
340 424
340 854
340 1086
340 1280
340 1322
341 1007
341 1214
341 1525
341 1598
342 519
342 534
343 964
343 1763
343 1958
344 1030
344 1056
344 1656
344 1680
345 1878
346 401
346 988
346 1347
347 1090
347 1695
347 1808
348 853
348 1794
349 363
349 1165
349 1337
350 373
350 448
350 627
351 979
352 949
352 1320
352 1408
352 1419
353 633
353 1326
353 1806
353 1964
354 1433
356 888
356 1495
357 1218
358 1435
358 1492
359 949
360 840
360 954
360 1083
360 1293
360 1372
361 434
361 665
362 504
362 1090
362 1276
362 1525
362 1748
364 416
364 537
364 915
364 1792
364 1852
365 641
365 855
365 1006
365 1476
366 429
367 1048
367 1648
368 1933
370 1942
371 1576
372 1869
373 1071
373 1659
374 1637
374 1638
375 503
375 635
375 1178
376 806
377 1528
377 1590
378 1466
378 1884
379 1047
379 1380
379 1577
380 1054
380 1144
380 1423
381 1417
381 1587
382 1087
382 1362
383 492
383 502
383 736
383 783
385 704
385 1420
386 922
386 1745
386 1863
386 1886
386 1897
387 614
387 797
387 831
387 1001
387 1709
387 1873
389 1613
390 861
390 1336
391 1297
392 776
392 1483
393 1467
393 1544
393 1696
393 1873
393 1979
394 940
394 1168
395 992
395 1491
396 1622
396 1673
396 1980
397 1367
397 1519
398 439
399 437
399 1270
400 675
400 1322
400 1411
401 1961
402 435
402 533
402 654
402 1249
403 635
403 1610
403 1942
405 1143
405 1697
406 564
406 1263
406 1831
407 608
407 695
407 971
407 1613
408 1330
408 1520
409 418
409 1082
410 1179
410 1501
411 1764
411 1833
412 743
413 1738
414 1551
414 1845
415 985
416 471
416 873
416 1491
416 1772
417 1019
417 1192
417 1814
418 893
418 1172
418 1254
418 1362
418 1784
419 736
420 830
420 890
420 1198
420 1408
420 1671
421 987
421 1553
422 881
422 933
422 966
423 908
424 743
425 880
425 1311
426 974
427 875
428 866
429 1863
430 973
430 1205
430 1851
431 922
431 1846
431 1898
432 590
433 442
433 1536
433 1875
434 837
434 1002
435 1054
436 813
436 951
436 1258
436 1542
437 625
437 1328
438 587
438 742
438 1117
438 1690
438 1945
440 928
440 1346
440 1983
441 1022
441 1100
441 1317
441 1551
442 1324
442 1408
442 1474
443 1125
444 512
444 1023
445 1623
446 1243
446 1345
446 1507
447 481
448 1579
449 548
449 794
449 1447
450 1155
450 1219
451 870
451 1181
451 1322
451 1957
453 1522
455 787
455 873
455 1461
456 550
456 1128
456 1141
456 1329
456 1404
456 1476
457 479
457 1031
457 1558
459 738
459 1439
459 1792
460 641
460 818
461 1029
461 1858
462 623
462 1196
463 1909
464 1112
464 1578
464 1741
464 1826
465 679
466 694
466 1704
467 1663
468 1072
468 1134
469 966
469 1029
469 1886
470 515
470 1093
470 1685
470 1933
471 1677
472 592
473 690
473 1068
473 1107
473 1156
473 1858
474 510
474 1819
474 1925
476 1626
477 550
477 917
477 1404
477 1871
478 619
478 715
478 1880
479 917
480 873
480 987
481 1046
482 1021
482 1650
483 1725
484 621
485 718
485 1064
486 803
486 1903
487 840
487 879
487 1808
488 1507
488 1573
489 637
489 1551
490 1158
490 1400
490 1685
490 1770
491 1277
492 555
492 622
492 1288
492 1573
493 783
494 1626
495 549
495 841
495 849
495 1236
495 1486
495 1855
496 559
497 546
497 1550
498 851
499 1065
499 1497
499 1562
501 1068
501 1515
501 1883
501 1905
501 1911
502 574
504 1570
504 1587
504 1688
505 1098
505 1538
506 1112
507 546
507 1243
508 1543
508 1677
509 933
511 1087
511 1333
511 1630
511 1834
512 1115
512 1555
513 620
513 1614
514 1828
515 1135
515 1578
517 1874
518 1051
518 1689
519 911
519 969
519 1138
520 579
520 781
520 846
521 647
521 1797
522 1021
522 1167
522 1862
523 1430
523 1486
524 1703
525 952
526 687
526 827
526 1338
526 1740
527 565
527 1146
527 1207
527 1638
527 1995
528 1333
529 688
530 1662
531 731
531 891
531 1570
531 1624
532 1572
533 553
533 650
534 742
534 990
535 1521
535 1548
536 554
536 646
536 1132
536 1267
536 1574
537 1620
537 1875
538 1002
538 1441
538 1499
538 1510
539 1137
539 1727
540 918
540 1019
540 1080
540 1116
541 1759
542 1723
543 1027
543 1293
543 1359
543 1731
545 1399
546 757
548 1893
549 603
549 1121
549 1691
550 717
550 1104
552 1269
552 1287
554 1184
555 1950
555 1981
556 1210
556 1796
557 1314
558 853
558 1175
558 1542
558 1572
558 1573
559 1535
559 1927
560 850
560 1864
562 628
562 805
562 1515
562 1522
562 1621
562 1731
563 807
563 1158
563 1638
564 823
565 860
565 1754
566 1033
566 1176
566 1186
566 1429
566 1555
567 1919
568 885
568 1295
568 1888
569 850
569 860
570 1078
571 635
571 1590
572 913
572 1465
573 1687
574 1419
575 766
576 1209
577 1157
578 674
578 1052
578 1122
579 1144
579 1358
579 1472
579 1966
580 1294
580 1545
581 1186
581 1596
582 1726
583 720
583 941
583 1275
584 726
584 1790
585 674
585 1206
586 1016
586 1226
588 1365
588 1502
589 810
589 1158
589 1275
589 1350
589 1868
590 734
590 1413
590 1629
590 1820
590 1878
591 920
591 1390
591 1596
592 627
592 1397
593 1368
593 1696
594 698
594 1704
594 1856
595 640
595 1385
595 1874
596 802
596 1052
596 1449
597 989
597 1332
598 730
598 1236
599 745
600 892
600 1461
600 1527
601 778
601 1030
601 1292
601 1933
602 1040
602 1365
603 1759
605 1477
605 1672
607 890
607 1083
607 1650
608 1038
608 1662
608 1964
609 962
610 916
610 1013
610 1023
610 1391
610 1648
611 654
611 978
611 1002
611 1168
611 1648
612 1152
613 1365
614 1107
614 1278
614 1929
615 667
615 893
616 1588
616 1988
617 699
618 1559
619 629
619 917
619 1081
619 1976
620 833
621 672
621 1256
621 1541
621 1934
621 1954
622 1313
622 1552
623 752
623 1663
624 1219
624 1333
624 1570
624 1999
625 801
625 1385
625 1411
626 706
626 1530
627 829
627 1326
629 744
629 928
629 1047
629 1188
629 1656
630 633
631 688
631 782
631 1067
632 1538
633 1188
633 1646
633 1688
634 1146
634 1335
634 1337
634 1943
635 793
635 1323
635 1597
636 950
637 778
639 900
639 1666
639 1711
639 1793
639 1958
640 772
640 1202
640 1831
642 989
642 1312
642 1532
643 1516
644 1239
645 880
645 1355
646 675
646 1328
646 1887
647 1603
648 917
648 1295
648 1770
648 1960
649 1333
649 1848
651 905
651 1047
651 1863
651 1908
652 1254
655 683
657 1845
657 1942
658 1344
658 1523
660 1171
660 1263
662 1498
662 1763
663 1132
663 1719
664 805
664 1070
665 1207
665 1376
665 1744
666 1198
666 1266
667 1031
667 1967
668 906
668 1198
668 1527
669 843
669 1647
671 734
672 1278
672 1511
673 1642
673 1679
673 1740
674 1413
674 1992
675 990
675 1612
675 1701
676 894
676 1081
676 1363
676 1810
677 791
677 1652
677 1761
678 1184
679 1348
679 1706
679 1738
680 874
680 1648
680 1700
680 1757
681 1457
682 1588
684 1206
684 1864
685 699
685 1434
686 798
686 1051
687 903
687 1080
687 1991
688 825
688 1750
689 1167
689 1359
690 1058
690 1328
692 1387
693 855
693 905
693 1129
693 1496
693 1642
693 1683
694 1186
694 1314
694 1831
695 903
695 1344
695 1670
696 1032
697 855
697 982
697 1492
698 1648
698 1918
699 1248
700 1127
701 791
701 1099
702 1502
702 1603
702 1655
702 1966
703 773
703 1527
704 705
704 787
705 989
705 1572
706 1365
707 1273
707 1671
707 1965
708 983
709 791
709 914
710 1032
710 1174
710 1582
711 1742
711 1842
712 999
712 1030
713 819
713 1022
714 819
715 809
715 1545
716 864
716 1819
716 1949
717 1399
718 1069
718 1286
718 1888
719 1056
719 1591
719 1832
720 1018
720 1876
723 1890
724 1235
725 931
725 1291
725 1693
726 815
727 1579
728 1226
728 1824
728 1895
729 1288
729 1586
730 815
730 876
731 758
732 1137
733 901
733 1707
733 1933
734 1501
735 1026
735 1861
737 838
737 881
737 1632
737 1990
738 1166
739 827
739 1354
739 1365
739 1498
740 1273
741 853
741 1751
742 1274
743 875
743 1224
743 1291
743 1863
744 804
744 845
744 901
745 1362
745 1444
745 1676
746 1334
746 1367
746 1524
746 1815
746 1823
747 855
747 957
748 785
748 1763
748 1798
748 1890
749 1141
749 1262
749 1645
749 1664
750 1137
752 1786
753 1525
753 1615
754 1605
755 1952
756 1235
758 861
759 1933
760 879
760 1149
761 1179
761 1747
762 1848
763 1814
764 785
764 835
765 822
765 918
766 1390
766 1960
767 1185
767 1577
768 1248
769 1229
770 1593
771 935
771 1827
772 1533
772 1577
773 1324
774 1751
774 1808
775 1292
775 1544
775 1575
776 1425
776 1809
777 853
777 907
777 1106
778 786
778 1086
780 1115
781 1536
782 1034
782 1068
783 1438
784 1054
785 1005
785 1278
786 810
786 1085
787 1247
787 1507
788 1257
788 1394
789 951
791 1021
792 834
792 1651
793 1011
793 1256
793 1357
794 1311
794 1515
794 1849
795 1218
795 1828
796 1385
796 1516
797 1234
798 1985
799 1367
801 1609
802 1900
802 1961
806 1439
807 1829
809 1148
811 1591
812 944
812 1572
812 1795
813 891
814 995
814 1746
815 1447
816 949
816 1146
816 1211
816 1354
818 1842
819 856
820 1778
821 1852
821 1941
822 1422
823 1149
823 1258
824 1766
826 1274
826 1613
828 895
829 1033
830 1263
830 1305
831 1792
831 1837
831 1961
832 1175
832 1814
833 1126
833 1390
833 1446
835 853
835 1594
835 1882
835 1989
837 1101
838 1299
838 1740
839 1799
840 1121
840 1648
841 1487
842 932
843 1044
843 1205
843 1320
844 1290
844 1746
845 1221
845 1806
846 1267
846 1411
847 910
848 1237
848 1628
849 1021
850 1135
850 1450
851 1182
851 1619
852 1192
853 1365
853 1468
854 954
854 996
855 1113
855 1599
855 1870
856 1532
856 1537
857 922
857 1435
858 1065
858 1521
860 1604
860 1714
860 1934
861 919
861 1985
863 1059
863 1074
863 1205
863 1505
863 1606
863 1855
864 1537
864 1686
865 879
866 915
866 985
866 1336
867 1258
868 1372
870 1649
871 1067
871 1813
872 1204
872 1772
873 1335
873 1347
873 1989
874 1459
875 1486
876 943
876 1674
876 1938
877 1144
877 1913
877 1998
879 902
879 1392
879 1493
880 971
880 1659
880 1814
880 1978
881 1343
882 1026
884 1089
885 886
885 956
885 1137
886 916
886 1674
887 1285
887 1504
887 1622
887 1799
888 1122
888 1250
888 1448
888 1527
889 1390
889 1680
889 1786
890 1264
892 1126
892 1888
893 1188
894 1956
895 1036
895 1760
895 1914
896 1219
896 1456
896 1696
898 1015
898 1113
898 1696
900 1193
900 1316
900 1510
901 1796
903 1360
908 933
908 1013
909 1401
912 1477
912 1479
914 1244
914 1745
915 1381
915 1508
915 1591
917 1010
917 1496
917 1651
917 1780
918 1040
919 1010
919 1166
919 1196
919 1921
920 1007
920 1739
922 1078
922 1616
923 938
923 1053
923 1273
924 964
924 1069
924 1215
924 1653
924 1717
924 1873
925 1040
925 1470
925 1622
926 1979
927 1152
927 1864
928 941
928 1731
931 1492
932 1153
932 1295
932 1429
932 1623
933 1769
933 1920
934 1223
937 1565
937 1941
937 1959
939 1268
940 1010
940 1460
940 1746
940 1883
941 1181
941 1680
942 1894
943 1281
944 1373
944 1472
944 1529
945 1803
945 1917
946 1088
947 1727
947 1893
948 1400
949 1182
950 1463
950 1891
951 1348
951 1963
952 1116
952 1560
953 1854
953 1982
955 1801
956 1933
957 1049
958 1031
959 1022
960 991
960 1272
961 1776
962 1001
963 1009
963 1379
963 1706
963 1786
964 1780
965 1235
965 1553
965 1854
967 1087
967 1828
968 1532
969 1236
973 1966
974 1213
974 1227
976 1141
976 1336
979 1265
979 1551
980 1455
980 1862
981 1001
981 1098
981 1587
982 1161
982 1275
982 1281
982 1559
982 1810
985 1728
986 1860
987 1123
987 1600
988 1346
988 1481
988 1640
989 1775
990 1924
991 1092
991 1687
992 1381
993 1026
993 1427
993 1799
994 1204
994 1260
994 1457
995 1510
997 1937
998 1414
999 1831
1001 1226
1002 1327
1002 1943
1002 1968
1003 1332
1004 1364
1005 1883
1006 1310
1007 1876
1008 1920
1010 1093
1010 1463
1010 1677
1012 1206
1012 1487
1012 1507
1012 1533
1013 1051
1013 1520
1014 1546
1014 1781
1014 1823
1015 1411
1016 1187
1016 1252
1016 1807
1016 1888
1017 1223
1017 1500
1018 1302
1019 1606
1019 1716
1021 1025
1023 1597
1024 1479
1025 1587
1026 1640
1028 1154
1028 1517
1028 1892
1030 1761
1031 1056
1031 1880
1032 1078
1032 1672
1033 1516
1033 1903
1034 1269
1035 1225
1035 1564
1037 1612
1039 1349
1039 1982
1040 1398
1041 1473
1041 1491
1041 1677
1042 1231
1042 1684
1042 1959
1043 1925
1044 1780
1047 1164
1047 1209
1047 1904
1048 1360
1048 1399
1049 1342
1049 1561
1049 1812
1050 1200
1051 1175
1052 1639
1052 1705
1053 1374
1054 1542
1056 1269
1056 1291
1057 1309
1058 1751
1060 1261
1060 1607
1062 1299
1062 1514
1062 1880
1063 1960
1065 1307
1065 1842
1065 1875
1066 1603
1066 1740
1067 1172
1067 1524
1067 1625
1068 1519
1069 1880
1070 1626
1071 1747
1073 1279
1073 1414
1073 1563
1075 1283
1076 1109
1076 1420
1077 1242
1077 1784
1078 1442
1078 1886
1080 1378
1080 1789
1081 1307
1081 1893
1082 1640
1083 1137
1084 1525
1085 1160
1086 1831
1086 1998
1087 1303
1088 1968
1089 1291
1089 1686
1092 1517
1093 1697
1093 1846
1094 1163
1094 1394
1094 1555
1094 1693
1094 1824
1097 1543
1097 1606
1097 1720
1097 1761
1098 1450
1099 1162
1099 1783
1101 1699
1102 1392
1102 1840
1103 1558
1103 1920
1104 1159
1104 1647
1104 1778
1104 1792
1105 1832
1105 1898
1106 1709
1106 1952
1107 1403
1107 1908
1110 1184
1112 1259
1112 1780
1113 1162
1113 1839
1114 1491
1114 1535
1114 1658
1114 1841
1115 1717
1118 1435
1118 1483
1118 1972
1121 1369
1121 1439
1121 1499
1123 1675
1123 1709
1125 1731
1126 1822
1127 1502
1127 1511
1130 1315
1130 1652
1132 1297
1134 1276
1134 1570
1135 1563
1136 1371
1136 1489
1136 1976
1137 1193
1137 1301
1139 1199
1139 1894
1140 1266
1140 1339
1141 1996
1142 1298
1143 1444
1143 1466
1143 1769
1144 1591
1145 1782
1146 1550
1147 1488
1147 1528
1147 1661
1148 1355
1148 1586
1148 1871
1148 1899
1151 1929
1151 1949
1153 1497
1153 1616
1154 1896
1155 1266
1155 1323
1156 1646
1156 1733
1157 1666
1159 1466
1160 1411
1161 1194
1161 1369
1161 1849
1163 1277
1163 1371
1164 1724
1166 1275
1167 1494
1168 1785
1169 1229
1170 1979
1171 1274
1172 1361
1173 1477
1174 1563
1175 1476
1176 1415
1176 1460
1177 1430
1178 1273
1178 1359
1179 1411
1179 1445
1179 1475
1179 1701
1181 1549
1181 1579
1181 1791
1181 1931
1182 1553
1183 1289
1183 1543
1183 1672
1183 1676
1183 1861
1184 1513
1185 1248
1185 1306
1186 1518
1186 1612
1186 1683
1187 1923
1188 1410
1188 1612
1188 1883
1189 1455
1189 1959
1190 1462
1190 1989
1192 1851
1193 1231
1193 1873
1195 1653
1195 1877
1196 1229
1196 1379
1196 1530
1197 1319
1197 1662
1197 1789
1198 1281
1200 1846
1200 1903
1201 1570
1202 1560
1203 1490
1204 1779
1205 1468
1205 1602
1206 1306
1206 1561
1208 1298
1208 1319
1209 1886
1209 1982
1210 1366
1211 1846
1212 1474
1213 1996
1214 1319
1214 1944
1215 1291
1215 1349
1217 1256
1217 1430
1217 1946
1218 1254
1218 1468
1218 1501
1218 1623
1218 1745
1218 1748
1219 1971
1219 1972
1220 1702
1221 1661
1226 1376
1227 1710
1228 1606
1229 1318
1229 1440
1229 1781
1229 1819
1229 1969
1230 1940
1232 1728
1233 1655
1234 1324
1235 1669
1238 1249
1239 1272
1239 1696
1240 1242
1240 1427
1240 1541
1241 1304
1242 1883
1243 1370
1243 1429
1243 1498
1244 1456
1244 1607
1245 1778
1246 1406
1246 1833
1248 1585
1248 1716
1248 1824
1248 1925
1249 1391
1254 1298
1254 1530
1254 1873
1255 1655
1257 1611
1257 1881
1258 1400
1258 1796
1259 1767
1260 1584
1263 1703
1264 1605
1265 1373
1265 1830
1266 1457
1266 1606
1266 1773
1267 1847
1268 1686
1270 1494
1271 1498
1271 1797
1273 1518
1275 1919
1277 1373
1280 1288
1282 1333
1282 1586
1282 1756
1283 1920
1283 1969
1286 1540
1286 1580
1288 1606
1288 1868
1290 1522
1292 1388
1293 1710
1294 1827
1296 1973
1299 1579
1299 1828
1300 1467
1300 1687
1301 1642
1302 1815
1304 1319
1304 1969
1305 1379
1305 1412
1307 1352
1307 1784
1308 1403
1308 1596
1308 1754
1309 1372
1310 1858
1310 1899
1310 1973
1313 1391
1315 1829
1316 1426
1317 1574
1317 1767
1318 1369
1320 1505
1320 1647
1320 1661
1320 1938
1321 1829
1322 1694
1323 1648
1324 1354
1324 1976
1325 1837
1328 1429
1329 1382
1329 1603
1329 1748
1331 1404
1331 1476
1331 1749
1331 1934
1333 1597
1333 1740
1337 1975
1339 1825
1340 1762
1340 1879
1341 1590
1344 1756
1345 1443
1345 1509
1346 1440
1347 1358
1347 1486
1347 1799
1349 1595
1351 1434
1351 1565
1351 1867
1352 1491
1353 1515
1354 1920
1356 1470
1358 1716
1360 1938
1362 1568
1363 1556
1363 1658
1364 1483
1366 1590
1366 1645
1369 1563
1370 1641
1370 1929
1371 1555
1374 1647
1374 1721
1375 1599
1375 1945
1376 1594
1379 1506
1381 1887
1382 1681
1385 1767
1385 1826
1386 1538
1386 1612
1389 1516
1390 1918
1391 1444
1391 1611
1391 1821
1393 1528
1394 1864
1398 1501
1398 1806
1399 1785
1401 1572
1402 1858
1403 1500
1405 1715
1406 1545
1406 1716
1407 1605
1407 1720
1408 1970
1409 1576
1410 1676
1411 1849
1413 1660
1414 1948
1416 1782
1419 1565
1420 1771
1421 1666
1422 1487
1422 1576
1424 1441
1424 1851
1424 1908
1426 1651
1426 1751
1427 1440
1427 1494
1428 1440
1429 1778
1430 1872
1430 1935
1430 1966
1431 1524
1433 1518
1433 1882
1433 1894
1434 1718
1435 1815
1437 1760
1438 1535
1438 1608
1438 1929
1440 1788
1440 1842
1443 1545
1443 1721
1443 1728
1443 1997
1444 1771
1445 1571
1445 1889
1449 1715
1450 1634
1451 1989
1452 1564
1452 1568
1454 1994
1459 1525
1459 1643
1459 1913
1459 1967
1461 1820
1463 1783
1464 1625
1464 1875
1469 1499
1473 1875
1474 1685
1474 1890
1475 1912
1479 1732
1479 1850
1479 1919
1480 1753
1481 1651
1481 1932
1483 1683
1486 1645
1489 1603
1489 1665
1489 1998
1490 1704
1491 1796
1493 1528
1494 1888
1495 1702
1498 1509
1498 1860
1498 1885
1503 1536
1506 1898
1506 1971
1507 1648
1510 1955
1512 1725
1516 1809
1516 1952
1518 1930
1519 1845
1521 1788
1521 1854
1521 1950
1522 1531
1524 1661
1524 1753
1524 1964
1525 1734
1525 1749
1525 1990
1526 1658
1526 1674
1527 1700
1531 1662
1532 1706
1537 1567
1537 1625
1538 1571
1539 1796
1539 1897
1540 1796
1540 1986
1542 1568
1544 1606
1545 1975
1548 1706
1549 1842
1550 1741
1552 1871
1563 1615
1570 1805
1571 1671
1571 1897
1572 1735
1572 1966
1574 1764
1574 1841
1580 1789
1582 1653
1582 1887
1583 1670
1584 1686
1584 1845
1584 1879
1584 1974
1584 1975
1586 1724
1588 1884
1588 1938
1594 1868
1595 1968
1596 1829
1597 1793
1597 1929
1599 1869
1600 1816
1603 1825
1603 1966
1605 1658
1606 1772
1607 1619
1609 1800
1609 1987
1611 1873
1612 1971
1614 1724
1616 1739
1617 1629
1620 1647
1620 1682
1626 1686
1627 1936
1627 1990
1628 1872
1629 1739
1632 1678
1633 1867
1634 1901
1636 1926
1639 1877
1640 1726
1640 1909
1640 1912
1643 1680
1647 1711
1649 1785
1649 1917
1651 1724
1652 1737
1656 1993
1663 1685
1663 1807
1663 1987
1665 1883
1665 1992
1667 1680
1667 1802
1670 1744
1673 1794
1683 1993
1685 1929
1687 1790
1687 1951
1688 1886
1689 1762
1691 1755
1692 1773
1692 1996
1693 1902
1694 1712
1694 1767
1697 1772
1697 1821
1698 1792
1700 1823
1700 1977
1701 1982
1704 1722
1712 1904
1714 1854
1716 1901
1718 1728
1719 1726
1720 1800
1721 1874
1722 1792
1726 1758
1726 1927
1728 1878
1729 1745
1732 1954
1733 1775
1737 1969
1738 1740
1739 1962
1741 1902
1743 1881
1747 1927
1755 1763
1755 1900
1755 1905
1757 1860
1758 1926
1759 1950
1760 1981
1762 1968
1763 1884
1763 1945
1768 1982
1769 1916
1771 1954
1773 1805
1773 1990
1779 1802
1779 1840
1780 1877
1781 1964
1782 1794
1782 1812
1785 1942
1788 1803
1789 1967
1797 1800
1797 1959
1802 1906
1811 1904
1812 1904
1813 1952
1815 1820
1816 1842
1819 1862
1822 1825
1822 1973
1823 1933
1851 1859
1854 1922
1854 1926
1857 1981
1867 1947
1872 1974
1886 1986
1890 1915
1892 1939
1904 1908
1912 1972
1958 1988
1984 1998
