2000 2889
23
7
75
99
51
65
26
1
7
99
84
37
41
61
97
80
66
10
67
18
96
69
53
38
71
77
11
71
63
30
81
78
57
80
71
84
78
5
57
16
34
73
61
4
4
12
31
99
98
30
30
60
22
75
43
59
10
95
1
98
15
62
60
40
19
34
37
89
17
9
76
93
9
53
94
11
88
61
36
86
11
52
83
75
72
14
14
88
31
40
14
20
7
98
3
29
5
46
24
28
47
28
61
9
77
54
55
97
47
96
63
96
36
58
27
31
18
49
85
84
69
24
80
25
54
27
77
10
15
28
54
98
46
18
60
73
30
89
56
11
1
42
39
69
47
30
95
18
93
45
51
90
93
38
50
21
23
8
76
67
100
10
73
12
93
66
36
53
83
75
34
25
71
84
100
21
48
49
61
47
55
25
14
44
36
43
98
75
13
72
86
10
97
18
87
67
75
7
13
7
92
52
82
50
62
6
5
54
93
7
17
94
71
85
10
77
100
50
27
33
67
16
22
46
1
7
15
2
49
5
23
49
85
52
18
10
97
76
29
17
14
56
44
47
48
85
57
19
5
88
100
47
61
1
81
96
21
49
4
5
94
26
28
32
53
35
76
85
15
88
96
45
85
15
95
51
39
26
59
35
94
89
64
50
86
50
95
49
64
20
82
8
33
69
84
34
89
44
66
51
36
10
9
83
23
73
48
48
51
58
63
43
56
78
30
3
9
4
54
87
50
80
88
22
27
3
99
71
77
100
83
53
84
35
28
86
60
15
3
43
25
9
20
35
71
77
8
86
14
71
16
29
86
72
10
61
9
70
87
100
91
67
41
39
15
39
70
53
21
58
95
59
56
99
78
12
97
89
22
57
44
89
14
84
55
92
37
5
72
37
76
7
55
89
58
56
10
36
92
26
7
15
21
52
21
49
37
59
99
100
99
93
68
46
93
3
87
45
74
43
76
43
100
16
4
44
76
91
13
92
15
86
3
9
2
6
41
11
78
70
100
91
75
35
60
39
68
8
66
27
64
43
8
80
71
3
83
86
87
36
22
37
9
17
36
84
92
80
99
12
79
11
53
65
47
66
26
38
91
59
39
57
16
15
22
97
9
17
64
4
13
20
5
29
43
74
25
81
9
17
55
100
7
87
60
50
54
81
52
77
62
90
56
83
15
53
16
9
48
16
25
76
20
4
11
79
38
97
76
83
66
52
68
86
58
73
65
85
48
73
83
86
51
53
5
14
90
39
63
39
99
96
95
51
43
5
60
4
77
27
42
91
63
10
82
82
50
81
21
10
51
55
10
50
66
22
30
83
67
41
59
62
73
5
14
22
13
39
35
42
15
96
69
23
22
45
20
25
51
97
57
93
34
97
16
65
78
56
57
74
46
97
45
86
77
87
34
58
31
52
45
67
95
35
7
16
78
6
33
45
7
11
85
28
51
100
3
57
22
9
94
98
83
73
57
39
59
72
3
35
45
96
3
24
90
58
54
92
81
2
47
1
42
64
94
26
97
86
29
82
95
11
77
31
54
63
65
48
82
81
90
45
52
82
11
1
36
99
24
25
61
59
62
10
79
87
8
63
97
71
40
32
49
48
47
41
36
63
39
33
39
31
3
23
31
2
16
58
42
91
63
54
65
54
28
55
55
35
64
5
26
10
30
39
68
32
88
60
17
76
59
42
83
68
69
32
48
97
10
12
8
67
97
34
74
12
62
42
17
98
17
2
41
79
22
65
41
73
58
40
83
48
5
40
94
75
90
71
82
44
39
26
3
59
74
56
100
15
68
46
42
69
65
92
32
29
63
52
75
100
6
24
59
83
24
79
35
28
27
23
82
97
24
64
86
27
37
36
37
35
72
20
77
80
82
63
30
33
27
35
53
9
26
43
98
97
30
98
33
17
4
82
37
23
77
85
100
91
23
90
26
60
68
31
92
70
46
49
70
40
46
27
66
36
74
87
66
60
69
13
75
47
77
66
88
37
69
70
94
93
10
3
83
62
38
13
18
51
3
33
23
21
71
33
77
69
39
66
74
84
73
5
85
49
2
85
70
42
65
13
61
98
80
42
65
87
4
53
38
76
36
62
34
26
40
4
16
35
60
85
100
63
71
41
13
45
34
40
1
80
61
41
26
58
47
47
59
24
73
90
2
45
27
28
74
67
32
8
22
15
86
87
17
3
8
23
54
50
36
86
14
9
71
58
87
35
51
74
35
68
100
33
76
3
40
34
45
70
88
25
87
84
59
25
6
86
74
40
66
23
53
85
11
44
51
12
98
51
43
77
32
15
94
35
50
37
54
21
39
96
64
71
58
43
82
46
55
11
31
54
65
51
24
10
21
61
95
46
41
64
69
58
80
73
22
11
81
8
73
76
95
79
37
51
30
65
89
63
30
86
46
27
64
35
94
2
30
14
92
26
36
65
51
89
25
12
52
65
66
28
32
100
7
14
89
17
21
92
56
60
9
22
19
22
50
50
74
19
70
18
21
30
42
56
81
47
99
70
100
80
94
13
9
99
35
14
79
46
92
58
3
66
94
34
81
78
21
49
38
63
75
68
86
100
41
24
42
95
51
81
55
82
1
75
57
6
8
70
85
25
19
58
4
39
4
4
18
6
38
22
20
91
98
52
51
7
55
16
79
47
77
51
50
31
9
40
88
80
11
77
97
34
1
75
38
97
81
14
39
89
11
70
86
11
16
74
57
93
62
69
87
17
52
47
60
83
33
100
73
96
27
80
16
5
14
31
34
71
44
35
57
67
44
95
99
72
90
35
5
58
62
17
7
41
51
55
44
70
91
41
97
35
43
82
97
71
92
86
81
20
53
88
40
44
77
46
98
58
58
100
3
21
40
93
64
48
11
69
41
87
45
71
64
1
10
11
96
93
3
48
64
64
7
65
80
85
95
36
34
50
77
19
75
95
33
47
73
84
36
85
10
60
4
62
42
68
68
1
87
62
86
60
80
24
51
57
22
51
66
34
41
56
42
97
78
26
75
80
53
39
53
53
8
56
50
67
34
97
15
43
62
26
58
86
67
5
95
70
55
93
42
87
77
3
61
16
37
9
97
25
72
74
75
23
26
73
39
71
58
60
28
19
48
65
32
56
60
76
49
73
19
47
57
37
32
94
17
38
78
73
65
28
30
50
74
97
77
39
9
95
50
1
55
28
1
20
59
26
7
28
22
9
59
7
46
21
54
87
3
96
30
31
55
28
37
5
68
82
22
66
53
9
52
29
33
65
47
42
46
91
27
44
42
95
82
64
12
2
57
70
98
5
82
38
55
59
29
75
45
61
33
67
44
85
13
46
72
31
98
39
58
4
89
84
96
27
42
48
77
91
98
8
45
69
63
97
43
2
16
30
96
3
37
18
3
71
53
75
26
43
8
42
97
40
55
33
1
52
32
10
70
16
84
7
86
22
25
75
28
18
83
11
62
77
40
11
59
91
86
24
83
34
22
68
22
37
1
22
85
33
91
5
93
35
92
75
43
90
33
91
75
68
73
25
5
86
100
72
38
22
72
96
29
33
55
16
28
3
33
59
22
75
16
49
34
1
69
65
82
27
61
71
91
93
96
48
26
10
20
13
39
61
89
3
73
50
28
90
54
62
44
41
89
98
84
85
80
13
87
75
63
53
26
4
24
44
37
54
30
52
54
58
66
100
94
5
37
25
27
41
16
85
22
98
27
36
18
43
66
55
28
53
39
86
27
71
38
71
76
46
70
4
12
59
35
7
42
75
83
78
22
100
23
30
17
82
18
3
89
36
66
98
79
88
37
33
61
40
7
25
62
99
78
33
71
70
2
86
66
42
52
36
1
82
48
52
59
64
79
77
17
59
98
47
52
64
56
76
78
44
44
20
31
6
9
21
58
15
69
48
100
20
98
48
97
2
34
67
45
1
92
9
25
9
83
72
66
53
73
96
13
90
64
77
27
44
25
58
85
8
86
19
55
49
68
45
40
28
72
50
35
96
4
20
55
91
25
22
92
89
19
7
34
12
25
4
91
57
2
10
48
23
73
39
25
82
22
87
8
57
19
13
17
80
51
41
46
49
48
79
61
3
56
35
16
89
59
57
51
56
24
8
70
34
70
59
74
79
40
37
21
69
52
69
50
49
20
8
3
79
37
63
48
2
3
1
1
6
34
15
62
98
70
22
92
18
30
24
35
1
96
4
30
48
39
94
61
29
36
32
31
26
83
100
30
58
82
52
73
95
17
67
48
82
41
77
85
31
94
26
97
68
32
67
71
42
29
1
37
99
27
6
36
77
46
96
1
84
14
11
93
89
13
34
37
76
83
2
71
22
41
19
27
22
68
32
73
32
71
18
83
27
78
3
28
65
76
38
73
22
59
99
77
54
14
9
22
9
45
85
30
41
76
41
56
19
37
62
100
100
40
7
76
74
91
5
80
58
40
70
3
79
52
28
32
40
87
100
54
23
63
64
89
23
73
99
90
75
96
63
12
80
13
21
87
84
45
98
87
51
18
61
14
36
57
31
74
45
90
81
0 273
0 312
0 485
0 696
0 1253
1 784
1 1114
1 1186
2 467
2 1345
2 1545
3 795
3 1230
3 1315
3 1428
4 614
4 1524
5 800
5 920
5 935
7 1080
7 1102
8 1178
8 1952
9 269
9 1545
10 1293
10 1540
10 1768
11 549
11 626
11 1305
11 1571
12 1257
13 164
13 370
13 1039
13 1185
13 1345
13 1953
14 782
16 542
16 1754
17 771
18 793
18 1928
19 343
19 933
19 1907
20 612
20 1735
21 1907
22 183
22 1007
22 1490
23 837
23 1588
23 1750
23 1880
24 951
26 277
26 680
26 1186
26 1945
27 279
27 585
27 756
27 1816
28 257
28 381
28 1768
29 990
30 129
30 136
30 286
30 438
30 1656
30 1783
31 71
31 188
31 1060
31 1665
31 1848
31 1925
33 317
33 434
33 678
33 751
33 756
33 1730
34 186
34 709
34 771
34 1471
35 109
35 178
35 684
35 1024
35 1292
35 1643
36 798
36 1265
37 1670
38 169
38 186
38 694
39 892
40 497
40 798
40 1017
41 1880
42 855
43 98
43 688
43 1106
44 665
44 1697
45 126
45 1048
45 1334
45 1559
45 1914
46 338
46 1027
46 1120
47 189
47 710
47 863
47 1025
47 1755
48 731
48 1299
48 1804
50 520
50 521
50 1206
50 1853
51 546
51 1233
51 1771
52 780
52 1025
52 1056
52 1094
52 1184
53 1915
53 1919
54 1997
55 982
55 1133
55 1552
56 861
57 519
57 616
57 870
57 1309
57 1378
57 1722
57 1960
58 1690
59 116
59 812
61 181
61 187
61 191
61 482
61 1154
61 1503
62 1115
63 504
63 907
63 1912
63 1954
64 662
64 714
64 1007
64 1059
64 1663
65 899
65 1319
65 1836
66 273
66 1314
66 1463
66 1969
67 1055
68 1163
68 1674
69 519
69 975
69 1753
69 1764
70 117
70 1521
71 1982
72 402
72 828
72 989
72 1656
74 485
74 712
74 1169
74 1200
74 1294
74 1467
75 290
75 317
75 822
75 1667
75 1765
75 1863
76 906
76 1149
77 1053
77 1572
78 507
78 1062
79 648
79 664
79 1726
79 1968
80 248
80 1087
80 1924
83 1265
84 113
84 1077
86 704
86 1168
86 1634
86 1926
87 105
87 327
87 929
87 1230
87 1634
88 316
88 708
88 1825
89 146
89 766
90 1129
90 1498
90 1910
90 1936
91 654
92 239
92 444
92 548
92 559
92 877
92 1400
92 1724
92 1734
93 996
93 1640
94 261
94 745
94 1432
94 1775
95 240
95 268
95 374
95 840
95 1199
95 1299
96 424
96 1451
96 1514
96 1609
97 562
97 737
98 572
98 1667
99 1732
100 489
100 1835
101 994
101 1426
102 181
102 493
102 541
102 1095
102 1258
102 1384
103 602
104 644
104 752
104 985
104 1582
105 341
105 575
105 650
105 1209
106 1184
106 1569
107 1423
107 1669
108 599
108 622
108 725
108 1130
108 1813
109 312
109 559
109 879
109 1080
109 1244
109 1936
110 207
110 1700
111 353
112 290
112 689
112 776
112 793
112 955
112 1122
112 1532
113 1639
114 820
114 1768
115 287
115 414
115 443
115 1065
115 1722
116 624
117 902
118 361
118 1314
118 1589
118 1644
119 1255
119 1798
120 209
120 210
120 663
120 835
122 460
122 493
123 818
123 1040
123 1919
124 459
124 920
124 1968
125 833
125 1383
125 1473
126 1477
127 309
127 745
128 1705
129 228
129 830
130 964
130 1063
130 1175
130 1416
130 1933
131 246
131 1212
133 405
133 431
133 441
133 624
133 1812
134 374
134 478
134 1337
134 1426
134 1871
135 325
135 1717
136 493
136 1251
136 1669
137 248
137 669
137 994
138 423
138 583
138 976
138 1730
139 1154
140 513
140 561
140 1260
141 266
141 779
141 827
143 363
143 444
144 1115
144 1758
144 1889
145 986
145 1530
146 463
146 1948
147 290
147 727
147 1557
147 1603
148 433
148 641
148 1046
148 1603
149 1083
150 595
150 1001
151 387
151 656
151 1746
152 327
152 739
152 1092
152 1458
153 673
153 754
153 1363
153 1453
153 1680
155 327
156 360
156 508
156 737
156 928
157 1138
157 1767
159 486
159 1347
159 1929
160 448
160 561
160 681
160 1698
161 1002
161 1476
162 1245
162 1299
162 1793
162 1867
162 1947
163 844
163 1390
163 1604
163 1650
163 1882
163 1902
164 1180
165 352
165 393
165 1637
166 594
166 918
166 1851
167 582
168 1280
169 343
169 631
169 1550
170 738
171 1693
171 1755
171 1970
172 204
172 1541
172 1578
172 1729
172 1908
173 610
173 801
173 833
173 1305
174 470
174 1102
174 1426
174 1503
174 1737
175 333
175 1571
175 1681
175 1861
176 359
176 895
176 946
176 1498
176 1559
176 1926
177 691
177 1121
177 1636
178 646
178 961
178 1280
178 1589
179 220
179 276
179 999
179 1453
180 826
181 938
181 1272
182 1196
182 1653
182 1917
184 418
184 1311
184 1898
185 905
185 1449
187 950
187 1220
187 1690
188 421
189 289
189 707
189 1420
189 1537
189 1952
190 915
190 1201
190 1892
191 1589
191 1635
193 900
193 1241
193 1757
194 238
194 1120
194 1914
195 564
195 888
196 845
196 1049
197 1698
198 325
198 769
198 972
198 1299
199 1994
200 585
200 826
200 1061
200 1636
200 1700
201 349
201 822
201 937
203 446
203 1092
203 1776
203 1801
204 301
204 536
204 1503
205 1005
205 1065
206 1434
207 487
207 1380
207 1407
208 946
209 1956
210 1315
211 1165
211 1193
211 1344
212 716
212 1058
213 550
213 1540
213 1559
214 743
214 1614
215 1766
216 278
216 394
216 582
216 1050
216 1431
217 1014
218 502
218 1746
219 854
219 1776
220 273
220 930
220 1810
221 243
221 1422
221 1494
222 921
223 915
224 731
224 980
224 1128
224 1574
225 1595
225 1921
226 304
226 758
226 1234
226 1370
226 1858
227 1114
227 1475
228 268
228 902
228 1005
228 1327
230 572
230 1294
230 1745
231 1099
232 1007
232 1040
232 1154
232 1456
233 322
233 908
233 1690
233 1717
234 321
234 1101
235 820
235 976
235 1650
235 1662
235 1833
236 255
236 752
236 1126
237 1114
237 1361
237 1735
237 1949
238 671
238 987
238 1397
239 880
240 357
240 665
240 1401
240 1611
240 1668
240 1714
241 1274
242 586
242 595
242 982
242 1779
243 1957
244 1411
245 918
245 1486
245 1567
246 961
246 1575
247 346
247 890
247 932
247 1145
247 1762
247 1878
248 1111
248 1218
248 1578
249 484
249 493
249 1703
249 1732
250 469
250 1624
251 715
251 858
251 951
251 1045
252 918
253 603
253 1376
254 677
254 729
254 1386
255 1307
255 1783
255 1897
256 1533
256 1840
257 1194
258 978
258 1392
258 1508
258 1931
259 1563
259 1738
259 1762
260 791
260 1241
260 1280
260 1549
260 1599
260 1782
261 727
261 1284
261 1311
261 1421
261 1520
261 1634
262 1253
262 1621
262 1858
263 395
263 837
263 1590
263 1656
263 1906
264 375
264 996
264 1067
264 1137
264 1752
264 1860
265 918
265 1085
266 567
266 583
267 580
268 371
268 1131
268 1485
269 547
269 549
269 1755
269 1878
271 970
271 998
271 1271
271 1626
271 1730
271 1897
272 1588
273 521
273 858
273 899
273 1306
274 733
274 1188
274 1569
275 1219
275 1481
275 1506
276 408
276 426
277 367
277 511
277 755
277 759
278 400
278 535
278 913
278 1688
278 1859
278 1966
279 438
279 526
280 363
280 492
280 1877
281 1142
282 433
282 1358
282 1568
282 1954
283 489
283 1151
283 1242
283 1598
284 1621
285 455
285 1483
285 1555
285 1922
287 384
287 446
287 1123
287 1930
288 975
289 605
289 912
289 1226
289 1340
290 824
290 1016
290 1435
291 647
291 1087
291 1434
291 1565
292 334
292 1256
293 323
293 1138
293 1176
293 1674
294 302
295 530
296 955
296 1466
296 1831
297 1744
297 1920
298 661
298 1236
298 1862
299 386
299 960
300 968
300 1770
300 1825
300 1970
301 721
301 767
301 911
302 1661
302 1896
303 313
303 1060
303 1836
303 1878
304 579
304 932
304 1216
304 1355
304 1892
304 1911
305 707
305 755
305 915
306 441
306 1027
306 1460
306 1761
307 499
307 1545
307 1577
308 407
308 480
309 550
309 712
309 1067
309 1987
310 1299
311 1394
311 1798
311 1813
312 929
312 930
312 1568
312 1680
313 323
313 542
313 611
313 712
313 1409
313 1511
314 990
314 1007
314 1084
314 1121
314 1590
315 521
315 633
315 1045
316 1233
317 1287
318 564
318 709
318 822
318 1599
319 1132
319 1138
319 1173
320 1991
321 985
321 1079
321 1191
321 1446
321 1655
321 1667
322 1170
322 1178
322 1208
322 1644
323 887
323 1367
323 1468
325 947
326 410
327 602
327 1570
328 1189
328 1538
329 1406
329 1595
330 480
330 744
330 1185
330 1313
331 351
331 420
331 1537
331 1681
331 1988
332 951
332 1192
332 1890
333 1589
334 434
334 793
334 1096
334 1989
335 641
335 941
335 1617
335 1641
335 1770
336 774
337 1416
337 1562
337 1692
337 1809
338 1395
339 921
340 780
340 1605
341 1072
341 1584
341 1812
343 927
344 579
344 797
344 1099
344 1654
345 997
345 1115
345 1129
346 1831
347 1155
347 1356
348 1557
349 1438
351 970
351 1382
351 1752
352 1404
353 481
353 558
354 1541
355 396
355 830
355 1110
355 1415
355 1469
356 1372
357 1620
357 1672
357 1843
357 1952
358 391
358 820
359 669
359 1102
359 1473
360 1865
361 521
361 1049
362 620
362 1160
363 1278
363 1356
363 1623
363 1894
364 882
364 1103
364 1551
364 1781
365 887
365 1699
369 843
369 864
369 1375
369 1821
370 749
370 998
370 1658
371 1103
373 640
373 1457
374 575
374 1122
374 1358
375 701
375 1020
375 1440
376 1401
377 805
377 982
377 1086
377 1142
377 1914
378 1491
379 1079
379 1211
379 1839
379 1896
379 1919
380 612
380 1771
381 1441
383 400
383 1064
383 1364
384 903
384 1010
384 1421
384 1495
385 686
385 959
385 1904
386 470
386 1670
386 1949
387 1479
387 1769
387 1780
388 912
388 1977
389 464
389 1112
389 1360
389 1477
389 1629
390 808
390 1009
390 1164
391 928
391 1088
391 1382
391 1686
392 783
392 1554
392 1574
392 1678
393 1906
394 964
395 1315
395 1695
396 1384
396 1649
398 476
398 1176
398 1494
399 1899
400 626
400 939
400 1986
401 1136
401 1650
402 1693
402 1992
403 1682
404 879
404 1182
404 1336
405 841
405 944
405 1125
405 1197
405 1804
406 432
406 844
406 1548
406 1916
407 1111
408 641
408 900
408 971
408 1071
409 852
409 1477
410 1053
411 1127
411 1489
412 935
412 1254
413 497
413 572
414 428
415 558
415 751
415 823
415 1640
415 1983
416 1548
416 1904
417 1388
418 1152
420 1100
421 486
421 731
422 728
422 844
424 1083
425 564
425 1249
425 1410
425 1780
426 601
426 1022
426 1063
426 1407
426 1558
427 1867
428 439
428 872
428 1819
429 657
429 1041
429 1173
429 1453
429 1786
430 761
431 1240
431 1275
432 533
432 680
432 684
433 529
433 736
433 841
434 466
434 814
434 1282
434 1726
435 1932
436 1304
436 1522
437 457
438 1101
438 1821
439 977
440 1085
440 1464
441 1443
442 450
442 867
442 1498
442 1981
442 1984
443 1474
444 1615
444 1689
444 1727
445 803
445 1084
445 1416
447 661
448 506
448 518
448 610
448 1932
449 558
449 1634
450 517
450 885
450 1363
451 1253
451 1294
451 1549
452 892
452 1125
452 1220
453 595
454 1159
454 1393
454 1401
455 688
455 1056
455 1128
455 1641
456 702
457 682
457 831
458 637
458 669
458 1450
458 1661
458 1872
459 1295
460 1004
460 1087
462 1640
462 1811
463 612
464 1066
465 1308
466 1267
466 1843
467 824
468 1704
468 1936
469 1874
470 1641
470 1702
471 807
471 1047
474 1608
474 1781
475 774
475 777
475 1208
476 817
476 1213
476 1729
477 761
478 979
478 1037
479 733
479 1674
479 1948
480 723
481 1555
482 1223
484 1310
484 1679
485 1638
485 1703
486 698
487 1487
488 997
488 1185
488 1767
489 1723
490 1857
492 817
492 1400
492 1731
493 1915
494 884
494 952
494 1914
495 504
495 1033
496 1392
496 1450
497 965
497 1254
498 968
498 1651
498 1857
499 546
499 1412
500 970
500 1059
501 527
501 829
501 837
501 1034
502 1004
502 1083
502 1197
502 1739
502 1798
504 748
504 760
505 510
506 1185
506 1421
506 1515
507 615
508 1454
508 1698
509 1101
509 1508
509 1833
510 1171
510 1305
512 1018
512 1543
512 1850
513 999
513 1585
514 1775
515 1336
515 1491
515 1678
516 765
516 804
517 1101
517 1220
518 1169
519 1766
520 817
520 1438
520 1643
520 1759
520 1780
521 1434
522 541
522 1072
522 1118
522 1318
522 1494
523 1662
523 1703
524 1063
524 1205
524 1457
524 1732
524 1741
525 581
525 1156
526 1177
526 1588
526 1971
527 951
527 1699
527 1854
530 1774
530 1933
531 1205
531 1692
532 874
532 1523
532 1666
532 1780
533 562
533 1966
534 659
534 1499
534 1737
535 1260
535 1398
536 1232
536 1521
536 1737
537 937
537 1104
537 1344
537 1562
538 577
539 1746
540 1507
540 1796
541 558
541 567
541 1122
542 568
542 943
542 1228
542 1244
543 1839
544 915
545 582
545 715
545 818
545 1734
546 1341
547 1200
547 1817
548 566
548 1222
549 617
549 839
549 1559
549 1572
549 1993
550 713
550 952
551 1185
551 1759
551 1988
552 897
552 1057
553 906
553 917
553 1510
554 955
554 1910
555 1130
555 1559
556 894
556 955
556 984
557 1222
557 1401
557 1729
558 1441
559 735
559 1042
561 1036
561 1499
563 1746
564 1059
564 1451
564 1584
564 1737
565 588
565 1035
568 1050
568 1594
569 1457
570 992
570 1179
570 1262
570 1784
570 1890
570 1996
571 823
571 1488
571 1576
572 697
572 1339
573 1876
574 1139
576 823
576 1917
577 1320
578 643
578 1976
579 742
579 1383
582 1567
582 1934
583 1469
583 1530
583 1719
584 1150
587 1126
587 1661
587 1722
589 1238
590 1653
590 1934
592 892
592 987
592 1100
593 965
593 1832
595 973
595 1950
596 935
596 1174
596 1227
596 1976
597 1447
597 1493
598 861
598 1240
598 1338
598 1872
599 1755
600 901
602 984
603 990
605 783
606 1568
606 1833
607 1301
607 1900
608 721
608 982
608 1831
609 865
609 1601
609 1887
610 930
610 1852
610 1972
611 1445
612 1646
612 1743
613 894
613 1651
614 738
614 819
614 1049
614 1206
614 1993
615 799
615 883
615 1655
616 1378
617 868
617 1381
618 941
618 1858
619 1243
619 1935
619 1999
620 1354
622 1123
622 1360
623 626
623 1096
624 791
625 1885
626 1226
628 843
628 1378
628 1385
629 1668
630 937
630 1926
631 1867
632 1061
633 683
633 789
633 1841
633 1938
633 1992
636 670
636 1395
636 1626
636 1837
636 1946
637 1105
638 848
638 1186
638 1616
638 1999
639 929
639 1552
640 826
640 1058
640 1114
641 811
641 1416
642 1931
645 1144
645 1183
645 1733
647 1405
647 1987
648 1133
648 1240
648 1733
649 1178
649 1824
650 1751
650 1885
650 1941
652 979
652 1793
652 1970
653 1333
653 1504
654 1173
654 1201
655 661
655 1795
656 723
656 916
656 1082
657 1699
658 1046
659 1660
660 854
660 1207
660 1268
660 1487
661 1406
662 1211
662 1918
663 836
663 1079
664 831
664 1785
666 1462
666 1638
667 685
667 1543
668 1882
669 993
669 1237
669 1481
669 1723
670 1495
670 1606
670 1824
671 1407
672 1090
672 1792
674 697
674 1017
675 1296
675 1392
675 1737
676 1408
676 1609
677 1025
677 1103
677 1218
677 1324
678 1639
679 1342
679 1468
680 1201
680 1462
680 1513
680 1683
681 1070
681 1233
681 1697
681 1953
682 852
682 1993
683 702
683 860
683 1100
683 1578
684 1729
684 1813
685 982
686 1053
687 1146
687 1424
688 1029
688 1835
689 1360
690 870
690 1100
690 1838
691 1419
691 1597
691 1627
692 760
692 800
692 1556
692 1809
692 1819
693 756
693 920
693 1043
693 1436
694 1241
694 1369
694 1467
695 940
695 1638
696 1639
698 723
698 1213
698 1330
698 1976
699 1337
699 1416
700 1488
700 1602
702 1129
702 1207
702 1614
702 1763
702 1794
703 1053
703 1278
703 1945
704 785
704 1905
706 1658
707 1024
707 1120
708 774
708 1199
709 956
709 1154
709 1202
709 1675
710 780
710 1756
711 1170
711 1187
711 1811
711 1937
712 1474
713 840
713 1155
713 1755
714 1349
714 1674
715 1316
715 1334
715 1361
715 1523
716 1249
716 1529
717 1185
717 1440
717 1956
718 826
719 787
719 1259
719 1886
720 1756
721 791
722 827
722 1781
723 1975
724 1884
725 925
726 1554
726 1613
727 1061
727 1542
727 1607
728 1765
728 1851
729 1828
730 1371
730 1387
730 1720
730 1865
731 1931
732 1191
732 1374
732 1933
732 1945
733 762
733 1099
733 1979
735 1023
735 1062
735 1971
736 1649
737 1072
737 1824
738 947
738 1727
739 1555
739 1725
739 1777
739 1828
740 1076
741 806
741 1445
742 1817
743 808
744 1250
745 772
745 1181
745 1945
745 1988
746 1225
747 761
747 1145
747 1611
748 1157
748 1210
748 1269
748 1783
749 894
749 969
749 1481
750 1129
751 873
751 1808
752 897
752 1081
752 1192
752 1469
753 853
753 1645
755 1401
755 1648
756 1104
756 1258
757 1632
757 1872
759 1227
760 955
760 1100
760 1235
761 1956
762 1748
763 1351
763 1370
764 1721
764 1863
765 1217
765 1751
765 1810
766 1606
767 1531
767 1596
767 1751
767 1822
767 1892
768 1703
768 1836
769 1682
769 1778
769 1926
770 1059
770 1914
771 840
771 854
771 1062
771 1169
772 1823
774 890
774 1174
774 1271
775 1111
775 1372
776 996
776 1310
776 1700
776 1759
777 1091
777 1943
778 1531
779 946
779 1181
779 1543
780 1307
780 1443
780 1825
782 921
782 1034
782 1124
783 1427
784 787
784 906
784 996
785 1591
786 1907
786 1972
787 1707
788 1878
789 1226
789 1308
789 1990
790 926
790 1625
790 1631
790 1791
791 1429
792 1381
792 1429
793 889
793 1176
793 1266
795 1682
795 1761
796 979
796 1478
796 1776
799 1950
800 1066
801 1769
801 1854
802 1000
802 1349
802 1675
803 1752
804 959
805 1029
805 1322
807 1000
807 1911
808 875
808 1275
808 1657
809 1027
811 1376
811 1587
812 1490
814 1236
814 1957
816 1009
817 1048
817 1367
817 1936
818 1273
819 1734
820 849
821 1959
822 1123
822 1293
822 1463
823 1618
823 1871
824 1028
824 1917
825 849
826 1762
828 1277
828 1637
829 997
830 1084
830 1643
831 967
831 1348
831 1758
832 1280
832 1334
833 1117
833 1886
835 1246
835 1594
835 1631
836 1919
838 1191
838 1424
838 1901
839 949
840 1034
840 1192
840 1239
841 1774
842 973
842 1747
843 1396
843 1594
844 1037
844 1135
844 1260
845 1262
845 1682
846 855
846 1425
847 927
847 1185
847 1543
847 1616
847 1853
847 1895
848 1120
849 1166
849 1779
850 1781
850 1896
851 1439
853 1390
855 1500
855 1623
858 1332
858 1556
859 1744
859 1776
860 1149
860 1561
860 1945
861 1022
861 1389
861 1501
864 915
864 1589
865 1390
865 1429
866 1392
866 1803
868 1394
868 1451
868 1468
870 1160
870 1258
871 1447
872 983
872 1696
873 1062
873 1352
873 1609
874 977
876 1001
877 1146
877 1793
879 962
879 1584
881 1187
881 1285
881 1303
882 1302
882 1837
883 1147
883 1931
883 1977
884 1518
885 1629
885 1663
885 1685
885 1820
887 1018
887 1218
888 889
888 1602
888 1937
889 914
889 981
889 989
889 1663
890 897
890 1491
891 1335
891 1563
892 1073
892 1122
892 1268
893 1668
895 902
895 993
895 1372
895 1684
895 1734
896 898
896 1719
896 1858
897 1925
898 1536
898 1935
899 1136
899 1393
900 1009
900 1574
901 1585
902 1207
902 1248
903 1094
903 1380
903 1522
903 1667
904 1111
904 1326
906 1110
907 1186
907 1489
907 1922
908 1092
908 1504
908 1796
910 1185
911 1034
911 1206
911 1856
914 1071
915 1080
916 1230
917 1090
918 1152
918 1345
918 1444
920 1048
920 1233
921 1303
922 1350
923 969
923 979
923 981
925 1224
925 1501
928 1480
929 1821
930 1236
930 1269
930 1672
932 1923
934 1412
935 954
939 1099
939 1482
939 1541
940 1169
940 1521
941 1415
941 1536
941 1844
942 1064
943 1024
945 1581
946 1440
946 1852
947 1500
947 1544
947 1830
947 1903
949 1329
949 1508
950 1875
951 1004
951 1819
952 1020
952 1430
952 1686
953 1236
953 1406
954 984
954 1102
954 1146
955 956
958 1848
958 1924
961 1582
965 973
965 1879
966 1358
966 1840
966 1953
967 1025
967 1303
968 976
969 1896
970 1367
970 1444
972 1051
973 1236
973 1313
974 1043
974 1950
975 1518
975 1894
976 1797
977 1421
977 1681
978 1029
978 1061
978 1424
979 1351
980 1066
980 1275
980 1612
980 1651
981 1636
982 1189
982 1784
982 1889
983 1443
983 1761
984 1003
984 1501
985 1080
986 1479
986 1641
986 1941
987 1100
987 1457
987 1498
987 1707
987 1918
988 1098
988 1129
988 1737
989 1279
989 1351
989 1799
990 1270
990 1691
990 1852
990 1991
991 1846
992 1214
992 1438
992 1476
992 1652
993 1996
995 1337
996 997
997 1378
997 1465
997 1925
998 1016
999 1119
999 1649
999 1867
999 1886
1000 1333
1000 1434
1001 1581
1002 1022
1002 1175
1002 1281
1004 1447
1006 1988
1007 1133
1007 1961
1010 1249
1011 1736
1011 1760
1013 1560
1013 1587
1014 1353
1014 1589
1015 1778
1015 1954
1016 1285
1016 1773
1016 1832
1017 1340
1018 1371
1018 1787
1018 1879
1019 1637
1021 1107
1021 1286
1021 1809
1022 1689
1022 1693
1022 1934
1023 1967
1025 1146
1025 1795
1026 1706
1027 1757
1027 1943
1029 1502
1029 1630
1029 1977
1030 1611
1031 1532
1034 1342
1035 1314
1036 1255
1038 1603
1039 1097
1039 1512
1039 1784
1040 1333
1040 1617
1040 1725
1040 1744
1041 1609
1042 1650
1042 1936
1044 1076
1044 1133
1044 1547
1044 1909
1045 1474
1045 1891
1046 1466
1047 1058
1050 1350
1050 1731
1050 1780
1050 1835
1051 1136
1052 1444
1053 1239
1054 1827
1055 1937
1060 1245
1060 1596
1061 1260
1061 1375
1061 1620
1062 1933
1062 1947
1066 1231
1067 1460
1068 1296
1068 1400
1068 1697
1069 1630
1069 1743
1072 1340
1072 1948
1073 1453
1077 1851
1078 1513
1079 1288
1079 1655
1079 1939
1081 1423
1081 1845
1081 1993
1083 1403
1084 1245
1084 1620
1084 1662
1085 1272
1086 1246
1086 1395
1086 1856
1087 1334
1087 1957
1088 1333
1089 1444
1089 1527
1090 1142
1091 1096
1091 1340
1091 1982
1092 1560
1093 1942
1094 1318
1094 1934
1095 1606
1096 1444
1096 1525
1098 1896
1100 1555
1100 1595
1101 1159
1101 1707
1101 1776
1101 1833
1101 1889
1101 1924
1103 1769
1103 1844
1104 1635
1105 1579
1106 1626
1107 1322
1107 1346
1107 1771
1108 1780
1110 1442
1111 1505
1111 1756
1113 1389
1114 1436
1114 1768
1115 1727
1117 1641
1118 1157
1118 1694
1119 1566
1121 1862
1122 1682
1123 1140
1123 1240
1123 1746
1124 1474
1124 1684
1126 1683
1127 1465
1129 1509
1130 1667
1131 1870
1131 1906
1132 1282
1134 1244
1134 1694
1135 1306
1135 1609
1135 1926
1136 1841
1137 1877
1138 1535
1138 1581
1138 1851
1139 1476
1139 1617
1141 1833
1142 1346
1142 1974
1143 1192
1143 1505
1143 1800
1144 1239
1144 1301
1145 1982
1145 1988
1152 1631
1152 1787
1153 1160
1154 1191
1154 1194
1154 1280
1155 1200
1156 1293
1156 1491
1156 1698
1157 1605
1158 1558
1158 1853
1159 1466
1160 1936
1162 1446
1163 1743
1166 1783
1166 1874
1167 1979
1169 1410
1169 1428
1169 1599
1169 1627
1172 1465
1174 1545
1174 1744
1175 1839
1178 1310
1180 1232
1180 1581
1183 1818
1184 1203
1184 1320
1184 1341
1184 1629
1186 1381
1187 1711
1188 1525
1189 1226
1192 1499
1192 1645
1193 1583
1194 1741
1195 1872
1196 1658
1196 1707
1196 1999
1197 1825
1198 1970
1200 1931
1201 1404
1201 1816
1202 1347
1202 1424
1202 1512
1202 1563
1202 1857
1205 1899
1206 1354
1207 1834
1207 1851
1209 1609
1210 1749
1211 1462
1212 1675
1213 1473
1213 1571
1214 1847
1214 1971
1216 1450
1217 1408
1219 1364
1220 1534
1220 1648
1221 1436
1222 1510
1223 1366
1223 1787
1225 1332
1226 1449
1226 1520
1228 1703
1228 1788
1231 1360
1231 1563
1231 1580
1235 1676
1236 1521
1236 1565
1236 1947
1240 1893
1242 1386
1244 1655
1246 1359
1246 1835
1247 1522
1247 1900
1248 1923
1249 1272
1251 1546
1252 1646
1252 1678
1254 1588
1255 1694
1256 1547
1256 1609
1258 1497
1258 1934
1259 1779
1260 1819
1261 1928
1262 1518
1263 1287
1264 1617
1265 1373
1266 1671
1266 1912
1267 1678
1268 1303
1268 1963
1270 1641
1270 1745
1270 1989
1271 1886
1272 1653
1272 1730
1273 1357
1273 1433
1273 1534
1274 1394
1276 1348
1276 1420
1276 1795
1277 1365
1278 1604
1282 1962
1285 1755
1286 1414
1287 1414
1287 1575
1288 1370
1288 1387
1288 1724
1289 1419
1289 1571
1290 1600
1292 1714
1295 1483
1296 1815
1297 1433
1297 1712
1297 1870
1299 1333
1299 1872
1301 1406
1301 1888
1302 1376
1302 1685
1303 1852
1305 1317
1306 1429
1307 1348
1307 1619
1308 1409
1308 1942
1311 1603
1311 1731
1314 1424
1315 1396
1317 1679
1317 1950
1318 1685
1318 1992
1319 1977
1321 1495
1321 1582
1321 1840
1322 1458
1322 1569
1323 1568
1324 1436
1324 1761
1324 1964
1325 1483
1325 1705
1326 1755
1327 1392
1327 1671
1327 1747
1328 1705
1328 1855
1330 1339
1330 1806
1331 1623
1331 1934
1332 1395
1333 1479
1333 1888
1337 1919
1338 1397
1339 1520
1340 1742
1340 1764
1341 1993
1342 1810
1342 1887
1347 1840
1348 1742
1351 1866
1351 1868
1351 1876
1352 1478
1352 1880
1355 1688
1356 1463
1357 1853
1359 1784
1360 1754
1360 1806
1361 1548
1361 1728
1363 1456
1363 1624
1364 1802
1365 1538
1365 1580
1367 1393
1368 1486
1369 1721
1370 1508
1371 1492
1372 1523
1372 1611
1372 1973
1376 1571
1376 1733
1377 1670
1378 1585
1379 1991
1380 1886
1381 1412
1381 1645
1382 1470
1383 1625
1384 1862
1385 1676
1386 1419
1387 1971
1388 1732
1390 1597
1394 1925
1396 1537
1397 1408
1398 1773
1398 1786
1401 1535
1402 1990
1403 1812
1403 1856
1404 1568
1405 1590
1405 1641
1405 1791
1406 1548
1407 1635
1408 1922
1409 1621
1409 1938
1411 1877
1412 1657
1412 1694
1414 1551
1415 1446
1416 1452
1417 1444
1421 1671
1424 1504
1426 1666
1427 1805
1429 1553
1430 1476
1430 1951
1430 1979
1431 1850
1433 1576
1435 1446
1437 1453
1437 1510
1438 1570
1438 1864
1439 1575
1441 1460
1441 1816
1444 1702
1445 1944
1445 1998
1452 1534
1452 1536
1454 1503
1454 1924
1456 1815
1457 1872
1459 1566
1459 1638
1460 1496
1460 1714
1460 1785
1461 1700
1463 1708
1464 1669
1465 1930
1470 1689
1471 1780
1474 1740
1475 1739
1476 1607
1477 1528
1477 1635
1478 1850
1480 1967
1481 1592
1482 1521
1484 1712
1495 1985
1496 1519
1496 1740
1497 1967
1498 1652
1498 1804
1499 1889
1500 1511
1504 1517
1505 1965
1506 1984
1507 1779
1508 1539
1508 1817
1509 1520
1509 1936
1510 1622
1510 1792
1510 1937
1512 1712
1516 1784
1517 1873
1523 1809
1526 1878
1527 1566
1529 1881
1530 1974
1532 1563
1533 1885
1533 1974
1534 1594
1536 1785
1536 1841
1540 1945
1543 1771
1546 1994
1547 1998
1550 1714
1550 1799
1552 1663
1556 1749
1558 1634
1559 1803
1559 1988
1561 1899
1562 1607
1563 1568
1564 1639
1564 1683
1564 1692
1565 1655
1569 1828
1570 1907
1572 1814
1574 1721
1574 1884
1576 1756
1577 1626
1577 1909
1577 1919
1579 1922
1582 1697
1583 1937
1587 1729
1588 1627
1589 1808
1591 1638
1592 1684
1593 1596
1600 1678
1601 1808
1605 1735
1606 1720
1610 1762
1611 1689
1611 1923
1613 1928
1615 1760
1615 1905
1616 1757
1616 1815
1616 1828
1617 1704
1617 1803
1619 1902
1619 1945
1620 1633
1620 1972
1623 1886
1625 1832
1625 1919
1625 1994
1629 1890
1633 1858
1634 1724
1634 1754
1636 1647
1639 1724
1639 1769
1640 1675
1640 1882
1645 1887
1648 1941
1649 1917
1650 1850
1651 1850
1652 1770
1654 1734
1655 1940
1656 1851
1658 1776
1658 1858
1658 1960
1662 1788
1664 1934
1666 1829
1668 1677
1668 1685
1671 1901
1674 1785
1675 1756
1676 1824
1680 1765
1681 1783
1682 1736
1682 1984
1683 1725
1686 1990
1688 1938
1689 1795
1690 1732
1690 1796
1692 1771
1696 1996
1698 1920
1700 1775
1709 1938
1710 1933
1711 1951
1711 1974
1721 1805
1723 1784
1723 1798
1727 1883
1731 1858
1734 1864
1735 1848
1742 1848
1745 1930
1747 1837
1757 1769
1758 1874
1760 1846
1761 1946
1763 1907
1765 1940
1766 1778
1769 1896
1773 1952
1777 1898
1777 1971
1779 1811
1784 1810
1789 1879
1793 1963
1794 1864
1794 1889
1796 1949
1797 1886
1797 1941
1798 1805
1800 1879
1801 1886
1802 1931
1810 1893
1811 1921
1814 1882
1827 1959
1828 1942
1829 1833
1834 1898
1834 1933
1836 1900
1844 1857
1845 1852
1846 1851
1847 1892
1848 1964
1860 1918
1861 1895
1872 1971
1877 1943
1877 1997
1893 1933
1893 1996
1896 1923
1898 1900
1899 1940
1922 1925
