2000 3073
43
48
22
36
12
40
96
85
31
4
52
61
78
85
4
29
45
22
96
93
93
48
34
15
13
98
96
67
62
41
78
7
99
12
85
28
81
98
66
65
5
40
35
3
98
75
40
76
60
7
27
62
28
98
12
64
62
84
2
38
36
88
69
74
7
50
63
66
54
62
80
37
13
57
34
87
54
58
90
45
50
77
23
71
22
11
18
48
13
45
80
65
39
67
98
65
31
4
44
2
75
87
10
36
93
91
53
62
45
53
68
62
44
9
47
50
22
72
92
55
40
95
19
54
66
42
76
11
33
59
87
91
42
22
53
47
100
68
80
56
1
75
72
92
7
64
59
23
62
10
53
99
11
89
95
37
48
100
33
74
15
81
43
66
52
45
14
95
6
68
77
58
67
14
63
59
17
84
75
6
72
87
26
89
17
81
7
72
4
60
59
39
60
23
83
53
59
3
53
38
3
100
96
74
98
94
21
35
12
1
66
67
73
70
1
79
3
98
57
24
80
97
29
94
79
70
88
92
73
19
75
95
52
25
33
54
86
15
69
70
85
34
74
92
39
3
7
74
46
75
44
39
84
37
84
95
18
35
1
82
17
5
21
77
22
29
56
72
22
35
28
82
9
51
97
56
12
90
83
84
45
90
22
71
61
48
76
38
51
22
46
62
4
66
53
42
41
97
65
84
19
70
13
53
43
67
26
30
73
28
98
10
31
65
12
86
96
35
85
61
5
87
35
92
8
19
17
82
4
77
5
28
22
56
23
2
73
26
91
83
42
74
27
39
16
77
22
43
78
67
72
9
73
15
70
22
32
63
41
13
90
38
69
79
66
36
94
80
10
62
66
59
35
83
47
52
27
68
69
69
84
9
4
28
73
2
63
93
42
61
59
18
20
87
10
95
100
66
94
100
78
49
86
11
52
35
35
99
80
4
72
48
82
6
48
77
49
27
21
8
62
47
69
60
59
56
25
16
13
29
18
12
96
84
23
82
12
85
2
10
27
64
23
15
43
69
65
42
99
69
73
9
96
68
29
64
30
10
65
2
51
81
44
95
91
26
29
58
81
15
22
24
82
46
70
70
36
56
6
62
19
73
95
33
40
12
74
87
8
97
46
88
87
97
38
33
85
81
26
8
88
69
72
34
53
20
93
90
21
99
99
39
89
96
7
48
84
53
49
79
89
50
27
73
66
26
57
56
70
54
37
13
32
58
40
32
84
24
8
68
61
75
99
41
44
24
69
38
73
81
12
74
99
88
74
97
49
21
12
26
63
91
92
24
48
24
60
38
41
2
13
31
1
17
33
98
22
96
19
84
22
96
54
85
82
36
28
38
33
24
69
94
99
42
7
25
17
53
64
12
28
24
53
52
5
14
94
78
90
97
51
25
83
31
93
28
31
58
89
60
33
41
52
15
77
5
13
99
2
45
5
13
50
6
52
90
35
69
26
82
20
60
20
21
40
47
24
68
93
78
36
87
29
55
27
78
92
16
91
84
72
98
34
84
88
20
47
23
92
11
25
17
26
98
48
61
9
69
59
48
67
9
12
40
25
22
70
82
46
11
52
84
45
81
25
37
1
85
66
2
32
88
7
84
63
65
14
49
76
56
4
29
87
48
55
48
6
93
21
78
79
25
41
45
9
55
23
87
1
53
65
2
57
64
93
57
7
46
12
55
63
94
64
53
24
14
24
3
70
76
71
93
2
47
37
99
68
11
50
90
17
98
60
87
96
58
36
90
100
53
24
67
99
59
95
26
6
24
34
31
61
32
8
51
9
59
71
64
9
18
94
61
25
5
94
23
32
89
29
86
69
31
63
89
84
99
54
66
57
76
13
38
27
77
59
10
11
16
68
19
74
29
89
64
92
24
89
19
80
49
55
76
56
64
47
90
58
3
67
29
11
32
61
80
53
77
12
99
56
2
88
10
100
73
91
44
29
68
3
64
62
17
68
64
81
4
10
88
72
17
96
44
62
33
18
42
47
74
77
6
19
63
46
34
89
13
46
1
54
100
2
92
61
78
9
89
68
68
86
80
34
57
5
60
39
97
24
94
43
49
56
24
62
58
50
37
61
28
45
15
68
40
16
40
8
91
54
78
31
45
58
45
15
40
52
63
30
72
22
87
59
96
54
16
17
65
78
24
51
12
17
31
22
84
36
70
82
31
68
99
37
73
78
81
98
79
2
54
34
2
21
96
77
6
46
46
64
10
55
66
8
40
93
50
6
8
17
24
44
28
88
66
5
25
38
12
34
73
85
46
65
75
12
49
84
13
89
43
2
56
91
9
28
28
91
79
83
68
8
75
23
86
54
83
3
98
61
50
7
28
96
40
68
45
42
59
88
41
27
25
66
63
70
70
84
36
17
47
23
17
79
50
75
10
65
3
95
7
55
91
24
53
97
62
15
69
60
12
96
37
93
96
17
99
21
29
35
30
92
95
31
22
88
3
70
46
92
54
45
82
37
84
3
3
69
87
64
15
16
68
64
30
6
64
2
71
62
42
22
16
79
61
36
36
3
49
69
48
71
17
18
66
85
43
27
42
39
79
50
18
13
41
67
98
59
48
50
35
92
14
88
68
88
2
73
72
80
45
44
97
7
44
74
94
24
42
94
12
61
96
73
99
84
84
22
58
25
99
89
65
72
12
30
45
47
26
89
30
65
55
82
3
85
30
73
53
34
3
56
92
9
56
14
32
86
64
41
26
75
19
90
59
41
46
68
2
18
73
24
52
8
78
68
62
98
84
19
67
82
98
82
6
64
34
100
48
42
56
52
42
3
52
63
54
70
33
45
30
70
3
40
31
29
63
84
66
66
30
37
98
36
14
83
100
93
58
83
91
46
87
70
11
11
20
74
74
82
19
81
43
65
35
96
43
65
55
12
10
30
35
47
50
58
3
24
47
57
77
29
71
64
4
10
51
1
16
77
79
28
7
20
71
38
51
83
10
89
42
61
99
93
82
20
63
38
57
98
24
80
19
23
43
33
85
94
76
99
30
91
39
17
65
88
7
4
20
30
46
46
52
53
72
71
34
21
98
9
100
26
87
84
51
19
61
93
33
57
99
14
24
23
84
66
20
3
42
91
64
49
99
57
70
51
83
23
15
30
16
58
46
69
94
93
81
73
76
76
30
83
49
70
17
20
59
88
51
90
67
89
61
16
12
60
98
48
98
89
86
56
12
29
23
99
75
37
82
89
57
61
53
72
78
71
31
64
56
18
60
7
37
45
33
22
38
29
36
67
15
16
30
8
54
76
59
14
25
17
12
93
96
27
31
79
63
15
99
30
55
47
49
60
36
76
68
75
97
89
7
20
8
54
17
37
32
69
93
80
88
76
87
95
63
35
89
15
85
75
92
45
86
45
42
58
37
81
74
26
77
44
78
44
74
8
8
80
93
82
44
71
32
60
64
96
26
87
76
3
44
47
31
84
9
46
4
46
91
64
78
51
72
10
95
41
95
29
76
54
83
96
16
76
67
54
95
26
61
96
71
5
39
97
87
85
91
40
29
69
60
85
75
94
14
36
100
7
60
36
36
26
90
74
33
62
82
65
41
74
29
10
78
54
79
7
74
7
11
36
2
45
4
17
9
9
94
38
28
57
93
16
4
12
44
20
56
41
84
35
3
51
22
28
41
49
48
90
92
68
28
27
57
20
15
34
21
23
28
47
7
25
10
17
70
47
91
5
48
10
7
55
33
80
16
50
37
5
14
7
17
52
39
53
85
75
32
18
91
72
50
69
82
21
10
48
53
44
59
54
43
11
30
93
63
61
99
95
8
52
28
64
38
58
56
38
24
73
58
9
74
49
19
62
28
96
58
58
79
72
96
90
61
24
19
97
33
4
13
74
73
52
38
92
51
7
24
77
52
33
36
58
23
3
70
28
95
24
50
85
51
75
20
14
93
74
65
76
9
23
3
98
20
36
33
5
68
52
42
27
55
81
23
52
94
78
99
87
96
12
55
25
13
95
63
61
56
14
52
88
50
98
98
12
19
2
49
2
85
71
61
56
50
98
25
23
54
9
27
2
88
81
23
41
49
59
67
44
77
56
95
33
89
83
87
15
22
76
67
35
32
68
45
2
59
80
81
32
84
4
46
49
99
51
22
51
10
77
68
52
60
41
23
77
67
25
82
61
47
14
40
23
63
7
100
6
39
49
71
81
61
39
26
40
36
53
73
88
8
65
42
1
45
82
36
77
81
5
36
89
83
25
16
31
46
99
39
40
62
43
28
9
25
78
10
29
4
26
2
21
4
14
73
28
92
27
31
67
64
4
62
15
33
32
76
26
85
40
90
79
36
42
31
26
39
71
50
29
7
21
1
95
2
63
35
38
91
2
33
53
60
45
97
61
85
11
59
98
8
26
34
17
98
36
4
32
13
49
82
28
3
71
74
97
5
84
56
28
53
42
75
31
62
51
95
19
68
24
35
18
21
49
80
99
54
30
22
50
13
95
19
78
25
53
37
61
29
13
100
57
86
71
92
18
82
37
89
21
31
70
6
30
69
0 910
0 1582
0 1813
1 389
1 711
1 1565
2 1226
2 1328
2 1769
2 1814
3 779
3 1148
3 1187
4 1875
5 444
5 866
5 952
6 458
6 527
6 913
6 1757
6 1779
7 210
7 585
7 1033
7 1941
8 1276
9 654
9 1329
9 1696
10 393
10 1504
10 1529
12 418
12 1484
12 1621
12 1940
13 1125
13 1527
14 22
14 966
14 1877
15 1360
15 1401
15 1628
16 352
16 969
16 1207
16 1826
17 817
17 1197
17 1369
17 1773
18 1161
18 1453
19 49
19 331
19 651
19 1015
19 1820
20 72
20 830
20 1016
20 1279
20 1767
21 205
21 1561
22 280
22 911
23 303
23 336
23 1864
24 249
24 448
24 1117
24 1129
25 193
25 1993
26 352
26 783
26 1823
27 329
27 970
27 1296
27 1996
30 190
31 291
31 778
31 1821
32 988
32 1651
32 1956
33 1588
33 1929
34 1228
35 420
35 562
35 1289
35 1671
35 1871
36 72
36 608
36 1920
37 67
37 230
37 439
37 775
37 830
37 988
37 1854
38 721
38 1341
39 58
39 89
39 230
39 974
39 1114
40 1521
40 1843
41 66
41 156
41 543
41 936
41 1646
41 1810
41 1976
42 462
42 873
43 401
44 336
44 1519
45 266
47 160
47 484
48 1839
49 980
49 1319
50 678
50 1313
50 1456
50 1519
50 1804
51 610
51 823
51 1538
52 240
52 635
52 1263
52 1355
52 1496
53 587
53 917
53 930
54 1314
54 1982
55 1209
56 666
56 1838
57 574
58 1219
58 1487
59 1889
60 881
60 1294
61 820
61 1209
61 1265
62 825
62 1865
62 1979
63 1158
64 225
64 838
64 1037
64 1149
65 1637
65 1703
66 253
66 271
66 1330
66 1483
66 1758
67 205
67 361
67 412
68 132
68 249
68 1693
69 1750
69 1865
70 162
70 554
70 918
70 1022
70 1299
70 1885
70 1893
71 807
71 1630
71 1705
72 426
73 84
74 509
74 937
74 1166
74 1345
74 1883
74 1969
75 809
75 1159
75 1411
75 1527
75 1538
75 1551
75 1554
76 583
76 1291
77 575
77 1080
77 1471
78 839
78 1806
80 273
80 766
80 1303
81 439
81 900
82 835
82 1278
82 1697
83 470
83 651
83 1204
83 1273
83 1439
83 1461
84 292
84 983
84 1274
85 1115
86 297
86 1166
87 314
87 1116
87 1204
87 1605
88 145
89 206
89 486
89 1028
89 1521
89 1651
90 345
90 926
91 1226
92 1044
92 1247
92 1814
93 346
93 1426
93 1959
93 1991
94 1252
94 1479
95 275
95 276
95 451
95 1289
95 1941
96 102
96 600
96 1323
97 374
97 579
97 593
97 1344
97 1463
97 1546
97 1855
98 617
98 1206
99 1059
99 1401
100 412
100 1576
101 1645
102 1153
102 1442
102 1993
103 249
103 391
103 834
103 1537
103 1918
104 1194
104 1230
105 464
105 1765
106 1700
107 1519
107 1691
108 242
108 496
108 645
108 662
108 1767
109 143
109 1158
109 1869
110 776
111 181
111 1216
112 812
112 870
112 1370
112 1555
113 324
113 775
113 1549
114 216
114 266
114 479
114 617
114 1353
115 397
115 1716
115 1994
116 773
116 1008
116 1027
117 441
117 936
117 1489
118 758
118 979
119 190
119 1083
119 1658
120 264
120 1322
120 1854
121 380
123 489
123 1114
123 1322
123 1882
124 265
124 1438
124 1494
125 331
125 1427
126 566
126 830
126 1154
126 1376
127 1508
128 277
128 1047
128 1568
128 1959
129 333
129 393
129 757
130 510
130 1455
130 1659
130 1775
131 202
131 404
131 426
131 580
131 836
131 1627
132 173
133 786
133 959
133 1205
133 1368
134 280
134 425
134 1314
134 1604
134 1872
135 437
135 1037
135 1189
135 1634
135 1981
136 446
136 560
136 1514
136 1781
137 1471
138 154
138 1104
138 1638
139 813
139 976
139 1398
140 471
140 655
140 970
140 1206
141 1787
142 498
142 1517
143 638
143 875
143 879
143 1072
143 1284
143 1750
144 443
144 540
144 667
144 1997
146 670
146 1762
147 778
147 1266
147 1369
148 557
148 1080
148 1285
149 266
149 537
149 1092
149 1102
149 1286
149 1622
150 345
150 1204
150 1284
151 484
151 1445
152 345
152 396
152 917
152 1020
152 1084
152 1279
152 1938
153 243
153 365
153 1205
153 1975
154 750
154 1398
154 1841
154 1917
154 1960
155 404
155 740
155 1070
155 1152
155 1155
156 978
156 1874
156 1949
156 1970
157 794
157 1508
158 170
158 796
159 224
159 652
160 280
160 617
161 476
161 1764
162 487
162 1763
162 1899
163 1985
164 512
164 1920
165 734
165 905
165 1668
166 299
166 622
166 745
166 1171
166 1221
166 1262
167 489
167 1004
167 1117
167 1615
168 218
168 930
169 1766
170 954
171 1469
171 1946
172 1533
173 246
173 951
173 1951
174 1201
174 1443
175 242
175 396
175 771
175 1547
176 310
176 450
176 462
176 636
177 181
177 809
177 855
178 1280
178 1581
179 884
180 388
180 970
180 1053
180 1166
180 1721
181 369
181 593
182 1722
183 268
183 642
183 695
183 1564
183 1742
184 1101
184 1508
185 541
186 203
186 864
186 1352
187 666
187 1399
187 1413
188 1133
190 1244
190 1454
190 1648
191 253
191 288
191 346
191 617
192 1411
192 1460
192 1834
192 1868
193 1508
194 385
194 460
194 805
194 993
194 1281
194 1530
195 798
195 1384
195 1675
196 827
196 1087
196 1665
197 260
197 939
197 1730
198 683
198 910
198 1311
199 491
199 1629
200 476
200 563
200 671
200 717
200 1481
201 337
201 519
201 1082
201 1656
202 437
202 1015
202 1033
202 1450
203 803
203 1687
203 1861
204 781
204 1918
205 1244
205 1264
205 1673
206 483
206 508
206 627
206 872
206 1152
207 357
207 1181
207 1513
207 1790
208 297
208 773
208 1143
208 1886
209 1376
209 1556
209 1966
210 424
210 505
210 838
210 914
210 1333
210 1384
210 1424
210 1464
210 1994
211 394
211 566
211 983
211 1123
211 1334
212 521
212 917
212 1538
213 746
213 971
213 1249
213 1390
213 1418
214 673
214 815
214 930
214 1648
215 694
215 1452
215 1929
216 974
216 1261
216 1512
217 233
217 880
217 1607
218 540
218 1037
219 235
219 544
219 868
219 938
220 1242
222 800
222 975
222 1663
223 507
223 1290
223 1886
224 426
224 844
224 1026
224 1834
225 569
225 602
225 1079
225 1586
226 414
226 1590
227 375
227 1401
228 1216
228 1315
228 1669
229 1467
229 1762
229 1897
230 843
230 1000
230 1588
231 240
231 346
231 961
231 1991
232 278
232 478
232 622
232 675
232 794
232 1027
232 1630
233 463
233 920
233 1120
233 1426
233 1655
234 669
235 239
236 931
236 1303
236 1693
236 1797
237 651
237 728
239 1600
240 297
240 540
240 1304
240 1849
241 254
242 451
242 539
242 819
242 1501
243 480
243 1598
243 1656
244 652
244 1173
244 1772
244 1857
245 305
245 1027
246 553
246 591
246 782
246 880
246 913
246 1385
246 1440
246 1872
246 1880
247 1471
247 1822
248 455
248 834
248 1176
248 1422
249 768
249 1432
250 816
251 566
251 994
251 1116
251 1528
252 1035
252 1766
252 1825
252 1902
253 953
253 1428
253 1902
254 747
254 997
257 1594
257 1784
258 568
258 698
258 777
258 864
258 1106
258 1336
258 1675
259 503
259 537
259 546
259 1060
259 1373
259 1644
259 1989
260 680
260 1457
260 1499
260 1813
261 300
261 583
261 1478
261 1628
261 1798
261 1916
262 908
262 1089
262 1209
264 735
264 1425
264 1449
265 793
265 979
265 1496
265 1730
266 1292
266 1992
267 1003
267 1624
268 892
268 1372
268 1593
269 1349
269 1565
269 1597
270 681
270 1063
270 1471
271 486
271 727
272 283
272 827
272 829
273 529
273 1531
274 923
274 1062
274 1906
276 528
276 1142
276 1555
276 1986
277 522
277 942
278 749
278 1918
279 310
279 1027
279 1439
280 480
280 493
280 819
280 931
281 1345
281 1372
281 1643
281 1756
282 575
282 1376
283 526
283 1591
284 1163
284 1483
284 1765
284 1815
285 1434
285 1497
286 1301
286 1397
286 1590
286 1702
287 631
287 640
287 1251
287 1292
287 1632
288 538
288 1457
288 1490
288 1507
289 397
289 405
289 683
289 979
289 989
289 1071
289 1553
289 1568
290 551
290 1266
290 1479
290 1599
290 1671
291 1359
291 1403
291 1990
292 550
292 864
292 933
293 949
293 1203
294 1771
295 383
296 768
296 1314
296 1755
296 1861
297 830
297 1081
297 1555
298 1344
299 1876
300 921
300 1920
301 823
301 1468
301 1932
302 344
303 996
303 1214
303 1770
304 406
304 1154
304 1909
305 313
305 1214
305 1386
305 1950
307 1665
308 338
308 426
308 864
308 1921
309 927
309 1666
310 1996
311 1317
312 725
312 1014
312 1406
314 1218
314 1220
314 1275
314 1406
316 617
316 791
316 1450
317 817
317 1270
318 653
318 669
318 1291
319 1382
319 1890
321 428
321 1451
321 1674
321 1972
322 1173
322 1430
322 1623
322 1905
324 1547
325 664
326 1218
327 1868
328 355
328 593
328 936
328 997
328 1188
328 1750
329 848
329 1484
329 1778
330 854
330 879
330 1427
330 1460
331 491
332 453
332 490
332 1498
333 578
333 1141
333 1578
333 1749
334 365
334 1001
335 979
336 1309
336 1796
337 1071
337 1188
337 1655
337 1808
338 643
338 1222
338 1970
339 417
339 1338
339 1988
340 1600
340 1751
340 1995
341 685
341 795
341 870
341 1022
344 1248
344 1299
344 1405
344 1896
345 350
345 673
345 1495
346 938
346 1849
347 1294
348 376
348 1090
348 1754
348 1853
349 1052
350 922
350 1384
351 660
351 1473
352 497
352 544
352 669
352 1757
352 1761
353 961
354 961
354 1292
354 1386
355 419
355 504
355 506
355 1684
356 558
356 858
356 1241
357 1701
357 1835
357 1993
358 1936
359 771
359 1110
359 1367
359 1462
359 1651
360 641
360 738
361 565
361 1183
362 750
362 1906
363 431
363 1304
364 638
364 726
366 520
366 774
366 1765
367 570
367 1444
368 888
368 939
368 1531
369 554
369 721
369 818
369 849
369 1278
369 1446
369 1499
370 987
370 1648
370 1932
372 515
372 557
372 601
372 1283
372 1939
373 964
373 1093
373 1566
373 1881
374 421
374 1176
374 1879
375 478
375 947
376 993
376 1059
377 1131
377 1421
378 524
380 580
380 675
381 564
381 871
381 957
381 1181
381 1503
381 1661
381 1795
382 756
382 1843
383 406
383 823
383 1106
383 1836
384 442
384 1797
385 620
385 1005
386 1073
386 1199
386 1401
386 1984
388 791
388 1559
389 1475
389 1901
391 1428
391 1461
391 1841
392 398
392 896
393 878
393 1078
393 1181
393 1255
393 1395
394 888
394 1064
394 1526
394 1726
396 1593
396 1923
397 1403
397 1404
397 1413
397 1514
398 626
398 1696
399 829
399 1213
399 1544
399 1752
399 1801
399 1971
400 653
400 1298
401 539
401 604
401 923
401 1213
401 1289
401 1458
402 1501
403 1134
405 664
405 785
405 1020
406 798
406 858
406 1387
406 1498
407 726
407 1058
407 1603
407 1652
408 1172
408 1218
408 1567
409 1045
410 624
410 1824
411 505
411 628
411 906
411 943
411 1123
411 1694
412 706
412 1048
413 446
413 520
413 1712
414 1285
414 1748
414 1915
415 517
415 529
415 845
415 1014
415 1408
415 1922
416 699
416 808
416 1071
417 453
417 1652
417 1886
418 485
418 948
418 1326
420 613
420 756
420 1144
420 1208
420 1800
421 1114
421 1324
421 1887
422 643
422 924
422 1106
422 1349
422 1605
422 1656
422 1988
423 1837
424 798
424 1183
424 1719
424 1817
425 753
425 950
425 1744
425 1902
428 622
429 542
429 598
429 1053
429 1138
429 1501
430 1458
430 1727
431 442
431 957
432 663
433 1721
433 1818
434 934
434 1402
434 1569
434 1645
435 1547
435 1573
436 747
436 824
436 1755
436 1843
436 1860
436 1986
437 604
437 705
437 1027
437 1896
438 1828
439 552
439 673
439 707
439 1267
439 1512
439 1532
439 1570
439 1660
440 871
440 889
440 1221
440 1868
442 579
442 1494
442 1810
443 469
443 837
443 1123
443 1162
443 1178
443 1893
444 1106
445 903
445 1517
446 812
446 1177
446 1771
446 1810
446 1917
447 1300
448 1857
449 468
450 896
450 1369
450 1475
451 824
451 1810
452 565
452 748
452 1078
454 853
454 1258
455 1712
456 811
456 865
456 1131
456 1296
456 1706
456 1751
457 996
457 1328
457 1674
458 944
458 1389
460 950
460 1588
461 1488
462 1199
462 1600
463 479
465 933
465 1503
465 1629
466 1600
467 1532
469 685
469 1161
469 1891
472 553
472 1979
473 1839
473 1994
474 1654
475 1926
476 972
476 1445
477 1657
478 769
478 1103
478 1133
478 1448
480 686
481 697
481 885
481 995
483 1462
483 1785
483 1984
484 1766
486 823
486 1577
486 1802
487 1174
487 1456
487 1661
488 586
488 1427
489 556
489 1834
490 555
490 1083
491 1079
491 1608
492 1051
492 1230
493 915
493 1116
493 1881
494 1902
494 1935
495 974
496 1048
497 837
497 1176
498 1575
498 1830
499 1147
499 1508
500 1077
501 724
501 781
501 1243
502 694
502 1159
502 1623
503 875
504 1898
504 1939
505 1159
505 1213
505 1722
507 834
509 850
509 1290
510 526
510 1074
510 1411
510 1512
510 1691
510 1910
511 811
511 1704
513 1963
514 1599
515 1819
516 606
516 726
516 1205
516 1594
516 1837
518 860
518 1154
518 1395
518 1906
519 841
519 915
519 1161
519 1976
522 1048
522 1636
523 907
523 1251
523 1287
524 1368
525 635
525 1685
525 1888
528 1753
528 1790
529 603
529 1178
529 1270
529 1810
530 645
530 690
530 1200
531 1007
531 1421
531 1722
532 712
532 860
534 564
534 1344
534 1711
535 1736
536 1680
536 1869
536 1877
537 962
538 894
538 1209
538 1798
540 1708
541 954
541 962
542 1668
542 1863
542 1969
543 1324
543 1667
543 1734
544 1134
545 1018
545 1786
545 1951
547 896
547 1092
549 703
549 1219
549 1332
550 1095
550 1105
550 1958
551 1437
552 1479
553 1190
553 1255
553 1374
553 1429
553 1673
553 1982
554 957
554 1158
554 1346
555 589
555 861
555 1944
557 596
557 1482
557 1719
558 765
558 1297
558 1361
559 1912
560 1002
560 1419
560 1996
561 1471
563 713
563 1265
564 679
564 1140
565 1132
566 777
566 992
566 1876
567 1511
568 797
568 1683
568 1685
570 830
570 881
570 1495
570 1498
570 1596
570 1888
571 1701
572 1287
573 876
573 974
574 1250
575 1296
576 636
576 1307
578 625
579 1216
579 1701
580 791
580 959
580 1848
581 1097
581 1823
582 1717
583 621
584 832
584 1124
584 1287
584 1310
584 1388
584 1718
584 1750
585 821
585 905
585 1880
586 625
586 1247
586 1297
587 878
587 1798
587 1799
589 620
590 1120
591 993
591 1122
591 1333
591 1615
592 1275
592 1940
593 1422
593 1455
593 1619
593 1768
593 1951
594 778
594 1211
596 666
596 1532
597 1450
597 1462
597 1942
598 1937
599 613
599 1276
600 888
600 1745
600 1850
600 1989
601 666
601 1059
601 1129
601 1241
601 1281
602 1140
602 1724
603 1266
603 1278
603 1605
604 682
604 902
604 1692
605 1187
606 1724
607 1281
607 1624
608 719
608 950
609 812
609 944
610 921
611 869
611 981
611 1826
612 1160
612 1779
613 703
613 1118
613 1279
613 1407
613 1557
613 1563
613 1749
614 1569
615 1102
615 1709
615 1998
617 776
617 1282
618 675
618 679
618 1057
618 1114
618 1994
619 805
619 1539
620 744
620 1143
620 1224
620 1856
622 751
622 1763
624 717
624 1012
624 1052
624 1156
624 1188
625 742
625 926
625 1091
625 1378
625 1804
626 1817
627 707
627 816
627 1139
627 1998
630 1103
630 1132
631 711
631 904
631 1309
631 1934
632 642
633 662
633 954
633 1839
634 1016
634 1198
634 1299
634 1541
634 1824
634 1945
635 1162
635 1350
636 831
636 1197
636 1395
637 1735
637 1805
638 1627
639 1369
639 1455
639 1967
640 764
640 1802
641 867
641 948
641 1735
642 889
642 1769
642 1817
642 1922
643 1671
644 1573
644 1829
645 850
645 1970
646 839
646 1588
647 1898
648 685
648 1727
649 1374
649 1829
649 1967
650 986
650 1786
650 1972
651 1309
652 729
652 1131
652 1770
653 838
653 958
653 1159
653 1735
654 664
654 1696
655 1032
655 1178
656 753
656 878
656 1171
656 1333
656 1722
657 970
657 1086
657 1348
657 1524
657 1679
658 696
658 1764
659 699
659 1457
659 1933
661 1759
662 1237
662 1391
662 1433
663 1018
663 1246
664 823
664 884
664 1216
664 1893
665 1062
665 1643
666 999
666 1278
666 1467
667 1142
667 1340
667 1361
667 1461
667 1755
668 858
668 1000
668 1199
669 1209
669 1832
669 1884
670 802
670 859
671 750
672 836
672 1863
672 1878
672 1977
673 757
673 1443
673 1518
674 874
674 1472
674 1718
675 1130
675 1207
676 689
676 1060
676 1370
676 1409
676 1651
677 912
677 1321
677 1793
679 1188
680 1100
680 1159
680 1308
680 1594
681 812
681 1187
681 1518
681 1999
682 1562
683 1114
683 1502
683 1590
684 1123
684 1598
684 1660
685 1094
685 1549
686 1729
686 1878
689 936
689 1483
689 1773
690 1516
691 1039
691 1042
691 1141
691 1677
691 1704
692 1114
692 1198
692 1465
692 1503
692 1715
693 703
693 807
693 924
693 1329
693 1332
693 1354
693 1611
693 1825
694 1495
696 971
696 1926
697 1079
697 1328
698 1410
698 1624
698 1859
698 1967
699 730
700 1261
700 1486
701 1357
701 1749
701 1867
702 1761
703 940
704 1426
704 1925
705 1220
705 1694
705 1915
706 1253
706 1523
708 1045
708 1180
708 1306
708 1871
709 732
709 947
709 1340
710 991
710 1295
710 1421
710 1943
711 1922
711 1942
712 943
713 1045
713 1109
713 1501
713 1580
714 803
714 1839
716 1410
716 1519
717 1763
718 1243
718 1911
719 1492
720 1740
721 833
723 1298
723 1600
723 1767
724 772
724 856
724 901
725 783
725 1451
725 1871
725 1920
726 1833
726 1979
727 823
727 1815
728 896
729 1320
729 1826
729 1936
730 748
730 1064
730 1485
731 1123
732 939
732 1356
734 784
734 1296
735 1243
735 1461
735 1890
736 1040
736 1235
736 1784
737 957
737 1038
737 1319
737 1470
737 1785
738 1547
739 1392
739 1783
740 1058
740 1510
741 1099
741 1602
743 1172
743 1623
743 1723
743 1749
743 1936
744 1429
745 1279
745 1437
745 1474
746 795
746 1170
746 1219
746 1632
746 1864
746 1982
747 829
747 1249
748 1878
749 898
749 1314
749 1316
750 1771
751 1027
752 977
752 1017
752 1943
753 1459
753 1857
754 1275
755 839
755 948
755 1481
755 1692
756 879
756 1256
756 1482
757 1021
757 1885
758 1145
758 1384
759 1557
759 1784
760 1054
760 1552
760 1628
760 1845
761 1811
761 1816
761 1939
763 1507
763 1834
764 1505
764 1914
765 1273
765 1616
766 824
766 1352
767 803
767 1952
768 1007
768 1154
768 1632
769 1778
770 1162
772 847
772 902
773 795
773 852
774 1570
775 1218
776 934
776 1034
776 1084
776 1684
777 1173
777 1665
778 1174
779 1046
781 1004
781 1798
782 839
782 1642
784 1020
784 1607
784 1950
785 883
785 1900
785 1949
786 792
786 1176
787 882
787 1777
787 1816
789 904
789 1348
790 1140
791 981
791 1494
791 1798
791 1808
792 1127
792 1180
792 1406
792 1777
793 914
793 1069
793 1885
795 1327
795 1613
796 1849
797 1236
798 1213
798 1937
799 1801
800 1713
800 1956
801 1233
801 1357
803 1676
803 1977
805 901
805 1665
805 1889
806 877
806 1965
807 1059
807 1387
809 923
809 1053
809 1582
809 1633
809 1906
812 1669
812 1698
813 1291
813 1305
813 1397
814 939
814 1361
815 1441
816 1430
816 1942
817 1682
818 1061
818 1211
818 1965
819 1302
819 1483
820 1768
821 880
821 1199
821 1421
821 1958
822 1251
824 1578
824 1666
827 1722
827 1995
829 896
829 1376
829 1846
829 1892
830 1115
830 1221
830 1327
831 1059
831 1160
831 1682
832 1730
832 1941
832 1950
833 1435
833 1520
834 1289
835 959
835 1459
836 1132
836 1314
836 1983
837 1402
837 1597
840 1421
840 1943
841 1037
841 1158
842 1625
843 1592
843 1936
844 1076
844 1280
844 1728
845 1961
846 1430
846 1620
847 949
847 1604
847 1627
848 1657
849 1375
850 1105
850 1579
850 1655
851 1391
851 1643
851 1900
852 1423
853 1345
853 1886
854 1385
855 1439
856 1365
857 1230
857 1617
858 1305
858 1983
859 1461
859 1726
861 969
862 1465
862 1562
863 1086
864 1416
864 1428
865 1209
865 1358
867 1164
867 1439
869 1208
871 1006
871 1168
872 1018
872 1803
872 1836
873 1122
873 1178
873 1514
873 1527
873 1795
875 1544
877 945
877 1024
879 979
879 1858
880 1117
881 961
882 986
882 1337
883 1014
883 1017
883 1367
885 976
885 1931
886 1389
886 1922
889 1090
889 1571
890 1626
891 1002
891 1760
891 1910
891 1994
892 1698
893 956
893 986
893 1533
893 1724
894 1386
894 1757
896 1049
896 1885
897 1138
897 1801
898 1140
899 1342
899 1921
901 1476
901 1736
902 913
902 1090
902 1140
902 1231
903 1050
903 1126
904 1381
904 1752
906 924
907 1156
908 1191
909 915
909 1433
909 1711
909 1961
910 915
911 1939
914 1056
914 1520
916 1029
916 1762
917 1384
917 1590
919 1611
923 1394
924 935
924 1458
925 1027
925 1689
925 1837
926 1800
928 1360
928 1751
929 968
930 1272
931 1254
931 1816
933 1440
934 1228
935 1406
935 1515
936 1152
936 1273
937 1345
937 1558
938 958
938 1506
938 1879
939 1853
940 1123
941 1232
942 1857
944 1128
944 1576
944 1612
945 1453
946 1227
946 1347
946 1699
947 1142
947 1302
947 1993
948 988
948 1315
948 1959
949 1034
949 1425
949 1476
949 1487
950 1869
950 1969
951 1006
952 1702
952 1926
953 1510
954 1814
955 1118
955 1439
955 1684
956 1007
957 994
958 1052
960 1128
960 1250
960 1496
960 1795
960 1895
961 1482
961 1487
961 1782
962 1038
962 1348
962 1897
963 970
963 988
963 1857
964 1835
966 1554
967 996
968 1597
968 1758
968 1788
969 1441
970 1959
971 1088
971 1730
972 1728
973 1416
973 1602
975 1052
975 1168
977 1507
978 1751
978 1958
979 1178
979 1509
980 1046
983 1030
983 1293
983 1295
983 1538
984 1716
985 1869
986 1041
986 1468
987 1793
988 1095
988 1180
988 1512
988 1513
991 1064
991 1076
991 1377
991 1576
993 1535
994 1371
994 1374
995 1491
996 1110
996 1280
996 1289
998 1475
1000 1105
1000 1384
1000 1472
1001 1419
1002 1116
1002 1204
1002 1244
1002 1784
1003 1354
1003 1374
1004 1069
1004 1832
1004 1942
1006 1063
1007 1252
1007 1409
1008 1603
1012 1273
1013 1637
1016 1018
1016 1417
1019 1044
1019 1514
1020 1052
1020 1134
1022 1067
1023 1930
1024 1659
1024 1847
1024 1866
1026 1368
1026 1489
1026 1637
1030 1696
1031 1073
1031 1640
1031 1880
1032 1294
1033 1316
1033 1705
1035 1392
1036 1810
1037 1101
1037 1328
1038 1147
1038 1468
1038 1561
1038 1900
1040 1392
1040 1419
1041 1439
1042 1736
1042 1966
1043 1375
1043 1499
1043 1764
1043 1852
1044 1298
1045 1370
1046 1164
1047 1276
1050 1075
1051 1746
1052 1424
1053 1681
1054 1482
1054 1721
1055 1640
1057 1322
1058 1279
1058 1474
1059 1549
1059 1773
1061 1399
1061 1947
1062 1304
1063 1339
1063 1762
1063 1906
1064 1249
1064 1435
1064 1767
1065 1250
1065 1474
1066 1421
1068 1389
1068 1409
1068 1665
1069 1366
1069 1912
1070 1100
1070 1372
1071 1086
1071 1421
1071 1627
1071 1719
1073 1207
1073 1703
1074 1223
1074 1286
1075 1342
1075 1397
1076 1745
1079 1125
1079 1637
1080 1621
1082 1193
1083 1646
1084 1761
1085 1090
1085 1112
1085 1567
1085 1737
1087 1138
1087 1447
1088 1222
1088 1979
1089 1907
1090 1476
1091 1214
1091 1449
1091 1737
1092 1448
1092 1512
1093 1508
1093 1716
1095 1628
1095 1747
1095 1762
1096 1254
1096 1416
1096 1421
1096 1895
1099 1189
1099 1414
1099 1852
1100 1288
1103 1498
1104 1379
1105 1875
1106 1673
1106 1816
1106 1922
1107 1933
1107 1965
1109 1161
1109 1271
1109 1670
1110 1209
1111 1126
1112 1658
1112 1963
1114 1900
1115 1386
1115 1446
1115 1845
1116 1277
1116 1715
1117 1295
1117 1897
1117 1918
1118 1484
1118 1679
1118 1785
1119 1293
1119 1520
1119 1774
1121 1909
1122 1744
1123 1158
1125 1318
1125 1931
1127 1345
1128 1657
1128 1930
1129 1210
1129 1748
1131 1880
1133 1321
1133 1921
1134 1204
1134 1776
1135 1478
1136 1716
1136 1870
1138 1750
1139 1497
1140 1696
1140 1824
1141 1327
1142 1217
1142 1562
1143 1596
1145 1515
1145 1571
1146 1861
1146 1979
1147 1446
1147 1922
1148 1293
1148 1535
1148 1750
1148 1843
1148 1869
1148 1972
1149 1171
1149 1509
1150 1410
1151 1675
1152 1348
1152 1359
1152 1599
1153 1973
1154 1419
1154 1960
1155 1824
1157 1682
1158 1709
1159 1894
1160 1217
1160 1324
1161 1989
1162 1256
1163 1781
1164 1497
1164 1757
1165 1457
1165 1696
1165 1778
1166 1545
1166 1972
1170 1539
1172 1636
1172 1834
1172 1924
1173 1600
1174 1294
1174 1361
1174 1720
1174 1849
1174 1872
1176 1602
1177 1297
1177 1502
1179 1413
1179 1536
1181 1413
1181 1910
1182 1188
1182 1421
1182 1906
1184 1547
1185 1222
1185 1329
1185 1373
1186 1276
1186 1293
1186 1427
1186 1476
1186 1860
1187 1580
1189 1741
1190 1206
1190 1862
1192 1379
1192 1786
1193 1524
1193 1580
1194 1494
1194 1579
1195 1865
1197 1642
1197 1682
1198 1584
1198 1953
1198 1976
1199 1249
1199 1386
1199 1662
1200 1776
1201 1306
1201 1592
1201 1781
1202 1218
1203 1328
1205 1351
1205 1874
1207 1319
1208 1652
1208 1694
1210 1782
1210 1945
1211 1373
1211 1475
1211 1614
1213 1616
1213 1912
1214 1263
1214 1712
1215 1358
1215 1378
1217 1656
1218 1992
1219 1609
1219 1780
1219 1984
1222 1618
1222 1814
1225 1684
1226 1659
1227 1566
1227 1651
1228 1881
1229 1748
1231 1563
1232 1296
1232 1931
1234 1636
1234 1642
1235 1681
1235 1951
1236 1367
1236 1670
1237 1934
1238 1345
1238 1354
1240 1531
1242 1310
1243 1819
1244 1678
1245 1435
1247 1738
1247 1906
1248 1621
1248 1728
1249 1779
1250 1344
1250 1630
1251 1722
1252 1444
1252 1683
1252 1709
1252 1754
1252 1842
1253 1676
1253 1946
1254 1482
1254 1778
1254 1969
1255 1455
1255 1598
1256 1396
1257 1690
1257 1764
1262 1831
1264 1720
1265 1698
1265 1803
1265 1828
1265 1947
1266 1669
1267 1330
1269 1369
1270 1855
1272 1793
1273 1396
1274 1604
1274 1610
1274 1841
1275 1424
1277 1460
1278 1609
1278 1723
1280 1435
1280 1619
1281 1610
1281 1654
1281 1920
1282 1624
1285 1494
1289 1453
1289 1477
1289 1720
1289 1843
1289 1845
1291 1546
1291 1859
1294 1406
1294 1443
1295 1878
1295 1909
1296 1440
1296 1963
1297 1984
1298 1309
1298 1390
1299 1344
1300 1490
1301 1654
1301 1900
1305 1574
1308 1501
1308 1584
1310 1637
1311 1719
1313 1535
1313 1737
1313 1984
1314 1513
1315 1809
1315 1960
1317 1634
1318 1478
1318 1532
1320 1672
1320 1764
1322 1496
1323 1458
1325 1844
1329 1339
1329 1582
1329 1919
1330 1575
1331 1588
1331 1759
1332 1892
1332 1953
1334 1424
1335 1454
1336 1592
1336 1652
1337 1362
1337 1393
1340 1382
1341 1475
1342 1965
1343 1511
1346 1576
1346 1718
1348 1874
1349 1558
1349 1800
1350 1393
1350 1618
1351 1581
1351 1723
1351 1916
1352 1540
1355 1914
1356 1614
1358 1733
1358 1993
1359 1844
1360 1426
1361 1440
1361 1938
1362 1458
1362 1583
1363 1801
1364 1591
1365 1569
1366 1385
1366 1430
1366 1934
1366 1973
1369 1923
1373 1575
1373 1688
1374 1708
1374 1742
1377 1561
1378 1568
1379 1605
1380 1388
1381 1596
1384 1997
1385 1996
1389 1500
1389 1824
1392 1679
1393 1453
1394 1673
1395 1608
1396 1589
1396 1952
1397 1564
1399 1605
1402 1728
1402 1817
1405 1819
1409 1498
1412 1547
1412 1604
1413 1922
1415 1417
1415 1713
1416 1495
1416 1758
1417 1863
1418 1561
1418 1946
1419 1551
1419 1759
1420 1842
1421 1520
1422 1648
1423 1723
1424 1492
1424 1550
1425 1995
1426 1984
1428 1811
1428 1909
1431 1560
1431 1749
1431 1981
1432 1438
1433 1596
1434 1867
1436 1670
1436 1676
1436 1747
1439 1468
1440 1950
1441 1469
1442 1958
1447 1633
1447 1947
1448 1948
1450 1699
1452 1497
1453 1704
1453 1822
1454 1771
1455 1569
1455 1910
1456 1919
1458 1525
1459 1686
1459 1732
1460 1613
1461 1650
1461 1797
1462 1712
1463 1727
1464 1943
1467 1557
1467 1902
1468 1565
1468 1658
1470 1855
1472 1670
1472 1739
1472 1825
1475 1823
1475 1827
1479 1619
1479 1652
1480 1620
1481 1529
1481 1553
1483 1528
1483 1751
1489 1575
1489 1645
1490 1533
1490 1559
1491 1546
1492 1793
1494 1860
1496 1698
1496 1915
1496 1953
1499 1846
1502 1592
1503 1640
1504 1662
1506 1874
1507 1636
1507 1933
1509 1650
1511 1547
1511 1684
1511 1984
1512 1624
1513 1915
1514 1760
1514 1971
1515 1654
1516 1805
1517 1941
1518 1524
1519 1735
1519 1846
1520 1649
1520 1805
1523 1928
1523 1977
1525 1876
1528 1708
1528 1879
1529 1625
1530 1939
1532 1899
1539 1720
1541 1723
1543 1868
1544 1681
1545 1630
1547 1599
1547 1982
1548 1739
1549 1821
1549 1904
1550 1738
1552 1862
1552 1937
1554 1667
1555 1627
1555 1648
1558 1731
1559 1711
1559 1863
1561 1587
1561 1878
1566 1689
1566 1983
1571 1906
1572 1841
1575 1697
1576 1588
1576 1997
1578 1618
1580 1638
1580 1957
1582 1745
1589 1791
1589 1852
1592 1666
1592 1840
1592 1962
1593 1907
1595 1656
1596 1642
1600 1716
1600 1963
1601 1744
1605 1923
1608 1793
1609 1740
1609 1823
1610 1862
1612 1784
1612 1992
1616 1946
1619 1634
1622 1707
1622 1727
1624 1741
1630 1736
1630 1755
1630 1795
1630 1995
1631 1779
1631 1844
1633 1802
1635 1773
1636 1675
1641 1793
1641 1901
1645 1647
1649 1747
1650 1840
1651 1741
1651 1884
1652 1915
1656 1878
1657 1891
1658 1769
1661 1960
1663 1831
1664 1896
1664 1905
1665 1668
1666 1981
1669 1956
1671 1732
1671 1804
1673 1732
1676 1765
1678 1831
1679 1793
1682 1797
1683 1718
1684 1892
1687 1928
1699 1911
1701 1802
1705 1863
1708 1848
1708 1959
1709 1814
1711 1861
1711 1977
1715 1967
1716 1730
1717 1850
1721 1957
1723 1845
1729 1897
1731 1785
1732 1839
1732 1887
1734 1957
1736 1883
1740 1940
1742 1816
1742 1870
1745 1922
1746 1941
1763 1994
1772 1810
1779 1796
1780 1866
1785 1801
1785 1925
1787 1793
1787 1830
1787 1978
1790 1873
1797 1932
1799 1880
1803 1904
1805 1927
1805 1977
1806 1936
1807 1889
1811 1922
1829 1925
1833 1869
1834 1904
1835 1862
1838 1986
1842 1876
1843 1927
1843 1993
1844 1919
1850 1910
1852 1916
1855 1942
1856 1964
1857 1966
1860 1982
1864 1998
1871 1985
1881 1953
1882 1943
1884 1937
1890 1972
1893 1929
1893 1999
1900 1963
1902 1977
1907 1952
1908 1987
1916 1939
1924 1944
