2000 2963
64
100
87
14
74
21
74
35
88
85
99
52
94
10
72
73
14
61
98
78
31
66
35
21
98
34
96
60
36
85
100
32
83
42
73
84
9
11
27
86
49
23
41
10
44
76
78
98
73
79
18
43
5
93
99
88
75
13
66
65
65
24
93
88
53
52
45
65
83
4
100
98
100
37
35
25
20
21
1
56
64
29
90
17
51
1
71
31
75
92
78
10
1
91
43
99
22
77
56
53
11
84
72
27
67
55
47
31
79
60
12
14
54
41
59
55
62
48
1
81
14
58
73
12
63
51
40
36
20
41
92
59
64
91
33
94
38
18
43
13
69
42
68
46
89
25
93
32
25
86
62
61
46
77
49
33
15
63
14
36
50
12
59
81
97
1
34
56
90
23
86
32
85
73
41
70
36
92
34
16
16
28
85
32
22
55
95
12
94
13
12
50
88
6
28
98
47
80
19
46
95
84
78
78
14
37
53
42
96
82
97
82
95
71
52
2
34
73
89
80
9
100
87
70
26
48
50
22
29
47
94
1
90
63
7
33
85
73
41
92
20
75
34
4
86
3
26
73
10
21
65
9
56
56
20
3
16
71
52
100
43
65
92
61
17
74
100
42
83
89
76
7
10
89
100
5
50
52
74
12
86
19
25
83
22
54
41
18
36
52
38
31
43
40
20
64
60
69
34
6
76
89
15
33
63
55
4
67
58
97
92
92
73
9
93
58
59
31
56
71
54
33
61
4
39
2
94
32
59
24
79
49
98
24
51
55
99
16
46
16
38
14
18
37
53
72
76
95
88
35
43
20
61
38
80
8
20
100
82
84
71
36
43
59
22
16
44
15
46
19
5
97
42
54
36
87
78
82
100
36
3
72
26
92
45
32
45
62
42
59
87
4
85
30
34
98
70
66
7
11
16
12
72
11
47
16
90
68
90
35
2
11
44
92
9
36
94
26
42
42
97
45
50
14
66
58
90
67
44
46
36
13
47
3
26
85
86
98
57
2
52
9
19
30
54
61
66
61
84
26
26
61
11
19
75
26
88
78
36
73
52
52
11
37
54
86
87
30
12
24
84
49
85
58
6
80
12
33
65
44
35
55
7
68
7
31
31
3
42
22
94
58
91
43
25
4
4
64
74
62
18
56
35
15
58
6
76
81
25
90
36
73
26
39
49
7
48
78
81
15
99
7
84
18
97
55
54
90
29
41
95
50
90
12
31
4
98
74
40
78
61
97
85
94
75
30
58
98
52
99
34
70
16
76
20
42
5
44
23
52
52
95
22
74
26
55
57
13
67
80
43
58
34
40
28
62
18
86
9
77
100
4
6
78
73
82
75
90
85
2
74
14
57
40
64
55
90
98
73
32
2
15
61
31
39
82
83
90
68
38
16
10
29
96
56
12
68
47
61
45
88
30
54
90
85
66
64
96
36
46
3
76
31
18
10
86
27
89
71
32
51
61
82
21
54
84
15
45
53
85
33
80
77
56
64
56
25
38
1
2
3
45
78
83
4
20
23
70
81
36
15
85
78
30
96
75
7
30
57
53
88
9
8
1
41
11
23
9
9
53
10
35
65
20
25
21
90
11
80
93
61
56
83
47
97
92
11
1
5
12
98
63
72
74
6
37
92
49
35
6
15
7
76
54
60
37
67
83
17
75
50
5
44
38
47
98
12
99
48
37
8
92
12
7
8
16
52
96
21
69
61
8
27
66
69
2
32
56
40
51
65
80
15
89
84
7
25
44
96
4
68
49
57
75
95
77
22
7
17
19
66
57
52
7
54
84
22
66
11
84
26
91
83
32
42
4
71
84
52
51
91
34
61
90
56
1
62
63
94
22
94
35
53
64
91
46
67
12
60
33
56
89
85
7
81
44
96
9
99
82
75
16
56
36
7
21
82
37
70
29
54
70
98
98
91
46
79
32
67
85
51
69
39
31
91
45
6
10
62
17
95
21
10
68
22
81
47
85
57
56
1
47
19
86
73
83
23
70
54
56
84
19
85
50
94
86
16
37
58
13
76
92
16
100
58
63
4
29
61
76
76
73
16
74
61
4
5
89
10
73
31
14
67
51
50
83
31
67
75
38
37
19
46
69
83
42
2
71
20
33
8
18
66
46
100
3
84
11
5
10
59
40
33
1
81
58
83
12
17
20
46
88
38
18
27
55
76
40
92
80
69
97
53
15
94
84
80
63
53
16
30
74
4
93
80
82
100
61
61
40
54
10
90
84
7
57
34
20
41
10
10
89
99
96
52
97
60
42
27
19
45
8
24
94
59
30
12
6
38
14
81
94
30
40
64
93
33
1
90
81
8
81
83
53
12
31
11
85
16
21
58
38
48
70
97
89
90
100
26
4
94
64
41
76
61
74
4
25
11
79
19
21
40
92
43
29
48
51
54
98
36
92
98
79
71
74
59
89
49
99
36
17
81
12
96
18
82
5
92
9
11
82
82
74
69
3
20
6
93
95
98
36
45
75
82
5
25
18
32
59
63
34
21
81
3
70
67
55
96
89
56
80
33
25
99
46
97
28
86
72
43
53
78
62
3
88
61
27
53
12
13
66
17
35
87
90
78
23
92
38
70
83
32
92
49
54
62
51
4
18
4
97
41
45
81
2
93
51
86
14
38
10
42
4
85
1
59
26
38
84
76
39
67
50
53
71
19
62
39
33
41
9
53
54
91
85
59
23
51
89
27
17
47
61
81
45
32
98
94
81
52
15
99
39
36
82
83
2
62
32
40
99
78
38
41
100
27
61
2
19
72
64
11
64
35
84
43
47
24
24
51
14
87
71
9
1
1
55
73
22
36
5
44
40
69
63
6
40
52
29
88
79
39
12
92
4
6
66
6
8
11
76
61
31
97
10
17
10
8
60
52
38
56
54
34
27
81
4
66
82
5
10
49
91
85
3
28
10
84
53
2
58
15
3
6
44
94
85
19
75
56
5
58
21
95
1
57
1
1
88
4
71
39
2
38
86
15
75
39
13
30
14
96
10
9
92
32
81
18
99
57
89
52
52
55
62
47
64
50
61
25
13
41
91
24
68
55
88
39
65
9
10
63
35
61
61
83
10
30
90
10
83
98
95
35
80
30
38
90
38
34
64
77
69
87
11
29
24
95
98
49
58
81
98
6
60
82
30
69
83
70
37
73
64
79
54
45
88
48
37
70
23
42
40
46
94
93
26
51
10
10
28
72
89
40
14
7
26
98
54
84
28
71
7
27
6
70
7
25
52
23
1
85
60
80
58
86
21
98
48
22
62
55
95
40
40
2
72
99
32
64
42
90
19
9
1
88
81
59
14
58
82
46
21
46
13
1
55
76
45
1
42
86
16
50
18
47
15
20
86
16
98
74
35
68
85
2
22
74
52
48
78
53
76
74
53
25
6
40
81
67
5
8
84
4
57
86
27
55
52
9
23
77
66
92
87
62
4
18
57
3
1
72
55
63
33
64
20
81
50
46
92
2
85
33
42
26
31
56
65
63
17
88
19
32
88
16
14
95
45
59
10
68
70
99
98
41
80
36
68
62
21
27
6
18
41
25
77
54
73
70
24
45
88
13
59
84
79
84
42
2
32
33
97
24
82
77
16
41
52
85
48
64
38
10
45
59
6
21
37
14
71
34
14
45
97
60
47
92
25
84
63
78
60
68
64
44
6
7
34
99
99
26
34
37
49
4
12
10
27
52
23
24
81
30
12
71
16
12
70
91
80
2
5
92
36
64
97
92
24
77
59
17
31
64
20
49
74
71
86
14
27
71
52
81
58
89
10
45
23
6
61
62
60
43
9
69
53
63
64
48
50
5
49
4
82
25
89
59
88
75
7
24
75
97
33
45
16
47
97
82
15
34
97
99
23
52
46
48
56
9
5
91
21
8
68
10
58
62
85
90
50
22
12
34
65
76
55
83
22
1
64
99
98
5
53
96
23
50
46
92
15
15
93
1
77
12
73
10
99
31
76
69
89
91
91
10
73
10
15
82
33
54
61
5
27
90
62
97
22
25
22
35
4
23
26
47
60
66
17
9
56
64
26
26
26
75
98
60
43
33
29
39
3
9
65
4
63
38
66
89
25
40
14
62
45
85
24
58
26
85
89
78
9
91
93
52
53
83
34
48
49
59
74
65
63
52
80
33
89
10
41
52
20
34
1
73
70
54
36
93
55
100
62
1
33
6
100
17
93
4
28
35
42
26
93
52
51
88
42
64
23
43
33
74
2
75
46
39
16
73
53
61
100
24
72
29
77
3
40
2
12
67
76
84
29
2
23
14
5
51
50
10
21
35
78
22
64
18
23
99
71
86
67
39
12
52
11
88
24
93
78
93
80
54
20
97
52
48
55
94
61
32
97
16
100
67
66
100
9
88
8
14
83
56
89
30
26
82
49
80
79
36
16
99
1
77
14
31
85
44
50
43
68
4
73
37
82
28
22
90
68
99
42
54
3
90
56
23
84
51
58
47
57
10
21
58
19
53
75
100
8
11
100
3
52
47
42
40
59
12
65
35
34
92
60
83
70
9
97
0 1215
0 1456
1 499
2 316
2 354
3 701
4 1149
5 731
5 1916
6 111
6 1334
6 1436
7 95
7 276
7 912
7 963
7 1173
7 1282
7 1304
8 761
8 1149
9 729
9 1016
9 1328
10 150
10 695
10 868
10 1473
10 1530
10 1777
11 237
11 1553
12 505
12 838
12 1351
12 1361
12 1817
13 285
13 390
13 580
13 855
13 1384
13 1822
14 424
14 885
14 1438
14 1605
15 793
16 135
16 152
16 297
16 617
16 1118
16 1322
17 479
19 672
19 1558
20 119
20 795
20 1131
20 1251
20 1502
20 1567
21 218
21 711
22 1914
23 119
23 1731
23 1904
24 565
25 86
25 408
25 1538
25 1946
26 291
26 623
26 927
26 1371
27 690
27 748
27 1229
27 1426
28 273
28 1497
28 1781
28 1892
29 158
29 460
29 715
29 1129
29 1537
29 1855
30 512
30 1020
31 1543
31 1587
31 1658
31 1812
32 990
34 803
34 867
34 1213
35 1127
35 1607
35 1992
36 373
36 1161
36 1464
36 1775
36 1867
37 76
37 1030
38 40
38 635
38 1920
39 209
39 668
39 746
39 1794
39 1999
40 109
40 1194
40 1425
40 1512
41 306
41 608
41 1771
41 1808
42 294
42 936
43 185
43 488
43 916
43 1643
45 1707
46 639
46 785
46 1232
46 1285
47 1010
47 1044
47 1361
47 1484
48 869
48 1429
49 360
49 794
50 1678
50 1850
51 656
51 1639
51 1703
52 1248
52 1468
52 1723
52 1886
53 505
53 996
54 653
54 766
54 1728
55 207
55 323
55 392
55 692
55 902
55 1186
56 414
56 578
56 1978
57 1648
58 406
59 654
59 1328
60 247
60 1043
61 423
61 1553
62 513
62 1034
62 1504
62 1766
63 390
63 712
63 911
63 1305
63 1354
64 368
65 163
65 402
65 541
65 971
65 1014
65 1266
65 1724
66 201
66 663
66 1225
67 436
67 438
68 846
68 1239
68 1917
69 319
69 902
69 1718
69 1758
69 1906
70 387
70 1166
70 1561
70 1577
71 1254
71 1429
72 232
72 500
72 1624
73 395
73 657
73 1001
73 1100
73 1577
74 544
74 988
74 1007
74 1971
76 760
76 1820
77 414
77 439
77 915
77 1069
77 1231
78 555
79 1373
80 722
80 1956
81 1489
83 681
83 1721
84 1906
84 1950
85 1021
85 1114
85 1258
85 1374
85 1444
85 1945
86 238
86 340
86 488
86 763
86 817
86 848
86 879
86 1951
87 332
87 723
87 1321
87 1519
88 625
88 968
88 1999
89 138
89 1117
90 533
90 612
90 987
90 1169
91 771
91 1145
91 1943
92 529
92 805
92 1711
92 1744
93 449
93 562
93 630
93 1381
94 547
94 1282
94 1712
95 1121
95 1383
96 308
96 497
96 738
96 915
96 1686
97 673
97 779
97 1061
97 1440
97 1668
97 1745
97 1773
98 464
98 767
98 919
98 1240
98 1626
98 1786
98 1868
99 692
99 714
99 716
99 727
99 790
99 1331
99 1610
100 345
100 1831
100 1965
101 197
101 490
101 793
101 1020
102 373
102 1534
102 1957
104 858
104 885
104 1717
105 1166
106 1034
106 1481
107 882
108 969
109 766
109 918
109 1270
110 157
110 1931
111 1179
111 1963
112 1038
112 1771
113 1997
114 183
114 1122
114 1315
114 1913
115 190
115 295
115 455
115 458
115 788
115 1434
116 787
116 821
117 569
117 1941
118 1548
118 1902
119 641
119 1192
119 1808
120 624
120 1251
122 206
123 687
123 1253
123 1656
124 1087
124 1481
125 141
125 1024
125 1393
125 1465
127 1189
127 1300
127 1587
128 497
128 1541
128 1800
129 339
129 568
129 1734
129 1767
130 913
130 992
130 1835
131 1051
131 1861
132 270
132 1899
133 481
133 1030
133 1894
134 146
134 954
135 576
135 1111
135 1315
135 1972
136 259
136 376
136 574
136 920
136 1658
136 1999
137 292
137 497
137 565
137 1258
137 1877
138 615
138 1010
138 1961
139 402
139 1350
140 1163
140 1798
140 1916
140 1977
141 275
141 834
141 1063
141 1089
142 631
142 1781
143 159
143 1084
143 1235
146 762
146 1325
146 1388
146 1776
147 661
148 302
148 394
148 1610
148 1827
149 401
149 1100
150 253
150 1730
151 743
152 931
152 1359
152 1414
152 1416
154 960
154 1215
155 386
155 890
155 1386
155 1710
155 1810
155 1965
156 1312
157 1499
159 1374
159 1555
160 362
161 414
161 730
161 773
161 1023
162 670
162 948
162 1395
162 1659
163 164
163 873
163 1010
163 1025
163 1575
163 1637
163 1811
163 1934
164 566
164 1153
165 1099
165 1201
165 1553
166 223
167 1596
168 343
169 1028
169 1359
169 1845
170 738
170 1401
171 764
171 832
171 1765
172 822
172 1166
173 982
173 1338
173 1466
173 1499
174 270
174 357
174 378
175 227
175 671
175 1267
175 1719
176 254
176 908
176 1397
176 1633
177 890
177 1203
177 1442
177 1502
177 1699
178 398
178 675
178 1082
179 699
179 1763
179 1928
180 517
180 1119
180 1206
180 1357
181 368
181 1234
181 1274
181 1851
182 289
182 451
182 1514
183 287
184 235
184 602
184 1297
185 645
185 1006
185 1077
185 1928
186 806
186 966
186 1584
187 265
187 282
187 979
187 1851
188 238
188 551
188 553
188 1107
188 1198
188 1685
188 1833
189 874
189 1013
189 1501
189 1542
189 1918
189 1996
190 1175
190 1777
190 1780
191 1080
191 1323
192 458
192 647
192 772
192 1270
192 1451
192 1913
193 898
194 1166
195 239
195 747
196 284
196 646
197 1818
197 1897
197 1960
198 308
198 1344
199 546
199 1388
200 301
200 1012
201 1213
201 1357
201 1462
203 1857
204 1091
205 271
205 272
205 830
205 1817
207 324
207 1415
208 507
208 712
209 1071
211 396
211 1089
212 1520
212 1611
212 1774
213 621
213 1014
214 437
214 744
215 218
215 740
216 355
216 1101
216 1743
217 222
217 652
217 1101
217 1266
217 1569
218 343
218 811
219 610
220 722
221 1043
221 1308
221 1460
221 1633
221 1969
222 1152
223 537
223 761
223 1022
224 983
224 1716
225 444
225 1445
225 1566
226 713
226 876
226 1104
226 1546
227 611
227 1860
228 328
228 1115
229 1339
230 906
230 955
230 1849
230 1909
231 662
233 407
233 772
234 831
234 1276
234 1582
234 1627
235 349
235 359
235 505
235 672
235 732
236 1821
238 366
238 564
238 918
238 1344
239 770
240 1019
241 1008
241 1209
241 1823
242 593
242 1255
242 1758
243 1321
243 1453
244 1857
245 1298
245 1462
246 763
246 1617
247 1763
248 400
248 1993
249 1231
249 1595
249 1861
251 477
251 604
251 700
252 322
252 445
252 927
252 1351
254 289
254 614
254 1701
255 563
255 1788
256 357
256 763
256 1415
257 1217
257 1429
257 1788
258 626
258 768
258 1395
258 1458
259 814
259 1533
259 1674
260 1092
260 1902
261 675
261 1113
261 1953
262 1049
262 1256
262 1365
262 1370
262 1478
263 654
263 695
263 1024
264 443
264 660
264 883
264 1124
264 1436
264 1963
265 857
265 1788
266 1873
267 916
268 1615
269 882
269 1051
270 858
270 1001
270 1317
270 1362
270 1667
270 1743
271 549
271 830
271 1709
272 358
272 1686
274 1961
275 1254
276 1864
277 890
278 875
278 892
278 1308
278 1735
279 615
279 724
279 1000
279 1853
280 315
280 979
280 1885
281 1331
283 327
283 1829
284 388
285 662
285 807
285 1279
285 1867
286 1222
286 1696
286 1944
287 1198
287 1581
288 885
289 1942
290 472
290 1378
291 858
291 981
291 1039
292 1361
292 1800
293 577
293 1270
293 1953
294 741
294 1053
295 894
295 1145
295 1811
296 942
296 1475
296 1672
296 1818
297 1171
297 1660
298 922
298 1351
299 672
300 844
300 860
300 1823
301 1130
301 1292
301 1978
302 1052
302 1168
303 870
304 1143
305 1165
306 1827
307 846
307 1765
307 1853
307 1969
308 499
308 981
308 1018
309 995
310 1151
310 1314
311 350
312 1490
313 555
313 1319
313 1919
314 878
314 1173
315 665
316 431
316 714
316 1462
317 380
317 892
317 1256
317 1457
317 1640
318 648
318 678
318 1075
318 1350
318 1543
318 1555
318 1604
318 1783
319 1337
319 1606
319 1670
321 668
321 861
322 333
322 574
322 648
322 1749
323 615
323 671
323 1332
324 1083
324 1743
325 846
325 1751
326 383
326 1868
327 1929
328 1255
328 1361
328 1401
328 1443
329 806
329 1425
329 1507
329 1849
330 579
330 660
330 1862
331 450
331 685
331 967
332 1385
333 411
333 453
333 1106
333 1137
333 1166
333 1699
334 467
335 570
335 881
335 1218
337 767
337 1832
338 1916
340 635
340 1858
341 576
341 857
341 1140
341 1995
342 1304
344 1778
344 1819
344 1883
344 1975
345 1095
345 1995
346 1404
347 850
347 1353
348 631
348 635
348 1559
348 1803
349 407
350 450
351 489
351 1731
351 1807
352 1455
352 1548
352 1618
353 935
353 1073
353 1134
353 1175
353 1467
354 1859
355 1131
355 1155
356 1051
356 1830
357 1109
357 1686
358 1111
358 1363
359 1736
360 758
360 856
360 1416
361 1052
361 1064
361 1155
361 1893
362 510
362 1524
362 1586
362 1637
363 539
363 634
363 948
363 1022
363 1854
364 720
364 1394
364 1740
365 541
365 1143
365 1681
366 727
366 1404
367 1117
368 940
368 1298
368 1828
369 441
369 1467
370 737
370 821
370 1417
370 1574
370 1852
371 614
371 871
371 1150
371 1270
375 806
375 1146
376 396
377 625
377 1003
378 1415
378 1465
378 1941
379 473
380 381
381 513
381 811
381 1246
383 1515
384 1876
385 435
385 679
386 1085
386 1152
386 1516
388 475
388 863
388 1592
388 1811
389 1034
389 1895
390 587
390 1403
390 1607
391 1481
391 1772
391 1817
391 1833
392 1449
392 1773
392 1925
393 966
393 981
393 1081
394 463
394 988
395 479
395 1046
395 1246
395 1579
396 1331
396 1498
396 1921
397 745
397 973
397 1393
397 1922
399 405
399 1301
399 1519
399 1969
400 1649
401 559
402 496
402 547
402 641
402 917
402 1463
403 562
403 910
403 1287
404 785
404 1232
405 667
405 753
405 1035
406 472
406 1661
406 1909
407 421
407 558
407 1217
407 1334
407 1493
408 1917
409 546
409 1136
410 1312
410 1563
410 1782
410 1989
411 729
411 1010
411 1580
412 868
412 1494
413 1487
413 1524
414 667
414 1392
415 1257
415 1556
415 1790
415 1947
416 556
416 642
416 1252
416 1707
416 1810
417 620
417 1035
417 1370
418 574
418 990
418 1170
418 1328
418 1701
418 1782
418 1907
420 935
420 984
420 1455
420 1461
421 1116
421 1397
421 1755
421 1773
421 1777
422 1879
423 1557
423 1807
424 697
424 1930
424 1992
425 655
425 1337
425 1407
425 1571
425 1647
425 1866
425 1979
426 1236
426 1470
426 1500
426 1644
427 597
427 1271
427 1328
427 1357
427 1723
429 906
429 998
430 941
430 1115
430 1288
430 1338
430 1582
431 934
433 1164
433 1283
433 1830
434 524
434 1293
435 614
435 1393
435 1418
436 588
436 1159
437 810
437 1020
437 1544
437 1845
438 1095
438 1235
439 851
439 878
439 1053
439 1475
440 610
440 833
440 1631
441 1089
441 1597
442 630
442 1310
443 493
444 480
444 712
444 1076
444 1569
444 1604
446 1318
446 1548
446 1689
447 1485
448 1369
449 568
449 647
449 807
449 847
449 1153
449 1394
451 905
451 1580
451 1792
452 502
452 536
452 919
452 1234
452 1645
452 1665
452 1721
453 1566
455 632
455 1190
455 1631
455 1990
456 526
456 1263
457 959
457 1609
458 484
458 538
458 691
459 1263
459 1712
460 538
460 1776
461 1279
461 1994
462 536
462 631
462 1284
463 1996
464 603
464 1217
465 738
465 749
467 1290
467 1331
467 1688
469 1067
469 1075
469 1100
469 1124
470 627
471 678
471 1657
472 1400
473 1036
473 1338
473 1615
474 645
474 736
475 1654
476 820
477 775
477 1743
480 668
480 1377
480 1459
481 557
481 1378
483 1938
484 714
484 1012
484 1605
485 1614
485 1880
486 927
486 1440
486 1582
487 1389
487 1762
488 1147
488 1970
489 1783
490 1250
491 1098
491 1667
491 1816
491 1973
492 1520
492 1701
493 1274
494 737
494 1680
495 721
496 950
496 1415
496 1608
497 739
497 838
497 1288
497 1446
497 1481
497 1652
498 822
499 1033
499 1212
500 506
500 805
500 909
500 932
500 1633
500 1809
501 1928
501 1967
502 510
502 873
502 1985
502 1986
503 773
504 829
504 878
505 812
505 1923
506 623
506 909
506 1104
506 1359
507 1041
507 1507
507 1792
508 510
508 885
508 1435
510 1452
510 1540
510 1741
511 1409
512 649
512 1432
512 1869
513 894
513 965
513 1003
513 1385
514 622
514 1161
514 1582
515 1074
515 1739
516 531
516 1302
516 1423
516 1839
516 1978
517 1498
517 1763
518 549
519 1116
519 1814
520 1096
520 1177
521 1180
521 1378
521 1685
522 1111
522 1453
523 644
523 1533
523 1707
524 1312
524 1840
524 1938
525 732
525 1023
525 1711
526 1846
527 1324
529 563
529 1453
529 1748
529 1998
530 1388
530 1444
530 1864
531 1969
532 1601
532 1728
534 924
534 1320
535 721
535 992
535 1267
535 1335
535 1460
535 1982
536 735
536 1433
537 783
537 1386
537 1600
537 1609
538 718
538 734
538 828
539 1477
540 1683
540 1726
541 706
541 1420
541 1674
541 1736
542 932
542 1374
543 1738
543 1946
544 639
544 1921
545 819
545 1103
545 1806
545 1827
546 730
546 1473
547 1010
547 1052
547 1792
548 1191
549 1330
549 1350
550 1075
550 1219
550 1719
551 619
551 737
552 771
552 1139
552 1444
552 1911
553 656
553 873
553 1024
553 1117
554 572
554 1494
554 1778
556 682
556 841
556 1550
557 1113
559 1247
560 629
560 946
561 577
561 1131
561 1543
561 1562
561 1753
562 1081
563 1160
563 1677
564 894
564 1210
564 1778
565 1807
566 659
566 713
566 895
566 1118
566 1294
566 1298
566 1334
566 1801
567 1823
567 1989
568 885
568 970
568 1018
568 1152
569 1220
569 1542
571 826
571 1450
571 1777
571 1927
572 725
572 1254
572 1381
572 1895
573 794
573 1287
573 1306
573 1546
574 1105
574 1392
575 579
575 1858
576 602
576 1181
576 1389
577 947
577 1002
577 1047
577 1068
577 1621
577 1865
578 1242
578 1344
579 1050
581 1243
581 1339
581 1744
582 673
582 877
582 982
583 650
583 1455
584 1989
587 1698
588 815
588 951
588 1862
590 736
590 1768
591 940
591 1128
592 1355
593 594
593 1535
593 1626
594 1661
595 624
595 1230
596 1315
597 1671
600 823
600 885
600 1622
601 897
601 927
601 1201
602 1742
603 815
603 1075
603 1092
603 1345
603 1406
603 1851
604 631
604 1196
604 1953
605 1299
605 1704
606 653
606 743
606 766
607 1414
607 1838
608 745
608 1626
608 1915
609 792
610 1914
611 1104
611 1193
611 1579
611 1846
611 1908
612 989
612 1333
612 1469
613 1111
613 1789
615 659
615 1622
616 883
617 799
617 1218
618 935
618 979
620 1778
621 772
621 892
621 1227
622 1312
622 1419
622 1448
623 935
624 640
625 967
625 1249
625 1714
625 1835
625 1946
626 1536
627 1336
629 1297
629 1592
630 1491
630 1774
631 1145
632 964
632 1785
633 807
633 960
633 1782
634 946
634 1222
634 1319
635 1125
636 729
636 1503
636 1598
637 1257
637 1280
637 1442
637 1499
639 1583
639 1916
640 645
640 1425
642 879
642 1688
643 1134
643 1522
643 1648
644 1157
645 1405
645 1891
646 1059
646 1304
646 1555
647 1227
648 802
648 1062
648 1655
649 756
649 1517
650 1010
650 1254
650 1725
651 1856
652 1377
652 1422
653 1212
654 1027
654 1988
656 791
656 1302
657 754
657 1339
658 1051
658 1200
658 1257
658 1380
659 898
659 1121
660 1670
661 744
661 1774
662 978
662 1607
663 777
663 975
664 1345
664 1790
664 1817
665 877
665 1785
665 1963
666 1814
668 774
668 845
668 1086
669 1199
669 1333
669 1937
670 1035
671 1057
671 1377
671 1426
671 1814
672 875
673 1877
673 1911
674 1307
674 1716
675 1629
675 1635
677 783
677 1026
677 1753
678 1098
678 1211
678 1939
679 686
679 1222
679 1449
680 1219
680 1721
681 963
681 1951
682 1153
682 1401
682 1506
682 1682
682 1997
683 1007
683 1009
684 1681
685 1749
685 1764
685 1956
687 849
687 1561
688 1850
689 1741
689 1780
690 1906
691 862
692 953
692 1344
694 1331
694 1696
694 1742
695 793
695 1741
698 951
698 1007
698 1563
699 1118
699 1158
699 1649
700 852
700 1148
700 1341
700 1866
701 839
701 1692
702 1803
703 989
704 875
704 1541
704 1831
705 909
705 1042
705 1486
705 1852
706 761
706 1765
708 1055
708 1855
708 1935
709 1317
709 1357
709 1384
709 1423
709 1432
709 1498
709 1784
710 1550
711 1552
711 1950
712 758
714 1240
714 1511
716 953
716 994
716 1414
717 934
717 1652
719 1444
719 1814
719 1989
721 1259
722 1012
722 1123
723 732
724 1042
724 1078
725 757
725 1737
726 1308
726 1737
726 1958
727 908
727 1288
727 1731
728 809
728 1243
728 1752
729 1375
729 1782
730 758
730 1609
730 1920
730 1973
731 1882
734 1259
734 1510
734 1693
735 1831
736 1027
736 1769
737 1105
737 1109
737 1559
737 1589
737 1590
738 1394
739 1846
740 970
740 1084
740 1240
740 1396
741 1214
741 1337
742 1693
743 1020
743 1710
744 840
744 1019
746 918
746 1830
747 1104
747 1795
747 1866
748 1366
748 1475
749 773
749 1509
749 1668
750 781
750 799
751 1099
751 1498
752 795
752 893
752 1397
752 1595
752 1719
753 1938
754 900
754 1809
755 818
755 1874
755 1959
757 970
757 1070
757 1333
757 1340
757 1389
757 1948
758 1122
758 1232
759 792
759 1262
760 935
760 1130
760 1322
760 1795
760 1975
761 804
761 1297
761 1319
761 1728
762 1141
762 1461
762 1561
762 1661
767 918
767 926
767 958
767 1409
767 1536
767 1716
768 972
768 1558
768 1918
769 881
769 1835
770 1554
771 1263
771 1605
772 987
772 1804
773 906
773 1635
776 1311
776 1355
776 1777
777 803
777 1098
777 1162
779 929
779 1107
779 1602
779 1786
781 1375
781 1840
782 838
783 872
783 1014
783 1373
785 895
785 1161
785 1974
786 1321
786 1614
787 1256
788 936
788 947
789 1947
790 847
790 947
790 1744
791 1473
792 1494
792 1596
792 1946
792 1998
793 1590
793 1762
794 1455
795 1825
796 856
796 1038
796 1822
798 1036
798 1243
798 1600
799 958
800 1922
802 1144
802 1556
802 1577
802 1773
803 1237
803 1254
803 1636
803 1818
804 1852
804 1990
805 814
805 1928
807 1298
808 814
808 926
808 1289
808 1397
808 1565
808 1800
809 1215
809 1660
810 1721
811 1463
811 1689
811 1779
812 1204
812 1370
815 1278
815 1734
815 1967
816 1466
816 1800
817 1551
817 1600
818 1070
818 1787
819 1578
819 1800
820 844
821 1168
821 1483
822 972
822 1419
823 959
823 1429
824 867
826 830
827 1262
827 1618
828 850
829 1452
829 1828
830 1376
830 1467
832 1637
832 1819
832 1949
833 1305
833 1325
833 1527
835 1159
835 1476
835 1922
836 1880
838 904
839 1358
839 1454
839 1726
840 998
840 1707
841 1111
841 1543
841 1896
842 1343
842 1445
843 1638
844 1880
846 910
846 1230
846 1574
847 983
847 1105
847 1950
848 1216
848 1266
848 1489
848 1563
848 1682
849 1126
849 1862
850 1409
850 1843
851 1082
851 1123
851 1510
853 1078
854 1352
854 1638
855 1757
857 963
857 1662
858 1783
858 1799
859 1259
861 1176
861 1942
862 1430
862 1522
863 983
864 872
864 937
864 1778
866 1286
866 1607
866 1764
867 1464
869 1243
869 1852
870 1672
871 908
871 1529
873 1018
873 1631
873 1865
874 1237
874 1634
875 1472
875 1475
875 1788
876 895
876 1592
877 1889
878 1104
879 1195
879 1997
880 1049
881 1058
882 1427
883 1398
883 1751
883 1993
884 913
884 1817
884 1906
885 1270
886 1357
886 1620
886 1622
887 1519
887 1698
888 1246
889 1029
889 1264
889 1298
889 1513
889 1559
890 1254
890 1787
893 1675
894 1097
896 1361
897 1515
898 1078
898 1701
898 1737
900 1178
900 1665
903 992
903 1739
904 963
904 1288
904 1646
906 1142
906 1897
907 964
907 1820
908 1225
908 1521
909 1623
909 1708
909 1744
910 1279
910 1641
911 987
912 1336
913 1877
915 1122
915 1453
915 1556
915 1605
917 982
919 952
920 979
921 1007
921 1135
922 1456
922 1810
922 1902
922 1903
923 1013
923 1277
924 1484
924 1945
925 942
928 1311
928 1650
928 1887
928 1969
931 1262
931 1619
933 1688
933 1807
934 1214
934 1648
935 1445
935 1546
937 1384
937 1407
938 1898
940 1057
940 1722
940 1875
941 1098
941 1138
941 1176
941 1802
942 985
942 1688
943 944
943 1266
943 1481
943 1628
944 1299
944 1413
947 1058
947 1247
947 1294
947 1874
948 1180
950 1220
951 1575
952 1514
952 1782
952 1802
953 1095
954 1250
954 1724
955 1130
956 1016
956 1119
956 1902
957 1094
959 1074
959 1238
959 1496
959 1582
960 1072
960 1689
960 1796
962 1816
963 1486
965 1122
965 1729
965 1867
966 1696
967 1429
967 1763
968 1553
970 1336
971 1608
971 1875
972 1155
972 1224
972 1682
972 1856
973 1547
973 1831
974 1304
974 1613
974 1648
974 1955
975 1069
975 1863
975 1916
977 1172
977 1501
978 1436
979 1043
979 1526
980 1334
980 1836
981 1152
981 1801
983 1027
985 1155
985 1313
985 1768
985 1831
985 1916
986 1282
986 1376
986 1518
986 1646
987 1089
987 1525
988 1678
990 1941
991 1204
993 1510
994 1650
994 1730
994 1947
996 1059
997 1492
998 1292
998 1991
1000 1210
1000 1258
1000 1373
1002 1605
1003 1282
1005 1264
1005 1929
1006 1244
1006 1558
1006 1724
1008 1259
1008 1804
1009 1387
1009 1529
1010 1167
1010 1849
1011 1185
1011 1216
1011 1744
1012 1783
1013 1561
1013 1993
1015 1325
1015 1367
1015 1865
1016 1266
1017 1217
1018 1173
1019 1616
1020 1831
1021 1508
1021 1822
1022 1589
1022 1607
1023 1359
1023 1414
1023 1512
1024 1620
1024 1731
1027 1297
1027 1759
1028 1568
1030 1082
1030 1145
1030 1979
1031 1554
1032 1162
1032 1475
1033 1364
1034 1063
1034 1454
1034 1458
1034 1706
1034 1811
1035 1387
1036 1308
1038 1093
1038 1478
1038 1741
1038 1833
1039 1721
1040 1553
1040 1619
1041 1200
1042 1252
1042 1394
1042 1644
1042 1699
1043 1673
1044 1570
1044 1613
1044 1741
1044 1822
1044 1889
1045 1687
1046 1214
1046 1496
1046 1914
1048 1461
1049 1538
1049 1848
1049 1993
1050 1801
1051 1153
1052 1259
1052 1560
1053 1430
1053 1441
1054 1060
1054 1331
1054 1512
1055 1101
1056 1408
1057 1908
1058 1653
1059 1693
1059 1921
1060 1713
1061 1843
1061 1905
1062 1605
1063 1256
1064 1492
1064 1616
1064 1727
1065 1119
1070 1137
1071 1193
1071 1702
1071 1952
1072 1154
1072 1674
1073 1093
1073 1383
1073 1448
1073 1471
1073 1507
1075 1237
1076 1753
1076 1876
1077 1317
1077 1870
1079 1854
1080 1240
1082 1426
1083 1609
1087 1773
1089 1385
1089 1489
1089 1610
1089 1877
1090 1763
1092 1187
1092 1228
1092 1456
1092 1508
1093 1152
1094 1277
1094 1344
1094 1369
1094 1506
1094 1511
1095 1114
1095 1664
1097 1405
1098 1181
1098 1809
1099 1260
1101 1671
1101 1908
1104 1814
1106 1917
1107 1373
1107 1785
1108 1739
1108 1759
1109 1594
1111 1313
1112 1510
1112 1926
1113 1301
1114 1260
1114 1784
1114 1918
1116 1305
1116 1656
1117 1955
1118 1182
1118 1594
1120 1397
1120 1617
1120 1947
1121 1450
1122 1338
1122 1943
1123 1353
1123 1798
1124 1452
1125 1233
1128 1825
1129 1578
1130 1566
1131 1258
1132 1224
1132 1630
1132 1975
1134 1239
1134 1596
1135 1412
1135 1862
1136 1357
1136 1591
1138 1464
1139 1469
1139 1759
1140 1348
1141 1687
1142 1248
1142 1654
1144 1309
1144 1599
1144 1647
1144 1848
1145 1676
1145 1811
1145 1855
1146 1887
1146 1943
1147 1474
1148 1644
1150 1793
1151 1585
1151 1952
1152 1471
1153 1986
1154 1203
1156 1668
1156 1747
1157 1329
1157 1451
1157 1900
1159 1351
1160 1760
1160 1853
1161 1205
1162 1584
1162 1597
1162 1628
1163 1319
1163 1474
1163 1625
1163 1836
1164 1469
1164 1611
1165 1299
1165 1664
1166 1266
1166 1606
1166 1975
1168 1383
1168 1693
1169 1266
1169 1465
1170 1289
1172 1329
1172 1341
1172 1360
1173 1505
1173 1980
1174 1710
1177 1567
1178 1457
1178 1956
1179 1706
1180 1274
1180 1564
1181 1452
1183 1371
1183 1816
1187 1444
1189 1432
1189 1659
1190 1264
1191 1459
1191 1696
1192 1553
1192 1821
1193 1414
1193 1908
1196 1827
1196 1833
1197 1323
1198 1276
1199 1984
1201 1729
1202 1995
1203 1653
1203 1959
1204 1720
1204 1794
1205 1390
1207 1906
1208 1814
1208 1825
1209 1451
1211 1442
1214 1677
1215 1480
1215 1787
1218 1750
1221 1605
1221 1686
1222 1259
1222 1776
1222 1853
1224 1404
1225 1243
1227 1809
1227 1934
1229 1501
1229 1980
1231 1280
1231 1546
1232 1362
1232 1497
1232 1512
1233 1995
1236 1261
1236 1775
1237 1763
1238 1970
1238 1977
1240 1272
1240 1447
1240 1865
1242 1597
1243 1566
1243 1642
1243 1799
1245 1289
1245 1660
1245 1902
1246 1563
1246 1939
1247 1463
1247 1497
1248 1547
1250 1320
1250 1346
1250 1859
1251 1353
1252 1647
1253 1597
1256 1445
1256 1693
1256 1699
1256 1835
1257 1825
1257 1947
1258 1368
1258 1388
1258 1413
1258 1718
1259 1381
1259 1942
1260 1511
1263 1454
1264 1271
1264 1415
1265 1744
1267 1606
1268 1506
1270 1294
1270 1418
1271 1816
1271 1890
1274 1291
1275 1633
1276 1300
1276 1781
1277 1579
1278 1688
1279 1952
1280 1512
1280 1675
1281 1827
1282 1502
1282 1902
1284 1498
1285 1815
1286 1351
1286 1613
1286 1646
1286 1935
1287 1368
1287 1422
1288 1701
1289 1388
1289 1956
1293 1452
1294 1895
1298 1579
1298 1695
1298 1921
1299 1567
1301 1449
1301 1870
1301 1998
1302 1594
1303 1593
1303 1788
1304 1887
1305 1687
1305 1952
1306 1647
1306 1799
1306 1949
1307 1521
1308 1453
1310 1547
1310 1742
1312 1427
1312 1576
1313 1906
1313 1957
1314 1379
1314 1699
1314 1787
1314 1887
1317 1989
1319 1441
1321 1324
1321 1467
1323 1373
1326 1524
1326 1553
1326 1795
1327 1534
1328 1355
1330 1694
1330 1738
1331 1445
1332 1801
1333 1392
1333 1721
1334 1530
1334 1561
1334 1952
1335 1613
1340 1347
1341 1964
1343 1371
1343 1922
1344 1961
1345 1354
1346 1827
1347 1377
1347 1618
1348 1351
1348 1454
1351 1760
1354 1355
1354 1405
1354 1640
1354 1820
1354 1971
1356 1863
1357 1825
1360 1699
1361 1721
1361 1791
1364 1601
1364 1992
1369 1559
1369 1874
1371 1443
1371 1668
1372 1434
1373 1907
1373 1967
1374 1581
1374 1878
1375 1394
1375 1867
1376 1711
1377 1906
1378 1863
1378 1932
1379 1518
1380 1872
1383 1434
1384 1824
1386 1961
1387 1505
1389 1656
1391 1830
1392 1926
1392 1942
1393 1423
1393 1747
1395 1436
1397 1450
1397 1511
1403 1957
1406 1469
1406 1875
1411 1536
1414 1840
1416 1584
1417 1562
1424 1468
1426 1948
1427 1447
1427 1527
1428 1881
1429 1861
1430 1870
1431 1958
1434 1791
1436 1450
1436 1874
1438 1539
1438 1805
1438 1832
1440 1591
1441 1535
1441 1908
1442 1542
1443 1657
1444 1801
1445 1493
1445 1541
1446 1673
1446 1753
1446 1852
1450 1775
1450 1943
1451 1675
1452 1469
1452 1957
1454 1827
1454 1888
1454 1953
1455 1881
1457 1685
1457 1885
1459 1574
1460 1515
1460 1842
1461 1527
1463 1986
1464 1486
1466 1912
1468 1672
1469 1937
1472 1600
1472 1856
1473 1933
1478 1930
1478 1945
1480 1598
1483 1789
1484 1914
1486 1534
1486 1735
1487 1571
1487 1704
1489 1770
1492 1754
1495 1765
1495 1795
1495 1801
1496 1701
1497 1661
1497 1754
1498 1768
1501 1947
1505 1692
1505 1985
1506 1689
1514 1611
1514 1854
1516 1902
1518 1991
1519 1670
1522 1525
1522 1800
1522 1911
1523 1623
1523 1994
1525 1532
1525 1750
1525 1876
1527 1823
1530 1965
1531 1640
1531 1748
1534 1753
1534 1821
1536 1871
1538 1693
1539 1852
1544 1650
1544 1985
1545 1671
1546 1760
1547 1696
1548 1844
1549 1740
1551 1612
1554 1937
1556 1870
1559 1702
1560 1915
1561 1908
1562 1580
1562 1610
1562 1703
1562 1736
1562 1977
1566 1906
1566 1993
1567 1744
1567 1850
1568 1584
1569 1736
1576 1582
1576 1919
1579 1789
1580 1788
1582 1693
1584 1861
1586 1768
1586 1780
1588 1774
1588 1869
1588 1942
1590 1666
1591 1670
1592 1614
1592 1759
1595 1667
1596 1642
1597 1740
1597 1814
1597 1973
1600 1867
1601 1985
1602 1645
1602 1921
1603 1631
1603 1990
1604 1904
1604 1927
1606 1826
1607 1624
1607 1800
1610 1611
1610 1673
1610 1914
1610 1990
1611 1918
1612 1781
1613 1735
1615 1812
1616 1872
1617 1660
1617 1842
1621 1749
1622 1809
1622 1943
1623 1632
1626 1809
1631 1838
1631 1851
1632 1932
1636 1693
1636 1934
1638 1909
1638 1981
1642 1666
1642 1685
1642 1918
1643 1705
1643 1978
1648 1658
1652 1809
1657 1685
1661 1689
1669 1710
1670 1681
1671 1886
1672 1863
1673 1876
1674 1901
1676 1753
1677 1856
1678 1747
1679 1708
1680 1970
1683 1910
1687 1753
1687 1996
1688 1982
1693 1860
1695 1831
1700 1716
1703 1712
1705 1777
1705 1831
1706 1897
1712 1968
1713 1828
1714 1876
1718 1882
1718 1942
1729 1766
1732 1820
1734 1889
1735 1908
1736 1805
1736 1962
1738 1772
1746 1855
1746 1975
1747 1865
1756 1761
1760 1980
1761 1821
1762 1930
1766 1768
1771 1869
1774 1854
1778 1931
1778 1976
1789 1829
1791 1854
1791 1885
1791 1976
1793 1920
1797 1993
1800 1881
1801 1825
1802 1970
1803 1931
1822 1887
1822 1889
1823 1825
1825 1975
1826 1879
1835 1947
1850 1974
1858 1900
1866 1885
1871 1934
1875 1993
1890 1938
1890 1951
1903 1912
1906 1939
1910 1930
1918 1946
1930 1995
1936 1997
1943 1981
1957 1985
1964 1996
1975 1998
1978 1993
1981 1988
1985 1996
1990 1993
