2000 3045
2
24
46
35
3
82
73
80
49
94
27
1
41
2
52
38
32
46
47
2
38
92
32
72
3
38
74
90
94
53
82
30
60
79
81
13
79
27
99
99
81
53
83
69
10
67
34
63
83
4
58
62
80
46
64
61
15
64
93
24
37
80
38
8
15
18
16
28
61
7
71
7
73
63
39
30
13
92
20
46
50
37
30
23
12
64
12
27
68
29
33
37
2
79
71
24
21
63
55
93
51
96
6
47
21
50
70
79
64
46
87
93
36
9
79
31
16
51
3
17
62
35
64
94
62
52
16
1
47
12
48
17
52
42
86
4
5
62
44
68
10
25
100
3
44
21
72
65
6
75
31
52
59
88
65
14
31
87
3
66
55
72
34
98
27
85
69
96
81
19
15
51
7
96
81
79
27
22
16
15
49
88
94
40
71
39
17
48
85
28
3
27
34
9
95
97
72
39
33
88
10
77
66
31
95
4
83
52
8
89
3
4
69
49
23
72
22
71
13
39
14
39
53
76
62
19
18
51
73
93
58
37
22
47
83
94
86
44
31
16
25
40
31
89
37
38
88
30
52
76
9
97
6
83
94
70
49
15
98
38
72
38
81
35
2
44
4
26
25
81
9
35
26
27
28
71
57
86
68
60
17
22
6
33
99
85
62
41
91
20
92
19
38
3
57
30
80
52
12
39
31
34
90
95
75
89
7
70
7
52
83
41
84
70
34
62
68
74
10
12
41
48
61
29
94
44
84
38
93
19
5
29
81
84
93
58
29
100
34
28
99
27
61
19
37
80
96
49
31
2
91
64
93
59
82
23
50
34
35
54
16
40
92
84
37
84
45
22
4
19
53
58
99
41
16
46
40
81
45
89
48
88
50
73
69
26
57
16
36
12
7
37
16
78
59
84
7
39
22
67
91
40
31
33
100
56
83
16
54
71
21
25
65
96
83
33
18
50
46
74
8
52
27
1
77
7
70
22
3
50
11
82
71
51
62
46
9
38
97
29
44
77
95
33
29
95
52
35
53
42
39
52
53
56
51
94
23
75
85
95
72
56
2
62
53
92
38
53
73
42
54
84
31
26
49
76
51
36
47
73
77
98
4
79
83
22
73
55
17
17
50
10
100
88
77
3
52
36
37
5
95
64
29
58
92
58
73
4
90
60
12
27
54
81
31
95
22
51
12
43
19
89
37
37
9
33
98
93
57
85
11
93
37
25
88
23
97
100
25
42
38
66
60
26
58
18
60
23
88
92
91
64
42
74
68
39
65
42
79
54
12
29
97
80
71
92
96
57
24
20
5
10
68
6
88
90
51
94
43
28
62
44
26
25
83
84
64
42
70
26
12
85
73
49
31
40
84
37
22
82
95
46
63
32
13
92
7
40
14
6
28
5
82
84
59
69
36
2
90
39
63
90
85
17
89
30
64
77
50
10
85
32
67
96
65
27
87
2
21
27
65
79
88
7
60
69
74
96
79
80
22
61
61
31
84
43
61
39
6
73
11
97
43
27
40
48
87
57
14
43
98
46
48
79
90
67
19
20
55
24
21
28
76
92
53
8
92
83
37
96
41
18
39
77
42
36
17
35
17
77
38
7
27
41
55
98
100
30
3
46
48
95
4
26
71
96
5
10
93
2
95
26
85
15
27
83
73
69
88
6
41
76
9
55
39
82
79
67
77
32
52
27
100
93
58
39
25
35
31
5
91
9
52
90
81
97
30
43
1
47
27
59
2
83
17
96
56
84
84
46
39
61
72
70
84
21
42
97
76
51
71
24
75
53
25
4
97
71
5
58
4
9
70
43
79
39
84
24
24
34
68
3
8
89
7
15
77
93
87
43
56
63
72
49
89
46
87
50
96
73
62
25
5
31
19
6
96
13
32
55
44
64
52
96
35
96
83
46
71
50
59
85
11
73
77
42
79
20
2
29
27
62
87
35
11
10
53
39
79
43
56
87
99
98
49
54
35
16
12
23
53
16
3
53
68
5
17
95
37
54
43
54
18
6
89
89
14
29
72
22
78
49
78
34
82
89
44
68
97
62
51
56
71
74
18
100
29
76
83
15
56
26
27
91
82
86
29
5
75
53
76
50
48
24
4
64
67
38
92
47
6
31
77
44
100
94
91
44
99
66
50
42
15
100
4
22
55
84
13
45
44
92
64
73
46
36
95
27
70
11
22
14
61
17
61
29
93
22
97
99
61
59
41
2
60
38
80
1
46
81
6
85
95
68
54
19
77
45
19
5
23
13
51
2
23
93
13
75
31
67
20
6
57
93
43
88
87
43
96
77
12
74
66
35
22
46
61
47
35
67
87
48
27
35
15
67
7
85
86
27
52
66
32
82
3
44
39
2
86
15
62
8
19
94
95
27
69
67
29
43
1
45
77
60
62
46
75
52
1
68
65
69
28
75
59
28
67
41
64
54
77
87
17
48
53
38
50
86
75
45
18
66
37
1
31
6
28
65
81
84
31
97
4
97
29
66
12
8
2
49
15
20
92
60
21
67
65
89
1
84
95
78
5
95
76
71
44
69
77
85
49
14
97
76
79
99
22
46
69
48
33
7
41
83
25
41
75
63
51
41
24
84
60
86
20
85
26
40
71
8
8
98
37
6
31
43
89
77
70
100
7
6
33
39
24
61
41
90
20
9
48
23
64
14
12
33
58
14
69
100
44
64
78
80
85
15
42
66
72
80
58
33
94
84
85
16
29
40
74
89
36
40
97
55
86
20
37
9
41
20
21
42
54
37
85
61
31
66
64
62
98
10
50
22
37
96
13
66
8
23
79
59
45
82
16
66
76
2
2
89
24
25
91
11
33
47
25
66
29
88
35
44
8
67
85
29
85
80
62
89
93
6
14
98
79
36
41
11
37
45
84
52
18
65
19
72
44
92
84
4
9
79
84
73
28
57
34
30
24
93
64
81
61
41
34
7
15
29
10
79
84
75
51
92
72
28
43
89
45
78
77
38
29
64
89
97
25
23
34
57
73
83
70
3
62
50
66
25
38
84
34
55
64
89
97
73
81
79
84
30
65
15
46
73
78
65
42
80
25
100
55
16
57
15
95
96
85
64
80
83
41
66
29
16
20
53
20
61
59
16
39
58
61
57
88
87
69
85
95
37
73
73
50
76
36
14
50
68
93
76
38
10
58
48
29
21
63
22
7
91
49
23
45
98
33
43
36
7
31
44
56
48
7
100
16
66
56
73
76
23
36
68
39
55
83
9
65
98
70
20
58
22
14
58
75
41
26
33
55
18
5
19
14
34
56
77
11
99
36
55
21
23
26
84
96
31
20
88
8
10
66
99
50
74
17
9
9
10
87
31
51
68
70
33
64
19
27
87
98
81
33
56
62
14
18
96
41
56
93
94
42
51
63
86
71
55
28
99
68
91
93
67
84
13
88
16
55
21
29
62
43
19
52
77
81
24
54
75
19
43
48
53
33
16
67
65
30
17
92
82
86
100
6
13
48
68
81
98
61
55
79
36
13
37
50
97
16
85
29
30
81
96
77
28
28
36
77
83
63
47
19
5
4
98
25
100
19
16
70
41
41
23
5
22
61
12
16
41
48
89
15
11
2
53
61
10
93
6
84
43
99
40
86
91
81
83
58
47
6
84
79
9
27
73
7
18
34
69
37
56
74
83
54
56
75
48
42
36
28
56
7
52
87
77
93
2
89
80
100
6
1
41
48
24
69
57
51
34
76
85
17
11
94
71
96
22
83
27
2
97
10
48
10
93
48
19
11
68
61
28
7
9
55
34
41
8
45
37
2
18
12
37
32
77
64
33
80
11
23
58
77
33
55
16
78
65
44
43
39
24
5
29
17
11
18
72
36
100
80
19
80
75
42
85
54
26
85
34
3
2
56
78
62
30
79
1
68
56
28
29
77
61
38
26
99
3
19
87
15
35
96
27
93
21
74
78
52
98
22
33
31
6
61
14
25
48
71
74
7
84
47
71
93
93
1
8
82
15
91
73
18
33
56
62
57
23
31
96
52
98
68
38
60
48
16
17
70
25
22
70
73
56
41
97
71
10
30
44
24
100
12
33
72
65
89
94
37
55
65
63
80
50
50
48
11
12
84
67
98
11
87
34
61
8
35
65
35
92
3
22
50
71
14
80
100
50
100
96
60
24
34
40
57
4
46
61
26
35
83
66
3
78
62
95
70
45
53
24
62
31
22
6
93
52
82
82
37
75
59
44
62
37
8
78
27
60
70
96
5
54
26
100
34
42
90
80
76
33
68
3
84
55
20
61
73
94
90
46
67
82
30
4
53
90
4
5
17
91
23
99
98
83
42
27
26
92
18
35
79
75
33
78
87
92
39
78
37
97
61
98
12
30
63
91
97
70
37
11
38
25
51
33
36
93
14
36
99
54
54
33
29
58
58
72
16
13
26
40
34
94
33
69
26
1
96
43
14
33
8
69
45
45
15
4
79
62
70
11
35
56
34
99
29
6
76
46
31
29
90
6
83
29
24
91
15
94
9
10
1
32
30
96
61
76
80
13
74
87
64
51
0 1064
0 1148
1 1824
1 1879
2 442
2 660
3 477
3 999
3 1086
3 1480
3 1821
3 1861
3 1943
4 688
4 1747
5 61
5 250
5 779
5 1178
6 993
6 1806
7 883
7 1795
8 714
8 1938
8 1970
9 40
9 529
9 730
9 1247
9 1455
10 492
10 1406
11 187
11 610
11 804
11 1651
13 760
13 784
13 1822
13 1843
14 562
14 1360
15 203
15 427
15 1002
16 286
16 629
16 826
16 1187
16 1535
16 1649
17 304
17 820
17 1002
17 1091
17 1155
17 1658
17 1814
18 199
18 392
18 1073
19 157
19 259
19 456
19 972
20 436
21 169
21 463
22 1475
23 236
23 1232
23 1253
23 1776
24 734
24 1502
25 469
26 438
26 626
26 692
26 804
26 1063
26 1498
26 1702
27 1076
27 1243
27 1851
28 253
28 639
28 861
29 1331
29 1482
29 1657
29 1822
29 1974
30 616
30 723
32 1180
33 793
33 1036
33 1179
33 1517
33 1539
33 1554
33 1826
34 1707
35 71
35 220
35 280
35 1107
36 1523
37 63
37 921
37 1410
38 250
38 554
38 872
38 1089
38 1122
39 299
39 1013
39 1605
40 950
40 1109
40 1412
40 1845
41 560
41 956
41 1821
41 1895
42 923
42 1040
42 1128
42 1239
42 1805
43 1808
44 234
44 1109
44 1276
44 1320
44 1788
45 594
45 730
45 1446
46 1692
47 491
47 501
47 1876
48 103
49 1131
49 1257
49 1301
51 234
51 497
51 869
51 1084
52 452
52 476
53 202
53 514
53 1040
53 1167
53 1354
53 1478
53 1493
54 763
54 1503
54 1827
55 134
55 456
55 1119
55 1655
55 1713
56 271
56 701
56 781
56 1322
56 1596
57 1017
57 1188
57 1307
58 1784
59 1864
60 190
60 566
60 968
61 223
61 886
61 1003
61 1329
61 1601
61 1620
62 616
63 738
63 1347
63 1792
64 277
64 601
64 1886
65 423
65 747
65 985
65 1147
66 160
66 512
66 745
66 1058
66 1988
67 969
67 1466
67 1611
67 1934
68 460
68 952
68 1776
69 1574
70 489
71 1493
71 1694
71 1814
71 1832
72 270
72 811
72 1349
73 355
73 1035
73 1691
73 1705
73 1819
74 148
74 721
74 1078
74 1328
74 1809
74 1874
75 1850
76 708
76 882
76 1597
77 742
77 1608
77 1779
78 1103
78 1606
80 1264
80 1676
81 849
81 993
82 1349
82 1668
83 343
84 713
84 1647
85 336
85 715
85 932
85 1687
86 988
86 1246
86 1348
86 1584
86 1900
87 760
87 1751
88 314
88 328
88 557
88 1707
89 109
89 451
89 621
89 1406
89 1648
89 1900
90 1960
91 1458
91 1524
92 233
92 640
92 958
92 1611
92 1683
93 571
93 1562
94 1076
94 1577
95 662
95 829
95 1002
96 310
96 614
96 892
96 964
96 1326
97 222
97 255
97 423
97 1131
97 1583
98 1443
98 1474
98 1905
99 1038
100 330
100 1064
100 1225
100 1680
101 1783
102 216
102 621
102 775
102 816
102 1316
102 1981
103 876
103 1235
103 1291
104 326
104 1476
105 1039
105 1484
106 1431
106 1946
106 1949
107 189
107 221
107 326
107 566
107 1445
107 1874
108 149
108 1578
109 1548
109 1868
110 990
110 1321
110 1496
111 841
111 958
112 326
112 1399
112 1564
112 1810
113 130
113 216
113 444
113 471
113 804
113 1142
113 1688
114 894
114 1157
114 1647
115 549
115 974
116 409
116 1562
116 1659
116 1747
117 429
117 823
117 1228
118 352
118 800
118 1088
118 1812
119 1863
120 824
120 850
120 1653
121 442
121 1331
121 1863
122 884
122 1529
123 146
123 497
124 325
124 1768
125 349
125 584
125 652
125 1216
125 1274
125 1712
126 151
126 1554
126 1757
127 1019
127 1493
128 888
128 1022
128 1561
129 724
129 1064
129 1375
131 1171
131 1670
132 283
132 1122
132 1891
133 188
133 404
133 1019
133 1500
133 1683
133 1776
133 1895
134 208
134 265
134 1006
134 1531
135 1115
135 1465
136 728
136 1502
136 1768
137 185
137 817
137 1167
138 605
140 222
140 434
140 1778
141 145
141 525
141 862
141 1812
141 1849
142 523
142 1238
142 1253
143 189
143 1351
143 1538
144 1802
145 167
145 1034
145 1359
146 301
146 1127
146 1781
146 1891
147 1472
147 1512
148 576
148 1432
149 297
149 364
149 627
149 1049
150 1037
150 1616
150 1886
151 825
152 866
152 1253
153 326
153 1949
154 214
155 646
155 999
155 1049
155 1631
156 1127
156 1567
158 318
158 448
158 741
158 983
158 1628
159 202
159 361
159 1120
159 1162
159 1458
159 1716
159 1972
161 1207
162 650
162 676
162 1780
163 288
163 500
163 1050
164 1267
164 1428
164 1574
164 1976
165 883
165 947
165 1387
165 1523
167 1622
167 1940
168 779
168 1810
169 683
169 951
170 578
170 814
170 901
170 924
171 1116
172 529
172 951
173 361
173 470
173 1800
174 633
174 1071
174 1489
174 1621
174 1971
175 894
175 1105
175 1167
175 1353
175 1361
175 1907
176 386
176 432
176 920
176 1157
176 1871
177 401
177 783
178 1384
179 376
179 1175
180 1916
181 1389
181 1520
182 865
182 903
182 1745
182 1769
183 256
183 1439
185 273
185 287
185 370
186 530
186 654
187 324
188 607
188 1351
189 240
189 1201
189 1732
190 494
191 469
191 723
191 953
191 1943
191 1986
192 472
192 605
193 554
193 1453
193 1898
194 1063
194 1155
194 1422
195 357
195 387
195 879
195 1672
196 420
196 722
196 1426
196 1608
197 257
197 466
198 1739
199 1164
199 1321
199 1568
199 1676
200 218
200 315
201 1737
201 1979
202 504
203 599
203 811
203 968
203 1543
204 584
204 1208
204 1807
204 1907
204 1911
204 1939
205 581
205 1931
206 732
206 1039
206 1284
206 1324
206 1526
206 1741
207 684
207 806
207 1092
207 1324
208 598
208 1127
209 565
210 559
210 730
210 842
211 606
211 864
211 921
211 976
211 1329
212 367
212 983
212 1453
212 1581
213 642
213 1782
214 1287
214 1356
215 1452
215 1892
216 340
216 734
216 1269
216 1606
216 1821
217 444
217 972
217 1738
218 873
218 1169
218 1701
219 349
219 799
219 809
219 1191
219 1685
220 624
220 899
221 222
221 1011
221 1308
222 365
222 629
222 1984
223 536
223 820
223 874
223 1487
224 278
224 423
225 291
225 918
225 1837
226 1002
227 842
228 473
228 540
228 739
228 898
228 1911
229 270
229 1293
229 1417
229 1811
229 1922
230 1432
230 1664
230 1812
231 242
231 1371
232 420
232 1090
232 1280
232 1839
234 502
234 605
234 922
234 1118
235 272
235 294
236 866
236 1008
236 1738
237 1624
238 288
239 855
239 1724
239 1727
240 1031
240 1171
240 1473
240 1638
240 1721
241 530
242 493
242 817
242 1537
244 1185
245 815
245 1500
246 338
246 999
247 253
247 292
247 1861
248 1000
248 1629
248 1871
249 949
249 1769
249 1858
250 385
250 532
251 437
251 802
251 1175
251 1479
251 1659
252 816
252 991
252 1413
252 1801
252 1875
253 588
253 1567
253 1694
254 324
254 922
254 1763
254 1815
255 271
255 710
256 885
256 1087
256 1772
257 468
257 1360
257 1557
257 1694
258 819
258 1152
258 1867
258 1930
259 402
259 1220
259 1376
259 1967
260 389
261 264
261 294
261 758
261 1489
262 357
262 672
262 789
262 1184
262 1186
262 1368
263 466
263 1756
263 1800
264 961
264 1581
264 1760
265 729
265 825
266 544
266 1221
267 391
268 409
268 932
268 1132
268 1207
269 552
270 615
270 1629
271 403
271 780
271 1581
272 338
272 377
272 1729
273 752
274 359
274 623
275 1165
275 1601
276 310
276 1780
277 1327
277 1878
278 513
278 907
278 1692
279 363
279 915
279 1263
279 1416
280 1094
280 1293
280 1534
280 1960
281 1300
281 1302
282 492
282 585
282 1623
283 314
283 427
283 1353
284 1140
284 1165
284 1256
284 1924
285 300
285 509
285 628
285 1514
286 358
286 479
287 679
287 723
287 1418
287 1931
288 522
288 923
289 783
289 934
289 1764
289 1968
290 487
291 373
291 1577
292 719
292 1677
294 456
294 1517
294 1713
294 1818
295 821
295 852
296 910
296 1945
297 497
297 877
297 965
297 993
297 1215
298 1344
298 1684
299 1668
299 1844
300 471
301 521
301 540
301 1775
302 555
302 596
302 1318
302 1707
303 639
304 1688
305 462
305 1076
305 1211
305 1346
306 877
306 1424
306 1654
306 1664
307 395
307 409
308 919
308 1086
308 1456
309 692
309 717
309 1854
310 617
310 1083
310 1214
310 1991
312 1111
312 1613
312 1920
313 1070
314 902
314 1106
314 1801
314 1906
315 616
315 1822
316 407
317 1132
318 824
319 480
320 494
320 866
320 879
320 1444
320 1899
320 1925
321 797
321 1019
321 1702
322 1073
322 1366
322 1417
322 1494
322 1752
323 724
323 823
323 1945
324 582
324 1155
324 1225
325 1109
326 529
326 562
326 1538
326 1562
326 1775
327 384
327 664
327 1183
327 1384
327 1425
327 1676
327 1953
328 776
328 1396
328 1826
330 1453
330 1728
330 1842
331 772
331 1459
331 1733
331 1863
332 1031
332 1385
332 1874
333 1692
334 563
334 1105
334 1123
334 1904
335 1125
335 1235
335 1708
335 1929
336 772
336 1101
336 1123
336 1202
337 1023
338 463
339 1993
340 895
340 1159
341 789
342 1571
342 1835
343 1324
343 1506
344 638
344 762
344 845
344 1498
344 1669
345 1725
346 802
346 1415
346 1634
347 1892
348 858
348 1539
348 1617
348 1690
348 1744
348 1878
349 895
349 931
349 1584
349 1974
350 598
350 931
350 1396
352 463
352 605
352 663
352 775
352 1199
352 1892
353 632
353 816
353 1417
353 1777
354 784
354 1208
355 1439
356 549
356 558
356 1404
357 694
357 785
357 1072
357 1536
358 1201
359 546
359 944
359 1477
359 1978
360 1155
360 1395
360 1678
362 490
362 662
362 1413
362 1736
362 1846
362 1979
363 1176
364 1058
364 1721
364 1749
365 460
365 1459
366 1088
366 1872
366 1948
367 963
367 1329
368 802
369 395
369 517
369 877
370 373
370 1418
370 1788
372 714
372 812
372 1609
373 1326
373 1528
373 1676
375 843
376 1964
377 1378
378 1066
378 1386
378 1580
378 1603
378 1990
379 475
379 779
379 1393
379 1841
380 578
380 1032
380 1623
380 1787
381 1275
381 1641
382 1261
382 1362
383 568
383 725
383 1051
383 1719
384 904
384 991
384 1042
384 1732
386 388
386 665
386 1448
387 1726
388 429
388 1345
388 1821
389 964
389 1088
389 1200
390 590
390 974
390 1019
390 1163
390 1587
390 1611
391 1352
392 853
392 1355
392 1871
393 1310
394 941
394 1584
395 484
396 1119
396 1856
397 424
397 454
397 533
399 1523
399 1992
400 1856
401 598
401 1070
402 926
402 1256
403 802
403 1230
403 1583
404 596
404 627
404 1491
405 1619
406 791
406 1225
406 1404
406 1473
406 1746
407 543
407 970
407 1257
408 441
408 1060
408 1571
410 1203
410 1332
410 1625
410 1718
410 1756
411 1560
411 1692
413 666
413 1557
415 989
415 1681
416 941
417 483
418 1471
418 1561
418 1913
418 1935
419 720
419 1262
420 820
420 1134
420 1446
421 1106
421 1928
423 550
423 1172
423 1178
423 1647
424 601
424 796
424 1207
424 1941
424 1950
425 1202
426 1506
426 1671
426 1686
427 688
427 804
427 1980
428 819
428 1192
428 1669
428 1902
429 912
431 513
431 598
432 1151
432 1504
433 1180
433 1364
433 1532
433 1663
434 766
434 1052
434 1096
434 1421
435 1420
436 1136
436 1899
437 1509
438 1202
439 1299
440 1634
440 1691
441 545
441 625
441 864
441 1907
442 540
442 1988
443 795
443 1503
444 871
444 918
444 1417
445 794
445 1563
447 630
447 944
447 1074
448 904
448 1555
448 1679
449 798
450 473
450 775
450 930
450 1163
450 1495
450 1858
452 615
452 845
452 1382
453 827
453 1225
453 1878
454 582
454 1717
455 1028
456 790
457 975
457 1283
458 536
458 689
458 1000
458 1017
458 1102
458 1621
459 886
459 966
459 1592
459 1763
460 809
460 961
460 1116
460 1334
460 1435
461 970
462 1528
462 1864
463 1228
463 1662
464 1736
465 489
465 792
465 1759
465 1905
466 1366
467 1145
468 1463
468 1805
469 759
469 1163
469 1378
470 632
470 871
470 916
470 1238
470 1302
470 1957
471 585
471 1188
472 1748
473 879
473 1432
474 506
474 518
474 1121
475 1660
476 658
476 806
476 905
476 1241
476 1788
479 1430
480 697
481 787
481 1377
482 1466
482 1566
482 1903
483 665
483 1150
483 1546
484 641
485 1014
486 990
486 1134
487 1196
488 1185
488 1552
489 700
489 898
489 1250
489 1617
490 1813
491 811
491 1013
491 1502
492 1091
492 1430
492 1514
493 1444
493 1971
494 657
494 786
494 1301
495 581
495 678
495 1232
495 1553
495 1571
496 540
496 608
496 783
496 1208
497 823
497 1912
498 715
498 1787
500 1876
501 962
501 1440
502 1161
503 505
503 524
503 628
503 1860
504 1623
505 631
505 754
505 1010
507 1882
508 604
508 1044
509 866
509 950
509 1592
509 1943
509 1958
510 1054
511 1666
512 947
512 1829
512 1917
513 1402
513 1588
513 1987
514 821
514 1196
514 1807
514 1853
515 1462
516 1479
517 1194
518 1083
518 1257
518 1444
518 1760
519 612
519 1412
522 602
522 1404
523 907
524 1012
524 1400
526 1825
526 1836
527 849
527 1141
527 1154
527 1507
527 1753
528 566
529 613
529 1469
530 1422
530 1457
530 1744
530 1878
531 1806
532 1284
532 1945
533 542
533 869
533 1249
533 1393
533 1784
533 1837
534 787
534 1390
535 1710
535 1996
536 835
537 1003
537 1408
538 810
538 1123
539 711
539 876
539 1342
539 1506
539 1925
539 1990
540 1355
541 1170
542 792
542 902
542 1411
543 712
544 1219
544 1264
544 1640
544 1944
545 1555
545 1606
546 1613
546 1924
547 956
547 1398
547 1928
548 873
548 956
548 1025
548 1102
549 568
549 1678
550 1389
550 1632
551 1048
551 1764
552 724
553 698
553 847
553 1264
553 1724
554 759
554 785
555 556
555 1151
555 1540
556 822
556 1228
557 1089
557 1211
557 1951
558 1860
559 916
559 1315
561 1469
561 1601
561 1748
562 1132
562 1706
563 1474
564 784
564 1460
565 991
565 1355
566 878
566 1404
566 1557
567 733
568 898
568 952
570 682
570 1454
570 1723
570 1791
571 1712
572 1846
573 690
573 1379
573 1481
574 891
574 1272
575 1521
576 1123
576 1855
577 1355
578 968
578 1869
578 1956
578 1989
579 1769
581 923
581 1400
581 1852
582 770
583 965
583 1365
584 1959
585 686
585 1145
585 1455
586 1401
587 1903
588 919
588 1082
588 1428
588 1948
589 967
589 1182
589 1948
590 1108
590 1381
590 1428
590 1887
591 1638
591 1751
592 1990
593 677
593 1000
593 1033
593 1083
594 1147
594 1233
594 1657
594 1958
595 1159
595 1439
595 1809
595 1860
597 733
597 1559
597 1569
597 1576
597 1644
598 865
598 1288
598 1419
598 1508
598 1593
599 1736
600 741
600 1393
600 1514
601 964
602 1338
602 1815
602 1939
603 1096
603 1332
604 681
604 748
604 1091
604 1455
604 1886
605 661
605 883
606 952
606 967
606 1420
607 943
607 1257
607 1276
607 1603
607 1831
609 739
609 1537
611 709
612 955
612 967
612 1076
612 1106
614 1414
615 1529
616 739
616 1136
617 1186
619 1047
619 1502
620 1201
621 1107
621 1184
621 1249
621 1879
622 1257
622 1442
622 1808
623 648
624 730
624 990
625 872
625 1072
625 1743
626 742
626 1284
626 1332
627 1203
629 1606
629 1864
630 849
632 1163
632 1399
634 856
634 1276
634 1402
636 945
636 1484
637 1348
639 786
640 1225
641 1364
641 1464
642 1525
643 1269
643 1741
645 854
645 1768
646 793
646 855
646 1394
646 1410
646 1617
646 1725
647 1011
649 1233
649 1617
650 1256
650 1427
652 1236
652 1949
653 1027
653 1253
654 811
654 1230
654 1626
655 1317
655 1323
655 1906
656 724
656 783
656 964
656 1126
656 1182
656 1737
657 1692
658 1197
659 809
659 1310
659 1441
659 1975
660 823
660 1523
661 778
661 895
661 1067
661 1395
661 1743
661 1964
662 747
662 1047
662 1905
664 819
665 1655
666 695
666 1817
667 1746
668 1762
669 1466
671 1520
672 934
672 943
672 1396
673 1684
675 1591
675 1898
676 831
676 944
676 950
676 1805
677 986
677 1392
677 1444
678 819
678 846
678 1564
678 1989
679 1488
681 1684
681 1980
682 693
683 721
683 1145
683 1373
683 1460
683 1940
684 999
684 1434
684 1489
685 805
685 878
685 1244
685 1636
686 1508
687 766
688 1394
688 1942
689 1152
690 1013
690 1091
690 1630
691 1803
692 1675
693 951
693 1513
694 1262
694 1332
694 1487
695 739
695 1015
695 1763
696 833
696 1381
696 1399
696 1631
697 1446
697 1894
698 1561
698 1573
699 1181
699 1625
700 800
700 1137
700 1880
700 1900
701 1225
702 1367
702 1374
702 1563
702 1914
702 1915
703 915
704 731
704 1304
706 1579
706 1697
707 1936
708 866
708 1523
709 1172
709 1682
710 913
710 1133
710 1237
712 1097
712 1260
712 1889
713 1618
713 1751
714 1107
714 1193
714 1809
716 1042
716 1809
718 906
718 1150
718 1473
718 1890
719 891
719 1435
720 1179
720 1180
720 1399
720 1578
721 1057
721 1766
722 1479
723 1112
723 1323
724 1146
724 1658
725 1097
725 1140
726 1312
726 1715
727 1605
728 786
730 1172
730 1259
730 1634
730 1835
732 943
732 1246
732 1332
734 1274
734 1432
734 1484
734 1689
735 1377
736 968
736 1925
737 1367
739 1185
739 1520
739 1659
739 1888
740 1083
740 1509
742 1137
742 1507
742 1513
742 1696
743 1319
743 1340
743 1956
744 1693
745 1054
745 1200
745 1427
745 1674
745 1769
746 1494
746 1746
746 1805
747 874
748 1158
748 1622
748 1635
748 1827
749 1414
750 754
750 1073
750 1367
751 1019
752 1086
752 1722
753 1018
754 1501
755 1502
755 1635
757 1884
758 968
758 1369
758 1551
759 1320
759 1341
760 997
762 1469
763 923
763 1521
764 1037
765 855
765 1037
765 1917
766 1070
766 1795
768 900
768 1230
768 1451
768 1675
769 1012
769 1207
769 1379
769 1464
769 1867
770 964
770 1102
770 1447
771 1343
771 1698
771 1798
773 892
773 926
774 1913
775 1075
775 1792
776 877
776 965
776 1024
776 1224
776 1403
777 1221
777 1640
778 1165
778 1892
779 1796
779 1911
780 1265
781 892
781 966
781 978
781 1616
781 1742
781 1996
782 925
782 1658
782 1732
782 1764
783 913
784 1530
784 1589
785 1679
786 912
786 1364
786 1447
787 1804
787 1840
787 1997
788 950
788 1478
789 840
789 885
789 1976
790 807
790 1915
791 1567
792 961
792 1256
793 888
793 1028
793 1265
793 1733
794 1166
794 1266
795 1170
796 982
796 1494
797 907
797 1037
798 1586
798 1797
799 882
799 927
799 1373
799 1424
801 1194
801 1371
803 1835
804 1073
804 1574
804 1672
805 841
805 1403
805 1549
805 1662
806 1052
807 1359
807 1851
808 1750
808 1895
809 1136
809 1299
809 1802
809 1811
810 1154
811 987
811 1747
812 1131
812 1524
813 1565
813 1594
813 1747
814 998
814 1036
814 1354
815 820
815 1996
816 1124
816 1871
817 1457
818 1702
819 922
819 1186
819 1305
819 1848
820 1000
820 1471
820 1635
820 1675
821 1260
821 1828
822 982
822 1249
823 1091
824 1192
825 1980
826 1588
828 952
828 1302
828 1998
829 1055
830 1410
832 1134
832 1584
833 1633
834 1426
834 1602
834 1887
835 947
836 1077
837 1391
837 1813
838 1112
838 1807
839 1049
839 1208
840 1039
840 1214
841 851
841 1469
841 1650
841 1813
842 1127
842 1764
843 1858
844 911
844 1044
844 1430
844 1442
845 1135
845 1746
846 1583
847 853
847 1671
847 1982
848 991
848 1134
848 1599
849 1508
849 1519
850 1103
850 1680
850 1880
851 953
851 1847
852 1027
852 1781
853 1046
853 1857
854 1592
855 1606
855 1772
855 1779
855 1792
857 1490
858 1077
858 1956
859 1110
859 1640
859 1840
860 1605
860 1641
860 1795
862 958
862 1619
863 865
863 1873
863 1891
864 1363
865 929
865 1625
865 1958
866 1597
867 1325
867 1549
867 1766
870 1844
872 1572
873 1161
873 1754
873 1862
873 1887
873 1945
874 1254
874 1324
874 1499
874 1517
875 1054
875 1258
875 1640
875 1781
875 1803
876 1862
877 1731
877 1986
878 1205
878 1514
879 947
879 1513
880 1096
880 1472
880 1862
880 1995
881 1291
881 1480
882 1525
882 1893
884 1267
885 1005
885 1021
885 1569
888 1268
888 1463
888 1767
888 1994
890 1387
890 1722
890 1825
892 1328
892 1616
892 1781
894 1303
894 1847
895 1443
895 1716
895 1934
897 964
897 1329
898 1391
898 1611
899 1064
900 1888
901 968
901 978
901 1018
901 1086
901 1645
902 1025
902 1085
903 1186
904 1167
904 1263
905 1467
906 1137
906 1355
907 1886
908 1029
908 1859
908 1943
909 1953
910 1191
910 1533
911 1410
912 1057
912 1270
912 1541
913 1278
914 1353
915 1033
915 1035
915 1783
916 1793
916 1886
919 1922
920 1608
920 1671
920 1877
923 1187
924 1192
924 1705
925 1303
926 1013
926 1443
926 1582
928 1180
930 1383
933 1245
933 1927
934 1797
937 1405
938 1096
938 1454
938 1864
938 1893
939 956
939 1798
940 1578
941 1286
942 1509
942 1541
942 1827
943 1755
944 1408
944 1879
945 1015
945 1031
945 1704
946 1159
946 1414
947 1509
948 1047
948 1292
949 1176
949 1554
950 1111
951 1317
952 1492
952 1638
952 1790
953 959
953 1475
953 1539
953 1555
954 1380
955 1153
956 1199
956 1880
957 1857
959 1509
959 1588
960 1669
961 972
961 1233
961 1540
962 1321
963 1016
963 1211
964 1084
964 1782
964 1847
965 1122
965 1204
965 1843
965 1931
966 1130
967 1058
967 1256
968 1245
968 1302
968 1773
970 1257
970 1401
970 1478
970 1912
972 1777
972 1825
973 1321
974 1333
974 1515
974 1978
975 1455
975 1573
976 1360
976 1516
977 1527
977 1726
979 1075
979 1806
981 1344
982 1387
983 1095
983 1320
983 1350
984 1083
984 1245
985 1447
985 1729
985 1786
985 1846
986 1150
986 1203
986 1268
986 1320
986 1347
986 1728
987 1972
988 1220
988 1343
989 1953
990 1210
990 1957
991 1565
991 1736
992 1529
993 1850
997 1343
997 1468
998 1333
998 1447
999 1507
1001 1828
1002 1389
1002 1946
1003 1579
1004 1925
1005 1279
1006 1048
1006 1713
1006 1721
1007 1327
1009 1100
1010 1156
1010 1393
1011 1794
1012 1971
1013 1759
1013 1826
1015 1545
1016 1534
1018 1040
1018 1312
1019 1131
1019 1215
1019 1231
1020 1709
1022 1928
1024 1066
1024 1083
1026 1211
1026 1959
1028 1071
1028 1283
1028 1303
1028 1584
1029 1056
1030 1569
1030 1905
1031 1818
1032 1153
1032 1194
1032 1242
1032 1801
1032 1867
1033 1669
1034 1811
1035 1232
1036 1344
1036 1756
1036 1832
1036 1978
1037 1647
1037 1718
1039 1292
1039 1484
1040 1202
1040 1509
1040 1977
1041 1240
1041 1241
1041 1563
1041 1850
1042 1071
1043 1662
1047 1360
1047 1737
1051 1576
1051 1626
1051 1993
1052 1101
1054 1498
1055 1708
1056 1161
1057 1442
1057 1934
1057 1941
1058 1298
1058 1686
1058 1822
1060 1154
1060 1445
1061 1262
1061 1601
1061 1847
1062 1200
1062 1344
1063 1280
1063 1620
1065 1842
1067 1652
1068 1375
1069 1405
1069 1799
1069 1883
1070 1258
1070 1578
1071 1316
1071 1375
1071 1657
1071 1702
1071 1907
1072 1663
1073 1420
1073 1751
1076 1345
1076 1565
1076 1570
1076 1698
1077 1239
1077 1309
1079 1441
1079 1983
1080 1880
1081 1317
1082 1228
1082 1262
1083 1371
1083 1525
1083 1551
1083 1794
1083 1841
1083 1965
1084 1271
1085 1301
1085 1795
1086 1831
1088 1202
1089 1311
1089 1628
1090 1632
1090 1648
1090 1720
1093 1848
1094 1751
1094 1781
1095 1523
1097 1610
1097 1642
1098 1902
1099 1365
1099 1404
1101 1483
1102 1501
1102 1909
1103 1204
1103 1545
1104 1132
1104 1479
1105 1189
1106 1588
1106 1940
1107 1499
1108 1116
1108 1908
1109 1185
1109 1974
1112 1528
1112 1950
1113 1408
1113 1562
1114 1499
1114 1866
1115 1603
1116 1131
1116 1527
1116 1983
1117 1422
1117 1483
1117 1855
1119 1510
1119 1532
1120 1809
1120 1836
1122 1486
1122 1535
1122 1615
1123 1802
1124 1483
1124 1689
1125 1768
1125 1786
1126 1824
1126 1988
1128 1745
1129 1440
1129 1922
1130 1665
1131 1948
1132 1535
1132 1738
1134 1381
1134 1511
1134 1843
1135 1263
1136 1372
1136 1721
1137 1224
1138 1452
1138 1572
1138 1899
1141 1745
1143 1303
1143 1335
1144 1443
1145 1486
1146 1230
1146 1582
1146 1809
1146 1816
1146 1891
1146 1937
1147 1252
1147 1784
1148 1960
1149 1674
1150 1323
1150 1505
1150 1714
1150 1899
1151 1645
1154 1306
1154 1882
1155 1389
1155 1462
1156 1461
1157 1827
1158 1200
1158 1221
1158 1584
1159 1208
1159 1426
1159 1537
1160 1911
1162 1616
1164 1221
1165 1491
1165 1880
1166 1738
1169 1757
1169 1917
1170 1467
1170 1555
1170 1936
1174 1443
1174 1772
1175 1789
1175 1942
1175 1991
1176 1379
1176 1816
1177 1226
1177 1263
1177 1335
1177 1389
1177 1679
1178 1253
1178 1298
1180 1183
1180 1279
1181 1321
1181 1566
1181 1734
1182 1580
1183 1520
1183 1894
1184 1816
1185 1376
1185 1974
1186 1411
1187 1852
1189 1683
1194 1360
1194 1855
1197 1201
1197 1808
1197 1817
1197 1941
1198 1401
1198 1498
1199 1517
1202 1664
1203 1565
1204 1927
1205 1696
1206 1931
1207 1941
1208 1209
1210 1931
1211 1557
1211 1699
1211 1828
1212 1979
1213 1891
1214 1674
1214 1786
1214 1948
1215 1939
1216 1617
1216 1842
1217 1472
1218 1626
1219 1367
1219 1528
1219 1563
1220 1448
1221 1894
1224 1665
1225 1502
1225 1927
1226 1347
1228 1287
1229 1491
1231 1811
1232 1747
1232 1921
1234 1269
1234 1349
1234 1563
1234 1967
1235 1644
1236 1624
1238 1810
1238 1958
1239 1242
1241 1336
1241 1346
1241 1601
1242 1349
1242 1609
1243 1674
1244 1546
1244 1578
1244 1614
1245 1660
1249 1702
1250 1612
1250 1847
1251 1869
1252 1380
1252 1746
1254 1890
1257 1354
1257 1378
1257 1476
1258 1596
1259 1399
1261 1870
1262 1557
1262 1560
1263 1662
1263 1692
1266 1735
1267 1745
1267 1962
1267 1969
1269 1769
1269 1871
1271 1711
1273 1314
1273 1429
1274 1893
1275 1652
1278 1385
1278 1581
1278 1860
1279 1577
1283 1980
1284 1476
1286 1605
1287 1463
1287 1981
1288 1842
1290 1997
1292 1368
1292 1743
1295 1793
1296 1615
1296 1917
1297 1584
1297 1767
1298 1515
1300 1997
1303 1907
1304 1656
1306 1840
1308 1345
1308 1726
1309 1436
1309 1671
1310 1346
1310 1552
1311 1620
1313 1442
1313 1501
1314 1400
1319 1523
1319 1975
1319 1999
1320 1454
1321 1604
1321 1651
1322 1538
1323 1417
1324 1403
1324 1601
1326 1723
1328 1548
1331 1529
1334 1343
1335 1493
1335 1976
1336 1901
1337 1387
1337 1802
1337 1821
1338 1659
1340 1476
1341 1898
1342 1611
1342 1693
1342 1722
1343 1532
1345 1983
1346 1637
1349 1692
1350 1375
1353 1713
1354 1435
1354 1979
1355 1501
1356 1804
1357 1536
1357 1674
1357 1741
1357 1831
1358 1737
1361 1578
1363 1671
1363 1927
1364 1599
1366 1485
1366 1645
1366 1988
1369 1933
1369 1950
1371 1765
1371 1856
1371 1906
1372 1939
1376 1387
1380 1586
1380 1608
1380 1664
1380 1772
1382 1625
1384 1785
1385 1871
1386 1771
1387 1647
1388 1451
1388 1530
1389 1686
1389 1811
1389 1998
1390 1733
1390 1786
1391 1582
1391 1864
1392 1703
1393 1684
1397 1755
1397 1950
1398 1704
1399 1877
1400 1626
1402 1824
1404 1509
1405 1677
1407 1437
1407 1690
1408 1701
1409 1858
1410 1474
1410 1588
1410 1805
1415 1658
1416 1610
1417 1766
1418 1480
1418 1697
1418 1774
1419 1708
1425 1433
1427 1845
1428 1599
1428 1814
1429 1501
1430 1433
1431 1527
1431 1671
1431 1903
1433 1781
1434 1697
1434 1763
1434 1957
1438 1451
1438 1472
1440 1481
1442 1604
1444 1674
1444 1918
1444 1978
1445 1563
1445 1910
1446 1947
1447 1557
1447 1864
1448 1517
1449 1529
1449 1626
1450 1544
1450 1678
1453 1509
1453 1608
1453 1785
1453 1831
1454 1477
1455 1482
1455 1815
1458 1717
1459 1490
1459 1497
1459 1541
1459 1857
1460 1566
1460 1735
1465 1598
1467 1538
1468 1471
1470 1491
1470 1899
1471 1545
1471 1872
1473 1496
1474 1839
1474 1936
1476 1626
1477 1672
1479 1619
1480 1940
1485 1640
1485 1645
1486 1705
1487 1877
1489 1816
1489 1930
1490 1554
1490 1672
1494 1985
1495 1860
1498 1696
1500 1742
1502 1776
1503 1901
1503 1913
1505 1520
1505 1695
1506 1887
1508 1895
1510 1633
1510 1663
1512 1932
1513 1801
1514 1525
1515 1525
1515 1674
1516 1742
1517 1588
1517 1671
1519 1668
1521 1919
1521 1963
1525 1660
1534 1892
1536 1743
1536 1789
1536 1808
1536 1861
1538 1689
1539 1778
1541 1721
1541 1847
1543 1737
1543 1851
1545 1583
1545 1775
1545 1820
1546 1649
1549 1768
1552 1794
1556 1902
1557 1791
1560 1561
1560 1715
1560 1852
1560 1920
1561 1682
1562 1671
1563 1961
1567 1637
1569 1962
1575 1576
1576 1579
1578 1588
1578 1921
1580 1592
1580 1704
1581 1831
1583 1760
1584 1748
1584 1902
1587 1670
1588 1975
1589 1652
1589 1688
1591 1738
1591 1757
1592 1999
1593 1695
1595 1746
1596 1694
1597 1883
1598 1670
1598 1782
1599 1967
1602 1913
1605 1931
1607 1663
1607 1682
1607 1985
1608 1689
1608 1957
1609 1866
1610 1688
1612 1707
1612 1847
1612 1878
1613 1979
1615 1842
1616 1812
1621 1730
1621 1897
1622 1852
1625 1950
1630 1709
1630 1814
1630 1999
1631 1862
1632 1921
1637 1857
1637 1953
1641 1753
1641 1786
1641 1905
1644 1879
1645 1652
1652 1741
1654 1946
1657 1863
1660 1698
1662 1801
1663 1946
1665 1887
1666 1802
1666 1926
1666 1965
1667 1798
1667 1858
1668 1915
1673 1943
1674 1856
1674 1899
1675 1729
1678 1825
1678 1977
1679 1946
1681 1740
1682 1693
1682 1745
1688 1691
1690 1789
1691 1936
1691 1996
1694 1764
1694 1942
1696 1757
1700 1731
1703 1919
1704 1853
1711 1883
1714 1872
1715 1899
1716 1806
1723 1748
1724 1991
1726 1742
1729 1851
1731 1786
1735 1883
1737 1872
1742 1965
1743 1924
1745 1884
1751 1902
1751 1969
1752 1789
1753 1803
1754 1805
1756 1973
1760 1884
1761 1765
1765 1939
1767 1867
1769 1822
1773 1829
1775 1891
1783 1848
1785 1909
1787 1863
1792 1911
1801 1932
1807 1975
1811 1874
1811 1907
1815 1937
1816 1983
1836 1857
1836 1903
1837 1843
1852 1891
1854 1975
1854 1984
1865 1990
1873 1945
1878 1948
1879 1979
1880 1980
1889 1968
1894 1914
1894 1954
1902 1943
1905 1942
1906 1936
1906 1943
1924 1950
1931 1993
1954 1971
1963 1969
