2000 3083
91
11
95
88
40
43
25
88
50
55
63
24
30
53
17
27
90
5
74
73
37
57
21
47
95
83
71
82
89
3
77
60
53
87
86
67
45
34
14
78
12
84
77
19
59
87
90
97
25
23
46
90
93
40
20
34
11
55
56
98
18
20
82
58
1
51
19
54
84
38
49
92
62
97
42
56
100
59
16
78
95
31
57
12
89
30
67
80
78
38
36
54
50
21
91
54
19
100
93
65
41
2
63
96
28
45
53
65
6
83
76
61
63
52
95
48
93
62
93
21
49
5
67
82
78
75
14
18
48
30
20
15
17
18
5
89
21
70
59
9
91
77
79
23
57
11
71
62
87
21
65
37
97
45
74
44
99
23
78
59
25
20
65
80
80
61
3
88
1
51
88
23
100
6
45
87
19
97
76
51
100
47
14
69
32
62
16
46
63
42
34
46
37
61
17
51
38
11
53
32
98
12
50
16
36
71
17
94
22
58
34
74
61
66
93
40
15
55
3
18
67
4
78
37
33
90
68
58
7
75
49
48
8
76
50
46
57
19
9
90
26
17
75
12
67
42
74
79
64
10
45
70
4
81
96
67
97
99
4
99
68
68
100
73
61
95
18
29
66
34
87
16
82
23
62
48
21
15
10
50
92
5
61
62
22
13
52
43
97
72
51
18
34
56
66
7
40
100
44
14
100
91
93
92
5
34
27
48
55
71
65
44
84
64
13
38
40
97
94
16
44
98
64
14
78
53
79
60
99
6
3
44
72
95
23
19
9
42
99
61
21
67
26
50
42
93
70
95
79
66
68
46
64
82
26
88
31
77
57
71
5
71
8
52
74
66
91
45
71
49
10
62
30
33
71
50
39
80
76
27
96
78
92
91
73
37
93
94
57
8
2
89
67
76
13
88
1
60
89
37
1
33
12
10
8
85
94
30
4
4
77
39
97
61
37
66
94
65
70
23
68
3
23
100
91
72
68
72
84
57
56
23
100
20
4
7
27
16
84
81
73
4
49
98
89
62
74
49
2
12
42
29
42
25
96
65
88
76
44
37
33
33
99
18
75
94
48
36
74
54
21
58
66
17
72
60
92
9
39
69
81
90
62
16
71
14
97
54
29
46
57
86
75
70
46
98
68
80
91
42
9
17
83
76
11
5
2
21
8
37
46
95
55
51
70
47
43
14
97
71
77
48
63
94
73
33
28
90
48
31
38
75
96
15
97
88
68
42
77
44
49
83
79
1
84
4
36
14
7
75
99
61
81
97
92
96
3
73
62
94
51
89
59
20
22
11
97
94
16
79
21
77
62
31
16
11
70
51
26
52
12
65
79
70
68
25
15
62
64
43
44
4
16
54
86
27
26
48
32
68
76
68
60
71
94
62
66
85
88
30
84
58
52
16
31
18
39
10
23
3
68
28
59
15
83
72
11
11
61
97
3
65
83
90
73
99
24
10
64
2
78
37
27
23
60
33
21
12
87
98
17
92
56
64
39
50
56
68
65
37
49
75
88
4
85
19
7
37
24
18
27
94
24
77
98
20
28
86
95
55
40
29
97
62
14
44
82
79
87
52
27
100
91
31
18
27
23
50
26
38
66
64
44
34
26
53
76
44
91
22
18
76
33
84
89
93
43
18
81
96
1
16
60
9
11
5
56
48
57
55
65
69
10
4
87
41
13
31
50
21
2
85
62
24
63
22
2
83
94
89
56
3
1
4
90
36
81
28
55
24
27
59
81
1
59
35
57
35
39
17
26
99
58
7
85
59
20
18
17
58
48
11
70
86
98
45
69
37
3
25
61
54
63
84
1
1
39
64
9
5
48
61
91
13
66
83
96
49
42
18
61
59
56
65
21
57
47
30
93
66
26
22
1
60
30
47
56
60
42
92
54
25
44
78
7
98
37
5
32
56
89
71
9
84
79
44
98
58
66
53
88
71
38
60
19
97
58
13
9
39
33
99
20
32
100
50
84
73
28
100
89
86
29
72
11
42
3
46
78
21
45
93
63
93
59
90
54
24
26
75
14
54
1
65
89
19
69
84
51
44
31
31
7
90
11
76
97
51
98
59
62
1
85
100
6
23
6
91
100
6
7
20
68
96
60
62
45
2
34
85
28
4
80
89
57
7
9
89
19
85
17
76
64
52
78
45
7
47
15
37
23
88
3
74
88
72
60
12
10
35
69
63
51
25
12
93
22
40
38
29
80
8
91
21
2
76
25
51
36
24
48
30
90
20
2
59
55
36
89
9
99
26
87
39
53
67
38
56
9
68
69
24
47
63
60
89
15
40
56
29
65
50
22
96
15
32
65
98
35
39
86
39
42
75
44
8
95
34
100
32
56
8
45
31
81
61
100
80
59
70
74
12
34
88
25
81
13
79
39
59
16
36
100
91
17
75
63
18
86
70
13
91
22
50
22
13
84
2
1
36
98
50
59
30
58
71
89
58
22
69
20
1
33
8
71
38
36
75
55
73
7
53
72
26
46
4
58
13
65
2
5
23
17
73
81
88
12
55
96
96
30
82
46
8
99
8
70
5
30
83
73
28
43
5
79
93
74
82
17
64
94
19
62
6
29
29
81
35
7
83
52
5
9
20
19
46
12
68
99
36
23
21
86
50
43
33
25
69
63
1
34
56
55
53
5
75
22
60
33
93
8
50
19
10
80
82
26
87
75
78
91
41
54
2
30
40
85
68
79
50
16
64
98
82
62
94
53
13
37
53
83
52
19
38
23
91
52
60
37
34
33
80
77
86
21
73
40
97
62
22
83
76
18
29
25
38
91
91
8
60
75
95
35
79
62
67
33
51
98
31
59
6
67
53
72
73
23
79
86
63
25
62
33
29
11
65
85
34
63
71
59
61
15
17
85
5
89
30
16
89
51
38
19
82
69
36
6
33
64
2
23
39
72
89
92
34
93
52
53
91
59
51
36
7
66
14
32
74
12
49
70
81
83
62
68
35
50
1
28
81
58
61
61
51
68
6
82
14
2
64
78
11
44
31
54
31
35
76
13
73
79
41
4
96
64
58
16
1
54
27
42
23
3
9
15
69
95
100
18
93
59
45
37
96
70
80
47
69
24
17
33
29
19
9
37
22
17
42
91
39
20
54
14
23
79
19
30
13
21
93
28
59
46
28
84
57
41
48
81
15
18
1
76
63
48
85
23
39
100
100
45
62
58
79
15
14
69
88
100
48
88
81
29
57
71
82
78
25
83
70
17
66
7
52
95
68
70
19
48
100
33
19
78
36
44
41
44
60
56
78
42
97
60
49
98
52
37
14
44
91
90
53
77
99
56
7
13
33
32
29
84
82
88
61
78
74
84
53
82
67
62
38
59
62
24
89
4
43
24
45
82
49
25
69
53
11
77
74
46
1
23
4
80
97
2
76
89
88
28
74
13
38
90
46
17
22
74
44
61
77
84
57
69
60
14
79
92
34
14
98
70
21
67
88
13
33
40
11
1
45
96
4
84
42
98
90
98
52
1
79
52
37
65
36
7
43
61
59
48
22
66
41
23
19
65
35
64
53
77
49
68
58
43
74
86
100
96
99
84
85
37
82
66
14
8
27
20
22
97
16
64
72
56
64
71
100
14
8
8
56
14
77
48
19
26
15
22
56
41
77
98
24
27
29
13
17
42
81
64
23
74
89
88
38
74
70
18
98
44
11
50
21
18
90
61
47
54
41
44
5
51
2
63
5
35
74
66
31
62
79
63
98
57
96
71
54
83
35
2
19
93
42
95
94
24
45
79
5
3
15
17
64
77
49
33
30
63
74
45
61
43
51
55
36
82
96
21
14
49
3
1
6
10
16
42
91
58
83
66
7
67
77
55
65
95
100
55
87
35
62
82
83
85
89
19
92
83
42
32
42
31
43
13
85
64
52
76
84
17
26
73
1
91
26
96
29
35
88
14
20
78
4
59
18
23
3
17
35
88
56
100
17
7
14
47
60
35
90
93
83
48
88
51
72
78
34
33
65
67
57
48
6
89
86
96
64
47
19
65
56
21
58
31
60
79
24
31
82
63
46
23
76
18
43
57
81
69
11
64
50
45
52
59
70
93
86
46
20
39
94
46
47
73
62
55
39
98
62
79
24
23
75
23
9
99
32
15
18
17
3
80
1
3
52
54
68
96
48
59
61
98
53
70
64
52
40
45
41
66
83
55
60
4
21
55
61
97
22
42
28
68
59
82
2
93
75
26
46
56
24
21
87
35
92
96
61
80
1
89
28
40
4
62
69
90
81
35
38
56
72
69
9
12
53
65
84
79
15
40
55
91
85
37
76
40
41
32
59
89
60
27
18
58
90
42
25
19
96
87
64
59
14
99
42
98
83
3
1
97
39
52
5
49
54
47
58
79
18
94
79
46
50
91
43
66
19
72
20
67
82
47
53
88
17
79
34
93
13
54
15
59
76
40
81
45
77
56
38
44
55
22
55
60
18
2
94
81
55
12
58
85
89
21
91
56
49
71
5
71
28
3
97
84
17
52
82
100
77
18
91
81
23
89
39
36
68
32
40
79
33
0 908
0 1624
0 1730
1 637
2 1001
2 1712
3 99
3 426
3 1356
4 392
4 1482
4 1537
5 616
5 752
5 858
6 1153
7 104
7 484
7 1653
7 1892
8 194
8 611
9 130
9 1828
10 413
11 368
11 949
11 959
11 1114
11 1180
11 1934
12 175
12 199
12 279
12 1189
12 1490
13 311
13 744
13 1513
14 265
14 851
14 1013
15 544
15 1379
15 1734
16 295
16 416
16 1993
17 245
18 656
19 131
19 184
19 204
19 888
20 225
20 250
20 1128
20 1515
21 470
21 522
22 494
22 1106
23 944
23 1413
24 701
24 981
25 1169
25 1899
25 1992
26 615
26 1355
26 1422
26 1544
28 377
28 386
28 570
28 1219
28 1488
28 1527
29 880
29 1143
30 155
30 1071
30 1286
31 293
31 377
31 1108
31 1586
31 1922
32 145
32 792
32 1032
32 1072
33 753
33 1256
34 674
34 681
34 1083
34 1313
34 1504
35 922
35 1155
35 1643
36 175
36 635
37 1307
37 1413
37 1495
38 794
38 1426
39 1527
39 1561
40 132
40 914
40 1234
40 1251
40 1281
40 1950
41 297
41 329
41 517
41 553
41 1138
41 1590
42 919
43 349
43 403
43 434
43 1925
44 1478
44 1556
44 1857
45 1811
46 238
46 1885
48 996
48 998
48 1232
48 1480
49 819
50 54
50 371
50 832
50 1287
50 1383
50 1572
50 1661
51 879
51 1125
51 1604
52 973
52 1721
54 1290
55 258
55 383
56 1758
56 1973
57 623
57 1895
58 242
58 891
58 1327
58 1966
59 226
59 1533
60 333
60 627
61 1152
61 1813
62 742
62 979
63 217
63 385
63 1141
63 1288
64 181
64 259
64 1568
64 1576
65 300
65 1607
66 340
66 460
66 768
66 984
67 902
67 1100
67 1893
68 1148
68 1298
70 762
70 1248
70 1661
71 384
71 1424
71 1895
72 1780
73 739
74 320
74 542
74 818
74 1718
75 233
75 532
75 1394
75 1932
77 1637
77 1656
77 1847
78 127
78 513
79 543
79 1015
80 677
80 1291
80 1638
80 1680
80 1687
80 1992
81 170
81 333
81 528
81 598
81 1934
81 1987
82 138
82 1229
82 1800
83 999
83 1594
83 1937
84 768
84 963
85 559
85 710
85 1405
86 308
86 800
86 943
86 1869
87 585
87 978
87 1389
87 1825
88 184
88 247
88 1596
88 1680
89 313
89 1194
89 1230
89 1889
90 854
90 1371
90 1497
90 1980
91 465
91 492
91 762
91 1185
92 266
92 630
92 1249
92 1473
93 656
93 670
93 818
93 918
93 1590
94 328
94 399
94 858
94 1084
94 1358
95 148
95 1069
96 307
96 1713
97 1706
98 1491
99 1489
99 1530
100 307
100 1142
100 1936
101 665
101 1064
101 1159
101 1985
102 1229
102 1457
103 220
103 1061
103 1680
104 1177
104 1496
104 1895
105 160
105 355
105 549
105 790
105 1823
106 503
106 851
106 1042
106 1323
106 1515
106 1811
107 1389
107 1761
108 433
108 1331
108 1373
109 177
109 206
109 815
109 955
109 1073
109 1783
110 1923
110 1996
111 351
111 1063
111 1425
112 479
113 158
113 372
113 656
113 1790
113 1815
113 1887
114 1353
116 415
116 1829
117 344
117 1837
117 1956
118 471
118 1071
118 1163
119 810
119 1011
120 136
120 772
120 1892
121 568
121 749
122 780
123 771
124 374
124 430
124 813
124 1002
124 1612
125 434
125 483
125 530
125 1836
126 1568
128 965
128 1469
128 1718
128 1858
129 553
129 1538
129 1610
130 831
131 1562
132 783
132 836
132 1446
132 1494
133 318
133 368
133 546
133 798
133 1583
134 947
134 1090
134 1188
135 353
135 424
135 1579
137 250
137 556
137 962
137 1257
137 1342
137 1518
137 1950
137 1968
138 1016
139 1094
140 1421
141 177
141 1102
142 326
142 749
142 1126
143 311
143 1576
143 1633
144 1147
145 562
145 962
145 1852
146 291
146 747
147 520
147 1118
147 1379
147 1771
148 1074
148 1310
148 1923
149 321
149 1628
150 349
150 638
150 1541
151 1680
152 216
152 842
152 851
152 1654
153 801
153 976
153 1959
155 371
155 486
155 507
155 526
155 1177
155 1412
155 1486
156 957
156 1265
156 1269
157 467
157 943
157 1354
157 1841
158 1546
159 489
159 937
159 1056
159 1600
160 815
160 845
160 1442
160 1776
161 1703
162 1759
163 629
164 470
164 539
164 890
164 1702
164 1722
164 1788
165 849
165 1715
166 634
166 953
166 1816
167 453
167 500
167 1382
167 1461
168 1501
169 357
169 371
169 1021
169 1919
170 1312
170 1917
170 1985
171 1547
171 1667
171 1800
171 1815
171 1894
171 1938
172 287
172 347
172 533
172 742
173 851
173 1139
173 1184
173 1759
173 1766
173 1818
173 1825
174 736
174 1436
175 917
175 1319
176 862
177 1753
178 442
178 820
178 1213
178 1846
179 342
179 690
179 808
179 927
179 1459
179 1542
179 1644
179 1666
180 719
180 1147
181 487
181 620
181 1402
181 1796
182 870
182 1204
182 1225
184 748
185 990
186 1365
187 498
187 727
187 810
187 981
188 387
188 616
188 1154
188 1852
189 721
189 1479
190 488
190 705
190 715
190 1180
190 1535
190 1755
191 1140
191 1191
191 1411
191 1654
192 394
192 840
192 880
192 940
192 1040
192 1543
192 1548
193 756
193 1196
194 1243
194 1655
195 529
195 1157
195 1803
196 953
197 1401
197 1556
198 468
198 1796
200 475
200 665
200 1831
201 396
201 945
201 1676
201 1855
202 1377
202 1449
202 1673
202 1813
203 814
203 854
204 313
204 757
204 1318
204 1500
204 1519
204 1738
205 213
205 722
205 1460
205 1865
206 213
206 297
206 1535
207 759
207 1580
208 673
208 1115
208 1383
208 1599
209 1296
209 1997
210 254
210 715
210 1406
210 1457
210 1886
211 403
211 1172
211 1306
211 1628
211 1631
211 1850
212 241
212 1239
213 1129
213 1480
214 465
214 1537
214 1590
214 1765
215 703
215 790
215 853
215 1229
216 529
216 1106
216 1575
218 259
218 1081
219 718
219 1571
220 335
220 665
220 708
220 1253
221 516
221 1004
221 1118
222 686
222 829
222 910
222 1042
222 1368
222 1685
224 1540
224 1733
225 554
225 1583
225 1835
226 393
226 1696
227 1292
227 1621
227 1791
228 299
229 526
229 917
229 963
229 1354
229 1479
229 1817
230 278
230 389
230 626
230 744
230 1491
230 1580
231 339
231 580
231 1052
231 1144
231 1427
231 1542
231 1726
231 1929
232 1892
233 448
233 627
234 488
234 629
234 738
234 1239
234 1538
235 254
235 1100
236 646
236 862
237 921
239 747
239 1218
240 543
241 1629
241 1758
242 418
242 1318
242 1929
243 474
243 990
243 1096
243 1153
243 1531
244 433
244 797
244 1187
245 336
245 902
245 950
245 1379
245 1788
246 1470
247 428
247 807
247 859
247 975
248 1661
248 1827
248 1940
249 1328
249 1968
250 262
250 607
250 1885
251 778
251 825
251 1031
251 1240
251 1335
251 1438
252 1461
253 732
253 866
253 1001
254 1248
255 663
255 1083
255 1481
256 846
256 1001
256 1501
257 1093
257 1738
258 1097
258 1196
258 1548
259 348
259 1440
260 302
260 357
260 406
260 848
260 894
261 1091
261 1114
261 1196
261 1592
262 1006
262 1323
263 474
263 973
263 1229
263 1346
263 1348
263 1864
264 655
264 1488
264 1676
265 661
265 1482
266 693
266 1533
267 715
267 1210
267 1586
268 632
268 874
268 1469
269 1544
270 687
270 697
270 1337
270 1498
271 525
271 1063
271 1663
272 483
272 498
272 850
272 1405
272 1932
273 1213
273 1608
274 528
274 966
275 1079
275 1197
276 1327
276 1329
277 820
277 1884
278 729
278 1086
280 804
280 981
280 1142
281 1954
282 388
282 510
282 933
283 1045
283 1649
284 951
284 1934
285 1311
286 931
286 995
287 812
287 863
287 1432
288 689
288 934
288 947
288 1112
288 1301
289 567
289 856
289 1081
289 1377
289 1460
289 1681
290 376
290 1030
290 1687
290 1810
290 1981
290 1992
291 570
292 316
292 384
292 717
292 797
293 1932
294 817
295 360
295 561
296 421
296 1083
296 1422
296 1552
297 1657
298 1346
299 569
299 573
301 1001
302 1011
302 1346
303 1079
303 1578
303 1718
304 459
304 774
304 864
304 1050
304 1059
305 776
305 1949
306 508
306 1135
307 315
307 1461
307 1814
308 566
308 1148
308 1375
309 1405
310 1230
311 447
311 627
311 860
311 1201
311 1216
312 1558
313 388
314 1424
314 1436
315 387
315 568
315 844
315 1462
315 1589
316 425
316 1068
317 1434
317 1597
318 436
318 1607
318 1924
319 1482
320 1462
320 1482
321 657
321 951
322 431
322 452
322 851
322 1158
323 400
323 790
323 927
323 1231
323 1795
324 1471
325 1155
326 398
326 410
326 698
326 810
328 1079
328 1646
328 1647
328 1810
329 508
329 1256
329 1831
330 766
330 1355
331 567
331 1430
332 1038
332 1094
332 1948
333 346
333 514
334 430
334 831
335 501
335 728
335 1379
335 1571
335 1973
336 940
338 1632
338 1725
339 429
339 1607
340 940
341 417
341 873
341 1143
341 1493
341 1870
342 950
342 990
342 1106
342 1779
344 493
344 808
344 825
344 1812
345 1682
346 460
346 1152
347 1706
348 1029
348 1320
348 1702
348 1703
349 1146
349 1355
350 1148
351 421
351 458
351 511
351 745
351 869
352 1125
352 1376
352 1866
353 1673
354 417
354 1350
354 1999
355 416
355 781
355 1042
355 1469
356 1345
357 806
357 1015
359 691
359 748
359 1786
360 1074
360 1379
361 490
361 595
361 796
361 813
361 1160
361 1411
361 1462
361 1562
361 1900
362 1252
362 1514
363 644
363 823
363 1732
364 530
364 1736
365 538
365 654
365 1945
366 514
366 891
367 1376
367 1627
367 1853
368 1128
368 1597
368 1959
369 1091
369 1470
369 1699
369 1778
369 1829
369 1926
370 745
370 1357
370 1836
371 878
371 1088
371 1471
371 1612
371 1871
372 1542
372 1865
373 529
373 1917
374 1934
375 416
375 477
375 615
375 985
375 1140
376 1693
377 403
377 1869
377 1984
378 1314
378 1586
379 691
379 1596
379 1735
379 1736
379 1897
380 502
381 569
381 1151
381 1311
381 1473
382 948
382 1588
383 912
383 1408
384 1302
385 582
385 772
385 790
385 1068
385 1703
387 1953
388 990
388 1026
389 682
389 1217
389 1921
390 818
390 1616
391 521
391 616
391 772
391 1357
391 1995
392 1558
392 1630
393 532
393 1145
394 627
394 1060
394 1063
395 1029
395 1920
396 420
396 871
396 1387
397 737
397 1108
397 1679
397 1716
397 1760
398 504
398 670
398 1915
399 540
399 639
399 1749
399 1857
400 1041
401 694
401 1538
402 517
402 1058
402 1902
403 744
404 552
404 1358
404 1399
404 1925
405 465
405 1038
405 1486
406 1291
407 1071
407 1209
407 1781
408 571
408 938
408 986
408 1010
408 1384
408 1614
409 1182
410 1050
410 1161
410 1600
411 1771
411 1913
412 1835
413 442
413 530
413 722
413 1630
414 967
414 1039
416 1087
416 1595
416 1768
417 1335
418 1824
419 1813
420 893
421 985
421 1497
422 760
422 1913
423 541
423 1305
423 1314
424 775
424 1673
424 1764
425 841
425 1363
425 1426
425 1811
426 1348
426 1799
428 1280
428 1401
429 1399
429 1473
429 1614
429 1838
430 986
430 1101
431 587
431 905
431 1130
431 1262
431 1275
431 1729
432 461
432 1897
433 552
434 727
434 772
434 1817
435 655
435 1321
435 1748
436 901
436 904
436 1051
436 1192
436 1279
436 1881
437 896
437 1371
437 1443
437 1847
438 858
438 1163
438 1359
438 1923
440 791
440 1881
441 565
441 1046
442 1996
443 638
443 1096
443 1327
443 1462
443 1667
444 1271
445 465
445 769
445 867
445 1275
445 1606
445 1921
446 502
446 918
446 1044
446 1816
447 1556
448 1691
448 1707
449 985
449 1469
450 984
451 549
451 879
451 1015
451 1886
452 1277
454 1032
454 1854
454 1858
455 951
455 1320
456 521
456 575
456 980
457 1636
457 1667
458 636
458 971
459 673
459 1086
459 1139
460 639
460 913
461 749
461 1078
461 1900
462 1792
463 986
463 1585
463 1767
463 1968
464 1044
464 1227
465 543
465 1982
466 668
466 1160
467 823
467 1497
467 1594
468 699
469 849
469 962
469 1279
470 903
470 1012
470 1437
471 1543
471 1723
472 734
472 1613
473 1407
474 647
474 1051
474 1109
475 757
475 1656
476 1100
476 1607
477 805
477 880
477 1128
477 1352
477 1503
477 1768
478 1042
478 1359
479 509
479 619
479 675
480 578
480 822
480 1651
480 1924
481 593
481 932
481 1603
481 1742
482 719
482 914
482 1496
483 508
483 587
483 1704
484 849
484 1147
485 1063
485 1644
486 530
486 1077
487 683
487 1541
488 1668
489 1736
490 821
490 1118
490 1164
490 1330
491 598
491 626
491 1012
491 1589
491 1710
492 1055
492 1968
493 1233
493 1842
495 765
495 1541
495 1815
496 573
496 1103
497 944
498 883
498 1570
502 671
502 892
502 1117
504 1639
504 1869
505 1225
505 1394
505 1824
506 525
506 680
506 928
506 1040
507 1077
507 1140
507 1871
508 641
508 849
508 1082
508 1095
508 1961
509 536
509 852
509 1147
509 1409
509 1564
509 1643
510 545
510 661
510 1933
511 881
512 744
512 789
512 1269
512 1306
512 1342
512 1373
512 1736
513 733
513 1100
513 1209
513 1277
513 1599
514 535
514 797
514 1949
515 564
515 1627
516 754
517 625
517 1821
517 1833
518 883
518 1268
519 544
519 891
519 918
520 1046
520 1146
521 953
521 1318
521 1659
521 1885
522 1668
522 1914
522 1921
522 1953
523 670
523 1995
524 555
524 605
524 968
524 1440
524 1751
524 1757
525 776
525 866
525 1701
526 1742
527 1283
528 736
528 1010
529 829
529 1187
529 1634
529 1967
530 959
530 1246
530 1448
530 1863
530 1900
531 979
531 1315
531 1331
532 790
532 1528
532 1544
533 1283
534 818
534 1307
534 1338
535 588
535 616
535 702
535 1032
536 1632
537 1076
537 1124
537 1127
538 1755
538 1968
539 666
539 698
539 1591
540 1117
541 1264
541 1727
542 1033
543 1219
543 1816
544 838
544 1285
545 1763
546 1731
546 1868
547 841
547 1092
547 1346
547 1928
548 802
548 966
548 1466
548 1565
548 1682
550 760
550 1294
551 581
551 678
553 1976
554 1329
554 1773
556 1301
556 1762
557 1454
557 1543
557 1577
558 781
558 1234
559 883
559 1617
560 1245
560 1319
560 1427
560 1751
560 1760
561 1318
561 1650
562 568
562 796
563 849
563 1085
564 607
564 852
564 1011
564 1184
565 1222
565 1852
565 1915
567 865
568 731
568 1601
568 1834
569 1290
569 1392
569 1452
570 755
570 1529
571 976
571 1695
571 1915
572 1373
573 650
573 855
573 1313
573 1383
574 1596
574 1715
576 622
578 1283
578 1579
578 1751
579 956
579 1325
579 1686
581 1360
582 798
582 935
582 1778
583 1143
583 1190
583 1434
584 1531
584 1892
585 770
585 1242
585 1520
585 1801
587 1603
587 1954
588 1219
588 1290
588 1393
589 1824
589 1932
590 686
590 1479
591 1584
592 1690
592 1702
592 1886
593 1173
594 932
595 1225
595 1627
596 638
596 1223
596 1794
597 1057
597 1990
598 1216
599 1089
599 1535
600 704
600 916
600 1475
600 1652
601 1453
601 1570
602 867
602 1375
603 704
603 1727
604 724
604 1075
604 1384
607 1015
607 1846
608 994
608 1319
608 1408
609 1079
609 1436
609 1501
610 919
610 1034
611 920
611 1228
612 1060
613 960
613 1070
613 1127
613 1341
614 1615
615 717
615 1025
616 1020
616 1228
616 1821
617 865
617 923
617 1379
618 1063
618 1252
618 1877
619 951
619 1190
619 1262
619 1419
619 1544
620 829
620 912
620 1357
620 1623
620 1710
620 1839
621 1116
621 1472
621 1516
621 1776
622 1924
623 837
623 1015
623 1091
623 1705
623 1858
624 1189
626 1348
626 1507
627 894
628 761
628 867
628 891
628 1164
629 950
629 1091
629 1435
629 1560
629 1763
631 778
631 1972
632 815
632 1183
632 1644
633 1503
633 1769
634 746
634 789
635 1332
635 1679
635 1846
636 1682
636 1902
637 1115
637 1218
637 1933
638 1421
638 1789
639 736
639 1334
639 1577
640 1167
640 1217
642 1394
643 762
643 1676
644 883
644 914
644 1836
645 1007
645 1091
645 1480
647 1140
647 1321
648 1049
648 1704
649 1696
650 912
650 1158
650 1254
650 1708
651 1333
651 1887
651 1968
652 1612
652 1981
653 849
653 1415
653 1861
654 1688
655 1050
655 1669
655 1897
656 799
657 1125
657 1488
659 1516
660 1838
661 871
661 1492
661 1747
661 1758
662 1535
662 1805
662 1883
663 763
663 1293
665 898
665 1675
665 1790
667 1778
667 1886
668 1437
669 1634
669 1936
672 1222
673 1389
674 1038
676 927
676 1725
677 743
677 1245
677 1369
677 1826
678 729
678 1197
679 755
679 1502
679 1726
679 1902
679 1911
680 1279
680 1743
681 854
681 1254
682 1208
682 1720
682 1957
683 1047
683 1844
684 1500
684 1956
685 1445
685 1545
685 1585
686 1050
686 1182
686 1796
686 1823
687 1004
687 1953
688 691
688 862
689 1305
690 1341
690 1366
691 702
691 1016
691 1090
692 909
692 982
692 997
692 1485
693 1673
693 1708
693 1901
694 1363
694 1404
695 781
695 1783
696 1691
697 733
697 824
697 901
698 1495
699 1176
699 1347
700 913
700 1188
701 1110
701 1426
701 1969
702 998
702 1312
703 809
704 1381
704 1685
706 871
706 928
706 962
706 1304
706 1740
706 1856
707 1383
708 886
708 1688
710 821
710 1319
710 1408
710 1423
710 1548
710 1629
710 1914
711 810
711 1039
713 1378
716 1213
716 1448
716 1977
717 1030
719 1368
720 836
720 1601
720 1790
720 1834
721 1651
722 1766
723 756
723 1111
723 1334
723 1776
724 1051
724 1456
725 1949
726 876
726 972
726 1174
727 1047
727 1215
728 1495
728 1531
728 1786
728 1951
729 866
729 990
729 1409
730 1394
730 1697
731 1110
731 1380
731 1609
731 1720
732 845
732 1358
732 1717
733 1002
733 1163
733 1729
734 859
734 1575
734 1580
735 1121
735 1331
736 985
737 1117
737 1462
738 1011
738 1387
738 1925
738 1968
739 1066
739 1096
739 1162
739 1170
739 1842
741 835
743 1077
745 1204
746 1438
746 1799
747 776
747 1163
747 1208
748 1507
748 1620
748 1629
749 753
749 1106
749 1322
750 1212
750 1984
751 955
751 1693
752 1179
752 1740
753 982
753 1440
754 1877
755 1677
755 1924
756 1547
757 788
758 960
758 1176
758 1501
758 1927
759 1257
760 1192
761 879
761 1290
761 1649
761 1788
762 1439
762 1665
763 984
763 1086
763 1226
765 1234
765 1275
765 1454
766 767
766 787
766 1891
766 1951
767 1057
767 1606
767 1817
768 854
769 1055
769 1145
771 1119
772 894
772 1146
772 1461
773 881
773 1372
773 1613
774 1025
774 1561
774 1857
777 1449
779 1010
779 1023
779 1171
779 1460
779 1597
779 1624
780 965
780 1195
782 1889
783 1225
783 1951
785 1164
785 1385
786 1078
786 1079
786 1463
786 1766
787 850
787 910
788 1604
789 1132
789 1962
790 854
790 912
790 957
790 1592
792 1331
792 1392
792 1546
793 983
794 995
794 1003
794 1936
795 1199
795 1740
796 1549
796 1692
796 1876
796 1945
796 1974
797 869
797 1033
800 972
800 1236
802 1114
802 1674
802 1855
803 1459
803 1854
804 950
804 1252
804 1517
805 1147
805 1443
805 1464
806 1609
807 1318
807 1740
808 878
808 1309
809 1679
810 926
810 1441
810 1592
811 1052
811 1467
812 1087
813 1843
814 965
814 1412
814 1675
814 1910
815 1392
815 1562
815 1640
816 829
818 1067
818 1195
818 1958
818 1988
819 1260
820 1459
820 1578
820 1992
822 1352
823 1172
823 1290
823 1319
823 1350
824 1027
824 1874
826 1002
826 1160
826 1608
827 1335
828 1042
828 1199
828 1699
829 1266
830 1160
830 1216
831 1000
831 1046
832 1166
832 1381
833 951
833 1821
833 1974
834 1014
834 1433
834 1918
835 1722
835 1756
836 933
836 1711
837 987
837 1690
838 1013
838 1414
838 1508
839 883
839 923
839 1206
840 1815
842 1808
843 1070
843 1410
843 1556
843 1950
844 1274
845 1188
846 1451
847 1150
847 1441
847 1645
847 1864
848 1017
848 1325
848 1858
849 1350
851 1035
851 1547
851 1958
851 1959
852 1224
852 1847
853 1505
854 1281
854 1343
856 1426
856 1955
857 946
857 1092
857 1439
857 1786
858 1013
858 1467
859 898
860 1540
860 1635
861 993
861 1107
862 1176
863 905
863 1205
863 1316
863 1755
864 933
864 1299
865 1480
866 1377
866 1983
867 1566
867 1758
868 1505
870 1640
871 1345
871 1897
872 1137
872 1317
872 1562
872 1634
874 1443
874 1860
874 1930
876 1292
876 1608
877 1439
877 1706
877 1993
878 1561
879 1150
880 1420
880 1617
881 1333
882 919
882 975
882 1567
882 1834
883 1148
883 1171
883 1998
885 1852
886 1136
886 1719
887 896
887 917
887 1456
888 1344
890 1662
890 1807
891 1814
891 1953
891 1975
892 990
892 1605
893 1747
894 978
895 1317
895 1466
896 1723
897 1514
899 1580
900 1496
900 1579
902 1853
903 1725
904 922
904 1370
904 1718
907 974
908 1315
908 1328
908 1948
909 1256
909 1257
909 1714
911 1039
911 1080
911 1641
912 1773
913 915
913 934
913 1551
913 1856
914 1682
915 1354
915 1769
916 1406
916 1655
917 973
917 1703
918 1288
920 1357
921 1245
921 1399
921 1544
921 1934
921 1961
922 1146
922 1954
923 1065
923 1428
923 1861
924 1347
924 1381
925 1978
927 1013
927 1044
927 1147
927 1919
928 1228
928 1991
929 1940
931 1153
931 1316
932 1275
933 1109
933 1300
934 1076
934 1245
934 1719
935 1239
935 1668
935 1802
936 1198
939 979
939 1707
939 1980
940 1643
941 1261
942 1434
942 1485
942 1952
943 1426
943 1542
943 1580
943 1976
944 1798
945 1160
945 1674
946 1004
946 1900
947 1112
947 1247
948 1016
948 1368
948 1403
949 1959
950 991
950 1127
950 1582
952 1921
953 1565
954 1084
955 1804
955 1896
956 1222
957 1829
958 1115
959 1103
959 1795
959 1954
960 1120
960 1959
961 1478
961 1796
961 1916
962 1380
962 1715
962 1945
963 1040
963 1767
964 1394
965 1147
965 1647
966 1383
966 1541
967 1285
967 1825
969 976
969 1192
970 996
971 1275
971 1452
971 1474
972 1139
972 1841
973 1277
973 1986
977 1499
977 1564
978 1369
979 1870
980 1096
981 1360
982 1107
982 1110
983 1251
983 1439
985 1074
985 1136
985 1266
985 1528
986 1430
986 1476
986 1972
990 1682
991 1034
992 1335
992 1693
993 1021
993 1536
993 1540
993 1867
994 1278
994 1310
994 1570
994 1856
996 1585
996 1886
996 1938
998 1010
1000 1276
1000 1655
1000 1703
1001 1825
1001 1889
1003 1068
1003 1658
1003 1709
1004 1160
1004 1405
1004 1407
1005 1200
1006 1824
1007 1560
1010 1428
1011 1297
1012 1893
1013 1908
1014 1266
1014 1611
1014 1688
1015 1196
1015 1644
1016 1254
1016 1552
1016 1714
1016 1983
1017 1091
1017 1251
1017 1914
1018 1725
1018 1824
1019 1269
1019 1715
1020 1860
1021 1574
1021 1847
1024 1419
1027 1249
1027 1821
1029 1061
1030 1466
1031 1041
1031 1379
1031 1520
1032 1700
1032 1716
1032 1924
1033 1952
1034 1590
1035 1740
1035 1784
1037 1076
1037 1235
1037 1733
1038 1220
1039 1072
1039 1099
1039 1252
1040 1582
1041 1644
1041 1762
1043 1393
1043 1433
1043 1673
1043 1808
1043 1867
1044 1704
1044 1746
1045 1807
1045 1964
1046 1852
1046 1893
1048 1444
1050 1134
1050 1304
1050 1934
1051 1455
1051 1528
1051 1871
1053 1207
1053 1693
1054 1198
1054 1887
1055 1110
1056 1232
1056 1376
1056 1775
1056 1786
1057 1898
1059 1686
1060 1833
1061 1212
1061 1604
1061 1842
1062 1132
1062 1160
1062 1319
1062 1376
1063 1189
1063 1197
1063 1495
1063 1826
1064 1344
1064 1399
1064 1834
1066 1403
1067 1828
1068 1456
1069 1678
1069 1789
1069 1942
1070 1292
1072 1260
1072 1675
1072 1959
1072 1990
1073 1104
1073 1233
1073 1415
1074 1428
1076 1388
1077 1743
1078 1185
1078 1341
1078 1700
1080 1407
1080 1618
1081 1146
1081 1257
1081 1502
1081 1848
1082 1278
1082 1809
1083 1403
1084 1152
1084 1537
1085 1370
1085 1488
1085 1744
1086 1391
1086 1601
1087 1293
1087 1755
1087 1929
1088 1135
1089 1984
1090 1336
1090 1684
1091 1524
1091 1716
1092 1689
1093 1381
1093 1969
1094 1293
1094 1452
1094 1975
1095 1502
1095 1704
1095 1710
1097 1108
1097 1826
1098 1657
1098 1889
1099 1335
1100 1346
1100 1438
1101 1375
1101 1559
1102 1474
1102 1656
1105 1996
1107 1274
1107 1807
1107 1913
1108 1251
1110 1802
1112 1307
1112 1399
1112 1405
1112 1852
1112 1854
1113 1140
1113 1312
1114 1869
1116 1943
1117 1975
1118 1194
1118 1893
1120 1734
1121 1431
1121 1469
1121 1822
1121 1855
1122 1365
1122 1687
1122 1889
1123 1230
1123 1619
1123 1660
1123 1701
1123 1858
1124 1849
1125 1907
1126 1623
1126 1958
1126 1968
1127 1327
1127 1617
1127 1628
1127 1745
1130 1954
1132 1150
1132 1179
1133 1589
1133 1644
1133 1927
1134 1484
1136 1555
1136 1730
1136 1809
1136 1865
1137 1187
1137 1795
1140 1461
1142 1323
1142 1998
1144 1348
1144 1767
1146 1421
1146 1736
1149 1194
1149 1291
1150 1950
1151 1815
1153 1936
1154 1726
1154 1928
1155 1623
1155 1772
1156 1395
1156 1499
1160 1346
1161 1671
1162 1358
1162 1952
1163 1226
1163 1688
1164 1283
1165 1248
1166 1904
1166 1958
1168 1310
1168 1670
1169 1517
1169 1643
1169 1768
1170 1510
1170 1918
1172 1537
1172 1732
1173 1350
1173 1780
1173 1939
1176 1386
1176 1653
1177 1647
1178 1537
1179 1204
1179 1404
1179 1449
1179 1586
1180 1194
1180 1684
1182 1803
1183 1617
1183 1702
1184 1275
1184 1454
1184 1576
1184 1934
1186 1345
1186 1532
1186 1968
1187 1298
1188 1291
1188 1787
1188 1912
1188 1936
1189 1254
1189 1264
1190 1262
1190 1336
1190 1414
1191 1687
1194 1391
1194 1710
1196 1263
1196 1562
1197 1621
1198 1552
1199 1609
1199 1707
1199 1710
1201 1434
1202 1369
1204 1382
1206 1511
1207 1223
1207 1387
1209 1302
1209 1569
1210 1330
1211 1881
1213 1291
1213 1677
1214 1413
1214 1924
1214 1944
1216 1611
1217 1364
1217 1584
1217 1985
1218 1334
1219 1907
1219 1941
1220 1240
1220 1336
1221 1500
1222 1292
1222 1502
1223 1355
1224 1470
1227 1346
1229 1514
1230 1368
1232 1837
1233 1819
1235 1677
1235 1739
1237 1593
1238 1522
1238 1622
1238 1786
1238 1850
1239 1511
1239 1703
1240 1422
1241 1394
1242 1419
1242 1548
1242 1736
1244 1833
1246 1441
1248 1316
1248 1617
1248 1708
1249 1479
1251 1987
1254 1378
1255 1537
1255 1720
1255 1745
1256 1353
1256 1379
1256 1814
1258 1315
1260 1747
1260 1767
1260 1861
1260 1875
1260 1896
1262 1746
1263 1568
1264 1498
1265 1812
1266 1656
1267 1806
1268 1572
1269 1320
1270 1747
1271 1623
1272 1712
1274 1617
1274 1667
1274 1747
1274 1812
1275 1490
1275 1800
1276 1749
1277 1655
1278 1846
1280 1284
1280 1333
1281 1376
1282 1348
1282 1963
1285 1880
1288 1624
1289 1384
1292 1920
1294 1623
1295 1721
1295 1997
1296 1536
1296 1887
1298 1915
1299 1832
1300 1994
1302 1740
1303 1745
1305 1810
1307 1855
1308 1840
1309 1776
1310 1490
1310 1739
1311 1896
1313 1561
1314 1337
1314 1366
1316 1774
1317 1723
1317 1928
1318 1688
1318 1753
1319 1507
1319 1918
1321 1813
1323 1403
1326 1931
1328 1748
1328 1905
1329 1602
1330 1541
1330 1920
1331 1484
1331 1965
1332 1964
1333 1542
1333 1596
1334 1859
1335 1816
1336 1907
1338 1775
1339 1496
1339 1680
1340 1368
1343 1426
1344 1347
1345 1375
1345 1476
1347 1710
1349 1666
1351 1447
1351 1465
1352 1727
1356 1801
1357 1459
1363 1483
1364 1570
1364 1931
1365 1509
1365 1818
1365 1919
1366 1530
1367 1490
1367 1501
1368 1412
1368 1685
1372 1563
1374 1790
1375 1415
1375 1649
1378 1601
1382 1420
1382 1437
1382 1679
1382 1695
1384 1568
1385 1389
1385 1843
1386 1417
1389 1983
1390 1560
1391 1625
1393 1876
1393 1878
1394 1456
1394 1723
1395 1404
1395 1725
1399 1851
1400 1925
1403 1659
1406 1545
1406 1695
1408 1957
1409 1771
1411 1876
1413 1543
1413 1992
1413 1993
1415 1652
1415 1769
1417 1454
1417 1725
1417 1800
1424 1738
1424 1778
1425 1625
1425 1935
1427 1586
1427 1903
1428 1691
1428 1872
1429 1527
1429 1873
1433 1991
1436 1874
1436 1963
1438 1520
1439 1559
1439 1936
1441 1763
1441 1871
1441 1916
1445 1539
1447 1657
1451 1801
1451 1809
1454 1861
1455 1908
1456 1688
1456 1796
1459 1468
1459 1705
1462 1985
1463 1701
1463 1955
1464 1586
1465 1743
1467 1809
1468 1716
1469 1732
1471 1643
1474 1832
1475 1623
1477 1551
1477 1786
1478 1974
1479 1507
1480 1936
1481 1560
1482 1660
1483 1556
1484 1558
1485 1783
1486 1848
1488 1644
1491 1576
1491 1758
1491 1984
1493 1891
1495 1994
1496 1744
1499 1907
1501 1888
1502 1751
1504 1647
1506 1519
1506 1550
1506 1689
1507 1798
1508 1664
1508 1910
1509 1756
1509 1880
1510 1746
1513 1569
1513 1742
1514 1668
1515 1923
1516 1988
1518 1931
1523 1631
1524 1619
1525 1631
1526 1707
1529 1958
1531 1650
1531 1703
1531 1976
1533 1586
1534 1917
1536 1555
1537 1946
1540 1602
1542 1615
1543 1918
1543 1975
1544 1989
1545 1685
1545 1959
1549 1713
1550 1717
1555 1704
1555 1758
1555 1779
1556 1585
1556 1846
1557 1770
1558 1684
1558 1694
1560 1943
1564 1685
1564 1916
1565 1700
1565 1709
1566 1607
1566 1858
1569 1707
1569 1876
1570 1679
1571 1636
1572 1846
1573 1935
1576 1692
1578 1590
1580 1627
1580 1688
1582 1667
1582 1931
1583 1630
1583 1865
1584 1715
1587 1969
1590 1694
1591 1615
1591 1909
1591 1965
1593 1664
1594 1756
1596 1910
1601 1631
1606 1696
1609 1884
1610 1816
1611 1881
1612 1981
1614 1712
1614 1867
1614 1871
1620 1764
1621 1750
1628 1766
1629 1785
1629 1824
1629 1872
1630 1834
1633 1900
1634 1828
1635 1756
1637 1883
1639 1648
1644 1723
1645 1824
1647 1652
1647 1715
1647 1906
1648 1684
1648 1751
1650 1691
1650 1772
1650 1813
1652 1739
1653 1814
1655 1938
1656 1876
1658 1972
1659 1944
1666 1980
1667 1785
1669 1802
1675 1770
1677 1719
1680 1756
1681 1862
1683 1773
1683 1938
1685 1704
1691 1997
1693 1705
1693 1763
1698 1707
1705 1808
1707 1745
1711 1932
1713 1856
1713 1975
1714 1727
1716 1988
1717 1736
1718 1750
1722 1863
1725 1782
1727 1823
1727 1983
1727 1994
1734 1850
1735 1754
1737 1759
1738 1973
1741 1828
1746 1992
1749 1901
1750 1909
1754 1928
1756 1796
1758 1796
1758 1800
1762 1791
1762 1829
1765 1869
1767 1956
1776 1957
1780 1857
1782 1943
1787 1806
1795 1893
1798 1928
1800 1834
1802 1963
1805 1900
1808 1973
1810 1952
1812 1883
1821 1827
1828 1892
1835 1898
1844 1983
1846 1985
1849 1936
1850 1931
1858 1905
1859 1908
1860 1948
1866 1968
1870 1957
1872 1900
1875 1962
1892 1898
1900 1923
1915 1934
1931 1997
1953 1961
1957 1964
1961 1965
1966 1986
1974 1975
