2000 2962
58
71
9
21
49
86
91
98
15
11
89
38
39
78
4
73
32
78
77
85
59
38
74
74
47
49
21
69
77
15
69
50
59
20
71
36
10
70
89
78
57
15
54
11
100
53
48
71
30
48
91
61
71
82
52
63
53
100
39
15
78
5
7
69
73
34
18
61
94
76
34
25
99
29
84
85
9
57
60
80
43
90
35
43
76
7
37
9
52
5
71
47
92
92
9
75
13
69
51
12
13
2
66
37
13
83
6
83
21
64
60
84
46
5
23
74
14
90
100
84
71
81
90
57
30
45
52
63
61
71
60
48
71
86
22
73
68
3
31
67
100
2
12
99
82
67
87
83
69
87
62
51
19
86
97
45
98
94
55
57
83
83
97
25
28
38
20
70
17
68
35
23
51
94
28
53
6
33
45
38
36
29
41
62
97
48
97
55
100
53
32
30
10
66
90
6
62
67
60
11
17
50
42
35
90
30
10
94
12
60
85
62
41
15
30
83
77
67
33
2
8
21
21
81
44
29
63
15
47
28
51
27
75
56
30
65
63
100
67
86
39
78
61
81
67
88
49
93
14
13
65
28
88
81
83
16
96
93
69
46
65
67
37
61
9
45
86
91
19
46
11
21
70
17
50
52
76
35
53
51
81
2
69
14
46
1
43
81
38
83
18
10
59
33
12
74
28
77
14
40
87
7
75
4
73
34
88
67
18
14
75
30
4
65
85
29
26
99
38
10
51
91
4
30
79
92
39
61
67
81
62
2
5
3
84
71
49
13
32
87
90
81
27
98
3
62
74
52
5
66
52
41
90
92
58
11
66
51
20
97
25
78
8
58
17
6
88
41
1
24
14
40
51
35
78
13
8
54
10
43
46
79
33
74
95
52
54
57
70
17
75
37
69
14
85
13
17
88
35
83
35
29
54
100
35
2
76
69
65
69
16
12
56
46
41
79
46
19
96
9
93
4
41
43
45
89
19
53
39
81
28
85
34
33
98
58
3
54
62
80
2
12
32
50
57
67
76
13
60
73
19
29
60
3
78
37
92
81
34
7
12
64
56
62
81
59
17
16
2
34
16
43
30
3
15
60
95
4
32
20
67
41
15
13
8
58
71
31
20
1
23
58
33
68
79
82
7
65
29
62
100
100
49
23
62
77
54
44
55
30
90
21
71
90
57
14
53
16
33
57
65
47
87
57
79
9
71
15
94
12
58
46
83
32
48
61
29
7
88
35
74
36
96
77
89
89
22
89
19
87
41
85
59
91
53
28
61
27
91
6
28
70
41
9
32
37
50
62
87
63
67
26
14
33
93
59
71
70
13
76
59
57
77
18
63
85
16
6
73
98
43
12
97
47
80
23
32
58
90
32
60
57
38
87
35
91
2
31
31
52
97
10
92
38
40
31
48
94
25
96
35
5
86
17
54
43
86
89
90
34
35
30
41
19
87
56
65
23
50
82
74
66
50
94
78
67
30
1
61
94
10
98
3
50
36
27
1
61
69
73
98
8
79
55
93
45
58
22
64
30
69
74
26
23
74
17
49
66
66
30
45
1
41
47
19
55
26
7
66
18
87
96
17
96
99
34
63
65
37
84
51
59
96
43
16
10
57
74
71
96
26
7
91
57
47
42
78
92
58
34
91
88
33
72
94
56
72
92
55
84
49
67
35
22
46
54
48
90
61
66
11
67
5
19
1
18
39
18
37
16
70
71
72
48
84
84
30
19
10
63
94
24
82
63
97
59
38
36
61
87
46
50
23
48
32
49
6
61
80
9
85
38
4
59
34
78
52
39
47
67
13
92
55
19
23
61
10
61
91
94
7
2
12
21
30
96
34
54
26
90
18
1
80
18
76
88
16
49
35
59
91
83
95
18
43
59
29
28
79
43
42
61
78
30
57
32
5
35
95
49
94
58
96
68
44
71
85
36
29
47
80
96
83
52
68
66
97
14
5
19
14
29
34
4
40
91
30
38
72
11
86
8
9
42
59
75
86
94
92
96
90
34
88
76
93
95
82
62
85
89
53
97
64
28
73
87
24
8
42
46
21
84
68
83
40
80
36
57
94
52
39
73
100
59
27
48
96
83
7
72
85
72
80
19
15
20
79
80
16
86
26
99
8
94
47
39
16
7
19
10
69
38
78
66
88
24
45
49
65
73
50
72
39
65
45
75
38
19
70
82
47
77
60
37
84
31
74
29
75
11
16
73
53
18
7
10
1
72
47
14
61
30
21
51
94
49
20
73
55
78
35
83
100
6
79
94
35
12
7
67
11
35
44
52
13
24
94
71
15
59
3
22
88
1
40
2
74
47
54
83
98
8
28
44
43
3
97
81
9
19
45
35
22
78
90
98
13
59
95
86
34
68
7
67
72
85
76
83
60
9
2
16
52
35
57
55
66
72
86
1
33
56
50
12
63
86
49
6
18
27
45
16
10
85
73
74
55
99
81
67
58
38
26
42
15
19
30
62
47
81
56
41
95
59
17
4
51
3
23
46
14
85
23
80
50
9
88
94
37
97
66
25
31
87
58
93
59
85
33
27
92
58
80
64
63
99
5
36
42
84
98
77
71
7
39
86
78
99
93
89
45
100
61
6
100
50
77
77
57
53
89
25
38
63
77
2
64
11
20
54
83
35
19
6
88
24
45
81
60
52
78
5
46
8
28
77
55
25
99
98
43
49
65
88
64
98
51
66
97
56
12
89
3
75
15
77
45
67
96
79
99
85
60
94
50
82
94
13
61
73
60
16
55
38
7
58
36
55
26
24
12
65
16
37
100
68
50
13
35
91
30
71
45
18
78
74
63
12
46
52
93
23
43
73
48
82
83
80
67
99
63
47
44
94
19
10
75
54
13
99
65
36
56
50
50
14
94
100
54
14
87
96
62
53
58
62
6
28
12
46
65
33
60
72
66
81
40
50
17
95
74
20
45
72
7
8
85
8
73
49
70
40
19
44
99
44
71
99
39
95
98
61
91
60
55
92
91
46
2
25
59
71
66
21
69
22
53
90
19
39
22
10
21
46
21
3
79
21
64
83
99
40
43
49
7
77
54
95
54
47
32
97
10
89
64
14
2
6
46
35
21
48
59
40
32
35
50
26
85
8
81
99
8
20
40
21
55
58
84
41
98
46
18
65
46
68
27
69
99
34
71
64
99
48
65
58
27
39
88
84
60
11
91
93
80
98
76
98
72
57
86
87
94
36
70
72
100
30
6
81
87
17
18
48
12
13
4
47
56
4
32
3
74
57
35
37
39
85
5
56
61
51
99
65
54
45
95
64
42
65
17
94
29
52
73
21
80
43
49
52
74
58
94
76
100
84
86
63
41
61
63
79
24
82
39
14
20
53
37
9
8
68
72
38
78
40
76
29
30
88
76
53
59
70
87
76
55
37
33
82
45
47
30
28
46
26
63
54
8
33
26
94
42
89
97
1
22
8
100
32
44
77
14
90
43
69
83
7
17
23
4
47
59
63
23
99
70
7
55
50
39
6
45
17
41
62
32
83
23
8
9
56
70
53
6
20
98
13
61
84
38
39
39
15
60
87
91
60
99
71
34
99
39
61
88
74
23
85
59
45
38
27
54
29
32
21
24
69
6
57
85
81
9
20
44
49
46
10
30
35
88
51
80
22
56
51
65
37
86
97
42
63
56
46
54
90
10
11
37
80
46
72
38
93
85
74
99
5
6
93
13
80
3
9
95
94
9
26
67
53
96
71
2
13
10
19
12
46
78
17
97
63
23
89
24
87
72
95
58
44
33
55
99
34
57
76
71
74
7
35
33
58
56
55
9
85
40
47
59
25
23
100
26
67
29
73
59
31
76
5
50
87
64
76
9
16
8
77
82
80
29
50
57
2
71
21
24
62
75
31
66
43
23
97
5
48
35
28
52
25
48
97
57
25
99
12
35
5
81
59
13
22
55
51
48
17
32
8
36
98
58
18
30
14
96
15
95
51
4
80
31
25
96
93
92
52
29
15
47
83
53
50
74
87
46
72
14
39
44
55
77
55
41
86
87
22
78
66
31
51
88
94
29
90
25
54
60
61
55
17
7
14
26
82
20
80
74
52
93
18
48
42
55
43
43
84
25
18
54
91
61
68
45
21
36
88
78
4
11
96
25
80
18
61
91
3
80
50
23
3
95
43
31
78
4
26
24
97
27
43
63
2
67
62
95
42
61
39
41
36
37
85
88
9
73
64
82
50
72
28
95
28
52
93
10
14
67
40
14
30
21
90
83
45
21
67
13
60
59
43
73
3
31
3
74
43
98
93
11
27
30
40
61
97
75
67
100
48
30
97
48
8
59
33
50
46
56
36
59
87
100
71
62
76
3
25
32
60
46
76
81
85
54
70
13
90
38
100
22
83
34
43
3
67
25
32
96
13
14
28
30
18
87
5
55
84
55
48
14
24
27
35
11
91
42
96
48
81
41
96
86
94
89
60
2
57
50
97
58
39
22
92
2
59
43
84
86
66
77
95
67
99
88
74
28
52
40
71
25
7
71
24
36
86
73
17
61
74
31
11
0 355
0 993
0 1090
0 1567
0 1694
1 677
2 434
2 1005
2 1459
2 1648
2 1761
3 1026
3 1334
3 1662
3 1752
3 1900
4 28
4 1060
4 1638
5 1136
6 489
6 1138
6 1988
7 1170
7 1179
7 1228
7 1291
7 1552
7 1975
8 646
8 1848
9 684
9 1254
10 137
10 608
10 1364
11 316
11 549
11 1854
12 836
12 1308
12 1669
13 123
13 1165
14 610
14 1504
14 1680
15 446
15 967
16 412
16 1181
16 1191
16 1203
16 1420
16 1495
16 1531
16 1635
16 1747
17 1588
17 1667
17 1914
18 39
18 965
18 1033
18 1215
19 401
19 1628
19 1833
19 1855
20 1113
20 1272
20 1355
21 54
21 996
21 1737
21 1995
22 416
22 693
22 769
22 1545
22 1898
23 285
23 932
23 1558
24 77
24 488
24 1939
25 623
25 907
25 1004
25 1046
25 1356
26 634
26 784
26 966
26 1021
26 1190
26 1401
27 1331
28 117
28 191
28 647
29 162
29 492
29 888
29 1620
30 336
30 900
30 1779
30 1804
30 1966
32 854
32 856
32 961
32 1101
32 1199
32 1238
33 304
33 740
33 1376
34 1053
35 1121
35 1407
35 1454
36 1257
37 338
37 617
37 824
38 579
38 933
38 953
38 1180
38 1254
38 1909
39 65
39 1889
39 1953
40 128
41 1502
42 527
42 933
42 1055
42 1256
43 131
43 772
43 1873
44 978
45 825
45 1924
46 157
46 388
46 1371
46 1468
46 1804
47 214
47 284
47 295
47 711
47 1693
47 1837
47 1916
48 482
48 1250
48 1349
49 1165
49 1478
49 1558
50 93
50 1135
51 538
51 770
51 1418
51 1477
52 1723
53 209
53 906
53 997
53 1927
53 1937
54 414
54 1009
54 1250
54 1587
54 1773
55 121
55 1036
55 1746
56 1236
56 1584
56 1905
57 704
57 1820
58 109
58 927
58 1840
59 655
59 1394
59 1419
61 590
61 1411
62 120
62 464
62 563
62 902
62 1498
62 1804
63 556
63 980
63 1044
63 1665
63 1949
64 95
64 1169
64 1547
65 678
65 703
65 1189
65 1648
66 189
66 709
66 1528
66 1761
67 867
67 992
68 1035
68 1890
68 1922
70 291
70 493
70 730
70 1139
70 1181
70 1186
70 1508
70 1853
71 1236
71 1401
72 138
72 671
72 1771
72 1950
73 153
73 1057
73 1406
74 201
74 481
74 1010
74 1476
75 243
75 513
75 600
75 619
76 103
76 1158
77 104
77 186
77 878
77 1026
77 1487
78 461
78 1055
78 1640
78 1722
78 1963
79 1010
79 1066
79 1648
80 385
80 1581
80 1652
80 1988
81 909
81 1055
81 1079
81 1351
81 1439
81 1456
81 1459
83 103
83 456
83 1176
83 1640
84 617
84 664
85 1014
86 301
86 1917
86 1922
87 461
87 912
87 961
88 908
88 1451
88 1792
89 1509
89 1613
89 1675
90 802
90 1029
90 1250
91 154
91 410
91 932
92 1104
92 1895
93 1181
93 1224
93 1592
93 1614
93 1801
94 488
94 1127
94 1877
95 408
95 1005
96 946
97 493
97 596
97 1072
97 1275
97 1399
97 1462
97 1550
97 1572
97 1911
98 976
98 1029
98 1412
99 988
99 1077
99 1542
99 1884
100 217
100 1598
100 1706
100 1867
102 335
103 618
103 812
103 1864
104 595
104 1070
104 1103
104 1175
105 1144
105 1894
107 1332
107 1664
107 1694
107 1812
107 1903
108 1045
108 1588
108 1669
109 618
109 663
109 829
109 1420
109 1507
109 1525
110 951
110 1072
110 1539
110 1686
111 542
111 716
111 848
111 1199
111 1360
111 1566
111 1683
111 1923
112 582
112 1139
112 1977
113 271
113 511
113 700
113 866
114 400
115 212
115 728
115 757
115 1120
115 1648
117 610
117 730
117 1388
117 1468
118 193
118 1382
119 368
120 319
120 1297
120 1865
122 783
122 1141
122 1383
122 1506
123 430
123 439
123 585
123 1895
124 339
124 700
124 717
124 745
124 1310
125 1647
125 1702
125 1988
127 325
127 1754
128 267
128 1069
128 1151
129 349
129 756
129 1011
129 1426
130 386
130 624
130 997
131 536
131 1219
131 1275
132 189
134 439
134 1689
134 1820
135 1519
137 316
137 1825
138 201
138 1892
138 1938
140 1606
141 334
141 955
141 1272
141 1340
141 1985
142 598
142 1032
142 1663
144 1563
146 300
147 243
147 418
147 980
148 880
149 606
149 1172
150 1033
150 1348
150 1386
150 1651
150 1856
150 1878
151 404
151 476
151 798
152 1664
153 1105
153 1181
153 1804
153 1980
154 1075
154 1359
155 780
155 1565
155 1587
155 1762
156 158
156 421
156 1665
157 725
157 1432
158 857
159 508
160 1149
160 1189
160 1747
160 1909
160 1941
161 1912
162 570
162 1527
162 1717
162 1886
163 489
163 881
163 1615
165 612
165 1940
166 662
166 822
166 1049
167 206
167 684
168 1215
168 1490
169 753
169 1131
169 1391
169 1504
169 1545
170 833
170 972
170 981
171 187
171 336
171 1069
172 303
172 694
172 962
173 205
173 369
173 752
173 1144
173 1267
174 593
174 1098
174 1926
175 1352
175 1590
175 1918
176 267
176 748
176 1554
176 1962
177 906
177 1319
177 1940
178 308
179 1330
180 243
180 743
180 812
180 1677
180 1914
181 1180
181 1331
181 1605
182 218
182 721
182 801
183 802
183 1948
184 460
185 831
185 1405
186 1407
186 1740
187 319
188 679
188 1264
188 1522
188 1720
189 190
189 323
189 794
189 976
189 1708
189 1854
190 272
190 510
190 772
190 1301
190 1972
191 1562
192 597
192 770
193 720
193 987
194 565
194 762
195 869
195 951
195 1127
195 1266
195 1996
196 199
196 1979
197 1585
197 1692
197 1764
199 1420
199 1889
200 823
201 1372
201 1466
201 1677
202 282
203 569
203 879
204 212
204 390
204 524
204 556
204 624
204 1041
204 1128
204 1222
205 867
205 1840
206 717
206 755
206 1738
207 243
207 405
207 1916
207 1917
208 555
208 1426
209 852
210 1101
210 1313
211 654
211 932
211 1197
211 1494
212 610
212 743
213 258
213 286
213 993
213 1010
213 1661
214 284
214 731
214 1264
214 1309
215 216
215 516
215 1105
215 1979
216 459
216 1841
217 311
217 575
217 745
217 1415
218 599
218 1189
218 1306
218 1594
219 682
219 874
219 894
219 1376
219 1563
219 1676
220 968
220 1226
220 1590
222 437
222 1231
224 924
224 1335
225 263
225 418
225 1497
225 1885
226 1079
226 1209
226 1357
227 237
227 972
228 690
228 829
228 1358
229 406
229 972
229 1560
229 1767
230 326
230 1054
230 1092
230 1548
231 754
231 939
231 1030
231 1129
231 1592
231 1674
231 1763
232 1706
233 646
233 742
234 517
234 1490
235 553
235 883
235 906
235 1046
235 1582
235 1707
235 1941
236 374
236 674
236 1736
236 1895
237 410
237 1544
238 1630
238 1659
238 1778
239 594
239 857
239 1131
240 830
240 1086
240 1543
241 675
241 902
241 1421
241 1904
241 1914
243 530
243 1006
243 1077
243 1238
244 850
244 923
245 872
245 1220
245 1272
245 1687
246 1936
247 462
247 1556
248 369
249 752
249 819
249 1260
249 1326
249 1606
249 1689
250 429
251 829
251 1027
252 715
252 845
252 1137
252 1190
253 637
253 1073
254 702
254 769
254 993
254 1239
254 1390
254 1638
255 527
255 702
255 1067
255 1594
256 439
256 806
256 900
257 914
257 1455
257 1563
257 1917
258 313
258 1039
258 1284
258 1704
259 844
259 856
259 897
259 1122
260 757
260 1701
261 1624
262 393
262 1632
262 1637
263 1223
265 1055
266 920
267 1050
267 1060
269 1577
270 1692
270 1711
270 1811
271 324
271 911
271 1743
272 1776
273 454
273 523
273 988
273 1669
273 1985
274 931
274 1663
275 1568
275 1615
277 1220
277 1225
277 1961
278 1174
279 306
279 355
279 448
279 735
279 1171
280 1634
281 980
281 1546
282 1761
283 686
283 1066
283 1771
284 297
284 1586
285 1814
286 829
286 1964
287 423
287 607
287 1223
287 1793
288 1415
289 395
289 466
289 793
290 1296
290 1781
291 1602
292 1421
292 1731
293 1293
293 1542
293 1784
293 1820
293 1868
294 923
294 1000
294 1802
295 925
295 1490
295 1734
296 1148
297 379
297 471
297 969
298 571
298 938
298 1360
298 1537
298 1886
299 610
299 1623
299 1778
300 354
300 360
300 1151
300 1597
301 739
301 818
301 1100
303 1238
303 1866
304 637
306 1377
307 1500
307 1966
308 425
308 778
309 385
309 845
309 913
309 950
309 1157
310 843
310 1542
310 1966
310 1994
311 547
311 699
311 1252
311 1691
312 367
312 1972
313 1503
313 1896
314 407
314 895
314 970
314 1178
314 1877
315 559
315 584
315 729
317 724
317 849
317 1120
318 1856
319 853
319 1598
320 511
320 542
320 655
320 1283
321 388
321 734
322 381
322 609
322 1230
323 959
323 1652
324 721
324 1473
324 1770
325 485
325 759
325 1297
326 1013
326 1196
326 1689
327 394
327 485
327 1336
327 1648
328 329
329 669
329 1939
330 827
331 505
331 540
331 899
332 589
332 1304
332 1463
333 637
333 947
333 1944
334 1122
334 1366
334 1873
335 1043
335 1446
335 1700
335 1739
336 1864
337 548
338 996
339 1013
339 1866
340 922
341 582
341 802
341 907
341 1598
342 1810
342 1888
342 1953
343 471
343 1065
343 1288
343 1436
344 1970
345 676
345 1225
345 1555
345 1616
346 441
346 908
347 1371
347 1571
348 867
348 1281
348 1446
349 886
350 1828
350 1934
351 618
352 1027
352 1443
353 506
354 478
354 1202
354 1381
355 723
355 794
355 1117
356 1071
356 1407
356 1930
357 756
358 488
358 640
360 532
361 613
361 1744
362 1269
363 407
363 896
363 1489
363 1954
364 1177
364 1618
366 1419
366 1898
367 1925
368 1159
369 638
369 1265
370 397
370 878
370 1070
370 1333
370 1804
371 876
371 1055
371 1153
372 562
373 462
373 1033
373 1410
373 1703
374 768
374 1299
374 1834
375 422
375 534
375 559
375 633
375 1451
375 1512
376 1229
376 1299
376 1380
377 388
377 1377
377 1538
379 853
379 1531
379 1757
379 1847
380 873
380 1532
380 1934
381 730
382 520
383 529
383 992
384 465
384 1433
384 1628
384 1688
384 1830
384 1837
385 747
385 800
385 962
386 870
386 1199
386 1336
387 1500
388 675
389 1812
390 1316
391 1642
391 1691
391 1919
392 1519
392 1653
392 1962
393 674
394 825
395 873
395 996
396 512
396 1101
396 1149
396 1506
397 1160
398 1035
398 1558
398 1606
400 569
400 710
401 642
402 1836
403 1026
403 1286
403 1728
403 1987
404 459
405 1938
406 499
406 913
406 1261
406 1498
407 1272
407 1279
408 852
408 1534
408 1897
408 1909
409 518
409 694
409 926
409 1187
410 1454
411 910
411 1321
412 609
412 1768
413 734
414 496
415 480
415 666
415 959
416 475
416 1160
416 1446
417 1591
417 1649
417 1821
417 1870
418 499
418 1101
418 1117
418 1176
418 1390
418 1510
418 1975
419 626
419 1842
420 1082
420 1209
421 1088
421 1186
421 1332
422 1619
422 1847
422 1953
423 1229
423 1310
424 822
424 1189
424 1263
425 691
425 860
425 1177
426 1304
427 1575
428 1618
429 451
429 649
429 742
430 566
430 1224
430 1374
430 1820
431 1028
431 1090
431 1881
432 529
433 568
433 920
433 962
433 1576
434 842
434 853
434 865
435 1286
436 713
436 815
436 1268
436 1319
436 1676
436 1895
437 645
437 753
437 1423
438 1020
438 1689
438 1946
439 897
439 1324
440 1031
440 1660
442 1156
443 896
444 1413
444 1780
444 1879
445 586
446 960
446 1939
447 460
447 1374
447 1951
448 648
448 722
449 746
450 837
450 1088
450 1614
450 1659
451 940
451 969
451 1080
451 1221
451 1619
452 1246
452 1601
452 1607
453 1727
455 478
455 493
455 1127
457 1865
458 1017
458 1108
458 1200
458 1412
458 1745
459 642
460 1122
461 1766
461 1799
462 1138
462 1777
463 730
463 761
463 903
464 1314
464 1623
464 1867
465 1340
466 1084
467 1593
468 786
468 830
468 1148
468 1299
468 1367
468 1470
469 477
469 818
469 1286
469 1485
470 544
470 1803
471 767
471 1168
471 1256
472 1711
473 1036
473 1945
474 545
474 550
474 1044
474 1583
475 1875
475 1927
476 640
476 1591
476 1761
478 1143
478 1605
479 1497
480 1332
481 981
481 1375
482 630
482 744
482 763
483 1295
483 1670
483 1870
484 882
484 1403
485 1440
486 557
486 915
486 1954
487 1120
488 1066
488 1425
488 1851
489 728
489 788
489 911
489 1354
489 1691
489 1727
490 1376
490 1571
490 1839
491 556
491 582
491 990
491 1187
491 1350
492 813
492 1058
492 1334
492 1498
493 585
493 702
493 1258
494 505
494 1970
495 583
495 765
495 930
496 1214
497 646
497 766
498 710
500 1680
500 1689
501 551
502 593
504 627
506 1333
506 1903
507 1432
508 1881
509 767
509 1316
509 1689
509 1942
510 1813
511 1622
514 1335
514 1596
514 1918
516 1147
516 1847
517 1164
518 1036
519 661
520 632
520 1353
520 1354
520 1725
522 616
522 1340
523 920
523 1561
524 1133
524 1193
524 1791
525 806
525 1388
526 1398
526 1466
526 1621
526 1957
527 1040
527 1222
527 1250
527 1863
530 865
530 1699
531 708
532 1327
532 1860
533 1564
534 1031
534 1035
535 1051
536 539
536 1925
537 766
537 1022
537 1119
537 1347
538 734
538 870
539 1508
540 606
540 692
540 1375
540 1638
541 862
541 1536
542 885
542 1137
543 1418
544 1906
545 929
545 1423
545 1474
545 1611
546 652
546 979
546 1462
547 1430
547 1995
548 1305
549 948
549 1895
551 1625
552 613
552 1288
552 1751
553 964
553 1455
554 634
554 1826
555 1079
555 1556
555 1717
556 689
556 771
556 829
556 1312
557 793
557 1001
557 1359
557 1698
557 1782
558 1138
558 1626
559 848
560 616
560 699
560 818
560 997
560 1075
560 1241
560 1318
560 1845
561 934
561 1328
561 1428
562 1033
562 1459
562 1472
563 644
563 1634
564 765
564 1779
565 730
566 644
567 1273
567 1394
567 1446
567 1477
568 1196
568 1485
568 1866
569 601
569 613
570 603
570 1112
570 1496
571 996
572 1036
573 1329
573 1529
573 1788
574 876
574 982
574 1524
574 1698
574 1709
575 1491
575 1914
576 607
576 642
577 1052
578 815
578 1115
578 1969
579 1572
579 1866
580 1436
580 1554
580 1804
581 1889
581 1937
582 942
582 1828
583 1895
584 1047
584 1420
584 1962
585 1481
585 1812
585 1932
587 1099
587 1261
588 1197
588 1396
589 931
589 1846
590 1319
590 1435
591 1427
591 1610
592 1132
592 1360
592 1505
593 1213
593 1494
593 1661
593 1798
594 1170
595 983
595 1566
596 1056
597 1241
597 1929
598 751
598 1520
599 1081
599 1707
599 1999
600 1704
600 1927
601 641
601 1296
602 1672
603 1927
604 1673
604 1712
605 1648
605 1951
606 834
606 1207
606 1527
607 1092
607 1477
607 1509
607 1699
608 829
609 754
610 769
610 1000
610 1065
610 1924
611 1048
612 1448
613 764
613 1000
614 705
614 1709
614 1775
615 1651
616 629
616 774
617 638
617 914
617 1042
617 1165
617 1989
618 1328
618 1761
619 1452
620 1339
620 1842
624 1887
625 766
625 1448
626 1621
626 1858
628 768
628 1751
630 920
630 1837
631 1801
632 991
632 1126
632 1661
632 1870
633 1270
634 664
634 1567
636 1007
636 1950
636 1957
637 805
637 965
638 830
638 1440
638 1676
638 1932
638 1968
638 1981
639 837
639 935
640 1411
640 1845
640 1910
640 1954
641 717
641 724
641 1604
642 1261
644 647
644 869
645 655
645 679
645 968
645 1619
646 1137
647 1047
647 1633
647 1909
648 766
648 772
648 1600
649 1464
649 1560
650 863
650 1021
651 1013
651 1679
652 667
652 813
652 1044
652 1587
653 1153
653 1742
654 1336
655 1887
656 935
656 1396
656 1561
657 1357
657 1829
658 735
658 1396
659 1396
659 1844
660 1308
661 1113
661 1687
661 1742
662 1202
662 1689
662 1929
663 1907
665 1155
665 1846
666 715
666 1028
666 1223
666 1410
666 1457
666 1673
667 1059
667 1439
668 675
668 1427
669 1004
670 1171
670 1183
670 1672
672 1127
673 1855
674 675
674 891
674 1493
675 1194
675 1663
676 1649
677 1988
678 1349
679 1470
680 827
680 1770
682 751
682 1919
683 974
683 1068
683 1134
683 1563
684 1111
684 1239
684 1654
685 720
685 936
686 1023
686 1216
687 1764
688 905
688 1215
688 1274
688 1425
688 1651
689 1107
689 1606
690 1860
691 780
691 1153
692 1014
692 1305
692 1785
693 837
693 1114
693 1585
694 1041
695 1117
696 1576
696 1762
696 1854
697 956
697 1044
697 1125
698 921
698 1619
698 1844
699 1146
699 1383
699 1535
700 1530
700 1589
700 1600
701 996
701 1316
702 717
702 774
702 1032
703 765
704 1936
705 1554
705 1568
706 994
707 710
707 1087
708 875
708 1151
709 906
709 1358
709 1557
709 1759
710 1081
710 1254
711 724
711 762
711 1018
711 1670
714 1734
716 839
716 1595
717 1411
717 1567
717 1956
718 840
718 1171
718 1341
718 1470
719 1272
720 965
720 1325
721 1510
722 1375
722 1627
722 1755
723 837
723 1233
723 1880
724 1110
724 1558
725 1074
725 1192
725 1585
725 1661
726 1258
726 1726
727 1121
727 1122
727 1360
727 1395
727 1751
728 828
728 1527
729 1634
730 1168
730 1288
731 1826
731 1900
732 1601
732 1954
734 1234
735 827
736 929
736 1175
737 1057
737 1785
737 1887
738 1371
738 1606
739 1401
739 1812
739 1833
739 1867
740 1169
740 1521
741 1264
741 1270
742 771
742 1180
743 1758
743 1902
744 1221
744 1609
746 1269
747 858
747 927
747 1746
748 1437
749 1154
749 1388
749 1985
750 752
750 773
750 954
751 1330
751 1519
751 1597
752 1474
752 1691
752 1789
753 1834
755 996
756 948
756 1113
759 1306
760 844
761 782
761 1329
761 1848
762 1252
762 1496
762 1894
765 921
765 1915
765 1950
766 1511
766 1520
767 1625
768 1106
768 1784
769 846
769 1548
769 1646
770 1090
770 1674
772 857
772 1753
773 798
774 1081
774 1944
775 1154
776 806
777 780
777 1746
777 1877
778 1549
779 862
779 886
779 1723
780 1029
780 1102
782 1426
782 1430
782 1525
783 1182
783 1241
783 1466
783 1501
783 1852
784 1115
784 1738
785 1184
785 1428
785 1908
786 961
786 1564
786 1641
786 1832
787 1105
787 1427
788 1985
790 1756
791 801
792 985
792 1230
792 1432
794 1518
794 1922
795 1433
795 1470
796 963
796 1056
796 1912
797 1724
797 1847
798 1078
798 1210
798 1522
798 1529
799 876
799 1035
800 1677
800 1785
800 1798
801 1174
802 1486
802 1794
803 1467
804 1627
805 972
805 1605
806 1059
807 955
808 1794
809 960
811 1346
811 1609
811 1799
811 1999
812 1125
812 1775
814 1582
814 1959
814 1970
815 847
815 1540
815 1724
816 1575
816 1832
817 1025
817 1410
817 1517
818 945
819 937
819 1365
820 1374
820 1796
820 1838
821 993
821 1314
821 1781
825 1763
826 1704
826 1784
827 1113
827 1335
827 1348
827 1387
827 1706
827 1980
828 1563
829 1761
830 887
831 1695
832 1823
833 1671
833 1740
833 1923
834 1516
834 1811
836 1268
836 1606
837 1010
837 1318
837 1620
838 1249
838 1401
838 1830
838 1928
839 1348
839 1358
839 1416
841 1877
842 1111
842 1253
842 1647
844 1045
844 1675
844 1756
845 1071
845 1157
845 1649
846 1339
846 1629
846 1969
847 921
847 1088
847 1112
847 1332
847 1489
847 1588
847 1675
848 875
848 1143
849 967
849 1071
849 1790
850 1109
850 1844
851 1921
853 1765
854 942
855 1045
855 1140
855 1182
855 1389
855 1446
855 1924
857 971
857 1317
857 1691
859 1586
860 1557
860 1688
862 1061
863 1634
864 954
864 1274
866 1011
866 1919
867 1282
867 1710
869 1127
869 1223
869 1907
871 1280
872 1017
872 1546
872 1619
872 1776
872 1907
873 1165
873 1803
873 1957
874 932
874 1408
874 1458
874 1643
876 1393
876 1442
876 1619
877 1156
877 1359
878 1154
878 1454
879 1036
879 1376
880 1745
881 892
881 1561
881 1940
882 1950
883 1959
884 1103
885 1127
885 1177
885 1329
886 936
886 1330
886 1629
887 1739
887 1794
888 924
888 1734
889 1251
889 1302
889 1677
889 1874
889 1893
891 1941
892 920
893 1401
893 1930
894 1807
895 1936
896 1325
896 1742
897 1121
897 1483
897 1695
897 1840
898 1437
899 1452
899 1563
899 1806
899 1905
899 1954
900 1058
901 1165
901 1403
903 1788
904 1260
904 1262
904 1418
904 1582
905 1040
906 1865
906 1923
907 1619
908 1315
909 1012
909 1932
910 1414
910 1503
910 1606
911 1331
912 1011
913 1677
914 1457
914 1991
916 974
916 1298
917 981
917 1085
917 1719
919 1301
920 1229
920 1425
920 1626
920 1796
921 1820
922 989
924 1613
925 1209
925 1707
925 1999
926 1951
927 928
927 977
927 1593
928 1000
928 1236
928 1554
929 990
930 1125
930 1528
930 1784
931 1164
931 1440
932 1675
933 1310
933 1862
934 942
934 959
934 1410
935 991
935 1282
936 1469
938 1806
939 957
939 1235
940 1962
941 1040
941 1259
941 1326
941 1893
945 1441
946 1434
947 1729
949 1180
949 1444
949 1839
949 1932
950 1037
950 1505
950 1882
951 1808
952 1173
952 1265
954 1738
955 1524
955 1753
956 1051
956 1375
956 1692
956 1828
957 1264
959 979
959 1115
959 1441
959 1512
959 1885
962 1124
962 1140
962 1219
962 1642
962 1903
963 1113
963 1786
964 1140
965 1140
965 1866
966 1683
967 1330
968 1001
968 1202
968 1668
969 1139
972 1037
972 1045
972 1641
973 1150
973 1971
974 1017
974 1203
975 1289
975 1574
976 1211
977 1696
977 1699
978 1828
979 1440
979 1771
980 1849
982 1526
982 1995
983 1033
984 1116
984 1447
985 1029
985 1216
985 1664
986 1367
986 1659
987 1203
987 1928
989 1722
990 1313
990 1360
990 1542
990 1661
990 1807
990 1834
991 1904
992 1349
992 1445
993 1017
994 1322
994 1574
995 1215
995 1224
995 1698
996 1347
998 1327
998 1528
1000 1048
1000 1932
1001 1239
1002 1411
1003 1527
1004 1330
1005 1788
1005 1967
1006 1183
1006 1633
1007 1501
1008 1468
1010 1254
1010 1765
1010 1790
1011 1080
1011 1359
1011 1427
1013 1714
1015 1027
1015 1476
1015 1524
1016 1813
1017 1146
1022 1511
1023 1730
1024 1347
1024 1666
1025 1633
1026 1257
1026 1696
1027 1930
1028 1561
1028 1786
1029 1370
1029 1666
1034 1927
1035 1796
1036 1636
1036 1763
1038 1397
1039 1484
1039 1661
1040 1499
1040 1566
1041 1747
1042 1098
1042 1157
1042 1400
1043 1990
1044 1236
1044 1250
1044 1492
1045 1055
1045 1887
1047 1155
1048 1779
1049 1239
1049 1412
1050 1249
1051 1703
1052 1510
1053 1983
1055 1219
1055 1469
1055 1676
1056 1120
1056 1949
1057 1392
1057 1612
1057 1681
1057 1703
1057 1801
1057 1874
1058 1324
1058 1475
1059 1350
1059 1882
1059 1922
1060 1533
1060 1753
1061 1175
1061 1285
1061 1463
1064 1080
1064 1966
1065 1288
1065 1374
1065 1394
1067 1182
1067 1761
1067 1776
1068 1190
1069 1183
1069 1394
1070 1084
1071 1432
1071 1606
1071 1928
1072 1730
1073 1547
1073 1908
1074 1238
1076 1748
1078 1587
1078 1944
1079 1587
1079 1918
1080 1158
1082 1166
1082 1287
1082 1603
1082 1893
1083 1225
1084 1088
1086 1487
1087 1792
1089 1377
1090 1250
1090 1832
1090 1890
1091 1618
1091 1690
1092 1507
1093 1177
1093 1253
1094 1613
1095 1253
1096 1357
1096 1455
1097 1736
1098 1903
1099 1299
1100 1631
1100 1950
1101 1509
1101 1607
1101 1945
1102 1405
1102 1580
1106 1871
1109 1367
1109 1865
1109 1940
1109 1965
1112 1529
1113 1976
1116 1791
1116 1913
1118 1803
1118 1835
1118 1961
1119 1372
1119 1380
1120 1378
1121 1334
1124 1391
1125 1316
1125 1663
1125 1764
1125 1915
1127 1480
1128 1804
1129 1453
1131 1866
1131 1936
1133 1588
1134 1142
1134 1710
1135 1458
1136 1461
1137 1466
1137 1886
1138 1435
1139 1423
1140 1579
1140 1869
1142 1175
1142 1648
1144 1479
1144 1934
1146 1437
1147 1252
1147 1392
1148 1549
1149 1436
1149 1944
1150 1725
1151 1296
1152 1875
1153 1504
1153 1749
1153 1776
1154 1202
1154 1308
1154 1625
1154 1687
1156 1213
1157 1477
1158 1647
1159 1491
1159 1628
1159 1813
1160 1206
1160 1234
1160 1321
1161 1495
1162 1800
1163 1825
1164 1187
1164 1439
1165 1576
1166 1951
1166 1988
1169 1765
1170 1910
1171 1932
1172 1455
1175 1403
1175 1474
1175 1606
1175 1660
1175 1711
1176 1283
1176 1902
1177 1256
1177 1561
1179 1392
1181 1440
1181 1823
1182 1257
1182 1349
1182 1624
1182 1799
1182 1938
1183 1474
1184 1932
1185 1672
1186 1591
1187 1192
1187 1558
1187 1714
1188 1502
1188 1765
1188 1841
1189 1307
1191 1594
1192 1481
1192 1561
1192 1626
1192 1633
1193 1848
1195 1317
1195 1806
1195 1880
1196 1283
1197 1714
1197 1852
1197 1967
1199 1654
1200 1756
1202 1615
1204 1669
1207 1527
1209 1879
1212 1775
1213 1467
1214 1420
1215 1431
1216 1323
1218 1876
1219 1382
1220 1338
1222 1242
1223 1568
1223 1581
1224 1278
1224 1586
1226 1987
1227 1324
1227 1436
1227 1892
1229 1505
1229 1678
1230 1495
1232 1402
1232 1913
1235 1963
1237 1339
1238 1251
1238 1537
1240 1731
1241 1678
1242 1920
1243 1449
1245 1665
1245 1910
1246 1289
1246 1347
1246 1464
1246 1631
1248 1289
1248 1967
1250 1316
1250 1789
1251 1560
1252 1477
1253 1406
1253 1505
1255 1366
1256 1809
1257 1587
1257 1704
1258 1581
1259 1547
1261 1697
1262 1756
1264 1762
1270 1727
1270 1892
1272 1368
1272 1718
1273 1710
1273 1933
1274 1755
1274 1866
1276 1380
1278 1583
1280 1534
1282 1332
1283 1416
1283 1560
1286 1717
1286 1824
1287 1536
1290 1786
1290 1948
1291 1499
1292 1831
1292 1967
1293 1896
1296 1772
1296 1986
1297 1358
1297 1662
1298 1802
1298 1833
1299 1819
1300 1600
1301 1433
1301 1728
1305 1348
1307 1343
1307 1464
1308 1659
1309 1395
1309 1983
1313 1919
1314 1514
1317 1591
1318 1378
1318 1876
1319 1569
1320 1777
1321 1425
1321 1571
1323 1692
1324 1615
1325 1594
1327 1577
1328 1551
1328 1729
1331 1727
1331 1798
1333 1542
1334 1453
1335 1683
1335 1861
1336 1562
1337 1376
1339 1385
1339 1577
1341 1748
1343 1933
1345 1480
1346 1373
1346 1550
1347 1655
1349 1454
1349 1824
1349 1945
1350 1641
1351 1937
1353 1794
1353 1836
1354 1408
1355 1362
1355 1671
1356 1676
1357 1533
1357 1818
1358 1364
1358 1454
1359 1510
1359 1556
1361 1473
1363 1457
1363 1560
1363 1881
1365 1714
1366 1793
1366 1912
1367 1929
1369 1742
1370 1555
1372 1840
1372 1942
1373 1516
1376 1850
1377 1491
1377 1689
1377 1846
1377 1889
1379 1639
1380 1482
1380 1658
1382 1506
1383 1554
1383 1703
1383 1741
1385 1440
1386 1584
1386 1939
1387 1449
1390 1460
1392 1852
1394 1505
1394 1997
1395 1697
1399 1431
1401 1851
1402 1675
1406 1770
1407 1534
1410 1809
1410 1997
1413 1766
1414 1522
1414 1554
1414 1762
1415 1681
1416 1806
1416 1860
1422 1504
1423 1556
1426 1444
1426 1689
1426 1887
1429 1655
1431 1503
1431 1754
1432 1554
1432 1818
1437 1449
1437 1882
1438 1532
1438 1715
1439 1469
1440 1476
1441 1712
1441 1799
1442 1482
1442 1870
1444 1751
1444 1988
1445 1506
1445 1892
1448 1564
1449 1474
1450 1754
1450 1946
1452 1861
1453 1543
1453 1854
1454 1714
1454 1948
1457 1953
1458 1885
1459 1908
1461 1604
1465 1788
1465 1849
1465 1884
1468 1494
1468 1761
1469 1856
1470 1962
1472 1827
1472 1932
1472 1975
1473 1553
1474 1898
1476 1771
1478 1530
1478 1540
1480 1614
1482 1489
1485 1564
1485 1597
1485 1790
1486 1616
1486 1687
1486 1696
1488 1536
1491 1575
1497 1636
1498 1949
1499 1959
1502 1644
1502 1762
1505 1941
1505 1982
1507 1546
1508 1652
1510 1816
1510 1870
1515 1931
1516 1540
1517 1903
1518 1745
1521 1553
1521 1808
1521 1828
1525 1637
1525 1901
1527 1755
1528 1770
1528 1896
1529 1774
1530 1813
1532 1691
1535 1634
1536 1556
1536 1781
1538 1715
1539 1850
1540 1624
1541 1976
1542 1983
1544 1613
1549 1856
1552 1731
1555 1626
1555 1693
1555 1927
1557 1609
1558 1762
1558 1824
1559 1565
1559 1870
1559 1887
1560 1694
1560 1802
1561 1780
1562 1949
1563 1683
1563 1946
1565 1588
1566 1703
1569 1594
1569 1763
1569 1789
1569 1971
1572 1804
1576 1659
1577 1667
1578 1721
1579 1842
1579 1885
1582 1586
1582 1649
1582 1949
1583 1982
1585 1920
1595 1614
1596 1910
1597 1898
1597 1947
1598 1930
1600 1793
1602 1681
1607 1863
1608 1789
1612 1857
1614 1977
1615 1643
1615 1837
1617 1821
1617 1898
1623 1920
1623 1949
1624 1660
1624 1778
1624 1930
1626 1744
1631 1771
1631 1900
1633 1848
1634 1763
1634 1912
1636 1649
1636 1829
1640 1788
1643 1653
1643 1824
1644 1760
1645 1849
1646 1743
1648 1744
1649 1870
1649 1879
1651 1924
1652 1803
1658 1932
1660 1687
1661 1823
1662 1704
1665 1883
1669 1881
1669 1985
1670 1841
1674 1791
1675 1818
1676 1833
1676 1907
1677 1791
1681 1971
1682 1887
1684 1781
1687 1812
1690 1712
1690 1868
1694 1965
1696 1876
1696 1991
1699 1729
1700 1975
1702 1982
1704 1771
1706 1876
1707 1900
1709 1751
1711 1983
1713 1780
1718 1799
1719 1993
1727 1808
1727 1960
1729 1740
1732 1841
1733 1868
1734 1780
1738 1748
1739 1860
1739 1906
1741 1897
1747 1937
1753 1811
1755 1968
1757 1823
1762 1997
1763 1782
1765 1987
1766 1863
1767 1886
1769 1771
1774 1869
1787 1972
1789 1846
1796 1958
1797 1866
1802 1844
1802 1923
1806 1924
1812 1946
1815 1819
1824 1870
1836 1926
1838 1925
1842 1909
1843 1931
1846 1855
1847 1960
1849 1940
1851 1995
1855 1997
1869 1931
1872 1898
1875 1907
1899 1957
1913 1984
1918 1919
1918 1990
1938 1976
1942 1996
1948 1954
1948 1967
1957 1961
1968 1996
1982 1990
