2000 3014
72
42
3
73
95
31
61
56
35
2
93
48
41
19
5
99
38
17
22
49
19
86
44
1
98
4
84
78
86
45
84
100
11
51
96
5
43
57
4
95
7
53
12
66
6
57
67
98
67
82
29
17
36
66
55
17
35
76
67
1
65
54
95
59
67
5
52
24
30
13
51
22
70
37
49
45
2
55
22
88
53
63
20
65
47
32
96
18
86
48
29
50
19
61
80
31
26
13
27
46
45
14
57
59
41
7
22
86
98
39
59
38
98
15
66
91
27
58
85
69
41
85
55
72
3
8
68
60
14
15
22
57
39
34
48
12
77
92
39
58
3
89
25
80
21
42
74
16
82
80
84
62
57
92
5
81
52
87
44
16
45
29
46
43
35
61
12
83
43
83
20
94
75
98
24
11
95
51
27
77
99
41
30
38
32
4
22
41
92
28
36
93
30
4
57
40
44
34
77
21
30
3
45
83
57
26
91
73
59
83
93
31
31
35
7
52
51
65
43
75
50
35
22
66
9
61
42
49
50
88
1
49
21
9
17
38
35
41
44
48
10
26
97
24
62
11
89
53
48
89
22
9
2
72
97
96
22
62
18
80
29
91
33
99
34
42
86
94
66
15
18
27
14
3
80
4
41
96
47
77
21
15
4
52
76
20
73
15
73
52
60
77
49
66
93
7
42
59
64
12
5
37
75
73
13
100
14
42
52
2
2
78
88
57
29
72
4
29
88
65
15
90
18
2
54
29
67
23
47
38
87
53
17
91
21
85
57
23
93
34
77
15
21
74
95
22
61
33
39
8
66
8
35
51
1
40
82
56
95
1
11
45
33
23
96
69
52
36
97
3
49
43
99
46
30
13
78
19
89
84
97
62
96
75
31
98
82
61
37
14
36
65
83
73
61
48
24
68
89
26
44
7
30
10
80
75
44
72
11
7
48
89
56
16
93
69
22
22
32
41
97
34
6
47
11
72
93
25
3
15
85
96
42
70
90
1
5
20
20
96
13
90
75
62
77
39
87
96
49
82
78
58
93
65
81
95
99
71
49
47
52
40
13
42
94
43
77
62
47
91
13
35
61
89
74
53
41
84
3
7
21
30
91
46
18
27
19
49
74
80
67
27
82
73
2
99
67
85
46
70
34
29
71
70
75
10
70
2
80
47
10
92
54
12
91
54
38
3
80
18
26
64
89
87
50
70
26
70
96
82
25
5
90
94
83
81
20
13
27
21
68
68
57
27
52
30
95
79
80
79
49
92
50
55
51
62
28
84
66
22
97
81
87
47
41
34
34
38
18
66
57
12
37
89
54
21
15
23
3
25
4
43
65
8
1
33
36
6
22
78
89
66
31
49
15
91
79
69
48
16
44
6
25
56
49
70
56
78
70
33
43
21
19
56
46
76
78
35
24
69
99
20
9
28
85
67
71
73
24
6
4
12
59
9
12
87
8
56
85
47
52
71
36
4
55
69
77
25
43
89
72
94
13
20
13
22
13
78
34
25
47
58
22
51
76
2
6
28
50
70
88
56
46
72
80
57
18
30
11
30
10
99
2
23
22
12
30
77
52
77
60
47
14
81
28
28
83
36
9
22
63
52
10
52
75
44
31
56
93
58
36
81
75
69
33
2
78
84
25
73
71
38
56
30
53
36
86
50
97
5
46
75
91
38
40
91
100
26
36
35
77
7
20
2
67
21
48
92
4
61
40
15
11
39
88
67
71
53
88
75
47
7
93
52
92
46
34
88
82
70
8
47
19
48
3
89
90
42
27
17
25
80
59
93
48
90
73
51
7
73
69
41
22
52
62
65
51
70
43
62
89
14
53
34
63
3
48
90
61
55
36
48
37
31
5
94
37
74
97
4
31
37
77
50
53
20
70
98
26
83
37
13
89
29
19
49
52
97
27
87
47
70
44
4
87
78
69
72
61
49
11
89
46
7
98
2
33
32
62
96
88
36
92
54
62
31
17
22
85
31
49
84
11
99
54
47
38
91
96
4
57
53
71
23
35
24
100
83
55
60
31
11
57
29
4
87
26
95
53
78
13
15
52
89
83
52
99
43
18
90
90
45
78
33
63
37
19
20
17
22
24
2
84
71
60
11
80
81
32
80
82
51
26
29
65
54
34
23
11
44
53
78
92
50
67
76
11
71
70
56
97
58
4
42
8
97
15
100
20
63
83
66
37
43
45
49
40
98
36
77
50
91
41
28
83
47
78
87
71
91
77
53
8
39
46
54
5
3
61
58
73
34
95
43
43
83
45
61
8
26
82
44
40
66
33
69
8
79
63
72
2
97
65
68
39
60
56
31
38
81
2
22
33
2
61
62
47
49
28
90
29
39
90
33
81
1
96
15
83
24
32
5
97
8
19
90
30
37
71
74
20
62
55
67
79
38
34
62
64
12
85
18
2
62
43
61
30
40
41
99
18
32
8
83
21
74
98
89
74
41
29
57
3
19
98
58
48
88
95
53
93
90
72
18
14
82
99
50
1
40
33
60
5
49
52
17
93
49
49
97
10
28
31
57
20
66
86
8
92
36
79
36
60
13
72
66
62
44
65
4
69
20
36
9
25
30
17
60
94
3
50
79
54
44
66
100
4
76
42
64
4
28
96
99
98
10
42
22
53
27
97
51
38
71
22
9
58
30
90
25
78
79
79
63
55
4
54
38
38
41
100
24
66
7
43
50
94
77
6
37
53
29
5
89
94
22
83
46
27
27
89
12
67
23
77
74
6
2
93
96
30
75
12
73
70
87
46
34
64
5
77
45
60
23
51
19
57
23
94
17
55
31
12
84
82
65
68
78
93
25
48
100
58
8
27
92
95
64
48
81
51
14
50
38
94
48
59
74
17
50
78
31
98
3
50
22
91
66
32
13
71
100
79
87
33
33
25
37
88
73
27
47
71
83
83
79
75
63
14
15
13
64
93
42
19
1
24
50
80
93
43
52
85
26
47
56
91
99
100
56
21
44
26
72
63
27
60
88
43
20
5
21
24
2
48
29
74
9
9
27
29
9
62
35
44
39
17
66
70
38
85
33
87
54
87
70
39
92
60
94
26
25
40
97
65
62
61
51
56
40
78
70
96
37
25
88
35
2
65
84
24
42
65
38
42
9
37
2
50
39
55
89
41
63
47
61
71
56
33
54
39
8
82
56
44
60
36
54
10
79
84
8
65
84
40
2
21
66
42
22
7
25
86
8
49
9
99
5
60
81
1
45
88
61
21
30
33
25
24
69
46
7
19
80
17
63
25
33
31
15
76
9
96
59
68
16
71
91
6
50
6
26
96
67
70
59
72
94
39
73
78
7
53
28
97
12
34
90
59
1
65
87
86
99
33
85
16
22
47
67
15
83
21
40
50
17
37
38
33
43
47
45
32
74
43
35
61
52
46
100
98
85
67
60
45
17
98
25
64
34
6
45
60
24
26
9
63
30
11
94
8
98
71
50
62
34
17
25
47
55
33
46
10
95
58
21
99
41
12
87
99
63
30
69
21
1
97
81
78
77
1
85
58
93
11
70
8
29
75
93
3
98
15
13
66
80
65
15
18
32
5
41
45
47
8
95
58
49
3
17
87
5
93
91
97
39
67
68
85
85
41
69
35
2
45
52
59
5
37
96
14
98
89
4
29
25
21
21
10
29
43
73
59
41
70
8
47
15
80
58
45
18
90
75
46
100
32
1
56
56
42
54
30
19
18
83
76
80
60
9
14
78
41
52
32
23
65
36
49
4
95
36
76
78
17
58
85
50
36
48
67
12
13
38
98
28
28
98
41
14
17
52
9
52
27
29
14
67
70
48
66
70
72
84
10
93
84
29
33
75
64
87
88
32
41
26
66
55
30
21
41
76
6
79
50
55
21
59
64
74
32
30
39
12
48
70
12
3
93
50
6
81
1
100
98
36
52
17
96
74
64
42
65
25
58
24
77
98
92
41
50
79
82
14
11
98
23
47
12
38
38
89
43
57
100
87
35
86
97
44
80
61
66
60
90
69
76
85
80
24
83
50
1
71
92
100
15
17
31
2
11
72
100
5
80
99
45
76
55
25
74
51
74
81
51
65
70
58
28
74
78
63
23
27
28
34
63
79
34
83
99
54
60
3
80
30
100
44
59
54
78
78
69
27
22
38
15
71
22
85
37
78
84
12
80
81
87
4
23
7
50
96
25
3
3
52
13
29
68
69
22
35
99
37
88
50
87
49
88
45
32
12
96
76
58
56
4
97
62
69
66
27
56
71
47
39
20
45
29
96
12
66
17
57
34
58
76
22
47
15
15
11
27
56
99
59
60
63
77
87
71
58
80
25
19
25
10
32
9
97
37
30
33
30
59
73
61
51
69
97
7
50
98
98
71
26
25
36
97
72
82
28
70
19
93
96
41
68
99
96
58
57
87
19
73
90
60
13
96
83
40
32
73
61
28
7
58
87
14
56
72
61
32
75
91
3
84
93
72
91
89
58
80
50
25
90
64
85
59
93
18
71
45
51
10
76
19
65
75
50
74
10
63
71
16
82
44
40
49
25
0 182
0 1140
0 1636
1 778
1 916
1 1276
2 457
2 1524
2 1586
2 1869
3 62
3 735
4 246
4 814
4 1236
4 1820
5 49
5 290
5 1080
5 1414
6 972
6 1510
6 1900
7 66
7 711
7 884
9 1957
10 1466
10 1745
11 401
11 418
11 784
11 1739
12 531
12 934
12 957
12 1109
12 1683
12 1763
13 324
13 1197
13 1920
14 551
14 660
14 1581
15 1201
15 1271
15 1522
16 381
16 875
16 1067
16 1897
17 110
17 957
17 1259
17 1405
17 1709
18 123
18 466
18 467
18 939
18 1480
18 1687
18 1763
19 442
19 681
19 929
19 969
19 1121
19 1469
19 1552
20 257
21 979
21 1008
21 1470
21 1521
22 1131
22 1197
22 1474
23 402
24 107
24 940
25 429
25 713
25 1316
25 1748
26 637
27 826
27 1018
27 1538
28 1140
28 1333
29 640
29 1402
29 1900
30 585
30 1949
31 201
31 1243
31 1521
31 1670
32 353
32 725
32 1092
33 1491
33 1672
34 1052
34 1449
34 1525
34 1955
35 152
35 658
35 1213
35 1387
35 1730
36 316
36 1534
37 766
37 1727
38 320
38 1104
38 1790
39 837
39 1044
41 495
41 1546
41 1606
42 72
42 140
42 698
43 587
43 696
43 875
43 1943
44 363
44 386
44 1630
44 1751
45 290
45 765
45 1420
46 64
46 601
46 1217
46 1410
46 1843
47 233
47 375
47 1108
47 1311
47 1550
47 1582
47 1807
47 1945
48 1809
49 973
49 1026
49 1753
51 1983
52 94
52 673
52 1167
52 1307
52 1412
53 74
53 272
53 1129
53 1921
54 197
54 421
54 1319
55 214
55 1221
56 328
56 893
56 1746
56 1952
57 208
57 382
57 1192
57 1339
57 1769
58 530
58 1860
59 542
59 1552
60 505
60 547
60 1499
60 1869
61 125
61 1627
61 1807
61 1851
62 96
62 1069
63 263
63 1094
63 1185
63 1228
63 1860
64 773
64 890
64 1099
64 1998
65 217
65 743
65 824
66 424
66 782
66 1006
66 1300
66 1833
67 84
67 306
68 168
68 302
68 990
68 1091
68 1295
68 1627
68 1793
69 217
69 239
69 692
69 1922
70 420
70 1615
70 1887
72 487
72 924
72 1083
72 1294
72 1594
72 1720
73 1788
74 769
74 1250
74 1693
75 836
75 1370
75 1921
76 97
76 310
76 375
76 959
77 155
77 440
78 185
78 262
78 765
78 841
78 1312
79 620
79 982
80 85
80 211
80 486
80 789
80 1282
81 1913
82 192
82 1109
82 1370
82 1392
82 1948
83 105
84 352
84 904
86 521
86 1465
87 225
87 1102
90 469
90 1118
91 395
92 436
92 807
92 1288
93 215
93 730
93 874
94 396
94 538
94 1071
95 216
95 271
95 430
95 867
96 984
96 1051
96 1386
96 1662
97 735
97 1183
98 919
98 972
98 1217
99 238
99 317
99 924
99 1455
100 1045
100 1333
101 220
101 623
101 853
101 891
101 1174
101 1396
101 1739
101 1760
102 701
102 1103
102 1117
102 1778
103 1811
104 128
104 542
104 1951
105 464
105 1859
106 1433
106 1635
106 1937
107 151
107 178
107 1268
107 1639
108 203
108 477
108 681
108 1208
108 1499
109 685
109 1097
111 198
111 932
111 1753
112 1283
112 1555
113 275
113 410
113 1492
113 1620
113 1747
113 1833
114 351
114 601
114 1827
115 142
115 633
115 1102
115 1113
118 1233
119 1947
120 1031
121 1759
121 1871
122 844
122 1808
123 588
123 947
124 561
124 829
124 1452
125 1657
126 261
126 637
126 688
126 1529
127 807
127 1121
127 1764
130 781
130 934
130 1054
130 1073
130 1495
130 1816
131 401
131 467
131 1338
132 1158
133 533
133 732
134 578
134 1507
134 1734
135 187
135 423
135 1282
135 1638
136 450
136 846
136 988
136 1458
137 876
137 1256
138 186
138 275
138 751
138 1171
139 762
139 1420
139 1962
140 1210
140 1591
141 148
141 420
141 544
141 1492
142 1817
143 415
143 794
143 1086
144 286
144 365
144 1335
144 1435
145 528
145 767
145 1108
145 1945
146 1043
146 1365
147 361
147 384
147 621
147 966
147 1112
148 485
148 1269
148 1308
148 1348
148 1630
149 410
149 607
150 1230
150 1787
151 470
151 532
151 1138
151 1446
151 1691
152 1010
152 1629
153 618
153 1455
153 1731
153 1934
154 254
154 1762
155 1546
156 554
156 1408
156 1522
156 1743
156 1939
157 1673
157 1783
157 1853
158 1488
159 1067
159 1364
160 425
160 1402
161 290
161 731
161 964
161 1464
161 1717
161 1861
162 320
162 1671
162 1778
163 243
163 244
163 403
163 1357
163 1622
163 1827
163 1848
163 1975
164 334
164 744
164 876
164 1946
165 351
165 1174
165 1218
166 534
166 1580
166 1880
168 1428
169 476
169 602
169 1519
169 1771
170 1394
171 365
171 1118
171 1358
171 1657
171 1759
172 993
172 1182
172 1203
173 250
173 600
173 604
173 612
173 1011
173 1376
175 705
175 1892
176 353
176 454
176 818
176 1013
176 1894
177 1755
178 622
178 1330
179 1771
179 1779
180 277
180 290
180 384
180 840
181 354
181 1035
181 1516
183 1433
184 826
185 1276
186 723
186 1016
186 1118
187 1892
187 1975
189 538
189 592
189 707
189 755
189 1133
189 1180
189 1775
189 1788
190 337
190 584
190 1101
191 830
191 992
191 1452
191 1595
192 1610
193 866
193 867
193 1794
194 932
194 1578
194 1753
194 1816
194 1819
195 232
195 719
195 733
195 997
195 1596
196 503
196 880
196 1580
197 1507
198 290
198 777
198 1777
199 1609
200 1241
200 1434
201 337
201 433
201 1281
202 458
203 1333
204 206
204 400
204 899
205 1606
206 1263
206 1559
206 1676
206 1691
207 1450
208 1436
208 1911
208 1918
209 416
210 1378
211 1301
212 671
212 1033
212 1226
213 252
213 1358
213 1489
214 379
214 1035
214 1559
214 1782
215 1241
215 1519
216 1108
216 1370
216 1394
216 1447
217 726
217 1563
218 888
218 1001
218 1608
219 1025
220 785
220 950
220 1110
220 1409
220 1612
220 1686
220 1693
220 1874
221 539
221 1335
222 346
222 1692
224 1170
224 1409
224 1784
225 1189
225 1252
226 1396
227 876
227 1013
227 1501
228 694
228 1002
228 1103
228 1702
228 1723
228 1779
229 918
229 1124
229 1161
230 789
230 997
231 821
231 1513
232 922
232 999
232 1457
233 1154
233 1179
235 1772
236 1622
237 635
237 1041
237 1121
237 1356
237 1459
238 875
238 1250
238 1256
239 334
239 764
239 880
239 946
239 1035
240 574
240 770
240 1356
240 1498
240 1605
240 1852
241 1105
242 1008
243 298
243 1003
243 1136
243 1445
244 302
244 510
244 1244
244 1291
244 1884
245 1186
246 936
247 552
248 761
249 1505
249 1564
249 1913
250 336
250 811
250 1479
250 1583
250 1711
251 670
251 1240
251 1580
252 403
252 608
252 617
252 1243
254 1262
254 1465
255 333
255 350
255 1571
255 1815
256 1719
257 326
257 697
257 1376
257 1431
257 1451
257 1664
258 1039
258 1243
259 514
259 762
259 853
259 1130
259 1467
259 1683
260 313
260 1685
261 1843
262 1181
262 1388
262 1487
263 395
263 429
263 682
263 1001
264 632
264 663
264 1137
264 1191
264 1812
264 1968
265 279
265 1775
266 491
266 923
266 999
266 1091
266 1788
266 1965
267 283
267 1019
267 1143
267 1554
267 1850
268 569
268 843
269 299
269 739
269 865
269 1118
269 1135
269 1208
270 1266
270 1674
271 817
271 884
271 1172
271 1944
272 538
272 690
272 806
272 1346
273 463
273 1047
273 1177
273 1460
274 943
274 1559
274 1971
275 1692
275 1837
276 864
276 871
276 1564
277 1773
278 320
278 715
279 559
279 602
279 1376
279 1819
280 1513
280 1979
281 1441
282 297
283 618
283 1912
284 665
284 983
284 1479
284 1864
284 1978
285 1406
286 554
286 846
286 1025
286 1511
286 1952
287 603
287 906
287 1630
288 453
288 712
288 727
288 896
288 1878
288 1980
289 924
289 1031
289 1266
289 1799
290 467
290 701
290 751
290 932
290 1339
290 1393
290 1453
290 1496
291 914
291 1047
291 1379
291 1638
292 362
292 1132
292 1220
293 431
293 795
293 1128
293 1383
294 437
294 793
294 1017
294 1386
295 618
295 1030
295 1377
295 1441
295 1934
296 684
298 1025
298 1377
298 1608
299 790
299 1324
300 631
300 1046
301 882
301 1143
301 1345
302 457
302 1388
303 419
303 554
303 1445
303 1558
304 448
304 500
304 583
304 670
304 1567
304 1732
305 1087
305 1690
306 749
306 1860
307 315
307 1103
308 802
308 1813
309 879
309 1413
310 681
310 1085
311 1107
311 1700
312 939
312 1062
312 1938
313 1000
313 1252
314 853
314 970
314 1226
314 1711
317 966
317 1383
317 1509
318 937
318 1020
318 1257
319 1889
320 1493
320 1879
322 1563
323 408
323 790
323 958
323 1180
323 1192
323 1777
323 1801
323 1963
324 647
324 833
324 1342
325 528
325 773
327 1063
328 454
328 1336
328 1447
328 1698
328 1954
330 945
330 1612
331 740
332 346
332 429
332 1347
332 1418
332 1682
334 430
334 1177
336 409
336 645
336 756
336 1425
337 567
337 870
338 451
338 1501
338 1703
338 1714
339 830
339 1012
340 467
341 1720
342 374
342 391
342 761
342 1884
343 1552
343 1595
344 353
344 382
344 386
344 1355
344 1840
344 1858
345 468
345 1395
345 1934
346 417
346 428
346 1184
346 1816
347 1107
347 1591
347 1671
347 1713
348 374
348 689
348 1171
348 1550
349 827
349 1572
349 1600
349 1912
350 375
350 684
351 677
351 1084
351 1867
352 490
352 806
352 1080
352 1745
353 526
353 1459
353 1707
354 666
354 711
354 1211
354 1342
354 1790
355 401
355 1154
356 696
356 1495
358 385
358 430
358 1499
359 640
360 514
360 1187
360 1554
361 944
361 1212
361 1979
362 938
362 1082
362 1625
363 409
364 791
364 1428
365 1023
365 1173
366 730
366 1025
366 1369
366 1763
366 1804
367 1528
368 1654
369 1138
369 1725
370 1458
371 1050
371 1811
371 1940
372 545
372 678
372 975
373 394
373 437
373 1159
374 1422
376 1591
377 693
377 1063
377 1418
377 1459
378 393
378 564
378 626
378 763
378 1179
379 783
379 1435
380 454
380 882
383 960
383 1904
383 1928
384 1178
385 454
385 604
385 989
385 1471
385 1476
386 1526
386 1680
386 1956
387 531
387 1369
388 1044
388 1641
389 1010
389 1314
389 1355
390 634
390 809
390 1015
390 1238
390 1288
391 444
391 576
391 830
391 1169
391 1208
392 814
393 737
393 748
394 559
394 1211
396 1344
396 1746
396 1986
397 657
399 471
399 1942
399 1976
400 888
400 1695
401 662
401 1066
401 1362
401 1583
401 1699
402 535
402 1489
402 1961
403 1092
403 1101
403 1880
404 1043
405 594
405 1624
405 1874
406 714
406 807
406 928
406 1315
406 1558
406 1683
407 978
407 1012
407 1688
408 421
408 1046
409 537
409 1330
409 1649
409 1819
409 1940
410 561
410 1183
410 1894
410 1954
411 742
411 1633
411 1930
412 706
412 1278
412 1472
413 1122
413 1215
414 803
414 838
414 1358
415 883
415 961
416 718
416 1247
416 1599
416 1883
417 903
417 970
417 1098
417 1228
419 1157
419 1831
419 1897
420 1492
420 1662
421 567
421 656
421 1732
422 649
422 676
422 1374
422 1700
424 1002
424 1082
424 1211
424 1705
425 668
425 689
425 1648
425 1815
425 1983
427 1527
427 1735
428 591
428 1441
428 1718
428 1937
428 1967
429 990
429 1005
429 1699
429 1884
430 644
430 731
430 826
430 1416
430 1944
432 1264
433 1729
434 845
435 590
435 740
435 946
435 1111
435 1158
435 1190
435 1409
435 1546
435 1926
435 1963
436 450
436 1341
436 1583
437 1121
437 1629
438 1859
439 1698
439 1751
440 1296
440 1755
440 1871
440 1922
441 1254
441 1921
442 692
442 1151
442 1297
442 1334
442 1388
443 821
443 931
443 1919
444 1824
445 539
445 647
445 1772
446 1252
447 1039
448 802
448 1170
448 1336
448 1369
449 1389
449 1406
450 855
450 1588
451 1342
451 1363
451 1450
451 1649
451 1833
452 1284
453 816
454 838
454 1074
454 1293
454 1877
455 886
455 1110
455 1722
456 1384
457 760
457 1289
457 1549
457 1664
457 1831
458 1135
459 583
460 871
460 1315
461 867
462 515
462 801
462 1612
462 1982
462 1987
463 827
463 1475
463 1673
464 549
464 751
464 1327
464 1689
465 472
465 881
465 911
466 783
467 1153
467 1535
468 774
468 860
468 1158
468 1921
469 863
469 1718
469 1976
470 680
470 699
471 569
471 615
471 896
471 1811
471 1954
472 538
472 1216
472 1458
472 1669
472 1707
473 838
473 1274
474 1851
474 1968
475 756
475 1000
476 640
476 1007
477 496
478 566
478 582
478 785
478 963
478 1750
479 1687
480 1213
480 1743
483 588
483 1165
484 1178
485 843
485 1365
486 694
488 982
488 1670
489 558
489 1152
490 1247
490 1394
490 1528
490 1846
490 1892
491 953
491 1500
491 1542
491 1607
491 1782
492 1335
492 1633
493 1047
493 1100
493 1102
493 1894
494 683
495 1290
496 617
496 1931
497 607
497 1789
498 1032
498 1302
498 1578
500 743
500 806
500 1453
500 1992
501 679
502 1150
502 1335
503 1482
504 1717
505 826
505 1069
505 1389
505 1682
505 1943
506 909
506 1082
506 1603
506 1909
507 840
508 629
508 683
508 1829
508 1973
509 1304
509 1441
509 1748
510 681
510 890
510 971
510 1465
511 1843
512 1772
513 1313
514 547
514 899
514 1815
514 1844
514 1928
515 991
516 737
516 960
517 999
517 1052
517 1970
518 1023
518 1220
518 1501
519 926
519 1732
520 1228
521 1983
522 722
522 1402
522 1788
523 671
523 1238
523 1865
524 1324
524 1884
524 1890
525 1086
526 1691
528 1147
528 1258
528 1427
528 1951
530 1896
531 859
532 769
532 1243
533 887
534 539
534 946
534 1602
535 638
535 1674
536 1093
537 573
537 637
537 659
537 1008
537 1062
537 1085
537 1318
537 1593
538 718
538 1154
538 1652
539 1034
539 1367
539 1985
540 1524
540 1982
541 838
543 803
543 1462
543 1662
544 721
544 1204
544 1322
544 1589
545 809
546 688
547 574
547 653
547 958
548 996
548 1302
548 1525
549 1321
549 1376
549 1797
549 1875
550 731
550 1015
550 1290
551 976
552 562
552 587
552 1006
552 1774
552 1855
553 1142
553 1310
553 1406
553 1495
554 1052
554 1353
554 1449
555 982
555 1613
555 1879
558 1987
559 1375
560 870
562 1118
562 1311
563 589
563 1887
563 1894
564 1553
564 1579
564 1927
565 579
565 1740
565 1962
566 1246
568 1950
569 849
569 1033
569 1914
570 943
570 1166
570 1523
571 1269
572 930
572 1027
574 706
574 1783
574 1987
575 758
575 798
575 1004
575 1244
575 1319
575 1506
575 1996
576 1323
576 1624
576 1734
577 727
578 1944
578 1963
579 651
579 871
579 873
579 1761
580 975
580 1143
580 1716
580 1732
581 1101
581 1316
581 1612
582 710
582 1787
582 1844
583 1068
583 1258
584 658
585 866
585 1805
585 1902
586 653
586 1684
586 1719
587 974
587 1413
588 842
588 895
588 1971
589 1071
589 1303
589 1883
590 722
590 1000
590 1052
590 1391
590 1946
591 1754
592 778
592 1420
594 925
595 1018
595 1048
595 1709
595 1727
596 668
596 900
596 1058
596 1262
596 1969
597 879
597 1436
598 842
598 1003
598 1112
598 1996
599 968
599 978
599 1591
599 1993
601 1423
602 754
602 840
603 1209
603 1745
603 1773
604 676
605 673
605 1674
605 1876
606 642
606 1412
606 1611
608 1223
608 1853
608 1859
609 1393
609 1505
609 1746
610 752
610 1693
611 1042
611 1230
612 1227
612 1352
612 1447
612 1532
612 1802
615 950
615 1408
616 1162
616 1607
616 1780
616 1944
617 863
617 867
617 1122
617 1385
618 1299
618 1706
619 1386
620 653
620 954
620 1256
621 932
622 650
623 817
623 1016
623 1214
623 1788
623 1918
625 998
625 1012
625 1488
626 1335
626 1500
626 1727
626 1785
627 944
627 1228
627 1442
627 1767
628 1061
628 1695
628 1817
629 1353
629 1568
630 731
630 1650
631 1418
632 866
633 674
633 1030
634 889
634 1049
635 801
635 1578
636 906
637 768
637 1359
638 1263
638 1391
638 1706
638 1875
639 1964
640 648
640 791
640 1294
642 1532
642 1586
642 1937
643 1131
644 1578
644 1868
645 1506
645 1872
646 683
646 1380
647 1065
647 1542
648 730
648 1017
648 1108
648 1137
649 1251
651 1270
651 1275
651 1329
651 1838
652 813
652 954
652 1264
652 1782
653 715
654 1189
654 1354
655 1050
655 1177
655 1249
655 1582
655 1616
656 916
656 1040
656 1256
656 1993
659 986
659 1100
659 1744
659 1914
661 977
661 988
661 1250
661 1608
662 1301
662 1736
662 1896
663 745
663 1983
665 1298
667 1671
668 884
668 1812
669 1192
669 1453
669 1467
670 1162
671 1422
671 1607
672 1078
672 1204
672 1296
674 924
674 980
674 1245
674 1290
674 1469
674 1759
675 811
675 1721
675 1930
676 1504
677 733
677 823
677 1278
678 687
678 1687
679 931
679 942
679 1230
679 1601
680 1262
680 1681
681 1015
681 1023
681 1086
681 1312
681 1987
682 846
682 1343
682 1347
682 1567
683 1352
684 883
684 1258
684 1261
684 1523
685 1266
685 1693
685 1791
686 1237
686 1643
687 697
687 720
687 1952
688 1492
689 1473
690 1495
690 1673
691 1115
692 866
692 944
692 1254
692 1588
692 1725
693 1642
695 1347
695 1511
696 918
696 1909
698 1752
699 751
699 1364
700 1043
700 1308
700 1949
701 1063
701 1955
703 1228
703 1414
704 797
705 872
705 1668
706 1287
707 1175
707 1813
708 1301
710 733
710 1674
710 1694
711 1002
712 1934
713 1865
714 811
714 1716
715 988
715 1594
716 1525
717 1164
717 1464
717 1544
717 1928
718 993
719 722
719 1162
720 1068
721 941
721 1232
721 1632
721 1766
722 1222
725 811
726 1854
727 982
727 1359
728 1020
728 1946
729 1063
729 1297
729 1896
730 1814
730 1958
731 1034
731 1954
732 764
732 1048
734 913
734 1105
734 1421
735 985
735 1531
735 1949
735 1969
736 1091
736 1739
737 805
737 1813
738 968
739 1163
739 1677
740 1869
741 1627
742 1373
743 791
744 933
744 952
744 1120
744 1553
744 1623
744 1727
744 1831
744 1874
745 822
747 1215
748 1796
749 883
749 932
749 1249
750 900
751 850
751 1089
751 1785
752 1092
752 1491
753 885
753 1182
753 1506
753 1703
754 1235
754 1464
754 1988
755 1553
755 1678
756 1322
756 1643
757 833
757 910
758 1250
758 1281
758 1598
759 1002
759 1325
759 1819
759 1826
760 1338
760 1993
761 773
761 895
761 1296
761 1343
761 1884
761 1912
763 1183
764 1001
765 817
765 1414
765 1752
765 1815
767 1035
767 1369
767 1910
768 1211
768 1261
768 1497
768 1891
771 1472
771 1909
772 888
773 912
773 1093
773 1302
774 1346
774 1487
775 992
775 1003
775 1211
776 1148
776 1329
777 1908
778 1516
779 992
780 798
780 1965
780 1979
781 789
781 1005
782 1859
783 892
783 1966
784 942
785 1348
789 1766
790 1546
790 1995
791 1339
792 842
792 1643
793 980
794 831
794 1472
794 1984
795 1010
795 1052
795 1365
796 1635
796 1899
797 1114
797 1152
798 1018
798 1846
799 853
799 872
799 1051
799 1097
799 1154
800 1106
800 1150
800 1887
801 1432
803 1063
803 1497
806 1096
806 1230
806 1650
807 1203
807 1325
807 1644
809 1272
809 1547
811 1892
812 1291
812 1366
815 1524
816 1203
817 1152
817 1209
819 1648
819 1798
819 1869
822 1084
822 1374
822 1719
823 1894
824 1001
824 1126
825 967
826 1239
826 1318
826 1509
826 1917
828 882
829 1054
829 1352
829 1752
830 1030
830 1246
830 1818
831 911
831 1271
831 1275
831 1793
832 1018
833 1688
835 941
835 1046
836 869
836 1519
836 1623
837 968
837 1510
837 1858
837 1995
838 1026
838 1987
839 906
839 1036
839 1208
839 1945
840 1786
840 1951
841 1701
843 1319
843 1540
844 1192
844 1776
845 969
845 1007
846 1198
849 897
849 1017
852 1031
852 1232
853 862
854 1300
855 1457
856 1253
856 1747
856 1788
857 1698
857 1961
859 1084
860 1009
860 1195
862 1886
863 878
863 1114
863 1223
863 1791
864 944
864 1288
864 1991
865 1391
866 1718
866 1841
868 1414
869 1651
871 1005
871 1916
873 1584
874 1990
875 1536
876 1162
876 1739
877 885
877 945
877 1626
877 1783
879 1000
880 932
880 1071
880 1800
881 1499
882 1747
882 1966
883 944
884 1528
884 1598
884 1968
885 1228
886 1966
888 914
888 920
889 1725
891 1417
891 1700
892 920
892 1495
896 922
896 950
896 1483
897 1267
898 1248
898 1891
900 1657
901 1217
901 1680
902 1000
902 1312
902 1639
903 1733
903 1947
904 1022
904 1117
904 1406
905 1166
905 1304
906 1977
907 1966
908 1010
908 1384
908 1560
910 1581
911 1263
911 1449
913 1367
913 1656
913 1798
914 1695
914 1837
915 1079
915 1176
915 1459
915 1580
916 1072
916 1881
918 1614
918 1682
918 1685
919 1094
919 1742
919 1843
920 1308
920 1651
920 1882
921 1584
921 1747
922 947
922 1021
923 1074
923 1252
923 1277
923 1360
923 1595
924 1283
924 1580
926 1363
926 1777
927 1452
927 1779
928 1197
929 1178
929 1414
929 1433
929 1663
929 1769
931 1357
931 1364
932 1915
933 1732
934 1415
934 1618
934 1826
935 939
935 1781
936 1729
937 1217
937 1767
937 1970
938 1084
939 1915
940 1467
941 1683
942 1654
942 1828
944 1719
944 1765
944 1793
944 1826
945 1495
946 1087
947 1738
947 1766
948 952
948 1497
948 1966
951 1234
951 1491
952 1251
952 1298
952 1922
953 1607
953 1826
956 1184
956 1186
956 1692
956 1938
957 1345
958 1413
958 1596
958 1799
959 1177
960 1718
961 1074
961 1970
962 1367
962 1466
964 1452
964 1969
965 1329
965 1651
966 1544
967 1059
967 1378
968 1385
969 1686
969 1896
971 1425
972 1114
973 1454
973 1777
974 1299
974 1897
975 1473
977 1532
977 1717
980 1160
981 1588
982 1448
982 1656
983 1220
983 1684
983 1873
984 1160
984 1836
984 1850
985 1016
985 1540
985 1674
985 1898
986 1176
987 1204
989 1033
990 991
990 1161
992 1194
992 1367
992 1645
993 1628
994 1001
994 1263
995 1205
996 1789
999 1273
1001 1395
1001 1774
1002 1907
1003 1948
1004 1278
1004 1723
1005 1064
1005 1680
1006 1480
1006 1584
1007 1314
1007 1327
1008 1439
1010 1645
1010 1689
1010 1876
1011 1055
1011 1178
1011 1409
1011 1870
1012 1068
1012 1223
1013 1033
1013 1346
1014 1358
1014 1997
1015 1798
1015 1817
1016 1207
1016 1318
1016 1673
1017 1950
1018 1251
1018 1559
1019 1252
1019 1256
1020 1996
1022 1266
1022 1771
1023 1037
1023 1193
1023 1776
1024 1106
1024 1167
1025 1262
1026 1288
1027 1140
1027 1741
1027 1860
1028 1285
1028 1460
1028 1590
1028 1762
1030 1281
1030 1348
1030 1677
1030 1883
1032 1599
1034 1695
1036 1135
1036 1357
1038 1203
1040 1063
1040 1321
1040 1441
1042 1329
1042 1481
1042 1515
1045 1743
1045 1946
1046 1975
1048 1420
1048 1472
1048 1478
1048 1501
1050 1332
1051 1586
1052 1811
1060 1985
1062 1193
1062 1340
1062 1744
1063 1105
1063 1456
1063 1972
1064 1571
1065 1332
1066 1689
1067 1446
1067 1970
1068 1267
1068 1365
1068 1834
1068 1917
1070 1127
1070 1265
1072 1572
1072 1845
1073 1319
1075 1125
1075 1161
1075 1192
1075 1296
1076 1291
1076 1351
1076 1525
1077 1452
1077 1660
1080 1219
1080 1999
1081 1320
1083 1944
1084 1417
1085 1264
1085 1473
1086 1574
1087 1176
1088 1198
1088 1237
1090 1274
1090 1944
1091 1475
1091 1730
1092 1763
1092 1809
1094 1173
1094 1273
1094 1834
1094 1912
1094 1977
1095 1863
1096 1986
1097 1519
1100 1388
1101 1808
1102 1652
1103 1261
1105 1300
1105 1951
1106 1510
1107 1854
1109 1519
1110 1859
1111 1257
1111 1339
1111 1553
1114 1258
1115 1470
1115 1912
1116 1777
1116 1990
1117 1927
1118 1589
1119 1427
1120 1928
1121 1244
1121 1581
1122 1407
1122 1695
1124 1581
1125 1696
1126 1416
1127 1717
1128 1741
1129 1291
1129 1791
1129 1873
1130 1152
1130 1449
1131 1408
1131 1729
1131 1799
1132 1576
1133 1720
1134 1225
1135 1520
1135 1755
1137 1722
1138 1198
1138 1681
1138 1878
1139 1860
1140 1567
1143 1870
1144 1170
1144 1377
1144 1664
1145 1765
1146 1717
1147 1815
1148 1920
1150 1760
1154 1822
1156 1416
1156 1552
1157 1432
1158 1320
1158 1362
1158 1543
1160 1360
1161 1551
1161 1557
1162 1429
1162 1641
1163 1405
1163 1785
1164 1661
1164 1860
1165 1741
1165 1879
1167 1666
1168 1727
1174 1735
1175 1491
1175 1823
1177 1895
1179 1271
1179 1342
1179 1559
1180 1422
1183 1240
1183 1798
1184 1565
1184 1637
1186 1493
1189 1193
1189 1905
1189 1982
1190 1714
1191 1454
1191 1633
1191 1664
1192 1907
1193 1220
1193 1378
1193 1976
1194 1610
1195 1339
1195 1721
1196 1917
1198 1679
1200 1582
1201 1496
1201 1951
1202 1661
1203 1348
1203 1507
1204 1658
1206 1427
1207 1678
1207 1742
1207 1756
1210 1889
1211 1226
1212 1226
1213 1224
1215 1331
1217 1473
1219 1278
1219 1586
1219 1589
1221 1494
1222 1953
1225 1433
1225 1601
1227 1415
1228 1481
1229 1756
1230 1592
1230 1851
1231 1776
1232 1466
1233 1968
1234 1640
1234 1673
1234 1920
1235 1252
1235 1758
1236 1355
1236 1513
1236 1559
1236 1934
1237 1428
1242 1935
1243 1985
1244 1386
1244 1570
1244 1799
1246 1629
1247 1519
1249 1380
1250 1315
1251 1494
1252 1304
1252 1322
1253 1327
1253 1519
1253 1524
1253 1616
1254 1578
1254 1599
1255 1486
1255 1868
1256 1673
1256 1802
1258 1612
1258 1854
1259 1432
1261 1599
1264 1268
1264 1817
1264 1859
1265 1490
1266 1530
1267 1616
1268 1516
1272 1401
1272 1756
1272 1928
1273 1374
1273 1455
1274 1444
1275 1839
1276 1756
1277 1916
1278 1929
1280 1655
1280 1963
1281 1609
1281 1686
1282 1318
1283 1630
1283 1749
1284 1443
1284 1472
1285 1840
1286 1790
1287 1376
1288 1310
1288 1641
1288 1737
1288 1858
1288 1893
1289 1374
1289 1459
1290 1293
1290 1421
1290 1525
1291 1559
1292 1547
1292 1647
1293 1621
1294 1803
1294 1922
1295 1497
1296 1962
1297 1695
1297 1980
1299 1858
1299 1906
1300 1413
1300 1479
1301 1380
1301 1656
1302 1694
1302 1752
1303 1834
1304 1380
1304 1839
1305 1720
1305 1976
1306 1457
1306 1919
1308 1585
1309 1532
1310 1403
1311 1945
1312 1601
1314 1592
1315 1531
1316 1535
1319 1412
1320 1916
1321 1873
1322 1402
1325 1611
1326 1616
1327 1732
1327 1787
1327 1885
1330 1771
1331 1488
1331 1731
1331 1871
1332 1586
1332 1881
1333 1609
1333 1863
1333 1998
1334 1777
1336 1618
1337 1859
1338 1882
1339 1532
1339 1739
1340 1507
1340 1542
1341 1775
1341 1839
1344 1691
1345 1550
1345 1966
1347 1655
1347 1695
1352 1436
1353 1751
1354 1764
1354 1989
1356 1478
1356 1951
1359 1988
1360 1672
1360 1860
1361 1720
1367 1484
1367 1529
1367 1719
1368 1459
1369 1388
1369 1578
1370 1725
1370 1788
1370 1802
1370 1836
1370 1958
1370 1961
1372 1397
1372 1809
1374 1600
1375 1810
1376 1498
1377 1764
1379 1572
1383 1634
1383 1637
1385 1772
1386 1444
1386 1504
1387 1642
1388 1581
1388 1619
1388 1750
1389 1625
1390 1866
1390 1990
1393 1722
1393 1754
1395 1619
1395 1706
1396 1626
1396 1764
1398 1642
1398 1953
1399 1445
1399 1535
1399 1933
1401 1645
1401 1840
1404 1790
1404 1825
1406 1992
1407 1896
1408 1927
1409 1689
1411 1444
1411 1770
1411 1880
1412 1413
1413 1961
1415 1647
1416 1594
1420 1828
1422 1589
1424 1654
1432 1663
1432 1903
1433 1486
1434 1537
1435 1686
1441 1783
1441 1886
1442 1633
1442 1871
1443 1546
1443 1918
1444 1857
1446 1937
1447 1847
1448 1678
1449 1541
1450 1910
1453 1882
1456 1945
1459 1670
1461 1635
1462 1873
1464 1536
1466 1906
1466 1979
1468 1501
1468 1686
1469 1746
1470 1785
1471 1764
1471 1885
1472 1478
1473 1780
1476 1591
1478 1656
1478 1761
1479 1883
1479 1909
1482 1618
1482 1784
1484 1651
1484 1859
1485 1663
1487 1674
1488 1833
1489 1616
1490 1604
1490 1770
1496 1535
1497 1563
1497 1701
1498 1577
1499 1678
1500 1680
1500 1819
1501 1999
1504 1578
1504 1763
1505 1777
1506 1600
1508 1796
1510 1932
1512 1572
1512 1867
1516 1697
1517 1924
1518 1981
1521 1968
1522 1774
1525 1766
1526 1763
1528 1579
1529 1760
1533 1534
1533 1590
1533 1683
1534 1883
1536 1922
1537 1606
1537 1760
1537 1892
1541 1544
1541 1696
1541 1725
1541 1875
1542 1806
1542 1934
1543 1742
1543 1905
1545 1673
1546 1951
1549 1573
1549 1860
1551 1983
1552 1791
1554 1861
1554 1986
1557 1695
1559 1704
1559 1872
1561 1588
1561 1659
1562 1596
1564 1607
1565 1942
1573 1819
1576 1866
1577 1736
1580 1707
1580 1865
1582 1685
1584 1989
1586 1873
1587 1738
1587 1975
1588 1753
1592 1894
1594 1596
1594 1633
1594 1685
1594 1943
1600 1849
1600 1898
1601 1731
1601 1740
1601 1929
1603 1685
1603 1997
1605 1972
1607 1609
1608 1794
1608 1932
1610 1712
1613 1731
1614 1801
1614 1993
1618 1914
1618 1916
1622 1817
1622 1946
1625 1676
1625 1836
1625 1925
1625 1978
1626 1759
1627 1895
1628 1985
1630 1660
1630 1846
1631 1799
1633 1672
1635 1786
1640 1900
1644 1682
1645 1839
1646 1969
1655 1894
1656 1989
1658 1850
1659 1985
1660 1843
1668 1987
1670 1712
1671 1868
1671 1991
1672 1860
1673 1827
1674 1814
1674 1860
1674 1888
1676 1904
1680 1843
1680 1864
1686 1840
1690 1929
1691 1801
1691 1857
1691 1911
1700 1998
1701 1977
1702 1912
1705 1709
1705 1718
1706 1884
1708 1926
1710 1828
1711 1875
1714 1915
1715 1969
1720 1874
1721 1883
1729 1777
1734 1805
1736 1866
1736 1979
1737 1787
1739 1767
1744 1832
1751 1838
1752 1859
1757 1870
1762 1860
1764 1857
1764 1888
1765 1768
1765 1965
1770 1912
1772 1926
1774 1847
1775 1795
1776 1797
1778 1790
1787 1917
1789 1922
1791 1948
1792 1828
1797 1975
1799 1805
1806 1982
1808 1886
1810 1858
1811 1913
1812 1824
1814 1868
1815 1962
1825 1883
1826 1874
1828 1896
1840 1911
1846 1896
1846 1898
1848 1974
1853 1911
1854 1889
1856 1901
1858 1944
1869 1897
1874 1911
1882 1923
1888 1923
1891 1897
1891 1914
1902 1929
1904 1929
1919 1963
1933 1989
1963 1973
