2000 3071
58
90
77
57
23
41
35
16
86
2
1
80
84
10
19
53
13
42
61
11
87
62
78
43
13
86
54
66
80
77
64
67
1
25
100
42
48
66
10
21
35
30
49
31
74
47
36
2
77
86
17
74
8
48
46
97
5
58
100
20
65
45
68
69
41
25
23
62
25
97
92
91
5
13
63
62
10
31
82
14
84
72
35
83
8
57
4
31
28
7
27
88
3
15
44
5
71
83
30
28
91
56
100
45
91
3
52
68
57
36
5
91
6
75
30
39
29
20
37
20
17
62
22
80
41
50
42
72
20
20
12
83
20
97
6
94
31
31
82
22
80
51
44
51
79
64
85
61
9
14
21
24
14
12
98
82
10
94
71
16
1
25
73
43
80
44
76
37
17
15
3
53
91
87
20
91
39
84
68
89
90
85
24
74
36
97
92
100
23
53
85
37
37
20
58
13
77
73
55
16
27
5
37
74
23
45
82
73
29
17
4
26
6
93
94
70
39
33
99
68
51
62
89
85
55
94
2
6
2
80
77
53
96
56
29
20
96
28
90
44
25
48
46
65
7
76
15
90
12
81
71
87
90
76
83
80
49
12
56
84
99
16
57
39
75
81
44
82
35
14
49
7
6
76
17
42
51
69
67
14
85
74
23
12
43
5
73
84
86
54
81
26
77
85
11
84
85
2
45
52
53
69
20
68
31
20
51
44
2
37
19
5
99
50
55
99
46
52
31
43
68
16
54
23
8
30
60
97
1
63
25
97
13
38
93
12
37
78
59
41
26
45
31
3
31
63
10
21
83
7
83
30
16
89
33
2
35
61
5
5
61
18
50
74
65
8
6
3
36
4
40
93
4
64
65
73
44
97
37
84
95
69
31
24
93
5
28
15
71
34
61
44
21
41
1
13
4
38
98
72
31
43
47
81
13
56
16
30
65
2
56
26
94
65
56
24
11
87
46
30
38
65
80
90
19
41
50
13
79
87
66
97
33
10
23
99
32
65
46
35
31
33
21
50
97
84
11
76
33
46
40
13
5
16
42
25
95
72
95
51
20
8
63
23
55
3
56
2
49
68
28
78
78
48
75
63
73
66
87
78
84
51
99
94
87
76
79
53
59
7
26
43
94
55
45
71
91
33
46
18
65
77
84
53
24
54
67
34
89
38
39
33
46
26
23
6
85
48
2
92
91
61
12
96
57
16
84
4
30
83
47
37
21
1
51
92
71
93
41
33
35
56
74
9
79
53
52
46
45
63
90
5
29
48
52
66
14
15
15
68
93
81
50
58
28
19
39
78
71
63
24
71
31
72
82
33
87
90
37
90
81
48
24
83
53
37
71
30
27
45
19
41
2
5
49
28
94
42
28
25
76
31
28
50
30
13
16
37
60
48
56
57
7
53
25
54
80
72
37
35
72
2
41
37
59
13
12
39
74
57
59
7
39
2
43
63
2
6
66
60
71
73
59
21
19
95
7
35
57
26
87
88
79
66
90
73
46
1
16
28
87
96
48
96
93
68
57
33
49
95
93
76
85
20
72
5
28
26
100
95
90
83
23
75
50
66
55
24
46
87
11
73
80
23
2
23
67
66
72
67
93
20
83
10
26
50
15
60
3
61
21
51
24
5
66
32
5
17
39
89
81
22
56
21
10
98
12
19
78
37
53
80
99
40
66
76
42
42
69
94
84
68
87
75
18
60
2
66
78
99
96
4
90
77
44
18
100
6
21
66
87
44
47
81
44
62
33
33
94
71
55
52
14
59
64
32
57
25
22
21
69
11
16
23
53
25
95
81
87
73
51
33
50
71
25
89
43
66
86
12
77
42
64
89
38
54
26
38
85
46
33
1
65
99
84
80
55
36
11
44
42
18
5
38
61
4
14
56
82
27
65
45
61
27
26
59
41
62
5
40
74
28
88
20
77
1
42
51
70
68
10
77
52
94
77
58
75
86
40
13
75
22
22
50
31
93
14
65
34
50
60
36
86
100
79
32
93
99
37
83
5
27
53
28
8
2
23
20
36
79
66
48
79
2
47
44
57
46
27
32
48
41
18
56
52
73
38
5
66
74
35
8
98
93
44
45
35
46
52
4
95
33
21
41
79
55
27
71
10
66
43
50
36
76
38
100
59
58
72
19
58
25
28
1
22
48
66
76
52
2
56
70
69
81
61
5
72
51
62
18
4
62
66
74
98
2
36
41
86
99
6
85
56
70
74
61
77
27
88
94
30
65
6
81
74
20
22
48
73
76
58
7
38
76
71
64
79
11
99
28
77
59
35
94
31
88
32
15
31
6
82
23
65
15
19
30
23
95
5
4
3
98
62
34
44
100
54
35
35
68
69
87
12
48
34
82
6
53
31
23
44
10
33
87
24
4
55
91
25
20
22
67
67
62
50
34
87
42
65
12
37
41
3
50
46
13
60
27
54
45
29
33
10
66
73
22
23
51
8
88
11
66
92
45
43
25
6
62
33
44
55
80
16
13
34
6
17
17
18
5
72
4
77
48
96
13
19
90
58
66
8
40
16
81
41
64
97
94
70
54
84
76
55
49
45
55
9
64
31
39
48
74
52
25
13
48
32
30
32
4
3
12
8
15
56
3
29
78
47
91
73
63
75
47
52
40
88
55
31
48
89
69
53
54
9
54
41
36
22
83
83
64
55
11
96
53
89
13
87
73
84
77
100
15
3
59
27
85
95
51
11
9
88
59
76
11
49
71
93
99
71
52
69
30
75
97
28
10
25
14
35
78
29
75
60
16
62
90
55
21
79
23
91
91
33
44
42
30
1
32
5
64
65
33
65
66
67
73
53
90
49
45
47
25
16
86
22
22
26
8
77
78
14
56
81
24
97
30
25
13
90
21
80
73
47
91
72
33
91
57
13
8
24
29
49
78
3
53
88
6
94
31
24
39
78
19
53
91
27
11
86
10
43
81
22
85
73
44
19
62
44
78
10
57
51
2
78
14
85
60
75
47
98
18
39
21
83
99
60
26
64
72
52
56
13
48
13
47
19
2
50
55
34
32
78
63
43
74
92
68
34
58
30
48
88
16
68
96
29
26
42
99
8
38
3
96
43
91
52
34
3
50
63
35
23
44
71
1
51
21
27
72
33
26
72
45
28
81
28
19
36
30
56
4
55
12
72
60
84
43
64
72
13
96
72
24
83
21
23
60
36
12
61
23
4
38
82
61
100
43
43
51
10
93
99
17
55
87
20
23
48
98
90
43
22
57
62
59
36
30
67
83
61
52
38
70
74
78
20
85
58
85
37
28
41
70
67
4
63
90
99
80
68
51
21
99
80
54
89
99
66
73
57
22
94
74
95
83
21
64
66
4
25
78
14
8
100
26
78
1
32
14
90
92
12
12
8
46
21
80
68
11
83
26
17
2
12
64
77
9
22
18
49
100
19
48
53
29
62
45
43
74
62
35
18
12
51
33
54
21
7
30
5
74
40
6
74
14
65
36
51
28
61
96
13
34
73
93
52
17
97
67
39
31
35
33
74
96
76
11
4
30
54
44
29
77
81
82
55
30
83
76
90
45
39
98
87
4
43
9
39
65
36
73
66
42
92
38
6
61
19
95
50
61
26
74
2
73
97
96
85
59
18
44
89
63
44
6
53
51
52
36
13
51
57
34
98
60
4
19
18
29
72
65
8
43
32
16
45
99
13
92
55
16
73
30
92
40
90
58
20
77
18
73
77
37
15
25
100
42
20
10
56
87
97
53
47
44
37
5
56
44
10
99
56
23
5
46
51
46
95
58
6
45
4
75
24
22
31
18
57
12
62
31
52
62
96
4
71
78
3
68
45
53
72
52
43
3
29
42
33
80
89
99
20
72
71
53
70
13
69
8
55
43
12
99
56
83
38
23
22
76
17
63
10
70
5
28
65
68
82
11
99
40
23
36
76
40
96
19
42
54
5
40
3
24
97
51
16
86
68
11
23
24
41
5
63
94
71
42
16
20
55
71
17
61
76
71
66
14
10
23
96
50
52
7
77
17
16
66
37
28
16
20
28
43
5
89
62
88
38
54
48
22
96
25
79
73
70
41
75
50
95
67
62
26
29
77
86
69
67
27
92
59
92
95
29
8
27
58
38
69
64
50
4
49
23
12
77
52
61
94
28
71
85
100
53
10
61
32
41
64
12
30
37
51
14
31
64
85
48
30
29
17
89
97
86
43
64
1
62
25
38
75
42
70
54
83
61
84
73
71
63
82
2
98
5
10
82
100
73
74
13
26
15
97
91
14
77
49
76
89
99
50
57
80
37
7
8
70
60
2
100
35
53
74
92
16
79
6
61
25
25
71
37
14
44
72
100
15
14
29
56
96
10
80
9
76
14
98
74
31
34
1
14
91
47
79
13
23
33
66
98
43
63
19
39
87
14
4
81
75
66
6
26
95
5
31
9
78
56
53
73
36
85
75
86
83
43
26
10
89
36
42
6
44
22
62
65
16
24
90
79
91
89
7
95
97
64
69
35
15
32
92
91
15
62
85
47
61
86
80
1
34
8
82
14
6
75
56
0 319
1 1424
1 1877
2 640
2 820
2 1392
2 1555
3 387
3 959
3 1198
3 1664
3 1719
3 1858
4 299
4 483
4 529
4 892
5 731
5 1216
6 271
6 1471
8 463
8 477
8 627
8 710
8 1102
9 289
9 704
9 871
9 890
9 1166
9 1395
9 1448
9 1711
9 1772
9 1989
10 60
10 103
10 1137
10 1327
10 1709
11 134
11 449
11 943
11 1314
11 1950
11 1994
12 1076
12 1113
12 1216
13 571
13 713
13 849
13 1313
13 1680
14 208
14 1061
14 1533
14 1957
15 398
15 1139
15 1351
15 1415
16 647
16 909
16 1467
16 1800
17 591
17 1342
17 1787
18 234
18 1102
18 1366
18 1800
19 459
19 1000
20 279
20 1150
21 476
21 832
21 853
21 913
21 1496
21 1506
21 1513
22 130
22 512
22 1160
23 288
23 378
23 662
23 1272
23 1603
23 1746
23 1795
24 250
24 984
24 1445
24 1594
24 1794
25 961
26 1204
27 270
27 686
27 1163
28 728
28 1158
29 1446
29 1801
29 1979
30 317
30 568
30 917
31 313
31 949
32 298
32 598
32 1311
33 70
33 1090
33 1174
34 474
34 552
34 875
34 1052
34 1430
35 436
36 267
36 1608
37 1335
38 86
38 1467
39 344
39 456
39 595
39 676
39 1252
39 1668
40 1466
40 1916
40 1981
41 1328
42 332
42 1750
43 548
43 1673
43 1875
44 424
44 907
44 1359
44 1543
44 1554
44 1908
45 243
45 712
45 859
45 1056
45 1070
45 1249
45 1736
45 1738
46 184
46 383
46 700
46 1028
47 897
47 1478
48 199
48 1134
49 1963
50 776
50 943
50 967
50 1840
51 1165
51 1297
51 1410
51 1447
51 1638
51 1857
52 157
52 1066
52 1773
53 445
53 1912
54 167
54 1761
54 1794
55 527
55 679
56 79
56 892
57 430
57 1397
57 1683
57 1770
57 1948
58 224
58 933
59 957
59 981
59 1007
60 645
60 1744
60 1840
61 272
61 738
61 1625
62 976
62 1495
62 1834
64 405
64 569
64 574
64 595
64 860
64 1359
64 1544
64 1587
65 834
65 1217
66 919
66 1030
66 1791
66 1805
66 1828
67 430
68 121
68 1663
68 1733
69 389
69 758
69 1768
70 1032
70 1216
70 1240
70 1377
70 1457
70 1653
71 802
71 818
71 905
71 1192
72 971
72 979
72 1025
73 357
73 1557
74 559
74 1304
74 1674
74 1974
75 179
76 152
76 374
76 1430
76 1639
77 1000
78 109
78 373
78 405
78 1916
78 1970
78 1975
79 485
79 760
79 1468
80 1182
81 394
81 407
82 460
82 625
83 354
83 1459
83 1935
84 1076
84 1077
84 1830
85 625
85 1382
85 1478
85 1533
86 1189
86 1930
87 274
89 253
89 324
89 646
89 838
89 1975
90 1031
91 196
91 1186
91 1203
91 1470
92 421
92 1748
93 456
93 1470
94 1229
94 1275
94 1512
94 1543
96 310
96 815
96 1375
96 1890
97 354
98 295
98 638
99 370
99 609
99 613
99 835
99 1050
100 1048
100 1330
100 1634
101 688
101 1514
102 243
102 756
102 893
102 1400
102 1518
103 1983
104 112
104 1061
105 1958
107 1018
107 1168
107 1939
108 717
108 1138
108 1809
109 408
109 705
109 758
109 1347
110 325
110 543
110 850
110 934
110 1526
111 608
111 616
111 1169
111 1221
111 1716
112 422
114 303
114 991
114 1929
115 408
115 839
115 1596
115 1597
115 1835
116 145
116 1081
116 1413
116 1810
116 1865
117 460
117 987
117 1136
117 1228
117 1635
118 185
118 714
118 1381
118 1403
118 1704
119 208
119 746
119 1546
120 1132
121 1761
121 1824
122 766
122 1197
122 1344
122 1578
123 1103
123 1404
123 1941
124 202
124 379
124 877
124 1263
126 567
126 781
126 1325
127 1385
128 433
128 692
128 1308
128 1866
129 774
129 1464
129 1601
130 1368
130 1849
131 544
131 665
131 684
131 1485
131 1760
132 1081
132 1946
133 1198
133 1884
134 1204
134 1624
135 541
135 926
135 1337
135 1344
136 870
136 976
137 816
138 372
139 420
139 979
139 1421
139 1531
140 1094
141 414
141 1407
141 1513
142 261
142 1196
143 238
143 1796
144 389
145 1143
146 1871
147 695
147 1645
148 324
148 688
148 1434
149 529
149 949
149 1321
149 1682
150 939
150 1998
151 397
151 824
153 551
153 1198
154 690
154 1334
155 392
155 1037
155 1075
155 1830
156 661
156 888
156 1834
157 570
158 695
158 897
158 1269
158 1842
159 898
159 1132
159 1471
161 211
161 1557
161 1642
162 323
162 632
162 1024
162 1201
163 200
163 1849
164 976
164 1468
164 1999
165 223
165 914
165 1466
165 1650
166 372
166 1597
167 189
167 1700
169 477
169 809
169 901
170 482
170 1377
170 1582
171 638
171 1294
171 1445
171 1540
172 868
172 1253
172 1370
172 1601
172 1612
172 1677
173 1167
173 1254
173 1420
174 841
174 867
174 1799
175 194
175 1544
176 293
176 1152
177 755
177 763
178 1741
178 1991
179 390
179 1479
180 229
180 606
180 1329
180 1431
180 1590
181 444
181 665
181 991
181 1791
182 711
182 766
183 244
183 1618
184 191
184 1141
184 1636
184 1709
186 1678
186 1784
186 1933
187 252
187 576
187 1289
189 1155
189 1329
190 248
190 728
191 397
191 449
191 1567
192 329
192 427
192 790
192 1340
193 560
193 1383
193 1760
193 1776
194 393
194 1279
195 1321
196 1290
196 1352
197 1401
198 369
198 1298
198 1318
199 746
199 913
199 1127
200 417
200 430
201 854
201 884
201 1268
204 394
204 489
204 680
205 211
206 267
206 298
206 787
206 983
206 1162
206 1195
206 1251
206 1313
206 1593
206 1859
207 327
207 1601
207 1622
207 1668
207 1830
209 988
209 1838
210 366
210 900
210 1602
211 289
211 606
211 1720
211 1805
212 488
212 789
212 1777
213 1105
213 1300
214 307
214 1892
215 624
216 427
216 617
217 1476
218 353
218 449
218 666
218 687
218 1099
218 1188
220 311
220 1507
221 279
221 603
221 1106
221 1176
221 1877
222 268
222 771
222 842
222 1201
222 1777
222 1920
222 1976
223 769
223 1130
223 1293
223 1930
224 232
224 1090
225 912
225 1632
226 346
226 729
226 941
226 1600
226 1749
227 906
227 1391
227 1782
227 1847
228 582
228 1356
228 1898
229 336
229 687
229 987
229 1889
230 598
230 816
230 936
230 1419
230 1771
230 1855
230 1878
231 927
231 1976
232 959
232 1014
233 409
233 1334
235 590
235 754
235 1074
235 1502
236 598
236 1272
236 1737
237 388
237 1113
237 1342
238 1094
238 1242
239 257
239 726
239 1857
240 1354
240 1522
241 698
241 1097
241 1521
242 820
242 1062
242 1658
243 1269
244 431
245 1774
245 1988
246 272
246 1228
246 1893
247 906
247 1132
248 538
248 977
249 609
249 1710
249 1766
250 857
250 1605
250 1858
250 1909
250 1987
251 521
251 844
251 983
252 495
252 927
252 1136
252 1815
253 345
253 529
253 969
254 795
254 870
254 1030
255 791
255 1535
256 307
256 1810
256 1956
257 822
258 365
258 640
258 905
259 1097
259 1502
261 1975
262 1219
262 1691
263 544
263 1889
263 1935
264 715
264 1095
264 1814
265 1416
266 489
266 635
266 1520
266 1666
266 1852
267 280
268 426
268 573
268 1682
269 661
269 817
270 1441
271 928
271 1124
271 1737
272 1708
273 869
273 1863
274 623
275 339
276 635
276 846
276 1378
277 1290
277 1333
278 1491
278 1562
279 820
279 1053
279 1937
280 1197
280 1395
280 1889
281 418
281 880
281 971
282 996
282 1613
282 1865
283 549
283 1421
283 1457
284 1267
284 1395
284 1989
285 470
285 519
286 1503
286 1921
287 410
287 653
288 570
288 1408
289 1475
290 511
290 1024
290 1199
290 1454
290 1536
290 1960
290 1979
291 1134
291 1909
292 500
292 672
292 827
293 646
293 677
293 895
293 1182
293 1183
293 1274
293 1685
293 1875
294 1426
294 1881
295 719
295 832
295 1130
295 1684
295 1796
296 483
296 1193
297 924
297 1806
298 452
298 542
298 866
298 1562
299 1484
299 1920
300 608
300 1833
301 553
301 800
301 927
301 1133
302 398
302 425
302 1004
302 1626
303 1502
305 420
305 847
305 1492
305 1554
305 1773
306 539
306 906
306 1039
306 1749
306 1997
307 315
307 1207
307 1915
308 1473
309 539
309 757
309 1475
309 1649
309 1717
310 639
310 1005
310 1219
311 341
311 952
311 1505
311 1592
312 445
312 542
312 1897
313 1173
313 1574
313 1816
314 1845
315 898
315 1687
315 1941
316 414
317 1133
317 1578
317 1725
318 1307
320 383
320 1042
320 1266
320 1325
320 1485
320 1949
322 1594
322 1804
322 1909
323 1191
323 1561
324 883
324 1460
325 627
326 454
326 1004
326 1412
326 1686
327 609
329 434
329 1222
329 1955
331 380
331 440
331 1123
331 1430
332 884
333 479
333 792
333 1131
333 1450
333 1712
334 788
334 1007
334 1122
335 822
335 857
335 1163
335 1548
335 1714
335 1974
337 751
337 1499
338 969
339 871
339 923
340 976
340 1157
340 1519
340 1638
340 1677
340 1704
341 966
341 1967
343 373
343 452
344 1219
344 1975
345 408
345 610
345 675
345 845
345 1066
345 1119
346 425
347 681
347 852
347 1996
348 869
349 918
350 557
351 869
352 403
352 1302
353 1068
353 1183
353 1358
354 362
354 1035
355 422
355 781
356 1038
356 1289
357 393
357 529
360 936
361 1609
362 1132
363 462
363 617
363 706
363 736
363 772
363 1728
364 683
364 948
364 1385
364 1500
365 1545
365 1781
366 498
366 526
366 543
366 1492
366 1711
366 1798
367 977
367 994
367 1603
368 432
368 982
368 1461
368 1491
369 1394
369 1695
369 1993
371 624
371 1363
371 1389
373 463
373 573
373 630
374 844
374 1704
375 827
375 1101
375 1515
375 1590
376 494
376 1438
376 1798
377 1951
378 1987
379 1174
379 1601
379 1605
380 811
380 812
380 986
383 1532
383 1549
383 1596
383 1886
384 698
384 1692
385 614
385 863
385 1289
385 1435
386 1127
386 1479
386 1940
387 560
387 1008
387 1521
388 473
388 546
388 923
388 1591
388 1695
389 678
389 1373
389 1535
390 625
390 1154
390 1553
390 1922
390 1989
392 424
392 1260
392 1528
392 1785
393 1564
393 1790
393 1948
394 1309
395 826
395 1791
398 1310
398 1720
399 774
400 874
400 1233
401 498
402 918
402 1280
402 1610
402 1909
402 1912
403 826
403 859
403 1279
404 1180
405 1355
406 808
406 1646
407 679
407 701
407 851
407 1750
408 433
408 859
408 1197
409 866
409 990
409 1346
410 1190
411 735
411 899
411 1844
411 1904
412 658
412 957
412 1583
413 1509
413 1605
413 1607
413 1847
413 1891
413 1941
414 681
414 1945
414 1989
415 536
415 1573
417 684
417 1271
418 1083
419 592
419 1250
419 1686
419 1708
420 752
420 1449
420 1470
420 1732
421 520
421 1681
421 1871
422 936
422 1341
422 1684
422 1736
423 707
423 1108
423 1123
423 1752
423 1909
424 516
424 547
424 726
424 870
424 1183
424 1380
425 611
426 813
426 1542
427 1121
428 916
428 1066
428 1688
429 507
429 930
430 496
430 1431
432 681
432 1513
432 1644
432 1800
434 885
434 1752
434 1906
436 1369
436 1604
437 1892
438 482
438 913
438 1364
438 1423
438 1777
438 1985
439 580
439 1008
439 1593
439 1982
440 627
440 923
441 464
441 794
441 1284
441 1409
441 1427
442 668
442 679
442 697
442 812
442 1720
443 827
444 1413
444 1454
444 1979
445 531
445 1037
445 1762
446 961
446 1381
447 482
447 1542
448 1069
448 1417
449 1286
450 915
450 1135
451 1981
452 690
452 1924
453 529
453 1341
453 1905
454 1297
455 562
456 487
456 691
456 1098
459 795
459 1054
459 1634
461 1286
462 565
462 1614
462 1815
464 531
464 589
464 604
464 1896
464 1987
466 652
466 1234
466 1893
467 651
467 712
467 1313
467 1486
467 1628
467 1640
468 705
468 754
469 877
470 1107
470 1306
471 1515
472 1220
473 874
473 1188
473 1584
474 549
474 724
475 571
475 1773
476 1409
476 1460
476 1575
476 1681
477 608
478 1699
478 1846
479 490
479 1263
479 1553
480 1090
480 1119
480 1326
481 1096
481 1238
481 1804
482 554
482 893
482 1295
482 1562
482 1968
483 1897
484 575
484 720
485 1147
485 1518
486 562
486 861
486 1299
487 811
487 1743
488 1453
490 1385
490 1953
492 614
492 869
492 1298
493 1004
494 946
496 1125
496 1350
497 552
497 1993
498 680
498 1215
499 637
499 1199
499 1239
500 506
500 538
500 571
500 711
501 758
501 1733
502 859
502 1059
503 536
504 1272
504 1295
505 727
505 756
505 1668
505 1724
506 1386
506 1617
507 885
507 1018
507 1970
509 1474
509 1701
509 1878
509 1883
510 689
510 712
510 733
510 769
510 1171
510 1482
510 1645
510 1729
511 546
511 1057
511 1325
511 1649
511 1995
512 789
512 1121
512 1441
512 1467
513 860
514 1593
515 519
515 818
515 1738
516 1305
516 1399
516 1407
517 1591
517 1836
517 1877
517 1908
518 1465
518 1675
519 531
519 574
519 659
519 674
520 927
520 1883
521 684
521 705
521 976
521 1983
522 1049
523 1181
523 1287
524 814
524 1195
524 1220
525 1979
526 1601
527 531
527 679
527 908
527 1263
527 1485
527 1700
528 1193
528 1409
529 747
529 843
529 1616
529 1728
530 828
530 1649
530 1836
531 987
532 1202
532 1267
532 1335
532 1540
533 926
533 1741
534 1091
534 1151
534 1442
534 1929
534 1961
536 615
536 782
536 898
536 1579
536 1827
537 993
538 1629
538 1781
539 709
539 1269
539 1802
540 754
540 901
540 1217
540 1415
541 1700
542 1266
543 1104
543 1470
544 834
544 920
545 613
545 1506
546 1482
547 1225
548 1369
549 1073
550 1282
550 1862
551 1121
551 1339
551 1774
552 666
552 1735
553 681
553 837
554 687
554 773
554 794
556 1649
557 630
557 766
557 1244
557 1352
557 1658
558 1552
558 1671
558 1940
559 758
559 771
559 1619
559 1652
559 1802
559 1907
560 1013
560 1296
560 1360
563 1754
564 1262
564 1460
565 841
565 1127
565 1675
566 673
566 725
566 1546
566 1561
566 1895
566 1912
567 949
567 1198
567 1428
567 1491
567 1893
568 930
569 1487
569 1812
570 886
570 1023
571 1054
572 1300
572 1351
572 1765
573 581
574 1149
574 1436
574 1531
575 1727
576 622
576 1208
576 1775
576 1832
577 1085
577 1136
577 1783
577 1938
578 776
578 1162
579 1574
579 1584
579 1762
580 1584
580 1682
581 598
581 1406
581 1665
581 1742
582 1837
582 1883
584 901
584 1407
585 1453
585 1560
587 1063
587 1515
587 1664
588 1277
589 695
589 1603
589 1947
590 1269
590 1552
591 778
591 1766
592 778
593 680
593 882
593 1081
593 1637
593 1918
595 971
595 1291
595 1447
595 1646
596 636
597 890
597 1732
597 1957
598 1034
598 1672
599 1055
599 1642
600 742
600 1340
601 1115
602 951
602 1114
602 1485
602 1499
602 1504
603 938
603 1318
603 1640
604 742
605 1085
605 1405
605 1888
605 1939
606 1039
606 1114
606 1190
606 1775
607 1641
607 1960
608 1296
609 738
609 947
609 990
609 1078
609 1756
609 1822
609 1886
610 1399
610 1815
612 1466
612 1537
613 974
614 703
614 834
614 977
615 664
615 860
615 1131
615 1322
615 1501
615 1992
616 1660
616 1807
617 1412
618 1121
618 1260
618 1319
619 809
619 1160
619 1476
620 717
620 1088
621 868
621 1194
621 1712
622 835
622 1152
623 1190
623 1771
624 1204
624 1304
624 1472
626 1276
626 1393
627 694
627 868
627 966
627 1770
628 1656
629 944
629 1636
631 983
632 990
632 1148
633 797
633 1340
633 1431
633 1500
634 1152
634 1893
635 1982
637 865
638 673
638 816
639 904
641 931
641 1148
642 1481
642 1791
643 817
643 829
643 1123
643 1511
644 817
645 736
645 1398
645 1421
645 1814
646 1061
646 1865
647 739
647 1144
647 1291
649 822
649 1258
649 1816
651 1391
652 1820
653 1301
653 1881
654 840
654 1211
654 1247
654 1259
655 1743
655 1841
656 1133
657 929
657 1453
658 815
658 1265
658 1577
658 1975
659 818
659 1299
659 1458
659 1643
660 1409
661 1323
661 1714
661 1797
662 1574
662 1993
663 1200
663 1523
664 1275
664 1813
665 1220
667 801
667 1104
667 1300
667 1564
667 1908
669 1566
670 1171
670 1603
671 722
671 912
671 919
671 1006
671 1022
671 1692
671 1827
672 889
672 1947
672 1989
674 934
675 821
675 854
677 757
677 1900
678 1273
680 1672
680 1777
681 1033
681 1898
682 1608
683 726
683 1463
683 1715
684 1762
685 1300
686 1094
686 1879
687 784
687 893
687 1425
688 785
689 950
689 1173
689 1564
690 813
690 1793
691 803
691 852
691 1290
691 1699
692 966
692 1121
693 1435
694 782
694 1617
694 1941
695 1112
695 1727
695 1932
696 1316
697 1336
698 1509
700 1130
700 1305
701 713
701 800
701 933
701 1540
702 1143
702 1676
702 1782
703 1793
704 1929
705 722
705 924
706 779
706 1765
707 1088
708 878
708 1544
709 804
709 988
710 894
710 1002
710 1235
710 1931
712 948
713 1328
714 1806
716 1141
718 1576
718 1823
719 852
719 1536
719 1591
720 1519
720 1871
721 977
721 1149
721 1877
722 869
723 1008
723 1354
724 1278
724 1918
726 818
728 929
728 1562
729 852
729 1291
729 1472
729 1830
730 1230
730 1939
732 971
733 1166
733 1434
733 1528
734 806
735 1165
735 1747
737 1307
738 1215
738 1542
738 1762
738 1903
739 821
740 1644
741 1514
742 795
742 798
744 807
744 1730
744 1792
745 928
745 1295
745 1858
746 1288
746 1880
746 1921
746 1926
747 1709
748 1074
748 1864
749 1245
749 1437
750 1016
750 1033
750 1731
750 1842
751 848
751 1303
752 853
752 1173
752 1273
752 1566
752 1879
752 1982
753 776
753 1098
753 1278
754 1037
754 1094
757 1556
757 1829
758 1407
759 1434
760 1911
760 1934
761 1025
761 1214
762 1335
762 1880
762 1914
762 1939
763 1919
764 796
764 1443
765 861
765 1130
766 838
766 1067
766 1750
766 1994
767 946
767 1419
767 1732
767 1952
768 1010
769 996
770 776
770 1261
770 1418
770 1597
771 788
771 827
771 1150
771 1329
771 1733
771 1855
772 1124
772 1235
772 1428
772 1473
772 1658
772 1786
773 984
773 1483
775 1358
775 1848
775 1925
776 1120
776 1426
776 1526
776 1960
777 1603
778 927
778 1950
779 1066
779 1544
780 783
780 1598
780 1928
781 797
781 1650
782 994
782 1785
782 1876
783 1688
784 952
784 954
785 1104
785 1140
785 1300
785 1771
786 1011
787 1748
788 991
790 1019
790 1338
790 1723
790 1728
791 1134
792 887
793 1853
795 865
795 1238
795 1657
795 1926
796 1558
796 1577
797 1079
797 1401
797 1795
798 1068
798 1719
799 1290
799 1425
799 1650
799 1688
800 1098
801 1113
801 1533
801 1981
802 804
802 921
803 1410
804 1625
805 891
805 1446
805 1793
805 1837
806 1335
806 1460
808 1513
809 1599
810 1092
810 1197
810 1269
810 1273
811 1214
811 1877
811 1987
812 896
812 969
812 1387
812 1683
813 1330
813 1396
814 927
814 1648
814 1952
814 1981
815 1230
815 1777
816 1334
817 1761
818 1253
819 1597
820 1221
820 1376
820 1512
822 1775
823 859
823 1247
824 1277
824 1398
824 1409
824 1855
825 1424
826 1634
827 1248
827 1356
827 1530
828 1161
828 1214
828 1221
829 1591
831 1096
832 871
832 1133
832 1477
832 1664
832 1882
833 1506
833 1856
835 1077
835 1927
835 1978
836 1036
836 1714
836 1883
837 1235
838 1574
839 1205
840 1379
840 1504
841 1302
841 1904
842 1490
842 1972
845 1010
845 1463
845 1911
845 1942
846 1251
846 1294
846 1686
847 1453
848 911
848 1234
848 1894
849 1128
849 1159
849 1568
850 1630
851 1119
852 885
852 1390
852 1626
855 1085
855 1309
855 1435
855 1543
855 1561
856 1060
856 1493
856 1945
857 1494
858 1318
858 1725
859 942
860 1308
860 1592
860 1900
863 1242
864 1796
864 1806
864 1887
864 1938
865 1282
865 1292
865 1409
865 1755
866 1428
867 911
867 1718
867 1927
869 1243
869 1433
869 1538
870 1842
871 1586
872 1249
872 1308
873 1478
873 1979
874 1886
875 1045
877 1984
878 1767
879 1725
879 1921
880 906
880 1152
880 1975
881 1264
881 1317
881 1319
881 1442
881 1558
883 1534
885 1071
885 1175
885 1392
886 1938
887 1144
888 1101
888 1481
888 1522
889 1102
889 1141
889 1873
890 1851
891 1399
891 1514
892 1977
893 1036
893 1370
893 1405
894 1184
894 1487
896 1177
896 1969
897 1137
897 1204
898 904
898 1118
898 1961
899 1257
901 1205
901 1964
902 1197
902 1807
903 1577
904 986
904 1542
905 1762
906 1291
906 1357
906 1796
906 1956
907 1234
907 1690
908 1042
909 1302
909 1609
910 1247
910 1592
910 1742
911 1426
911 1932
913 926
913 1321
914 1979
915 1113
915 1142
917 925
917 1079
917 1816
917 1960
918 1100
918 1479
918 1513
918 1846
919 1746
919 1801
921 1241
921 1837
921 1918
922 1973
923 1205
923 1959
924 1156
924 1678
926 951
926 1217
926 1532
927 1524
928 1257
929 1333
929 1608
930 1829
930 1936
930 1975
931 1036
931 1144
931 1668
931 1702
931 1959
932 964
933 1056
933 1461
934 1607
935 1212
936 1024
936 1080
936 1548
936 1761
936 1859
937 1402
937 1703
937 1950
938 1191
938 1804
939 1149
939 1983
940 946
940 1097
940 1383
942 1565
943 1244
943 1523
944 1298
945 1021
946 1757
947 1212
948 1364
949 1765
950 994
950 1509
950 1520
951 1127
951 1549
953 1644
954 1172
954 1557
955 1401
956 1985
957 1779
959 1831
960 1330
960 1806
960 1815
961 1811
961 1850
962 1916
963 1008
963 1489
964 1074
964 1272
964 1345
964 1448
964 1677
965 1118
965 1330
965 1635
965 1913
966 1286
966 1393
967 1565
968 1812
969 1333
970 1149
970 1455
970 1793
971 1413
972 1971
973 1186
973 1251
973 1628
974 1169
975 1820
976 1215
976 1793
977 1980
978 1435
978 1497
978 1815
979 1523
980 1323
980 1507
980 1741
981 1374
981 1621
981 1757
982 1991
983 1463
983 1998
984 1161
984 1353
984 1883
984 1983
984 1993
985 1293
987 1314
987 1651
988 1802
989 1579
990 1091
990 1485
991 1284
991 1596
993 1595
994 1540
995 1133
995 1782
996 1476
996 1515
997 1000
997 1227
998 1017
998 1805
998 1922
999 1170
1000 1276
1001 1043
1001 1844
1002 1215
1003 1089
1003 1605
1003 1886
1004 1813
1005 1444
1006 1990
1007 1237
1007 1830
1008 1279
1009 1397
1010 1660
1010 1886
1011 1046
1012 1910
1013 1174
1013 1278
1013 1547
1014 1536
1014 1602
1014 1621
1015 1123
1017 1226
1019 1892
1020 1400
1020 1524
1020 1711
1021 1402
1022 1374
1024 1355
1026 1851
1027 1130
1027 1153
1027 1534
1028 1702
1029 1541
1029 1962
1030 1379
1030 1518
1031 1387
1032 1314
1035 1581
1035 1874
1036 1187
1037 1197
1037 1539
1038 1586
1038 1678
1038 1685
1039 1688
1040 1282
1040 1968
1041 1363
1041 1802
1042 1223
1042 1303
1042 1946
1043 1238
1043 1437
1044 1203
1045 1098
1047 1347
1048 1241
1048 1264
1050 1266
1050 1564
1050 1747
1051 1330
1052 1459
1052 1734
1052 1903
1053 1835
1054 1333
1054 1585
1055 1102
1055 1267
1055 1723
1056 1447
1057 1448
1058 1266
1058 1736
1059 1418
1059 1464
1060 1410
1061 1070
1061 1168
1061 1265
1062 1400
1063 1537
1063 1775
1065 1081
1065 1340
1065 1763
1066 1612
1067 1322
1067 1367
1069 1340
1069 1342
1069 1871
1071 1285
1073 1136
1074 1659
1074 1800
1074 1827
1074 1878
1075 1366
1075 1532
1076 1376
1076 1796
1077 1412
1077 1605
1078 1358
1079 1952
1080 1796
1080 1808
1081 1968
1082 1160
1082 1889
1084 1203
1087 1742
1087 1763
1087 1839
1088 1809
1088 1846
1089 1459
1091 1290
1091 1777
1091 1940
1092 1170
1093 1328
1093 1934
1096 1286
1096 1489
1097 1608
1097 1626
1097 1656
1098 1994
1101 1330
1101 1342
1101 1575
1101 1906
1103 1726
1103 1837
1105 1508
1105 1802
1106 1469
1106 1927
1107 1322
1107 1447
1107 1744
1108 1346
1108 1770
1109 1128
1109 1662
1110 1216
1111 1545
1111 1761
1111 1835
1112 1347
1112 1992
1113 1351
1113 1589
1113 1752
1115 1384
1116 1947
1117 1480
1117 1776
1117 1841
1118 1360
1118 1397
1118 1485
1119 1346
1119 1562
1119 1573
1123 1161
1123 1756
1125 1934
1126 1547
1126 1997
1127 1213
1127 1629
1127 1642
1128 1773
1128 1879
1129 1491
1129 1948
1130 1158
1132 1380
1132 1825
1133 1275
1133 1343
1134 1568
1135 1661
1135 1794
1136 1385
1137 1423
1137 1751
1137 1866
1137 1887
1139 1499
1140 1411
1140 1443
1140 1731
1141 1314
1142 1448
1144 1753
1145 1884
1146 1377
1146 1623
1146 1743
1147 1333
1149 1885
1150 1272
1150 1749
1151 1311
1151 1333
1153 1443
1154 1508
1154 1878
1154 1903
1154 1914
1155 1273
1155 1945
1156 1727
1157 1172
1159 1441
1161 1389
1161 1666
1162 1503
1162 1746
1163 1420
1163 1454
1164 1474
1164 1559
1166 1713
1166 1983
1167 1763
1168 1483
1168 1967
1169 1405
1169 1647
1169 1735
1171 1521
1172 1293
1173 1318
1174 1380
1174 1570
1176 1280
1176 1586
1176 1923
1177 1482
1177 1979
1178 1236
1178 1408
1178 1606
1178 1765
1178 1767
1179 1212
1179 1484
1179 1760
1179 1876
1181 1640
1182 1685
1183 1290
1183 1538
1183 1613
1185 1496
1186 1740
1186 1956
1187 1225
1187 1314
1188 1543
1188 1581
1188 1950
1189 1597
1190 1203
1190 1480
1190 1481
1190 1834
1191 1526
1191 1640
1192 1392
1194 1534
1194 1950
1195 1328
1195 1455
1196 1592
1196 1835
1198 1610
1199 1260
1199 1862
1200 1890
1201 1581
1203 1305
1203 1402
1205 1518
1208 1808
1209 1217
1210 1489
1211 1455
1211 1579
1213 1257
1214 1252
1215 1896
1215 1967
1216 1434
1216 1996
1217 1404
1219 1892
1220 1430
1220 1678
1220 1721
1221 1385
1222 1262
1222 1489
1226 1505
1226 1838
1228 1284
1228 1359
1228 1435
1229 1719
1230 1645
1230 1860
1231 1500
1232 1275
1232 1834
1234 1865
1234 1929
1235 1257
1236 1375
1236 1772
1237 1380
1237 1588
1237 1831
1239 1465
1239 1665
1240 1546
1242 1753
1243 1891
1243 1926
1244 1454
1247 1353
1247 1428
1247 1530
1248 1349
1249 1373
1249 1553
1249 1948
1250 1650
1250 1671
1251 1955
1253 1362
1253 1584
1254 1723
1254 1969
1256 1483
1256 1782
1257 1358
1259 1667
1260 1298
1261 1704
1262 1500
1263 1756
1263 1829
1263 1904
1264 1742
1266 1708
1268 1483
1268 1677
1270 1984
1271 1785
1272 1299
1272 1998
1273 1506
1275 1827
1276 1394
1276 1673
1276 1889
1277 1314
1278 1286
1278 1667
1278 1797
1280 1771
1281 1616
1281 1930
1283 1783
1284 1382
1286 1352
1286 1952
1290 1430
1290 1780
1292 1547
1292 1568
1293 1881
1294 1363
1295 1734
1298 1619
1298 1764
1299 1940
1300 1735
1300 1876
1301 1807
1301 1907
1302 1883
1304 1539
1304 1725
1305 1566
1305 1643
1306 1392
1306 1483
1307 1409
1307 1845
1307 1904
1308 1561
1309 1446
1309 1541
1310 1689
1311 1357
1311 1599
1311 1704
1312 1567
1312 1712
1312 1874
1313 1716
1313 1914
1314 1411
1314 1558
1314 1774
1315 1371
1315 1586
1315 1642
1317 1383
1317 1439
1318 1889
1319 1586
1319 1759
1319 1841
1319 1845
1320 1527
1321 1590
1322 1792
1324 1347
1324 1578
1324 1906
1325 1344
1325 1569
1325 1732
1326 1410
1327 1740
1328 1593
1328 1895
1330 1894
1337 1717
1339 1404
1340 1381
1340 1901
1341 1580
1342 1356
1344 1404
1344 1775
1346 1843
1347 1441
1347 1990
1349 1385
1351 1734
1352 1693
1354 1362
1355 1691
1359 1381
1360 1387
1360 1782
1361 1760
1361 1792
1362 1819
1365 1947
1366 1881
1367 1403
1368 1914
1369 1400
1369 1931
1370 1384
1370 1439
1373 1483
1373 1876
1374 1415
1374 1481
1374 1703
1375 1561
1376 1457
1376 1534
1378 1977
1380 1503
1380 1938
1381 1429
1381 1609
1382 1607
1382 1992
1383 1782
1384 1660
1385 1439
1386 1455
1389 1488
1389 1963
1390 1737
1390 1778
1390 1839
1392 1662
1393 1827
1394 1506
1394 1608
1395 1405
1397 1609
1399 1406
1399 1511
1399 1562
1401 1660
1401 1718
1401 1736
1404 1839
1405 1417
1405 1427
1405 1612
1407 1612
1407 1726
1407 1818
1408 1470
1408 1664
1408 1799
1409 1812
1409 1974
1410 1663
1411 1613
1416 1736
1421 1670
1422 1866
1424 1734
1425 1660
1426 1981
1432 1528
1432 1609
1432 1840
1434 1844
1434 1912
1435 1673
1437 1472
1438 1603
1438 1690
1440 1615
1441 1546
1441 1890
1442 1817
1443 1534
1446 1941
1447 1629
1447 1829
1449 1885
1450 1902
1450 1960
1451 1535
1452 1834
1453 1772
1454 1603
1454 1640
1456 1880
1457 1892
1457 1918
1458 1801
1458 1903
1459 1486
1460 1875
1461 1743
1462 1556
1465 1804
1466 1678
1466 1682
1466 1711
1466 1932
1467 1596
1470 1573
1472 1612
1473 1646
1473 1752
1476 1911
1478 1673
1478 1792
1479 1636
1482 1919
1483 1566
1484 1840
1485 1603
1486 1766
1488 1710
1491 1613
1491 1677
1491 1953
1492 1996
1493 1896
1495 1939
1496 1564
1496 1622
1496 1808
1497 1679
1499 1794
1500 1808
1502 1554
1504 1559
1504 1729
1504 1824
1505 1535
1510 1720
1511 1843
1513 1767
1515 1538
1515 1789
1515 1991
1520 1966
1522 1537
1523 1907
1523 1966
1525 1556
1525 1765
1526 1693
1527 1554
1530 1642
1533 1819
1537 1948
1538 1942
1541 1956
1547 1568
1548 1568
1553 1559
1553 1718
1557 1923
1559 1658
1559 1876
1562 1619
1562 1889
1563 1874
1565 1663
1566 1743
1566 1959
1569 1777
1569 1800
1572 1600
1574 1685
1575 1629
1575 1763
1575 1897
1575 1951
1577 1910
1581 1620
1582 1788
1584 1799
1584 1961
1584 1978
1592 1810
1594 1835
1595 1908
1595 1925
1598 1838
1600 1641
1600 1852
1602 1898
1604 1894
1606 1850
1606 1943
1608 1623
1609 1815
1615 1686
1615 1951
1617 1656
1619 1778
1621 1859
1622 1973
1623 1765
1623 1910
1623 1959
1632 1695
1632 1955
1633 1764
1635 1999
1637 1852
1639 1727
1643 1908
1644 1742
1645 1796
1645 1967
1647 1830
1654 1655
1654 1663
1658 1699
1659 1749
1659 1833
1664 1688
1665 1757
1666 1834
1669 1826
1675 1888
1677 1874
1677 1887
1687 1828
1692 1864
1693 1699
1694 1741
1695 1737
1699 1810
1700 1810
1701 1717
1703 1800
1703 1986
1706 1909
1707 1781
1707 1788
1715 1829
1721 1962
1724 1773
1726 1922
1732 1907
1734 1928
1735 1738
1736 1837
1736 1847
1742 1844
1744 1884
1747 1846
1755 1786
1755 1939
1761 1874
1766 1998
1767 1831
1769 1790
1769 1976
1771 1856
1772 1970
1776 1869
1777 1930
1781 1874
1782 1905
1783 1904
1783 1967
1784 1873
1784 1891
1785 1885
1786 1967
1801 1845
1801 1902
1812 1846
1816 1974
1820 1857
1831 1884
1839 1996
1841 1907
1841 1981
1842 1978
1843 1956
1844 1859
1846 1908
1855 1897
1856 1937
1859 1952
1870 1883
1875 1891
1879 1891
1880 1894
1883 1887
1885 1896
1896 1902
1902 1985
1909 1999
1911 1942
1918 1990
1944 1948
1966 1992
