2000 2975
68
58
31
64
97
5
52
83
41
52
34
82
86
22
61
67
5
77
17
88
72
66
31
3
62
19
90
69
5
44
57
49
22
24
80
97
37
100
7
2
16
11
67
11
40
96
8
14
83
5
10
90
4
82
36
69
38
33
87
56
31
83
77
94
98
72
51
54
42
46
86
1
66
29
90
44
27
17
68
34
72
83
64
34
75
55
42
11
88
29
99
20
93
93
5
71
51
89
40
63
47
17
38
92
24
42
25
3
47
26
86
43
94
23
90
59
22
44
75
29
87
89
94
8
98
25
18
100
41
75
41
66
99
53
60
97
3
44
52
71
72
57
2
10
52
61
29
16
77
64
12
56
19
90
58
60
10
31
50
71
53
71
36
2
57
67
63
73
40
71
72
35
42
74
17
73
10
88
8
56
59
40
100
8
78
57
10
19
7
95
73
22
54
38
31
49
54
37
64
17
21
78
64
1
49
49
42
90
85
94
70
45
69
5
67
15
69
44
48
61
42
78
60
36
55
56
13
85
46
94
75
56
57
52
74
3
45
17
66
68
79
89
10
15
16
45
24
95
16
8
83
5
92
44
36
54
87
70
91
78
96
15
85
5
32
93
69
58
21
26
74
62
76
4
4
96
67
62
8
89
79
1
89
8
24
83
11
39
39
62
9
73
89
17
16
70
75
61
73
96
89
59
45
57
37
63
23
51
27
89
52
20
72
31
24
13
51
35
24
24
9
69
9
4
68
46
72
84
62
24
77
61
82
75
1
46
73
54
66
85
40
83
53
81
62
57
61
69
36
50
11
32
99
94
52
87
47
52
81
86
46
57
55
26
14
41
10
43
84
56
100
9
16
27
26
97
67
46
94
94
16
74
2
32
52
38
73
8
33
8
80
2
66
73
20
81
27
97
53
91
53
74
6
44
12
52
4
90
18
70
42
26
90
61
28
71
52
79
49
79
44
87
52
26
19
83
56
75
15
85
95
8
13
54
28
99
42
19
60
67
10
26
69
58
65
2
79
38
67
1
92
4
57
15
39
15
60
93
90
91
56
87
33
71
27
7
10
27
43
57
68
12
88
85
79
26
4
25
34
22
48
62
59
98
69
55
39
57
25
53
69
73
5
96
55
69
66
85
32
78
3
72
66
61
91
5
15
73
57
77
84
28
40
69
42
71
21
73
66
32
89
99
74
93
98
69
72
6
20
58
79
11
42
47
6
60
52
34
62
60
76
7
69
23
90
39
60
17
4
65
45
75
68
68
25
67
24
6
97
29
19
92
50
93
92
43
25
19
56
17
26
26
77
97
33
46
92
4
3
69
52
90
16
23
4
74
47
22
65
75
97
95
42
18
47
41
57
35
30
75
55
22
33
18
24
69
81
89
19
18
1
82
96
6
58
21
19
54
89
61
18
99
53
85
31
96
89
27
13
44
74
67
8
76
69
63
70
96
20
38
73
5
52
75
9
94
74
56
18
32
3
16
23
67
86
6
82
89
8
3
77
87
53
17
98
97
72
85
37
24
63
72
84
74
73
19
83
25
62
100
66
52
43
6
21
29
42
85
73
99
90
51
51
7
100
87
47
73
65
18
80
5
6
38
63
57
71
34
56
97
16
75
69
23
16
61
18
40
64
62
70
58
47
22
68
6
42
90
1
68
23
82
41
80
82
61
14
80
83
56
86
27
43
27
82
69
36
64
71
82
3
54
96
35
100
30
22
93
54
74
9
23
66
91
42
48
49
49
87
46
55
43
57
24
25
62
50
91
32
81
38
94
43
55
66
16
62
28
74
59
84
95
46
49
60
84
100
21
57
71
99
50
35
59
43
96
48
77
50
69
27
42
58
2
12
86
95
15
6
52
94
88
26
90
52
44
79
15
93
83
18
65
32
18
54
56
75
95
20
45
23
29
100
19
77
62
7
50
20
3
8
40
55
70
51
10
21
34
28
40
43
63
99
84
31
75
66
35
86
4
41
85
27
39
58
17
27
31
65
95
53
83
24
4
76
98
98
23
71
63
17
42
64
85
22
80
100
73
47
34
1
77
10
37
91
77
48
3
23
38
83
1
60
45
87
37
58
44
7
54
68
95
77
34
30
84
3
51
70
95
51
86
87
9
44
6
26
7
80
19
31
13
43
70
76
41
72
83
10
69
15
1
80
58
48
93
72
5
28
71
31
51
12
46
65
89
37
73
57
34
10
50
6
55
46
13
90
48
87
92
86
43
61
14
3
50
9
60
40
61
74
38
48
29
24
38
38
26
86
92
29
33
61
94
96
91
76
49
42
25
66
7
11
13
44
21
65
13
68
45
44
14
27
56
33
17
50
96
91
41
75
23
59
13
9
85
45
54
64
29
17
45
5
7
70
89
61
52
57
21
25
77
9
51
70
59
17
69
22
72
87
65
56
94
87
63
12
77
73
48
90
51
98
69
100
88
16
79
20
87
67
90
16
35
46
88
56
42
27
92
99
78
86
15
4
91
76
8
25
72
99
13
7
76
78
49
68
39
59
14
89
23
66
33
70
91
19
16
65
36
49
23
74
97
65
72
93
95
90
97
26
79
76
5
3
15
38
61
100
4
38
47
67
63
96
28
37
27
57
80
68
30
83
19
27
58
53
55
1
29
1
98
10
40
28
20
16
18
36
59
62
55
93
24
82
28
32
33
48
91
16
48
93
6
1
86
36
53
36
94
1
6
99
93
73
55
81
56
31
89
84
65
21
85
100
14
13
24
58
7
51
64
49
24
86
98
57
11
6
84
11
42
26
49
78
39
73
8
22
60
13
3
76
6
94
28
45
29
12
32
82
35
54
83
57
94
49
8
94
33
34
60
62
49
80
34
90
82
98
33
16
69
74
81
52
24
22
70
56
47
95
3
96
25
19
43
6
46
89
80
98
68
75
60
76
89
21
38
54
83
32
16
73
88
27
44
40
72
97
66
54
36
24
67
99
22
32
3
4
46
68
26
56
37
25
61
31
71
17
30
91
94
93
99
15
31
33
15
76
7
76
94
16
77
25
10
8
83
32
48
16
58
2
3
26
79
35
73
6
47
93
16
62
93
42
38
95
100
72
29
81
29
68
48
85
8
90
46
1
39
48
67
14
44
36
4
52
29
100
36
68
94
27
91
52
9
38
33
28
70
66
23
64
57
82
56
85
7
12
30
8
7
67
89
66
75
61
41
47
28
82
68
77
71
5
73
63
78
30
90
30
76
54
42
11
95
12
60
26
2
26
6
61
68
71
11
24
91
28
3
91
18
30
81
28
67
76
28
16
64
87
84
82
46
58
56
40
99
56
59
88
33
65
4
88
24
13
44
27
46
50
50
39
58
21
12
44
66
83
96
49
60
28
9
64
40
53
43
73
12
80
98
18
2
23
91
98
78
65
89
43
41
50
42
6
7
97
91
40
50
57
70
43
94
50
85
18
96
84
37
84
25
58
3
17
70
36
71
36
51
21
46
59
94
10
65
96
98
21
80
94
39
88
56
91
45
96
90
88
78
16
87
91
2
53
26
32
12
25
35
94
87
74
71
30
43
80
27
17
73
88
75
56
23
20
53
84
28
21
93
64
36
4
41
70
7
77
78
7
23
65
5
85
78
46
50
69
20
80
60
75
54
31
57
18
17
49
54
91
72
82
80
64
71
6
76
79
62
35
47
98
19
88
71
62
71
51
6
89
79
75
88
45
33
27
29
60
50
93
9
73
89
84
85
42
81
23
29
59
22
7
53
71
82
37
71
2
87
51
5
8
20
86
61
31
57
55
85
54
36
12
37
79
91
9
5
17
38
26
8
2
27
76
63
77
24
59
62
28
97
19
75
94
19
75
13
54
93
29
13
69
18
30
15
80
22
8
13
35
33
75
7
56
68
57
21
29
61
8
75
14
14
49
84
13
6
56
18
93
41
42
21
26
45
50
53
77
37
48
42
24
70
45
50
24
63
57
2
38
91
7
57
65
24
37
60
28
33
96
30
97
89
91
11
94
11
84
75
57
15
80
4
94
92
23
8
8
8
63
66
64
7
56
57
14
53
60
73
17
55
91
87
86
40
64
36
49
23
12
58
26
70
84
59
97
1
45
44
20
12
49
8
34
59
15
18
7
42
87
19
64
23
59
63
13
34
80
82
46
63
8
8
24
68
67
49
99
47
32
31
26
95
62
41
25
66
87
62
16
79
74
58
16
93
68
86
46
88
37
61
73
16
53
17
54
68
90
35
12
62
92
64
14
71
90
1
35
34
79
32
41
70
11
18
17
2
10
59
56
20
9
31
78
26
41
22
12
11
57
28
97
96
10
100
17
3
76
68
36
36
6
14
65
35
37
52
85
99
74
47
44
14
96
1
61
75
25
81
31
11
34
29
66
85
88
78
98
77
53
40
74
72
28
15
30
28
30
93
8
45
5
34
83
9
30
51
28
96
30
92
11
85
27
86
60
44
28
29
21
24
88
82
42
1
46
42
28
39
46
94
59
31
24
12
66
75
66
65
81
85
29
7
22
34
1
52
74
43
49
45
0 1062
0 1844
1 354
1 852
1 1737
2 976
3 268
3 422
3 660
3 840
3 1367
4 32
4 258
4 372
4 1420
4 1887
5 1283
5 1841
6 1806
7 764
7 1326
7 1442
8 315
9 336
9 710
9 1157
9 1860
10 1241
10 1428
10 1982
11 1726
11 1816
12 316
12 1120
13 547
13 1644
13 1874
14 472
15 1151
16 223
16 243
16 245
16 402
16 552
16 582
16 1096
17 101
17 1494
17 1579
18 411
18 637
18 1330
19 29
19 917
21 1160
21 1622
21 1946
22 270
22 386
22 1732
23 160
23 1610
24 752
24 1246
24 1333
25 1677
25 1777
26 327
26 419
27 1238
27 1591
27 1930
28 319
29 297
29 424
29 1974
30 875
30 1562
31 99
31 374
31 803
31 1972
32 111
32 248
33 252
33 536
33 1705
34 1171
34 1298
34 1523
34 1760
35 1915
36 492
36 1043
37 1866
38 120
38 1283
38 1545
38 1572
38 1868
38 1869
39 81
39 190
39 305
39 488
39 997
39 1012
39 1508
40 116
40 432
40 1486
41 439
42 1333
43 1030
43 1924
44 1069
44 1463
45 375
45 1508
46 544
46 1407
46 1541
48 654
48 908
48 1604
49 748
49 790
49 948
49 1249
49 1337
51 117
51 769
51 1124
51 1923
51 1942
52 143
52 728
52 1346
52 1570
53 1611
53 1749
54 122
54 687
54 1333
55 224
55 971
55 1826
56 688
56 758
56 1480
56 1934
57 311
57 1015
57 1923
58 169
58 356
58 887
58 1110
58 1722
59 128
59 1110
59 1462
60 390
60 445
60 684
60 940
61 324
61 790
61 1094
62 537
62 663
62 870
62 1345
62 1556
62 1652
62 1690
63 453
63 1620
63 1704
63 1829
64 117
64 897
65 433
65 1857
65 1899
66 1125
66 1321
66 1958
67 516
67 595
67 1004
67 1309
67 1565
68 334
68 405
68 581
68 615
69 469
69 1043
69 1262
69 1349
69 1638
69 1995
70 861
70 1620
70 1776
71 579
72 348
72 911
72 1052
73 1793
74 709
75 366
75 795
75 1249
75 1350
75 1389
75 1609
76 548
76 1017
76 1826
77 668
77 733
77 1779
78 289
78 767
78 1449
78 1727
79 103
79 838
79 1060
79 1870
80 192
80 1163
80 1603
80 1926
81 144
81 616
81 1919
81 1992
82 1069
82 1331
82 1958
83 344
83 657
83 742
83 1649
86 477
86 715
86 1296
86 1821
87 522
87 1017
87 1369
88 855
88 1218
88 1266
88 1315
88 1451
89 147
89 302
89 598
89 1251
89 1682
90 352
90 1796
91 1375
92 618
92 925
92 1554
92 1622
92 1635
92 1686
93 169
93 1431
93 1947
93 1987
94 1076
94 1334
95 525
95 752
95 827
95 1147
95 1420
96 1147
96 1247
96 1268
96 1442
98 990
99 281
99 430
99 1992
100 835
101 669
101 747
101 973
101 1742
102 710
102 1051
102 1462
102 1908
103 1940
104 229
104 395
104 464
104 654
104 677
104 1200
104 1204
104 1657
105 312
105 840
105 1166
105 1266
105 1368
106 442
106 529
106 1041
106 1282
107 235
107 817
108 513
108 1219
108 1406
109 507
109 1285
109 1362
109 1893
110 299
110 556
110 1224
110 1268
111 766
111 1859
111 1914
112 930
112 1590
113 208
113 466
113 1469
113 1611
114 241
114 268
114 1859
114 1953
115 816
115 954
116 1027
116 1879
117 465
117 1433
117 1438
117 1595
118 166
120 1657
120 1943
120 1985
120 1993
121 196
121 361
121 1995
122 1513
122 1640
122 1726
123 757
123 1375
123 1567
124 429
124 570
124 1618
124 1779
125 168
125 756
125 1455
125 1870
126 752
127 1087
127 1154
127 1604
128 355
128 602
128 936
128 999
128 1025
128 1040
128 1970
129 836
129 1086
130 1849
130 1896
131 1557
132 199
132 1618
132 1673
132 1769
132 1908
133 229
133 618
134 539
135 1169
136 373
136 1021
136 1941
137 143
137 555
137 757
137 1019
137 1134
137 1253
137 1913
138 324
138 1067
139 1171
139 1901
140 501
140 746
141 459
142 1164
142 1239
142 1880
143 388
143 577
143 1080
143 1746
143 1977
144 155
144 908
144 923
144 1194
145 1526
145 1572
146 475
147 339
147 819
147 1523
147 1924
148 680
148 1013
149 783
149 1814
150 415
150 846
150 1347
151 456
151 856
151 894
151 1174
151 1613
152 960
153 258
153 424
153 626
153 1665
154 1174
155 489
155 905
155 1656
156 373
156 1033
157 1036
157 1062
157 1496
157 1810
158 170
158 1065
159 815
159 1075
159 1326
160 926
161 697
163 658
164 1310
165 199
165 704
165 824
165 854
165 1185
165 1376
166 1649
167 680
167 898
167 1367
168 520
168 1560
168 1616
169 1147
169 1242
170 638
170 1371
172 720
173 1056
173 1589
173 1689
174 467
174 1917
175 949
175 1847
176 197
177 458
177 559
177 1095
177 1279
177 1410
177 1438
177 1852
178 1638
179 744
179 754
179 1825
180 918
181 1541
181 1924
182 1586
183 353
183 765
183 1615
184 957
184 1930
184 1961
185 589
185 1567
185 1812
186 983
187 741
187 1770
188 714
188 1188
189 746
189 1105
189 1314
190 550
190 1463
191 619
191 1305
191 1644
192 613
194 582
194 602
194 615
194 1212
195 1562
195 1680
195 1892
196 1493
197 669
197 997
197 1194
197 1266
198 303
198 543
198 1693
199 554
199 1464
199 1578
200 260
200 657
200 1818
200 1823
201 347
201 918
201 1270
201 1844
202 641
203 649
203 1202
204 407
204 424
204 995
204 1013
205 950
205 1277
206 955
206 1224
206 1393
206 1639
206 1844
207 630
207 1428
208 1611
208 1887
209 551
209 1527
209 1762
210 279
210 1436
210 1883
210 1951
212 820
213 401
213 750
213 1952
214 1431
215 1007
215 1554
215 1932
216 294
217 220
218 1290
218 1439
219 659
219 883
219 1774
220 332
220 662
220 794
220 1366
220 1877
222 353
222 1451
222 1529
222 1781
222 1938
223 313
223 651
223 705
223 799
223 847
223 1147
224 1054
225 597
225 689
226 473
226 726
227 838
227 914
227 1891
228 449
229 975
229 1496
231 527
231 756
232 367
232 485
232 1094
232 1771
233 1303
234 355
234 731
234 871
234 1056
234 1162
235 1907
236 252
236 697
236 802
236 1832
237 417
237 923
237 1079
238 503
239 296
239 944
239 958
239 1184
239 1945
240 1866
241 544
241 1059
241 1228
242 1536
242 1679
243 376
243 426
243 1466
244 439
244 448
245 668
245 1040
245 1050
245 1615
245 1779
245 1967
246 372
247 895
247 1500
248 721
248 736
248 1354
248 1700
249 555
249 733
249 942
249 946
249 1519
249 1622
249 1696
250 584
250 773
250 1392
253 455
253 888
253 906
253 1859
254 840
254 1409
255 1491
256 599
256 1245
256 1277
257 1397
257 1436
258 412
258 1159
259 1400
259 1892
260 1242
262 374
262 1129
263 1126
263 1880
264 766
265 340
265 351
265 1177
265 1734
266 376
266 895
266 1352
266 1408
267 696
267 790
267 821
267 1747
267 1851
268 1097
268 1490
268 1683
269 345
269 477
269 644
269 1250
269 1686
271 604
271 610
271 1951
272 619
272 747
272 1996
273 1821
273 1876
273 1929
274 1066
274 1720
275 1310
275 1632
276 678
276 871
276 986
276 1389
277 971
277 1661
278 384
278 1356
279 664
279 711
279 1039
279 1096
279 1185
279 1333
279 1684
279 1789
280 842
280 1087
280 1476
280 1796
281 1952
282 1600
282 1770
283 1192
284 678
284 1796
284 1838
285 673
285 921
285 966
285 1368
285 1463
285 1545
286 992
286 1517
286 1791
287 928
288 647
289 536
289 711
289 1526
290 435
290 566
290 1933
290 1978
291 1521
292 1326
292 1455
292 1643
293 588
293 1131
295 508
295 1464
296 489
296 723
296 1048
297 365
297 476
298 382
298 1596
298 1724
299 1568
300 1467
301 537
301 626
301 1426
302 497
302 735
302 1005
302 1840
303 1041
304 1084
305 500
305 1028
305 1543
305 1634
306 359
306 630
306 992
306 1049
306 1390
306 1536
307 835
307 1020
307 1217
308 517
308 1115
308 1561
308 1744
309 736
309 1317
309 1413
309 1500
309 1530
309 1721
309 1851
310 1358
310 1599
310 1940
311 1278
311 1620
312 574
312 1715
312 1918
313 964
313 1247
313 1510
314 1043
314 1356
315 1739
316 1801
317 574
317 1188
318 470
318 676
318 735
318 1828
319 545
319 1086
320 495
320 1052
320 1340
321 830
321 1595
322 378
322 665
322 976
322 994
322 1311
322 1410
323 417
323 487
323 930
323 1299
324 475
324 561
324 995
324 1350
325 1950
326 1146
326 1488
326 1875
327 438
327 1756
328 1397
329 690
329 724
329 1456
330 1354
331 1083
331 1669
332 512
332 1464
332 1571
334 849
334 856
334 1127
335 1166
335 1817
336 520
336 1707
336 1730
336 1895
336 1925
337 518
337 1113
337 1218
338 402
338 837
338 993
338 1544
338 1673
339 665
339 968
339 1209
339 1440
339 1848
339 1983
343 1623
344 420
344 1678
344 1933
345 659
346 1108
346 1460
347 798
347 1646
347 1698
348 1280
348 1334
348 1494
349 557
349 1139
350 1200
350 1728
351 767
351 1573
352 595
352 791
352 877
352 1706
354 1080
355 940
355 1623
355 1669
357 762
358 831
358 1248
359 922
360 852
360 1146
360 1443
360 1899
361 462
361 659
361 753
361 824
361 911
361 1506
361 1997
362 1016
362 1775
362 1809
363 1073
364 565
364 1388
365 506
365 739
365 1038
365 1849
365 1995
366 533
366 1205
366 1546
366 1790
367 1823
368 378
368 1237
368 1310
370 719
370 1967
371 380
371 1699
371 1976
372 1581
372 1637
372 1786
373 465
373 1709
374 1217
374 1921
375 889
375 1425
375 1605
376 498
376 766
376 794
376 880
376 1889
377 878
377 1152
378 961
378 1012
378 1899
379 416
379 494
379 1296
379 1511
379 1725
380 1432
380 1773
380 1924
381 447
381 1021
382 785
383 697
383 1081
383 1363
383 1392
384 415
384 425
384 1365
385 1005
386 827
386 1645
388 1012
389 436
389 1482
389 1688
390 819
390 1027
390 1054
390 1437
390 1593
391 548
391 1505
392 480
392 598
392 1037
392 1705
393 449
393 822
393 1031
396 1324
396 1774
397 447
397 1416
398 1420
398 1479
398 1527
399 1965
400 644
400 1241
401 479
401 564
401 580
401 863
401 1114
401 1599
402 1436
402 1610
403 614
403 1730
404 1209
404 1490
404 1502
405 942
405 1396
405 1662
405 1727
406 608
406 1787
406 1948
407 1450
408 622
408 1623
408 1920
409 628
409 771
409 954
409 960
409 1335
410 1068
410 1192
411 497
411 999
412 1105
412 1351
413 417
413 647
413 783
413 864
413 1261
413 1361
413 1935
414 948
414 1268
414 1342
414 1461
416 970
416 1550
416 1755
417 562
417 1010
418 999
418 1226
418 1859
419 730
419 779
420 669
420 841
420 1238
420 1637
421 1945
422 676
422 1375
422 1403
422 1977
423 959
423 1145
423 1610
423 1838
423 1880
424 454
424 674
424 1066
424 1470
424 1586
424 1880
425 1531
425 1676
425 1889
426 1954
427 1399
428 665
428 1234
429 523
429 1971
430 1265
430 1756
431 1527
433 965
434 550
434 1206
434 1351
434 1388
434 1788
434 1807
435 783
435 1230
436 755
437 1575
438 538
438 822
438 1827
439 1004
439 1689
440 1107
441 1472
441 1944
442 1008
442 1331
442 1521
442 1604
443 717
443 1177
443 1611
444 1538
445 957
445 1932
446 1954
447 1466
447 1570
447 1578
448 1081
449 556
449 650
449 685
449 1006
449 1010
449 1304
450 1674
451 1955
452 1032
452 1405
452 1472
452 1945
453 1391
455 1888
456 666
456 1384
456 1435
456 1577
457 461
457 555
457 1285
457 1599
458 460
459 938
459 1335
459 1655
459 1949
459 1992
460 1112
460 1611
461 1216
462 747
462 768
462 1326
462 1393
463 947
463 1876
464 1090
466 859
466 1424
467 954
468 1795
469 627
469 1164
469 1240
469 1512
469 1675
470 710
470 1161
470 1935
471 1316
471 1387
471 1490
471 1507
471 1523
471 1697
471 1752
473 1338
474 1154
474 1615
475 804
475 1101
475 1541
475 1890
476 957
477 680
477 1156
477 1998
479 567
479 1001
479 1758
480 743
480 762
480 1325
483 907
483 1165
483 1777
483 1911
484 496
484 795
485 562
485 1004
485 1249
485 1285
486 500
486 1638
487 673
487 1102
487 1468
488 636
488 712
488 827
489 1957
490 1005
490 1128
491 599
491 799
491 1418
492 1249
492 1574
493 1205
493 1457
493 1532
493 1965
494 500
494 642
494 1144
494 1636
494 1874
496 1686
497 548
497 1596
498 1252
499 1703
500 646
500 1809
501 817
501 1976
502 648
502 971
502 1482
502 1560
502 1959
503 805
503 1474
504 747
504 1008
504 1162
506 977
506 994
506 1004
507 1034
507 1362
508 572
508 1308
508 1914
509 1862
509 1904
510 1852
511 877
511 1286
511 1289
512 1569
513 531
513 1411
513 1958
514 606
514 661
515 558
515 1190
516 1329
518 873
518 1539
518 1709
519 665
520 627
520 1228
520 1789
521 757
521 1433
522 765
522 850
523 1231
525 1478
525 1793
525 1938
526 1462
527 705
527 831
527 1716
529 1516
529 1575
530 682
530 723
530 1238
530 1926
531 566
531 1998
533 1727
534 763
534 900
534 1047
535 1145
535 1612
536 753
536 827
536 964
536 1662
536 1857
537 1165
537 1190
537 1675
538 798
538 915
539 821
539 1355
541 1374
543 642
543 943
543 1003
544 680
546 906
547 796
547 1167
548 1586
548 1758
548 1961
550 1396
552 1073
552 1098
553 1128
553 1155
553 1660
554 853
554 982
554 1760
555 599
555 1053
555 1461
555 1516
556 1588
556 1669
556 1697
556 1918
557 969
557 1321
558 1885
559 1872
560 991
560 1546
560 1779
561 921
561 1206
561 1758
561 1770
562 1143
562 1519
563 1898
564 1303
564 1793
566 1126
566 1619
571 689
571 697
571 1003
571 1630
571 1740
572 1042
573 590
573 967
573 1570
574 1112
574 1417
574 1602
574 1844
575 763
575 1272
575 1844
576 1715
576 1822
577 1405
577 1845
578 973
579 969
579 1724
580 1236
580 1825
581 610
581 678
581 1244
582 728
582 1111
582 1519
583 983
583 1859
584 666
584 1292
584 1960
586 875
586 1940
587 1344
587 1479
587 1895
588 1233
588 1599
589 951
589 1249
589 1303
589 1652
589 1777
590 638
590 1214
590 1658
591 1304
592 911
592 1344
592 1647
592 1860
593 1728
594 765
594 1098
594 1593
594 1995
595 1675
595 1704
596 822
596 1963
597 1102
597 1886
598 1276
598 1457
598 1919
599 1099
599 1482
600 1685
600 1885
600 1892
603 1636
604 1793
605 1174
605 1346
605 1424
605 1957
606 1006
609 1234
609 1551
611 685
611 1038
611 1233
611 1265
612 683
612 1302
612 1509
613 1311
613 1998
614 1146
614 1612
615 1652
615 1838
616 670
616 1711
616 1839
616 1907
617 1468
617 1818
618 1480
619 1513
620 654
620 1606
621 1546
621 1759
622 690
623 806
623 1286
623 1957
624 1003
624 1859
626 713
626 898
627 1030
627 1765
629 816
629 1085
629 1263
630 1847
631 1153
632 993
632 1391
633 1188
634 1314
635 1260
635 1412
635 1704
636 676
636 731
637 828
637 1962
638 1316
638 1626
639 777
639 1085
639 1361
639 1557
639 1703
639 1893
640 1497
641 1679
641 1828
642 765
642 1371
642 1672
642 1697
643 1239
643 1426
643 1480
644 1283
645 1294
645 1318
645 1569
646 698
647 1232
647 1767
648 1137
648 1771
648 1885
649 1306
650 875
650 1598
650 1628
652 1437
652 1552
652 1668
653 1051
653 1316
653 1545
653 1696
653 1957
653 1996
654 1346
654 1390
655 986
655 1683
655 1946
656 1192
658 1288
658 1410
658 1975
659 916
659 1631
660 1232
660 1432
661 1220
661 1614
662 1023
662 1037
663 817
663 951
663 1339
663 1941
664 1030
664 1041
665 1872
667 1308
667 1620
669 1101
670 1020
670 1401
670 1728
671 717
671 1269
671 1653
671 1669
672 766
672 1523
672 1573
672 1949
673 1040
673 1085
673 1268
674 1771
675 1366
675 1449
676 1021
676 1150
676 1739
676 1856
676 1935
677 890
677 1790
677 1941
678 1012
678 1222
678 1668
678 1723
679 1118
679 1653
679 1676
680 1167
680 1919
681 1441
681 1558
681 1870
683 1532
684 950
684 1713
686 815
686 1083
686 1120
686 1449
687 739
687 1218
687 1280
687 1769
688 835
688 982
688 1673
689 1570
690 827
690 1053
690 1439
691 1788
691 1875
691 1950
692 1287
693 736
693 795
693 833
693 1275
694 1555
694 1796
695 888
696 750
696 901
696 1380
696 1619
696 1780
697 1214
698 701
698 1150
698 1332
698 1380
699 1508
701 720
703 1068
703 1154
705 742
705 1910
706 722
706 1154
707 758
708 1226
708 1686
709 711
709 1120
709 1155
710 719
710 754
710 1166
710 1338
710 1384
711 1475
712 741
712 1205
712 1850
713 1840
715 1410
716 1448
717 1443
718 1725
719 1261
719 1615
719 1692
719 1887
720 1096
720 1263
720 1361
720 1468
721 953
721 1322
722 724
722 859
722 1047
722 1159
722 1969
724 1956
727 985
727 1152
727 1355
727 1554
727 1954
728 820
728 1648
729 1694
729 1868
730 1186
730 1636
730 1861
730 1949
731 1290
732 848
732 1038
732 1143
732 1340
732 1570
732 1741
732 1852
733 746
733 907
733 1049
733 1194
733 1470
733 1689
734 1261
734 1958
735 1297
735 1663
735 1705
735 1746
736 1124
736 1128
736 1213
739 1074
739 1101
740 1507
741 1188
742 868
742 913
743 1588
744 1704
745 884
746 1321
746 1565
747 1440
748 1385
748 1800
749 761
751 1234
752 1569
753 1906
754 1531
754 1589
755 1127
755 1501
755 1576
755 1663
756 1161
756 1535
756 1604
757 864
757 900
757 1060
757 1368
758 1211
758 1967
761 885
761 1081
761 1160
761 1687
762 979
762 1553
763 952
763 1358
764 1527
764 1973
765 1563
766 812
766 921
766 1264
767 914
767 1241
767 1768
768 884
768 1355
769 1292
771 1175
771 1520
772 1503
774 1281
774 1348
774 1756
775 937
775 1241
776 1666
776 1724
777 1029
778 977
778 1597
778 1990
779 1334
780 1221
780 1477
780 1920
781 1579
781 1584
782 1034
782 1121
782 1132
782 1801
783 1462
784 851
785 873
785 935
785 1398
786 1478
786 1563
787 1678
788 1694
789 1787
790 1471
791 824
791 1306
791 1312
792 1992
793 1323
793 1722
794 1068
794 1071
794 1923
795 1210
795 1455
796 987
796 1662
797 923
797 1364
798 1288
798 1574
798 1714
800 1380
800 1671
800 1754
802 1497
803 1134
804 809
804 1168
804 1946
804 1957
805 863
805 942
805 1499
806 1907
807 1003
807 1118
807 1151
808 847
808 1203
808 1214
809 1840
810 1730
811 1247
811 1320
811 1861
811 1904
812 1900
813 1205
813 1992
814 1059
814 1583
816 1086
816 1728
817 1066
817 1931
817 1956
817 1987
818 1435
818 1908
820 1157
820 1428
821 855
821 1685
821 1936
823 926
823 938
823 1064
823 1115
824 1428
824 1893
825 1739
826 1772
826 1941
827 836
828 1492
828 1618
829 1540
829 1911
831 1759
832 896
832 1492
832 1622
833 1974
836 1154
836 1369
836 1832
836 1864
837 1001
837 1915
838 852
838 1167
838 1935
838 1946
839 1227
839 1427
840 1538
842 969
842 1418
842 1767
842 1903
843 847
843 887
843 1177
845 945
845 982
845 1161
846 955
846 1777
846 1864
847 1143
847 1408
847 1638
848 1347
848 1518
848 1908
849 1651
852 936
852 1054
852 1282
852 1324
852 1343
852 1434
854 883
855 1012
855 1259
855 1263
856 1023
858 1003
858 1659
858 1719
859 1144
859 1243
859 1486
860 989
860 1619
861 876
861 953
861 984
861 1358
861 1403
861 1465
862 1290
863 1971
864 911
866 1977
867 1117
867 1670
869 1083
869 1335
870 1262
871 1410
872 1792
874 1078
874 1512
874 1597
874 1922
875 1228
875 1553
876 1282
876 1424
878 1204
878 1310
878 1703
879 1063
880 1249
880 1840
881 1054
881 1388
881 1820
882 1122
885 943
886 1130
887 1987
889 1044
889 1309
890 1791
891 1943
892 1311
892 1931
893 1091
893 1838
894 1701
895 1233
895 1345
895 1449
895 1843
895 1952
895 1973
895 1981
896 1084
896 1273
896 1783
897 1745
899 1012
899 1185
900 1927
901 1824
902 1861
903 957
903 1432
904 1178
905 1659
907 1149
908 1017
908 1388
908 1525
908 1618
910 1195
910 1420
913 955
913 1077
913 1881
913 1920
914 1312
915 935
915 1318
915 1772
916 1070
916 1114
916 1906
917 1021
918 1743
918 1974
919 1010
919 1065
920 1293
921 932
921 1040
921 1570
922 1618
922 1849
923 982
923 1034
923 1410
923 1578
924 1686
925 1526
925 1964
926 936
926 1531
929 1319
930 1056
930 1127
930 1592
931 1311
931 1880
932 1511
932 1785
932 1986
933 1123
933 1529
933 1926
934 1771
935 1010
935 1131
935 1869
936 1987
937 1881
937 1912
938 1533
938 1551
938 1763
939 1311
939 1719
940 1145
940 1296
940 1753
941 1468
941 1553
942 950
942 1235
942 1557
944 1675
944 1832
944 1975
945 1797
945 1896
946 1002
946 1050
946 1428
946 1485
946 1759
946 1828
948 958
949 1277
949 1699
949 1864
950 1193
950 1674
950 1727
950 1999
951 1043
951 1437
952 998
952 1188
953 1398
954 1078
954 1406
955 1146
956 1254
956 1486
956 1675
956 1906
956 1999
957 1507
957 1879
958 1185
959 1304
959 1805
960 1149
960 1555
962 1294
963 1596
963 1675
964 1469
965 1582
968 1565
969 1206
970 1026
970 1222
970 1526
972 1611
973 1921
974 1406
974 1736
975 1843
976 1077
976 1435
978 1014
978 1473
978 1767
978 1865
978 1945
980 1052
981 1197
981 1477
982 1098
982 1142
982 1210
983 1361
985 1352
986 1062
986 1760
986 1992
987 1797
988 1266
988 1864
989 1544
989 1941
989 1981
991 1646
993 1582
994 1194
994 1326
994 1630
994 1705
995 1083
995 1789
996 1074
997 1161
997 1421
997 1950
998 1311
999 1406
999 1534
1000 1121
1000 1501
1001 1292
1001 1378
1001 1739
1001 1808
1001 1928
1002 1524
1002 1877
1002 1882
1002 1931
1003 1563
1004 1204
1005 1139
1005 1890
1007 1377
1007 1448
1009 1475
1009 1528
1012 1714
1013 1092
1013 1661
1014 1242
1016 1414
1016 1723
1016 1787
1017 1362
1018 1703
1018 1721
1019 1627
1019 1967
1020 1125
1020 1315
1021 1266
1022 1104
1022 1572
1023 1391
1024 1173
1026 1486
1026 1505
1027 1255
1028 1487
1028 1733
1029 1683
1030 1699
1031 1377
1032 1605
1032 1942
1033 1229
1033 1770
1034 1572
1034 1895
1035 1714
1036 1166
1036 1864
1036 1951
1037 1393
1037 1529
1037 1869
1037 1891
1039 1346
1039 1736
1041 1142
1042 1326
1042 1404
1043 1046
1043 1294
1043 1459
1044 1295
1045 1054
1045 1479
1046 1758
1047 1743
1048 1168
1048 1195
1048 1372
1048 1530
1048 1641
1048 1940
1049 1364
1051 1170
1051 1561
1052 1077
1052 1462
1052 1610
1052 1701
1053 1458
1053 1745
1054 1708
1055 1292
1056 1637
1056 1764
1059 1627
1059 1791
1059 1989
1060 1596
1061 1514
1062 1184
1063 1096
1063 1426
1063 1662
1063 1913
1064 1236
1064 1257
1064 1925
1066 1799
1067 1616
1067 1712
1069 1791
1070 1420
1070 1528
1071 1190
1071 1442
1073 1465
1073 1681
1074 1825
1077 1808
1078 1276
1078 1868
1079 1115
1079 1497
1079 1693
1080 1491
1080 1619
1081 1442
1081 1600
1082 1475
1082 1534
1083 1611
1083 1630
1083 1769
1084 1509
1085 1289
1086 1564
1086 1905
1089 1254
1091 1727
1092 1744
1093 1365
1093 1602
1093 1907
1093 1919
1094 1946
1095 1341
1095 1978
1097 1547
1097 1761
1098 1231
1098 1965
1102 1477
1102 1605
1103 1307
1105 1491
1107 1664
1107 1975
1108 1407
1109 1351
1109 1665
1109 1849
1110 1675
1110 1855
1111 1304
1111 1610
1111 1894
1112 1351
1112 1590
1113 1157
1114 1385
1114 1624
1114 1712
1116 1422
1117 1337
1117 1461
1117 1469
1117 1770
1118 1785
1119 1233
1119 1246
1120 1544
1120 1832
1121 1481
1122 1575
1122 1692
1122 1875
1124 1594
1124 1714
1125 1202
1125 1319
1125 1900
1126 1215
1126 1753
1127 1943
1128 1263
1128 1809
1129 1464
1131 1422
1132 1853
1133 1459
1133 1637
1134 1742
1134 1872
1135 1698
1137 1296
1137 1303
1138 1717
1138 1794
1138 1846
1139 1144
1141 1272
1141 1711
1142 1158
1143 1312
1145 1306
1145 1671
1145 1694
1145 1851
1147 1756
1147 1802
1149 1567
1150 1192
1150 1814
1151 1847
1151 1866
1152 1378
1153 1392
1156 1294
1156 1465
1156 1764
1157 1649
1160 1859
1162 1724
1162 1851
1163 1542
1163 1731
1163 1894
1164 1227
1164 1305
1164 1859
1165 1304
1165 1543
1166 1709
1167 1281
1167 1378
1167 1479
1169 1918
1172 1386
1172 1982
1173 1371
1173 1609
1175 1343
1175 1995
1176 1665
1176 1731
1176 1842
1177 1236
1177 1666
1178 1666
1178 1885
1180 1308
1180 1438
1181 1929
1182 1765
1183 1284
1184 1912
1184 1985
1185 1855
1186 1979
1187 1802
1188 1673
1188 1858
1191 1768
1192 1674
1192 1686
1194 1749
1197 1325
1198 1837
1200 1247
1201 1991
1203 1750
1203 1900
1204 1897
1205 1254
1205 1576
1206 1325
1206 1814
1207 1571
1208 1982
1209 1738
1209 1971
1210 1228
1211 1752
1211 1923
1212 1280
1213 1489
1214 1569
1214 1580
1215 1325
1216 1791
1216 1836
1217 1339
1217 1648
1217 1668
1219 1798
1221 1703
1223 1516
1224 1618
1224 1682
1224 1866
1225 1534
1227 1251
1228 1844
1230 1509
1233 1463
1234 1476
1235 1647
1235 1994
1237 1443
1239 1457
1244 1911
1244 1930
1245 1531
1245 1789
1246 1900
1247 1266
1247 1479
1248 1390
1249 1303
1249 1557
1251 1945
1252 1682
1253 1454
1253 1558
1253 1828
1254 1949
1255 1598
1255 1713
1256 1484
1256 1643
1256 1706
1257 1424
1262 1967
1263 1308
1264 1551
1264 1569
1265 1760
1265 1796
1266 1423
1266 1601
1266 1915
1267 1884
1268 1605
1269 1694
1270 1567
1271 1382
1272 1357
1272 1444
1274 1878
1274 1996
1275 1692
1277 1844
1278 1411
1278 1838
1282 1682
1285 1380
1285 1522
1286 1973
1287 1910
1287 1929
1288 1769
1292 1300
1292 1717
1292 1744
1293 1318
1293 1638
1293 1740
1294 1522
1295 1496
1296 1375
1297 1563
1297 1749
1299 1648
1304 1324
1304 1996
1307 1780
1308 1597
1309 1442
1312 1565
1312 1586
1312 1708
1314 1673
1314 1743
1315 1862
1316 1320
1316 1479
1316 1709
1317 1586
1317 1593
1318 1709
1318 1803
1319 1402
1319 1668
1320 1483
1321 1360
1323 1380
1324 1380
1326 1379
1326 1446
1326 1699
1326 1886
1327 1828
1327 1952
1331 1756
1332 1394
1332 1607
1333 1569
1335 1659
1335 1721
1336 1434
1336 1641
1337 1586
1337 1778
1338 1439
1338 1538
1339 1673
1340 1842
1340 1855
1342 1808
1343 1405
1344 1561
1344 1657
1344 1927
1345 1462
1347 1910
1348 1530
1348 1938
1349 1713
1351 1395
1351 1819
1353 1474
1353 1652
1355 1512
1356 1944
1358 1364
1363 1467
1363 1659
1363 1818
1363 1863
1364 1942
1365 1707
1370 1400
1370 1597
1372 1594
1372 1882
1376 1585
1377 1735
1379 1933
1380 1439
1381 1709
1382 1680
1383 1584
1383 1836
1384 1937
1385 1907
1386 1780
1387 1628
1388 1707
1389 1856
1390 1547
1392 1443
1395 1643
1395 1719
1396 1716
1398 1409
1398 1477
1398 1800
1398 1989
1402 1679
1403 1793
1403 1873
1405 1580
1405 1642
1405 1856
1407 1421
1408 1868
1408 1946
1409 1792
1410 1487
1411 1496
1411 1681
1411 1760
1412 1608
1416 1951
1417 1647
1418 1862
1419 1441
1419 1787
1423 1950
1426 1444
1428 1620
1428 1912
1428 1950
1429 1611
1430 1506
1431 1650
1433 1679
1433 1988
1434 1820
1435 1506
1436 1544
1439 1712
1440 1460
1441 1578
1443 1562
1443 1640
1446 1647
1447 1687
1447 1859
1448 1902
1449 1844
1449 1939
1451 1828
1454 1666
1455 1543
1456 1673
1457 1487
1457 1715
1460 1904
1461 1658
1463 1503
1465 1831
1465 1854
1466 1534
1466 1773
1472 1639
1472 1780
1474 1539
1474 1546
1476 1623
1477 1982
1478 1848
1478 1997
1481 1548
1481 1654
1481 1776
1481 1894
1482 1933
1483 1666
1484 1490
1484 1656
1485 1991
1486 1632
1488 1796
1491 1941
1493 1625
1495 1721
1498 1678
1498 1899
1501 1875
1504 1567
1504 1787
1504 1933
1505 1939
1508 1920
1509 1679
1509 1771
1509 1975
1510 1562
1511 1610
1513 1862
1514 1990
1515 1638
1518 1710
1520 1863
1521 1749
1523 1970
1524 1863
1526 1682
1526 1938
1527 1766
1527 1793
1530 1866
1530 1884
1533 1722
1534 1789
1537 1986
1538 1815
1538 1911
1539 1741
1544 1992
1545 1652
1545 1742
1546 1650
1546 1849
1547 1635
1549 1657
1549 1952
1550 1908
1551 1757
1555 1912
1557 1802
1557 1818
1557 1852
1557 1966
1559 1725
1561 1859
1562 1919
1568 1626
1570 1703
1574 1575
1575 1889
1578 1890
1579 1664
1579 1734
1580 1649
1583 1813
1583 1970
1584 1662
1586 1940
1589 1683
1592 1669
1596 1597
1596 1682
1597 1657
1600 1944
1602 1911
1603 1861
1608 1698
1609 1914
1611 1760
1612 1688
1612 1804
1616 1894
1617 1905
1619 1714
1620 1745
1625 1636
1626 1927
1627 1799
1627 1873
1627 1925
1630 1698
1633 1736
1633 1843
1633 1864
1634 1981
1635 1697
1637 1734
1638 1799
1649 1862
1650 1715
1650 1781
1651 1916
1653 1773
1654 1751
1665 1708
1665 1895
1666 1782
1669 1825
1669 1832
1677 1783
1678 1774
1679 1967
1684 1951
1689 1975
1692 1719
1694 1893
1698 1847
1698 1983
1699 1967
1701 1718
1701 1909
1705 1711
1707 1998
1710 1772
1712 1741
1713 1737
1717 1795
1721 1834
1722 1742
1724 1957
1725 1803
1725 1818
1725 1977
1730 1807
1730 1888
1730 1903
1731 1871
1732 1769
1740 1933
1741 1790
1742 1855
1743 1747
1743 1756
1744 1947
1747 1907
1747 1993
1749 1999
1752 1996
1754 1970
1760 1849
1761 1976
1763 1833
1763 1849
1763 1993
1765 1848
1767 1841
1769 1918
1771 1835
1772 1854
1774 1899
1774 1965
1775 1785
1776 1819
1781 1787
1782 1816
1783 1809
1783 1896
1783 1945
1788 1986
1790 1991
1794 1859
1794 1946
1797 1837
1799 1911
1799 1992
1802 1892
1807 1959
1810 1826
1822 1831
1825 1870
1826 1880
1833 1856
1846 1871
1850 1915
1857 1945
1865 1913
1874 1884
1879 1884
1896 1948
1897 1947
1921 1934
1940 1943
1943 1976
1986 1998
