2000 3050
90
96
55
100
13
12
39
10
43
96
7
82
9
29
9
33
12
69
53
85
40
62
2
22
40
60
63
19
98
17
56
65
7
48
2
79
91
17
70
74
49
34
58
24
55
57
34
13
44
39
49
54
96
31
100
69
92
89
75
63
86
66
67
78
65
38
64
10
10
21
63
92
78
11
2
68
28
70
92
18
63
5
93
51
90
71
19
47
32
26
67
83
74
7
53
87
56
93
46
34
50
20
6
66
58
33
20
40
79
11
81
39
61
44
21
6
21
46
39
10
25
41
39
30
15
19
69
60
91
84
15
19
41
74
100
33
1
91
61
33
86
70
8
79
22
80
2
100
21
34
42
2
33
43
48
64
43
10
44
27
40
40
25
28
18
74
27
96
81
80
25
73
86
8
1
85
48
6
15
9
57
12
70
95
99
3
61
64
24
47
34
36
73
86
70
9
81
17
70
38
9
12
33
26
96
71
9
21
54
7
95
38
43
10
5
99
10
16
68
81
85
45
76
46
57
88
45
35
69
21
53
63
93
25
7
33
97
22
41
97
64
68
20
66
46
4
97
71
34
29
1
40
81
16
64
33
56
32
71
51
20
4
76
34
36
78
23
6
7
63
34
5
79
93
92
83
42
93
66
36
38
60
53
98
47
79
28
25
83
84
53
25
33
82
8
24
37
14
100
19
49
68
71
39
45
57
21
26
54
17
83
48
20
13
88
44
100
26
98
1
67
22
14
41
78
40
24
38
35
25
75
53
71
41
39
28
52
54
44
2
3
94
50
37
97
39
28
82
21
14
26
56
23
89
73
1
10
33
29
77
91
18
29
38
88
84
39
65
100
72
52
48
19
79
30
82
60
40
80
95
65
40
70
32
33
17
1
37
3
68
68
9
92
75
18
95
45
83
26
29
72
46
4
80
7
94
4
6
73
28
15
38
36
76
82
87
60
1
45
28
12
14
11
29
75
30
23
12
89
93
77
79
69
60
49
42
32
56
29
51
86
94
56
9
68
7
58
65
95
65
29
8
77
36
57
78
62
54
55
28
86
64
47
77
47
52
58
80
44
77
38
86
9
45
37
38
86
43
81
33
30
60
3
38
98
60
60
55
92
3
15
14
100
5
33
35
74
80
24
73
92
19
19
96
4
4
23
35
96
15
10
40
73
98
8
67
49
24
62
60
47
51
8
34
81
43
28
22
49
22
27
82
16
23
92
57
63
89
57
62
88
66
69
94
26
14
7
5
67
70
70
81
86
90
61
37
56
48
99
39
77
11
39
90
58
6
11
28
72
24
93
27
96
51
57
20
5
39
54
93
49
65
51
53
29
73
82
41
31
21
73
35
98
43
62
53
39
16
95
54
11
7
36
71
49
40
17
61
23
76
20
52
24
23
65
8
82
17
80
6
40
55
88
54
66
59
89
36
55
16
72
75
57
6
54
77
30
80
13
38
71
48
72
48
46
29
76
36
88
16
22
28
40
50
23
97
94
14
38
20
52
30
46
44
23
6
31
81
64
1
51
90
17
16
48
48
98
94
43
49
49
83
50
91
54
17
40
6
3
44
29
9
60
98
75
43
89
55
28
59
22
69
12
13
98
88
12
54
15
34
39
46
59
22
57
65
40
21
75
33
39
78
28
66
59
45
49
40
32
26
33
48
24
40
84
56
23
40
11
28
86
48
24
23
88
47
59
73
13
52
16
73
47
7
13
62
98
80
13
66
43
99
86
1
20
33
95
45
67
90
71
1
43
39
58
71
21
25
64
3
73
61
57
12
87
81
17
94
31
64
38
94
88
13
88
7
60
21
26
15
36
12
26
29
56
17
18
21
82
18
62
43
89
24
87
99
60
14
46
44
3
4
41
36
76
20
89
81
32
3
45
82
56
84
2
11
79
63
15
39
70
85
93
61
58
48
39
35
57
37
98
39
29
15
6
31
55
94
28
25
74
55
9
51
90
73
87
96
33
36
17
71
66
95
5
27
81
17
4
70
51
59
54
71
1
30
22
1
19
58
15
73
83
46
90
45
44
94
11
35
5
82
14
50
88
17
37
88
50
86
26
19
76
28
2
17
56
96
25
88
75
65
68
52
40
85
14
76
45
72
72
54
93
70
13
59
91
90
9
61
1
46
44
42
45
45
44
60
18
7
2
54
46
12
57
30
43
41
10
66
26
96
75
67
29
39
72
38
19
51
1
16
63
10
80
8
10
91
93
14
38
86
52
93
71
20
65
66
35
30
86
67
20
86
32
54
45
51
23
5
83
54
46
78
52
32
67
25
54
61
68
35
50
4
6
53
6
33
40
6
5
68
21
37
99
35
28
30
65
83
9
14
13
78
37
3
73
82
41
97
81
78
92
57
13
13
24
77
10
15
6
59
17
81
70
94
85
95
25
59
88
23
45
95
93
26
13
80
66
69
85
45
71
86
46
27
11
51
18
30
6
18
50
56
58
4
84
74
74
23
73
30
58
33
22
62
85
67
6
61
95
96
58
61
22
92
51
38
14
96
67
84
49
38
8
54
24
69
35
23
4
20
72
51
46
66
7
15
48
90
8
44
39
66
62
5
28
38
33
91
10
96
45
65
32
46
89
82
47
41
98
77
18
65
18
91
13
91
26
96
29
2
36
61
88
25
72
48
83
88
61
57
17
25
43
8
20
66
32
70
90
13
76
38
3
52
47
35
66
31
89
65
55
6
50
11
30
40
68
62
71
19
69
93
93
96
95
82
40
38
71
26
60
46
97
61
34
9
25
19
61
69
1
73
60
8
100
80
74
37
23
95
58
36
14
21
73
38
61
43
67
9
41
80
66
68
55
75
28
89
52
62
7
57
58
12
41
75
15
44
33
16
66
69
83
61
87
16
49
14
90
67
37
92
53
86
27
83
75
91
52
30
58
56
5
45
63
59
28
64
89
100
79
59
55
66
90
56
39
4
26
67
67
57
81
42
26
59
29
57
35
90
63
4
97
2
63
27
12
67
29
28
94
96
10
15
16
44
82
70
42
8
87
52
66
5
48
21
22
90
2
57
95
50
38
69
46
63
88
16
97
40
24
64
63
59
58
41
88
58
30
61
45
20
78
39
60
17
78
21
97
98
55
22
95
31
61
16
62
69
29
91
24
23
52
85
60
59
73
88
98
34
36
76
46
58
61
7
13
55
30
45
50
26
35
83
66
66
85
38
60
50
30
1
8
62
9
66
76
28
39
2
4
86
30
42
75
6
12
96
55
63
22
70
31
23
73
93
52
49
62
85
12
88
89
75
63
26
72
74
54
92
93
31
35
20
51
40
1
86
94
84
100
22
73
62
44
28
22
48
17
62
15
58
89
63
75
9
1
97
4
43
58
62
70
66
34
69
28
10
61
84
2
100
40
2
46
8
45
3
82
47
96
35
71
29
26
18
17
61
25
99
76
51
5
4
48
70
50
89
77
68
96
47
64
44
68
16
41
13
69
100
3
99
33
14
73
53
89
8
66
79
21
32
66
20
59
53
76
44
15
93
59
28
100
99
61
71
79
43
70
97
17
5
69
25
94
66
72
31
1
59
4
34
8
56
77
59
46
34
60
86
79
10
91
11
38
6
17
83
58
100
39
16
2
73
32
14
9
19
58
5
28
76
18
37
52
10
22
90
4
18
67
99
72
95
52
79
63
74
40
32
76
73
67
20
68
52
49
50
87
9
91
100
34
34
52
82
37
45
24
80
92
25
59
68
6
93
54
30
87
89
88
32
49
56
99
48
69
85
22
59
58
32
63
51
24
77
59
25
91
69
93
34
1
95
83
99
19
3
62
69
36
37
27
88
69
11
67
8
29
89
5
33
100
24
22
31
76
15
25
23
6
43
73
74
41
89
89
90
43
75
71
8
40
32
17
26
76
75
97
13
13
4
73
33
79
6
38
35
22
30
93
55
92
33
18
41
28
41
60
55
73
38
5
17
71
23
21
43
86
91
47
53
43
49
53
27
99
83
28
8
81
16
76
65
35
44
9
4
31
88
9
15
21
79
81
76
24
24
49
58
54
90
24
88
80
70
69
43
45
26
19
79
5
47
25
16
77
33
17
52
27
29
62
29
80
94
27
30
80
19
75
60
42
30
12
97
28
24
12
65
77
66
42
13
92
63
17
13
20
57
79
65
91
55
40
72
57
48
59
48
19
80
82
89
89
26
76
61
51
4
55
15
32
83
97
27
99
17
100
21
44
99
74
80
45
48
83
34
32
77
44
26
78
8
21
46
93
87
91
87
54
28
94
30
37
62
56
55
20
98
3
80
58
54
4
4
13
57
22
58
80
82
41
69
35
36
6
2
48
16
95
19
41
51
60
6
77
33
55
67
69
46
16
31
13
3
33
55
85
26
80
89
76
66
10
52
38
86
34
45
77
8
94
42
4
29
54
25
58
9
90
76
91
98
29
50
40
85
36
4
39
44
29
2
62
81
39
67
95
76
87
30
54
26
47
13
99
44
19
44
98
68
93
48
91
51
6
46
33
61
45
94
32
94
53
42
95
17
0 334
0 1788
1 291
1 907
1 1003
1 1380
1 1434
1 1963
2 698
2 1373
3 1916
4 565
4 698
4 914
5 104
5 122
5 554
6 576
6 1552
6 1841
7 1437
8 147
8 672
8 754
8 1680
9 664
9 1301
10 729
10 918
10 1017
10 1705
13 25
13 53
13 696
13 846
13 1294
13 1516
13 1675
13 1739
14 1349
15 388
15 396
15 497
15 744
16 74
16 946
16 1308
16 1604
17 496
17 1630
17 1845
18 380
18 466
18 1033
18 1359
18 1372
18 1692
19 982
19 1019
19 1126
21 296
21 442
21 1258
21 1594
21 1697
22 1627
22 1735
22 1784
23 576
24 1047
24 1089
24 1417
24 1674
24 1958
25 31
25 1289
25 1449
25 1513
25 1658
25 1731
26 214
26 270
26 1223
26 1914
27 1617
27 1927
28 1305
29 175
29 284
29 601
29 1635
30 631
30 795
30 1441
30 1763
30 1894
31 59
31 959
31 1374
32 1324
33 243
33 467
33 558
33 1655
33 1697
34 194
34 834
35 141
35 664
35 1783
36 302
36 341
36 380
36 1690
37 467
37 779
37 885
37 1861
38 722
38 1974
39 1144
39 1939
40 113
40 473
40 615
40 799
40 1682
41 201
41 309
41 652
41 685
41 753
41 1154
41 1418
42 940
42 1398
43 171
43 622
43 1624
44 217
44 1647
44 1693
45 282
46 416
46 715
47 652
47 1772
49 379
50 1572
51 388
51 830
51 962
51 1174
52 1012
52 1293
52 1487
52 1964
53 411
53 990
53 1085
53 1247
53 1765
53 1827
53 1908
54 88
54 770
54 1477
55 489
55 1347
55 1788
56 593
56 1740
56 1892
56 1921
57 479
57 1048
57 1632
58 552
58 1538
58 1646
58 1952
59 519
59 1030
60 728
60 1624
61 1546
62 115
62 373
62 1770
63 1274
63 1635
64 235
64 343
64 1345
65 121
65 517
65 1008
65 1714
65 1838
65 1940
66 212
66 1985
67 214
67 628
68 1948
69 550
69 852
69 892
69 983
70 1059
70 1243
71 412
71 795
71 1091
71 1673
71 1758
72 83
72 732
72 895
72 1086
72 1324
73 135
73 202
73 251
73 308
73 403
73 404
73 1016
73 1788
73 1918
74 197
74 1474
74 1646
75 1407
76 1242
77 1467
77 1697
78 110
79 468
79 995
80 550
80 552
80 1230
80 1406
80 1505
80 1779
81 862
81 1958
82 178
82 587
82 1269
82 1565
83 392
83 1267
83 1716
84 938
84 1932
85 909
86 779
86 1161
86 1653
87 953
87 1842
88 468
88 1013
88 1199
89 499
89 549
89 754
89 1546
90 795
90 1228
90 1233
91 188
91 629
91 1242
92 134
92 431
92 1283
93 539
93 1504
93 1690
94 1362
94 1465
95 836
95 897
96 1462
96 1963
97 1827
98 594
98 1019
98 1173
98 1301
98 1453
98 1550
98 1821
99 1274
99 1382
99 1660
100 1738
101 435
101 872
101 1236
102 1888
103 343
103 408
103 906
103 1512
103 1582
104 296
104 453
104 944
105 925
105 1478
105 1743
105 1754
105 1794
105 1803
106 1113
106 1818
108 1401
108 1875
109 254
109 483
109 1142
109 1610
110 360
110 843
110 1363
110 1595
111 950
111 1606
112 260
112 518
112 1675
113 434
114 903
114 1782
115 301
115 1566
116 148
116 251
116 730
116 831
117 862
117 949
118 707
119 234
119 1218
119 1339
119 1978
120 147
120 268
120 489
120 1061
120 1629
120 1903
121 364
121 687
121 1211
122 136
122 904
122 1275
122 1543
123 581
123 990
123 1754
124 182
124 311
124 895
124 1019
124 1250
124 1688
125 1746
125 1756
126 938
126 957
126 1764
127 575
127 1581
127 1964
128 1259
128 1510
128 1982
129 277
129 740
129 790
129 1164
130 920
130 1887
131 1126
132 1180
132 1202
132 1228
134 1857
135 180
135 472
135 1102
136 881
136 1174
136 1415
137 1445
137 1727
137 1790
138 989
138 1042
139 820
141 257
141 522
141 722
141 726
141 1320
142 456
142 600
142 1086
142 1233
143 156
143 246
143 506
143 686
144 1464
145 342
145 480
145 605
145 1002
145 1522
145 1673
145 1977
146 1806
147 1938
148 1693
148 1965
149 514
149 661
149 1189
149 1756
149 1802
150 252
150 732
150 1975
151 276
151 613
151 1285
151 1390
151 1436
151 1590
152 1772
153 284
153 1042
153 1135
153 1454
154 244
154 466
154 1664
154 1856
155 229
155 1631
155 1902
156 1299
157 588
157 1395
157 1519
158 1410
158 1557
159 465
159 1799
160 1752
161 285
161 987
161 1058
161 1311
161 1390
161 1640
162 584
162 748
162 862
162 1566
163 1131
163 1813
164 262
164 338
164 1702
165 411
165 582
165 1273
165 1380
165 1959
166 749
167 294
167 355
167 1147
168 593
168 718
170 336
170 619
170 1583
170 1602
170 1798
171 296
171 418
171 1429
171 1476
171 1562
171 1804
171 1902
172 650
172 788
172 1233
172 1372
173 1131
173 1215
173 1583
174 354
174 1449
174 1450
175 831
175 1396
175 1744
176 1679
177 1839
177 1981
178 974
178 1050
178 1516
178 1663
179 1438
179 1932
180 313
180 459
180 472
180 511
180 1202
181 977
181 1142
181 1407
181 1841
182 689
182 1353
183 1398
185 1155
185 1903
186 460
186 840
186 875
186 1120
187 442
187 556
187 1147
188 1031
188 1204
188 1812
189 813
189 1174
189 1635
190 259
190 565
190 656
191 603
191 716
191 986
191 1129
191 1638
192 509
192 1073
193 276
193 1420
195 1236
195 1529
195 1602
196 459
197 549
197 671
197 916
198 925
199 339
199 1076
199 1741
201 345
201 356
201 460
201 754
201 1130
201 1135
202 359
202 446
202 703
202 966
202 1191
203 590
203 1276
204 299
204 913
204 1613
205 1500
206 697
206 842
206 1342
206 1966
207 548
208 291
208 412
209 517
209 1574
212 1156
212 1610
213 1579
214 421
214 871
215 452
215 603
215 1625
216 309
216 701
216 1142
216 1456
216 1746
217 289
217 856
217 925
218 406
218 693
218 1439
218 1802
218 1827
219 329
219 598
219 807
219 1674
222 1510
223 537
223 781
223 1015
223 1952
224 1753
224 1866
225 1247
225 1877
225 1954
226 749
226 1193
226 1922
227 314
227 758
227 1179
227 1499
228 1113
228 1398
229 860
229 1402
229 1682
229 1879
231 254
231 1619
231 1917
232 867
233 1565
234 551
234 850
234 1814
235 976
235 1491
235 1637
236 357
236 1083
236 1138
236 1189
236 1234
236 1403
236 1885
237 466
237 491
237 1127
237 1714
237 1776
238 1161
238 1568
239 473
241 746
241 841
242 587
242 1252
242 1764
242 1767
243 799
243 868
244 769
244 1053
244 1479
245 700
245 1344
245 1742
246 535
246 1024
246 1605
247 1366
247 1951
248 1069
248 1822
249 921
249 1244
249 1494
250 507
250 515
251 483
251 1372
251 1964
252 1208
252 1585
253 743
253 1410
254 1111
254 1266
254 1925
255 356
255 511
255 525
255 583
255 721
256 931
256 1156
256 1289
257 609
257 1027
257 1452
257 1507
257 1849
258 767
259 598
259 1461
259 1591
259 1821
260 1570
261 336
261 474
261 870
261 929
261 1206
261 1430
261 1777
261 1939
262 718
262 1357
262 1420
263 669
263 1660
264 382
264 408
264 771
264 849
264 1016
265 755
266 1015
266 1909
267 434
267 646
267 1054
267 1448
267 1824
268 784
268 1970
269 306
269 745
269 955
269 1234
270 454
270 589
270 1049
271 732
271 997
271 1043
271 1346
271 1623
272 312
273 750
273 1750
274 1578
274 1916
275 480
275 990
276 934
276 1156
276 1741
276 1914
277 422
277 445
277 505
277 1485
279 613
279 648
279 816
280 855
280 1285
280 1495
280 1715
280 1733
281 1147
282 646
282 1783
284 1966
285 1349
287 822
288 569
288 1053
289 841
290 1914
291 296
291 418
291 734
291 1314
292 806
292 813
292 1203
293 1833
293 1902
294 1753
295 1123
295 1298
295 1868
295 1941
296 1422
297 1581
298 1200
298 1344
298 1772
299 1662
300 651
300 920
300 1051
300 1678
302 1383
302 1929
303 1090
303 1193
304 962
304 1932
305 1148
306 1143
306 1433
306 1617
307 681
307 999
307 1377
308 443
308 568
308 582
308 1902
309 333
309 461
309 641
309 1010
310 365
310 1096
311 555
311 715
311 1605
312 679
312 817
312 1623
312 1898
313 1145
314 799
314 1516
314 1564
315 1159
315 1265
315 1731
316 548
316 649
316 1043
316 1219
316 1529
316 1626
316 1652
317 1440
317 1891
317 1957
317 1999
318 529
318 1452
319 1259
320 336
320 1348
320 1574
321 1705
322 564
322 795
323 1982
324 1115
325 843
325 1345
325 1357
326 814
326 975
326 1173
327 1433
327 1962
328 444
328 1322
328 1618
328 1649
328 1851
329 483
329 1926
330 398
330 402
330 1151
330 1667
330 1878
331 1167
333 1201
333 1936
334 1182
334 1358
335 341
335 1196
335 1383
335 1836
336 1186
336 1614
336 1831
336 1838
337 1130
337 1421
337 1779
337 1814
338 1523
338 1971
339 1542
340 586
340 808
341 1502
341 1519
341 1610
341 1973
341 1977
342 1602
342 1660
343 1981
344 1390
345 993
346 561
346 1420
346 1527
346 1646
347 394
347 707
348 991
348 1075
348 1083
348 1196
348 1607
349 645
349 1234
350 448
350 1558
351 1252
351 1801
351 1851
351 1914
352 393
352 1069
352 1583
352 1814
353 1006
353 1919
354 1740
354 1857
355 1203
355 1417
356 988
356 1112
356 1227
356 1505
356 1859
357 567
357 1458
358 475
358 1204
358 1375
358 1898
359 1517
359 1885
360 1261
360 1302
360 1785
361 419
361 963
361 1091
362 1121
362 1410
363 1742
364 522
365 406
365 487
365 1234
365 1295
365 1356
365 1994
366 1041
366 1095
366 1110
367 725
367 1216
367 1295
368 1874
369 448
369 1116
370 735
370 910
370 967
370 1271
370 1812
370 1928
370 1975
370 1997
371 530
371 628
371 1119
371 1319
371 1421
371 1577
373 546
373 868
373 1329
373 1375
373 1626
374 847
374 1003
374 1124
374 1303
375 667
375 1215
375 1337
375 1717
376 468
376 604
376 1047
376 1868
378 856
379 418
379 1478
379 1551
379 1983
380 1095
381 1151
382 843
382 1133
383 1736
384 1075
384 1120
384 1312
384 1337
385 655
385 689
385 1465
385 1796
387 1257
387 1417
388 1109
388 1293
389 936
390 1454
390 1710
391 513
391 1166
391 1506
391 1721
392 781
392 927
392 1043
393 569
393 1258
393 1802
394 542
394 713
395 799
395 1310
395 1562
395 1781
396 1976
397 1038
397 1236
397 1521
398 547
398 1135
398 1614
399 631
399 1079
399 1900
400 476
400 806
400 1727
401 1057
401 1065
401 1427
401 1836
402 1048
402 1158
402 1644
403 720
403 1266
403 1310
403 1823
404 844
404 981
404 1773
405 506
405 649
405 743
405 1105
405 1632
405 1639
406 712
406 830
406 1742
407 835
407 1764
408 1465
408 1763
409 1787
410 662
410 1053
410 1649
411 629
412 783
412 861
412 1476
413 1142
413 1610
414 609
414 798
414 1576
414 1830
415 525
415 1441
416 931
416 1033
416 1793
417 435
417 518
417 994
417 1622
418 1294
418 1421
418 1599
418 1907
419 599
419 1147
420 535
420 706
420 995
420 1376
422 896
422 1296
422 1854
423 584
423 875
424 897
424 1156
425 1023
425 1111
426 1193
426 1858
427 471
427 647
427 662
427 1256
427 1270
427 1377
429 726
429 1315
429 1675
430 839
430 1932
431 1577
433 1078
433 1108
433 1783
434 579
434 805
434 1131
434 1230
434 1300
434 1415
434 1607
434 1706
434 1820
434 1973
435 780
435 1473
436 1004
436 1892
438 626
439 476
439 1098
439 1937
441 630
441 635
441 937
441 1129
441 1876
442 962
442 1420
442 1625
443 1056
443 1993
444 1268
445 513
446 581
446 908
447 477
447 1228
448 505
448 522
449 840
449 1538
450 1599
450 1788
451 744
451 930
451 1521
452 639
452 962
452 1213
453 718
453 807
453 1016
453 1832
453 1933
454 1176
454 1791
456 611
456 639
456 1470
457 948
459 922
459 1036
459 1095
459 1173
459 1641
460 539
460 900
460 1616
461 464
461 1307
461 1367
461 1885
462 636
462 1267
462 1435
463 592
463 1515
463 1728
464 501
464 606
464 756
464 958
464 1454
464 1569
464 1661
465 587
465 986
465 1334
465 1770
466 712
466 1178
467 1431
468 1876
471 1401
473 1005
473 1161
473 1189
473 1396
473 1625
474 726
474 1304
475 1161
477 1751
478 1873
479 729
479 932
481 512
482 1497
483 1887
484 1242
484 1404
484 1712
484 1742
484 1961
485 1426
485 1917
486 646
486 1246
486 1310
488 790
488 937
488 942
489 602
489 1638
489 1682
490 734
490 1205
490 1684
490 1743
490 1848
490 1889
491 548
491 619
491 768
491 813
491 841
491 1429
491 1622
491 1812
492 1376
492 1381
494 1347
494 1419
495 572
495 1909
496 1201
497 515
497 1621
498 1413
499 795
500 589
500 785
500 1226
500 1838
501 1285
501 1357
501 1369
502 523
502 1556
503 841
503 940
503 1631
504 603
504 1807
505 1476
505 1600
505 1705
506 736
506 1249
507 1073
510 643
510 660
510 933
511 1061
512 603
513 1609
513 1732
514 1205
514 1228
515 929
516 599
516 1104
517 842
517 989
517 1505
517 1567
518 772
518 867
518 951
518 1656
519 1087
519 1310
519 1478
520 709
520 743
520 952
520 1317
521 963
521 1215
521 1856
522 1187
522 1914
522 1915
524 1634
525 704
525 757
525 771
525 1139
525 1472
526 1360
528 1776
529 790
529 990
529 1237
530 690
530 1368
530 1499
531 625
531 1506
531 1969
532 783
532 1680
533 683
533 1568
534 758
534 1725
534 1863
534 1949
535 1121
535 1431
535 1763
535 1977
536 952
536 1170
536 1246
536 1875
538 1620
538 1734
540 833
540 1029
540 1255
541 1116
542 1139
542 1514
543 609
543 1026
544 808
544 920
544 935
544 1423
546 1645
546 1823
547 1326
548 1209
548 1322
548 1958
548 1959
549 1230
550 1272
550 1513
551 936
552 932
552 1480
553 1273
554 1039
554 1989
555 731
555 1236
557 1307
557 1355
557 1664
557 1759
558 1065
558 1627
559 719
559 1506
562 714
562 911
562 1519
562 1835
563 675
563 1249
563 1755
564 648
564 821
564 853
564 1421
564 1794
564 1927
565 639
565 1355
565 1900
567 1074
567 1419
568 1865
569 704
569 1074
569 1284
569 1414
570 1657
570 1804
571 968
571 1808
572 897
572 1062
572 1422
572 1753
572 1832
574 609
575 1769
577 780
577 935
577 1184
577 1545
578 689
578 1356
578 1785
579 786
579 1060
579 1261
579 1538
580 1127
580 1348
581 1718
582 750
582 1278
584 1057
585 901
585 1169
585 1902
586 663
586 1234
586 1622
586 1933
587 1076
587 1769
589 1166
589 1325
589 1423
590 722
590 1300
591 1091
592 740
592 849
592 902
592 1335
592 1652
594 1739
595 690
595 1860
597 767
597 1031
597 1705
598 629
598 715
598 979
598 1086
598 1734
600 687
600 875
600 1017
600 1261
600 1297
601 1664
602 969
602 1105
602 1377
603 934
603 966
603 1248
603 1974
605 731
605 780
606 645
606 1088
607 928
607 1669
608 816
608 834
608 1134
609 1121
609 1328
609 1885
609 1986
610 1204
610 1548
611 1018
611 1311
611 1666
612 749
612 1435
613 705
614 889
614 1548
615 1118
615 1566
616 825
616 1093
619 1128
619 1566
619 1701
620 1330
620 1629
621 681
621 701
621 980
621 1038
621 1748
621 1960
623 882
623 1436
623 1876
623 1911
624 657
624 1047
624 1349
624 1359
625 994
626 1004
627 1320
628 1020
628 1360
628 1579
628 1806
628 1985
629 1587
630 744
631 1753
631 1874
632 884
632 1103
632 1138
632 1144
632 1666
633 974
634 870
634 946
634 1652
634 1717
635 664
635 1166
636 1056
637 1197
637 1666
638 1055
638 1308
638 1826
639 1099
639 1297
639 1343
639 1946
640 653
640 1108
640 1627
641 776
641 1482
642 1106
642 1461
642 1500
642 1722
643 1642
644 1017
644 1351
645 1008
646 682
646 862
646 1314
646 1974
649 1255
650 675
650 739
650 1678
650 1862
651 1298
651 1865
652 1488
652 1493
652 1709
653 1978
655 1057
656 872
656 1142
656 1212
656 1932
657 1870
658 952
658 1101
658 1506
659 821
659 1606
659 1638
660 959
660 1451
660 1799
660 1855
660 1991
661 1512
661 1833
662 705
662 773
662 1619
663 867
665 1070
665 1212
665 1224
665 1361
665 1622
666 1119
666 1147
666 1312
666 1939
667 1067
667 1873
669 1506
669 1535
669 1868
670 897
670 1576
670 1666
671 795
671 909
671 1416
671 1540
671 1549
672 1002
673 1372
675 961
675 1958
676 1642
677 904
677 1355
677 1583
677 1756
678 852
679 1354
679 1536
679 1610
680 847
680 1242
681 985
681 1652
683 740
683 1340
683 1494
683 1958
684 729
684 759
684 1011
684 1355
684 1628
684 1754
685 1019
685 1441
685 1803
686 796
687 1049
687 1184
687 1889
688 1932
689 1621
690 780
690 1111
691 781
691 1821
692 1250
692 1434
693 806
693 937
693 1559
694 1748
695 1126
695 1820
695 1866
696 1162
696 1188
696 1507
697 1535
697 1639
698 840
698 879
698 1409
699 977
699 1804
700 1396
700 1451
700 1900
701 881
701 1666
703 1519
703 1753
703 1867
705 1331
705 1863
707 1367
707 1512
709 1130
709 1539
710 784
711 751
711 953
711 1368
711 1402
712 1062
712 1609
713 1786
713 1844
714 721
714 955
714 1722
714 1726
715 1179
715 1475
715 1743
716 852
716 1438
716 1626
717 1187
717 1970
718 888
718 1665
719 1489
720 825
721 1772
722 826
722 1060
723 1337
723 1434
723 1690
723 1942
724 1713
725 1328
725 1411
725 1501
725 1556
725 1839
726 967
726 1352
726 1447
727 1877
728 1667
728 1857
730 833
730 1173
730 1298
731 1454
732 983
732 1203
732 1388
732 1621
734 757
734 1062
734 1466
735 831
735 1165
735 1173
736 795
736 1116
737 976
738 813
739 1748
740 1225
740 1447
741 994
742 982
742 1990
743 1036
744 1632
745 1253
746 1002
748 1080
748 1559
748 1603
750 1017
750 1544
751 951
751 1546
751 1971
752 1720
752 1987
753 992
753 1330
753 1390
754 972
756 826
756 1325
756 1943
757 777
758 1518
758 1722
758 1875
759 1082
759 1640
761 1254
761 1626
761 1706
762 1306
763 1371
764 1156
764 1342
764 1635
765 856
765 1580
766 1744
769 1745
771 1429
771 1937
772 1401
772 1943
773 941
773 1056
774 1195
774 1209
774 1356
774 1526
774 1594
775 1105
775 1117
775 1660
775 1873
776 817
776 827
777 1321
779 933
779 1552
779 1626
780 1519
780 1713
780 1714
782 1584
783 1350
784 1968
785 1038
785 1280
785 1814
787 946
787 1334
787 1512
788 936
789 1520
793 1169
793 1413
793 1728
794 1130
794 1380
795 1044
795 1279
795 1687
795 1820
796 912
797 1171
799 1085
799 1958
800 1667
800 1923
801 844
803 1113
803 1151
803 1426
803 1728
804 1696
806 1594
807 1610
807 1817
808 1211
808 1880
809 1112
809 1682
810 1122
810 1810
811 1236
812 1877
813 826
813 832
814 1041
814 1070
814 1168
814 1410
815 837
815 846
815 1661
815 1805
816 1341
816 1574
817 1380
817 1570
817 1865
819 1273
819 1465
819 1585
819 1987
820 1618
820 1680
821 1027
821 1101
822 1803
822 1973
823 1076
823 1675
823 1852
824 987
824 1375
824 1722
824 1975
825 1147
825 1740
828 1062
828 1109
830 1192
832 1544
833 838
833 1019
834 1258
834 1484
836 1195
838 1437
838 1474
839 1236
840 1406
840 1609
841 1529
841 1605
842 1152
842 1182
842 1738
843 844
843 862
844 1292
844 1967
847 927
847 1298
847 1567
847 1716
848 1467
848 1487
849 948
849 997
849 1301
849 1633
850 1870
851 1551
851 1915
852 866
852 1552
852 1753
853 1336
853 1566
854 1674
855 1335
856 1022
856 1562
856 1723
857 1457
857 1865
858 1671
860 1460
861 967
861 1226
862 906
862 1232
862 1600
862 1653
863 1367
864 880
864 942
864 1035
864 1443
864 1584
864 1794
866 1264
868 1466
868 1652
869 1594
870 1297
870 1999
871 1497
871 1859
871 1870
872 1377
872 1912
873 1111
873 1450
873 1546
874 1595
874 1839
875 1139
875 1462
875 1658
876 1220
877 1334
877 1634
877 1691
877 1973
878 1440
880 1035
880 1202
882 1014
882 1528
883 1415
883 1427
884 1717
884 1870
885 1237
885 1634
886 1855
887 1643
887 1939
888 1844
888 1917
889 999
889 1948
890 1770
892 1038
893 1625
893 1983
894 1963
895 949
895 1159
895 1947
896 1252
896 1936
897 1195
897 1602
897 1827
898 1141
898 1581
899 1301
900 1210
900 1742
900 1797
901 1871
901 1946
902 1047
902 1282
902 1544
902 1819
903 1084
903 1841
906 1242
907 920
907 972
907 1419
907 1563
908 1269
908 1518
909 1534
909 1759
910 978
912 1593
912 1632
913 1482
914 1813
915 1246
915 1704
915 1813
916 1315
918 1390
918 1996
921 943
921 1434
921 1751
921 1878
922 1730
923 1963
926 1173
926 1347
926 1374
926 1409
926 1469
926 1952
927 1752
927 1767
927 1856
928 1216
929 969
929 1635
930 1821
931 1570
931 1716
931 1941
932 1126
933 1402
933 1861
933 1975
934 1994
935 1218
935 1385
935 1942
936 1141
937 1916
938 1283
938 1369
938 1407
939 1936
940 947
940 1701
940 1753
941 1051
942 1110
943 1393
946 1752
946 1848
947 1817
948 1324
949 1304
950 1705
951 1735
951 1999
952 1633
953 1509
955 989
955 1249
956 1140
956 1776
957 1048
957 1833
959 1424
959 1434
959 1639
960 1061
960 1915
961 1027
961 1299
961 1396
961 1484
961 1638
962 1118
962 1757
965 1746
965 1949
965 1983
966 1334
966 1463
967 1028
967 1626
968 1030
968 1734
969 1209
969 1795
971 1557
971 1771
972 1292
974 1200
974 1508
975 1243
977 1347
979 1553
980 1024
982 1317
982 1379
983 1777
984 1328
988 1206
989 1665
990 1278
991 1122
991 1334
991 1487
991 1551
992 1285
992 1699
993 1129
993 1147
994 1218
997 1741
998 1391
998 1433
998 1494
999 1441
1000 1124
1000 1754
1001 1921
1002 1611
1002 1693
1003 1052
1003 1272
1004 1084
1004 1560
1005 1267
1006 1059
1006 1137
1008 1547
1009 1161
1009 1447
1009 1491
1009 1615
1009 1824
1010 1823
1011 1118
1011 1793
1012 1403
1012 1697
1012 1881
1013 1621
1013 1917
1015 1912
1016 1479
1016 1851
1016 1858
1018 1167
1018 1758
1018 1983
1019 1118
1019 1303
1019 1930
1020 1309
1021 1609
1022 1907
1023 1040
1025 1190
1025 1636
1026 1948
1027 1493
1028 1044
1028 1622
1029 1137
1030 1033
1030 1766
1031 1532
1032 1228
1032 1512
1033 1307
1033 1985
1034 1985
1036 1099
1036 1536
1037 1535
1037 1538
1038 1330
1039 1507
1040 1712
1041 1050
1042 1181
1042 1626
1043 1174
1045 1367
1046 1088
1046 1683
1046 1926
1047 1364
1048 1199
1048 1645
1049 1145
1049 1830
1051 1231
1051 1426
1053 1080
1054 1264
1054 1829
1058 1114
1058 1757
1059 1228
1060 1073
1060 1462
1062 1414
1063 1308
1063 1342
1063 1544
1064 1849
1065 1462
1065 1963
1066 1799
1067 1564
1067 1571
1067 1734
1068 1612
1068 1994
1070 1496
1070 1500
1071 1567
1072 1416
1073 1315
1073 1635
1074 1248
1075 1404
1075 1786
1076 1686
1077 1480
1077 1853
1078 1571
1079 1598
1079 1599
1080 1856
1081 1309
1081 1774
1083 1284
1083 1304
1083 1727
1083 1985
1084 1987
1084 1999
1085 1253
1086 1893
1086 1964
1087 1613
1088 1114
1088 1332
1088 1591
1088 1844
1089 1183
1089 1212
1090 1873
1091 1827
1091 1992
1092 1101
1092 1517
1094 1488
1096 1425
1096 1452
1098 1149
1098 1481
1100 1622
1101 1742
1101 1966
1103 1723
1104 1673
1106 1933
1107 1438
1108 1404
1108 1664
1110 1400
1111 1698
1113 1364
1113 1713
1113 1714
1114 1290
1114 1821
1115 1162
1115 1623
1115 1766
1116 1361
1116 1795
1118 1534
1118 1934
1120 1445
1120 1501
1120 1708
1120 1845
1121 1271
1121 1835
1121 1926
1122 1971
1123 1556
1123 1909
1124 1562
1124 1981
1125 1493
1125 1806
1126 1554
1126 1698
1129 1576
1129 1591
1130 1134
1131 1514
1131 1535
1132 1416
1133 1196
1133 1517
1134 1510
1134 1550
1135 1224
1135 1295
1135 1767
1136 1220
1136 1718
1137 1816
1138 1546
1139 1268
1139 1296
1139 1788
1140 1842
1140 1844
1140 1969
1141 1438
1142 1842
1145 1976
1146 1211
1147 1213
1148 1665
1148 1853
1150 1830
1150 1869
1151 1487
1151 1522
1151 1540
1151 1667
1151 1680
1151 1868
1152 1336
1152 1480
1152 1486
1153 1715
1154 1351
1154 1762
1155 1360
1155 1513
1156 1390
1157 1454
1159 1209
1159 1621
1159 1916
1160 1240
1160 1739
1161 1459
1161 1850
1163 1611
1163 1839
1163 1842
1165 1397
1165 1508
1165 1760
1165 1794
1165 1852
1166 1264
1168 1248
1169 1387
1169 1961
1172 1449
1173 1222
1174 1347
1174 1766
1174 1947
1177 1443
1177 1605
1180 1747
1180 1863
1181 1220
1182 1321
1182 1384
1183 1474
1184 1354
1184 1678
1184 1927
1185 1637
1186 1779
1187 1434
1187 1730
1188 1571
1190 1439
1190 1504
1192 1629
1192 1664
1192 1999
1195 1386
1198 1966
1199 1430
1199 1461
1199 1891
1200 1377
1200 1428
1200 1573
1201 1818
1203 1418
1207 1572
1207 1727
1208 1460
1208 1980
1209 1619
1209 1628
1210 1753
1211 1276
1212 1660
1212 1935
1214 1281
1214 1853
1215 1708
1216 1599
1217 1249
1217 1512
1218 1274
1218 1880
1219 1223
1219 1803
1220 1398
1220 1756
1221 1624
1222 1913
1223 1684
1223 1714
1223 1957
1224 1333
1224 1647
1226 1589
1227 1754
1227 1893
1227 1919
1228 1336
1230 1884
1231 1868
1232 1531
1232 1815
1233 1262
1233 1536
1234 1334
1234 1473
1234 1864
1234 1880
1236 1944
1237 1343
1238 1676
1238 1806
1239 1995
1240 1300
1240 1308
1240 1994
1241 1904
1242 1643
1243 1290
1243 1587
1243 1808
1244 1590
1244 1630
1244 1742
1245 1507
1245 1553
1246 1343
1247 1763
1248 1375
1248 1582
1248 1584
1250 1698
1253 1403
1253 1983
1254 1396
1255 1794
1255 1853
1259 1386
1260 1951
1261 1476
1262 1493
1263 1517
1266 1343
1267 1271
1267 1523
1268 1728
1269 1290
1269 1896
1270 1821
1270 1965
1271 1486
1275 1505
1276 1903
1278 1356
1279 1660
1280 1528
1280 1860
1281 1701
1282 1394
1283 1900
1283 1920
1287 1799
1287 1950
1288 1552
1288 1910
1289 1847
1289 1972
1291 1640
1293 1334
1294 1458
1294 1995
1295 1602
1295 1661
1295 1771
1297 1497
1298 1952
1298 1969
1299 1513
1300 1325
1300 1668
1300 1973
1303 1805
1307 1586
1307 1967
1308 1813
1308 1963
1309 1329
1309 1844
1311 1404
1311 1783
1312 1790
1313 1327
1313 1953
1314 1386
1314 1581
1316 1319
1316 1865
1317 1718
1318 1777
1320 1394
1320 1410
1323 1643
1323 1919
1324 1580
1324 1674
1326 1700
1327 1831
1329 1353
1329 1906
1330 1731
1330 1732
1331 1509
1331 1521
1331 1910
1333 1504
1334 1883
1336 1475
1337 1676
1338 1668
1339 1351
1339 1721
1342 1699
1343 1346
1343 1852
1343 1966
1344 1364
1346 1528
1346 1567
1349 1584
1349 1620
1350 1630
1351 1585
1351 1809
1352 1870
1353 1426
1353 1431
1353 1872
1354 1566
1354 1910
1354 1961
1355 1926
1356 1493
1356 1550
1356 1553
1358 1721
1359 1745
1359 1875
1360 1400
1360 1647
1360 1846
1361 1422
1362 1741
1363 1684
1363 1857
1364 1414
1364 1493
1364 1800
1365 1855
1366 1456
1368 1512
1368 1688
1370 1862
1371 1558
1373 1993
1374 1869
1375 1879
1376 1846
1377 1567
1378 1576
1378 1958
1379 1480
1380 1772
1381 1579
1381 1659
1382 1505
1383 1449
1385 1549
1386 1848
1387 1423
1388 1544
1389 1445
1390 1978
1392 1942
1393 1519
1398 1449
1398 1678
1398 1752
1398 1878
1399 1791
1400 1965
1406 1882
1406 1983
1409 1874
1410 1771
1410 1842
1411 1495
1412 1835
1413 1633
1413 1953
1413 1968
1415 1443
1416 1653
1416 1916
1418 1557
1419 1480
1420 1859
1421 1553
1423 1627
1426 1514
1426 1703
1429 1613
1429 1940
1432 1734
1432 1842
1432 1964
1434 1443
1435 1693
1436 1679
1436 1741
1437 1723
1438 1716
1440 1470
1441 1634
1441 1714
1442 1533
1442 1724
1444 1715
1444 1719
1445 1665
1447 1673
1447 1967
1450 1719
1452 1539
1453 1544
1455 1740
1456 1467
1457 1788
1460 1474
1461 1543
1462 1476
1464 1574
1464 1666
1468 1915
1468 1933
1469 1557
1469 1602
1469 1703
1472 1838
1472 1871
1474 1481
1475 1545
1476 1845
1477 1577
1478 1945
1479 1505
1482 1619
1486 1992
1487 1611
1489 1706
1490 1576
1490 1597
1490 1688
1491 1752
1491 1797
1492 1695
1493 1516
1493 1886
1493 1912
1494 1929
1495 1560
1495 1732
1495 1903
1496 1953
1498 1959
1499 1995
1500 1549
1501 1543
1503 1559
1503 1942
1504 1908
1504 1950
1505 1646
1505 1887
1507 1806
1507 1901
1508 1909
1508 1988
1509 1973
1510 1898
1511 1631
1512 1650
1515 1530
1515 1714
1515 1828
1516 1697
1518 1570
1518 1882
1519 1714
1521 1757
1521 1945
1522 1858
1523 1915
1527 1913
1529 1560
1529 1842
1532 1886
1533 1672
1533 1883
1533 1889
1535 1983
1537 1847
1540 1981
1542 1842
1542 1847
1543 1581
1543 1614
1544 1846
1545 1653
1545 1770
1546 1633
1546 1688
1546 1715
1547 1803
1549 1568
1550 1729
1550 1775
1551 1873
1552 1594
1553 1638
1556 1699
1557 1568
1558 1581
1558 1662
1558 1836
1559 1701
1562 1860
1563 1627
1563 1691
1563 1934
1564 1660
1565 1943
1567 1848
1568 1971
1569 1686
1569 1808
1570 1877
1571 1688
1571 1900
1571 1954
1572 1734
1575 1722
1576 1743
1577 1898
1578 1694
1579 1634
1579 1666
1580 1708
1581 1639
1581 1817
1583 1860
1585 1857
1591 1908
1594 1701
1596 1887
1596 1969
1599 1796
1599 1852
1599 1905
1603 1677
1603 1764
1603 1822
1606 1635
1606 1861
1609 1713
1610 1947
1616 1783
1616 1887
1619 1992
1620 1926
1620 1939
1621 1759
1621 1915
1622 1820
1624 1887
1627 1798
1629 1977
1631 1806
1632 1912
1639 1934
1642 1834
1646 1982
1647 1715
1647 1999
1648 1744
1650 1703
1652 1823
1653 1654
1653 1866
1655 1844
1657 1984
1660 1731
1660 1915
1660 1923
1661 1967
1663 1840
1666 1770
1668 1930
1670 1974
1671 1772
1671 1805
1671 1973
1672 1951
1676 1842
1677 1688
1677 1774
1679 1875
1682 1759
1683 1753
1683 1919
1685 1869
1688 1941
1690 1789
1691 1930
1693 1887
1695 1734
1696 1984
1697 1747
1699 1907
1702 1926
1705 1730
1707 1994
1708 1965
1710 1959
1713 1954
1713 1985
1716 1932
1722 1764
1725 1905
1726 1734
1743 1903
1754 1866
1757 1791
1759 1902
1760 1940
1761 1925
1763 1853
1773 1885
1776 1780
1780 1898
1782 1885
1784 1936
1786 1949
1786 1995
1787 1834
1790 1810
1790 1889
1793 1856
1793 1969
1794 1884
1803 1936
1815 1994
1817 1980
1824 1933
1826 1968
1829 1895
1833 1847
1834 1841
1836 1853
1837 1877
1846 1914
1850 1879
1855 1976
1859 1939
1862 1962
1875 1985
1877 1995
1879 1959
1881 1974
1887 1901
1887 1988
1897 1936
1905 1940
1917 1966
1919 1998
1936 1979
1960 1973
1977 1987
