2000 2936
82
71
10
11
58
71
92
55
49
97
100
27
97
90
65
73
72
6
77
24
71
19
78
42
45
60
89
83
94
63
69
63
8
79
81
78
54
58
2
28
94
63
55
16
85
87
98
94
65
43
25
64
38
7
64
67
99
82
26
67
8
31
5
49
64
30
55
80
17
8
55
57
37
89
26
73
84
2
57
2
81
24
16
92
62
4
48
44
13
21
3
30
83
73
65
81
50
82
30
87
91
49
79
67
92
65
70
12
86
85
87
52
26
85
28
36
48
68
98
65
62
45
6
44
61
7
46
32
17
47
33
48
28
95
95
9
17
66
4
66
68
60
82
45
74
98
1
96
61
95
93
20
66
84
88
92
83
51
86
21
78
79
24
18
18
43
85
12
20
70
70
80
99
74
96
53
48
3
15
20
15
9
47
35
38
96
97
3
51
80
59
95
26
2
76
84
28
90
98
20
77
71
63
76
22
98
32
91
70
25
93
11
45
83
92
87
5
94
2
34
89
8
90
57
63
27
28
28
25
45
42
16
46
69
82
59
37
78
9
14
10
79
59
99
24
93
20
52
26
99
18
96
4
9
75
97
94
32
50
36
38
3
44
99
30
77
40
48
57
23
91
28
79
35
14
66
92
69
4
65
22
40
12
81
8
50
15
1
71
81
83
46
14
8
55
47
95
98
27
42
52
7
69
26
7
29
16
40
21
43
51
13
69
31
47
11
69
70
100
65
93
30
77
20
37
43
33
93
71
29
94
59
8
41
35
74
61
17
38
76
70
18
31
22
98
65
80
63
32
30
84
42
59
10
97
52
74
84
99
82
20
85
85
37
84
40
93
23
79
26
11
41
87
33
42
36
50
34
2
1
92
1
22
85
92
45
84
10
18
4
43
60
47
86
7
25
50
95
49
25
8
17
73
82
76
23
63
17
63
53
3
99
97
53
8
72
8
18
58
69
28
32
86
26
69
95
14
1
96
86
66
79
6
25
88
81
49
21
29
6
70
48
69
75
13
34
59
82
37
82
92
79
46
23
85
29
74
46
37
84
60
53
5
92
32
42
65
54
96
36
49
83
36
25
31
14
9
29
5
69
43
65
94
75
74
14
12
2
2
72
12
97
16
43
15
81
66
94
67
70
8
75
25
93
92
17
63
80
98
11
68
49
96
15
60
60
5
15
73
79
40
25
57
51
81
14
48
24
70
50
85
12
33
3
8
75
83
57
34
4
50
44
56
8
26
40
59
98
8
70
76
26
51
52
77
90
34
17
8
96
43
5
14
34
57
86
56
63
81
40
44
82
71
82
77
66
73
96
75
16
90
2
72
53
10
88
90
14
60
57
16
67
5
86
33
46
55
14
68
25
92
83
78
65
27
22
30
43
56
42
34
71
31
75
85
65
7
48
91
93
10
84
61
24
21
88
32
2
69
16
61
29
86
47
57
26
75
9
82
97
57
98
87
95
43
66
2
48
39
4
44
45
24
71
95
71
55
51
99
71
30
35
93
37
30
2
77
11
78
9
43
86
67
71
87
44
27
35
2
43
17
65
74
68
9
10
57
68
15
87
19
80
95
14
56
96
19
81
74
96
25
40
53
47
45
22
28
57
83
91
85
17
73
77
89
15
40
53
63
56
66
30
60
78
29
98
4
100
53
92
45
70
60
62
45
79
33
60
7
11
72
1
36
51
73
50
100
58
81
84
70
93
72
2
46
21
42
60
44
69
98
66
92
9
99
48
26
52
32
80
53
5
62
87
26
20
60
78
29
90
14
9
43
27
96
72
67
24
11
2
37
54
23
86
63
98
7
49
94
13
96
38
80
56
18
24
7
83
50
72
91
63
88
50
11
54
52
100
23
67
11
86
48
62
10
99
27
77
90
5
73
33
72
48
35
23
83
84
45
35
35
94
36
17
2
51
100
46
70
10
40
33
47
87
76
4
2
29
43
59
68
85
28
45
58
81
80
100
24
78
85
9
34
35
91
99
64
98
82
60
93
32
37
23
99
44
49
73
16
64
61
19
78
27
81
85
40
5
99
3
65
52
90
89
32
5
1
91
4
50
38
73
37
6
43
66
40
78
78
64
8
44
62
36
45
52
2
15
49
100
32
20
69
71
34
52
4
84
50
22
69
20
81
2
66
13
68
15
74
28
71
11
98
8
42
80
26
16
99
93
62
32
10
42
48
53
87
61
97
86
46
15
46
46
71
51
86
13
93
65
8
1
11
94
85
74
8
5
56
50
3
65
78
43
44
26
20
14
100
36
50
30
18
51
40
39
95
13
37
63
36
27
26
23
25
28
6
19
13
80
40
58
33
86
14
58
23
35
65
61
6
20
78
49
70
38
45
64
97
26
74
1
90
28
46
62
84
100
85
40
69
40
17
44
86
95
87
76
93
31
2
60
81
48
32
38
28
90
49
89
52
44
37
30
33
72
14
65
16
81
82
74
92
40
79
45
45
11
72
27
92
71
45
98
70
33
38
20
95
68
6
61
37
52
86
85
86
38
63
64
84
45
49
49
48
3
80
1
49
12
89
98
12
73
70
54
10
65
61
98
98
27
74
20
17
12
53
88
46
100
37
84
66
19
17
29
61
41
59
49
43
72
44
36
99
31
11
43
50
48
13
76
60
48
47
97
35
99
13
57
28
57
36
87
32
100
39
2
50
6
36
71
43
65
63
81
67
100
93
29
38
79
41
49
1
36
3
13
65
59
40
78
65
18
32
21
68
11
61
68
32
49
74
63
81
5
31
56
40
62
25
10
87
4
91
74
72
68
76
64
43
94
29
56
44
35
50
61
76
49
15
63
96
59
56
24
41
100
74
26
27
38
61
56
15
34
31
33
1
36
17
51
34
39
66
85
76
38
14
43
93
45
13
83
17
35
75
11
14
87
7
50
3
99
83
81
74
83
23
46
43
14
88
37
72
94
80
51
83
75
73
85
49
56
30
72
51
96
78
22
11
55
20
35
16
12
53
91
75
48
31
45
52
20
69
84
91
87
1
100
28
87
28
71
33
68
38
8
39
89
72
27
49
2
46
23
9
82
12
19
19
95
76
39
59
46
78
1
26
93
78
36
30
33
9
85
12
100
100
84
94
47
13
51
13
12
35
82
37
13
1
73
32
44
25
30
77
56
80
60
9
71
88
46
50
54
79
45
21
64
23
80
26
48
9
100
100
21
58
99
19
25
8
51
40
63
13
17
30
79
34
32
9
54
68
12
98
16
8
97
16
28
11
68
52
11
90
88
68
63
11
79
79
63
48
83
99
93
73
79
21
5
2
61
81
98
33
24
40
45
56
94
87
30
10
3
60
100
12
66
66
81
34
86
94
78
46
36
5
67
84
5
71
88
12
84
51
16
17
53
52
97
30
53
2
16
29
85
16
75
37
70
95
40
26
21
91
22
74
2
45
51
4
18
59
45
65
5
86
6
100
22
8
27
25
37
81
60
28
36
97
62
8
47
66
65
96
63
78
92
90
91
87
39
52
79
63
44
3
65
16
46
98
80
19
17
59
86
21
62
20
74
23
13
99
12
78
73
46
29
91
70
92
83
66
29
19
10
9
29
49
14
30
42
14
79
40
11
38
82
72
33
49
82
14
85
56
61
12
84
76
83
93
76
30
91
71
22
49
41
54
64
55
58
92
48
52
96
54
84
69
15
85
6
64
52
20
86
25
44
79
88
59
97
97
16
63
53
77
11
11
18
63
59
87
10
97
3
81
73
56
96
32
26
18
27
14
72
34
73
7
22
76
74
15
9
100
66
85
64
60
29
85
94
28
99
60
51
11
47
97
98
76
74
49
1
82
7
28
71
31
37
88
40
44
80
57
40
8
62
70
53
29
7
52
55
65
19
48
70
69
53
64
10
33
47
69
66
71
51
3
15
82
52
77
57
62
12
84
18
2
27
35
56
21
88
91
5
13
64
52
22
68
100
63
62
15
89
90
42
86
72
44
18
73
29
83
26
41
18
8
88
7
53
52
81
41
50
17
53
3
12
90
75
44
3
14
77
66
90
37
48
90
77
62
10
3
48
18
17
29
26
44
63
18
87
98
8
85
74
38
89
100
17
12
51
91
38
30
71
68
32
39
90
53
21
40
39
89
2
9
32
35
21
76
34
98
94
30
65
98
5
100
97
57
80
78
10
16
15
13
94
80
32
40
29
25
37
62
43
16
45
65
51
1
21
36
81
43
44
16
36
39
23
19
79
79
62
18
22
54
96
50
24
65
88
24
51
61
58
18
43
68
31
55
29
17
84
46
32
40
57
43
59
57
61
38
28
30
14
66
81
8
90
97
75
75
70
23
22
37
95
73
95
88
66
30
49
53
73
55
72
30
12
75
58
12
95
69
81
71
5
31
73
89
27
69
32
31
42
91
63
86
1
21
54
28
39
30
12
41
51
39
35
83
80
61
17
67
39
13
58
36
76
91
94
56
8
36
80
88
46
55
74
2
18
7
21
61
17
35
63
4
93
48
57
43
34
32
39
56
70
10
10
38
42
95
35
81
70
0 370
0 495
1 1366
1 1982
2 911
2 1047
2 1512
2 1868
3 104
3 202
4 834
4 874
4 1290
5 1936
6 1668
7 103
7 497
7 1206
7 1819
7 1929
8 1805
9 425
9 792
9 1196
10 926
11 152
11 958
11 1389
12 1202
12 1882
13 938
13 1623
14 1214
14 1530
15 207
15 1271
15 1635
15 1835
15 1983
16 1080
16 1417
17 97
17 521
17 971
17 1243
17 1461
18 101
18 268
18 716
18 906
18 1121
19 280
19 379
19 1579
19 1805
20 325
20 336
20 1094
21 373
22 1614
23 1532
24 1045
24 1207
25 1020
25 1093
25 1947
26 404
26 528
26 686
26 946
26 1196
26 1626
27 187
27 1100
27 1286
28 533
28 611
28 979
29 380
29 963
29 1055
29 1602
30 457
30 1227
30 1331
31 567
31 1549
31 1615
32 1615
33 795
33 1594
33 1680
33 1884
34 703
34 712
34 835
34 1081
34 1322
34 1962
34 1996
35 1491
36 44
36 124
36 209
37 209
37 679
37 900
37 1316
38 346
38 1604
39 892
40 271
41 1064
41 1155
41 1794
42 1864
43 290
43 304
45 88
45 606
46 939
46 1000
46 1461
46 1814
47 1009
47 1084
47 1344
48 72
48 828
48 1947
49 1868
49 1958
50 524
50 930
50 1350
50 1470
51 150
52 164
52 481
52 1114
53 411
53 601
53 968
53 1882
54 98
55 1382
55 1552
56 1282
57 756
58 450
58 489
58 1620
58 1897
59 1111
59 1367
59 1776
59 1919
60 1055
60 1739
61 68
61 406
61 660
61 1373
61 1514
62 233
62 811
62 1064
62 1566
63 1831
63 1897
64 115
64 549
65 332
65 1029
65 1415
65 1975
68 821
68 1683
69 459
69 601
69 1538
69 1655
69 1763
70 469
70 1392
70 1584
70 1599
70 1671
70 1752
71 492
71 1585
72 363
72 931
72 1158
72 1307
73 89
73 860
73 1316
74 401
74 1774
74 1843
75 551
76 856
76 1023
76 1210
76 1325
76 1905
78 426
78 894
78 948
78 971
79 317
79 871
79 1795
80 544
81 85
82 1274
83 246
83 450
83 513
83 726
83 781
84 595
85 477
85 617
85 1576
86 1003
86 1421
87 990
88 277
88 773
88 1011
88 1285
89 474
90 835
91 1619
92 945
92 948
93 427
93 754
93 1611
93 1887
94 1143
95 244
95 554
96 509
96 720
96 1352
97 239
97 319
97 431
97 786
97 1567
97 1621
98 320
98 1430
98 1600
99 756
99 826
100 319
100 592
100 1638
101 262
101 1142
101 1260
102 549
102 1679
102 1979
103 117
103 337
103 793
103 999
104 641
104 1699
105 1445
106 415
106 1220
106 1334
106 1545
107 215
107 658
107 1380
107 1490
108 449
108 587
108 676
108 1295
108 1458
108 1733
108 1809
109 1065
109 1417
109 1940
110 743
110 1180
110 1204
110 1786
111 753
111 851
112 426
112 1103
112 1186
113 322
113 737
113 1339
113 1430
113 1724
114 187
114 440
116 200
116 467
116 938
116 1896
117 355
118 357
118 374
118 812
118 1608
119 977
120 398
120 399
120 778
120 965
120 1175
120 1292
120 1625
120 1768
120 1971
121 1481
122 168
122 1691
123 130
123 210
123 282
123 395
123 769
124 312
124 854
124 1176
125 699
125 1063
125 1420
125 1514
125 1595
125 1644
125 1736
126 1390
126 1659
126 1806
127 502
127 1685
127 1690
127 1963
127 1976
128 501
128 1000
128 1828
129 920
129 1732
130 1251
130 1476
131 642
131 1482
132 274
132 588
132 969
133 417
133 1292
133 1459
133 1759
134 221
134 1045
134 1715
134 1784
135 1912
136 916
136 1539
136 1708
137 1015
137 1353
137 1477
138 1736
139 841
139 1041
139 1150
139 1273
139 1395
139 1882
140 959
140 1085
140 1401
140 1808
142 1291
142 1574
143 449
143 932
143 1492
143 1588
144 1621
144 1778
145 456
145 1651
146 618
146 1138
146 1677
146 1854
147 180
147 657
147 751
147 836
148 676
148 832
148 933
148 1358
149 208
149 484
149 555
149 758
149 1446
150 1931
151 706
151 830
152 408
152 429
152 911
152 1074
152 1329
153 431
153 439
153 1112
153 1867
154 254
154 855
155 972
157 1550
158 424
159 372
159 1650
160 193
160 751
160 1686
160 1687
161 524
161 1498
162 548
162 609
162 1074
162 1247
162 1668
162 1987
163 1324
163 1491
164 1291
164 1365
165 1001
165 1761
166 1368
167 337
167 1035
167 1582
168 377
168 556
168 704
168 1661
168 1916
169 226
170 394
170 1802
171 445
171 1936
172 554
172 752
173 221
173 1045
173 1769
174 375
174 535
175 1005
175 1175
175 1410
175 1446
175 1744
176 1184
177 909
177 1445
178 998
178 1419
180 1249
181 877
181 1693
182 869
182 1175
183 638
183 1949
184 465
184 1016
185 1011
185 1187
185 1717
186 822
186 1637
187 427
187 674
187 1036
187 1519
187 1816
189 418
189 1668
190 670
190 1139
191 1015
191 1249
192 1589
193 1241
193 1273
193 1490
194 327
194 662
194 1060
194 1368
194 1620
194 1751
197 783
198 268
198 1485
199 418
200 262
200 1060
200 1444
200 1687
201 727
201 1097
201 1235
201 1713
202 854
203 455
203 1349
204 582
204 1017
204 1701
205 589
205 699
205 886
205 1503
206 441
206 1073
206 1629
207 688
208 521
209 637
209 1059
209 1644
209 1678
209 1881
210 915
211 1892
212 1024
212 1886
213 577
213 1312
214 395
214 561
214 1094
215 482
215 1057
215 1669
215 1685
216 302
216 1586
216 1609
216 1961
217 1159
218 293
218 588
218 717
218 1144
218 1373
219 1319
220 1004
220 1299
220 1736
220 1833
221 947
221 1063
221 1577
221 1737
222 642
222 683
222 974
222 1379
224 944
224 1735
225 371
226 996
227 261
227 1150
228 1088
228 1285
228 1615
228 1800
229 1655
230 1374
230 1821
231 735
231 1519
231 1701
231 1926
232 770
232 1221
232 1885
234 1124
234 1672
234 1963
234 1976
235 395
235 676
235 1953
236 1057
236 1159
237 1086
237 1271
237 1410
237 1496
238 425
240 1659
240 1695
241 1196
241 1268
241 1719
242 993
242 1256
243 648
243 721
243 1852
244 1050
245 255
245 375
245 1418
245 1658
246 861
246 1018
246 1654
247 585
247 600
248 719
248 1435
249 1318
250 543
251 384
251 426
251 459
251 608
251 1605
252 330
252 1440
253 452
253 751
253 1240
254 1643
254 1707
257 683
257 788
257 1490
258 1864
259 484
259 927
259 1180
259 1206
259 1521
260 556
260 1157
260 1878
260 1891
261 541
261 1862
262 293
262 1129
262 1582
263 570
263 1298
263 1764
264 390
264 808
264 834
265 408
266 595
266 1263
266 1693
267 1789
268 1416
268 1970
269 314
269 692
270 1214
271 444
271 927
271 942
271 1112
272 559
272 594
272 847
272 1196
272 1376
272 1981
273 479
273 1980
275 660
275 1238
276 785
276 1066
277 1147
277 1271
278 411
278 542
278 829
278 1515
278 1818
279 393
279 1778
280 948
281 415
281 672
281 1568
282 547
282 566
282 1079
282 1832
283 1006
283 1009
283 1763
284 753
284 840
284 1151
285 1136
285 1496
285 1897
286 769
288 550
288 1046
288 1655
288 1797
289 749
290 333
290 1491
291 370
291 528
291 1178
291 1338
291 1358
291 1360
291 1573
291 1861
292 836
292 1641
293 495
293 591
293 1483
294 894
294 1287
294 1525
294 1604
294 1699
294 1762
295 316
295 1700
296 360
296 1794
296 1955
296 1961
297 309
297 751
297 1202
297 1417
298 1911
299 326
299 399
299 537
301 1018
301 1337
301 1382
301 1705
302 685
303 825
303 1445
304 316
304 371
304 586
305 804
305 1088
306 488
306 726
306 1273
306 1657
307 826
307 1197
307 1585
308 603
308 717
308 1988
310 384
310 422
310 841
310 1394
311 325
311 787
311 793
313 1350
314 861
314 1799
315 712
315 879
315 1445
315 1937
316 460
316 903
317 403
317 1062
317 1588
317 1945
319 1901
320 447
320 549
320 723
320 956
321 375
321 730
322 1121
322 1389
322 1392
323 690
323 1523
324 1514
324 1566
325 557
325 869
325 981
325 1443
325 1940
326 1153
326 1458
327 1484
328 1187
328 1897
329 1419
329 1752
329 1780
330 559
331 1194
331 1960
331 1978
332 580
332 760
332 1258
332 1763
333 799
333 1782
334 416
334 972
334 1940
335 1418
335 1425
336 1253
336 1625
336 1942
337 1152
337 1366
337 1551
337 1835
337 1958
338 656
338 700
338 828
339 361
340 742
341 350
341 383
341 424
341 432
341 1040
341 1298
341 1870
341 1930
342 610
342 805
342 862
342 902
342 1105
343 609
343 751
343 868
343 1326
344 412
345 994
345 1221
345 1763
346 826
346 896
346 1045
346 1897
347 1227
348 1330
349 1722
350 932
350 1889
351 456
351 1382
351 1821
352 436
352 1055
353 850
353 1178
353 1211
353 1469
354 1027
354 1184
354 1403
354 1550
355 842
355 1055
355 1654
356 697
356 859
356 947
356 1268
358 1155
358 1919
360 541
360 1131
360 1229
360 1873
361 897
361 1437
361 1758
362 603
362 1398
362 1962
363 773
363 1163
363 1706
363 1914
364 837
364 838
364 1153
364 1795
365 499
365 569
366 1551
367 1659
367 1774
368 1267
368 1840
369 488
369 903
369 947
369 1404
369 1450
370 471
370 881
370 1287
370 1290
371 676
373 1359
373 1379
374 380
374 483
374 804
374 1018
374 1683
374 1784
374 1799
374 1900
375 840
375 1852
375 1903
375 1987
376 559
376 918
376 1440
376 1643
376 1799
376 1983
377 1092
378 624
378 681
378 1648
378 1761
378 1884
379 1302
380 492
380 1561
380 1600
381 549
381 643
382 895
382 1263
382 1545
382 1738
383 1046
384 1814
385 555
385 1591
386 912
386 1813
386 1868
387 567
387 625
387 781
387 990
387 1088
387 1183
387 1354
387 1563
387 1697
388 608
388 1211
388 1267
389 644
389 1404
391 784
391 1306
392 534
393 707
395 581
395 785
395 851
395 868
395 1153
395 1222
395 1725
396 909
396 926
396 1274
396 1474
396 1962
397 755
397 1006
397 1576
398 1189
398 1549
398 1713
398 1942
399 1162
399 1825
400 546
400 688
400 1486
401 550
401 914
401 1825
402 454
402 1079
402 1326
403 455
403 520
403 1055
403 1539
404 583
404 882
404 1040
405 904
405 1040
405 1736
405 1852
405 1908
406 411
406 611
407 1382
408 622
408 1493
409 537
409 722
409 1520
410 983
410 1103
410 1118
410 1323
410 1846
411 1471
411 1548
413 805
414 845
414 1095
414 1423
414 1559
415 494
415 620
415 1019
415 1413
415 1917
416 971
416 1039
416 1140
416 1164
416 1752
417 1501
418 629
418 1193
418 1514
419 469
419 664
419 711
419 1095
419 1532
420 1680
421 1317
421 1396
422 460
422 935
422 1454
422 1470
423 1250
423 1784
426 641
426 1283
426 1700
426 1728
427 550
428 1231
429 625
429 764
429 1163
430 437
430 740
430 1089
430 1163
431 510
431 806
431 1047
431 1055
431 1738
431 1902
432 842
432 937
433 831
433 869
433 1249
433 1823
434 716
434 728
434 881
434 1144
436 552
437 1382
437 1631
438 762
438 1027
438 1180
438 1375
438 1522
438 1760
439 1082
439 1497
440 982
440 1084
440 1513
440 1600
440 1721
440 1729
440 1819
441 597
443 478
443 677
444 671
444 1658
444 1920
445 726
445 787
445 910
445 1412
446 588
446 915
446 1456
446 1539
446 1712
447 1247
448 1570
449 463
449 1346
449 1671
450 1426
450 1578
451 1611
451 1689
452 720
454 823
454 1955
455 990
455 1597
457 1440
457 1605
457 1966
458 1117
458 1343
458 1381
458 1819
459 475
459 600
459 652
459 1407
459 1507
459 1850
459 1862
460 726
461 1317
461 1322
462 1181
463 1603
463 1632
464 1358
464 1944
465 1964
467 1069
467 1435
468 913
468 1797
469 848
469 1450
470 601
470 755
470 1171
470 1293
470 1911
472 1178
472 1684
473 670
474 1772
475 1316
476 1152
476 1295
477 744
478 1138
478 1427
478 1714
479 487
479 820
480 1999
481 1742
482 886
482 937
482 1054
482 1092
483 570
483 904
483 961
483 1359
483 1399
484 1280
485 586
485 1738
486 1278
488 1613
488 1983
489 600
489 1810
490 1668
491 688
491 744
491 1499
492 703
492 1175
492 1815
493 752
493 1615
494 723
494 979
494 1161
494 1615
495 716
495 984
495 1296
495 1809
496 656
496 1068
496 1578
496 1860
497 824
498 1131
498 1988
499 1301
499 1449
500 1408
501 1459
502 697
502 707
502 1253
502 1544
502 1695
503 816
503 1463
503 1741
504 1751
504 1773
505 855
505 858
505 883
506 1108
506 1735
507 741
508 1333
508 1419
508 1558
508 1583
508 1682
508 1755
508 1765
509 1085
509 1142
509 1534
509 1679
510 769
510 882
510 1235
510 1884
511 968
511 1350
512 618
512 1435
513 745
513 1132
513 1525
513 1830
514 1421
515 912
516 703
516 1059
516 1299
517 805
517 1757
519 1676
520 740
520 1492
520 1661
521 1878
521 1912
523 1143
523 1536
523 1609
524 713
524 1538
525 1825
526 538
526 838
526 998
526 1661
526 1767
527 761
527 798
527 1078
527 1386
527 1707
527 1735
528 997
528 1110
528 1241
529 1304
529 1807
529 1921
529 1963
530 866
530 1721
531 1219
531 1999
532 579
532 680
532 691
532 1105
532 1118
532 1570
532 1600
532 1746
533 1445
533 1485
534 1298
534 1466
534 1543
535 732
535 1265
536 906
536 1268
536 1827
537 1567
538 615
538 1178
538 1615
538 1690
538 1939
539 658
539 1154
539 1234
539 1592
540 975
541 1538
542 1162
542 1464
543 672
543 990
543 1464
544 736
544 1579
545 1780
547 1315
547 1453
547 1517
547 1708
547 1820
547 1927
548 728
548 1410
548 1478
548 1841
549 1465
549 1622
550 644
550 864
550 1096
550 1203
551 781
551 1051
551 1068
551 1077
551 1649
553 589
553 598
553 727
553 1680
554 1156
554 1709
555 1209
556 1579
557 566
557 829
557 1217
558 753
558 1297
558 1725
559 1170
559 1663
560 633
560 698
560 825
560 840
561 847
561 1157
561 1566
562 1086
563 782
563 994
564 1768
565 1310
565 1554
566 1041
567 1173
567 1560
568 1944
569 1447
569 1990
570 1978
571 601
571 876
572 867
572 1722
573 949
573 1072
574 1790
575 1718
577 736
577 1989
578 1457
578 1541
578 1821
579 1460
580 1449
581 737
581 1112
582 664
582 1584
582 1857
583 839
583 1528
583 1836
584 632
584 1534
584 1943
585 1312
585 1548
585 1621
585 1684
586 1785
587 1258
588 732
589 1518
590 966
590 1046
590 1316
590 1824
591 1514
592 841
592 1185
593 755
593 809
593 1439
594 1004
594 1173
594 1965
595 1697
595 1918
596 1354
596 1679
598 805
598 868
599 1283
599 1588
600 623
600 911
600 1302
600 1547
600 1605
601 1293
601 1372
602 1978
604 646
604 1227
605 711
605 828
605 1082
605 1354
605 1680
606 1503
606 1896
606 1923
607 1536
607 1737
609 778
609 1472
609 1801
609 1889
610 1164
610 1314
610 1424
610 1509
611 740
611 758
611 876
611 1176
611 1534
611 1595
612 848
612 865
612 1492
612 1755
613 1263
613 1744
614 969
615 1132
615 1645
615 1785
617 755
617 1553
617 1566
619 1412
619 1944
621 735
621 1465
621 1953
623 965
623 1271
623 1452
624 1283
624 1851
627 1434
628 810
628 995
628 1631
629 1124
630 1377
630 1737
631 947
631 1021
631 1172
632 748
633 852
633 1806
634 649
635 826
635 862
635 1338
635 1394
635 1442
635 1695
636 1230
637 1635
637 1801
638 1622
638 1752
639 666
639 776
639 1616
641 1400
641 1907
642 705
643 796
644 1175
645 649
645 736
647 852
647 1242
647 1982
648 1160
649 825
650 740
650 918
650 1452
650 1762
651 1168
651 1647
652 840
652 1403
653 655
653 726
653 790
653 904
653 1565
654 700
654 1299
655 1286
655 1468
655 1929
656 874
656 932
656 1521
656 1934
658 684
659 1259
660 925
661 830
661 1440
662 826
662 1267
662 1590
663 1268
663 1340
663 1389
663 1457
663 1537
663 1902
666 1337
667 857
667 991
667 1055
667 1610
667 1701
669 893
670 988
670 1045
670 1307
671 750
671 1109
671 1562
672 915
672 927
672 1279
672 1740
673 747
674 1612
674 1748
675 1332
675 1484
675 1648
676 1239
676 1562
676 1839
677 891
678 690
678 1048
679 1196
680 917
680 1774
681 1293
683 784
683 1021
683 1372
683 1570
683 1685
683 1706
685 1667
685 1777
685 1989
686 1290
687 1648
688 867
688 1019
688 1500
688 1629
689 876
689 1472
690 1505
691 967
691 1152
691 1209
691 1998
692 1206
692 1277
693 1283
693 1669
694 1484
694 1897
694 1944
694 1974
695 1159
695 1544
696 1206
697 773
697 880
697 963
698 723
698 775
699 1641
700 1198
700 1567
701 1482
701 1957
702 772
702 1016
702 1527
702 1588
702 1607
702 1877
703 1599
705 737
705 870
706 1014
706 1283
707 963
707 986
707 1210
707 1247
707 1420
707 1469
707 1666
707 1789
707 1936
708 1328
708 1649
709 924
709 1283
709 1597
709 1633
709 1971
710 1504
710 1762
710 1881
711 876
712 1983
714 1766
715 949
716 1224
716 1504
716 1597
717 985
718 1025
718 1593
719 747
719 1268
719 1632
720 1642
720 1714
721 1006
722 1788
723 760
723 1338
724 1352
725 1768
726 810
726 860
726 1216
726 1274
726 1459
727 778
727 1554
728 1397
729 739
729 975
729 1130
731 1440
731 1527
731 1636
732 881
732 1386
732 1855
733 1442
735 1396
735 1585
736 1866
736 1961
738 1205
739 812
739 1513
739 1630
740 1600
740 1921
741 1776
742 1033
742 1115
742 1151
742 1727
743 832
743 917
743 1275
744 1503
745 1350
746 1909
747 802
747 837
747 921
747 1601
747 1629
747 1633
748 1801
749 927
749 1962
749 1997
750 818
750 1216
751 934
752 869
753 1864
755 1323
756 961
756 967
756 1260
756 1282
756 1399
756 1564
757 1108
757 1572
757 1650
757 1932
758 1100
758 1452
758 1689
759 915
759 1468
760 1544
761 1377
762 1140
763 939
763 1139
763 1165
763 1595
763 1875
764 1098
765 1117
765 1329
765 1463
765 1547
765 1600
765 1849
766 944
766 1412
766 1476
767 1648
768 1834
769 1231
770 1211
770 1771
770 1778
770 1800
771 1685
771 1757
772 1211
772 1442
773 1215
773 1394
773 1966
774 1077
774 1403
774 1926
775 1054
776 958
776 1065
776 1155
776 1851
776 1995
777 964
777 1180
777 1673
778 824
778 901
778 1829
779 1664
780 1156
780 1176
780 1237
780 1281
781 1047
781 1473
781 1477
782 1180
782 1294
783 1306
783 1422
783 1642
784 1917
785 1195
785 1605
785 1764
785 1787
786 1592
786 1736
787 884
787 1415
787 1720
789 1607
790 862
790 1863
791 1739
792 1436
793 1563
793 1590
793 1685
793 1840
793 1972
794 1412
794 1738
794 1858
795 961
795 1306
795 1460
795 1465
797 1289
799 1228
799 1713
800 1435
800 1796
800 1913
800 1978
801 1090
801 1273
801 1982
802 1264
802 1468
802 1788
802 1838
803 1377
803 1786
803 1914
804 1570
804 1720
805 1200
805 1873
805 1881
806 1490
808 971
810 1363
811 898
811 1197
812 940
812 1003
812 1112
812 1506
812 1746
815 945
815 1438
815 1732
816 853
816 1986
819 1841
820 1898
821 1289
821 1494
822 1228
822 1465
822 1526
822 1790
823 1710
824 1219
824 1812
824 1949
825 853
825 1022
825 1167
826 1351
826 1421
827 972
829 1402
829 1433
831 1386
832 1578
833 910
833 1220
833 1514
833 1524
835 1165
835 1751
835 1759
835 1877
836 914
836 1729
837 1078
837 1394
837 1608
837 1797
838 1411
838 1482
838 1715
839 1382
839 1407
839 1471
839 1535
839 1878
840 906
841 1168
842 1113
843 1508
843 1886
844 894
844 948
844 984
844 1191
845 1562
845 1570
845 1712
845 1804
846 1969
847 1263
847 1422
848 1227
848 1576
849 899
849 1241
849 1308
850 1525
851 1169
851 1445
851 1597
853 1472
854 881
856 1827
858 1194
858 1833
858 1864
860 1099
860 1110
860 1920
861 1140
861 1287
861 1414
863 1065
864 991
864 1211
864 1622
866 1142
866 1502
866 1528
866 1681
866 1919
869 1581
869 1991
871 1550
871 1613
871 1815
872 1964
873 1567
873 1857
874 1703
875 1573
875 1676
875 1765
877 1781
877 1840
878 1662
879 1021
879 1367
879 1460
879 1539
879 1613
879 1885
880 1932
882 1075
882 1078
882 1150
884 1634
884 1962
885 976
885 1393
885 1532
885 1992
886 1229
888 934
889 1094
890 1038
890 1288
890 1652
890 1962
891 1314
892 933
892 1325
893 1023
893 1648
894 1318
896 1238
896 1303
896 1874
896 1985
897 1409
897 1587
899 1940
900 1203
900 1267
900 1762
903 952
903 1844
908 1522
909 1246
909 1284
911 1842
912 1349
913 1877
914 1382
914 1761
915 1199
916 1103
916 1219
916 1565
917 1271
917 1815
917 1882
918 1131
919 1024
920 1744
921 1267
921 1273
922 928
922 1429
922 1660
923 982
923 1152
924 1745
925 1169
925 1294
925 1341
925 1992
926 1111
926 1461
926 1481
926 1580
926 1857
927 1615
928 1772
930 1091
931 1095
931 1336
931 1865
932 1859
933 1390
934 1879
934 1882
934 1953
935 1584
935 1667
935 1777
935 1897
936 1150
940 1886
941 1654
942 947
943 1132
945 1008
945 1269
945 1609
946 1044
948 1412
949 1229
949 1333
950 1722
951 1274
951 1420
951 1466
953 1110
953 1828
953 1863
955 1635
956 1493
957 1520
958 1475
958 1827
961 1989
962 1155
962 1247
966 1212
966 1269
966 1994
967 1172
967 1173
967 1299
967 1520
967 1829
968 1181
968 1195
968 1744
969 1588
970 1247
970 1523
970 1795
971 1446
971 1750
971 1767
973 1287
973 1319
973 1361
973 1516
974 1031
974 1606
975 1305
975 1462
978 1954
979 1829
981 1177
982 1523
982 1946
983 1278
984 1030
984 1516
985 1046
985 1412
985 1465
987 1169
987 1299
988 1450
990 1708
993 1086
994 1036
995 1250
995 1553
997 1123
998 1609
998 1612
999 1640
1000 1340
1001 1327
1001 1379
1001 1409
1001 1660
1002 1631
1002 1688
1004 1586
1005 1194
1005 1702
1006 1857
1006 1869
1007 1051
1007 1616
1008 1930
1009 1114
1009 1682
1010 1265
1011 1820
1011 1922
1013 1192
1013 1916
1014 1298
1014 1806
1016 1435
1017 1106
1019 1332
1021 1732
1023 1677
1023 1748
1025 1947
1026 1422
1026 1670
1026 1710
1026 1808
1027 1360
1027 1622
1027 1691
1029 1120
1029 1152
1029 1654
1030 1224
1030 1423
1033 1662
1033 1967
1034 1197
1034 1435
1034 1676
1035 1359
1035 1469
1036 1867
1036 1985
1037 1162
1038 1279
1038 1522
1038 1592
1039 1200
1039 1394
1039 1780
1040 1221
1040 1269
1041 1101
1041 1346
1042 1140
1042 1184
1042 1599
1047 1171
1047 1276
1049 1168
1049 1583
1050 1673
1051 1887
1052 1504
1052 1919
1054 1066
1055 1483
1057 1124
1057 1810
1059 1955
1061 1645
1062 1583
1063 1923
1064 1805
1065 1301
1065 1351
1065 1628
1066 1557
1068 1760
1068 1777
1069 1761
1070 1800
1070 1904
1072 1932
1073 1580
1073 1644
1073 1916
1074 1402
1075 1797
1077 1170
1080 1562
1081 1194
1084 1410
1086 1143
1086 1878
1086 1950
1087 1100
1087 1359
1087 1905
1089 1984
1090 1101
1090 1556
1090 1561
1090 1643
1091 1675
1091 1811
1093 1198
1093 1291
1093 1575
1095 1375
1097 1253
1097 1720
1100 1515
1101 1985
1102 1361
1102 1791
1104 1631
1105 1388
1106 1740
1106 1832
1109 1462
1109 1547
1109 1784
1110 1671
1111 1220
1111 1741
1112 1550
1112 1701
1113 1442
1114 1272
1114 1684
1115 1658
1116 1360
1116 1770
1117 1236
1117 1619
1118 1488
1118 1858
1119 1760
1119 1841
1120 1369
1121 1173
1121 1671
1122 1332
1122 1343
1125 1571
1125 1592
1125 1760
1126 1223
1126 1390
1126 1580
1126 1786
1127 1727
1127 1961
1131 1164
1131 1776
1132 1238
1132 1525
1133 1340
1133 1520
1133 1609
1133 1719
1133 1987
1134 1673
1134 1724
1135 1157
1135 1441
1135 1563
1135 1574
1136 1202
1136 1293
1136 1628
1136 1876
1137 1151
1137 1164
1137 1543
1137 1884
1138 1371
1139 1651
1140 1931
1142 1822
1143 1384
1143 1481
1144 1472
1149 1629
1150 1537
1150 1642
1150 1891
1151 1416
1151 1569
1151 1723
1153 1226
1154 1512
1155 1647
1155 1916
1156 1374
1157 1331
1157 1575
1157 1654
1159 1808
1160 1830
1161 1798
1162 1350
1163 1718
1163 1849
1164 1211
1164 1365
1165 1293
1165 1591
1168 1533
1168 1698
1170 1233
1171 1961
1172 1986
1173 1779
1174 1609
1174 1764
1175 1306
1175 1968
1176 1659
1176 1838
1176 1933
1177 1373
1178 1644
1179 1544
1182 1376
1182 1804
1182 1861
1183 1716
1184 1556
1184 1806
1185 1716
1185 1803
1187 1799
1188 1433
1188 1649
1190 1962
1190 1988
1191 1505
1193 1225
1194 1643
1194 1834
1197 1653
1197 1770
1197 1890
1198 1615
1198 1649
1201 1489
1201 1963
1202 1476
1204 1287
1204 1934
1206 1271
1207 1556
1207 1727
1208 1326
1208 1545
1209 1765
1210 1794
1211 1410
1211 1718
1213 1545
1213 1787
1214 1607
1214 1935
1218 1833
1219 1670
1219 1838
1220 1713
1222 1399
1222 1537
1224 1277
1224 1380
1224 1416
1225 1579
1227 1626
1228 1264
1229 1867
1230 1292
1231 1334
1232 1699
1232 1870
1233 1621
1235 1665
1236 1410
1236 1570
1237 1620
1238 1336
1238 1390
1239 1735
1239 1810
1241 1964
1242 1740
1243 1593
1244 1343
1244 1345
1244 1961
1246 1400
1246 1429
1246 1538
1246 1798
1248 1299
1249 1265
1250 1454
1251 1708
1252 1408
1254 1892
1255 1422
1256 1500
1256 1881
1257 1460
1258 1314
1258 1603
1260 1318
1260 1475
1261 1723
1261 1981
1264 1641
1265 1829
1266 1539
1266 1540
1266 1792
1266 1863
1268 1447
1268 1555
1268 1558
1268 1919
1269 1977
1270 1594
1271 1311
1272 1787
1273 1731
1275 1621
1277 1982
1278 1325
1280 1580
1282 1786
1283 1286
1283 1813
1284 1483
1284 1792
1284 1808
1285 1934
1288 1338
1288 1659
1289 1659
1290 1700
1290 1757
1290 1902
1294 1781
1294 1860
1295 1716
1295 1755
1296 1555
1298 1456
1298 1534
1299 1385
1300 1819
1300 1832
1300 1992
1302 1702
1303 1978
1306 1403
1306 1617
1307 1487
1307 1652
1307 1904
1308 1354
1312 1520
1312 1658
1312 1803
1314 1705
1314 1764
1316 1570
1317 1385
1317 1678
1317 1709
1319 1521
1320 1494
1320 1695
1320 1933
1322 1590
1324 1586
1325 1417
1325 1640
1325 1763
1325 1895
1327 1462
1327 1500
1328 1629
1328 1693
1328 1842
1330 1360
1331 1420
1333 1943
1335 1374
1335 1848
1335 1857
1336 1411
1339 1624
1339 1936
1340 1465
1340 1964
1342 1767
1342 1950
1344 1550
1344 1712
1346 1594
1346 1689
1348 1729
1349 1417
1350 1833
1351 1583
1351 1850
1351 1874
1352 1437
1353 1386
1353 1597
1354 1506
1356 1576
1358 1645
1358 1809
1361 1517
1361 1588
1361 1661
1361 1815
1364 1514
1365 1665
1366 1964
1366 1965
1367 1681
1367 1803
1368 1369
1368 1814
1368 1848
1370 1674
1370 1783
1370 1999
1371 1833
1373 1594
1374 1805
1375 1503
1376 1714
1377 1789
1380 1561
1380 1626
1381 1571
1381 1830
1382 1498
1385 1666
1385 1933
1386 1451
1389 1693
1390 1497
1391 1565
1391 1593
1393 1660
1394 1573
1395 1902
1396 1745
1398 1570
1402 1690
1402 1740
1402 1959
1404 1508
1404 1784
1406 1422
1407 1411
1407 1498
1407 1516
1407 1638
1407 1794
1410 1504
1410 1630
1411 1791
1413 1861
1417 1464
1418 1924
1419 1883
1420 1810
1421 1471
1423 1552
1426 1810
1427 1561
1428 1575
1430 1762
1431 1585
1431 1664
1434 1806
1435 1515
1437 1453
1437 1818
1438 1610
1438 1664
1438 1895
1442 1839
1443 1450
1444 1522
1445 1484
1448 1888
1451 1608
1452 1586
1454 1785
1455 1708
1456 1626
1456 1859
1457 1839
1458 1665
1458 1954
1460 1592
1463 1865
1465 1608
1465 1691
1465 1873
1468 1856
1471 1591
1472 1897
1475 1719
1478 1990
1479 1544
1481 1925
1482 1689
1482 1718
1482 1810
1483 1887
1483 1995
1492 1950
1494 1978
1497 1957
1500 1700
1502 1933
1503 1797
1504 1667
1506 1964
1507 1550
1509 1753
1512 1542
1516 1680
1520 1638
1523 1657
1524 1579
1524 1922
1524 1928
1527 1588
1527 1640
1532 1593
1533 1688
1534 1724
1535 1575
1539 1582
1539 1822
1540 1835
1540 1932
1542 1581
1542 1859
1544 1553
1545 1875
1546 1944
1547 1662
1549 1557
1549 1921
1550 1692
1550 1725
1551 1566
1551 1732
1552 1705
1552 1850
1555 1743
1558 1926
1562 1579
1562 1768
1562 1971
1564 1607
1571 1685
1574 1930
1574 1958
1575 1861
1581 1781
1584 1629
1585 1736
1586 1760
1588 1998
1590 1593
1590 1843
1590 1934
1591 1788
1593 1860
1594 1708
1595 1976
1597 1604
1600 1822
1601 1808
1603 1774
1605 1700
1608 1723
1610 1778
1611 1676
1612 1838
1612 1845
1613 1658
1613 1841
1615 1672
1624 1712
1624 1832
1625 1836
1630 1755
1630 1904
1632 1776
1634 1677
1634 1752
1637 1663
1637 1737
1639 1913
1640 1677
1642 1701
1646 1752
1647 1699
1651 1988
1655 1867
1659 1769
1661 1891
1664 1979
1666 1894
1666 1942
1667 1710
1668 1801
1669 1995
1673 1876
1676 1897
1676 1916
1677 1789
1677 1870
1677 1949
1678 1873
1684 1768
1686 1754
1686 1899
1687 1981
1695 1951
1697 1918
1700 1770
1700 1983
1702 1714
1707 1912
1707 1965
1710 1948
1713 1741
1714 1881
1717 1779
1720 1733
1722 1901
1734 1767
1734 1965
1737 1749
1738 1908
1739 1743
1746 1790
1750 1838
1762 1781
1768 1863
1776 1970
1777 1911
1783 1963
1787 1916
1790 1916
1792 1845
1792 1861
1795 1856
1803 1942
1809 1854
1812 1968
1829 1917
1835 1997
1846 1901
1850 1854
1850 1913
1851 1962
1854 1939
1862 1923
1863 1927
1863 1934
1871 1920
1876 1989
1877 1894
1881 1990
1883 1889
1907 1911
1930 1966
1931 1979
