2000 2994
95
49
68
14
42
63
78
2
6
82
57
73
7
79
23
26
97
88
30
41
2
72
43
1
76
34
54
96
40
30
82
12
59
82
2
92
13
70
70
66
37
49
80
39
4
49
100
4
79
47
19
47
1
99
92
31
17
79
20
69
29
45
18
51
62
26
78
39
34
100
45
30
43
21
93
28
34
35
25
58
72
13
82
91
79
61
65
92
22
92
56
41
36
97
26
52
48
78
78
55
47
80
84
12
87
33
31
9
40
48
81
14
80
40
52
85
83
30
50
97
38
65
19
3
55
29
91
87
73
79
81
23
49
38
30
5
89
51
88
69
21
64
17
22
86
26
54
47
68
5
59
13
56
83
63
65
78
14
94
30
13
15
19
46
52
3
88
19
87
24
89
64
53
6
11
94
17
9
22
89
32
35
90
74
14
90
84
3
97
18
35
12
8
20
86
33
92
98
67
92
81
88
100
42
88
72
84
25
78
30
51
16
51
46
98
28
80
68
25
7
23
23
26
1
68
3
28
60
32
63
26
71
74
47
8
92
60
4
88
59
80
95
77
50
25
15
29
45
25
71
66
15
70
22
83
87
60
14
93
20
38
14
10
51
94
69
64
98
16
12
66
37
78
38
50
7
93
40
47
90
59
59
52
61
96
5
84
88
14
12
32
46
8
23
72
61
80
72
98
67
90
32
3
56
41
86
29
77
53
32
55
96
23
77
76
84
56
17
19
90
95
16
66
58
11
18
72
4
73
11
92
43
61
55
38
37
5
95
75
54
43
99
98
29
53
49
98
34
20
39
47
67
86
40
16
74
79
84
15
78
78
97
67
63
96
42
43
22
16
45
55
4
79
98
6
58
67
68
66
35
2
39
66
25
49
46
71
49
60
29
4
50
75
63
40
58
25
26
20
34
18
80
36
70
48
57
47
35
52
65
16
81
89
58
15
21
84
90
10
21
82
76
8
34
56
34
78
20
100
42
64
63
90
62
45
9
34
72
46
33
21
57
98
90
70
39
52
6
44
51
63
19
79
31
76
100
92
84
1
75
34
54
90
1
20
58
13
1
6
11
46
8
41
37
7
68
55
9
54
81
35
70
53
33
41
70
18
43
44
62
55
35
49
79
44
29
43
26
29
80
60
6
7
38
24
4
98
92
89
99
96
79
32
47
90
3
47
52
63
11
94
37
33
23
85
33
84
39
31
74
18
2
65
12
34
19
18
18
87
56
21
67
50
66
24
47
38
57
12
1
13
77
62
42
35
90
59
100
12
22
65
6
19
28
19
92
74
10
75
39
10
96
18
40
37
79
9
49
25
31
24
13
37
35
76
66
38
4
52
61
4
35
15
15
72
1
73
74
46
58
69
99
85
55
97
71
69
24
1
87
56
83
96
52
32
72
15
87
47
1
71
71
34
28
54
93
68
16
25
55
86
87
44
49
73
85
79
58
65
11
81
35
87
63
85
82
15
48
56
93
95
44
50
80
12
25
74
33
16
52
94
96
87
13
51
97
9
11
80
95
75
78
9
88
32
82
65
88
63
31
14
91
28
46
55
77
6
34
87
86
45
23
39
16
52
89
78
15
79
57
63
91
25
58
4
22
38
66
1
7
58
23
27
57
85
91
76
76
14
2
38
76
35
7
71
51
18
48
41
21
32
23
73
16
52
4
25
12
79
99
22
66
57
77
92
40
28
77
20
66
88
61
68
13
96
74
81
20
21
85
11
66
1
8
74
9
89
85
100
73
88
93
71
32
93
21
99
64
52
57
89
10
17
28
91
97
45
19
20
47
66
24
58
67
89
84
87
52
18
58
2
72
40
15
19
45
3
95
58
68
70
75
29
5
58
92
48
73
17
23
5
27
46
63
92
17
72
3
68
80
21
74
69
87
43
5
51
60
53
84
69
61
36
5
32
13
40
50
33
17
64
40
8
45
49
36
95
33
79
79
70
99
83
30
29
47
15
64
69
13
18
25
46
39
41
3
84
66
77
41
100
90
54
24
84
71
5
65
91
48
11
58
10
40
73
78
24
76
42
52
63
75
44
86
52
27
22
26
99
48
60
91
15
17
84
58
73
9
43
1
62
77
81
80
43
37
83
61
29
63
25
94
88
21
25
14
69
6
34
46
62
25
40
43
14
82
19
40
35
78
45
19
59
93
75
80
19
21
6
49
84
21
6
29
95
9
25
58
16
47
51
88
21
10
98
100
24
100
96
43
67
1
38
8
66
9
96
100
11
44
22
12
34
51
11
4
71
73
9
8
53
38
87
39
92
51
51
13
61
42
47
40
65
89
26
73
67
94
36
1
64
1
64
42
90
37
92
38
81
99
88
82
34
97
71
30
23
66
10
86
19
64
2
38
12
44
35
33
85
36
73
26
28
97
38
3
6
42
33
29
25
30
81
20
52
5
52
35
87
22
27
89
75
69
99
81
58
26
36
38
53
71
72
95
76
69
78
87
90
40
80
91
71
85
86
43
96
42
55
49
22
76
31
74
18
9
10
47
17
86
71
43
46
9
90
65
30
5
64
35
48
62
98
88
14
33
38
90
16
66
85
73
99
76
85
46
94
92
49
100
25
9
100
61
55
18
63
86
54
28
37
54
55
82
9
78
83
43
40
36
81
28
29
3
21
49
46
38
81
22
6
18
82
52
88
55
10
26
94
40
73
53
49
65
88
73
61
32
49
84
51
42
5
26
52
39
3
26
55
40
91
6
53
88
40
40
36
13
26
13
60
34
14
7
42
56
33
60
93
99
9
26
53
82
99
10
56
95
97
78
12
56
93
14
59
3
67
36
41
57
38
35
58
57
95
29
39
99
41
18
56
20
66
49
11
28
26
33
85
12
4
82
86
15
3
4
51
91
4
30
41
82
13
5
48
46
38
42
62
11
80
79
57
82
66
76
73
30
23
35
91
79
84
84
9
41
34
81
95
52
46
47
71
34
38
97
72
88
58
26
1
82
66
55
93
54
55
57
92
86
48
56
94
70
25
19
26
81
3
21
54
14
21
21
12
29
59
21
53
64
68
77
10
33
8
43
19
13
81
18
55
37
58
62
44
39
45
6
95
81
33
75
30
79
40
76
4
40
9
65
7
94
91
31
95
55
94
26
100
79
60
98
96
50
22
62
72
84
53
61
63
61
6
65
96
50
52
99
27
18
43
14
9
75
92
20
81
100
66
3
8
55
1
69
93
87
92
22
39
83
22
36
62
78
30
11
9
65
85
21
67
15
9
46
61
66
70
84
47
66
14
85
71
95
95
65
13
60
92
97
60
22
94
24
51
10
30
5
41
56
18
57
98
41
68
54
57
56
58
58
75
47
59
8
9
91
35
60
99
61
90
5
46
44
46
9
43
93
27
93
64
35
83
69
52
23
44
78
37
37
71
83
77
4
73
85
43
15
72
2
77
24
53
88
72
64
64
51
17
43
74
55
25
74
62
44
82
75
43
36
88
20
57
10
60
84
98
35
26
78
3
78
76
12
27
51
41
31
45
73
6
72
85
96
74
86
42
8
25
60
32
85
45
64
48
87
65
59
75
20
35
52
80
18
14
69
13
9
15
48
59
14
32
46
88
93
6
44
81
21
57
29
5
23
80
42
37
31
20
59
30
42
97
29
17
46
66
14
34
40
71
8
38
61
31
47
13
46
61
94
55
52
94
68
33
21
21
71
27
85
17
6
19
66
81
26
72
31
51
32
20
57
68
19
11
26
77
35
8
66
11
82
37
26
89
95
26
62
10
60
82
46
27
80
26
41
36
23
57
2
61
14
66
22
69
6
71
48
13
87
87
59
35
36
50
77
55
45
15
60
25
88
54
91
40
94
93
6
76
66
23
42
4
27
80
99
41
56
44
10
11
77
55
67
93
89
39
40
19
5
52
31
74
41
54
71
14
16
59
67
50
2
29
54
4
75
90
20
54
46
75
19
13
89
53
98
42
80
84
78
95
58
31
11
87
98
57
53
24
65
29
13
81
9
84
69
39
28
29
11
28
76
70
95
11
35
49
33
40
95
42
91
13
18
47
4
58
27
91
47
94
31
80
40
73
61
18
78
29
70
24
95
87
92
63
73
83
97
37
30
35
15
2
46
66
73
89
55
6
10
70
5
85
21
87
79
19
63
62
27
44
2
72
47
37
67
6
76
94
41
20
24
25
64
33
9
59
73
22
64
71
1
53
22
34
36
95
2
69
91
49
78
2
16
2
6
78
43
88
3
65
50
2
55
27
5
83
91
18
1
72
59
36
93
30
95
13
78
62
58
27
86
61
33
98
5
45
93
43
25
81
15
42
52
39
68
21
92
55
27
22
34
2
40
20
68
91
76
12
45
86
35
88
88
97
27
51
60
77
31
84
37
71
47
22
33
77
45
84
62
30
34
73
84
72
38
39
35
98
89
73
4
88
98
89
57
30
46
22
40
59
53
26
83
79
43
87
5
66
89
87
3
86
19
91
42
100
67
8
14
85
54
57
17
67
18
15
76
22
98
62
73
73
77
80
41
71
59
80
71
0 586
0 624
0 969
0 1068
0 1183
0 1831
1 39
1 1229
1 1783
2 145
2 726
2 1513
3 171
3 352
3 549
3 684
3 1812
4 454
4 646
4 1272
5 59
5 1071
5 1982
6 280
7 557
7 1548
7 1703
8 295
8 394
8 1844
9 559
9 1272
9 1332
10 1452
11 333
11 1159
11 1872
12 171
13 279
13 1450
14 1077
14 1848
15 673
15 1105
16 216
16 256
16 629
16 960
16 1123
16 1199
16 1466
17 977
17 1116
18 184
18 424
18 840
18 887
18 1635
19 310
19 1736
20 643
20 1338
20 1699
21 271
21 795
21 1546
21 1658
21 1743
21 1842
22 969
22 1212
22 1871
22 1874
23 770
23 1652
23 1780
25 322
25 1143
25 1151
25 1234
27 1578
28 1643
29 732
29 1284
29 1499
30 326
30 589
30 886
30 1003
30 1308
31 292
31 1029
31 1138
31 1837
31 1900
32 459
32 1975
33 114
33 590
33 993
33 1300
33 1572
34 124
34 422
34 772
34 1151
34 1661
35 121
35 312
35 1011
35 1588
36 464
36 1182
37 83
37 470
37 546
37 614
37 1054
38 699
38 1111
38 1957
39 115
39 283
39 792
40 639
40 894
40 1486
40 1585
41 486
41 1744
42 265
42 1734
43 673
43 1188
43 1392
43 1578
43 1835
44 647
44 702
44 1061
45 462
45 1777
45 1851
46 318
46 337
46 393
46 1835
47 604
47 673
47 693
47 974
47 1557
47 1953
48 394
48 464
49 86
49 515
49 693
49 806
49 1489
49 1629
49 1796
50 567
50 735
50 1328
50 1391
50 1615
50 1722
51 336
52 1197
52 1349
53 1150
53 1609
53 1800
53 1913
54 820
54 1659
55 678
55 760
55 982
55 1209
55 1670
56 94
56 95
56 1799
57 482
57 1123
58 578
58 1765
59 597
59 1718
60 1197
60 1629
62 830
63 1172
63 1304
64 1031
65 273
66 1544
67 495
67 858
67 1158
67 1268
69 1282
69 1558
70 770
71 223
71 618
71 690
71 953
71 1596
72 481
72 729
72 1228
72 1790
72 1837
74 1087
74 1464
74 1784
75 464
75 649
75 1889
76 1031
76 1086
76 1176
76 1376
76 1380
76 1978
77 582
77 974
77 1287
77 1869
78 108
78 1792
80 320
80 455
80 501
80 1597
81 212
81 389
81 1204
81 1396
81 1434
81 1548
81 1965
82 480
82 586
82 1429
82 1604
82 1733
83 132
84 437
84 1199
84 1429
85 502
85 1231
85 1391
86 221
86 430
86 1578
87 470
88 980
89 193
89 1060
89 1266
89 1311
89 1395
89 1608
90 1150
91 785
91 946
91 1593
92 187
92 855
92 1050
93 162
93 1700
94 297
94 618
94 1266
95 319
95 355
95 936
95 1186
95 1917
96 783
97 1437
98 313
98 383
98 1188
98 1283
98 1583
99 554
99 888
99 1593
100 551
100 667
100 1864
101 855
101 1800
102 238
103 1168
103 1330
104 931
104 1001
104 1085
104 1091
105 437
105 947
105 1079
105 1328
105 1534
106 1156
107 522
107 774
107 1379
108 1503
108 1536
109 1848
111 439
111 552
111 956
111 1809
112 552
112 741
113 777
113 1165
114 955
114 1490
114 1643
114 1843
114 1865
115 558
115 1399
115 1432
116 139
116 859
116 1060
116 1299
116 1539
118 372
118 774
118 1240
118 1983
119 544
119 1542
120 185
120 382
120 1848
121 938
121 1583
121 1752
123 627
123 1303
123 1391
123 1738
123 1919
123 1980
124 1486
124 1782
125 332
125 1196
126 1149
126 1185
126 1715
126 1833
127 303
127 676
127 794
127 1112
127 1852
128 1084
128 1640
128 1880
128 1915
129 458
129 493
129 638
129 1493
129 1539
129 1662
129 1746
130 395
131 853
131 1591
132 474
132 581
133 510
134 724
135 393
135 497
135 933
135 996
135 1203
136 651
136 842
136 1943
137 220
138 412
138 1683
139 339
139 635
139 1793
140 830
140 1781
141 216
141 1521
142 1886
143 848
143 1542
144 197
144 356
144 766
144 1841
144 1864
145 364
145 789
145 1396
145 1763
146 358
146 1744
147 1437
148 344
148 1186
149 198
149 431
149 630
150 1368
150 1586
150 1621
151 325
151 601
151 706
151 1318
151 1852
152 166
152 357
152 1038
152 1112
152 1418
152 1806
153 243
153 503
153 1392
154 666
154 1455
154 1545
154 1599
154 1989
155 1919
156 635
156 1384
156 1499
156 1765
157 1038
157 1223
157 1747
157 1975
158 525
158 639
158 1933
159 973
159 1287
159 1407
159 1539
160 357
160 1046
161 574
161 1837
162 394
162 694
162 730
162 861
162 1084
163 166
163 1161
164 1054
164 1320
164 1570
166 422
166 1373
167 1122
168 930
169 1829
169 1936
170 415
170 420
170 617
170 1323
170 1654
171 841
172 752
172 1473
172 1743
173 676
173 861
173 1504
173 1703
174 742
174 768
175 380
175 715
175 1877
176 909
176 1660
177 1415
177 1670
178 637
178 1098
178 1387
178 1433
178 1493
179 1699
179 1932
180 635
180 753
181 536
182 362
182 629
183 207
184 522
184 766
184 1097
184 1317
184 1375
185 334
185 750
185 1479
188 443
188 731
188 1137
188 1583
189 919
189 1336
189 1832
190 243
190 1090
190 1901
191 603
191 829
191 1112
191 1299
192 850
192 1206
192 1523
193 680
193 1346
193 1580
193 1639
193 1952
194 560
195 533
195 758
196 484
196 846
196 1434
197 1898
198 953
198 1208
198 1291
198 1730
198 1849
199 209
199 830
199 1052
200 505
200 784
201 357
201 913
201 1486
201 1532
201 1559
202 271
202 829
202 1895
203 953
203 1515
204 401
204 639
204 1254
204 1301
205 738
205 773
205 1434
206 1020
206 1616
207 931
208 589
208 1373
211 529
211 1020
211 1698
212 240
212 671
213 448
213 1297
213 1336
214 1370
214 1562
215 657
215 1028
215 1149
215 1303
215 1392
215 1960
216 628
217 761
217 1019
217 1805
218 416
218 417
219 314
219 913
219 1195
219 1308
221 416
221 556
222 498
222 881
222 957
222 1010
222 1333
222 1756
223 1505
224 925
224 1467
225 339
225 821
225 1126
226 641
226 696
226 1559
226 1572
226 1734
227 269
227 871
227 1005
227 1438
227 1597
227 1762
227 1772
228 499
228 1469
228 1755
228 1762
229 1149
230 793
230 1144
230 1589
231 1180
231 1475
232 1387
232 1429
232 1670
232 1770
233 352
234 1078
234 1157
234 1967
234 1981
235 398
235 1069
236 273
236 1326
237 892
237 902
237 1020
237 1675
239 348
239 506
239 944
239 1205
239 1492
240 289
240 906
240 916
240 1122
241 1211
241 1686
241 1757
242 742
242 1126
243 808
243 959
244 1946
245 1446
245 1555
246 1182
246 1566
247 318
247 1065
247 1463
248 576
248 947
248 1427
249 340
249 850
249 949
250 440
250 1104
250 1127
250 1609
250 1650
250 1757
250 1953
251 480
251 1428
252 412
252 1229
252 1508
252 1616
253 618
253 1156
254 501
254 1395
254 1403
254 1756
255 456
255 1594
255 1736
255 1912
256 838
256 1868
257 818
259 299
259 344
259 1093
259 1546
259 1654
260 449
261 491
261 532
261 1074
261 1273
261 1696
261 1985
262 436
262 1407
262 1600
262 1798
263 1060
265 731
265 1365
265 1437
265 1467
265 1602
265 1724
266 375
266 446
267 321
267 362
267 514
267 747
267 1089
267 1208
267 1388
268 1626
269 1034
269 1067
270 533
270 1154
271 435
271 891
271 1751
272 579
272 1153
272 1356
273 313
273 852
273 1113
273 1577
273 1913
274 901
274 1217
274 1272
274 1394
275 1945
276 677
276 783
276 886
276 1672
277 625
277 882
278 974
278 1351
278 1629
279 1047
280 501
281 1135
281 1289
282 1357
282 1458
282 1476
282 1972
283 1009
283 1304
283 1555
284 676
284 924
284 1855
285 1132
285 1974
286 1446
286 1471
287 1089
287 1906
288 460
288 1482
289 736
289 1076
289 1333
290 476
290 1789
291 1927
292 491
292 684
292 1002
292 1380
292 1752
293 1677
294 389
294 802
294 1936
295 1384
295 1978
296 649
296 944
297 1721
297 1914
298 508
298 858
298 1713
300 311
300 620
300 1908
301 1294
301 1517
302 1486
302 1575
302 1856
302 1914
303 1645
303 1690
304 548
305 498
305 787
305 1106
305 1846
306 509
306 1534
306 1745
308 1926
309 800
309 893
310 474
310 893
310 1129
310 1627
310 1876
311 658
311 1158
311 1409
312 519
312 994
312 1427
312 1464
314 615
314 1139
315 329
315 635
316 824
316 1267
316 1947
317 418
317 605
317 1558
317 1803
317 1852
318 432
318 1992
320 1230
320 1886
320 1964
321 988
321 1127
321 1147
321 1164
321 1853
322 1236
323 1587
323 1733
323 1782
324 396
324 1013
324 1211
324 1575
324 1697
325 500
326 598
326 1096
326 1629
327 389
327 685
327 1056
327 1461
327 1700
328 368
328 1026
329 1304
330 373
330 733
330 1330
330 1393
331 1111
332 1624
333 962
333 1516
334 475
334 1598
334 1923
335 1175
335 1376
335 1679
335 1735
336 1075
336 1330
336 1757
337 636
338 1332
339 375
340 563
340 1108
340 1403
340 1520
340 1990
341 751
341 1622
341 1725
342 505
342 1075
342 1325
342 1454
342 1717
343 1746
343 1788
344 980
344 1410
344 1740
345 1561
345 1572
345 1728
345 1766
345 1887
345 1977
346 359
346 1257
346 1412
347 1510
347 1627
347 1654
348 369
349 397
349 1296
349 1806
349 1829
349 1881
350 901
350 1173
350 1293
350 1313
351 452
351 708
351 1226
351 1694
352 1634
353 1091
353 1325
354 676
354 1524
355 413
355 1184
355 1227
355 1238
355 1316
356 439
356 884
356 969
357 822
357 980
357 1224
357 1355
358 754
358 1271
359 490
359 1159
359 1811
360 424
360 500
360 762
360 1173
360 1670
361 1061
361 1601
362 1645
363 385
363 1402
364 1054
364 1460
364 1885
365 1534
365 1602
365 1661
365 1964
366 1060
367 1159
367 1655
367 1776
367 1795
368 1250
369 1894
370 1269
370 1640
371 738
371 1788
372 1932
373 679
373 1981
374 836
375 1425
375 1795
375 1910
376 1929
377 764
377 1100
378 768
379 1153
379 1482
379 1933
380 969
380 980
380 1093
382 1723
383 737
383 1379
383 1443
384 870
384 1501
385 1088
385 1434
386 742
386 1511
387 432
387 1306
387 1519
388 511
388 639
389 663
389 967
389 1280
389 1399
390 584
390 1252
391 624
391 659
391 1198
392 1731
392 1758
393 1928
394 460
395 475
395 946
395 1261
395 1797
396 755
396 760
396 845
396 1189
396 1265
396 1739
397 691
397 790
397 837
398 838
398 1306
399 514
399 1914
400 1190
400 1419
400 1723
402 500
402 1370
403 1119
403 1575
404 525
404 563
404 1474
405 1386
405 1888
406 430
406 1050
406 1076
406 1103
406 1690
407 694
407 1974
410 616
410 1500
411 725
411 1151
411 1385
412 1156
412 1873
413 899
413 934
413 1160
413 1174
414 433
414 972
414 986
414 1107
415 486
415 605
415 644
417 715
417 1076
418 448
418 1533
418 1700
418 1778
418 1822
418 1966
419 1171
420 1900
421 1032
421 1069
421 1762
422 921
422 1271
422 1631
423 755
423 1070
423 1264
423 1872
424 817
424 1178
424 1357
425 498
425 1127
425 1428
425 1471
426 1076
426 1528
426 1892
427 1012
427 1043
427 1158
428 515
428 941
428 1262
429 1430
429 1694
430 1571
430 1861
431 517
431 992
431 1578
432 614
432 1898
434 611
434 954
434 1515
435 1345
436 1562
436 1612
437 1077
437 1563
438 477
438 1181
439 618
439 1063
439 1254
439 1878
440 903
440 1913
441 1078
441 1178
441 1894
442 743
442 774
442 1980
442 1982
443 1986
444 1359
445 1483
445 1922
446 664
446 1124
446 1302
446 1466
447 1100
447 1660
448 458
448 1291
448 1535
448 1539
449 880
449 896
449 1599
450 1701
451 511
451 1971
452 1880
453 1113
453 1997
454 471
454 672
454 1267
454 1591
454 1725
456 506
456 616
456 693
456 783
457 1298
457 1344
457 1715
458 1216
458 1834
458 1929
458 1984
459 1442
460 1198
460 1393
460 1809
461 1757
462 486
462 557
462 599
462 993
463 1425
464 1067
464 1774
465 957
465 1533
465 1767
465 1829
466 1567
466 1711
467 605
467 960
467 1962
468 1405
468 1641
468 1855
470 823
470 873
470 1476
470 1878
471 611
471 1402
471 1780
471 1903
472 1470
473 1144
473 1855
474 897
475 703
475 1074
475 1095
475 1255
475 1331
475 1364
476 1103
477 1006
477 1132
477 1221
478 1366
478 1795
478 1861
479 843
479 1373
480 539
480 1556
481 892
481 1246
481 1466
481 1510
481 1741
482 1069
483 1250
484 864
485 691
485 1489
486 620
486 915
486 1620
486 1733
487 999
487 1065
487 1111
487 1262
487 1657
487 1915
488 1680
489 675
490 1014
490 1236
491 1023
491 1452
491 1629
492 1166
492 1601
493 638
493 1251
493 1643
493 1916
494 1664
494 1803
495 1532
496 1528
496 1646
496 1665
497 533
497 1140
497 1391
498 741
499 1160
500 579
500 1222
500 1569
501 1138
502 1435
502 1480
503 962
503 1311
504 1327
504 1453
505 947
506 745
506 847
506 1037
506 1271
506 1693
507 1187
507 1908
508 1944
509 889
509 1335
510 773
510 1282
511 1602
511 1729
512 797
512 1188
513 714
513 1080
513 1274
514 680
514 1663
514 1950
515 861
515 943
515 1667
516 597
516 1505
516 1775
517 1404
519 1667
520 551
521 1630
522 619
522 1875
522 1971
523 785
524 575
524 978
524 1160
525 1788
525 1954
526 926
527 608
528 681
528 1417
528 1441
529 1614
530 566
530 1892
531 1185
531 1385
531 1798
532 1042
532 1451
532 1827
533 716
533 964
533 1769
534 1723
534 1777
534 1905
536 1107
536 1300
537 730
537 956
537 1315
538 861
538 1605
539 1116
540 1215
540 1268
542 1047
542 1792
543 766
544 1493
545 1868
546 1512
547 573
547 634
547 1514
548 772
548 1499
549 963
549 1224
549 1317
550 910
550 1350
551 876
552 1262
552 1289
552 1419
553 583
553 1468
553 1656
554 1352
554 1505
555 697
555 828
555 1355
555 1669
555 1910
555 1925
556 817
557 1349
559 721
559 834
559 1585
559 1666
559 1935
560 1644
561 1203
561 1274
561 1738
563 1099
564 1262
565 1303
565 1571
566 858
566 1090
568 809
569 1079
569 1354
569 1407
570 875
570 1003
571 1711
571 1791
572 699
572 1934
573 583
573 1607
574 638
574 1279
575 948
575 1140
576 805
576 1306
577 942
577 1027
577 1043
578 1976
580 1473
581 844
581 966
582 1126
582 1974
583 947
583 1162
584 709
584 1912
585 921
585 1736
586 745
586 757
586 1772
586 1858
587 1027
588 1160
590 903
590 1707
591 1007
591 1329
592 830
592 934
592 1012
592 1126
593 1135
593 1216
593 1400
594 854
594 1689
595 715
595 1366
595 1754
595 1971
596 1200
596 1673
596 1721
598 798
599 1504
601 1022
601 1125
601 1227
602 828
602 1023
603 647
603 651
603 1486
603 1910
604 1883
605 681
605 950
605 1990
607 1629
608 1494
608 1575
609 817
609 1672
609 1994
610 853
610 1319
611 819
611 926
611 1067
612 913
612 1249
612 1305
612 1354
612 1375
612 1567
612 1790
613 1035
613 1124
613 1176
614 1044
614 1105
614 1651
615 948
615 1376
615 1403
615 1554
615 1809
616 1510
616 1945
617 1150
617 1392
618 1600
618 1864
619 966
619 1258
620 1486
620 1751
621 717
621 841
621 1106
622 1464
623 980
624 947
624 1549
624 1924
625 664
625 818
625 1433
627 1245
627 1984
629 647
629 921
629 1109
629 1189
630 1180
632 698
632 1322
632 1574
632 1712
632 1874
633 1322
633 1926
634 1754
634 1761
635 1372
635 1448
636 841
636 1087
637 1418
637 1919
639 872
639 1172
639 1206
639 1633
640 825
641 693
641 1015
641 1805
642 1863
644 1083
644 1623
645 1461
645 1868
646 862
646 988
646 1729
647 1011
647 1073
647 1764
648 720
649 879
649 1385
649 1488
650 1243
650 1737
650 1992
651 1418
651 1516
651 1657
651 1690
652 1689
653 1416
653 1532
655 665
656 978
656 1389
656 1908
657 1643
657 1899
657 1955
658 911
658 1391
659 996
659 1860
660 1895
661 1779
662 1459
663 902
664 1572
665 1406
666 1104
666 1813
668 997
668 1558
669 1247
669 1795
670 1114
670 1376
671 995
671 1246
671 1469
672 1141
672 1184
672 1565
672 1714
674 1186
674 1294
674 1964
675 838
675 1561
675 1850
675 1955
676 764
676 1619
677 1291
678 1736
680 714
680 1473
680 1491
681 942
682 1199
682 1605
683 1779
684 1054
685 1703
686 759
686 907
686 1506
686 1702
686 1731
686 1960
687 1153
687 1305
687 1893
687 1903
688 733
688 1705
689 1024
689 1827
691 1420
691 1854
692 1489
692 1530
692 1674
694 963
694 1188
694 1389
694 1932
695 986
695 1544
696 1052
696 1304
697 1554
698 1123
698 1932
698 1952
699 1600
699 1913
701 1569
702 749
702 855
702 1394
702 1766
703 1392
704 1298
704 1800
704 1934
705 1824
707 1085
707 1276
708 1040
708 1344
710 1189
710 1623
711 1005
711 1805
712 973
713 1746
714 1217
714 1296
714 1568
715 1063
715 1296
715 1337
716 1298
716 1320
717 1407
717 1962
717 1992
720 874
720 1497
720 1722
721 811
721 955
722 732
722 892
722 1715
723 1216
723 1799
723 1879
724 750
726 1544
728 1520
729 1939
730 1173
730 1446
732 961
732 1040
732 1562
732 1590
733 789
733 1563
733 1783
734 844
734 927
734 1288
734 1301
734 1753
735 1201
735 1228
737 1139
737 1756
738 834
738 1610
738 1765
738 1896
738 1989
739 1973
740 1654
741 1021
744 1008
745 926
745 1715
746 749
746 1082
747 1588
747 1657
748 1780
749 1567
749 1808
750 1326
751 789
751 1527
752 1547
752 1579
753 1669
754 788
754 791
754 1373
755 1057
755 1075
755 1170
755 1479
755 1607
755 1880
756 1519
756 1751
756 1841
757 776
757 1567
757 1576
759 1374
759 1454
760 1036
760 1108
760 1834
762 805
762 1517
763 971
763 1331
763 1705
764 783
764 824
764 1083
764 1468
765 807
766 1331
766 1664
766 1736
767 957
767 1309
770 792
770 889
770 983
772 941
772 1331
773 923
773 1193
774 970
774 1062
774 1214
774 1369
774 1774
775 1366
775 1762
776 1810
776 1861
778 1492
779 915
779 1456
779 1534
781 1809
783 929
783 1254
783 1384
785 1114
785 1263
785 1824
786 1182
787 827
787 1638
787 1809
787 1957
788 1155
788 1410
788 1796
788 1837
788 1967
789 1121
789 1944
790 972
790 1114
791 905
791 1711
791 1817
791 1834
793 1357
795 1230
795 1508
795 1518
795 1651
796 1560
796 1793
797 822
798 1563
799 970
799 1199
799 1699
799 1735
799 1929
800 1045
802 843
802 1275
803 1090
803 1908
807 1785
809 1077
809 1233
809 1766
810 1027
812 1304
812 1364
812 1617
813 1769
813 1854
815 1136
816 1497
817 947
818 1151
818 1441
818 1870
819 1968
820 971
820 1250
821 1280
823 1303
824 1259
824 1583
825 844
825 1112
825 1258
825 1698
826 1750
832 1533
832 1586
832 1971
834 1040
834 1651
834 1765
834 1926
834 1957
835 1435
835 1536
836 1656
837 936
838 1235
838 1646
838 1723
839 928
839 1239
841 861
842 991
843 1733
844 1001
846 1331
846 1803
847 1177
848 1362
848 1463
848 1648
850 871
851 1494
853 1967
856 1272
856 1714
857 907
857 1046
857 1217
857 1606
857 1996
858 1172
858 1804
859 1444
859 1573
860 1126
860 1415
860 1442
861 1219
861 1452
861 1597
862 1166
862 1496
862 1748
862 1817
863 946
863 1469
863 1755
864 1174
864 1598
865 1607
866 1026
868 1406
868 1833
868 1904
869 1136
871 1341
871 1356
871 1554
871 1765
872 1649
872 1678
873 1515
873 1960
874 1587
874 1737
875 932
876 1108
876 1163
876 1369
877 1337
877 1462
881 906
881 1973
882 1189
882 1636
886 964
886 1607
886 1919
887 1001
887 1056
887 1641
888 1373
888 1444
888 1637
889 1037
889 1745
889 1750
889 1955
890 1792
891 1100
891 1658
891 1803
892 1780
893 1812
893 1874
894 1868
895 1802
896 1072
896 1193
897 1367
897 1914
899 999
899 1536
899 1730
900 1408
900 1844
902 1450
902 1898
903 1763
904 1108
905 1705
905 1741
906 1051
906 1198
906 1268
906 1426
906 1476
907 1257
908 1828
909 1734
909 1762
910 1255
910 1519
910 1562
910 1611
910 1773
910 1778
910 1800
911 1013
911 1201
911 1760
912 1885
913 960
913 1124
913 1179
913 1456
913 1516
914 995
914 1183
915 1074
915 1512
916 1317
917 1237
917 1307
918 1887
919 1397
920 1448
920 1968
921 1102
922 1222
923 1161
923 1233
924 1164
925 1429
925 1988
926 948
926 1081
926 1745
927 1387
928 1377
928 1383
929 1714
930 1447
930 1542
930 1665
930 1962
931 1971
932 1160
932 1314
932 1386
933 1972
934 1015
935 997
936 1115
937 1754
937 1762
938 1720
938 1888
938 1925
939 943
939 959
939 1080
939 1184
939 1347
939 1380
940 1436
940 1748
941 1047
941 1470
942 1687
942 1907
943 1209
943 1723
943 1857
945 1440
945 1686
945 1714
947 1521
947 1596
949 950
950 1831
950 1930
951 1126
951 1245
951 1630
951 1941
952 1274
952 1634
953 1002
953 1210
953 1829
954 1574
955 1662
956 1738
957 983
958 1001
958 1585
958 1796
960 1905
962 1639
964 1890
964 1947
965 1803
966 1257
966 1422
967 1326
968 1364
968 1743
969 1965
970 1018
970 1311
971 1720
972 1257
972 1943
973 1391
973 1819
974 984
974 1045
974 1477
975 1742
975 1814
975 1944
976 1250
976 1350
977 1710
979 1884
980 1898
981 1511
981 1748
981 1750
982 1022
982 1610
982 1673
983 1707
984 1125
985 1057
986 1337
987 1378
989 1510
990 1410
990 1658
990 1729
991 1464
992 1732
992 1830
993 1141
994 1271
994 1317
994 1843
995 1043
995 1691
995 1865
996 1300
996 1583
997 1975
999 1963
1000 1230
1000 1605
1001 1308
1002 1130
1003 1419
1004 1104
1004 1112
1005 1106
1006 1189
1006 1830
1008 1435
1009 1055
1009 1736
1009 1803
1010 1070
1010 1164
1011 1951
1012 1569
1013 1238
1015 1406
1015 1894
1016 1926
1017 1156
1017 1411
1018 1594
1018 1715
1018 1717
1019 1436
1019 1619
1020 1966
1021 1905
1023 1722
1023 1851
1024 1798
1025 1783
1026 1077
1026 1757
1027 1033
1028 1397
1028 1974
1032 1204
1032 1286
1034 1208
1036 1538
1036 1685
1036 1862
1039 1930
1040 1598
1040 1711
1040 1886
1041 1058
1041 1215
1041 1421
1041 1780
1042 1317
1042 1853
1042 1961
1043 1327
1043 1500
1043 1684
1044 1357
1044 1683
1045 1292
1045 1492
1046 1643
1046 1677
1047 1644
1050 1963
1051 1954
1053 1865
1054 1770
1055 1261
1058 1884
1059 1346
1059 1683
1060 1207
1060 1215
1060 1588
1061 1253
1061 1845
1062 1752
1062 1947
1063 1467
1063 1834
1063 1969
1064 1596
1064 1955
1065 1275
1065 1473
1065 1755
1065 1894
1067 1135
1067 1171
1067 1287
1067 1345
1067 1763
1068 1829
1068 1879
1069 1475
1069 1476
1071 1945
1074 1081
1074 1460
1074 1744
1076 1482
1076 1517
1076 1811
1077 1461
1079 1201
1079 1735
1080 1186
1080 1376
1080 1770
1082 1362
1082 1537
1082 1949
1083 1256
1085 1799
1085 1975
1086 1286
1086 1349
1086 1746
1088 1291
1088 1484
1088 1655
1088 1829
1090 1857
1090 1872
1090 1957
1091 1229
1091 1454
1092 1851
1093 1835
1094 1386
1094 1755
1094 1843
1094 1951
1095 1284
1095 1486
1095 1604
1096 1431
1096 1481
1097 1225
1097 1395
1098 1235
1098 1977
1099 1622
1099 1655
1099 1723
1099 1965
1100 1342
1100 1885
1101 1164
1101 1461
1102 1193
1102 1963
1104 1939
1105 1114
1105 1246
1105 1427
1105 1439
1105 1460
1107 1829
1108 1607
1108 1653
1109 1627
1111 1301
1111 1797
1112 1643
1113 1317
1116 1397
1117 1435
1118 1769
1119 1730
1119 1993
1120 1921
1121 1536
1121 1997
1124 1786
1125 1330
1125 1936
1126 1850
1127 1141
1127 1186
1128 1185
1128 1630
1129 1160
1130 1204
1130 1267
1131 1290
1131 1532
1131 1543
1132 1451
1133 1336
1133 1673
1133 1918
1134 1195
1134 1701
1134 1881
1135 1240
1135 1742
1135 1943
1136 1247
1136 1259
1137 1585
1137 1961
1138 1276
1139 1216
1139 1554
1139 1583
1139 1804
1140 1735
1141 1305
1142 1374
1143 1407
1144 1515
1145 1474
1145 1483
1145 1986
1146 1947
1148 1739
1148 1742
1149 1488
1149 1531
1149 1763
1150 1215
1150 1406
1150 1512
1150 1852
1151 1455
1152 1187
1153 1324
1153 1337
1153 1480
1153 1579
1153 1826
1154 1953
1155 1286
1155 1547
1155 1611
1156 1253
1156 1522
1156 1843
1157 1970
1158 1493
1160 1251
1161 1404
1161 1729
1162 1334
1162 1700
1162 1707
1163 1585
1164 1624
1166 1212
1166 1368
1167 1222
1168 1445
1169 1370
1171 1477
1171 1678
1171 1724
1174 1242
1175 1342
1175 1854
1178 1510
1178 1932
1180 1876
1181 1722
1182 1526
1184 1259
1184 1418
1184 1530
1185 1377
1186 1604
1186 1745
1186 1900
1187 1337
1187 1383
1187 1928
1189 1511
1189 1577
1189 1810
1190 1566
1192 1273
1192 1764
1194 1647
1195 1327
1195 1824
1196 1408
1196 1483
1197 1995
1198 1247
1199 1448
1200 1240
1201 1440
1202 1743
1203 1216
1204 1775
1205 1926
1205 1996
1206 1514
1210 1815
1210 1942
1211 1237
1211 1314
1211 1399
1211 1853
1212 1397
1212 1968
1214 1280
1215 1296
1215 1791
1216 1368
1217 1473
1217 1561
1218 1597
1218 1688
1218 1811
1220 1537
1220 1652
1221 1279
1221 1671
1223 1852
1224 1286
1225 1325
1226 1597
1229 1602
1233 1547
1233 1634
1233 1946
1234 1493
1234 1927
1235 1585
1236 1549
1237 1700
1238 1378
1238 1759
1239 1274
1240 1526
1241 1530
1241 1978
1242 1375
1242 1606
1242 1672
1242 1767
1242 1895
1244 1374
1244 1690
1244 1799
1246 1572
1248 1661
1249 1781
1249 1860
1251 1594
1253 1406
1253 1975
1254 1753
1254 1793
1254 1923
1255 1377
1255 1519
1256 1791
1257 1981
1259 1643
1260 1558
1260 1606
1260 1621
1263 1446
1263 1955
1264 1339
1264 1565
1265 1870
1265 1915
1265 1928
1266 1953
1267 1503
1267 1530
1267 1988
1270 1976
1271 1588
1272 1392
1273 1554
1274 1583
1275 1694
1276 1366
1276 1490
1277 1316
1277 1624
1278 1519
1279 1875
1280 1483
1280 1508
1280 1673
1280 1721
1280 1792
1282 1828
1285 1651
1286 1602
1286 1676
1287 1725
1288 1532
1289 1564
1289 1692
1290 1609
1290 1633
1290 1907
1293 1976
1294 1297
1295 1384
1297 1644
1298 1642
1299 1399
1300 1616
1302 1486
1302 1632
1302 1665
1304 1484
1304 1576
1304 1940
1305 1904
1307 1804
1308 1913
1309 1536
1310 1541
1311 1677
1312 1442
1313 1502
1313 1666
1314 1364
1315 1480
1316 1967
1317 1730
1318 1372
1322 1403
1323 1378
1323 1584
1323 1864
1324 1774
1329 1582
1330 1443
1331 1339
1331 1516
1332 1899
1333 1732
1335 1777
1340 1627
1341 1528
1342 1646
1342 1809
1343 1465
1345 1551
1345 1834
1345 1855
1347 1507
1347 1877
1348 1679
1350 1746
1353 1750
1353 1795
1354 1767
1355 1368
1355 1876
1357 1760
1358 1532
1359 1444
1359 1876
1360 1752
1361 1559
1361 1738
1361 1846
1362 1640
1362 1785
1363 1733
1365 1414
1366 1618
1367 1615
1367 1854
1368 1596
1371 1450
1372 1608
1373 1375
1373 1708
1374 1409
1375 1679
1376 1596
1376 1762
1376 1917
1377 1608
1377 1807
1377 1905
1379 1603
1380 1589
1383 1481
1384 1880
1385 1896
1386 1615
1387 1631
1387 1845
1388 1528
1388 1621
1388 1803
1390 1647
1390 1997
1393 1767
1395 1433
1396 1470
1398 1848
1399 1977
1400 1529
1404 1884
1406 1447
1408 1593
1409 1940
1412 1992
1413 1658
1413 1667
1413 1684
1413 1966
1415 1440
1415 1855
1415 1991
1416 1778
1416 1815
1419 1951
1423 1614
1425 1559
1425 1997
1427 1615
1428 1700
1432 1668
1435 1444
1436 1651
1436 1786
1437 1772
1437 1865
1441 1595
1441 1623
1442 1937
1443 1554
1443 1934
1445 1727
1446 1498
1446 1892
1447 1601
1447 1957
1448 1809
1450 1582
1451 1892
1452 1536
1452 1726
1452 1739
1453 1691
1456 1860
1457 1478
1460 1671
1463 1959
1464 1531
1465 1917
1467 1832
1468 1703
1468 1839
1473 1824
1473 1885
1473 1941
1475 1687
1478 1545
1478 1582
1482 1671
1483 1594
1483 1693
1483 1718
1483 1736
1484 1572
1486 1624
1486 1934
1487 1712
1487 1865
1487 1959
1490 1760
1491 1555
1491 1559
1493 1638
1495 1763
1497 1875
1499 1755
1501 1624
1502 1552
1504 1915
1505 1868
1507 1937
1508 1681
1514 1660
1514 1898
1515 1732
1516 1669
1518 1565
1518 1718
1519 1536
1520 1925
1522 1579
1522 1711
1523 1643
1527 1747
1527 1853
1527 1904
1528 1854
1530 1599
1531 1974
1532 1868
1534 1701
1534 1912
1535 1564
1540 1544
1544 1605
1544 1877
1548 1637
1551 1830
1551 1901
1552 1914
1553 1672
1555 1739
1557 1859
1559 1993
1560 1592
1560 1672
1562 1624
1563 1868
1564 1934
1565 1860
1565 1867
1565 1915
1569 1870
1569 1890
1572 1867
1573 1750
1578 1704
1579 1959
1581 1722
1583 1643
1585 1591
1586 1697
1587 1668
1587 1838
1587 1848
1588 1748
1588 1807
1591 1723
1592 1870
1593 1617
1594 1893
1596 1837
1596 1916
1598 1979
1598 1995
1601 1834
1602 1970
1603 1952
1606 1717
1608 1713
1614 1732
1618 1649
1618 1913
1619 1935
1620 1789
1620 1915
1621 1901
1624 1939
1626 1634
1627 1825
1631 1734
1634 1635
1638 1845
1638 1921
1641 1863
1642 1798
1644 1892
1646 1843
1647 1791
1648 1798
1648 1826
1650 1663
1653 1874
1654 1667
1654 1954
1656 1959
1657 1820
1658 1974
1661 1681
1663 1769
1663 1890
1664 1742
1664 1846
1664 1859
1668 1735
1668 1788
1668 1813
1670 1753
1671 1822
1673 1746
1673 1986
1688 1996
1703 1711
1704 1856
1709 1785
1709 1998
1710 1970
1717 1780
1720 1739
1720 1884
1720 1981
1724 1735
1724 1772
1726 1961
1726 1965
1727 1842
1727 1858
1728 1899
1728 1970
1735 1791
1735 1871
1736 1777
1738 1950
1741 1845
1742 1998
1744 1769
1746 1826
1747 1880
1752 1795
1754 1994
1759 1786
1759 1998
1760 1990
1764 1879
1764 1917
1764 1946
1770 1967
1775 1867
1783 1936
1783 1988
1784 1860
1786 1791
1792 1876
1794 1853
1796 1908
1802 1918
1808 1830
1811 1874
1811 1910
1820 1842
1822 1978
1826 1865
1826 1953
1828 1898
1831 1957
1837 1864
1838 1845
1847 1896
1850 1873
1854 1933
1858 1995
1861 1972
1865 1880
1876 1979
1882 1920
1890 1918
1891 1936
1892 1995
1898 1940
1908 1917
1912 1929
1917 1964
1928 1968
1928 1994
1936 1992
1955 1989
