2000 3018
8
39
44
9
16
87
18
76
58
4
22
55
94
68
84
90
24
40
32
74
76
1
11
48
73
85
92
98
6
97
71
19
7
30
40
72
24
58
22
80
15
1
26
60
94
8
26
29
5
73
48
99
37
40
54
7
28
95
70
42
61
6
52
62
64
39
55
93
32
85
19
27
44
47
83
94
65
53
96
85
17
4
75
24
90
2
98
45
67
8
34
11
63
87
38
73
40
24
23
32
6
82
28
28
38
37
52
69
87
28
14
55
3
95
39
47
56
91
100
34
83
51
36
44
95
81
82
92
65
75
41
28
3
61
23
88
3
87
7
12
50
10
19
14
38
28
25
40
43
12
54
49
26
21
93
69
33
17
26
84
96
50
32
15
68
21
31
39
97
44
3
13
25
28
29
99
66
52
7
5
69
34
39
57
12
15
75
9
95
93
85
67
95
76
91
6
74
29
50
8
57
53
67
29
83
89
65
96
30
31
88
10
59
40
97
96
59
12
7
29
66
33
37
10
14
82
82
39
41
58
78
7
82
19
99
83
39
73
7
25
41
60
89
85
83
47
68
88
16
53
18
49
22
32
91
25
9
52
91
82
16
54
18
71
98
45
77
75
18
43
97
78
61
13
35
46
64
55
4
81
85
75
4
68
38
77
98
22
29
87
16
24
97
80
95
91
51
90
1
40
16
8
9
86
85
14
49
44
43
45
87
94
59
66
86
38
41
22
71
79
39
24
51
87
97
64
10
86
22
66
82
9
44
90
18
73
95
70
83
21
73
39
93
6
20
95
17
74
15
15
67
99
91
91
75
35
59
10
3
39
54
26
49
15
39
75
96
51
39
7
37
10
92
66
36
47
86
54
85
28
49
41
36
70
59
97
92
53
63
61
96
20
44
46
3
22
10
87
54
28
42
32
31
40
80
43
89
87
58
25
63
19
82
8
87
46
6
21
24
78
72
4
37
93
52
14
16
83
50
35
63
34
79
98
48
83
61
91
70
14
44
38
35
56
29
93
55
40
13
20
37
35
58
68
82
68
77
33
6
34
10
16
10
20
24
42
57
74
21
75
52
29
89
55
69
86
7
68
33
92
52
68
50
91
75
33
92
53
63
63
15
31
59
41
36
47
96
1
19
54
20
3
5
42
3
5
95
72
91
85
7
79
64
8
46
75
91
13
84
56
23
4
73
90
6
11
15
82
50
16
88
68
94
14
37
17
81
46
91
9
59
24
37
86
60
58
92
32
55
73
89
69
9
78
64
14
14
67
96
30
82
89
82
51
14
17
11
47
69
48
48
95
99
8
92
45
77
77
87
77
85
50
44
56
91
59
4
19
86
16
40
42
26
7
7
65
63
71
73
35
58
99
71
20
2
40
90
66
18
67
34
91
8
27
54
44
75
24
19
62
16
55
15
40
74
63
27
70
64
3
62
97
40
71
54
22
8
49
97
44
30
53
83
52
29
49
72
67
18
54
86
61
74
81
35
69
7
4
19
35
3
97
5
82
40
55
60
18
67
80
69
37
55
73
45
64
81
65
100
26
36
17
2
99
28
6
13
42
90
54
25
53
12
88
93
53
91
80
52
98
98
76
54
22
15
80
92
56
51
75
71
11
25
6
11
83
47
68
48
8
60
57
59
67
88
73
8
33
85
23
30
77
54
75
46
10
39
47
41
41
89
78
46
85
12
35
2
56
83
27
72
63
68
37
84
89
43
43
77
7
96
74
89
21
77
8
61
8
59
80
7
63
85
73
46
99
40
54
52
81
7
18
58
27
20
99
90
67
35
96
21
31
5
42
46
64
82
28
25
41
68
7
51
75
33
36
3
57
27
77
61
98
7
85
45
55
63
5
48
87
100
47
74
52
45
66
45
53
19
45
83
11
63
75
55
88
80
56
88
26
20
19
48
27
51
97
46
17
39
74
38
29
38
66
3
66
53
57
19
82
36
74
30
38
68
76
54
21
84
10
21
23
29
11
100
11
31
97
61
94
49
64
42
8
32
94
13
72
78
23
20
63
94
28
91
91
35
40
84
4
32
7
87
22
67
18
11
82
75
38
8
9
94
48
20
32
66
75
33
42
33
92
16
13
21
34
52
55
68
41
64
61
65
49
16
22
75
45
40
67
3
79
28
94
29
87
73
38
23
27
14
1
32
33
98
65
54
34
67
85
42
61
16
62
22
68
23
54
2
38
81
85
84
39
14
100
98
87
64
26
23
19
10
100
31
82
56
77
92
88
64
31
22
51
20
71
37
92
97
98
79
11
92
36
18
55
20
89
26
1
2
32
54
36
14
33
15
94
65
69
15
12
81
79
39
72
47
17
9
86
42
23
96
4
5
99
88
100
20
9
96
10
98
88
38
15
36
98
74
92
82
81
81
4
75
18
62
26
91
96
27
10
7
15
61
96
62
77
43
1
100
95
54
39
97
96
57
38
32
20
2
62
65
65
61
63
42
50
39
54
98
12
95
56
84
70
65
3
48
99
24
67
66
67
87
62
54
3
95
53
11
17
87
69
57
64
46
63
99
66
34
76
19
50
28
22
95
99
49
75
33
37
10
91
72
94
86
63
65
66
80
92
21
100
89
94
27
24
44
15
30
3
48
36
80
78
100
46
37
44
13
8
61
67
13
96
81
95
71
56
87
12
93
40
74
31
17
64
45
18
6
62
1
83
9
82
65
1
68
74
50
88
53
41
62
15
41
4
78
46
48
59
60
2
2
76
32
10
60
58
71
77
25
92
72
76
2
40
35
68
16
40
12
3
7
93
82
76
1
40
84
32
8
6
56
17
26
33
77
12
84
49
91
67
36
94
56
32
34
7
94
21
22
85
93
98
90
1
73
20
90
23
92
93
10
11
61
48
57
60
24
41
81
63
41
66
61
34
76
69
17
85
9
86
25
94
28
32
69
55
43
9
35
9
27
42
74
43
24
40
92
48
41
62
55
5
83
41
31
25
39
11
61
35
31
32
60
93
6
37
58
83
3
100
18
54
86
14
75
30
40
88
25
3
75
98
29
28
1
62
41
10
5
63
66
2
5
51
81
49
51
62
53
44
83
18
90
28
92
6
23
46
71
6
15
100
75
56
50
72
33
26
34
50
8
4
12
58
30
84
58
28
45
17
60
56
7
13
53
100
33
29
85
14
74
16
57
79
3
14
90
76
24
2
13
77
32
14
36
40
25
45
52
50
85
81
13
92
60
33
22
4
50
24
37
2
73
26
42
3
83
19
80
98
33
11
96
37
23
58
30
15
63
49
33
68
33
97
36
12
86
33
93
12
63
39
21
28
29
30
82
4
93
73
75
86
41
97
64
45
27
27
85
27
32
65
95
93
71
42
75
63
87
22
72
6
32
90
64
90
79
80
24
23
99
100
74
10
12
38
34
24
5
56
96
77
92
44
81
72
38
71
90
31
72
65
23
37
6
42
100
34
70
49
94
64
99
12
60
34
51
13
62
77
100
36
56
6
21
73
53
36
69
23
53
11
56
22
67
90
19
37
83
11
37
97
73
38
18
10
95
54
67
39
21
41
14
19
51
24
71
10
25
12
31
31
83
85
68
62
94
78
94
99
60
44
76
17
6
49
31
76
28
44
56
34
54
95
57
3
15
36
21
2
32
17
28
16
26
25
26
58
69
34
90
59
82
87
56
42
66
96
66
40
88
37
77
58
77
85
37
83
70
94
77
26
99
82
11
65
48
12
78
15
76
29
100
81
12
22
12
11
56
64
62
78
1
48
26
46
19
98
69
51
15
57
39
88
47
96
32
58
25
37
13
63
78
25
12
25
40
94
26
61
34
56
82
30
59
53
36
47
88
4
98
17
76
26
6
59
9
42
56
62
83
66
90
65
51
20
39
27
83
81
15
12
67
27
59
22
51
32
74
5
88
81
17
99
44
80
42
67
52
61
2
27
17
68
70
2
32
76
33
96
63
42
38
14
97
77
32
90
18
34
98
33
64
5
15
86
37
82
90
50
6
85
90
83
68
62
77
59
80
11
38
78
57
96
24
71
85
81
42
15
95
79
43
8
57
75
62
43
90
25
36
81
2
43
52
17
77
60
41
73
81
70
87
64
60
73
58
84
68
77
51
79
27
28
12
100
10
13
42
56
61
29
16
29
3
91
82
29
64
72
32
99
82
52
20
55
32
95
32
17
49
86
86
38
49
17
17
41
14
44
57
90
6
16
49
98
100
32
70
61
35
12
96
67
10
75
56
95
96
87
86
71
69
7
95
53
5
28
78
70
34
32
53
21
74
40
22
33
2
87
26
88
77
11
63
41
7
47
57
89
80
87
17
48
60
44
64
4
22
76
27
47
99
89
69
80
50
16
43
68
83
68
91
93
49
17
90
83
62
93
94
56
77
35
76
1
51
3
18
48
85
59
53
97
24
44
98
86
70
7
56
88
28
68
8
40
1
49
69
75
20
98
51
74
57
37
50
19
39
88
66
43
47
88
27
64
79
27
79
62
80
23
87
80
73
40
76
44
91
11
3
18
44
75
84
51
0 1749
1 65
1 86
1 701
1 1127
1 1344
2 1184
2 1461
2 1715
3 1046
3 1558
3 1760
3 1951
3 1953
4 152
4 326
4 350
5 1130
5 1353
5 1430
5 1997
6 279
6 1468
6 1576
6 1827
7 665
7 711
7 801
8 407
8 496
9 745
9 1152
9 1219
9 1721
9 1734
9 1863
10 528
10 767
10 835
10 911
10 1059
10 1647
11 189
11 214
11 693
11 1973
12 1133
12 1273
12 1819
12 1959
13 125
14 192
14 784
15 213
16 1589
17 269
17 741
17 984
17 1839
18 258
19 620
19 704
19 1220
19 1314
19 1499
19 1906
19 1938
19 1962
20 652
20 1748
20 1802
21 193
21 425
21 916
21 1575
22 1124
23 832
23 1972
24 651
24 992
25 1085
25 1148
25 1500
26 374
26 482
26 1569
27 89
27 160
27 450
28 416
28 417
28 1007
28 1019
28 1082
28 1127
28 1659
28 1851
29 114
29 334
29 1177
29 1265
29 1419
29 1662
30 1514
30 1911
31 1515
31 1609
31 1769
33 125
33 148
33 1081
33 1326
34 388
34 766
34 890
34 1174
35 681
35 1071
35 1575
35 1694
36 1031
37 523
37 873
37 1043
38 819
38 1870
39 497
39 570
39 1515
39 1567
39 1812
40 900
40 1363
41 216
41 1050
41 1695
42 1545
43 1622
44 151
44 437
44 726
44 1036
44 1166
44 1488
44 1622
45 1388
46 489
46 1962
46 1996
47 779
47 812
47 1512
47 1669
47 1910
48 204
48 483
48 879
48 1307
49 856
49 1266
49 1509
50 497
50 1260
50 1601
50 1673
50 1921
51 963
51 1055
51 1498
51 1720
51 1867
52 57
52 114
52 624
52 1029
52 1284
52 1482
52 1703
52 1769
53 822
53 1690
54 778
55 477
55 1511
55 1861
56 1201
57 1936
58 516
58 595
58 938
59 405
59 857
60 640
60 1362
61 1601
61 1660
61 1945
62 705
62 752
62 1122
62 1363
63 1008
63 1776
64 1228
64 1402
64 1650
65 93
65 773
65 777
65 1010
65 1873
66 384
66 489
66 1363
67 466
67 571
67 1647
67 1732
68 89
68 440
68 1278
68 1453
69 459
69 851
69 932
69 962
69 1195
69 1560
70 1032
70 1078
70 1893
71 75
71 245
71 266
71 381
71 1415
71 1673
71 1751
72 108
72 245
72 358
72 997
72 1611
72 1631
73 1488
73 1562
73 1575
73 1728
74 234
74 339
74 517
75 178
75 674
76 404
76 1118
76 1875
78 851
79 497
79 1254
79 1743
80 1741
81 818
81 931
81 1451
81 1481
81 1724
82 1021
82 1287
82 1573
83 817
83 938
83 1118
83 1357
84 105
84 546
84 668
84 791
85 751
85 831
85 973
86 1201
87 317
87 1266
88 295
88 406
88 630
88 1204
89 108
89 443
89 568
89 1087
90 1399
90 1419
91 849
91 980
91 1911
92 160
92 524
92 774
92 870
93 102
93 1032
93 1624
94 391
94 1081
94 1808
95 841
96 1406
96 1618
96 1664
97 352
97 488
97 600
98 1103
98 1734
98 1776
99 380
99 471
99 984
100 272
100 1443
101 285
101 1200
102 486
103 369
103 540
103 909
103 1178
104 502
104 1439
105 485
105 528
105 792
105 938
105 1051
105 1311
105 1345
105 1462
105 1948
106 153
106 343
106 948
106 1104
106 1419
106 1527
107 849
107 1824
108 694
108 1157
108 1407
108 1562
108 1593
108 1961
109 125
109 712
109 1104
110 209
110 235
110 991
110 1148
110 1173
110 1444
110 1977
111 240
111 331
112 372
112 1631
112 1900
113 240
114 323
114 477
114 1214
114 1236
115 298
116 694
116 1477
116 1908
116 1913
117 1131
117 1349
118 662
118 980
118 1224
120 787
121 460
121 974
121 1349
121 1385
121 1858
122 277
122 285
123 253
123 1343
123 1422
123 1466
124 1877
124 1933
125 442
125 1153
125 1316
126 307
126 1187
126 1797
127 424
127 872
128 576
128 945
128 1999
129 1166
129 1607
129 1748
130 1804
130 1942
131 371
132 349
132 1233
132 1682
132 1895
133 1260
133 1614
133 1875
134 403
134 1503
134 1829
135 1748
136 173
136 512
136 1885
137 1231
138 496
138 788
138 1353
138 1770
139 1724
140 225
140 1418
140 1533
140 1798
141 454
141 455
141 508
141 881
141 1027
141 1811
142 1112
143 409
143 1402
143 1936
145 1565
145 1806
146 1528
146 1918
146 1974
147 757
147 1686
149 240
149 1119
150 1782
151 414
151 1172
151 1220
151 1625
152 1480
153 1620
154 555
154 1022
154 1080
154 1216
154 1515
154 1862
155 355
155 858
156 648
156 1404
157 667
157 1192
158 401
159 1312
160 748
160 1119
160 1319
161 638
161 1083
161 1686
162 671
163 1528
163 1544
164 280
164 1704
164 1839
165 772
165 941
165 1591
165 1745
165 1777
166 596
166 786
166 1023
166 1263
167 683
167 920
167 1157
167 1170
167 1970
168 951
168 1033
168 1619
168 1803
168 1878
170 1451
173 570
173 1168
173 1319
173 1589
174 1011
175 189
175 758
175 813
175 1876
175 1902
175 1920
176 278
176 325
176 729
176 1594
177 608
178 724
178 1308
179 323
179 1636
180 755
180 903
180 970
180 1327
180 1863
181 347
181 863
182 635
182 1751
182 1857
183 978
183 1210
183 1673
184 866
184 997
185 1185
185 1331
185 1974
186 593
186 615
186 871
186 1005
186 1286
186 1908
187 415
187 1509
187 1606
187 1720
187 1848
188 498
188 1046
188 1572
190 954
190 1427
191 1209
191 1637
191 1640
192 756
192 997
193 418
193 423
193 1165
193 1341
193 1978
194 971
194 1495
195 749
195 794
195 1093
195 1504
195 1898
196 706
196 1847
197 400
197 1198
198 886
198 1674
199 475
199 589
199 1385
200 1319
201 222
201 588
201 1643
201 1953
202 1712
203 806
203 1202
204 260
204 1647
205 653
205 1360
205 1696
206 777
206 1289
206 1565
206 1929
207 945
207 981
207 1083
207 1291
207 1340
207 1891
209 798
210 249
210 1242
211 1529
211 1675
212 479
212 1078
212 1432
213 542
213 1083
213 1201
214 545
214 1390
215 474
215 1205
215 1976
216 260
216 607
216 1084
217 564
217 1023
217 1581
218 708
218 734
218 1184
218 1541
219 905
219 1313
219 1400
220 970
220 1780
220 1898
221 227
222 717
222 894
222 1689
224 1082
225 637
225 1152
225 1407
225 1465
226 635
226 1008
226 1462
226 1585
226 1772
227 963
229 526
229 834
229 1621
230 231
231 1035
231 1144
231 1262
231 1710
232 981
232 1495
232 1704
233 1133
234 378
234 1670
235 314
235 1796
237 1417
238 835
238 871
238 1120
238 1588
238 1735
239 1324
239 1664
240 568
240 712
240 910
240 963
240 1249
240 1708
241 731
241 1299
241 1424
241 1652
242 417
242 453
242 831
242 879
242 1346
242 1544
243 566
244 448
244 1832
245 364
245 1344
245 1702
246 1938
247 646
247 821
247 1441
247 1568
248 429
249 484
249 1003
249 1602
250 614
250 663
250 1173
250 1483
250 1831
250 1836
251 790
251 1989
253 1990
254 593
254 738
254 778
254 888
254 1395
255 309
256 724
256 1983
257 961
257 1742
257 1852
257 1941
258 409
258 1070
258 1106
259 860
259 1323
260 1509
261 363
261 475
261 1734
261 1793
261 1943
262 449
262 784
262 1749
263 737
263 1346
263 1729
264 1851
265 468
267 1307
267 1565
267 1725
268 824
268 915
268 1336
269 458
269 745
269 830
270 921
270 1331
271 387
271 963
271 1611
271 1759
272 317
272 1391
274 279
274 309
275 406
275 1753
276 436
276 491
276 590
276 1729
276 1748
277 713
277 1640
277 1766
278 1472
278 1633
278 1801
279 1312
279 1495
280 342
280 610
280 1701
281 411
281 1883
282 870
282 1194
282 1436
282 1685
282 1794
283 500
283 1886
284 636
284 660
284 944
284 1020
284 1103
284 1135
285 634
285 1811
286 853
286 1379
286 1998
287 768
287 839
287 846
287 1702
287 1717
287 1771
287 1820
287 1971
288 972
288 1241
288 1763
289 575
289 736
290 375
290 1001
290 1651
290 1955
291 691
292 986
292 1315
292 1763
293 377
293 1494
293 1532
294 1886
295 875
295 1213
296 1420
297 1439
298 558
298 1805
299 499
299 1956
300 504
302 874
302 1113
302 1347
302 1424
302 1480
302 1811
303 411
303 954
303 1286
303 1673
304 496
304 770
305 367
306 1629
306 1687
307 1288
307 1686
307 1926
309 638
309 723
309 1270
309 1640
310 342
310 1682
311 1556
312 1466
313 1166
313 1538
313 1795
315 1685
316 404
316 714
316 923
316 1116
316 1942
317 809
318 1986
319 687
320 448
320 878
320 1018
321 1175
322 920
322 1069
322 1719
323 520
324 360
324 784
324 1643
324 1860
325 364
325 381
325 752
325 860
325 1691
326 1087
326 1601
327 1537
327 1628
327 1767
327 1896
327 1929
327 1931
328 446
329 436
329 461
329 679
329 1251
330 1088
330 1204
331 393
332 604
332 613
332 741
332 1404
333 718
333 932
333 1465
333 1795
334 613
334 662
334 731
334 1615
335 694
335 776
335 1007
335 1572
335 1675
335 1925
336 453
336 567
336 616
336 774
336 786
336 1152
337 1037
337 1858
337 1945
337 1962
338 820
338 1652
338 1908
339 1226
339 1804
340 383
340 1661
340 1747
341 453
341 740
342 1171
342 1420
343 1725
343 1855
343 1861
343 1941
344 476
344 1332
345 1195
346 898
347 781
347 993
347 1089
347 1874
348 1137
348 1250
348 1590
349 1083
349 1103
349 1270
350 967
350 1045
350 1438
350 1537
351 1044
351 1523
352 1511
352 1555
352 1686
353 553
353 570
353 998
353 1989
354 520
354 879
354 1305
355 431
355 742
355 805
355 1641
356 373
356 916
356 1438
357 1767
358 588
358 1243
359 562
359 1186
359 1667
359 1749
360 563
360 673
360 1683
361 1195
361 1361
361 1859
362 1691
362 1969
363 1452
363 1532
363 1654
364 1128
364 1708
364 1970
365 1255
365 1517
365 1577
366 487
366 726
366 827
367 1344
367 1864
368 488
368 1034
368 1365
368 1860
369 520
369 909
369 1170
369 1696
370 442
370 806
370 1053
370 1375
370 1504
371 790
371 1321
371 1561
372 795
372 1189
374 1784
375 1793
376 1876
377 406
377 1481
377 1607
378 645
378 1461
379 907
380 1054
380 1518
380 1674
380 1833
381 447
381 578
381 833
382 420
382 567
382 912
382 1548
384 1188
385 841
385 1451
385 1522
386 656
386 752
387 400
387 433
387 508
387 539
387 1439
388 402
388 1073
389 750
389 779
389 1894
390 534
390 643
390 1237
390 1548
390 1831
391 404
391 1404
392 655
392 839
392 926
393 455
393 1115
394 721
394 1349
394 1698
395 1048
398 1910
400 719
400 1075
401 441
401 1584
401 1826
401 1876
401 1908
402 722
402 1066
403 572
403 1098
403 1280
404 755
404 1418
406 1941
407 1003
408 1071
408 1186
408 1305
408 1642
408 1854
410 1006
410 1066
410 1977
411 466
411 1198
411 1268
411 1420
411 1976
412 868
412 1053
413 794
413 927
413 1276
413 1503
413 1614
414 920
414 1888
414 1934
414 1967
415 634
415 1606
415 1758
416 1074
416 1900
417 767
418 548
418 769
418 788
418 865
418 1004
418 1261
418 1440
419 432
419 933
419 1284
419 1631
419 1823
420 617
420 1571
420 1982
422 557
422 902
423 1160
423 1427
423 1724
424 1454
425 592
425 1078
425 1344
425 1875
426 597
426 664
426 891
426 1769
427 516
427 1297
428 693
428 1017
428 1139
429 688
429 865
430 1847
431 1942
432 644
432 1660
432 1725
432 1741
433 556
433 1139
434 616
434 776
434 1905
435 1256
436 453
436 918
436 1431
436 1811
437 902
437 1320
437 1670
438 708
438 800
438 1478
438 1980
439 884
439 1127
439 1128
439 1941
440 805
440 963
441 493
441 517
441 591
441 1037
441 1814
442 1185
442 1714
442 1963
443 974
443 1057
443 1317
444 467
444 646
444 688
444 1522
444 1810
445 514
445 1094
445 1354
447 719
447 798
447 800
447 1226
448 1764
449 808
449 1800
450 1354
451 1644
452 930
452 1814
453 681
454 1909
455 1141
455 1661
455 1686
456 1253
456 1344
457 606
457 978
458 976
458 1043
458 1964
459 586
459 1400
460 1394
461 554
461 1864
462 1749
463 1681
464 579
465 1767
465 1806
465 1807
466 764
466 987
466 1476
467 1615
468 1815
468 1817
469 1774
470 628
470 666
470 779
470 870
470 1425
471 1842
472 1958
472 1973
472 1975
473 498
473 1971
474 771
474 1312
474 1673
474 1707
474 1789
474 1934
475 1317
476 1048
476 1629
477 679
477 1785
478 728
479 1319
481 1118
481 1771
482 1541
482 1834
482 1972
483 720
483 1591
483 1653
483 1708
484 1608
484 1776
485 657
485 1433
485 1820
487 527
487 639
487 769
488 1442
489 825
489 1246
489 1738
490 518
491 1021
492 1257
492 1394
493 695
493 1959
494 1141
494 1355
495 1117
495 1145
496 499
496 1418
496 1638
497 794
498 773
499 1396
499 1406
499 1661
500 778
500 913
500 1880
501 641
502 508
502 1088
502 1444
503 1430
504 737
504 1405
504 1859
505 558
505 1012
505 1257
506 657
507 1339
507 1400
508 1866
509 631
509 1115
509 1522
509 1747
510 762
511 1049
511 1832
512 1205
514 669
514 1365
514 1688
514 1929
515 1142
516 1296
516 1469
516 1562
517 650
517 693
517 1972
518 551
518 852
518 1447
519 634
519 977
519 1128
520 1269
520 1380
520 1533
521 1646
521 1713
522 993
522 999
522 1209
522 1816
523 777
523 983
524 993
524 1093
524 1310
524 1437
525 795
525 855
526 1192
526 1819
527 1345
527 1359
527 1599
528 688
529 642
529 850
529 906
530 1045
530 1985
532 1229
532 1948
534 905
534 1514
534 1580
534 1625
535 929
535 1339
536 873
536 1064
536 1408
536 1511
536 1831
537 604
538 612
538 1008
538 1670
538 1952
539 1578
539 1801
539 1854
539 1977
540 777
540 1469
540 1910
541 599
542 1761
543 803
543 1031
543 1990
544 930
544 1043
544 1900
545 987
546 1025
546 1074
546 1839
546 1947
547 868
547 1014
548 561
548 802
548 1406
548 1455
548 1673
548 1945
549 725
549 1048
549 1702
550 598
550 842
550 913
551 694
551 1364
551 1385
551 1815
551 1972
552 717
552 1631
553 766
553 1071
554 1189
554 1799
556 569
556 702
556 1101
556 1555
557 1077
557 1720
558 1753
559 571
559 1270
559 1353
559 1815
559 1966
560 1753
561 832
561 891
561 1012
561 1589
561 1658
563 1285
563 1452
564 716
564 1912
565 1883
566 620
566 733
566 1416
566 1465
566 1493
566 1852
567 1207
567 1669
567 1726
567 1757
567 1936
568 865
568 950
568 1029
568 1285
569 594
569 1269
569 1481
569 1613
569 1800
570 1878
571 610
571 1888
573 1401
574 755
574 1147
575 984
575 1307
575 1421
575 1640
575 1808
575 1961
576 963
576 1653
577 1063
578 729
578 862
578 996
578 1475
578 1784
578 1914
580 1272
580 1345
580 1836
582 1537
582 1719
583 1349
584 1217
585 1488
585 1499
586 783
586 1235
586 1399
587 828
588 1469
588 1485
589 607
589 1319
589 1637
590 1289
592 1608
592 1750
592 1911
593 1215
593 1366
594 908
595 673
597 791
597 1511
598 1189
598 1422
600 747
600 1123
600 1171
601 644
601 767
601 891
601 936
601 1264
601 1618
601 1879
603 742
604 1176
604 1633
604 1992
605 1093
605 1455
605 1933
606 1142
606 1559
606 1612
607 685
607 1288
608 1373
608 1888
609 1101
610 809
610 1860
611 741
611 916
611 1787
612 891
613 797
613 1874
614 996
615 1194
616 1223
616 1430
617 860
617 1141
617 1449
617 1456
618 868
619 1730
619 1876
620 1283
621 645
621 985
621 1719
622 716
622 1036
622 1063
623 1292
623 1419
623 1564
623 1628
625 686
625 1014
625 1494
626 925
626 1046
626 1363
626 1569
628 918
628 1329
629 1831
629 1866
630 751
630 781
631 1530
631 1827
632 786
632 934
633 1733
633 1841
634 1930
635 1268
635 1560
635 1672
636 804
636 1950
637 822
638 968
638 1416
638 1685
639 690
639 852
639 966
639 1054
640 851
640 1741
641 658
641 1079
641 1309
641 1542
643 944
644 811
644 876
644 1946
645 1744
646 1179
646 1212
647 679
647 1834
647 1864
648 1219
648 1256
648 1714
649 1018
649 1986
650 906
651 683
651 813
651 1675
652 876
652 1544
652 1597
652 1818
652 1863
652 1884
653 1271
654 1150
654 1756
654 1932
655 1367
656 968
656 1009
656 1616
657 673
657 906
657 1163
658 1611
658 1699
659 1341
660 1178
661 1010
661 1356
661 1397
661 1435
663 702
663 1294
663 1581
664 786
664 848
664 1080
665 1130
665 1958
667 753
667 1084
669 1257
669 1600
670 843
670 1336
670 1683
670 1996
671 1484
672 818
673 926
673 1535
674 1142
675 830
675 1756
676 1171
676 1795
676 1965
677 1446
678 1071
678 1172
678 1449
679 766
680 1697
680 1718
680 1750
681 894
681 1017
681 1250
681 1313
681 1876
682 688
682 1522
683 1555
683 1730
683 1863
683 1898
684 917
684 1162
685 1401
686 1377
686 1894
687 878
687 1700
687 1943
688 1188
688 1669
688 1897
689 1100
689 1232
690 1212
690 1497
690 1502
690 1768
690 1873
691 764
691 798
691 1893
692 1114
692 1205
692 1672
693 753
693 1232
693 1254
693 1980
694 870
695 1235
696 1384
696 1934
697 1011
697 1096
697 1854
698 707
698 1721
699 1104
699 1169
700 1293
700 1593
700 1873
701 1090
701 1258
701 1738
702 1554
702 1709
703 888
703 1124
703 1671
703 1852
704 718
704 725
704 1326
704 1838
705 1358
705 1484
706 1227
707 1237
707 1550
708 1155
708 1239
708 1254
708 1720
710 1362
710 1656
711 882
711 961
713 1407
713 1410
713 1997
714 719
714 1736
715 772
715 1162
715 1507
715 1865
716 897
716 930
718 900
718 922
718 1149
718 1540
719 1715
720 1865
721 1678
722 1783
723 725
723 782
723 1316
724 1354
726 993
726 1142
729 755
729 832
731 793
731 825
731 1226
731 1572
732 1660
733 984
733 1335
734 911
734 1227
734 1550
736 1883
737 864
737 939
737 1436
737 1476
737 1972
738 905
738 1060
738 1680
738 1875
740 1073
741 908
743 924
744 1460
744 1541
744 1790
745 1309
745 1637
746 1992
747 1097
749 968
749 1093
749 1210
750 1234
750 1259
750 1725
751 831
751 1133
751 1320
751 1991
753 1135
753 1357
753 1818
754 808
754 1499
755 1170
756 1366
757 1163
758 1437
758 1937
759 803
760 1428
762 1015
762 1235
762 1558
763 1181
763 1390
765 1261
765 1371
765 1532
765 1699
766 1294
766 1825
767 1248
767 1421
768 1021
768 1811
769 1114
769 1669
770 1401
770 1505
770 1899
771 797
771 1216
771 1227
771 1466
772 939
772 1590
772 1917
772 1972
773 1810
774 875
774 891
774 1161
774 1455
775 870
775 1562
776 1159
776 1644
777 871
777 1188
777 1784
778 874
778 1034
780 815
780 914
780 1099
781 1203
782 983
782 1383
782 1645
783 822
784 1238
785 1030
785 1303
785 1458
786 1479
786 1821
786 1890
787 1236
788 952
788 1711
788 1786
788 1824
789 1345
789 1938
790 1758
791 1138
791 1511
792 1795
793 1047
793 1434
794 1306
794 1505
794 1909
795 1254
795 1476
795 1639
796 1074
796 1104
797 1914
798 1471
798 1854
799 930
799 1043
799 1053
799 1759
800 945
800 1224
800 1376
800 1480
800 1640
800 1689
800 1791
800 1809
801 1267
801 1397
801 1918
802 1289
804 1183
804 1234
805 1917
807 980
809 1309
809 1817
810 903
810 1041
811 1910
812 1363
813 1397
813 1787
814 1037
814 1153
814 1231
814 1654
817 1298
817 1389
817 1532
817 1590
817 1617
818 1682
818 1730
818 1978
819 1937
820 1717
821 1059
821 1062
823 1015
823 1302
824 1202
824 1300
824 1848
826 1055
826 1070
826 1623
827 879
827 1160
827 1723
829 914
829 1976
830 1871
831 1865
832 1924
833 1162
834 923
834 951
834 967
834 1763
834 1788
835 1076
835 1986
836 1213
837 998
838 1181
838 1644
839 1407
839 1464
839 1832
840 1256
840 1528
841 1624
841 1708
842 1112
843 1516
844 1376
844 1930
845 966
845 1081
845 1480
845 1936
846 1060
846 1969
847 897
847 1269
847 1864
847 1996
848 1213
848 1562
848 1578
848 1712
849 1632
849 1675
849 1686
850 1135
850 1596
851 955
851 999
851 1168
852 1623
852 1898
853 898
853 1646
853 1789
854 1161
854 1513
854 1561
855 1352
857 1102
857 1678
858 1787
859 955
859 992
860 916
861 1131
862 867
862 1892
863 1004
863 1012
863 1127
864 1542
866 1995
868 1100
868 1682
869 1361
869 1421
870 1118
871 1284
872 984
872 1243
872 1343
872 1450
872 1669
874 1837
875 924
875 1280
875 1749
877 1442
877 1620
879 1672
879 1892
880 1209
880 1448
880 1648
881 1312
881 1962
882 1187
882 1692
883 1748
884 1260
885 1479
885 1642
886 895
886 902
886 1633
886 1903
886 1985
887 1150
887 1514
888 1341
889 1965
890 1400
892 1103
893 1758
893 1927
895 1149
895 1886
896 1502
897 1236
898 1891
899 1085
899 1411
899 1793
899 1888
900 1245
900 1248
900 1579
900 1978
902 1301
903 1288
905 1520
905 1764
906 946
909 1293
910 1905
911 1272
912 1135
912 1971
913 1051
913 1781
915 1661
916 1758
916 1855
916 1905
917 1376
917 1387
917 1496
918 1348
918 1904
919 1526
919 1566
920 1161
920 1407
920 1420
920 1900
921 1649
921 1869
921 1900
922 1091
923 1063
923 1541
923 1570
925 1637
925 1722
928 1148
929 946
929 1775
929 1970
930 1272
930 1368
930 1453
931 1740
931 1822
933 1340
933 1824
934 1107
934 1638
935 1373
936 1248
936 1410
937 1577
938 1897
938 1984
939 970
939 1335
939 1787
941 982
943 1141
943 1226
943 1281
943 1940
944 1566
944 1811
946 1232
946 1706
946 1900
947 1387
947 1857
948 1926
949 1870
954 982
954 1065
954 1725
955 1259
956 1470
956 1903
958 1845
959 977
959 1390
959 1521
959 1916
960 1498
961 1100
961 1646
963 1405
963 1420
963 1475
963 1623
964 1853
964 1973
966 1816
967 1341
967 1987
968 1346
968 1380
969 1085
969 1191
969 1645
970 1124
970 1603
972 1256
973 1351
973 1538
973 1589
974 1411
974 1907
975 1435
975 1472
976 1212
976 1351
976 1362
976 1801
976 1893
977 1488
980 1046
982 1782
982 1911
983 1555
984 1652
984 1683
985 1317
986 1454
987 1048
987 1499
988 1429
988 1434
988 1575
989 1525
990 1430
990 1993
991 1983
992 1426
993 1111
995 1178
995 1616
997 1207
997 1314
997 1574
998 1607
999 1717
999 1934
1000 1791
1001 1010
1001 1228
1001 1946
1002 1889
1003 1345
1004 1235
1004 1613
1004 1939
1005 1486
1006 1196
1008 1445
1009 1107
1010 1028
1010 1525
1010 1565
1010 1767
1011 1054
1013 1411
1014 1120
1014 1411
1014 1645
1015 1169
1015 1281
1017 1352
1017 1848
1017 1998
1018 1161
1018 1962
1019 1055
1019 1115
1019 1839
1019 1956
1020 1361
1020 1410
1020 1688
1020 1840
1021 1470
1022 1843
1023 1835
1024 1291
1025 1655
1026 1256
1026 1738
1027 1047
1027 1082
1027 1224
1027 1255
1029 1666
1030 1463
1031 1038
1032 1161
1033 1214
1033 1892
1035 1571
1035 1726
1035 1882
1035 1983
1036 1144
1036 1488
1036 1792
1036 1799
1037 1696
1037 1796
1037 1903
1038 1258
1038 1321
1038 1507
1039 1439
1040 1810
1041 1083
1044 1459
1045 1471
1046 1519
1046 1663
1046 1930
1047 1381
1048 1237
1050 1140
1051 1420
1052 1149
1052 1395
1052 1733
1053 1566
1053 1571
1053 1834
1053 1886
1054 1137
1054 1586
1055 1547
1057 1074
1057 1218
1057 1506
1058 1804
1059 1268
1059 1313
1063 1078
1063 1726
1064 1607
1064 1811
1065 1422
1065 1742
1065 1945
1066 1187
1066 1251
1066 1387
1066 1935
1067 1668
1068 1687
1068 1781
1069 1254
1069 1947
1072 1522
1072 1676
1073 1402
1073 1509
1073 1533
1073 1605
1075 1476
1078 1220
1078 1459
1078 1941
1080 1107
1080 1520
1080 1526
1080 1600
1080 1966
1081 1166
1082 1279
1082 1290
1082 1774
1083 1086
1083 1879
1084 1785
1084 1956
1085 1326
1089 1990
1090 1102
1090 1537
1091 1467
1093 1795
1093 1876
1094 1642
1096 1344
1096 1393
1097 1430
1097 1451
1098 1495
1099 1317
1100 1121
1100 1756
1101 1163
1101 1301
1101 1762
1101 1916
1102 1111
1102 1609
1102 1728
1103 1247
1103 1250
1103 1370
1103 1550
1103 1814
1104 1512
1105 1459
1105 1857
1106 1419
1106 1624
1107 1333
1108 1726
1109 1823
1111 1892
1113 1295
1113 1518
1115 1234
1115 1502
1115 1665
1115 1953
1116 1248
1116 1420
1116 1805
1117 1289
1118 1460
1119 1218
1119 1433
1120 1534
1121 1703
1124 1659
1124 1990
1126 1758
1126 1810
1127 1593
1127 1865
1129 1687
1129 1749
1131 1432
1131 1893
1132 1249
1132 1299
1134 1457
1134 1473
1136 1590
1136 1756
1136 1776
1137 1497
1137 1525
1138 1406
1138 1432
1138 1863
1139 1343
1139 1512
1140 1179
1140 1571
1140 1716
1140 1780
1141 1422
1142 1291
1143 1840
1144 1287
1144 1341
1144 1718
1145 1218
1147 1344
1148 1485
1148 1705
1150 1544
1151 1616
1151 1703
1152 1792
1153 1958
1154 1236
1154 1240
1154 1675
1155 1402
1157 1737
1157 1746
1159 1267
1159 1364
1160 1493
1161 1200
1161 1798
1162 1174
1162 1667
1163 1836
1164 1520
1166 1491
1166 1676
1168 1847
1169 1509
1170 1443
1171 1635
1171 1744
1174 1207
1176 1383
1177 1187
1178 1441
1178 1887
1179 1958
1180 1254
1180 1733
1180 1739
1181 1440
1182 1463
1184 1523
1185 1336
1186 1575
1187 1584
1187 1873
1188 1605
1189 1244
1190 1476
1190 1646
1192 1748
1193 1476
1196 1893
1197 1469
1197 1892
1200 1636
1200 1782
1201 1396
1207 1447
1208 1743
1212 1225
1213 1780
1215 1595
1219 1758
1225 1388
1225 1626
1226 1581
1226 1820
1227 1351
1228 1570
1228 1728
1229 1842
1230 1345
1230 1598
1230 1632
1231 1395
1231 1419
1232 1493
1234 1365
1234 1512
1235 1451
1235 1551
1236 1242
1236 1469
1237 1257
1237 1922
1239 1422
1239 1988
1240 1886
1241 1456
1241 1801
1242 1821
1243 1471
1244 1537
1245 1383
1245 1527
1248 1743
1249 1592
1249 1822
1249 1951
1250 1948
1251 1485
1253 1391
1253 1848
1254 1584
1254 1723
1255 1479
1255 1801
1258 1897
1259 1514
1260 1274
1260 1497
1261 1729
1262 1859
1264 1565
1264 1597
1265 1365
1265 1394
1266 1823
1267 1754
1267 1807
1267 1831
1268 1774
1268 1867
1271 1623
1271 1808
1271 1903
1272 1332
1273 1434
1273 1437
1273 1660
1274 1473
1274 1545
1274 1976
1276 1559
1276 1939
1279 1455
1280 1466
1282 1341
1283 1392
1283 1822
1284 1723
1285 1499
1285 1544
1287 1890
1288 1984
1289 1894
1290 1513
1292 1474
1294 1738
1295 1743
1295 1757
1296 1363
1296 1414
1296 1836
1298 1589
1299 1869
1302 1794
1303 1520
1303 1612
1304 1360
1304 1698
1306 1617
1306 1707
1306 1944
1306 1986
1309 1365
1309 1428
1311 1564
1312 1867
1312 1929
1313 1926
1314 1663
1314 1666
1316 1738
1317 1592
1317 1957
1318 1638
1320 1807
1321 1871
1323 1949
1325 1752
1325 1876
1326 1740
1327 1683
1327 1744
1328 1814
1328 1989
1329 1482
1329 1651
1329 1765
1330 1634
1330 1748
1331 1353
1335 1784
1336 1562
1337 1616
1338 1962
1339 1526
1340 1402
1343 1482
1343 1524
1343 1736
1345 1920
1345 1961
1346 1717
1346 1992
1353 1859
1354 1395
1354 1571
1355 1532
1355 1957
1357 1746
1358 1365
1359 1784
1359 1946
1362 1495
1363 1556
1363 1627
1365 1389
1365 1945
1373 1391
1374 1783
1376 1621
1376 1863
1376 1894
1380 1749
1380 1893
1382 1740
1385 1877
1386 1428
1390 1553
1390 1557
1391 1414
1393 1428
1393 1908
1396 1431
1396 1720
1396 1827
1398 1614
1400 1800
1401 1994
1402 1902
1403 1903
1404 1522
1406 1999
1408 1630
1411 1946
1413 1448
1413 1507
1414 1463
1415 1658
1416 1472
1416 1647
1420 1971
1421 1694
1422 1712
1422 1881
1424 1685
1425 1577
1427 1586
1427 1777
1428 1781
1429 1464
1429 1631
1432 1462
1433 1445
1433 1499
1434 1698
1434 1827
1434 1941
1435 1586
1436 1768
1436 1792
1437 1994
1440 1812
1441 1886
1443 1754
1444 1549
1446 1756
1447 1533
1448 1484
1448 1570
1450 1687
1453 1515
1455 1606
1455 1908
1455 1925
1457 1642
1458 1628
1459 1943
1460 1541
1463 1798
1463 1858
1463 1927
1465 1602
1465 1819
1465 1909
1468 1791
1468 1885
1469 1728
1471 1839
1473 1645
1473 1835
1474 1976
1476 1709
1480 1590
1480 1638
1484 1861
1485 1766
1486 1936
1490 1572
1492 1691
1492 1867
1494 1579
1497 1516
1498 1726
1501 1732
1506 1688
1508 1530
1508 1776
1510 1543
1513 1736
1513 1971
1514 1736
1514 1830
1517 1540
1522 1649
1523 1807
1523 1943
1526 1707
1526 1954
1534 1848
1535 1590
1535 1974
1536 1897
1536 1938
1537 1556
1540 1689
1540 1726
1542 1742
1543 1731
1544 1812
1545 1867
1545 1930
1546 1744
1547 1620
1547 1707
1552 1799
1553 1815
1554 1649
1555 1851
1555 1954
1559 1580
1560 1610
1567 1740
1568 1764
1570 1877
1570 1911
1571 1652
1572 1751
1574 1759
1575 1625
1576 1579
1579 1830
1586 1706
1589 1695
1589 1805
1592 1986
1593 1991
1595 1918
1598 1963
1600 1669
1601 1636
1601 1929
1601 1986
1605 1727
1605 1742
1605 1992
1610 1938
1615 1682
1616 1686
1620 1720
1620 1938
1625 1634
1628 1966
1632 1917
1634 1660
1643 1973
1645 1757
1645 1911
1646 1953
1647 1924
1647 1984
1648 1945
1652 1891
1652 1953
1652 1988
1653 1777
1653 1930
1653 1991
1655 1781
1658 1970
1665 1766
1665 1941
1665 1982
1666 1710
1670 1833
1672 1945
1676 1858
1683 1720
1684 1749
1684 1945
1686 1688
1686 1985
1691 1731
1693 1942
1694 1829
1697 1861
1700 1774
1703 1735
1703 1856
1705 1988
1706 1951
1711 1998
1713 1800
1713 1908
1715 1784
1717 1782
1721 1964
1722 1949
1724 1755
1724 1780
1725 1952
1730 1737
1733 1903
1733 1927
1735 1803
1737 1769
1737 1864
1737 1901
1738 1936
1740 1779
1743 1853
1744 1842
1744 1930
1753 1973
1754 1967
1758 1938
1760 1794
1760 1853
1760 1940
1760 1983
1760 1985
1764 1821
1767 1792
1767 1866
1768 1971
1772 1992
1775 1789
1775 1834
1775 1871
1776 1971
1782 1899
1790 1915
1791 1864
1797 1929
1800 1826
1805 1843
1805 1986
1806 1858
1819 1899
1821 1830
1825 1899
1832 1883
1840 1935
1846 1909
1851 1940
1856 1974
1858 1883
1859 1989
1862 1966
1876 1972
1879 1904
1882 1936
1887 1928
1893 1990
1894 1928
1898 1938
1898 1962
1900 1999
1901 1955
1903 1971
1907 1973
1918 1919
1926 1989
1934 1938
1966 1983
