2000 2999
26
11
19
52
38
57
66
46
18
45
61
37
20
53
36
76
16
97
38
13
35
24
32
62
38
67
40
57
40
33
69
63
68
95
52
100
51
91
44
2
12
41
40
79
84
9
65
56
41
37
66
52
40
4
43
20
87
42
93
33
72
70
83
8
25
57
25
13
85
25
92
72
8
6
56
54
31
43
1
83
54
81
43
30
17
64
100
15
12
52
70
11
10
7
97
28
86
63
95
8
29
21
49
94
42
28
92
7
30
5
39
90
5
69
18
2
33
42
18
54
82
85
96
51
60
24
84
2
53
66
6
23
85
98
42
81
37
19
21
3
3
86
34
79
9
18
93
29
42
60
15
44
92
74
75
68
69
64
48
91
22
36
4
53
55
12
8
82
97
72
30
18
93
40
82
69
41
87
56
72
96
100
62
78
14
83
23
9
13
50
1
11
60
69
22
90
42
99
36
98
39
10
92
64
38
23
5
17
81
84
30
29
26
18
17
66
30
100
67
22
95
92
68
92
69
31
36
64
93
45
85
97
87
31
28
11
13
36
51
20
59
2
71
52
89
69
32
64
89
30
33
84
72
8
45
17
91
44
24
69
25
52
44
59
39
50
17
78
71
28
47
13
19
89
75
16
46
20
73
14
72
42
30
8
55
96
95
51
37
47
33
83
94
10
39
16
95
17
39
65
62
61
93
68
52
3
61
99
53
43
39
98
7
34
14
23
34
35
32
49
31
76
99
90
51
54
66
45
46
50
19
43
14
73
80
76
19
5
7
25
26
53
79
51
10
77
28
54
96
80
90
46
100
57
31
32
71
94
47
59
91
37
29
21
48
64
41
77
15
66
87
87
100
23
38
73
53
17
92
77
94
87
8
26
61
72
12
62
7
14
60
70
49
89
3
7
28
72
46
43
88
21
98
65
94
83
59
66
42
12
48
3
38
78
66
86
68
80
18
58
82
68
23
52
64
8
17
30
3
69
55
43
57
7
64
28
73
91
14
100
18
20
55
32
83
54
80
88
37
61
63
27
95
29
26
47
85
82
11
9
65
42
95
78
19
10
92
82
15
71
70
13
71
14
41
45
39
17
12
46
69
66
63
96
40
17
21
29
56
99
50
88
43
75
98
33
34
31
86
41
51
20
93
71
11
31
74
43
9
33
22
86
55
34
52
81
18
73
83
79
19
91
87
84
100
99
86
85
3
19
2
93
61
73
61
33
59
25
39
18
80
74
98
87
50
57
40
84
21
59
79
52
33
56
5
79
58
91
79
10
54
71
34
50
98
19
15
53
26
98
9
57
3
25
88
39
74
64
43
24
49
89
31
40
69
70
45
7
44
20
80
67
57
88
94
92
36
51
21
90
1
45
8
7
82
39
97
84
100
78
94
16
73
93
59
56
83
82
32
64
46
17
13
73
46
48
50
91
48
57
50
39
74
49
36
9
3
14
100
100
21
71
5
14
24
19
92
77
5
40
18
57
75
17
8
33
94
30
76
56
78
34
10
47
54
65
26
96
17
61
3
61
100
43
46
43
42
78
77
8
80
46
58
90
39
5
2
93
23
18
100
90
96
83
66
55
86
48
29
14
49
19
93
15
70
49
70
18
76
72
15
5
72
78
29
60
22
60
52
10
46
23
61
57
27
53
67
79
56
54
76
80
54
84
13
40
39
84
95
65
53
96
89
75
47
40
44
98
12
89
22
69
80
46
35
54
5
29
69
67
10
34
78
80
9
31
83
2
34
49
13
6
14
100
56
52
30
99
4
97
85
34
41
3
78
74
27
18
56
93
43
1
83
98
16
90
41
52
30
97
90
72
96
80
11
52
2
25
83
87
83
60
43
17
90
17
35
89
57
52
99
33
31
68
49
9
38
43
16
87
18
55
3
53
50
79
51
1
53
17
55
44
94
45
41
31
19
2
46
93
90
64
54
100
63
41
54
34
49
41
55
29
76
100
88
44
72
60
92
61
80
77
49
85
82
41
57
2
94
4
60
33
91
10
45
28
92
30
47
67
82
49
34
30
88
43
24
97
98
93
56
81
40
69
6
73
8
17
85
95
16
93
100
37
34
85
84
69
36
76
3
90
87
88
48
24
47
17
64
80
7
82
55
71
12
2
86
19
29
5
14
48
26
100
77
51
5
43
20
57
10
13
13
25
40
100
76
88
70
51
31
41
26
63
64
48
49
17
57
13
94
48
6
20
38
63
95
81
73
36
87
69
59
37
64
58
45
2
62
44
83
27
33
13
49
32
62
84
13
63
6
36
76
4
66
71
31
49
73
77
60
85
99
99
53
9
40
67
52
45
4
97
86
13
70
89
67
42
44
28
82
36
73
5
9
77
37
96
79
42
73
2
100
16
23
20
85
58
31
44
85
3
8
64
89
28
43
89
26
34
60
10
36
6
89
60
5
53
44
95
100
57
17
48
7
83
26
91
48
87
23
65
31
1
33
97
32
67
40
88
64
65
10
19
15
62
21
32
60
76
33
93
55
24
35
40
55
44
98
32
72
61
92
26
51
90
81
69
69
18
28
74
79
80
51
90
90
76
36
16
96
57
2
18
71
24
79
61
14
3
46
28
68
6
25
61
60
59
50
71
63
99
64
4
57
34
34
16
40
38
78
57
29
22
100
76
38
77
6
50
75
61
52
43
57
74
10
33
47
73
89
69
21
10
18
19
81
33
63
92
37
55
32
28
33
42
75
14
83
83
77
72
12
74
23
73
35
3
99
29
91
8
94
30
42
5
25
99
63
64
71
50
50
52
48
84
10
25
41
34
12
85
33
30
11
47
63
51
45
72
47
58
100
64
17
6
98
42
98
43
51
11
21
77
91
34
85
36
98
63
21
66
63
93
19
19
7
47
79
100
90
19
42
97
18
1
96
34
35
44
20
42
7
48
97
42
48
4
7
70
78
22
10
43
44
46
91
21
73
3
84
42
26
81
92
68
35
85
26
10
1
53
84
79
43
1
25
70
36
9
94
98
62
76
75
62
70
14
18
67
2
78
26
40
49
55
14
86
88
99
34
21
27
72
83
50
31
49
79
100
81
57
46
70
84
52
12
78
34
63
16
71
41
78
98
94
8
36
32
22
1
68
43
28
32
85
64
93
100
45
13
70
58
10
49
11
82
98
86
23
96
61
90
47
20
91
17
75
27
97
91
100
31
89
54
85
43
66
76
10
4
2
70
41
18
56
90
89
35
11
28
92
77
45
87
56
11
62
43
43
47
80
75
94
37
22
75
28
50
50
31
60
40
96
43
76
16
23
4
93
64
94
20
16
49
41
53
5
42
52
31
38
29
79
46
67
44
63
26
67
54
77
79
3
33
72
100
62
2
96
60
31
82
20
62
76
12
81
25
18
22
46
50
13
53
16
7
62
16
19
24
14
30
89
57
39
2
81
25
88
95
18
46
77
54
23
67
86
85
28
64
54
22
44
41
71
20
44
90
10
23
77
85
23
62
94
41
76
4
93
59
17
29
46
85
48
59
87
81
95
67
25
22
100
19
70
94
100
3
70
48
62
87
37
73
84
63
67
56
19
93
28
68
29
21
45
83
9
4
68
78
91
75
94
19
35
30
90
97
33
3
46
99
87
1
89
32
67
84
71
55
23
60
15
77
81
3
45
20
62
19
16
14
98
66
100
27
100
1
10
81
31
96
90
79
51
100
54
3
53
32
44
4
15
72
23
19
4
97
72
23
70
9
44
59
87
16
38
96
38
32
81
85
45
63
2
20
17
80
64
47
17
48
12
96
85
98
46
6
62
41
24
100
95
15
14
9
93
28
42
88
89
46
51
45
15
25
4
93
76
21
12
77
37
31
87
41
91
85
57
51
49
23
91
71
31
5
63
40
66
14
43
79
56
65
62
74
12
70
32
95
22
30
75
73
10
42
31
6
48
92
66
99
62
60
40
78
98
66
68
62
68
25
57
8
75
37
64
36
60
78
90
48
11
27
50
93
93
77
50
91
96
33
95
95
39
81
48
53
47
8
30
62
50
74
95
72
71
98
88
97
19
99
44
84
75
14
83
70
35
39
4
67
57
86
3
4
98
12
56
25
10
88
79
43
35
6
9
65
53
87
68
88
16
39
89
37
81
27
66
80
23
67
88
96
74
8
75
83
93
61
77
35
30
15
22
29
12
77
57
85
91
85
71
42
10
49
63
25
47
96
8
56
26
98
59
28
67
94
26
61
57
78
19
69
78
21
4
82
23
47
98
100
94
37
87
20
40
55
3
87
85
21
31
73
38
97
27
5
83
21
18
12
21
84
28
82
74
47
74
81
8
43
8
96
62
58
13
45
58
22
90
89
86
53
45
8
41
93
74
60
78
29
94
98
18
81
95
36
100
62
65
31
82
7
75
14
25
50
15
29
32
25
47
80
31
99
66
95
8
3
49
23
67
94
33
43
12
13
78
80
84
72
52
72
84
13
62
73
35
67
13
68
17
87
35
20
17
83
48
16
51
3
31
18
65
48
42
18
14
5
59
60
87
46
1
58
2
28
9
0 236
1 1515
2 147
2 868
2 1952
3 275
3 741
3 970
3 975
4 180
4 488
4 1624
5 272
5 899
5 1702
6 32
6 577
6 767
6 1511
7 350
7 1605
9 914
9 1506
9 1536
9 1710
11 50
11 134
11 269
11 1725
11 1780
12 516
12 1523
12 1845
13 710
13 770
13 798
13 1340
15 81
16 362
16 1266
16 1491
17 72
17 79
17 264
17 385
17 475
17 1242
17 1434
17 1860
18 1525
19 107
19 280
19 445
19 1122
20 551
20 1984
21 1142
21 1667
21 1786
22 295
22 369
22 685
22 1272
22 1807
23 50
23 304
23 577
23 625
23 1319
23 1331
23 1675
24 201
24 265
24 678
25 88
25 1487
26 574
26 1855
27 351
27 1295
27 1945
28 477
28 1580
30 841
30 923
30 1123
30 1898
31 720
31 1167
32 145
32 838
33 618
33 1106
33 1554
33 1637
33 1848
33 1920
34 93
34 1061
34 1424
35 200
35 719
35 1013
36 44
36 575
37 51
37 774
37 861
37 1944
38 885
38 906
38 1381
38 1576
38 1682
39 64
39 317
39 864
39 1378
39 1908
39 1947
40 295
40 994
40 1219
40 1614
40 1828
41 90
41 585
41 1036
41 1257
41 1467
42 255
42 262
42 716
42 958
43 560
43 610
43 1211
44 673
44 1528
44 1706
45 235
45 465
46 553
46 665
46 681
46 934
46 1202
46 1666
47 478
47 833
47 1880
48 1967
49 582
49 865
49 1529
50 1187
50 1450
50 1915
51 384
52 652
52 975
53 647
54 467
54 525
54 648
54 1424
54 1512
54 1600
55 516
55 1137
56 323
56 1319
56 1445
56 1551
57 310
57 1309
57 1406
57 1836
59 1588
60 781
60 794
60 1014
60 1419
60 1947
60 1993
61 1043
61 1373
61 1676
62 504
62 1129
62 1385
62 1650
63 326
63 590
63 781
63 867
64 960
65 107
65 812
66 154
66 444
68 363
68 905
68 1603
69 1012
69 1736
70 172
70 327
70 870
70 1221
70 1359
70 1474
70 1711
71 196
71 548
71 1471
71 1691
72 353
72 369
72 1315
72 1712
73 995
73 1127
74 249
74 1833
75 96
75 197
75 336
75 1621
75 1747
76 1524
77 172
77 852
78 91
78 333
78 539
78 617
78 1530
79 98
79 727
80 1084
81 1240
82 400
82 578
82 1057
82 1199
82 1547
82 1625
82 1734
83 610
83 1451
85 358
85 406
85 1183
86 1625
86 1949
86 1969
87 112
87 914
88 1135
88 1525
89 464
89 931
89 1196
89 1458
90 425
90 623
90 1236
90 1866
90 1879
91 220
92 473
92 546
92 1058
92 1648
95 818
95 820
95 969
95 1355
95 1865
96 842
96 1166
96 1728
96 1947
97 1589
98 1553
99 252
99 357
99 388
99 961
99 1756
100 893
101 424
101 942
101 1400
101 1659
101 1942
101 1962
102 328
102 595
102 849
102 899
102 954
103 551
103 803
103 872
103 1364
103 1838
104 191
104 1746
105 1922
106 208
106 214
107 204
107 1470
107 1877
108 860
108 1307
108 1533
108 1790
111 117
111 501
111 1348
111 1401
112 1031
113 747
113 1210
114 130
114 182
114 1306
115 488
115 634
115 768
115 1318
115 1678
115 1785
116 254
116 1109
116 1703
117 125
117 150
117 797
118 270
118 710
118 1793
118 1843
119 576
119 1591
120 230
121 1170
121 1755
122 1314
122 1521
122 1799
123 1195
123 1566
124 522
124 648
124 1774
125 868
125 1383
126 185
126 1563
126 1798
127 1314
128 528
128 1459
128 1859
129 1431
130 571
130 1091
130 1537
130 1733
131 1114
131 1524
131 1667
132 824
132 1500
132 1556
133 249
133 328
133 546
133 826
133 1843
134 734
134 1593
136 1083
136 1110
136 1485
137 356
137 1839
138 338
138 1848
139 173
139 1430
140 603
140 941
140 955
140 1378
141 1237
142 189
142 1142
142 1781
143 364
143 1676
143 1910
144 233
144 474
144 836
144 882
144 1213
145 673
145 773
145 832
146 1024
146 1239
147 905
147 1011
147 1245
147 1264
149 1314
149 1961
149 1971
150 261
150 321
150 1472
151 753
151 1110
151 1333
151 1549
151 1736
152 234
152 809
152 1038
152 1261
152 1347
152 1880
153 205
153 1433
154 576
155 1142
155 1231
155 1266
155 1287
155 1379
156 629
156 984
156 1317
156 1347
156 1471
157 399
157 427
157 545
158 595
158 876
158 1623
158 1658
158 1897
159 278
159 1114
160 1253
161 299
161 372
161 1618
162 532
162 876
162 1127
162 1281
162 1432
163 747
163 1117
163 1162
164 193
164 488
165 1693
165 1822
165 1956
166 1017
166 1965
167 1543
168 1406
168 1457
168 1545
169 177
169 788
169 823
169 1720
170 220
171 223
171 323
171 462
171 567
171 1082
171 1237
171 1650
171 1899
171 1958
173 1431
174 1103
174 1120
174 1968
175 388
175 1352
176 329
176 473
176 812
177 1330
177 1871
179 446
179 1302
179 1824
179 1853
180 706
181 699
181 1668
182 353
182 738
182 1273
183 620
184 1180
184 1324
184 1643
185 259
185 556
185 1080
185 1743
186 1843
187 1080
187 1634
187 1643
188 286
188 649
189 408
190 193
190 327
191 697
191 850
191 1679
191 1828
192 539
192 579
193 560
193 1008
193 1765
193 1827
194 645
194 817
194 1798
194 1902
195 940
196 366
196 1374
197 214
197 484
197 735
197 1189
197 1485
198 839
198 1599
199 549
199 668
199 1306
199 1321
199 1425
199 1591
200 769
201 1942
202 251
202 550
202 1849
203 561
203 1356
203 1503
204 319
204 1124
204 1195
204 1754
205 463
205 1910
206 508
206 1241
206 1283
206 1799
207 302
207 370
208 742
208 1516
208 1675
208 1689
209 1860
210 741
210 791
210 1236
210 1731
210 1878
211 1885
212 400
212 1597
213 555
213 987
213 1419
213 1796
214 234
214 691
214 1615
215 508
215 1256
215 1356
216 843
216 1394
216 1697
218 1167
219 1135
219 1148
219 1401
219 1794
220 688
221 236
221 665
221 1157
221 1272
222 1028
222 1463
223 352
224 583
224 749
225 1485
226 730
226 909
226 1050
226 1136
227 492
227 1517
227 1688
227 1838
228 319
228 896
228 1058
228 1185
228 1606
229 860
230 569
230 1060
230 1152
230 1593
230 1660
230 1682
230 1821
231 263
231 702
231 1433
231 1579
231 1878
232 343
233 425
233 602
233 720
233 1558
234 938
234 1838
235 564
235 651
235 1527
235 1586
236 381
236 1298
237 1479
238 998
238 1274
239 1728
239 1743
239 1822
241 1569
241 1766
241 1842
242 1134
243 705
245 692
245 826
245 1581
246 287
246 1769
247 587
247 1389
247 1401
248 434
248 811
248 872
248 1551
249 465
249 764
249 885
249 1143
249 1243
249 1661
249 1892
250 1427
251 354
251 552
251 633
251 1178
251 1308
251 1323
251 1332
251 1411
252 1469
252 1971
253 636
253 1480
254 1713
254 1805
255 369
255 896
255 1184
255 1363
256 861
256 1805
257 1439
257 1458
257 1553
257 1762
258 805
259 1016
260 1817
261 806
261 1570
262 551
262 951
262 1351
262 1808
262 1959
263 720
263 854
263 1434
265 890
265 1578
265 1606
266 562
266 1264
266 1721
266 1987
267 534
267 1592
267 1946
268 876
268 1922
269 1179
269 1374
269 1891
270 880
270 1493
271 579
272 567
272 706
272 854
273 360
274 872
274 1213
274 1710
274 1914
275 541
275 933
276 435
277 676
277 1321
277 1536
278 1103
278 1260
279 581
280 1359
282 1201
282 1525
282 1930
282 1989
283 422
283 492
283 1127
283 1609
284 1509
284 1601
285 511
285 613
285 1082
286 322
286 1815
287 1552
288 398
288 1714
289 566
289 1024
289 1110
289 1766
290 691
291 1196
291 1522
292 348
292 425
292 850
292 1164
294 544
294 1637
296 714
296 1018
296 1614
297 532
297 665
297 1467
298 308
298 310
298 862
298 1505
299 663
299 773
299 1073
299 1669
300 424
300 854
300 1422
300 1656
300 1875
301 1422
301 1544
301 1893
301 1897
302 459
302 1363
302 1905
303 997
303 1156
303 1322
303 1398
303 1718
304 862
304 1676
305 431
305 571
305 885
306 455
306 884
306 899
306 1093
307 1130
307 1481
308 1049
309 642
310 443
310 1776
311 427
311 439
313 1537
314 316
314 1954
315 1246
316 550
316 816
317 1265
317 1411
317 1704
317 1819
318 1021
318 1125
318 1172
318 1463
318 1522
318 1617
319 345
319 660
319 837
319 1239
320 1281
320 1504
320 1751
320 1928
321 329
321 829
321 1408
321 1950
322 1135
322 1706
323 1119
323 1270
323 1926
324 1599
324 1713
325 757
325 1472
326 768
326 773
326 937
326 1800
327 716
327 1797
327 1933
327 1941
329 1769
329 1852
329 1929
330 425
330 659
330 893
330 954
330 1084
331 386
331 982
331 1604
331 1664
332 649
332 982
333 521
333 1215
333 1235
334 416
334 685
334 1504
334 1795
335 1545
335 1586
335 1709
336 788
337 518
337 1720
338 470
338 504
338 1133
338 1843
339 999
339 1269
339 1627
340 415
340 769
340 1112
340 1115
340 1518
341 354
341 568
341 622
341 1308
341 1648
341 1764
341 1856
342 952
342 1845
342 1857
343 347
343 711
343 832
344 357
344 443
344 818
344 1819
346 376
346 458
346 833
346 1757
346 1920
347 966
348 986
348 1747
349 1334
350 1994
351 1029
352 698
352 801
352 1337
352 1453
352 1916
353 519
353 679
353 937
354 839
354 870
354 1015
355 621
355 632
355 912
355 1756
356 515
356 1575
356 1600
357 712
358 1984
359 444
359 1537
359 1678
359 1835
360 1287
360 1448
361 871
361 1156
361 1186
362 714
362 840
362 1893
362 1959
363 835
363 1917
364 505
364 1253
364 1836
365 396
365 468
365 732
365 810
365 1677
365 1964
366 1221
366 1646
368 1088
368 1551
368 1637
369 1202
370 756
370 919
371 1667
371 1719
372 805
372 899
372 1177
372 1970
373 496
374 713
374 1214
374 1356
374 1818
375 454
375 569
375 925
375 1606
375 1885
376 433
376 1678
376 1963
377 1603
378 949
378 1240
379 1729
379 1917
380 788
381 435
381 496
381 1615
381 1620
382 1021
382 1054
382 1445
383 544
383 994
384 765
384 1268
384 1824
385 528
385 1862
386 687
386 1161
386 1271
386 1636
387 1092
387 1774
389 879
389 1922
392 843
392 1497
393 493
393 802
393 1985
394 837
394 1656
394 1890
394 1935
396 442
396 1380
396 1681
397 923
397 1851
398 631
398 827
398 1285
398 1394
398 1819
399 730
399 1197
400 1352
401 922
402 621
402 1052
402 1151
402 1941
403 1131
403 1490
403 1791
404 439
404 902
404 1915
405 637
405 697
405 1715
406 633
406 1781
407 1035
407 1301
408 668
408 1308
408 1622
408 1787
409 644
409 913
409 955
409 1195
410 777
410 872
410 1092
410 1693
410 1984
411 1006
412 637
412 1496
413 687
413 963
413 967
413 975
413 1624
414 1476
414 1688
415 1650
415 1797
416 860
416 1019
417 1290
417 1597
418 1917
419 469
419 538
419 1472
419 1775
420 1246
420 1708
421 1403
421 1410
421 1509
422 742
422 1158
423 800
423 840
423 921
423 969
423 1231
424 1369
426 540
427 1748
428 936
428 1083
428 1886
429 1026
429 1355
429 1953
429 1997
430 1706
431 823
431 1320
432 1106
432 1532
433 1198
433 1844
434 1552
434 1631
435 796
435 1640
435 1697
436 771
436 938
437 1958
438 882
438 1247
438 1471
438 1731
439 957
440 519
440 756
440 1774
440 1896
441 1465
442 732
442 1280
442 1333
444 930
444 1366
444 1704
445 893
445 1001
445 1481
446 1403
447 1630
447 1737
448 936
448 1226
448 1522
448 1733
449 462
449 1098
449 1308
449 1477
449 1989
450 544
450 992
450 1623
450 1890
451 1572
452 1350
452 1876
453 1494
453 1832
454 1769
454 1818
455 1265
456 629
456 1610
457 1509
458 687
458 793
458 1047
459 660
459 1346
459 1917
460 917
460 1265
460 1403
460 1578
461 1247
462 960
462 1344
463 560
463 644
463 857
463 1863
464 803
464 947
464 1176
464 1797
466 998
466 1209
466 1262
467 765
467 1162
467 1742
468 555
469 1231
469 1561
469 1655
470 1697
471 680
471 862
471 1214
472 659
472 1721
473 656
473 989
473 1605
474 1413
475 797
475 868
476 935
476 1189
476 1782
477 1713
478 1069
479 1337
479 1384
480 521
480 824
480 835
480 1685
480 1971
481 578
482 1253
482 1363
483 522
484 688
484 783
484 1527
484 1853
484 1973
485 1880
486 496
486 800
486 1250
486 1356
486 1870
486 1876
487 1927
488 1201
488 1240
488 1523
489 678
491 1562
492 995
492 1098
492 1431
492 1877
493 676
493 1523
493 1629
493 1862
494 1016
494 1233
495 1488
496 1447
496 1772
497 736
497 1242
498 744
498 1209
498 1717
499 584
499 819
499 1924
500 577
500 921
501 840
501 1149
501 1292
502 1705
502 1741
503 751
503 1188
503 1596
505 859
505 870
506 639
506 1086
507 1448
507 1526
507 1621
507 1785
508 913
508 1706
509 816
509 1811
509 1827
510 854
510 952
510 1774
511 563
511 645
511 1291
512 806
512 1136
512 1326
512 1854
513 1748
513 1875
514 1700
514 1831
516 1150
516 1253
516 1602
517 659
517 898
518 1201
518 1904
519 896
519 1331
519 1605
521 1021
521 1071
521 1590
522 1218
522 1414
523 990
524 833
524 1685
524 1803
525 1354
525 1405
527 663
528 1150
528 1574
528 1991
529 1508
529 1560
529 1836
530 955
531 1023
533 606
533 665
533 668
533 912
533 1117
533 1297
533 1812
534 1095
535 774
535 1447
536 1184
537 550
537 704
537 1584
538 711
538 1392
538 1402
539 1870
540 1313
540 1359
540 1671
541 1776
542 874
542 1156
542 1675
543 1187
543 1533
544 740
544 969
544 1283
544 1387
544 1499
545 712
546 1977
547 1123
547 1220
547 1510
547 1614
548 789
548 1045
548 1360
548 1410
548 1506
548 1763
549 570
549 594
550 556
553 1526
554 663
554 850
554 1048
554 1207
555 1541
556 693
556 1222
556 1873
557 865
557 1106
557 1274
557 1950
558 721
558 811
558 1125
560 1636
560 1701
561 1159
561 1759
562 791
562 1261
563 667
565 1855
566 1606
566 1820
567 1195
567 1913
568 757
568 1821
569 1917
570 837
570 919
570 1972
571 1813
572 857
572 1178
572 1422
572 1806
573 1787
574 687
574 759
574 858
574 1931
575 762
575 790
575 1398
576 764
576 1623
577 640
577 1007
577 1256
579 688
579 821
580 807
580 1976
581 644
581 1717
581 1958
582 1927
583 1353
583 1463
584 755
584 856
584 1068
585 1277
585 1370
585 1693
586 990
587 1305
587 1738
588 1628
588 1940
589 1224
589 1470
589 1996
590 1986
591 1763
592 1294
593 951
594 830
594 1041
595 950
595 1758
595 1918
596 1976
597 804
597 1157
597 1295
598 1530
598 1968
599 960
600 1204
600 1255
600 1586
600 1679
600 1708
601 1737
601 1974
602 930
602 1417
602 1473
602 1661
603 787
603 945
603 1636
604 1447
604 1534
607 1041
607 1116
607 1325
607 1671
608 652
608 1557
609 952
609 1181
609 1589
611 666
611 739
611 1586
612 1231
615 1149
615 1323
616 891
616 1912
618 901
618 1221
618 1780
619 620
619 1938
620 629
620 1211
621 1106
621 1440
621 1709
622 1183
622 1513
624 755
624 994
624 1187
624 1197
625 645
625 1521
625 1612
625 1767
626 1129
627 1224
627 1462
627 1971
628 1347
629 783
630 735
630 1360
630 1562
630 1690
631 1818
632 1635
632 1871
633 1593
633 1597
633 1747
633 1811
634 664
634 719
634 1223
634 1334
634 1361
634 1983
635 780
635 1299
636 890
636 1530
637 1588
638 846
638 1694
640 729
640 1889
641 1175
641 1216
642 1352
642 1375
643 1665
646 977
647 1992
649 831
649 832
650 1444
652 1884
652 1965
654 778
654 1656
654 1990
655 930
656 1737
657 782
657 1559
657 1683
657 1929
658 1355
658 1580
660 1357
661 1136
662 870
663 1303
663 1885
665 1579
667 1479
667 1812
668 862
668 1228
668 1439
668 1885
670 1284
670 1341
670 1411
670 1764
671 1867
672 1210
672 1556
673 1841
673 1943
674 810
674 1313
675 687
675 1483
675 1956
676 1723
677 1107
677 1758
678 779
678 877
680 945
680 1538
681 687
681 786
681 1852
682 753
682 1416
682 1764
682 1952
684 1194
684 1630
685 1429
686 1808
687 808
688 881
688 1045
688 1110
688 1179
689 1348
689 1502
689 1805
691 1668
692 1560
693 1547
694 1479
694 1890
697 750
697 1137
697 1382
698 1499
700 773
700 1248
700 1415
701 1387
702 1856
703 1267
704 1294
704 1478
705 719
705 802
705 806
706 743
707 761
707 1709
708 891
708 1652
709 923
709 1158
709 1863
711 1014
712 1065
712 1246
712 1261
713 1499
713 1749
714 1218
714 1953
715 1383
715 1527
715 1599
715 1804
716 1044
716 1085
716 1489
716 1802
717 810
717 942
717 1011
717 1809
717 1995
718 729
718 1089
720 1114
721 788
721 1758
723 791
723 997
723 1414
725 917
725 1661
726 1305
726 1670
728 1145
728 1314
728 1444
728 1616
728 1905
729 1799
730 1820
732 1924
732 1926
733 1528
734 1314
734 1861
735 1233
736 1210
737 1424
737 1977
738 1058
738 1419
738 1623
738 1768
739 1063
739 1102
739 1223
739 1631
739 1639
740 836
740 1239
740 1729
742 1601
742 1963
743 806
743 1289
743 1350
744 1842
748 764
748 1344
751 1323
751 1660
752 1367
752 1754
754 1550
754 1559
755 1137
755 1482
755 1931
756 1159
756 1672
757 1248
758 1282
759 929
759 1229
759 1246
759 1299
759 1404
760 1320
760 1944
761 818
761 1102
761 1525
763 902
763 907
764 860
764 1224
764 1909
764 1975
765 1556
766 1020
767 1358
767 1997
768 1080
768 1166
768 1231
768 1333
769 1242
769 1893
769 1931
770 931
770 1922
771 1556
772 1606
773 1751
774 988
774 1233
774 1583
774 1862
775 882
776 1388
776 1698
777 1194
777 1406
777 1861
778 1635
779 1138
779 1167
779 1183
779 1410
779 1823
781 1901
782 914
782 923
782 1081
782 1215
782 1512
782 1720
783 1917
784 849
784 1590
785 967
786 832
786 1283
786 1579
786 1651
787 852
788 990
788 1688
789 854
789 1464
790 928
790 1031
790 1580
790 1668
791 801
791 1050
791 1402
792 1903
793 1140
793 1215
793 1832
794 967
794 1392
794 1859
795 892
795 1969
796 958
796 1058
796 1230
796 1570
796 1724
797 1550
798 1600
799 1821
800 1336
800 1586
800 1621
801 1191
801 1676
801 1998
802 1032
802 1487
803 908
803 1777
804 825
805 926
805 1100
805 1188
806 1919
807 1551
807 1812
807 1877
808 1889
809 1116
809 1587
809 1711
809 1875
810 1376
810 1610
810 1881
813 883
813 1285
815 1708
816 988
817 1063
817 1786
818 830
818 985
818 1271
819 1103
819 1727
820 1321
820 1494
820 1845
821 1431
822 1212
823 907
824 1135
824 1197
824 1285
824 1624
825 1478
825 1845
828 1957
829 1008
829 1620
830 870
830 1149
830 1269
830 1462
831 1768
831 1818
831 1965
832 1239
832 1474
833 1755
835 1676
836 1404
836 1408
837 1688
837 1914
839 956
839 1401
840 1308
840 1585
840 1740
841 921
841 1213
841 1857
842 1124
842 1971
843 933
843 1247
844 1558
844 1854
845 1165
845 1348
845 1639
845 1708
846 1407
846 1489
846 1839
847 1861
848 1995
850 1983
851 1018
851 1173
853 1839
854 1304
854 1543
854 1563
855 1439
855 1789
856 1899
857 1460
857 1641
857 1770
857 1875
857 1914
858 1727
858 1742
858 1856
859 1445
859 1601
860 996
860 1055
861 1874
861 1944
862 1071
862 1814
862 1895
862 1979
863 1112
863 1509
864 1000
864 1577
864 1749
865 945
865 976
865 1052
865 1395
866 1128
866 1259
866 1684
867 1148
867 1530
867 1532
867 1881
868 1231
869 1881
869 1943
870 1833
871 990
871 1293
871 1762
874 1153
875 992
875 1036
875 1894
875 1899
876 978
876 1507
876 1537
876 1744
876 1954
877 1982
878 1357
878 1484
878 1762
880 982
880 1226
881 1572
882 1226
882 1543
885 1979
886 1522
886 1775
886 1892
887 1130
887 1416
887 1543
888 1446
888 1634
891 1130
891 1266
891 1471
891 1813
893 1675
894 1259
896 1237
896 1383
897 1556
897 1635
898 1226
898 1320
898 1556
898 1694
899 925
900 907
900 1203
900 1251
902 1112
903 1639
905 1411
905 1532
905 1875
906 1193
906 1194
908 1424
908 1582
908 1637
908 1771
909 1907
909 1998
910 1295
911 959
911 1592
911 1612
912 1187
912 1736
913 1137
913 1488
914 1205
914 1570
914 1822
914 1852
915 1026
917 1065
917 1647
918 935
918 1027
918 1028
918 1841
919 1513
920 1295
921 1239
921 1266
922 1715
922 1778
923 986
923 1681
923 1756
924 1255
925 1872
926 1094
926 1384
927 1274
928 1682
929 1416
929 1616
930 1661
931 1718
931 1768
932 1290
933 937
933 1387
934 1568
935 1859
936 1455
937 1717
937 1944
938 1404
938 1923
939 1750
941 1500
942 1593
943 968
945 1017
945 1046
945 1275
945 1902
946 1599
946 1651
946 1674
946 1912
947 1565
947 1873
948 971
948 1716
949 1755
950 1261
951 1935
952 1406
952 1513
952 1620
955 1654
956 1523
956 1879
957 1459
958 1762
959 1326
959 1492
959 1509
959 1636
960 1019
960 1804
960 1933
961 1179
962 1081
962 1513
962 1817
963 1157
964 1594
964 1795
965 1633
965 1854
966 1908
966 1909
967 1145
967 1426
968 1166
968 1423
968 1575
969 1628
969 1929
970 1718
971 1362
972 1316
972 1370
972 1487
973 1263
973 1584
973 1780
973 1785
974 1239
974 1347
975 1549
976 1314
976 1894
977 1583
978 1096
980 1338
981 1483
982 1652
983 1106
983 1110
983 1416
983 1977
984 1578
984 1914
984 1946
985 1465
985 1629
987 1665
988 1000
988 1105
988 1158
988 1298
988 1560
988 1736
990 1647
992 1091
992 1423
992 1464
992 1515
992 1760
993 1088
993 1546
995 1340
997 1591
997 1636
997 1690
998 1502
998 1650
999 1231
999 1399
999 1454
1000 1597
1003 1110
1003 1275
1003 1583
1003 1939
1004 1086
1005 1671
1006 1752
1006 1887
1007 1219
1007 1783
1010 1144
1011 1150
1011 1152
1012 1118
1012 1166
1012 1215
1012 1297
1012 1347
1012 1645
1012 1945
1014 1900
1015 1045
1015 1935
1016 1030
1016 1186
1016 1813
1017 1294
1018 1236
1018 1241
1019 1630
1020 1337
1020 1567
1021 1506
1022 1921
1023 1862
1023 1968
1024 1509
1024 1810
1024 1826
1027 1078
1027 1162
1027 1533
1027 1997
1028 1110
1028 1413
1028 1710
1028 1755
1029 1093
1029 1208
1030 1185
1031 1220
1031 1488
1033 1273
1033 1501
1033 1837
1034 1122
1035 1614
1037 1180
1037 1736
1037 1892
1038 1378
1038 1673
1040 1308
1042 1285
1043 1592
1046 1124
1046 1320
1046 1337
1046 1814
1047 1333
1047 1421
1047 1892
1049 1180
1049 1636
1049 1671
1052 1395
1052 1981
1053 1129
1054 1756
1055 1079
1055 1428
1056 1421
1056 1724
1056 1985
1057 1058
1057 1653
1059 1281
1059 1770
1061 1202
1062 1399
1062 1627
1063 1591
1064 1950
1065 1813
1066 1133
1066 1569
1068 1109
1069 1528
1070 1342
1072 1493
1073 1118
1074 1106
1074 1349
1074 1370
1074 1794
1074 1797
1075 1692
1077 1391
1078 1119
1078 1181
1078 1204
1078 1748
1078 1941
1079 1092
1079 1249
1079 1329
1081 1474
1082 1540
1083 1455
1084 1293
1085 1307
1085 1367
1086 1145
1087 1177
1087 1489
1087 1782
1088 1607
1089 1189
1089 1497
1090 1921
1091 1458
1091 1486
1093 1545
1093 1716
1095 1794
1096 1174
1096 1362
1097 1583
1097 1673
1099 1795
1102 1804
1102 1867
1104 1432
1104 1623
1105 1382
1105 1832
1107 1478
1107 1549
1107 1866
1108 1750
1108 1906
1109 1449
1110 1705
1111 1562
1112 1847
1113 1556
1113 1876
1114 1499
1114 1742
1115 1623
1115 1656
1115 1929
1115 1963
1116 1147
1116 1904
1117 1579
1118 1121
1119 1386
1119 1574
1119 1757
1122 1512
1122 1687
1123 1131
1123 1560
1124 1916
1125 1453
1125 1948
1126 1740
1127 1741
1127 1761
1129 1267
1130 1658
1131 1170
1132 1393
1133 1142
1134 1165
1134 1928
1136 1241
1138 1476
1139 1963
1140 1499
1140 1680
1142 1741
1143 1259
1143 1294
1143 1737
1143 1901
1144 1522
1144 1937
1145 1596
1145 1790
1145 1831
1146 1504
1146 1718
1149 1360
1149 1720
1150 1281
1151 1343
1151 1622
1152 1364
1152 1442
1152 1560
1153 1859
1155 1354
1155 1355
1155 1521
1156 1364
1156 1815
1158 1561
1159 1173
1159 1355
1160 1323
1160 1522
1161 1660
1161 1788
1165 1186
1165 1789
1165 1997
1166 1287
1166 1554
1167 1400
1168 1406
1168 1483
1169 1317
1171 1274
1171 1295
1171 1536
1172 1295
1172 1508
1173 1337
1173 1694
1175 1406
1178 1752
1180 1356
1180 1768
1181 1907
1182 1294
1182 1492
1183 1409
1183 1947
1184 1507
1185 1403
1187 1474
1187 1498
1189 1702
1191 1456
1191 1564
1191 1762
1192 1203
1192 1248
1192 1377
1192 1610
1193 1862
1194 1508
1194 1822
1195 1911
1197 1460
1198 1769
1200 1599
1201 1361
1201 1670
1202 1734
1203 1482
1203 1673
1204 1830
1205 1211
1206 1428
1206 1448
1207 1573
1209 1225
1209 1446
1209 1644
1209 1666
1210 1478
1210 1494
1211 1560
1212 1351
1212 1586
1212 1843
1214 1933
1215 1224
1215 1697
1216 1302
1216 1774
1217 1448
1217 1764
1219 1365
1222 1266
1222 1627
1223 1788
1225 1413
1225 1735
1226 1939
1227 1917
1228 1813
1229 1293
1229 1315
1229 1942
1231 1544
1233 1341
1233 1888
1234 1735
1235 1638
1235 1797
1236 1453
1236 1643
1237 1747
1237 1868
1239 1283
1239 1502
1241 1356
1241 1695
1242 1437
1242 1925
1244 1724
1245 1389
1245 1711
1246 1270
1246 1908
1247 1677
1247 1837
1248 1745
1249 1602
1251 1859
1251 1948
1253 1341
1253 1893
1254 1297
1256 1334
1259 1379
1260 1491
1261 1312
1261 1854
1264 1487
1264 1560
1264 1856
1265 1771
1266 1848
1268 1987
1269 1598
1271 1328
1271 1359
1271 1719
1273 1567
1274 1727
1274 1999
1275 1766
1276 1428
1278 1791
1279 1511
1281 1902
1283 1469
1285 1463
1285 1496
1285 1552
1286 1982
1287 1874
1288 1531
1289 1345
1289 1431
1289 1869
1290 1545
1290 1678
1290 1775
1291 1533
1292 1331
1292 1551
1294 1738
1295 1412
1295 1720
1296 1401
1296 1451
1296 1483
1298 1327
1298 1873
1300 1906
1301 1364
1301 1706
1301 1836
1302 1324
1303 1465
1304 1603
1305 1364
1307 1727
1309 1449
1310 1615
1311 1345
1311 1414
1311 1879
1312 1512
1312 1584
1316 1336
1316 1689
1318 1714
1318 1804
1319 1976
1320 1708
1320 1773
1321 1327
1321 1351
1322 1695
1324 1362
1324 1765
1325 1829
1326 1536
1326 1941
1326 1964
1331 1502
1332 1438
1335 1977
1337 1448
1337 1868
1338 1645
1338 1769
1338 1791
1339 1677
1339 1711
1339 1888
1340 1907
1341 1456
1342 1895
1342 1983
1343 1857
1343 1959
1344 1908
1345 1640
1348 1588
1349 1778
1350 1636
1351 1658
1352 1784
1353 1614
1354 1802
1355 1738
1355 1932
1356 1554
1356 1692
1357 1853
1358 1496
1358 1773
1359 1399
1359 1475
1359 1962
1360 1433
1362 1802
1363 1532
1364 1521
1364 1564
1365 1892
1366 1636
1368 1451
1371 1784
1371 1930
1373 1601
1375 1545
1375 1590
1379 1500
1379 1669
1379 1847
1380 1630
1380 1716
1380 1980
1380 1985
1383 1841
1384 1781
1385 1394
1385 1595
1386 1607
1386 1752
1387 1528
1388 1655
1388 1876
1388 1938
1390 1931
1391 1566
1392 1635
1392 1784
1393 1649
1395 1825
1395 1955
1396 1667
1396 1862
1397 1415
1397 1630
1399 1441
1400 1634
1401 1698
1402 1838
1403 1731
1404 1621
1404 1840
1406 1488
1406 1549
1407 1569
1407 1827
1408 1664
1409 1880
1409 1992
1411 1467
1411 1558
1412 1860
1413 1882
1415 1673
1416 1485
1416 1487
1419 1902
1420 1757
1421 1546
1421 1804
1421 1911
1424 1676
1425 1651
1425 1948
1427 1451
1429 1545
1434 1567
1434 1606
1434 1933
1435 1885
1436 1437
1436 1808
1436 1931
1438 1621
1439 1539
1440 1901
1441 1463
1442 1458
1444 1464
1444 1791
1446 1732
1447 1966
1448 1644
1450 1908
1451 1775
1457 1814
1457 1895
1460 1654
1460 1879
1460 1933
1462 1978
1465 1603
1466 1494
1470 1564
1470 1581
1472 1681
1473 1756
1474 1622
1475 1559
1478 1968
1479 1509
1479 1538
1480 1980
1483 1686
1484 1769
1489 1614
1490 1602
1495 1497
1495 1544
1495 1680
1495 1922
1497 1721
1498 1720
1498 1975
1499 1552
1501 1880
1502 1718
1502 1897
1503 1863
1504 1548
1505 1961
1506 1714
1507 1854
1508 1789
1509 1771
1512 1716
1513 1615
1514 1963
1515 1940
1517 1961
1518 1763
1518 1974
1519 1573
1520 1569
1521 1791
1526 1656
1527 1787
1528 1705
1528 1961
1529 1617
1530 1789
1531 1700
1531 1857
1533 1833
1533 1846
1535 1641
1536 1628
1536 1999
1537 1764
1537 1783
1538 1741
1538 1776
1538 1995
1540 1574
1542 1718
1542 1722
1546 1845
1549 1912
1555 1637
1556 1882
1557 1645
1557 1723
1557 1755
1558 1618
1562 1815
1564 1984
1566 1802
1568 1724
1568 1870
1568 1974
1572 1854
1573 1750
1573 1896
1573 1985
1575 1901
1578 1672
1580 1879
1582 1649
1587 1596
1587 1966
1588 1874
1589 1886
1590 1682
1591 1721
1591 1757
1591 1945
1592 1822
1602 1666
1605 1984
1605 1995
1606 1674
1611 1812
1612 1785
1614 1660
1616 1677
1618 1920
1620 1820
1622 1649
1622 1958
1626 1933
1628 1748
1631 1768
1631 1949
1634 1856
1634 1929
1636 1651
1636 1870
1637 1842
1641 1770
1641 1825
1642 1797
1643 1997
1647 1949
1649 1853
1649 1893
1652 1969
1653 1888
1653 1916
1660 1858
1662 1959
1667 1733
1677 1709
1678 1880
1683 1980
1685 1870
1693 1886
1693 1996
1697 1864
1705 1987
1706 1867
1707 1923
1711 1775
1712 1886
1713 1914
1715 1892
1717 1798
1717 1921
1719 1999
1721 1995
1722 1814
1723 1764
1726 1737
1726 1785
1728 1945
1728 1946
1730 1904
1731 1947
1733 1882
1734 1765
1734 1788
1739 1931
1740 1767
1740 1934
1741 1770
1742 1813
1743 1860
1749 1934
1751 1965
1758 1810
1760 1849
1763 1804
1763 1951
1773 1896
1774 1952
1777 1881
1782 1922
1784 1869
1787 1815
1787 1847
1791 1801
1796 1821
1797 1873
1807 1963
1811 1917
1815 1936
1825 1885
1830 1984
1831 1951
1834 1871
1835 1931
1836 1848
1839 1946
1842 1953
1843 1948
1846 1930
1856 1928
1861 1876
1862 1984
1868 1886
1876 1920
1877 1902
1880 1941
1888 1939
1899 1935
1901 1903
1909 1959
1940 1979
1946 1955
1947 1948
1952 1988
1974 1981
1975 1982
1982 1991
