2000 3096
64
21
11
56
32
35
72
84
62
29
47
42
59
95
48
92
28
74
78
98
45
20
91
14
37
13
65
10
51
21
72
98
90
15
58
17
36
7
43
78
54
21
100
89
28
41
43
48
83
6
4
27
68
49
49
11
40
75
61
86
84
53
25
59
77
26
44
83
22
62
50
50
68
69
63
90
98
81
2
61
83
44
85
80
73
24
73
69
70
31
96
25
77
53
68
65
45
67
29
28
7
34
87
10
79
58
4
12
42
50
59
33
11
85
12
19
87
38
81
4
9
26
79
81
11
15
90
45
39
37
86
95
97
85
73
73
67
39
78
59
26
62
59
81
52
52
65
25
53
35
100
12
82
66
30
52
32
92
60
28
69
42
11
89
70
75
42
54
58
10
53
96
29
39
72
45
79
77
78
43
23
80
48
60
16
57
3
19
14
54
18
74
90
14
40
84
21
61
82
4
88
14
92
7
81
69
52
36
67
13
47
55
52
82
78
16
93
18
62
93
6
11
95
50
75
7
28
8
17
81
100
11
95
24
83
73
48
25
73
30
69
81
49
31
62
91
2
79
73
84
67
71
88
38
70
93
22
97
23
75
34
76
61
55
65
36
33
62
35
22
50
17
63
67
43
97
57
90
13
79
99
98
76
70
54
95
24
32
50
60
16
21
80
64
48
86
14
38
22
6
89
3
47
20
6
2
64
23
65
14
1
80
48
59
34
65
69
48
71
25
58
18
64
56
51
65
98
49
87
68
65
30
33
80
63
83
92
25
80
40
98
28
41
86
33
70
48
53
23
18
24
3
2
84
57
25
78
10
93
22
53
66
84
45
79
24
32
91
11
15
10
76
61
27
3
36
35
98
94
82
97
24
82
76
5
28
13
36
24
41
56
57
47
21
65
80
12
69
42
6
66
5
76
40
14
41
30
62
22
87
51
48
87
36
77
12
16
32
89
20
78
60
15
13
56
15
95
62
19
77
14
1
69
75
60
81
71
72
60
97
74
6
33
53
77
99
66
65
43
13
62
56
48
38
90
29
66
97
92
65
70
13
34
48
50
36
60
98
25
56
55
53
8
78
22
9
42
28
51
45
97
72
54
32
95
65
79
54
89
31
3
63
74
72
15
9
83
76
30
24
46
69
17
55
53
40
26
50
39
8
86
73
47
60
53
55
39
10
9
74
27
62
37
66
11
99
50
18
51
51
53
16
89
54
48
35
4
91
80
12
58
98
5
84
19
74
24
55
99
86
52
12
50
23
87
49
78
39
99
19
15
74
5
69
66
67
54
33
61
51
45
7
97
87
20
51
89
14
90
3
59
16
95
65
87
14
58
50
62
53
79
37
19
17
27
58
18
67
48
45
73
20
15
18
23
50
86
11
63
35
94
55
98
98
89
36
59
48
70
4
31
63
57
37
47
70
30
29
23
76
85
85
31
33
10
1
37
75
26
14
7
69
5
87
91
76
55
45
80
52
95
66
84
62
99
37
46
28
65
23
78
59
57
86
88
20
18
96
46
88
7
71
67
72
10
100
94
83
3
60
31
19
38
20
95
87
17
62
82
90
9
91
80
49
51
17
35
28
63
42
95
88
81
70
63
96
64
81
37
81
81
57
17
47
16
42
71
92
86
58
78
1
16
64
67
64
64
95
60
12
31
78
98
96
32
33
7
77
81
94
12
26
84
59
32
10
41
3
31
84
68
14
76
36
100
94
44
52
7
12
83
14
48
75
60
7
29
6
9
97
40
27
17
14
42
54
17
86
76
70
5
65
42
5
37
74
75
22
27
88
48
23
92
90
91
5
15
12
38
21
72
58
22
92
18
98
73
59
80
43
13
38
52
26
67
14
57
32
94
74
5
69
37
82
93
65
9
72
57
80
81
85
17
45
80
49
81
75
87
81
12
66
52
61
52
53
96
78
85
10
94
70
32
18
94
46
12
93
38
22
4
87
23
69
90
18
87
17
54
32
16
3
55
57
65
57
4
14
38
91
39
57
7
97
95
63
74
6
12
79
1
34
55
11
45
100
68
24
58
33
72
96
42
15
93
86
33
55
2
52
30
73
46
31
96
31
67
24
55
43
95
12
72
59
93
98
93
16
20
26
26
100
7
75
14
71
31
58
99
34
77
99
33
58
27
82
53
49
51
67
25
36
36
2
89
53
27
9
25
78
58
71
43
56
54
38
92
35
35
71
59
56
62
54
8
83
20
44
17
39
88
70
4
40
85
6
15
98
61
100
10
22
22
6
55
5
73
83
60
7
62
91
60
62
99
10
11
35
94
57
73
24
18
19
42
85
62
50
21
94
14
39
57
78
2
15
76
66
66
45
37
34
45
96
45
80
29
39
84
62
10
69
92
86
30
83
27
90
86
97
7
33
27
29
78
82
55
2
82
18
42
22
88
29
73
51
46
77
31
11
19
30
82
42
73
93
1
19
71
68
10
90
8
18
63
20
99
92
40
19
21
26
67
86
57
79
62
80
67
79
35
2
56
92
98
53
84
92
42
16
69
43
15
7
4
64
10
66
58
70
80
35
33
52
62
92
7
89
94
7
64
70
58
95
1
61
44
73
96
46
89
63
95
18
63
69
41
20
2
97
18
9
47
7
45
5
83
42
2
19
80
12
78
82
72
66
95
55
14
19
48
71
61
41
66
38
46
22
65
77
89
98
76
66
40
70
76
47
57
31
50
26
47
51
26
58
68
10
17
92
83
48
54
82
45
96
66
50
73
43
55
52
68
72
71
96
21
1
37
31
43
30
2
62
79
33
57
14
51
54
24
55
87
45
33
98
61
60
15
12
51
72
95
56
95
55
15
57
82
23
69
29
75
57
89
3
55
61
2
12
39
82
84
28
22
73
83
37
77
62
94
12
19
89
69
37
26
26
89
37
75
55
13
59
87
81
24
98
49
65
76
34
31
74
36
27
84
74
1
50
95
100
6
7
82
100
75
72
86
52
51
75
29
2
91
52
64
7
93
56
55
71
78
97
90
92
24
84
41
88
70
58
96
20
19
46
72
41
84
72
20
2
1
82
15
67
85
64
67
47
20
87
31
51
46
46
76
88
95
52
59
29
11
35
82
91
97
39
100
57
73
54
94
27
39
20
6
58
83
56
84
55
57
75
15
70
56
2
97
8
80
57
54
67
78
96
11
52
60
83
16
80
83
100
12
27
19
63
76
52
28
8
2
81
7
8
30
83
71
97
59
64
100
69
94
23
14
23
42
87
32
70
86
58
76
83
20
5
43
59
36
4
81
22
61
7
89
44
41
23
20
73
44
100
19
71
59
87
10
74
4
48
42
75
34
40
85
100
56
18
23
47
69
90
12
42
16
83
65
70
27
67
21
62
67
98
100
53
38
74
10
86
15
40
72
64
85
67
22
51
69
12
69
36
3
47
66
4
62
80
91
75
3
99
26
12
25
24
50
75
75
69
51
77
36
60
41
57
55
36
84
45
19
93
89
60
43
35
76
94
31
92
34
63
100
90
14
36
35
33
65
100
47
95
13
13
67
32
50
66
13
59
42
78
42
45
65
12
96
36
60
44
73
48
36
88
44
49
55
37
64
95
94
13
68
82
50
31
71
70
2
38
97
17
58
51
58
84
52
35
32
51
88
18
52
28
46
100
12
37
27
93
62
59
70
51
16
43
50
73
33
55
83
42
2
58
3
63
40
46
97
49
94
63
64
21
41
17
89
43
95
35
38
76
75
19
25
37
37
85
16
80
49
45
97
33
3
13
14
51
7
59
92
61
98
62
97
96
14
30
74
89
17
61
79
19
38
69
68
42
51
58
58
64
66
100
56
65
23
13
32
28
70
46
45
63
60
7
59
58
52
14
70
22
15
76
78
49
42
48
73
21
86
53
81
32
63
53
40
36
69
26
81
86
2
70
39
23
100
73
6
72
66
62
12
99
67
31
49
17
61
33
37
27
23
6
14
74
53
61
39
62
2
26
49
49
75
89
65
7
93
15
57
36
34
68
71
48
84
93
38
23
25
54
70
26
16
21
17
93
72
92
2
19
96
29
23
45
41
32
64
61
14
54
12
5
38
81
85
83
98
15
95
89
76
18
52
7
94
45
78
67
55
85
4
69
66
21
22
5
75
32
33
7
2
66
92
45
48
19
38
3
64
13
53
64
99
54
90
85
84
49
6
99
52
83
25
66
76
51
90
54
89
56
7
66
52
34
96
73
69
27
11
45
84
32
35
20
65
94
27
32
28
55
35
42
9
7
100
56
95
15
27
31
5
76
97
77
96
96
18
60
41
65
52
90
24
24
55
8
10
22
86
98
31
53
49
41
15
6
19
41
31
10
76
41
96
19
86
69
24
99
65
11
99
60
73
85
80
13
74
29
6
94
44
50
63
12
15
56
76
50
73
57
69
32
44
15
6
67
49
23
87
58
4
41
85
35
99
68
21
54
77
17
23
32
94
7
22
36
94
66
49
29
50
10
5
26
61
35
96
60
77
52
15
66
7
60
1
67
27
17
74
28
91
53
83
19
87
9
0 207
0 573
0 865
0 1109
0 1113
0 1982
1 120
1 504
1 511
1 747
1 931
1 1032
1 1981
2 476
2 571
3 631
5 29
5 231
5 1078
5 1559
6 8
6 163
6 689
6 721
7 119
7 641
7 1761
8 300
8 403
8 1225
8 1339
8 1820
9 401
9 1208
9 1738
10 1105
10 1619
11 1511
11 1620
12 1363
13 1758
13 1874
15 1441
16 1204
16 1806
17 270
17 556
17 1987
18 560
18 1298
18 1541
19 461
19 1243
20 707
21 1129
21 1169
21 1186
21 1319
21 1746
21 1980
23 271
24 260
24 397
24 883
24 982
24 1009
24 1489
24 1875
25 733
26 71
26 103
26 1312
26 1471
26 1876
26 1886
27 377
27 1195
28 1093
28 1864
29 267
29 1155
29 1280
30 428
30 1124
30 1237
30 1368
30 1455
30 1548
31 884
31 1858
32 353
32 513
32 1709
32 1921
33 1151
34 243
34 1780
35 1981
37 116
37 333
37 781
38 862
38 909
38 1222
38 1359
38 1866
39 527
39 1406
39 1749
40 436
40 779
40 861
40 1253
40 1284
40 1415
40 1606
40 1863
41 947
42 473
42 995
42 1308
42 1541
42 1899
42 1909
43 767
43 1329
43 1705
44 116
44 752
44 1919
45 260
46 187
46 662
47 260
47 360
47 698
47 1045
48 772
48 1637
49 489
49 1104
49 1693
50 234
51 557
51 1173
51 1401
52 720
52 1521
52 1781
52 1996
53 485
54 87
54 487
54 495
54 904
54 1731
55 190
55 772
55 1104
55 1244
56 666
56 1196
57 973
57 1560
57 1597
57 1710
58 634
58 1353
59 126
59 366
59 722
59 1254
59 1695
60 1809
62 918
63 378
63 759
63 1044
63 1138
64 491
64 642
64 818
64 858
65 1822
66 377
66 456
67 413
67 1401
68 403
68 458
68 1830
69 491
69 505
69 1727
70 113
70 480
70 893
70 1221
70 1738
71 784
71 1263
71 1457
71 1746
72 1019
72 1029
72 1123
72 1277
72 1446
72 1543
72 1810
73 208
73 221
73 1075
73 1192
73 1200
73 1858
74 1118
74 1859
75 118
75 1047
75 1208
75 1988
76 644
76 1344
76 1693
77 232
78 250
78 388
78 814
78 1724
79 798
80 385
80 524
80 742
80 762
80 858
80 886
81 1850
82 363
82 469
82 641
82 1774
84 630
84 979
84 1321
84 1605
85 460
85 1000
85 1296
85 1682
86 697
86 1001
86 1167
87 608
87 1864
88 309
88 1544
88 1586
88 1589
88 1927
89 280
89 343
89 1186
90 571
90 633
90 787
91 859
91 1813
92 1046
93 120
93 1266
94 150
94 1566
95 273
95 408
95 527
95 728
95 731
95 738
95 1164
96 346
96 1212
96 1252
96 1319
96 1946
97 104
97 272
97 500
97 551
97 947
97 986
97 1419
97 1819
97 1908
97 1984
98 1068
98 1861
99 716
99 1160
99 1291
100 147
100 244
100 1136
100 1290
100 1452
101 1046
102 1143
102 1210
102 1430
102 1676
103 1656
103 1747
104 726
104 741
104 1738
106 960
106 973
106 1407
107 1172
107 1431
107 1591
108 1103
108 1642
108 1681
108 1731
109 617
109 645
109 1204
109 1229
109 1570
110 164
110 1216
110 1311
110 1994
111 529
111 1208
111 1633
112 888
112 1391
112 1676
112 1844
113 167
113 261
113 1224
113 1362
113 1600
113 1670
114 756
114 1195
114 1425
115 482
115 976
115 987
115 997
115 1108
115 1379
115 1646
116 648
117 655
117 1773
118 198
118 582
118 872
118 891
118 998
118 1811
118 1912
119 330
119 512
119 976
119 1444
119 1506
119 1849
119 1996
120 1364
121 525
121 664
121 1575
121 1781
121 1957
122 996
122 1147
122 1467
122 1574
123 282
123 694
124 1699
124 1829
125 1896
126 128
127 1143
127 1405
127 1920
128 896
128 915
128 1524
129 505
129 881
129 892
129 1076
129 1702
129 1777
130 352
130 522
130 1242
130 1273
130 1580
131 929
131 1331
131 1555
131 1752
132 139
133 836
133 1162
133 1259
133 1793
134 258
134 1449
135 398
135 1525
136 144
136 202
136 309
136 550
136 964
136 1224
136 1884
137 459
137 1384
138 902
139 1073
139 1274
139 1781
140 777
140 879
140 881
140 1016
140 1122
141 802
141 1435
142 567
142 1602
142 1718
143 223
143 1171
143 1793
143 1984
144 1717
145 1012
145 1121
145 1595
145 1721
146 400
146 496
146 559
146 695
146 1056
146 1409
146 1930
147 1090
147 1329
147 1373
147 1575
147 1970
148 183
148 842
148 1365
148 1427
149 373
149 376
149 425
149 1536
149 1562
149 1778
151 429
151 829
151 1627
152 1516
152 1719
153 886
154 194
154 674
154 1010
154 1581
154 1633
155 642
156 223
156 1332
156 1454
156 1472
157 516
157 1095
157 1259
157 1969
158 273
158 1158
158 1260
158 1289
159 478
159 1250
160 358
160 399
161 1732
162 1318
162 1488
163 402
163 1559
164 198
164 919
164 1953
165 270
165 1308
165 1317
165 1366
166 571
166 901
167 751
167 1134
167 1326
167 1465
168 762
168 1668
169 356
169 444
169 500
169 1459
169 1520
170 220
170 588
170 1825
171 1307
171 1634
171 1697
172 190
172 1463
173 205
173 1138
173 1587
175 745
175 1766
176 328
176 812
176 1115
176 1260
176 1908
177 1652
178 293
178 1098
178 1242
179 1006
179 1401
179 1495
179 1519
180 398
180 473
180 1025
180 1603
181 342
181 441
181 1130
181 1322
181 1648
182 186
183 777
183 886
183 1053
183 1906
183 1939
184 1587
184 1670
184 1889
184 1961
185 691
185 723
185 1127
185 1239
186 736
186 1152
186 1722
187 333
187 830
187 1741
188 778
188 1103
188 1295
189 306
189 744
189 982
190 352
190 832
190 1683
190 1852
191 277
191 1267
191 1516
192 246
193 1047
194 863
194 1334
194 1473
194 1891
195 496
195 912
195 1664
195 1767
196 489
196 640
196 773
196 1043
196 1076
197 1660
197 1973
198 578
198 1194
198 1724
199 1328
200 497
200 668
200 1075
200 1290
200 1472
200 1554
200 1559
200 1580
201 696
201 887
201 954
202 1088
202 1275
202 1900
203 1335
204 459
204 749
204 1658
204 1674
204 1775
205 752
205 808
205 1427
206 1203
207 730
207 959
207 1223
207 1415
208 758
209 1201
210 647
210 801
210 821
211 305
211 450
211 731
211 912
211 916
211 1673
211 1692
211 1774
211 1805
212 419
212 665
213 449
213 545
213 588
213 878
214 256
214 616
215 1408
215 1472
215 1714
216 853
216 1655
216 1668
217 533
217 610
217 1692
217 1948
218 1292
218 1405
218 1487
218 1835
218 1920
219 735
219 1550
219 1760
220 942
220 1357
220 1854
221 327
221 804
221 1509
221 1868
222 739
222 863
222 1178
223 485
223 722
223 936
223 1982
224 470
224 521
224 1866
225 837
225 844
225 1682
226 908
227 1030
227 1185
228 270
229 514
229 1074
229 1289
229 1894
230 1544
231 353
231 1552
231 1957
232 849
232 1031
232 1757
233 1231
234 417
234 832
234 1299
234 1413
234 1501
234 1786
235 333
235 353
235 709
235 1396
236 444
236 805
236 826
237 902
238 997
238 1093
238 1725
239 332
240 1627
240 1786
241 1791
242 273
243 748
243 783
243 1740
244 664
244 682
245 305
245 485
245 1061
246 367
246 1958
247 319
247 537
247 1300
247 1389
247 1749
247 1984
248 522
248 748
248 1133
248 1243
249 1365
249 1622
250 1934
251 455
251 1057
251 1506
252 1083
253 1607
253 1986
254 283
255 655
256 1284
256 1925
256 1989
257 1367
257 1477
257 1650
257 1739
258 943
259 715
259 1007
259 1389
260 396
260 670
260 716
260 823
260 1493
261 1063
261 1460
261 1946
262 443
262 1064
262 1562
262 1722
263 761
263 1098
263 1275
265 673
265 1622
266 539
266 633
266 1944
268 1160
268 1495
269 386
270 982
270 1493
270 1727
271 322
271 723
271 1010
271 1136
271 1628
272 658
272 1754
272 1837
273 632
273 1698
273 1947
274 1481
274 1669
275 456
275 618
275 682
275 1082
276 435
276 1305
276 1310
276 1626
277 1672
277 1869
278 466
278 1021
278 1127
278 1823
279 752
279 859
279 1916
280 575
280 633
280 1213
281 1288
281 1767
282 624
283 538
283 625
283 657
284 340
284 763
284 854
284 1035
284 1394
285 1324
286 612
286 1258
287 1036
287 1236
287 1905
288 373
288 405
288 786
288 831
289 306
289 1229
289 1321
289 1382
290 600
290 617
290 1701
291 467
291 524
291 751
291 931
291 1331
291 1922
292 623
292 965
292 1514
293 463
293 846
293 1204
293 1443
294 324
294 618
295 330
295 373
295 562
295 651
295 1367
295 1750
296 1038
296 1196
296 1700
297 327
297 660
297 1079
297 1534
299 694
299 863
299 1316
299 1608
299 1940
300 1016
300 1287
300 1308
300 1348
301 340
301 563
301 887
301 947
301 999
301 1067
301 1315
301 1916
302 671
302 1390
303 1912
304 1226
304 1779
304 1984
305 770
305 1226
305 1259
305 1606
306 1035
306 1145
307 531
307 810
307 1325
307 1390
307 1547
308 1264
309 1453
309 1793
310 1653
311 1936
312 348
312 812
312 1634
312 1720
313 868
314 972
314 1065
314 1293
314 1584
316 1247
316 1747
317 1746
318 811
318 1536
319 1715
319 1905
320 1429
320 1642
320 1914
321 523
321 1346
321 1520
322 378
322 461
322 529
322 1443
322 1904
322 1966
323 1927
324 833
325 783
326 494
326 1734
327 380
327 710
327 849
327 873
327 1413
327 1971
328 999
328 1723
328 1926
330 1258
330 1316
331 706
331 873
331 957
332 773
333 551
333 1196
333 1436
333 1926
334 411
334 587
334 632
334 1810
335 358
335 478
335 808
335 814
335 1352
335 1430
336 1179
336 1430
336 1481
337 598
337 602
337 853
337 1771
338 538
338 1009
338 1650
339 1429
339 1719
340 765
340 873
340 1621
341 998
341 1008
341 1501
342 1024
342 1190
342 1722
343 554
343 1588
343 1714
343 1762
343 1854
344 872
344 923
344 1080
344 1498
344 1575
344 1652
345 461
345 1189
346 1310
346 1453
347 878
347 912
347 1201
347 1236
347 1963
348 836
348 1408
348 1498
348 1759
349 371
349 1211
350 1739
351 1205
351 1309
351 1472
351 1748
352 392
352 820
352 1008
352 1133
353 665
354 901
354 1434
355 728
355 1010
355 1579
356 1395
357 765
357 1279
358 775
358 967
359 1506
359 1799
360 412
360 1200
361 1221
361 1827
361 1931
362 396
363 603
363 689
363 728
363 1531
363 1701
364 421
364 1277
364 1596
364 1846
366 1309
366 1742
367 1556
368 454
369 525
369 1095
369 1495
371 624
371 977
371 1491
371 1559
372 540
372 828
373 386
373 1377
373 1792
374 1251
374 1704
375 754
375 893
375 1052
375 1724
375 1744
376 380
376 715
376 1312
376 1751
376 1932
376 1967
377 1652
377 1958
377 1979
378 478
378 920
378 1209
378 1299
378 1616
378 1699
379 1092
379 1202
381 703
381 1780
382 605
382 1616
383 586
383 1653
383 1675
385 769
385 1739
386 675
386 1242
386 1646
387 988
387 1712
388 557
388 1446
389 951
390 1417
391 447
391 1069
391 1538
391 1640
391 1676
391 1764
392 452
393 933
393 1660
394 641
395 550
396 988
396 1267
396 1478
397 456
397 668
397 711
397 1930
397 1983
398 429
398 1045
398 1660
399 499
399 1690
400 765
400 1156
403 592
403 837
403 1677
403 1816
404 1033
404 1397
405 475
405 500
405 1624
405 1810
406 1479
406 1778
408 778
408 1024
408 1797
409 1401
410 906
410 1246
410 1280
411 825
411 1304
411 1813
412 592
412 1510
413 719
413 1376
413 1405
414 885
414 956
415 862
415 951
415 1045
415 1068
416 924
416 1706
417 439
417 832
417 1607
418 458
418 951
418 1112
419 838
419 1034
419 1343
420 1074
420 1822
421 668
421 964
422 1200
423 511
423 1060
424 1470
424 1520
424 1974
424 1984
425 564
426 659
426 764
426 1181
426 1262
427 936
428 1285
428 1645
428 1667
429 1032
429 1175
429 1645
430 683
431 1287
431 1703
432 901
432 1355
432 1637
433 922
433 1652
434 480
434 1524
435 450
435 600
435 1263
436 683
436 730
436 1099
436 1744
437 870
437 1322
437 1968
438 828
438 853
438 1481
439 713
439 1689
439 1960
440 548
441 926
441 1303
441 1831
442 660
442 1089
442 1277
442 1552
443 691
443 1205
444 1202
444 1480
444 1499
444 1730
445 714
446 847
446 1017
446 1114
446 1510
446 1792
447 1414
447 1661
448 1250
448 1627
449 589
449 1115
449 1465
450 1101
451 700
451 866
451 1463
452 1064
452 1288
452 1476
452 1826
453 1443
453 1655
455 1226
455 1364
455 1741
457 847
457 933
457 1341
457 1454
457 1827
458 1282
459 643
459 907
459 1056
459 1866
460 718
460 1819
461 1041
461 1825
461 1932
461 1986
462 1105
462 1214
463 1744
464 521
464 1591
465 775
465 1710
466 1020
466 1653
466 1819
467 723
467 1173
467 1705
468 486
468 1001
468 1354
469 728
470 551
470 1035
471 804
471 1227
471 1840
472 1076
472 1796
473 1490
473 1629
474 732
474 1906
475 609
475 697
475 780
475 1103
475 1314
476 519
476 861
476 1597
477 1856
478 1161
478 1388
478 1484
479 1034
479 1223
479 1346
479 1547
479 1625
480 601
481 504
481 679
481 825
481 876
481 1586
482 1679
483 496
483 1131
483 1258
483 1960
484 980
484 1784
485 900
486 592
486 941
486 1452
487 1936
488 1526
489 1503
490 707
490 1510
491 542
491 852
491 1000
491 1323
491 1538
491 1543
492 1237
492 1536
493 816
493 830
493 857
493 1521
494 886
494 939
494 1784
496 1202
497 997
497 1590
497 1874
498 1531
499 780
500 788
500 1273
500 1927
501 1240
502 1442
502 1984
503 580
503 1152
503 1650
503 1950
504 629
504 1520
504 1562
504 1629
505 993
506 735
507 1022
507 1925
508 693
508 1225
509 1839
510 978
511 858
511 860
511 1169
512 704
512 944
512 1130
512 1212
513 1340
513 1425
513 1929
514 1115
514 1712
514 1821
514 1847
515 1711
515 1799
515 1866
515 1902
516 786
516 855
516 1293
516 1369
516 1441
516 1594
517 799
518 1316
518 1865
518 1925
518 1949
518 1999
519 537
520 716
520 915
520 1531
521 1123
521 1216
522 1959
523 999
523 1053
523 1190
523 1353
524 653
525 1606
525 1613
526 1011
527 1407
527 1459
527 1760
528 1498
528 1940
528 1982
529 1473
529 1947
530 1255
530 1434
531 813
532 675
532 1052
534 1109
534 1927
534 1961
535 1264
535 1398
536 870
536 1891
537 1347
537 1517
538 1075
538 1514
538 1523
539 859
539 983
539 1070
539 1647
540 605
540 1363
542 784
542 1218
542 1989
543 841
543 1996
544 601
544 1164
544 1356
544 1470
545 918
545 995
545 1130
545 1842
546 803
546 889
546 1511
546 1540
546 1933
547 1435
547 1802
548 836
548 1613
548 1891
549 684
549 1110
549 1568
550 969
550 1737
550 1803
552 678
552 1580
552 1914
553 983
553 1779
554 997
554 1316
554 1515
555 1769
556 708
556 725
556 968
556 1218
556 1482
556 1483
557 942
557 1518
558 654
558 1339
558 1545
560 862
560 999
560 1121
562 989
562 1353
563 1626
563 1650
564 928
564 1237
564 1428
565 881
567 805
567 1245
567 1399
568 1904
568 1910
569 1137
569 1584
569 1811
569 1911
569 1939
570 1352
570 1513
571 576
571 860
572 606
572 1107
573 956
573 1817
573 1834
574 1159
574 1338
575 638
576 715
576 1137
576 1322
576 1338
577 1066
578 1360
578 1498
578 1820
579 1023
579 1529
579 1787
579 1812
579 1882
580 863
580 1057
581 827
581 1136
581 1310
581 1968
583 827
583 1238
584 693
584 724
584 786
585 769
585 1306
585 1761
586 744
586 1508
587 1488
587 1496
587 1865
587 1867
588 1111
588 1455
589 616
590 803
590 1964
591 969
592 795
592 1508
592 1768
592 1905
593 1798
595 1323
596 839
596 1075
597 747
598 1087
598 1201
599 887
599 1443
600 614
600 1068
600 1638
602 642
603 834
603 1080
603 1085
603 1181
603 1841
604 1299
604 1713
605 957
605 1858
606 701
606 1889
607 1815
608 637
608 1156
609 1419
610 665
611 834
611 1687
611 1800
612 962
612 1549
613 953
614 1483
614 1595
614 1666
615 1018
615 1104
616 1583
616 1858
617 938
617 1666
619 1912
619 1941
620 627
620 784
620 1174
620 1562
621 864
621 1984
622 1320
622 1903
623 823
623 1284
624 954
624 1337
624 1424
624 1505
627 960
627 1103
627 1574
628 793
628 856
628 1194
628 1425
628 1744
629 732
629 1628
629 1763
629 1907
630 893
630 1138
631 815
631 1602
631 1744
632 988
632 1280
632 1487
632 1878
633 1495
633 1958
633 1979
634 1349
635 1140
635 1222
635 1577
636 1142
636 1720
636 1765
636 1836
637 1343
638 1623
639 1379
640 748
640 1113
640 1378
641 684
641 1347
641 1391
641 1458
641 1531
641 1540
642 787
642 831
643 1632
644 1129
645 1573
645 1645
646 1875
647 1596
647 1861
647 1866
648 1070
649 668
650 1425
651 1789
651 1790
652 868
652 1904
653 1207
653 1224
653 1226
653 1487
653 1795
653 1943
654 1169
654 1172
654 1297
654 1795
655 1604
657 1446
658 855
658 1707
658 1928
659 722
659 990
659 1493
659 1580
660 924
661 1437
661 1993
662 1483
662 1833
663 938
663 1455
663 1497
664 1259
664 1657
664 1672
664 1677
664 1953
665 824
665 1006
666 936
666 1642
667 828
667 1656
668 800
668 802
668 1082
668 1089
668 1502
669 827
669 1021
670 1479
670 1854
672 978
672 1110
672 1625
674 797
675 852
675 1654
676 1718
678 1117
679 1153
680 1015
680 1701
681 882
681 1337
681 1825
682 847
682 1095
682 1502
682 1603
683 750
685 771
685 1183
685 1844
686 1335
686 1749
687 1283
689 840
689 1229
689 1251
690 1462
692 755
692 1278
692 1743
693 1560
694 763
695 1213
695 1312
695 1599
696 707
696 907
696 1039
696 1723
697 807
697 1001
697 1671
698 1153
699 856
699 866
699 1091
699 1964
700 1180
700 1689
701 903
702 1061
702 1449
702 1525
704 1182
704 1278
704 1683
705 1230
705 1679
706 740
706 981
708 1200
708 1510
709 780
709 1009
709 1398
710 1319
710 1684
711 779
711 1196
711 1362
711 1470
711 1837
712 965
714 1207
715 748
715 1706
716 756
716 1874
717 898
717 1847
718 733
718 1465
719 1505
720 1400
721 1059
721 1244
721 1947
723 906
723 1754
723 1814
724 1201
724 1525
724 1559
724 1782
725 1007
725 1680
727 1723
728 1148
728 1161
728 1202
728 1410
730 1661
730 1797
731 937
731 965
731 1108
731 1347
732 747
732 1350
732 1661
732 1922
732 1960
734 1475
734 1843
734 1978
737 1448
739 759
739 1562
739 1734
740 1120
740 1321
741 1317
742 1974
743 1053
743 1595
743 1883
744 988
744 1537
745 1096
745 1200
745 1369
745 1666
747 845
747 1297
747 1715
748 804
748 1411
749 1268
749 1619
750 1146
750 1251
750 1880
751 837
751 1928
752 859
752 1294
752 1862
753 766
753 1209
753 1224
753 1422
754 1607
754 1872
755 980
756 997
757 1137
758 762
758 1601
759 1427
759 1500
760 810
760 1150
760 1344
760 1791
761 1506
761 1608
762 799
762 1381
762 1453
763 764
763 1295
763 1654
765 869
765 1180
765 1962
766 845
766 1826
767 1731
767 1783
767 1902
768 1012
768 1682
768 1797
769 796
770 943
770 962
770 1861
771 1195
772 1261
772 1426
772 1624
772 1632
773 1009
773 1295
775 1083
775 1855
776 877
776 1154
776 1838
777 1188
778 827
778 1134
778 1374
779 1044
779 1132
779 1373
780 1195
780 1223
780 1824
781 911
782 820
782 852
782 1612
782 1870
783 1101
783 1539
784 860
784 1227
784 1343
784 1513
784 1652
785 1693
785 1821
786 891
786 1253
786 1903
787 978
787 1135
787 1798
788 918
789 1636
790 1103
790 1285
790 1462
790 1940
791 1056
791 1500
791 1537
792 1586
794 933
796 1356
797 1363
797 1722
797 1744
798 1786
800 1354
800 1677
800 1790
800 1858
802 1028
802 1383
802 1813
803 1943
804 971
804 1218
804 1259
804 1580
806 1208
806 1268
806 1446
806 1777
807 1389
808 1482
808 1946
809 986
809 1069
810 1245
810 1811
811 1399
811 1814
812 826
812 1518
813 1033
813 1168
813 1927
814 1077
815 1689
815 1696
815 1810
815 1998
816 1764
816 1821
817 1018
818 1249
818 1487
818 1599
819 1188
819 1875
819 1928
820 1903
823 949
823 1096
823 1550
825 1128
825 1541
827 1997
828 896
828 1117
829 1957
830 1245
830 1416
830 1721
831 1701
831 1776
832 1721
833 1170
833 1620
834 1409
834 1790
835 893
835 1026
835 1096
835 1868
836 1309
836 1824
836 1988
837 1300
837 1763
838 1575
839 960
839 1511
839 1907
841 1430
841 1566
842 1584
842 1891
842 1993
843 1072
843 1840
845 941
845 1575
846 1388
846 1955
847 1075
847 1274
847 1759
848 1367
850 1796
852 1109
853 1392
853 1751
853 1986
854 1238
855 1416
855 1757
857 1494
860 920
860 1448
860 1500
861 1977
862 1266
862 1531
864 1392
864 1990
865 1648
866 1754
867 1731
867 1809
869 1209
869 1597
870 924
870 937
870 1180
871 1231
871 1313
872 1041
872 1105
872 1368
872 1969
873 1430
874 1250
874 1306
874 1407
875 1102
875 1380
875 1542
875 1622
877 1490
877 1563
879 1493
879 1945
881 1854
882 1931
883 1074
884 1146
884 1548
884 1707
885 895
885 1524
885 1883
886 1575
887 1026
888 1147
889 1174
890 1747
891 989
892 1905
893 1886
894 1253
897 1030
897 1277
897 1524
897 1699
897 1855
898 1036
898 1125
898 1441
902 1078
903 1453
904 979
905 1984
906 1216
907 985
907 1590
907 1882
907 1930
908 1437
909 1100
910 1668
911 981
911 1128
911 1310
911 1332
911 1801
911 1823
914 1008
914 1334
915 1523
916 1708
916 1837
917 1259
917 1362
918 1141
918 1431
918 1615
920 1108
920 1129
920 1631
921 1693
921 1907
922 1130
922 1894
923 982
923 1178
923 1191
923 1296
923 1745
924 1526
925 1123
925 1390
926 1877
927 1269
927 1634
928 1045
928 1345
928 1605
929 1631
931 1126
931 1928
932 1131
932 1590
932 1983
934 956
936 1036
937 1297
937 1361
937 1975
938 1725
940 1701
943 1616
945 1901
947 1749
947 1911
948 1492
948 1715
949 1521
949 1939
950 1294
951 960
951 976
951 1370
951 1764
952 1323
952 1436
953 978
953 1199
953 1616
955 993
955 1365
955 1987
956 1005
957 1503
957 1515
957 1596
957 1707
958 1367
958 1959
960 1748
961 1734
962 1230
962 1661
962 1886
964 1542
967 1073
967 1592
967 1835
968 1269
968 1392
968 1552
968 1775
969 1905
971 1381
972 1088
975 1016
976 1749
976 1758
977 1517
977 1577
977 1667
978 1644
979 1114
979 1683
979 1782
980 1634
981 1142
981 1731
982 1183
982 1564
983 1456
985 1402
986 1544
987 1405
987 1818
987 1866
989 1028
990 1150
991 1452
991 1635
992 1438
993 1067
994 1690
994 1894
995 1785
996 1860
997 1273
998 1031
999 1861
1001 1154
1002 1542
1003 1808
1004 1799
1005 1258
1006 1098
1006 1919
1007 1246
1008 1084
1008 1832
1009 1582
1010 1496
1010 1948
1011 1120
1011 1260
1013 1204
1013 1981
1015 1131
1015 1282
1016 1371
1017 1382
1017 1591
1017 1830
1018 1193
1018 1265
1019 1453
1019 1684
1019 1793
1020 1826
1020 1864
1021 1444
1021 1755
1021 1924
1023 1039
1023 1778
1024 1034
1024 1195
1025 1380
1026 1096
1029 1171
1029 1652
1030 1569
1030 1719
1031 1084
1031 1163
1031 1259
1031 1271
1031 1571
1032 1740
1034 1499
1034 1868
1034 1956
1034 1968
1036 1687
1037 1354
1037 1487
1037 1557
1037 1822
1039 1278
1039 1452
1042 1542
1043 1519
1044 1124
1044 1444
1046 1684
1047 1839
1047 1937
1047 1968
1048 1180
1048 1783
1048 1804
1050 1672
1051 1207
1051 1498
1051 1845
1051 1974
1052 1231
1052 1710
1053 1490
1053 1800
1054 1090
1054 1597
1055 1860
1055 1950
1056 1204
1056 1619
1056 1773
1058 1455
1058 1602
1059 1898
1060 1659
1061 1075
1062 1507
1063 1746
1065 1140
1065 1214
1065 1402
1065 1699
1065 1945
1065 1995
1066 1096
1067 1321
1067 1618
1067 1686
1070 1188
1072 1282
1075 1281
1076 1096
1076 1946
1077 1352
1077 1442
1078 1688
1080 1563
1080 1622
1082 1724
1083 1195
1083 1904
1084 1437
1085 1612
1085 1896
1085 1906
1089 1260
1091 1188
1092 1286
1092 1493
1094 1881
1095 1528
1096 1630
1096 1786
1098 1385
1099 1689
1099 1937
1101 1490
1102 1235
1103 1683
1103 1753
1104 1379
1104 1505
1104 1710
1105 1488
1105 1677
1105 1706
1106 1679
1107 1967
1109 1349
1109 1425
1111 1198
1113 1254
1114 1179
1114 1780
1114 1930
1116 1161
1116 1241
1116 1866
1117 1143
1118 1795
1118 1873
1118 1969
1119 1500
1119 1618
1119 1639
1119 1776
1119 1824
1119 1934
1120 1848
1121 1645
1123 1177
1123 1262
1123 1290
1124 1620
1124 1996
1125 1378
1127 1732
1128 1954
1129 1524
1130 1397
1130 1550
1131 1282
1131 1575
1131 1850
1133 1529
1133 1991
1134 1380
1134 1652
1134 1992
1135 1283
1137 1527
1137 1675
1138 1596
1138 1630
1138 1797
1138 1997
1140 1204
1140 1260
1142 1496
1142 1597
1143 1148
1143 1331
1143 1712
1145 1184
1145 1231
1145 1468
1145 1937
1147 1796
1150 1199
1151 1445
1152 1560
1152 1831
1153 1867
1154 1376
1154 1845
1155 1507
1156 1414
1156 1435
1156 1929
1157 1434
1158 1209
1159 1703
1160 1206
1161 1304
1163 1371
1163 1536
1163 1962
1165 1898
1165 1930
1166 1179
1168 1320
1169 1480
1169 1825
1170 1997
1172 1497
1172 1592
1173 1339
1173 1554
1177 1189
1178 1847
1179 1515
1180 1597
1180 1740
1181 1195
1181 1365
1181 1565
1181 1650
1185 1430
1185 1454
1185 1651
1187 1238
1187 1494
1187 1662
1188 1972
1190 1351
1190 1393
1190 1798
1191 1523
1191 1618
1191 1709
1191 1892
1192 1981
1194 1457
1195 1313
1195 1380
1196 1410
1196 1866
1197 1689
1199 1598
1200 1284
1200 1931
1201 1860
1203 1671
1205 1632
1206 1524
1206 1654
1208 1338
1208 1391
1209 1735
1210 1461
1210 1670
1211 1416
1212 1822
1213 1875
1215 1425
1215 1457
1216 1351
1216 1887
1217 1745
1217 1769
1218 1825
1219 1973
1220 1622
1220 1869
1222 1277
1222 1718
1222 1943
1223 1435
1223 1627
1223 1650
1223 1663
1224 1808
1226 1996
1227 1587
1228 1239
1231 1745
1232 1527
1233 1900
1234 1927
1235 1361
1237 1270
1239 1340
1242 1989
1243 1302
1243 1704
1244 1557
1245 1264
1246 1448
1247 1908
1250 1445
1250 1679
1250 1700
1251 1378
1251 1716
1253 1288
1253 1682
1254 1699
1254 1882
1255 1777
1255 1990
1256 1443
1256 1656
1257 1829
1261 1285
1261 1975
1262 1518
1263 1844
1264 1654
1265 1622
1265 1823
1266 1886
1266 1928
1268 1511
1268 1896
1270 1272
1270 1828
1271 1731
1272 1635
1272 1791
1273 1990
1275 1909
1277 1566
1277 1629
1277 1665
1279 1336
1281 1296
1281 1980
1282 1347
1282 1700
1283 1912
1284 1379
1284 1467
1285 1349
1286 1288
1294 1664
1295 1436
1295 1451
1295 1898
1298 1639
1298 1807
1299 1622
1299 1717
1300 1619
1300 1687
1301 1828
1302 1346
1302 1440
1302 1907
1304 1424
1304 1517
1304 1931
1306 1726
1307 1590
1309 1717
1309 1840
1309 1877
1310 1343
1310 1740
1312 1699
1312 1739
1313 1652
1314 1467
1314 1847
1314 1933
1315 1596
1315 1895
1315 1975
1316 1833
1317 1340
1317 1822
1320 1519
1320 1885
1321 1836
1324 1915
1324 1998
1325 1421
1326 1668
1327 1426
1331 1703
1331 1785
1332 1806
1332 1871
1334 1848
1336 1511
1336 1821
1336 1946
1337 1618
1337 1744
1337 1991
1338 1519
1340 1574
1340 1631
1340 1883
1342 1807
1343 1898
1344 1871
1345 1698
1346 1538
1347 1703
1347 1704
1348 1381
1348 1580
1349 1686
1349 1730
1350 1558
1350 1566
1351 1518
1351 1537
1351 1790
1351 1943
1351 1948
1352 1644
1353 1662
1354 1905
1357 1524
1357 1630
1357 1924
1359 1429
1360 1419
1360 1520
1360 1906
1361 1506
1361 1637
1361 1863
1361 1918
1361 1987
1364 1465
1364 1662
1365 1777
1368 1488
1368 1506
1371 1385
1372 1708
1373 1503
1373 1867
1374 1465
1374 1521
1376 1651
1377 1414
1378 1411
1378 1722
1381 1786
1382 1410
1384 1934
1386 1645
1387 1812
1387 1948
1388 1510
1389 1983
1392 1591
1393 1736
1393 1963
1393 1976
1395 1406
1397 1588
1400 1937
1402 1790
1402 1835
1404 1430
1404 1890
1405 1494
1405 1706
1405 1882
1408 1742
1409 1542
1409 1933
1411 1577
1411 1832
1413 1988
1413 1996
1414 1824
1415 1491
1415 1828
1415 1959
1417 1781
1418 1863
1419 1426
1419 1575
1420 1744
1420 1834
1421 1798
1421 1854
1422 1525
1422 1682
1424 1611
1426 1515
1426 1613
1430 1661
1432 1561
1432 1690
1435 1593
1435 1925
1439 1949
1440 1959
1443 1856
1444 1666
1445 1491
1445 1508
1446 1719
1448 1658
1450 1705
1450 1934
1451 1552
1452 1543
1454 1998
1455 1807
1457 1686
1460 1997
1461 1872
1462 1776
1462 1837
1466 1588
1466 1717
1470 1891
1471 1981
1472 1729
1474 1674
1477 1683
1482 1484
1484 1750
1488 1513
1488 1630
1490 1986
1493 1886
1494 1593
1495 1534
1495 1591
1496 1946
1497 1626
1497 1629
1498 1850
1503 1655
1504 1734
1504 1875
1505 1563
1505 1657
1509 1663
1510 1770
1512 1884
1513 1858
1513 1996
1515 1971
1518 1561
1518 1760
1520 1800
1520 1818
1521 1646
1522 1652
1522 1704
1523 1628
1524 1569
1526 1568
1526 1701
1527 1532
1527 1653
1527 1778
1527 1882
1527 1912
1528 1897
1529 1591
1529 1819
1529 1854
1530 1974
1530 1993
1531 1767
1531 1845
1531 1846
1534 1687
1534 1981
1536 1633
1540 1633
1540 1760
1544 1695
1545 1588
1547 1866
1549 1870
1550 1613
1550 1930
1552 1658
1554 1846
1555 1805
1558 1717
1559 1644
1560 1715
1562 1818
1563 1809
1564 1960
1570 1646
1575 1693
1578 1629
1578 1946
1582 1791
1582 1839
1584 1789
1587 1758
1587 1838
1588 1848
1590 1762
1590 1790
1590 1889
1591 1738
1592 1960
1594 1715
1594 1814
1595 1606
1595 1778
1596 1954
1597 1957
1600 1948
1602 1903
1602 1977
1605 1736
1606 1703
1607 1977
1608 1727
1608 1973
1609 1857
1609 1885
1610 1696
1610 1943
1612 1861
1614 1901
1615 1973
1615 1985
1622 1670
1622 1768
1622 1863
1624 1996
1625 1874
1626 1772
1626 1960
1630 1934
1637 1766
1644 1714
1644 1958
1647 1818
1648 1783
1649 1981
1650 1659
1652 1724
1656 1802
1657 1687
1657 1959
1662 1907
1664 1704
1668 1936
1668 1951
1669 1812
1670 1939
1671 1996
1673 1774
1677 1874
1678 1837
1680 1882
1680 1966
1681 1872
1685 1907
1691 1873
1693 1763
1694 1721
1694 1843
1697 1768
1699 1934
1701 1805
1706 1715
1708 1771
1708 1959
1709 1867
1712 1742
1712 1829
1712 1927
1714 1988
1719 1800
1720 1789
1724 1802
1724 1927
1725 1900
1729 1832
1732 1817
1733 1987
1739 1907
1741 1803
1742 1873
1742 1877
1750 1838
1756 1960
1760 1970
1764 1773
1769 1885
1774 1857
1775 1869
1787 1821
1795 1993
1810 1930
1815 1833
1816 1826
1818 1905
1822 1907
1822 1996
1823 1908
1825 1888
1826 1916
1833 1857
1834 1886
1846 1880
1848 1932
1864 1974
1871 1936
1875 1919
1876 1982
1886 1975
1889 1963
1892 1927
1894 1918
1901 1947
1905 1988
1906 1987
1921 1976
1928 1946
1930 1953
1937 1999
1939 1991
1941 1983
1945 1978
1969 1973
