2000 3059
61
78
86
20
21
46
21
33
18
60
74
11
36
11
95
46
11
59
2
85
94
42
91
35
29
34
81
33
72
57
100
18
95
74
13
86
11
86
92
10
34
84
61
77
78
97
51
77
43
29
72
58
45
43
23
66
7
17
51
15
7
29
62
12
32
76
18
71
29
8
27
88
46
83
65
33
73
47
74
58
95
36
33
3
37
9
68
77
75
100
29
30
1
66
44
73
76
91
85
85
53
90
62
85
39
78
24
82
61
82
11
89
6
19
16
4
77
21
51
43
41
41
53
93
14
11
61
71
83
100
10
12
79
96
86
51
15
60
57
100
99
39
69
7
90
65
97
9
4
62
10
87
54
99
55
70
93
96
2
59
6
86
6
57
21
37
53
47
33
72
45
37
36
90
5
27
34
23
22
91
33
66
54
17
41
59
98
88
85
72
89
91
40
83
38
82
25
33
92
6
36
67
40
52
22
79
13
47
86
6
35
53
35
29
15
51
40
11
81
74
95
39
49
72
59
67
77
43
11
10
47
21
43
3
7
14
15
40
55
60
82
13
73
16
27
68
81
98
70
61
13
20
95
67
76
57
84
19
23
30
67
49
1
49
3
83
32
71
70
6
93
15
41
7
79
87
98
56
72
81
53
85
48
55
37
28
54
4
41
90
15
93
45
47
77
86
31
100
43
81
16
68
82
15
27
8
67
38
72
16
66
30
85
57
92
98
89
60
51
17
65
44
60
61
4
43
95
72
55
82
18
30
45
93
34
90
28
17
66
86
44
52
42
95
23
1
61
11
53
61
72
95
13
79
14
54
71
54
100
86
79
28
54
98
48
99
45
29
67
56
43
71
70
73
39
42
67
5
16
36
60
45
19
31
92
78
32
24
76
74
42
77
36
28
77
80
91
69
26
66
49
58
99
71
3
40
1
72
81
36
45
18
57
24
70
87
67
93
8
88
22
55
49
30
30
15
13
46
3
2
84
51
49
62
59
75
39
23
72
93
91
20
26
69
75
100
1
35
1
34
61
98
43
97
25
24
77
2
94
87
58
29
23
31
17
50
89
66
40
96
86
48
74
48
57
32
45
63
89
75
78
20
34
38
7
65
69
64
89
6
67
53
62
50
16
18
8
95
64
81
29
61
30
85
78
86
76
65
54
83
2
61
91
24
2
94
71
97
41
20
75
42
32
98
55
93
74
74
71
54
27
23
24
16
98
58
78
87
84
33
5
80
17
53
36
58
42
95
3
26
81
78
75
74
43
39
77
74
6
80
59
93
22
69
89
20
92
49
81
66
17
46
85
100
99
17
97
76
78
71
2
77
71
64
60
78
34
76
5
59
31
95
97
10
64
84
99
29
3
94
96
22
7
77
3
94
90
54
10
47
13
73
43
13
47
98
73
65
26
31
59
72
71
57
55
85
25
68
10
72
15
56
28
42
33
78
45
63
36
65
45
28
78
43
64
50
31
78
98
95
76
16
38
7
50
9
41
44
76
22
81
43
85
22
99
52
41
100
23
60
14
83
89
92
13
7
68
59
9
54
59
95
26
60
96
98
60
74
44
91
41
45
36
16
13
81
68
26
13
88
47
72
57
89
10
94
64
25
38
22
94
55
78
1
32
60
41
88
37
83
84
44
47
10
83
99
75
25
46
73
100
22
53
96
46
32
54
12
30
44
37
47
81
70
74
93
94
3
84
88
30
76
27
47
50
82
6
78
80
83
98
41
43
75
8
7
39
97
7
16
66
60
54
99
73
31
68
46
47
18
29
89
50
27
27
81
80
96
47
28
57
43
4
85
66
90
52
78
91
85
72
40
71
94
7
43
77
9
8
95
99
44
76
90
37
84
24
52
7
64
79
84
74
69
21
60
77
53
50
4
68
29
78
82
64
65
20
31
38
24
57
7
5
56
87
52
39
74
74
26
47
87
17
9
20
11
3
58
96
6
23
77
15
72
51
3
53
80
94
36
33
64
28
99
48
1
62
91
34
82
84
57
1
75
90
56
64
63
38
31
64
38
51
33
74
72
5
29
69
43
89
40
23
57
54
49
63
79
89
43
94
64
44
76
70
90
62
81
38
13
67
82
21
88
30
48
46
84
57
63
27
24
62
61
26
4
46
100
36
48
61
20
100
58
11
31
13
31
36
66
2
84
90
82
36
19
53
91
68
91
40
85
32
81
77
6
52
3
17
74
21
74
89
31
33
91
41
1
70
69
91
42
9
45
4
54
76
22
79
12
94
15
83
93
51
73
55
94
32
19
68
21
31
45
35
70
10
75
48
78
79
4
22
12
25
61
70
32
74
12
96
9
96
99
74
28
96
48
91
42
34
98
54
74
5
17
81
83
31
13
43
77
39
71
59
45
19
35
70
75
43
12
63
5
29
88
20
33
20
26
29
91
14
61
15
57
66
16
27
88
91
77
38
31
83
3
29
41
56
91
14
96
52
59
9
21
53
98
82
38
12
26
75
86
58
23
49
33
59
99
44
95
94
74
66
26
82
6
24
94
84
19
86
82
57
18
12
52
75
97
42
75
9
5
86
25
37
99
64
92
99
10
98
1
40
10
76
42
64
80
39
1
26
4
95
57
12
34
11
66
37
7
90
66
98
28
66
58
82
86
49
100
17
83
29
23
7
56
2
17
30
71
89
20
45
6
1
88
69
70
51
48
41
98
34
1
52
48
81
80
98
35
79
85
44
96
81
64
20
21
94
14
15
51
3
63
20
33
22
63
42
62
13
33
10
42
99
18
84
64
19
98
30
71
20
42
44
4
17
37
85
45
33
91
76
49
90
100
14
25
32
46
80
69
28
29
23
59
71
50
49
31
53
31
34
87
94
60
62
42
84
31
23
60
56
58
24
43
37
53
4
1
37
19
16
24
51
62
12
43
20
12
1
83
13
57
42
87
10
42
13
6
87
27
82
46
17
4
70
15
62
81
60
76
46
24
87
93
44
75
12
71
58
85
32
100
61
99
40
11
82
2
83
46
35
76
76
75
87
71
8
63
36
98
47
77
32
49
80
15
29
36
69
70
97
81
50
57
45
19
8
11
5
69
30
58
48
76
35
57
51
83
32
84
83
21
55
34
73
5
92
66
50
75
97
45
70
76
97
79
23
71
70
89
60
33
21
21
27
69
45
83
46
91
71
54
34
67
5
64
35
100
96
19
83
67
4
39
78
36
57
13
33
2
50
87
55
89
14
33
97
99
46
57
59
13
25
9
23
97
64
37
7
34
50
76
53
70
61
24
47
48
36
22
73
2
66
66
42
99
87
98
62
91
94
61
89
75
14
10
54
75
71
67
75
46
99
92
14
39
11
26
43
7
47
95
98
87
57
93
86
64
71
11
65
32
78
13
9
55
49
49
85
69
61
35
81
30
45
56
65
60
59
37
23
13
46
98
99
13
7
100
14
24
46
65
1
30
9
1
10
56
93
95
13
18
45
92
54
72
38
88
93
58
79
67
25
89
20
50
89
50
20
1
53
9
27
85
65
28
70
66
15
7
53
47
26
94
16
4
91
22
79
4
49
75
80
29
73
100
67
92
21
81
39
47
8
50
70
77
36
30
18
95
74
46
89
37
19
30
69
45
93
77
85
9
5
28
73
92
70
1
17
47
56
55
66
45
89
27
56
21
21
33
91
72
26
86
24
2
50
97
39
5
14
20
51
56
32
78
92
38
76
74
64
16
67
13
39
98
77
69
5
100
1
11
88
34
3
4
66
94
83
80
83
17
6
84
41
79
65
1
25
76
71
10
40
93
98
9
92
22
60
10
75
99
52
43
28
84
68
28
66
19
32
98
52
95
73
81
25
33
48
1
62
79
17
62
40
71
45
51
38
38
35
94
36
56
98
30
66
52
73
94
21
32
45
70
29
29
93
90
98
10
34
40
3
81
92
72
89
33
13
28
6
65
19
25
32
89
93
80
52
88
76
44
33
32
96
62
40
34
87
79
8
72
97
55
62
69
3
75
74
12
17
18
37
4
32
3
96
90
44
19
47
81
74
97
31
19
91
60
72
65
12
27
94
20
9
73
84
12
66
62
37
29
35
29
49
3
47
40
72
6
21
26
56
67
10
5
43
52
33
60
40
53
82
72
33
23
100
66
79
7
79
78
33
66
54
57
37
12
11
32
88
63
5
14
50
100
89
10
11
41
47
49
46
89
87
78
60
77
93
9
85
63
83
71
12
63
69
29
6
26
29
18
67
94
88
63
3
77
25
45
55
54
14
76
79
92
73
100
4
14
23
84
9
5
62
3
65
87
92
90
47
14
80
52
75
26
36
87
18
55
26
46
51
59
13
56
37
49
62
55
76
25
24
33
69
2
55
17
86
8
40
61
21
67
79
12
51
76
25
72
64
81
53
65
84
2
76
82
89
83
88
69
57
14
20
90
3
4
16
82
21
52
26
83
20
46
19
16
65
22
26
50
48
19
100
53
77
65
50
24
73
64
51
89
43
5
95
79
33
66
94
34
30
92
57
58
24
28
97
73
71
20
2
48
71
37
0 778
0 835
0 1053
1 173
1 702
1 721
1 1867
2 417
2 513
2 588
2 623
4 133
4 1619
4 1708
4 1878
5 1407
6 387
6 773
6 986
6 1286
7 279
7 283
7 496
7 1783
7 1904
8 9
8 777
8 1133
9 283
10 918
10 921
10 952
10 1635
10 1775
11 1615
11 1761
12 449
12 686
12 1614
12 1687
13 761
13 1907
14 514
14 1031
15 74
15 161
15 550
15 1232
16 207
16 361
16 731
16 1288
17 105
17 359
17 1835
18 204
18 254
19 444
19 640
19 711
19 1077
19 1201
19 1450
20 1309
20 1713
20 1744
21 89
21 651
21 1216
21 1398
21 1506
22 1197
22 1723
23 296
23 879
23 1355
23 1432
23 1834
25 378
25 579
25 1102
26 1015
26 1693
26 1865
26 1947
27 1940
28 640
29 527
29 1329
30 36
30 80
30 739
30 984
30 1601
30 1820
31 379
31 541
31 1091
31 1116
31 1182
31 1629
31 1924
31 1979
32 987
32 1735
33 265
33 1321
34 299
34 1415
34 1669
35 264
35 1069
35 1220
36 61
36 383
36 1104
36 1980
36 1999
37 621
37 914
37 1091
38 1090
38 1487
39 959
39 1564
39 1733
39 1755
40 1105
40 1411
40 1466
41 519
41 988
41 1046
42 966
43 448
43 552
43 1387
43 1775
43 1914
44 576
45 318
45 1037
45 1559
45 1915
46 958
46 1277
46 1444
47 479
47 505
47 1044
48 1772
49 966
49 1303
49 1525
49 1701
49 1945
51 112
51 160
51 1587
51 1962
52 108
52 513
52 1235
53 121
53 507
53 1519
53 1624
56 801
56 1222
56 1233
56 1251
57 1335
58 103
58 291
58 1094
58 1448
58 1631
58 1885
59 220
59 227
59 378
59 919
59 1107
60 290
60 434
60 657
60 1300
60 1540
60 1704
60 1918
61 271
61 1238
61 1678
62 713
62 1864
62 1957
63 426
63 1016
64 1788
64 1986
65 555
65 1096
65 1289
65 1911
66 636
66 1415
66 1889
67 572
67 1150
69 1441
69 1467
69 1750
70 544
71 140
71 1259
72 263
73 342
73 1845
74 1913
75 514
75 1819
76 729
76 1568
77 690
77 1225
77 1481
77 1587
77 1698
78 448
78 667
80 408
80 779
80 1686
81 89
81 1283
82 472
82 1039
82 1050
83 270
83 474
83 1171
84 1528
85 612
85 672
85 1197
86 566
86 917
86 1704
86 1713
87 1878
88 104
88 548
88 689
88 1665
88 1961
89 439
89 1480
90 93
90 693
90 873
90 965
91 913
91 1182
91 1674
91 1794
92 436
92 1059
92 1475
92 1778
93 930
93 1242
94 506
94 1123
94 1825
95 1980
96 469
96 1405
96 1421
96 1573
96 1721
96 1758
96 1873
97 378
97 641
97 710
97 1349
97 1373
97 1667
98 237
98 911
98 1038
98 1165
99 244
99 899
99 1298
100 139
100 945
100 1778
101 439
101 448
101 663
101 1388
102 110
102 1144
102 1566
103 238
103 1848
104 626
104 781
104 867
105 1275
105 1599
106 235
106 432
106 440
106 549
106 1293
107 641
107 1850
107 1903
108 947
108 1707
109 159
109 571
109 1104
109 1157
110 428
110 475
110 1319
112 1414
112 1768
113 687
113 1241
114 735
114 981
114 1278
114 1647
115 447
115 1123
116 200
116 281
116 541
117 545
118 225
118 402
118 409
119 826
119 966
119 1250
119 1549
119 1597
119 1697
119 1769
120 485
121 1696
121 1778
122 1570
122 1997
123 712
124 338
125 557
125 952
125 1114
125 1248
125 1968
126 1037
126 1666
126 1945
126 1957
127 1061
128 600
128 787
128 854
128 1320
129 906
130 172
130 612
130 1195
130 1815
131 628
131 988
131 1226
131 1261
131 1648
131 1807
131 1918
132 264
132 940
132 987
132 1029
132 1484
132 1612
132 1807
132 1840
133 202
133 1920
135 1629
135 1757
136 546
137 390
138 204
138 648
138 674
138 1372
138 1531
139 301
139 1378
140 388
140 454
140 524
140 701
140 808
140 1145
140 1960
141 300
141 1855
142 836
143 460
143 723
143 1497
143 1548
143 1778
144 508
144 672
144 1106
144 1990
145 321
145 798
146 1272
147 308
147 655
147 872
147 902
147 918
147 1430
147 1622
148 844
148 958
148 1146
148 1359
148 1635
148 1994
149 902
149 1479
149 1758
150 1576
151 262
151 371
152 517
152 861
152 1312
153 477
153 765
153 945
153 980
153 1410
154 573
154 662
154 957
154 1628
155 258
155 801
156 1343
156 1742
156 1767
156 1956
157 331
157 571
157 619
157 748
158 206
158 1736
159 385
159 518
159 921
159 1056
159 1244
160 404
160 815
160 1135
160 1363
161 1419
163 174
163 1968
164 391
164 967
165 385
165 1359
165 1437
165 1444
166 927
166 1155
166 1536
166 1992
167 592
167 765
167 1694
167 1771
168 406
168 465
169 1331
169 1771
169 1907
170 379
170 545
170 757
170 798
170 1971
171 1339
172 546
172 1374
172 1566
173 638
173 978
173 1259
173 1912
174 180
174 298
174 645
174 1201
174 1417
174 1553
174 1993
175 305
175 1342
175 1576
175 1886
176 442
176 1076
177 1216
177 1273
177 1404
178 182
179 250
179 417
179 1438
179 1593
179 1885
180 1873
181 630
181 1397
181 1501
181 1632
182 377
182 436
182 1353
183 942
183 1538
183 1687
184 365
185 1754
186 784
186 1534
186 1758
186 1908
188 423
188 427
188 634
188 764
188 1262
189 347
190 1106
190 1802
191 781
191 1265
191 1497
192 1387
192 1398
193 504
193 843
193 1207
193 1472
195 1059
195 1475
195 1655
195 1710
196 684
196 1550
197 1785
197 1886
198 530
199 1518
200 266
200 755
200 893
201 405
201 992
201 1045
201 1133
201 1476
201 1575
201 1936
202 1242
202 1392
202 1710
203 755
203 1045
203 1331
203 1526
204 362
204 481
204 1044
205 1325
205 1748
205 1904
206 654
206 1228
206 1628
206 1886
207 1143
208 800
208 1122
209 884
209 1395
210 244
210 403
210 638
210 719
210 1087
210 1593
211 1282
212 515
212 1736
212 1898
213 683
213 1316
213 1923
214 746
214 1288
214 1382
214 1394
215 1318
216 632
216 714
217 575
217 1715
217 1860
217 1995
218 324
218 535
218 1366
219 642
219 829
220 1604
220 1939
221 586
221 617
221 969
222 867
223 599
223 640
223 1760
224 780
224 1399
224 1886
225 231
225 286
225 385
225 608
225 1161
225 1228
225 1838
226 585
226 1514
227 435
228 950
228 1101
228 1841
230 280
230 587
230 951
230 1667
230 1678
231 343
231 821
231 945
231 956
231 1606
232 460
232 795
232 1101
233 721
233 876
233 1301
233 1358
234 361
234 1882
235 740
236 321
236 438
236 1097
237 944
237 1778
238 845
238 1637
239 440
239 1323
239 1670
239 1778
240 675
240 1573
241 1122
241 1218
242 1270
242 1332
243 1343
244 1780
245 368
245 886
245 1260
245 1666
246 853
246 1114
246 1541
247 1487
248 1117
248 1652
249 302
249 1011
249 1955
250 1343
250 1723
250 1726
251 331
251 659
251 1732
251 1897
251 1957
252 419
253 260
253 600
253 620
253 886
253 1363
253 1965
253 1975
254 1683
255 634
255 1184
255 1479
256 1334
256 1448
257 512
257 856
257 1013
257 1283
258 327
258 341
258 428
259 1125
260 407
260 1210
260 1227
260 1334
261 738
261 795
262 846
262 890
262 897
262 1858
263 797
263 1906
264 1282
264 1314
265 279
267 1511
268 1540
268 1988
270 369
270 372
270 440
270 1439
270 1845
271 705
271 1870
274 613
274 879
275 300
275 1182
275 1709
275 1920
276 1017
276 1353
276 1504
276 1553
276 1916
277 1347
278 1160
278 1920
280 384
280 526
280 605
280 740
280 907
280 1301
280 1851
281 1379
282 315
282 1262
283 434
283 1390
284 991
284 1054
285 434
285 488
286 1445
286 1875
287 887
287 890
287 1833
288 719
289 897
289 1496
289 1578
289 1763
290 903
290 1368
290 1945
291 495
291 845
292 721
292 1164
292 1340
293 708
293 1015
293 1226
293 1297
293 1466
293 1838
294 360
294 1485
295 297
295 334
295 584
295 615
295 1781
295 1923
297 318
297 550
297 1966
298 386
298 1352
298 1762
299 747
299 1239
300 598
300 1522
301 425
301 693
301 905
301 1133
301 1826
302 688
302 1410
302 1978
303 1552
303 1638
303 1820
304 425
304 553
304 1331
304 1626
304 1927
305 1241
305 1279
306 1258
306 1691
306 1845
307 458
307 729
307 915
307 1856
308 765
308 1460
308 1540
308 1739
309 392
310 584
310 1473
310 1944
311 1201
311 1627
311 1829
312 894
312 1424
312 1951
313 488
313 597
313 726
313 755
313 1276
313 1310
313 1905
314 1386
314 1803
315 451
315 898
316 857
316 1526
316 1548
316 1681
316 1909
317 995
318 857
318 978
318 1916
320 707
321 498
321 519
321 1054
321 1077
321 1175
321 1321
322 367
322 736
322 1870
323 387
323 1376
324 1254
324 1709
325 1718
326 771
326 1025
326 1154
328 1121
329 537
329 547
329 910
329 1006
329 1155
329 1868
330 450
330 516
330 732
330 1323
330 1359
330 1535
331 665
331 1092
331 1723
332 429
332 1152
333 374
333 1785
334 603
334 1290
334 1423
334 1653
336 502
336 1197
337 866
337 961
337 1169
338 1987
340 494
340 832
340 1828
340 1843
341 876
341 1024
342 637
342 1190
342 1700
343 1206
344 459
344 460
344 536
344 705
344 1782
345 544
345 1347
345 1698
345 1749
346 1206
346 1405
347 913
347 1618
348 1575
349 458
349 1764
350 985
351 546
352 626
352 790
353 435
353 754
353 1401
354 914
354 1220
355 1630
355 1759
356 401
356 716
356 975
356 1065
356 1097
356 1492
357 364
357 1243
357 1522
358 546
358 779
358 921
358 1018
359 1271
360 461
361 455
361 664
361 790
361 1329
361 1382
362 1781
363 1174
364 365
364 696
364 712
364 778
364 848
364 1681
365 695
365 776
366 374
366 418
366 1098
366 1425
366 1950
367 1477
368 1339
368 1836
369 1652
369 1766
370 563
370 1257
371 1056
371 1118
371 1135
372 652
372 1877
373 406
373 971
373 1919
374 645
374 1064
375 774
376 383
376 427
376 430
376 1546
376 1981
377 518
377 1388
377 1673
377 1757
377 1802
378 572
378 620
379 615
380 839
380 1920
381 1191
381 1967
382 1429
383 399
383 1330
383 1464
384 1374
384 1626
384 1710
385 761
385 1099
385 1640
386 1166
387 956
387 1202
387 1855
389 704
389 1307
389 1461
391 668
391 828
391 1115
392 1004
394 853
394 1059
395 1227
396 611
396 966
396 1353
397 450
397 1804
398 729
398 902
398 1893
399 913
400 1503
401 1044
402 797
402 893
402 1674
403 1677
404 590
405 503
405 782
406 896
407 1690
407 1827
408 1568
408 1842
408 1870
409 441
409 910
410 582
410 928
410 1312
411 661
411 1283
411 1815
412 686
413 512
413 750
413 1857
414 1104
414 1256
414 1480
414 1642
416 641
416 1326
417 464
417 1038
417 1442
417 1944
418 463
418 963
418 1101
418 1212
418 1302
418 1657
419 1031
419 1056
419 1317
419 1386
419 1830
420 867
421 585
421 1604
421 1683
422 459
422 605
422 869
422 1188
422 1214
422 1597
422 1666
422 1940
423 1096
423 1407
424 882
424 1276
425 889
425 1863
425 1933
426 1176
428 1378
429 553
429 1415
429 1518
430 654
431 1472
432 774
432 1112
432 1678
433 690
433 1288
433 1404
434 679
435 742
435 1368
435 1400
435 1612
436 525
436 536
436 1867
438 642
438 665
438 1391
438 1510
438 1977
439 927
439 958
439 1047
439 1744
439 1760
439 1873
439 1939
440 1136
441 833
442 457
442 558
442 1494
443 489
443 664
443 966
443 1129
443 1224
443 1453
443 1837
443 1891
444 1004
444 1296
444 1465
444 1535
444 1658
445 1452
446 495
446 751
446 1748
447 484
447 599
447 720
447 746
447 1274
447 1675
449 515
450 1037
450 1097
450 1234
450 1456
450 1646
451 725
451 816
451 831
451 1121
451 1606
452 656
452 823
452 890
452 1474
453 573
453 763
454 1037
454 1134
455 1589
456 947
456 1709
457 1430
459 960
459 1264
460 914
460 976
460 1286
460 1579
461 1199
461 1969
463 960
463 1002
463 1718
464 1166
464 1579
465 1135
466 1278
466 1342
466 1897
467 950
467 1741
467 1847
468 1661
469 1283
469 1406
471 1329
471 1357
472 509
473 1063
473 1423
473 1478
473 1858
474 1606
475 1163
475 1492
475 1848
476 630
476 1047
476 1331
477 1413
477 1538
477 1849
478 1531
478 1588
479 546
479 961
479 1837
479 1851
479 1916
481 979
481 1890
482 978
482 983
482 1017
482 1668
482 1726
483 823
483 1372
484 1078
484 1862
485 866
485 1740
485 1804
486 1162
486 1286
486 1792
487 860
487 1071
487 1522
488 541
488 897
488 1777
488 1840
489 583
489 1278
489 1393
489 1858
490 1077
490 1109
490 1565
490 1991
491 817
491 1517
492 1116
492 1136
492 1157
492 1166
493 922
493 1643
493 1688
493 1891
494 1386
495 622
495 1084
495 1730
496 925
497 1365
497 1621
498 641
498 1754
500 1193
501 1518
501 1602
502 932
504 583
504 1180
504 1411
505 709
505 1263
505 1403
505 1959
506 854
506 1257
507 1344
507 1960
508 633
508 1574
509 900
509 1212
509 1601
509 1885
510 520
510 559
510 939
510 1027
510 1515
511 1164
511 1180
511 1579
512 1914
513 878
513 1381
513 1540
513 1541
514 986
514 1115
515 727
515 1127
516 733
517 1299
518 546
518 761
518 1335
518 1564
519 826
519 1455
520 783
520 1133
521 1031
521 1050
522 676
522 957
522 1328
522 1806
523 1197
523 1415
523 1661
523 1855
524 1632
525 1017
526 798
526 1057
526 1803
527 699
527 714
527 1385
528 1787
528 1953
529 1255
530 806
530 1693
531 716
531 1286
531 1625
532 1038
532 1410
532 1527
533 605
533 646
533 844
533 1029
534 1544
535 536
535 932
535 1523
536 901
536 1294
537 1221
537 1465
537 1595
537 1679
538 770
538 1494
539 1103
539 1591
539 1658
539 1690
539 1800
540 1473
541 1169
542 1914
543 624
543 1639
543 1710
544 1441
544 1529
545 1089
545 1644
546 837
546 912
546 1410
546 1670
548 836
548 1475
549 707
549 1610
550 1837
553 1294
553 1431
553 1508
553 1899
554 1621
554 1970
555 1404
555 1578
555 1640
556 1064
559 743
560 563
560 1041
560 1350
560 1994
561 608
562 813
562 1014
562 1461
562 1873
563 1172
563 1854
564 588
564 860
564 1951
566 641
566 1163
566 1350
566 1829
567 610
567 815
568 728
568 1618
568 1922
570 1430
570 1674
571 900
571 922
571 1450
571 1787
572 1263
572 1831
573 735
573 1449
574 801
574 1928
575 1046
575 1404
575 1501
576 632
576 807
576 1661
577 695
577 1191
577 1508
578 1611
578 1830
579 727
579 1151
579 1463
579 1565
580 827
581 1240
581 1562
582 1022
583 1460
584 816
584 1451
584 1466
584 1501
585 711
585 1326
586 1410
586 1439
586 1552
588 1376
588 1572
589 798
589 1527
590 830
590 1241
590 1564
590 1771
591 851
591 1724
592 1694
593 977
593 979
593 1254
593 1675
594 1317
595 1340
595 1463
595 1543
595 1597
596 1248
596 1528
597 1342
598 1937
599 823
599 1058
600 1241
600 1289
600 1999
601 1066
601 1588
601 1598
602 1056
602 1171
602 1428
602 1617
602 1855
602 1870
603 1335
604 663
604 1185
605 1244
605 1249
605 1259
605 1412
606 714
606 1508
607 899
607 909
607 1193
607 1253
607 1315
607 1433
608 1952
609 1378
609 1843
609 1980
610 907
610 1022
610 1152
612 759
613 1799
614 953
614 1023
614 1985
615 1141
615 1334
615 1795
616 977
616 1079
616 1414
616 1647
618 708
618 858
618 1689
618 1911
619 1054
619 1176
620 1340
621 1560
622 877
622 983
622 1488
623 966
623 1290
623 1969
624 1223
624 1576
625 1483
625 1534
627 665
627 1796
627 1941
628 1220
628 1438
629 1244
630 1045
630 1794
631 1178
631 1539
631 1912
632 1730
633 1411
633 1522
633 1584
633 1782
634 861
634 994
635 980
635 1018
637 909
637 920
637 1376
637 1421
637 1441
638 1533
638 1553
638 1860
639 904
639 1796
640 696
640 723
640 1550
641 1340
641 1865
642 1258
643 1093
645 1207
645 1465
645 1801
646 790
646 1528
646 1702
646 1829
647 933
647 1078
648 1653
649 1140
649 1221
649 1478
651 1615
651 1644
652 973
652 1132
652 1296
652 1562
653 939
653 1139
654 1461
654 1932
656 1101
656 1832
657 1117
658 1171
658 1244
659 941
659 1182
660 698
660 773
660 1354
661 1557
662 1770
663 1719
664 814
664 998
664 1427
665 761
666 1041
666 1598
666 1822
667 742
667 784
667 1081
667 1240
668 892
669 820
669 1586
669 1740
669 1849
670 1570
671 1636
672 680
672 1433
672 1530
673 1364
674 1330
674 1792
674 1921
675 1165
675 1815
676 1221
676 1269
676 1442
676 1823
677 978
677 1149
678 1017
678 1385
678 1688
679 1687
680 1111
680 1552
680 1900
680 1944
680 1975
681 851
682 1993
683 896
683 1568
684 1786
685 1293
685 1333
685 1517
685 1581
685 1673
687 748
687 897
689 723
689 972
689 1660
690 1093
690 1348
691 1039
691 1719
691 1790
692 899
692 955
692 1111
692 1597
693 1129
693 1741
693 1923
694 1370
694 1527
695 1262
695 1745
697 1134
698 1470
698 1978
700 1031
700 1034
700 1850
701 856
701 915
701 1550
702 801
702 924
702 1555
704 988
704 1368
705 1228
705 1637
705 1746
706 819
706 841
706 1786
708 711
708 1825
709 1912
710 1583
710 1753
712 1773
713 1511
714 1098
714 1654
714 1711
715 749
716 1170
716 1541
717 1294
717 1550
718 1534
718 1677
719 1960
720 1008
720 1808
721 969
722 1905
723 993
723 1194
723 1634
723 1779
724 1583
724 1902
725 805
725 1378
725 1652
726 1170
726 1275
726 1287
726 1921
726 1966
727 1074
727 1842
728 1002
730 913
730 1450
730 1531
731 1885
732 1047
732 1744
734 985
734 1726
735 1183
735 1280
735 1351
735 1691
735 1750
735 1838
736 1149
736 1313
737 835
738 1490
739 804
739 867
739 1741
739 1984
740 1279
740 1296
740 1570
741 866
741 1768
741 1799
743 940
743 1485
743 1760
744 905
744 975
744 1447
745 885
745 1179
746 1352
746 1892
747 1515
747 1693
748 1991
749 776
749 1845
750 897
750 1120
751 948
751 1051
752 934
753 1500
754 1009
754 1332
754 1756
755 1054
756 1385
757 1071
757 1717
758 1687
759 1267
760 825
760 1246
760 1746
762 857
762 925
762 1666
763 1230
763 1403
764 1274
765 944
765 1132
767 1552
767 1571
768 1043
768 1139
768 1474
770 782
770 1519
770 1890
772 1521
772 1764
776 853
776 1429
777 1785
778 1995
779 1391
779 1552
779 1691
780 1662
780 1685
781 1387
781 1498
782 916
782 1123
782 1608
783 1264
783 1314
783 1895
784 876
784 1264
784 1371
785 1972
787 1230
787 1688
788 1004
788 1290
788 1626
789 1090
789 1122
789 1502
790 821
790 1338
790 1600
792 1129
792 1586
793 1151
793 1325
794 1366
796 1077
796 1160
797 871
797 1502
798 1631
799 1460
801 1339
801 1469
801 1658
802 1065
802 1335
802 1718
802 1759
802 1884
803 858
803 1230
803 1250
803 1993
804 1313
804 1821
805 1716
805 1911
806 1012
806 1324
806 1515
807 1196
807 1306
808 1241
809 920
809 1338
809 1345
809 1505
809 1530
810 1563
811 1259
811 1786
812 1040
814 1660
815 1284
816 1583
817 1148
817 1401
817 1563
819 1400
819 1413
821 1093
822 938
822 1602
823 1965
824 1843
825 847
825 989
825 1071
825 1370
826 979
826 1723
826 1748
826 1796
827 1453
827 1580
828 1166
829 1456
831 1634
832 1256
832 1549
833 1613
833 1731
833 1894
834 1436
835 1307
835 1738
836 1023
837 1092
837 1509
838 1246
838 1379
838 1666
838 1705
839 1742
840 1241
840 1844
842 847
842 1077
842 1350
842 1817
843 1242
843 1424
843 1573
843 1706
843 1792
845 1103
845 1387
846 1083
846 1162
846 1941
846 1961
847 1006
847 1736
847 1788
848 1241
849 1607
850 918
850 1836
852 1650
852 1948
853 1744
853 1915
855 1054
855 1119
855 1503
856 1386
856 1405
856 1701
857 1870
858 1875
860 1036
860 1318
860 1961
861 992
861 1000
861 1359
861 1445
861 1663
862 1380
865 1138
865 1237
865 1253
865 1638
866 1149
866 1658
869 1713
870 901
871 1061
872 1283
872 1887
872 1916
873 1667
874 1311
874 1748
876 1125
877 1025
877 1044
877 1722
878 1157
878 1270
878 1906
879 970
879 1302
879 1640
879 1693
881 939
881 1139
881 1310
881 1372
882 1449
883 1312
884 1439
885 1783
885 1820
886 1002
886 1485
887 1553
887 1702
889 1354
889 1414
889 1810
889 1859
890 1543
890 1827
891 1216
891 1693
892 1438
892 1728
892 1859
892 1895
893 1765
894 1003
894 1079
894 1109
894 1156
894 1440
897 1618
897 1719
899 1633
899 1939
901 1339
901 1980
902 904
902 989
902 1498
903 1167
903 1295
903 1305
907 1996
909 1485
909 1525
909 1567
910 1144
912 1670
913 969
913 1050
914 1314
914 1660
915 1006
915 1509
917 1472
917 1820
918 931
918 1173
918 1387
920 994
920 1001
921 1609
922 1158
923 954
923 1904
926 1059
928 1219
928 1734
928 1774
928 1877
928 1910
929 1779
929 1892
931 1458
932 1014
932 1398
933 1032
934 943
934 1059
934 1239
934 1405
934 1475
934 1499
934 1571
935 1521
936 1416
936 1814
938 1708
939 946
939 1021
939 1332
939 1809
941 1488
941 1594
943 1126
943 1323
943 1526
944 1593
945 1380
945 1982
946 1289
947 1058
947 1294
947 1484
948 1081
948 1214
948 1422
948 1947
949 1009
949 1699
949 1972
950 1187
952 1885
955 1612
957 1246
957 1958
958 1892
959 1003
959 1378
960 970
960 1136
962 1891
963 1185
963 1471
963 1632
963 1716
964 1143
965 1064
967 1751
968 1654
969 1918
969 1955
971 1110
971 1257
971 1500
971 1556
972 1127
972 1453
974 1213
975 1132
975 1580
977 1029
978 1238
978 1263
978 1597
978 1926
979 1282
980 1609
981 1374
982 1040
982 1183
982 1235
983 1441
984 1100
985 1607
985 1743
985 1834
986 1165
986 1705
987 1822
988 1138
988 1592
990 998
990 1726
990 1854
990 1976
991 1241
992 1095
992 1835
993 1320
993 1459
994 1993
995 1051
995 1167
995 1419
995 1566
995 1571
996 1009
996 1590
996 1926
997 1855
998 1318
999 1227
1000 1429
1001 1245
1001 1599
1001 1876
1004 1684
1004 1816
1006 1668
1006 1758
1006 1906
1007 1205
1007 1801
1007 1926
1009 1491
1010 1294
1010 1295
1011 1833
1012 1197
1012 1833
1013 1264
1013 1529
1013 1844
1014 1915
1015 1495
1015 1725
1016 1484
1016 1565
1017 1220
1019 1887
1020 1763
1021 1442
1022 1685
1023 1863
1023 1865
1024 1117
1026 1601
1026 1936
1028 1502
1028 1674
1029 1475
1030 1338
1030 1774
1030 1973
1031 1191
1031 1213
1035 1170
1035 1582
1035 1953
1036 1663
1036 1720
1037 1099
1037 1435
1037 1649
1038 1041
1038 1867
1039 1338
1041 1414
1043 1532
1044 1523
1045 1304
1045 1700
1046 1298
1048 1535
1048 1768
1050 1310
1050 1636
1051 1072
1051 1135
1053 1176
1053 1585
1055 1097
1055 1580
1056 1317
1056 1457
1057 1447
1059 1590
1059 1597
1060 1829
1060 1887
1062 1219
1062 1247
1062 1445
1063 1156
1063 1163
1064 1247
1064 1348
1064 1427
1064 1976
1065 1293
1065 1294
1066 1551
1066 1834
1067 1718
1068 1714
1068 1885
1068 1938
1071 1637
1072 1976
1074 1928
1076 1300
1076 1386
1076 1410
1076 1991
1079 1531
1080 1298
1080 1989
1082 1295
1086 1856
1087 1985
1088 1853
1088 1878
1089 1433
1089 1472
1089 1777
1090 1715
1091 1389
1092 1558
1092 1726
1092 1888
1093 1213
1093 1613
1093 1827
1093 1895
1094 1317
1094 1321
1094 1840
1095 1593
1095 1717
1095 1940
1096 1928
1098 1099
1099 1664
1099 1997
1103 1639
1103 1939
1104 1220
1105 1249
1106 1448
1107 1614
1107 1697
1108 1688
1109 1230
1109 1739
1110 1500
1110 1550
1110 1554
1112 1970
1113 1779
1113 1959
1114 1567
1115 1461
1115 1594
1116 1242
1116 1282
1116 1349
1116 1749
1118 1538
1119 1854
1120 1327
1120 1524
1120 1828
1120 1961
1121 1165
1121 1904
1122 1785
1123 1740
1123 1936
1123 1954
1123 1975
1124 1447
1125 1455
1126 1710
1126 1764
1127 1753
1128 1628
1129 1296
1129 1351
1130 1152
1130 1399
1130 1951
1130 1973
1131 1688
1132 1140
1132 1645
1132 1868
1133 1813
1134 1253
1135 1379
1135 1395
1135 1871
1135 1950
1136 1582
1136 1653
1139 1402
1139 1590
1139 1973
1141 1458
1141 1503
1141 1851
1142 1501
1145 1269
1146 1512
1147 1607
1148 1794
1149 1332
1149 1613
1149 1810
1149 1943
1150 1750
1150 1929
1151 1509
1151 1677
1156 1360
1157 1195
1157 1249
1157 1335
1157 1440
1158 1578
1160 1699
1160 1734
1161 1424
1161 1986
1162 1192
1162 1251
1163 1976
1164 1661
1165 1256
1165 1458
1165 1620
1165 1759
1166 1713
1168 1969
1171 1220
1171 1766
1172 1619
1174 1868
1175 1191
1175 1286
1176 1338
1176 1595
1176 1610
1178 1557
1179 1823
1179 1947
1181 1196
1181 1438
1184 1196
1184 1971
1185 1918
1186 1364
1186 1420
1186 1867
1187 1881
1189 1211
1191 1271
1191 1736
1192 1272
1192 1420
1192 1633
1193 1586
1194 1645
1194 1821
1195 1440
1195 1617
1196 1503
1196 1887
1198 1277
1198 1434
1198 1830
1199 1419
1200 1903
1201 1526
1201 1892
1201 1980
1202 1513
1202 1843
1206 1494
1206 1497
1206 1677
1206 1833
1207 1470
1207 1892
1208 1787
1211 1374
1212 1224
1212 1290
1213 1265
1213 1684
1214 1858
1217 1342
1218 1860
1220 1422
1220 1513
1220 1983
1221 1268
1222 1558
1222 1688
1222 1779
1222 1836
1222 1882
1224 1907
1225 1579
1225 1581
1225 1947
1227 1345
1227 1704
1227 1965
1229 1758
1230 1402
1230 1560
1232 1580
1233 1251
1233 1332
1235 1627
1235 1924
1237 1323
1237 1952
1238 1690
1238 1816
1239 1830
1239 1866
1240 1306
1240 1350
1243 1943
1244 1610
1245 1337
1247 1421
1247 1657
1248 1306
1248 1906
1249 1500
1249 1905
1250 1337
1251 1897
1251 1908
1252 1440
1253 1792
1254 1869
1256 1334
1258 1316
1259 1366
1259 1539
1259 1959
1260 1369
1261 1575
1261 1750
1262 1511
1263 1479
1263 1708
1265 1818
1267 1621
1269 1311
1271 1760
1271 1771
1271 1940
1272 1863
1273 1512
1273 1799
1274 1526
1275 1507
1275 1923
1275 1924
1276 1366
1276 1950
1277 1565
1277 1706
1279 1714
1281 1518
1282 1991
1284 1830
1285 1562
1286 1471
1286 1620
1286 1796
1288 1574
1288 1597
1288 1630
1288 1784
1289 1417
1289 1494
1289 1681
1289 1965
1290 1692
1291 1545
1292 1387
1292 1397
1293 1641
1294 1582
1295 1963
1296 1756
1297 1452
1297 1815
1300 1422
1300 1488
1300 1627
1301 1823
1301 1853
1302 1877
1305 1599
1308 1584
1309 1358
1309 1439
1312 1918
1313 1606
1313 1764
1314 1958
1315 1500
1316 1758
1316 1763
1316 1766
1318 1529
1319 1507
1319 1594
1319 1689
1319 1722
1323 1331
1323 1332
1323 1800
1324 1381
1325 1663
1326 1401
1326 1411
1326 1668
1327 1697
1327 1741
1327 1871
1328 1731
1329 1551
1329 1978
1330 1332
1330 1392
1330 1666
1330 1812
1331 1392
1334 1536
1334 1641
1335 1774
1336 1768
1340 1794
1341 1475
1341 1881
1342 1639
1343 1760
1344 1579
1344 1651
1344 1820
1345 1579
1346 1601
1346 1846
1347 1684
1351 1512
1351 1827
1352 1794
1353 1717
1353 1726
1354 1460
1355 1969
1356 1788
1356 1897
1359 1708
1359 1808
1360 1548
1360 1940
1361 1570
1361 1757
1362 1955
1363 1546
1363 1836
1363 1983
1364 1462
1364 1708
1364 1877
1366 1512
1366 1692
1367 1812
1372 1764
1372 1787
1373 1651
1374 1476
1374 1704
1374 1820
1376 1627
1377 1828
1377 1863
1378 1512
1379 1624
1380 1784
1380 1964
1381 1661
1381 1674
1382 1646
1382 1652
1382 1912
1388 1434
1388 1485
1388 1690
1388 1907
1389 1769
1389 1902
1392 1542
1393 1455
1393 1954
1393 1966
1394 1631
1394 1957
1396 1903
1396 1909
1399 1441
1399 1530
1399 1795
1400 1810
1405 1586
1407 1813
1411 1984
1412 1970
1415 1833
1417 1435
1424 1545
1425 1960
1427 1776
1428 1972
1429 1552
1429 1654
1432 1481
1433 1743
1434 1679
1437 1855
1437 1992
1438 1613
1440 1451
1440 1527
1440 1889
1442 1990
1443 1886
1444 1521
1444 1924
1447 1792
1448 1957
1448 1977
1449 1452
1450 1499
1450 1766
1450 1873
1451 1708
1452 1455
1452 1746
1453 1523
1453 1764
1454 1747
1454 1899
1455 1574
1456 1757
1459 1630
1460 1514
1460 1888
1462 1524
1462 1908
1463 1484
1463 1965
1466 1554
1468 1603
1470 1614
1470 1835
1470 1921
1471 1595
1471 1878
1471 1927
1473 1959
1473 1987
1474 1927
1474 1997
1476 1558
1478 1756
1481 1976
1483 1548
1483 1614
1484 1495
1487 1901
1491 1591
1492 1577
1493 1665
1495 1668
1497 1794
1497 1854
1498 1983
1499 1916
1500 1977
1501 1720
1501 1781
1503 1565
1503 1599
1503 1771
1505 1712
1506 1589
1506 1742
1507 1597
1507 1940
1508 1526
1508 1658
1508 1666
1509 1606
1509 1791
1512 1702
1517 1730
1522 1576
1522 1675
1522 1853
1523 1708
1523 1812
1525 1847
1526 1962
1530 1554
1532 1865
1533 1683
1533 1881
1534 1639
1535 1912
1535 1976
1536 1543
1536 1567
1536 1871
1538 1688
1540 1775
1541 1677
1543 1848
1544 1861
1544 1987
1545 1822
1546 1849
1549 1754
1551 1690
1551 1788
1553 1786
1553 1888
1558 1982
1561 1576
1561 1780
1561 1986
1563 1569
1565 1879
1567 1609
1567 1942
1570 1871
1570 1924
1571 1884
1572 1588
1573 1972
1575 1585
1575 1814
1576 1935
1576 1944
1578 1674
1578 1871
1578 1911
1582 1775
1583 1829
1585 1957
1587 1828
1589 1820
1591 1610
1593 1777
1595 1880
1595 1976
1597 1797
1598 1984
1599 1654
1602 1646
1602 1684
1604 1830
1605 1692
1608 1987
1610 1662
1610 1858
1612 1616
1617 1968
1620 1624
1620 1896
1622 1994
1623 1674
1625 1715
1626 1967
1627 1818
1631 1677
1636 1871
1636 1953
1637 1902
1639 1749
1641 1946
1644 1648
1644 1813
1644 1895
1648 1930
1650 1901
1650 1985
1652 1668
1652 1676
1654 1809
1654 1915
1654 1985
1660 1997
1661 1881
1662 1815
1662 1843
1664 1781
1668 1988
1669 1947
1670 1824
1672 1990
1673 1675
1673 1800
1678 1736
1678 1914
1679 1899
1680 1935
1680 1943
1685 1898
1686 1846
1687 1729
1687 1965
1689 1723
1691 1909
1693 1793
1697 1935
1702 1797
1704 1784
1704 1966
1705 1985
1707 1844
1708 1820
1708 1888
1709 1758
1709 1831
1709 1999
1715 1996
1719 1949
1725 1935
1725 1990
1726 1864
1726 1948
1727 1863
1728 1963
1728 1999
1737 1822
1739 1949
1740 1913
1741 1914
1742 1918
1744 1765
1745 1774
1748 1758
1754 1799
1765 1957
1766 1980
1771 1792
1777 1934
1785 1996
1788 1932
1788 1949
1788 1984
1793 1929
1796 1981
1802 1940
1802 1952
1806 1838
1810 1947
1811 1842
1814 1933
1818 1894
1831 1951
1832 1895
1834 1921
1835 1886
1835 1967
1841 1850
1842 1873
1865 1933
1877 1963
1894 1914
1903 1999
1938 1939
