2000 3004
42
16
74
31
52
56
57
7
81
51
54
93
10
57
59
18
44
44
70
57
56
88
99
25
92
11
94
9
62
86
84
45
88
68
3
50
48
45
35
96
71
80
68
32
76
17
74
92
30
95
36
66
36
91
23
41
98
92
96
76
41
98
42
42
48
55
5
27
61
5
62
71
41
32
95
82
48
88
27
77
63
43
38
59
48
12
60
78
91
10
29
31
5
13
65
34
90
32
43
55
27
70
49
94
17
37
24
40
89
55
1
79
56
94
67
60
24
57
24
49
55
88
38
79
73
32
59
4
1
90
79
29
91
69
15
18
2
82
22
64
61
18
30
40
17
11
54
23
85
90
87
85
100
24
42
48
5
25
60
20
76
59
32
40
17
69
15
58
42
14
90
84
79
35
76
71
99
17
36
18
30
66
60
94
37
54
9
82
67
13
41
13
86
1
58
35
22
19
85
99
94
11
1
97
43
59
42
26
28
100
19
7
92
69
22
61
3
7
52
89
71
54
8
1
37
19
52
99
56
39
66
87
24
18
49
11
96
72
44
92
51
74
54
35
33
30
24
73
43
36
25
20
2
53
20
22
54
55
48
81
66
17
59
93
6
90
100
45
96
20
34
53
29
8
67
99
16
27
37
98
59
66
86
19
37
80
48
11
36
80
11
60
31
51
89
78
86
78
35
46
30
78
1
78
53
65
30
26
85
99
68
19
79
66
26
24
71
3
73
61
52
15
17
63
95
78
10
27
68
70
75
8
12
98
56
12
91
18
28
37
62
65
1
56
33
77
44
100
63
62
14
61
8
98
62
42
69
36
92
39
7
58
10
14
7
48
19
27
95
84
89
93
48
62
35
4
3
40
9
93
69
7
29
63
36
4
68
90
69
93
68
44
98
8
50
48
33
48
78
79
48
83
78
86
32
26
9
77
76
53
15
65
22
40
68
56
91
79
13
27
33
22
52
28
32
40
70
66
16
100
48
49
4
89
6
66
89
73
9
65
30
10
26
34
20
47
42
14
43
15
100
10
72
71
21
84
80
84
48
7
20
10
61
88
14
13
28
47
72
76
87
28
92
91
4
49
47
89
43
6
8
65
25
82
23
29
21
45
56
97
49
4
98
48
59
68
70
34
43
13
67
86
94
63
42
53
56
99
74
24
70
23
88
53
53
32
35
87
28
18
100
9
24
93
12
57
59
30
43
20
33
36
55
67
95
44
48
20
5
34
69
57
91
96
59
95
37
3
90
52
75
99
92
63
35
99
19
63
61
43
78
90
40
79
59
82
100
73
89
55
23
88
74
8
51
72
87
31
15
44
8
59
51
54
25
25
66
54
92
11
21
32
32
21
13
96
55
96
11
99
46
37
79
30
14
38
39
80
57
26
87
57
30
22
21
64
46
45
64
68
24
24
86
4
100
3
89
47
47
38
98
17
7
98
69
17
41
43
1
43
88
14
39
59
70
79
79
96
87
54
76
49
78
22
87
35
89
45
80
53
38
45
62
16
74
85
46
77
48
22
33
57
9
16
71
5
52
25
31
20
59
62
38
42
83
55
66
76
84
23
75
13
79
53
50
76
51
6
90
31
67
42
47
98
32
55
100
39
20
94
35
9
58
2
16
4
4
15
11
27
43
41
88
27
68
89
38
83
62
44
21
95
80
29
35
55
71
86
45
55
19
42
25
1
54
14
46
39
4
55
5
36
14
48
25
35
18
32
58
75
67
50
15
3
28
46
22
39
64
56
44
79
24
76
50
67
8
83
21
6
23
52
74
13
65
7
2
10
53
29
5
71
36
91
92
56
32
45
75
52
48
54
78
75
29
80
37
90
4
68
44
45
75
50
68
38
91
90
38
29
30
92
49
87
96
73
5
26
44
96
14
65
11
94
36
98
8
37
23
52
58
14
12
61
87
14
59
66
93
18
16
44
30
83
32
29
89
40
11
13
70
77
36
54
77
45
20
4
92
89
15
10
38
12
99
11
12
27
49
84
93
69
60
51
92
18
70
89
21
54
13
25
54
57
47
34
54
89
41
18
7
37
49
83
57
3
48
94
34
11
87
86
14
72
71
41
31
31
4
9
78
70
49
5
95
38
58
78
31
100
69
10
44
33
87
37
40
83
45
24
47
5
71
33
45
55
87
86
89
48
19
7
3
63
46
90
50
11
90
85
31
88
32
17
18
99
48
72
48
30
68
30
58
39
66
51
63
24
48
62
37
45
69
40
25
91
87
24
6
30
28
12
25
50
44
37
61
47
78
57
81
75
68
8
45
22
10
23
47
97
43
19
49
5
2
72
84
28
44
25
97
50
39
10
47
4
93
79
42
21
54
48
100
29
98
95
41
91
41
16
54
47
41
23
1
53
5
81
17
1
13
57
24
4
64
5
63
70
48
51
45
55
34
59
59
48
45
55
57
43
11
89
67
93
34
43
21
62
67
99
63
87
19
77
58
47
77
89
49
87
26
90
39
11
10
55
9
52
31
37
38
42
34
15
52
18
38
22
18
79
45
94
24
45
32
58
32
29
20
55
78
93
51
69
37
48
100
49
41
11
7
61
52
47
64
63
51
86
98
61
80
42
53
56
89
49
92
43
3
43
54
92
90
86
4
46
84
65
91
14
93
68
53
52
77
93
25
57
13
59
88
58
82
17
23
42
36
58
17
40
69
20
12
87
74
2
37
26
94
12
60
5
79
39
33
49
15
23
55
32
17
94
61
38
64
41
22
65
5
34
25
1
61
73
79
43
55
22
57
98
24
43
99
96
22
26
23
53
11
37
91
89
13
65
78
32
32
73
19
1
75
20
44
66
23
62
22
79
98
90
54
44
50
85
100
86
81
87
81
63
11
71
75
40
3
93
23
22
78
56
94
39
96
58
1
74
38
5
4
99
95
55
95
58
99
4
47
43
92
26
3
75
34
11
78
39
63
70
17
9
47
20
71
25
4
60
45
5
8
20
44
37
79
87
17
4
61
29
87
40
32
11
72
29
60
52
85
48
92
7
90
72
28
88
90
7
35
47
76
27
7
85
86
89
27
46
83
3
44
87
93
12
24
4
65
29
45
85
23
18
47
28
65
32
48
81
28
46
5
52
44
40
32
39
18
4
49
28
65
96
93
4
88
91
10
54
93
18
49
82
48
27
38
10
76
98
90
67
60
39
25
68
35
37
12
33
7
53
7
17
5
53
88
1
25
89
99
69
28
34
47
79
33
8
72
13
35
12
14
23
45
82
80
60
89
42
78
45
88
90
68
18
17
82
98
84
22
38
95
89
12
77
32
78
32
61
72
44
46
69
9
39
28
11
50
5
24
35
64
2
52
33
1
65
62
40
72
5
50
40
83
43
23
46
91
15
30
4
38
11
44
12
1
61
96
49
23
73
47
13
6
12
96
33
68
85
76
55
81
66
98
78
79
17
64
94
19
5
32
6
81
2
61
11
87
60
81
95
32
60
14
8
11
43
2
84
82
47
79
25
59
12
95
6
5
48
80
97
20
56
82
69
5
30
100
85
97
36
37
99
20
66
84
60
47
38
53
54
40
42
95
60
91
6
59
46
67
65
57
35
91
68
97
98
27
97
33
79
1
6
87
11
54
54
29
18
12
99
7
85
45
24
16
27
57
30
23
61
24
33
35
63
59
15
6
10
17
1
95
45
2
56
52
95
25
19
70
48
68
78
32
88
28
46
96
3
81
49
62
15
97
68
25
60
41
56
62
98
46
10
84
39
50
48
87
26
14
67
87
3
36
30
36
92
38
84
89
5
75
38
60
29
25
17
61
52
72
73
92
30
49
87
3
12
45
44
100
6
100
75
59
55
27
38
62
36
26
74
55
3
6
87
38
12
73
77
89
71
29
88
58
11
16
91
88
28
3
29
8
84
30
71
49
36
30
65
20
89
76
84
83
50
100
32
12
72
91
5
62
10
44
8
83
34
40
19
44
75
94
92
94
7
39
62
42
17
77
61
10
58
91
20
34
94
31
43
80
54
48
26
29
12
4
80
88
60
19
63
13
88
35
89
58
86
17
42
43
63
32
70
37
6
51
4
40
65
47
78
65
15
46
1
67
18
5
72
91
81
33
90
11
54
28
5
89
20
54
21
39
71
96
100
99
60
29
22
56
41
53
18
92
48
50
63
49
12
12
29
36
67
59
64
33
48
98
29
60
53
53
37
9
37
62
34
8
18
31
83
76
98
11
89
45
18
30
94
13
10
75
61
61
8
12
94
57
24
85
82
33
18
40
46
7
97
39
8
52
1
50
64
20
86
92
69
35
80
64
20
51
50
41
79
40
61
71
16
12
51
37
21
69
3
87
43
29
37
35
50
55
22
70
54
65
49
63
44
55
84
43
43
59
29
79
75
22
100
56
92
65
41
76
81
10
73
40
2
85
22
97
6
95
39
65
27
52
31
10
25
9
67
96
39
32
33
65
86
33
69
79
75
30
14
92
29
66
67
11
19
86
40
40
27
53
75
46
33
39
12
20
41
58
2
80
11
97
55
89
8
32
10
0 322
0 502
0 1817
1 242
1 1611
2 149
2 166
2 1305
2 1517
3 365
3 1430
3 1934
4 180
4 494
4 517
4 1988
5 536
5 1508
6 1232
6 1765
7 789
7 1503
7 1808
7 1876
8 322
8 730
8 1175
9 367
9 1516
9 1734
10 758
11 1774
11 1856
12 567
12 1054
12 1524
12 1558
13 719
13 1698
14 1515
14 1607
15 411
15 447
15 584
15 1592
16 1595
17 203
17 397
17 1698
17 1943
18 106
18 932
18 974
18 1713
19 43
19 639
19 1056
19 1533
19 1638
20 98
20 117
20 472
20 1391
20 1504
20 1596
20 1761
20 1829
21 346
21 1072
21 1092
21 1578
21 1772
22 551
22 745
22 1997
23 131
23 198
23 1036
24 202
24 1535
25 1119
25 1390
25 1561
26 322
26 900
26 1068
26 1427
26 1559
27 416
27 1039
28 1449
29 1750
30 1675
31 345
31 483
31 542
31 1519
32 929
32 1443
33 382
33 849
33 1571
34 738
34 1511
34 1853
35 706
35 1083
36 208
36 289
36 648
36 1666
36 1693
37 409
37 850
37 1012
37 1561
38 299
38 579
38 1549
39 52
40 69
40 909
40 1394
41 690
41 781
42 402
42 854
42 1719
42 1840
43 673
43 964
44 943
45 905
45 1229
45 1722
45 1848
46 118
46 507
46 614
47 934
47 1407
48 386
48 842
48 1475
49 763
50 1119
50 1782
50 1891
51 167
51 210
52 207
53 792
53 999
53 1575
54 1506
55 69
55 939
55 1257
55 1287
55 1544
56 552
56 1086
56 1714
57 250
57 451
58 887
58 912
58 1304
58 1535
58 1585
58 1719
59 333
59 1266
59 1996
60 148
60 273
60 526
60 1622
60 1732
61 701
62 476
62 1382
62 1854
63 210
63 815
64 815
64 1571
65 1560
66 806
66 1645
67 518
67 623
68 136
68 532
68 1158
68 1373
68 1916
68 1950
69 1535
70 614
70 849
70 852
70 914
71 920
71 1143
71 1774
72 444
72 954
73 1707
73 1756
73 1810
73 1866
74 328
75 929
76 130
76 426
76 1347
77 1521
78 399
78 594
79 448
79 1650
79 1678
80 1661
80 1895
81 719
81 1768
82 1765
82 1773
82 1944
82 1979
83 1435
84 1531
84 1867
85 645
85 666
85 844
86 588
86 1849
87 400
87 431
87 1829
88 1046
88 1082
89 130
89 628
89 675
89 1336
89 1422
89 1786
90 782
90 1011
90 1889
91 604
92 96
92 118
92 222
92 713
92 1194
92 1392
94 313
94 326
94 1153
94 1506
94 1717
94 1865
95 1887
95 1992
96 1177
96 1185
97 984
97 1114
97 1870
98 1092
98 1740
98 1986
99 268
99 1625
100 207
100 1570
101 994
102 605
102 895
102 942
102 977
102 1073
102 1959
102 1969
103 759
103 1529
103 1876
104 223
104 638
104 722
104 863
104 1076
105 873
105 929
105 1079
105 1646
106 1435
106 1648
106 1954
107 235
107 319
107 904
107 1282
109 467
109 998
109 1683
110 887
111 780
111 1081
111 1644
112 473
112 1274
112 1886
113 1123
113 1339
114 808
114 1053
114 1523
115 566
115 1038
115 1456
115 1698
116 922
116 1218
117 1403
117 1661
117 1781
118 267
118 1321
118 1784
118 1939
119 421
119 732
119 826
119 921
120 315
120 1073
121 572
121 743
121 1093
121 1845
121 1971
122 169
122 170
122 192
122 777
122 859
122 1027
123 1155
123 1518
124 281
125 246
125 515
125 1079
125 1245
125 1920
126 449
126 985
126 1152
126 1157
126 1374
127 565
128 1315
128 1519
129 343
129 494
129 1216
130 297
130 537
130 712
132 404
132 450
133 1790
134 1516
134 1527
135 921
135 1345
136 191
136 275
136 612
136 1571
137 608
137 750
137 1155
138 216
138 791
138 1511
139 409
139 1074
140 471
140 1641
141 1246
141 1611
142 1145
142 1999
143 716
144 151
144 201
144 209
144 819
144 1165
144 1841
144 1908
145 1156
145 1161
145 1758
145 1981
147 364
147 507
147 833
147 1189
147 1664
147 1770
148 158
148 1682
149 989
149 1022
149 1567
149 1652
149 1674
149 1813
150 1199
150 1217
150 1523
150 1621
150 1852
151 1401
151 1899
152 347
152 1980
153 729
153 1265
153 1895
153 1896
154 339
154 812
155 220
155 1533
155 1881
156 494
156 1190
157 942
157 1416
157 1553
157 1717
157 1724
158 1579
159 452
159 1639
160 978
160 1229
160 1282
161 1151
161 1550
162 1120
162 1698
163 1298
164 499
164 544
164 1015
164 1295
164 1472
165 988
165 1090
166 337
166 868
166 931
166 1749
166 1760
167 1641
168 953
168 1192
168 1229
168 1820
169 191
169 973
170 1201
171 688
171 1121
171 1251
171 1388
171 1506
172 1375
172 1962
173 485
173 701
173 1339
173 1637
174 701
175 948
175 1325
175 1677
177 463
177 620
177 1035
177 1185
177 1391
177 1846
177 1902
178 725
179 242
179 1203
179 1370
179 1823
179 1843
180 333
180 373
180 711
180 890
180 1194
182 1922
183 1806
184 1003
184 1117
185 364
185 461
185 1134
185 1618
185 1642
187 935
188 280
188 1061
188 1145
188 1314
189 885
190 493
190 1444
191 535
191 1050
191 1215
192 328
193 342
194 1480
194 1911
195 333
195 467
195 855
195 1372
196 410
196 1515
196 1573
196 1832
196 1954
197 1031
197 1354
198 830
198 1270
199 320
199 1612
200 272
200 351
200 396
200 796
201 800
201 898
201 1077
201 1119
201 1287
202 1256
202 1496
202 1542
202 1941
203 815
203 1650
204 517
204 815
204 1244
204 1962
206 298
206 485
206 1189
207 241
207 1172
207 1675
207 1980
209 539
209 1408
209 1466
210 213
210 609
210 1119
210 1794
211 1499
211 1772
212 503
212 562
212 1642
213 404
213 790
213 1027
213 1653
214 604
214 1314
214 1916
214 1990
215 407
215 692
215 1144
215 1395
216 1233
216 1662
217 818
217 1649
218 695
218 1210
219 988
220 279
220 743
220 1072
220 1735
221 345
221 902
221 984
222 896
223 1136
224 345
224 1806
225 692
225 833
226 999
226 1949
227 379
227 1010
227 1206
228 1060
228 1079
228 1538
229 458
229 1131
229 1442
229 1600
230 837
230 848
230 1893
230 1915
231 1034
231 1805
232 920
232 1126
232 1176
232 1352
234 1635
236 372
236 753
236 1234
237 582
237 600
238 831
238 1907
239 344
239 366
239 1241
240 632
240 1812
241 1069
241 1229
241 1247
241 1687
241 1936
242 382
242 474
242 907
242 1099
242 1426
243 400
243 1085
244 498
245 516
245 1752
245 1844
246 1588
246 1636
247 404
247 442
247 724
247 879
247 1383
247 1403
247 1919
248 649
248 1057
248 1465
249 838
250 656
250 753
250 823
250 1218
250 1766
251 1633
252 1363
253 740
253 1018
253 1213
254 663
254 1081
254 1238
254 1468
254 1836
255 1386
256 633
256 1060
256 1402
257 855
257 1366
257 1852
258 1104
258 1132
258 1585
259 1688
261 1321
262 414
262 914
262 1388
263 1117
263 1925
264 941
264 979
264 1243
265 1322
265 1996
266 1433
266 1698
267 916
267 971
267 1952
268 349
268 583
268 623
269 419
270 457
270 725
270 1014
270 1232
271 926
271 1066
271 1163
271 1484
271 1856
273 837
273 1083
273 1369
273 1843
274 287
274 1000
274 1622
275 698
275 1084
275 1288
275 1630
275 1762
276 431
276 610
276 751
276 1982
277 1318
277 1375
277 1719
278 689
278 790
279 339
279 917
279 1678
280 662
281 1168
281 1646
282 291
282 580
282 811
282 1164
282 1844
283 545
283 1451
283 1781
284 560
284 1056
284 1125
284 1362
284 1440
284 1728
285 825
285 1567
285 1826
286 719
286 996
287 363
287 914
287 1920
287 1934
287 1935
288 895
288 1632
288 1956
289 1575
290 1744
290 1977
291 1299
291 1488
292 1190
293 325
293 717
293 1110
293 1272
294 1788
295 666
295 822
295 1955
296 1448
296 1519
297 760
297 1233
297 1307
297 1391
297 1459
297 1859
298 495
298 776
298 1159
299 1309
299 1421
299 1652
299 1843
300 422
300 1785
301 367
301 1390
301 1417
301 1780
302 732
302 1789
303 1327
303 1495
304 355
304 1103
304 1150
304 1346
304 1543
305 712
305 827
305 1615
306 756
306 1244
306 1923
307 1024
307 1246
307 1563
308 704
309 1272
309 1490
309 1652
310 998
310 1611
312 1898
313 712
314 911
314 1129
314 1946
316 437
316 449
316 857
317 388
317 775
317 873
317 1427
317 1581
317 1726
318 533
318 703
318 742
318 791
319 778
319 1223
319 1750
320 401
320 534
320 605
321 599
321 840
322 875
322 1821
323 1133
323 1863
324 688
324 705
325 406
325 723
326 713
326 1090
326 1191
326 1667
326 1704
326 1742
327 1408
328 1135
328 1602
328 1734
328 1874
329 1212
329 1778
330 428
331 860
331 1231
331 1298
333 601
333 1734
333 1913
334 1861
335 948
335 1083
335 1801
336 754
336 1093
336 1999
337 753
337 766
337 806
338 356
338 403
338 1371
338 1776
338 1943
339 1737
340 364
340 714
340 736
340 1773
341 1042
341 1144
341 1186
341 1975
342 861
342 1325
342 1541
342 1569
343 1197
344 965
344 1120
344 1937
345 578
345 791
345 836
345 1208
345 1233
346 399
346 1247
346 1701
347 762
347 1142
347 1529
348 1126
348 1138
348 1421
348 1605
349 405
349 1884
350 1039
351 456
351 656
351 1006
351 1539
352 1089
353 612
353 1949
355 521
355 741
355 1781
355 1822
355 1924
357 1273
357 1348
357 1393
358 1136
359 1732
360 672
360 1088
360 1566
361 743
362 1296
363 1861
364 1094
364 1443
365 556
365 1361
366 1293
367 664
367 768
367 978
367 980
367 1722
368 727
368 1010
368 1665
369 524
369 674
369 914
369 1483
369 1911
370 772
370 1219
370 1926
371 553
371 556
371 1298
374 1580
374 1615
374 1918
375 1049
375 1341
375 1491
375 1956
376 733
376 991
376 1300
376 1464
376 1475
377 892
378 473
378 1561
378 1669
378 1924
379 651
379 835
379 1719
383 723
383 1684
384 425
384 968
384 1462
384 1616
385 509
385 764
385 959
385 978
385 1858
386 981
386 1568
387 1229
387 1720
388 552
389 1081
389 1444
391 622
391 887
391 1048
392 441
392 771
392 1522
392 1608
392 1940
393 1429
393 1824
394 1101
394 1120
394 1196
394 1697
395 1701
396 587
396 907
396 1337
397 510
397 1905
398 555
398 898
399 1582
400 530
400 1720
400 1732
401 1669
401 1969
402 669
402 1270
403 640
403 1718
403 1758
404 462
404 1116
404 1169
405 411
405 583
405 591
405 1413
405 1826
406 1439
407 1800
408 1039
410 1590
411 867
412 740
412 1133
413 527
413 846
414 803
414 1178
415 1257
415 1321
415 1511
416 772
416 846
416 1783
417 491
417 533
417 657
417 972
418 936
418 1383
419 491
419 598
419 1165
419 1685
420 606
420 1120
420 1163
420 1690
421 1481
421 1847
421 1967
422 1228
422 1898
423 833
423 857
423 892
423 1070
423 1273
423 1277
423 1958
424 590
424 1291
424 1367
424 1950
425 1046
425 1273
426 907
427 903
427 1182
429 810
429 886
429 899
429 1442
430 436
431 593
431 614
432 561
432 1092
432 1254
432 1501
433 1038
433 1096
433 1683
434 890
435 986
435 1629
435 1889
436 726
436 900
436 1374
437 1361
437 1387
437 1952
438 845
439 855
439 934
439 1036
439 1468
439 1670
440 974
440 1848
441 903
441 1043
442 1115
442 1191
442 1668
442 1818
443 1060
443 1390
443 1551
443 1849
446 1380
446 1669
446 1925
448 659
448 975
448 1378
448 1948
449 1310
449 1469
449 1726
450 952
451 713
451 1097
451 1581
452 1259
452 1331
452 1521
452 1660
453 1964
454 758
455 616
457 689
457 1012
457 1154
457 1493
457 1543
458 536
459 1228
461 601
462 1839
463 1593
463 1713
465 478
466 533
466 1253
466 1358
466 1761
466 1926
467 634
468 1800
468 1953
469 529
470 619
470 641
470 895
470 1195
470 1890
471 744
471 1141
471 1494
471 1607
472 1294
473 539
473 755
474 849
474 1376
474 1429
475 618
475 1093
476 951
476 1443
477 1314
477 1318
477 1877
480 956
480 1355
480 1914
481 1090
481 1653
481 1701
482 661
483 1271
483 1679
483 1683
484 1354
484 1720
485 871
485 1186
485 1347
486 846
486 1182
486 1502
486 1543
487 615
487 1222
488 792
488 1289
489 603
489 1753
490 545
491 753
491 770
491 1566
492 579
492 712
492 1312
492 1600
493 682
494 693
494 1028
494 1232
494 1845
495 676
495 1097
495 1505
495 1528
496 731
496 876
497 1495
497 1973
498 1707
499 1176
501 788
501 839
501 947
501 1830
502 577
502 1694
502 1955
503 578
503 932
504 661
504 1269
504 1673
504 1752
504 1820
504 1824
504 1946
506 637
506 884
506 1285
507 1622
507 1805
507 1821
508 850
508 1461
508 1949
509 1189
509 1868
510 581
510 1809
510 1888
513 534
513 812
513 1142
513 1191
513 1583
513 1803
514 785
514 1031
514 1143
514 1156
514 1565
514 1937
515 587
515 1085
515 1721
516 1270
516 1869
517 641
517 1857
518 1583
518 1786
519 1345
519 1917
520 1238
520 1496
520 1934
521 767
521 1643
521 1685
521 1781
522 768
522 1661
523 796
523 1145
523 1196
523 1683
524 650
524 816
524 859
527 671
527 1086
527 1570
527 1881
528 890
528 1267
528 1708
529 1206
529 1492
529 1650
529 1758
530 856
530 1430
531 886
531 1260
531 1603
531 1978
532 1153
532 1831
532 1845
533 687
533 1420
533 1551
533 1719
534 1328
534 1834
535 539
535 1144
537 541
537 868
537 1086
537 1987
538 751
538 1270
539 924
539 1296
539 1589
539 1682
540 866
540 1032
541 699
541 772
541 788
541 1560
541 1927
541 1943
542 797
542 1016
542 1158
543 647
543 824
543 1254
543 1886
545 805
546 900
546 966
546 1163
547 605
547 1625
547 1956
548 617
548 821
548 1200
548 1329
548 1581
549 1671
549 1989
550 887
550 979
550 1046
550 1942
551 1064
551 1306
552 735
552 1761
554 902
555 1725
555 1810
555 1971
556 1963
557 1559
559 596
559 1460
560 572
560 1490
560 1736
561 715
561 1262
562 1247
562 1272
562 1319
563 1344
563 1390
563 1538
564 1096
565 995
565 1167
566 1896
568 1359
568 1521
569 841
570 943
570 1487
570 1569
570 1703
571 1652
572 652
573 620
573 825
573 1049
573 1809
574 1196
574 1234
575 1306
575 1483
575 1533
575 1650
576 1251
576 1329
577 1179
577 1610
579 631
579 790
579 1466
579 1487
579 1489
580 1150
580 1261
580 1425
581 931
581 1246
581 1603
582 927
582 935
582 1126
584 909
585 927
585 1045
585 1896
586 653
586 1167
587 1997
588 1466
588 1674
588 1682
589 704
589 1391
589 1940
590 907
590 1373
590 1987
591 1064
592 596
592 1105
592 1449
593 1059
593 1474
594 1313
594 1323
594 1456
596 704
596 1941
597 1357
597 1679
598 641
598 742
598 1489
598 1702
598 1783
599 761
599 938
599 1193
599 1388
599 1397
600 1276
600 1955
601 1113
601 1217
601 1430
603 1289
603 1755
603 1836
604 650
604 656
604 762
604 1441
604 1504
604 1903
604 1958
606 707
606 1663
607 612
608 1040
609 1072
609 1668
609 1722
609 1959
610 984
610 1009
610 1084
610 1140
611 777
611 1104
611 1414
611 1710
611 1773
612 692
612 1244
613 1036
613 1520
614 1297
614 1375
614 1453
615 986
615 1575
615 1756
616 1380
616 1796
617 721
617 1610
617 1891
620 707
620 878
620 1925
621 1640
621 1682
622 859
622 1339
622 1428
622 1691
623 1414
623 1763
623 1980
624 1928
625 628
625 972
626 841
626 1688
627 1013
629 907
629 1173
631 850
631 904
631 1370
632 716
632 916
632 1303
632 1305
634 713
634 911
634 1065
634 1150
634 1999
635 781
635 965
636 638
636 1803
637 1136
637 1611
637 1933
638 1116
638 1218
638 1409
639 684
639 989
639 1066
639 1718
640 699
640 1185
640 1900
641 707
642 785
642 803
642 857
643 1355
643 1478
644 656
644 792
644 997
644 1206
644 1235
644 1884
645 1948
646 892
646 1413
646 1587
646 1788
647 1115
648 1939
649 1121
650 1792
650 1948
651 832
651 1571
652 1177
652 1289
652 1555
652 1567
652 1694
653 1928
654 1641
655 829
655 908
655 1413
655 1735
656 719
656 1086
656 1654
657 998
657 1025
657 1485
657 1496
657 1543
658 1356
659 1593
660 676
660 1697
661 1987
662 1293
662 1472
663 1733
663 1779
664 1479
664 1891
665 1516
665 1948
666 895
666 1141
667 1549
667 1971
670 941
670 1176
672 724
672 1564
672 1781
673 1810
673 1960
674 1942
675 848
675 1459
676 969
676 1813
676 1957
677 1115
677 1290
678 1232
678 1895
680 1167
680 1768
681 780
681 1363
681 1621
682 1038
682 1727
683 722
683 1468
683 1490
683 1998
684 1150
685 768
685 921
685 1409
685 1898
686 807
686 1849
686 1999
687 1035
687 1253
687 1724
687 1757
687 1885
689 719
690 1086
690 1740
691 1345
691 1723
691 1806
692 907
693 959
693 1145
693 1465
694 1053
695 747
696 1306
696 1625
696 1696
696 1711
697 1272
699 890
699 1978
700 935
700 1603
701 1705
702 790
702 1409
702 1512
702 1517
703 773
703 1332
703 1357
703 1784
703 1846
705 1417
707 1867
708 1050
708 1675
708 1706
710 946
710 1077
710 1392
710 1681
711 886
712 817
712 1784
714 882
714 1683
714 1743
715 1088
715 1484
716 1705
716 1822
717 910
718 1020
718 1287
718 1535
719 1857
720 1387
720 1427
720 1569
720 1881
721 1076
721 1574
722 787
722 834
722 1437
723 1964
724 935
725 814
725 984
725 1339
726 748
730 1148
730 1658
731 835
731 1340
732 1138
733 922
734 1183
734 1221
734 1470
735 1299
735 1549
735 1568
736 1062
739 920
739 1079
739 1690
739 1728
740 769
740 1329
740 1819
740 1928
741 1758
741 1842
741 1963
742 1169
742 1596
742 1658
743 1227
743 1332
744 1112
744 1151
744 1237
744 1742
744 1966
745 1153
746 1963
747 895
748 1929
749 1619
750 1292
750 1703
752 926
752 972
752 1770
753 755
755 1005
756 1443
756 1789
757 839
757 1423
757 1491
758 1243
759 1845
760 1329
760 1941
761 1647
761 1673
762 1659
762 1837
762 1861
762 1973
764 824
764 963
764 1834
765 1055
765 1087
765 1584
765 1614
766 1251
767 1240
767 1796
767 1884
768 841
769 1644
770 1939
772 1070
772 1488
772 1550
773 1289
773 1633
774 903
774 1156
774 1319
774 1375
774 1704
775 1069
775 1763
776 1174
778 809
778 816
779 806
779 848
779 1167
780 951
780 1479
781 1457
781 1654
782 796
782 1858
783 1303
783 1963
784 1164
785 1562
785 1916
786 1656
787 1723
788 1019
788 1159
788 1838
789 879
789 953
791 1337
792 1813
793 1048
793 1349
793 1420
796 1838
797 1850
799 1123
799 1772
799 1899
800 1263
801 1312
803 1322
803 1594
804 1452
805 996
805 1301
805 1360
805 1613
809 1006
810 1837
811 1206
812 1065
812 1677
813 1089
813 1254
813 1276
813 1344
814 1045
814 1199
815 1491
815 1514
815 1590
815 1999
816 995
816 1387
817 1221
818 1484
818 1501
819 1361
819 1438
819 1443
820 1356
820 1392
821 1287
821 1415
822 935
823 1281
824 1009
825 1991
826 1031
826 1163
826 1220
826 1264
826 1691
827 1748
827 1790
827 1896
827 1970
828 900
828 958
828 1227
828 1542
829 919
829 1527
829 1556
830 1650
831 1444
831 1538
833 1858
833 1913
834 1423
834 1693
834 1815
836 1980
838 1013
838 1410
838 1528
838 1734
839 1161
839 1700
840 1186
842 1105
842 1432
842 1508
842 1928
843 1040
843 1330
844 1271
844 1490
844 1946
845 949
846 1280
848 1705
849 943
849 1635
850 1027
850 1701
851 1011
851 1078
852 1206
853 1350
853 1954
855 1083
855 1551
855 1866
858 1270
858 1358
858 1520
859 1030
859 1831
861 1299
861 1738
863 934
863 998
863 1798
864 1506
864 1986
865 1320
865 1519
866 1055
866 1278
868 1099
868 1441
868 1745
869 1327
869 1336
869 1365
870 934
870 1598
871 1257
872 1832
873 1018
874 1249
874 1256
874 1734
874 1836
879 1815
880 934
880 1712
880 1984
881 927
881 1158
881 1842
882 1802
883 908
884 1006
884 1952
885 1630
885 1952
886 936
887 1466
887 1882
888 1150
888 1901
890 1685
890 1865
892 946
893 1161
893 1336
894 1731
894 1796
895 1007
895 1397
895 1741
896 1018
896 1323
898 1470
898 1564
900 1359
901 1114
901 1768
902 1037
902 1720
903 994
903 1955
904 1728
905 1332
906 1420
908 1044
908 1308
909 1179
910 1821
911 1933
913 1800
915 1255
915 1458
916 1169
916 1562
918 1560
918 1757
918 1769
918 1888
919 1396
920 965
920 1074
920 1711
921 1316
921 1584
921 1593
922 941
922 1115
922 1197
924 1208
925 1650
925 1928
926 962
926 1026
927 977
928 1104
928 1952
929 1439
929 1934
930 1264
930 1692
932 1147
932 1275
932 1369
933 1926
934 1183
936 1182
936 1381
936 1612
936 1634
936 1687
937 1451
938 1080
939 1038
939 1098
941 1191
941 1361
941 1501
942 1442
942 1668
942 1773
943 1246
943 1821
945 965
945 1620
946 1891
947 1634
948 1944
948 1965
949 1006
950 1541
950 1661
952 970
952 1531
953 1016
953 1134
953 1870
954 1599
954 1735
955 1431
955 1461
956 1282
957 1025
957 1490
957 1942
957 1993
958 1710
958 1736
959 987
959 1108
959 1451
959 1505
959 1780
961 1136
961 1182
961 1236
962 1015
962 1587
962 1913
963 1014
963 1039
963 1605
963 1777
963 1804
963 1848
965 1258
965 1413
965 1500
965 1834
966 1054
966 1635
966 1976
967 1473
967 1522
967 1606
968 1827
969 1249
969 1461
970 1156
970 1468
970 1717
971 1135
971 1541
971 1856
971 1937
972 1374
972 1875
973 1699
975 1360
976 987
976 1263
976 1748
977 1020
977 1597
977 1887
978 1453
978 1485
981 1450
981 1747
982 1051
982 1778
985 1055
985 1371
986 1137
986 1478
988 1131
988 1158
988 1471
988 1662
992 1356
992 1622
993 1682
994 1351
994 1440
994 1585
995 1861
996 1514
996 1809
997 1455
998 1281
999 1021
1000 1742
1001 1623
1001 1723
1002 1610
1003 1448
1004 1289
1005 1802
1005 1810
1005 1915
1006 1183
1006 1776
1006 1998
1008 1101
1009 1673
1010 1556
1013 1976
1015 1296
1015 1314
1015 1811
1016 1310
1017 1475
1017 1835
1018 1754
1019 1825
1022 1630
1023 1539
1023 1796
1023 1927
1025 1777
1025 1857
1026 1453
1026 1521
1026 1855
1026 1965
1027 1269
1028 1069
1029 1052
1030 1498
1032 1371
1032 1680
1033 1299
1033 1635
1034 1771
1035 1416
1037 1251
1037 1373
1039 1372
1039 1654
1040 1649
1040 1660
1041 1637
1041 1760
1042 1462
1042 1756
1044 1157
1044 1705
1046 1387
1046 1562
1046 1769
1046 1786
1047 1524
1047 1732
1048 1363
1048 1910
1049 1779
1051 1613
1051 1746
1052 1731
1053 1688
1053 1835
1053 1857
1054 1353
1054 1466
1054 1525
1054 1563
1054 1983
1055 1108
1055 1353
1055 1498
1055 1681
1055 1804
1055 1862
1057 1289
1057 1894
1058 1656
1058 1762
1059 1113
1059 1190
1059 1656
1060 1443
1060 1709
1061 1074
1061 1106
1061 1750
1063 1445
1064 1437
1066 1436
1067 1222
1067 1303
1067 1318
1067 1453
1067 1682
1068 1149
1068 1923
1069 1286
1069 1570
1069 1687
1069 1701
1070 1858
1071 1193
1071 1401
1071 1783
1071 1842
1073 1505
1073 1882
1074 1409
1075 1302
1076 1510
1076 1668
1076 1804
1077 1378
1078 1389
1078 1785
1080 1213
1080 1830
1082 1179
1082 1364
1082 1494
1083 1625
1084 1551
1085 1261
1085 1677
1086 1094
1086 1265
1086 1330
1087 1120
1088 1862
1091 1142
1092 1463
1092 1823
1093 1716
1096 1420
1096 1944
1097 1361
1099 1261
1099 1453
1100 1381
1100 1387
1102 1316
1103 1443
1105 1343
1105 1714
1106 1699
1106 1983
1110 1307
1110 1509
1111 1195
1112 1303
1112 1787
1112 1858
1113 1129
1113 1467
1114 1243
1114 1776
1114 1997
1116 1295
1116 1859
1116 1978
1118 1996
1119 1121
1119 1275
1119 1942
1120 1300
1120 1350
1120 1513
1121 1648
1122 1429
1122 1569
1122 1797
1122 1853
1123 1864
1123 1866
1123 1967
1124 1307
1125 1538
1125 1688
1125 1887
1125 1967
1126 1788
1126 1968
1127 1792
1132 1956
1133 1299
1134 1805
1135 1264
1135 1505
1135 1986
1136 1153
1136 1175
1138 1993
1139 1184
1139 1235
1139 1507
1139 1591
1142 1371
1142 1706
1143 1151
1143 1306
1144 1186
1144 1329
1144 1556
1147 1240
1149 1318
1149 1607
1149 1731
1151 1309
1151 1728
1152 1803
1153 1261
1153 1628
1154 1372
1155 1783
1155 1836
1156 1248
1159 1824
1159 1857
1160 1921
1161 1468
1161 1595
1161 1639
1162 1347
1163 1195
1163 1470
1164 1379
1164 1385
1165 1548
1166 1309
1166 1621
1166 1811
1167 1651
1169 1733
1169 1953
1170 1685
1171 1174
1172 1324
1172 1337
1172 1498
1172 1505
1173 1878
1174 1424
1175 1836
1176 1669
1180 1704
1181 1896
1182 1633
1182 1742
1182 1979
1184 1767
1186 1362
1186 1387
1186 1646
1187 1714
1187 1766
1187 1769
1189 1689
1189 1714
1189 1780
1189 1842
1189 1912
1193 1929
1194 1578
1194 1809
1194 1968
1196 1560
1199 1893
1201 1264
1201 1616
1202 1683
1203 1254
1206 1783
1207 1333
1207 1475
1208 1737
1208 1738
1209 1514
1212 1378
1212 1660
1212 1758
1213 1560
1213 1756
1213 1885
1214 1220
1214 1392
1214 1511
1214 1762
1214 1826
1215 1367
1215 1912
1216 1428
1216 1704
1217 1476
1219 1866
1220 1572
1220 1628
1222 1310
1225 1284
1225 1288
1225 1582
1225 1825
1227 1562
1228 1685
1229 1996
1230 1261
1231 1594
1231 1698
1232 1273
1233 1462
1234 1699
1235 1506
1236 1332
1236 1963
1237 1619
1238 1807
1239 1366
1239 1928
1239 1977
1242 1533
1244 1424
1244 1606
1244 1719
1245 1318
1246 1771
1247 1548
1247 1988
1248 1759
1249 1496
1249 1808
1251 1463
1251 1638
1251 1700
1251 1780
1252 1702
1254 1279
1255 1404
1259 1423
1259 1761
1260 1444
1260 1596
1263 1821
1265 1607
1266 1952
1267 1481
1267 1614
1268 1321
1268 1397
1268 1873
1269 1786
1271 1787
1272 1734
1274 1377
1274 1422
1275 1948
1279 1411
1279 1662
1281 1749
1281 1943
1282 1720
1282 1810
1283 1951
1283 1983
1285 1562
1287 1367
1288 1450
1291 1799
1291 1885
1292 1355
1293 1314
1294 1296
1294 1884
1294 1963
1295 1807
1296 1829
1296 1862
1297 1638
1298 1633
1298 1968
1299 1443
1303 1763
1305 1490
1305 1927
1306 1382
1307 1525
1308 1503
1309 1770
1311 1889
1312 1707
1313 1694
1313 1923
1314 1557
1314 1806
1315 1626
1315 1681
1316 1763
1317 1396
1318 1550
1318 1753
1320 1741
1320 1965
1323 1657
1324 1885
1325 1628
1325 1894
1328 1719
1328 1974
1329 1762
1334 1522
1335 1371
1336 1862
1337 1647
1338 1380
1338 1995
1339 1732
1339 1998
1340 1425
1340 1434
1343 1373
1344 1822
1345 1388
1346 1572
1346 1869
1346 1961
1349 1588
1351 1864
1354 1462
1354 1489
1355 1475
1356 1409
1356 1568
1356 1627
1358 1397
1358 1734
1358 1824
1359 1553
1359 1956
1367 1910
1371 1807
1372 1456
1372 1644
1372 1776
1372 1993
1373 1544
1373 1699
1374 1733
1379 1798
1382 1598
1383 1647
1383 1946
1383 1993
1384 1763
1386 1942
1387 1493
1389 1536
1389 1766
1390 1763
1392 1602
1393 1860
1395 1703
1395 1940
1395 1949
1396 1852
1397 1861
1398 1627
1399 1998
1400 1433
1400 1605
1400 1611
1400 1643
1402 1480
1405 1694
1407 1440
1407 1958
1408 1490
1411 1934
1412 1481
1417 1592
1419 1861
1420 1486
1421 1534
1422 1618
1423 1608
1425 1511
1425 1665
1425 1675
1426 1876
1430 1809
1432 1435
1433 1943
1435 1719
1435 1842
1436 1971
1440 1802
1443 1717
1444 1737
1447 1592
1449 1999
1450 1879
1451 1575
1451 1778
1453 1608
1455 1592
1456 1862
1457 1645
1457 1760
1457 1988
1458 1572
1458 1927
1458 1980
1459 1546
1460 1710
1462 1563
1462 1945
1465 1727
1467 1519
1467 1650
1467 1686
1468 1900
1468 1915
1469 1699
1469 1916
1470 1673
1473 1540
1473 1800
1474 1585
1474 1723
1474 1735
1474 1786
1478 1826
1479 1489
1479 1684
1479 1841
1479 1852
1479 1888
1480 1783
1482 1788
1482 1910
1485 1671
1485 1704
1485 1808
1485 1851
1486 1503
1486 1761
1486 1788
1486 1842
1486 1890
1487 1546
1487 1771
1492 1936
1494 1703
1496 1939
1496 1947
1497 1730
1497 1776
1498 1730
1499 1544
1500 1875
1501 1900
1501 1974
1502 1631
1503 1646
1503 1991
1504 1658
1506 1920
1507 1585
1507 1629
1507 1740
1508 1929
1510 1728
1510 1949
1511 1538
1512 1972
1515 1732
1516 1521
1516 1820
1517 1621
1517 1683
1518 1813
1520 1981
1522 1761
1522 1822
1523 1941
1524 1845
1525 1906
1528 1982
1531 1666
1531 1858
1533 1751
1534 1754
1535 1672
1535 1933
1536 1905
1538 1805
1538 1899
1539 1765
1541 1790
1544 1912
1545 1630
1548 1634
1549 1555
1552 1766
1553 1616
1556 1857
1557 1762
1557 1896
1558 1568
1558 1975
1559 1611
1559 1649
1563 1901
1565 1790
1566 1938
1566 1997
1568 1660
1568 1742
1570 1719
1571 1938
1572 1993
1573 1816
1576 1868
1581 1908
1586 1897
1586 1935
1587 1616
1587 1951
1591 1696
1596 1622
1598 1640
1599 1715
1599 1760
1601 1605
1602 1868
1604 1714
1604 1785
1605 1651
1607 1638
1610 1964
1614 1645
1615 1809
1615 1813
1616 1669
1616 1838
1618 1759
1621 1856
1623 1673
1625 1963
1627 1809
1628 1803
1628 1911
1629 1702
1631 1947
1632 1655
1632 1907
1633 1723
1635 1949
1638 1954
1639 1653
1643 1778
1645 1804
1647 1732
1652 1882
1654 1730
1654 1734
1656 1853
1656 1863
1656 1972
1657 1963
1660 1897
1662 1721
1663 1865
1665 1758
1665 1917
1667 1856
1668 1855
1674 1873
1675 1969
1676 1816
1678 1820
1679 1852
1680 1973
1681 1936
1682 1689
1682 1808
1683 1962
1686 1998
1688 1990
1689 1838
1698 1733
1698 1857
1701 1924
1703 1783
1704 1850
1706 1956
1710 1764
1710 1877
1718 1950
1719 1752
1719 1943
1721 1888
1723 1847
1724 1734
1726 1787
1727 1947
1731 1806
1737 1899
1741 1760
1743 1978
1744 1945
1748 1763
1753 1853
1757 1788
1758 1840
1759 1836
1764 1806
1768 1977
1771 1884
1775 1856
1779 1829
1780 1791
1781 1935
1782 1907
1787 1973
1792 1921
1798 1961
1799 1880
1799 1974
1801 1876
1803 1946
1809 1865
1819 1988
1825 1853
1833 1891
1840 1913
1846 1918
1847 1860
1847 1955
1847 1959
1848 1966
1852 1967
1853 1896
1860 1917
1862 1898
1875 1940
1887 1974
1897 1968
1901 1912
1907 1981
1913 1980
1949 1989
