200 300
77
66
13
29
44
46
98
52
38
50
12
49
38
99
22
57
15
49
27
54
90
51
72
53
5
79
45
40
70
56
20
2
5
21
86
44
16
8
76
78
76
38
15
52
94
71
24
89
14
100
47
15
29
11
82
66
38
2
72
53
42
5
71
66
68
6
77
38
47
54
6
36
57
81
92
94
3
20
43
90
84
75
59
37
67
70
59
68
76
26
76
59
80
21
69
100
38
57
15
97
53
46
45
44
83
41
76
29
59
79
39
16
4
57
30
3
73
54
96
100
83
68
67
94
28
37
57
85
42
94
65
13
37
75
28
63
36
29
51
91
50
12
71
59
46
83
37
43
17
2
72
87
100
57
29
17
43
27
92
68
71
86
57
64
43
12
13
41
87
20
18
12
21
56
42
31
77
80
54
15
13
33
40
72
56
4
47
53
39
97
75
88
68
89
21
89
36
94
61
46
0 2
0 10
0 112
0 156
0 165
0 169
0 179
1 20
1 49
1 125
2 154
3 16
3 60
3 168
4 180
4 190
5 86
5 165
7 94
7 120
7 135
7 179
8 53
8 72
8 166
9 68
9 69
9 139
9 142
9 168
10 74
11 119
12 87
12 110
12 127
12 133
12 172
12 178
12 186
13 27
13 173
14 110
14 133
14 148
15 53
15 165
16 114
17 23
17 53
17 168
17 185
17 187
18 69
18 101
18 106
20 65
20 85
21 152
22 109
22 135
22 155
23 175
24 64
25 30
25 153
25 163
26 43
26 46
26 58
26 161
26 164
27 94
27 134
27 176
28 53
28 93
28 95
28 102
28 107
29 116
29 137
29 149
29 156
31 63
31 142
31 182
33 108
33 121
33 135
33 141
34 96
35 76
35 82
36 55
36 71
37 92
37 149
37 194
38 118
38 146
38 160
39 81
40 49
40 95
40 192
41 136
42 68
42 136
42 150
43 69
43 84
43 100
43 127
43 150
43 151
43 171
43 184
44 65
44 76
44 103
45 88
46 193
47 67
47 146
48 97
48 139
49 81
50 81
50 108
50 116
50 175
50 178
51 150
51 168
52 89
52 100
52 112
52 178
53 76
53 155
54 166
55 117
55 144
55 197
56 80
57 159
59 113
59 142
60 62
60 68
61 63
61 74
61 121
61 178
63 128
64 199
65 109
65 155
66 96
66 112
66 168
67 95
68 156
69 82
69 180
70 158
70 193
71 77
72 161
72 172
73 101
73 131
73 150
74 123
74 169
74 175
74 192
75 79
75 95
76 130
76 137
77 161
77 168
79 197
80 129
80 176
80 191
80 192
81 117
81 178
82 112
82 139
82 193
83 178
84 113
84 116
84 135
84 169
84 188
85 102
85 114
86 182
87 111
87 147
87 152
87 175
88 126
88 171
89 168
90 187
91 92
95 125
96 150
96 179
99 189
100 123
100 163
101 174
103 132
103 184
103 185
104 141
104 143
104 165
104 168
105 110
106 109
106 156
108 170
110 137
110 191
111 174
111 185
113 147
113 165
113 198
114 122
115 164
116 120
116 137
116 157
117 133
119 133
120 174
121 137
121 185
123 167
124 140
124 149
125 128
125 161
125 185
125 194
126 193
127 165
127 171
128 172
129 180
131 140
132 164
134 149
134 160
134 163
134 189
136 190
137 143
137 154
137 158
138 155
138 177
139 187
140 143
144 191
144 195
146 151
146 153
147 148
147 160
147 179
147 180
148 166
152 155
153 158
153 197
157 185
159 177
160 163
160 164
161 177
161 193
170 186
170 187
171 190
175 196
178 186
179 194
181 187
183 198
189 191
194 197
