200 308
59
80
4
87
99
48
69
62
46
47
27
40
41
84
62
53
52
74
97
78
13
97
64
48
2
26
82
80
35
79
91
81
66
53
67
2
74
95
14
50
12
76
84
7
63
9
46
20
57
44
70
76
19
39
56
23
15
69
99
13
78
86
63
54
83
96
86
88
60
85
38
98
24
91
16
18
26
5
54
71
5
24
89
83
9
7
71
13
84
6
23
28
10
48
41
36
69
92
74
49
6
84
89
26
99
14
38
84
8
89
98
94
48
41
84
92
31
20
89
20
68
86
92
61
15
65
80
76
71
61
67
6
43
81
19
91
40
18
93
66
79
100
36
12
88
7
85
84
49
78
24
90
57
7
100
5
74
88
60
74
83
45
92
4
72
20
42
29
100
81
80
42
39
55
87
97
82
19
33
90
90
87
20
100
52
71
96
89
2
67
46
6
27
14
84
8
64
91
52
62
0 2
0 142
0 143
1 164
1 169
2 29
2 63
2 76
2 81
2 169
2 177
2 198
3 68
3 181
3 192
4 52
4 73
4 84
4 87
4 198
5 28
5 65
5 77
5 107
5 136
5 140
6 23
6 37
6 94
6 137
7 70
7 76
7 86
7 109
7 149
8 131
9 69
9 82
9 189
10 64
11 123
11 134
11 137
12 19
12 22
12 118
12 195
13 15
13 125
13 195
14 17
14 49
15 116
15 139
16 65
16 83
16 116
16 149
17 50
17 59
17 169
18 45
18 47
18 54
18 65
18 105
19 48
19 92
19 196
21 23
21 82
21 103
22 36
22 54
23 138
23 141
23 196
24 79
24 99
24 103
24 104
24 139
24 187
25 28
25 40
25 81
25 94
25 176
25 184
25 187
25 189
26 76
26 102
26 170
27 70
27 145
28 34
29 142
30 38
30 39
30 58
30 139
33 69
33 103
33 130
33 155
35 130
35 141
36 110
36 127
36 152
37 58
37 97
38 88
38 184
39 166
39 184
40 164
40 181
41 100
41 112
42 47
42 92
42 128
43 98
43 166
43 193
45 69
45 146
46 82
46 134
47 87
47 104
47 114
48 153
50 72
51 101
51 129
52 116
53 63
53 167
53 193
54 132
54 189
56 83
56 109
57 69
57 171
59 133
59 145
60 90
62 144
62 145
63 194
64 85
64 165
65 75
65 125
65 157
66 101
66 187
67 147
67 152
67 183
68 114
68 152
69 87
69 92
69 148
69 193
70 114
70 116
70 148
70 165
70 190
71 106
71 174
72 80
72 93
72 118
73 144
73 180
73 185
74 130
74 154
74 174
75 99
75 150
75 180
76 116
76 127
76 196
77 113
77 123
77 175
78 112
79 128
80 96
80 128
80 135
80 152
82 141
82 183
83 100
83 131
84 107
84 123
84 138
84 189
85 175
87 120
87 143
88 125
88 196
89 94
89 130
90 119
90 135
91 120
92 115
93 197
94 115
96 140
96 172
97 170
97 180
99 177
100 161
101 142
101 155
101 181
102 133
103 127
104 114
104 171
104 197
105 118
105 160
105 179
106 196
107 125
107 164
107 169
107 179
107 189
108 155
108 199
109 134
110 115
111 135
112 163
113 154
113 161
113 180
114 125
114 160
114 184
115 149
116 138
116 161
117 165
120 132
120 135
120 143
120 160
120 187
121 148
121 171
122 139
123 192
124 143
125 153
125 158
128 187
129 131
130 147
130 155
132 152
133 161
133 171
135 181
136 155
139 199
140 189
142 180
143 152
143 155
146 172
147 149
147 174
147 185
148 170
149 174
150 166
151 156
153 191
157 173
159 175
161 172
163 170
163 174
166 173
167 174
174 199
175 193
176 189
178 187
184 189
