2000 2938
33
12
67
56
71
79
8
95
81
48
65
41
95
45
99
1
47
20
14
74
99
89
26
100
28
92
42
1
70
4
76
71
75
97
86
79
50
88
42
58
44
36
42
70
62
64
17
61
79
59
3
73
98
21
87
33
92
69
80
66
20
48
53
91
70
72
76
48
63
6
51
58
55
82
15
6
49
73
44
39
52
57
10
17
59
24
26
64
92
97
42
35
96
49
64
61
76
74
35
36
76
3
38
29
21
55
27
90
11
39
62
94
61
10
40
19
59
30
50
26
89
48
37
5
98
6
42
51
4
24
41
97
29
89
49
92
76
39
96
92
47
35
47
5
91
83
60
15
72
65
34
92
32
86
81
97
14
78
54
99
49
22
4
55
3
77
6
75
77
100
69
98
5
4
26
18
38
2
7
59
98
90
19
53
97
19
54
55
83
52
4
98
81
62
38
64
79
47
99
22
21
30
47
84
11
1
95
89
11
34
96
33
1
64
37
24
58
41
74
94
50
27
85
83
100
83
96
60
94
88
22
62
56
54
79
23
72
93
7
13
46
59
99
96
89
46
61
19
59
54
22
58
25
60
27
26
61
65
6
38
87
90
28
65
27
11
48
36
81
86
13
32
18
48
52
49
11
10
24
15
29
28
70
3
43
81
38
28
5
70
97
98
14
2
94
62
39
74
37
70
12
8
56
77
54
62
39
50
80
89
86
35
21
18
5
98
43
62
22
12
4
59
75
42
71
41
30
79
97
71
29
61
97
83
40
9
13
8
67
48
45
26
91
97
28
35
22
70
14
22
21
38
88
55
3
83
15
57
78
55
40
77
24
40
90
78
88
51
97
82
39
81
78
95
76
20
82
51
70
16
53
30
21
93
32
43
100
77
44
53
8
95
63
62
58
100
94
20
95
86
35
81
51
58
8
47
94
86
86
3
60
16
36
63
93
33
83
98
65
77
73
4
89
49
50
1
10
33
46
58
48
61
1
56
66
22
72
54
6
3
46
93
35
46
17
84
42
28
47
58
15
82
76
67
78
60
29
38
85
44
68
67
7
64
73
36
23
48
52
30
100
2
76
12
69
40
33
23
88
20
3
77
88
63
41
10
31
33
70
20
13
79
71
13
25
40
92
35
8
94
52
6
41
31
62
56
12
73
88
7
73
44
49
1
4
96
7
1
8
3
82
87
71
14
54
77
59
71
64
7
95
48
28
62
47
78
82
91
33
10
28
12
27
71
30
39
96
69
2
49
46
10
71
23
38
13
15
61
3
71
21
8
73
100
45
30
60
70
86
73
86
44
66
74
71
61
17
20
46
20
67
67
5
6
41
46
84
40
84
88
63
33
68
17
60
81
29
67
93
50
19
4
69
25
68
39
60
54
13
2
50
61
84
88
63
36
12
91
95
53
59
72
89
50
41
2
17
36
61
59
12
59
24
97
58
97
52
37
44
1
88
7
14
74
62
63
80
23
70
8
61
69
62
51
93
80
25
78
77
59
26
86
50
2
63
92
52
33
47
3
79
34
77
17
71
39
68
40
79
61
99
1
50
68
28
52
44
42
10
41
20
52
8
14
55
34
53
39
72
17
10
94
78
19
18
89
35
12
78
98
33
29
84
46
77
84
84
66
35
92
81
58
47
40
68
71
74
22
53
75
55
40
95
31
80
20
77
43
72
62
27
51
89
26
53
56
17
24
49
63
66
6
89
55
90
84
66
38
12
11
3
82
61
26
55
56
57
19
69
14
26
70
28
53
74
30
25
100
55
33
28
41
66
68
22
84
97
45
90
19
36
21
76
64
77
5
93
39
24
77
28
84
93
40
87
90
93
39
38
6
63
30
93
73
28
76
45
98
59
19
18
96
31
63
59
42
95
61
7
77
78
44
3
60
37
65
9
4
34
99
92
93
80
88
99
4
64
18
73
16
13
65
26
24
5
64
28
9
25
85
42
41
77
30
76
6
72
37
100
27
27
2
51
66
82
30
46
94
83
4
11
11
93
50
26
8
77
14
58
26
86
29
49
21
22
3
64
22
84
9
3
86
51
65
89
27
41
82
9
93
91
66
79
25
16
77
78
8
41
80
69
7
15
73
25
18
21
68
48
68
91
42
59
48
37
100
34
56
62
36
92
100
19
42
3
20
93
68
21
75
37
76
80
53
82
25
45
30
32
77
49
42
68
87
82
5
40
42
82
9
26
98
91
66
2
93
89
46
13
40
2
15
26
7
23
33
99
96
79
13
93
25
62
60
94
14
25
67
23
82
57
78
22
82
2
16
93
41
73
18
40
68
98
38
11
24
84
26
99
61
9
37
2
51
48
63
74
65
87
23
11
55
64
59
36
12
44
14
84
54
48
75
32
25
72
43
67
41
14
28
42
94
25
51
41
21
63
97
6
93
77
86
89
25
92
31
48
32
100
82
45
94
53
37
62
2
95
2
7
4
72
55
28
80
78
46
67
63
99
50
14
17
78
25
68
75
70
78
72
65
12
24
39
67
94
30
50
64
63
23
94
12
12
6
50
89
78
50
47
93
95
59
91
87
76
70
31
70
96
59
95
71
15
82
12
38
93
15
91
73
20
99
34
58
32
77
43
52
57
12
58
94
37
85
84
59
58
34
12
32
57
50
84
4
91
26
61
62
94
83
70
22
86
45
87
87
44
91
57
74
77
17
37
68
92
35
26
63
46
44
7
71
70
86
95
88
68
74
14
58
39
76
49
45
53
45
19
31
2
20
64
55
51
85
47
37
60
53
76
31
20
10
16
56
22
56
83
63
31
1
42
96
45
8
96
3
44
100
70
23
81
59
25
83
31
24
69
71
12
11
49
42
66
99
26
56
65
87
4
39
88
37
84
33
58
25
1
67
61
84
42
75
11
86
31
95
52
14
25
92
22
35
81
11
26
54
9
78
85
8
98
75
8
82
29
16
28
62
35
53
20
28
85
33
68
44
41
88
65
38
89
49
98
66
29
61
87
43
13
26
38
64
47
51
39
55
28
66
45
68
3
2
69
19
2
50
17
73
50
53
65
76
69
79
52
71
95
17
100
5
29
35
97
72
96
24
48
7
94
53
98
86
34
16
29
9
26
59
86
99
17
74
32
42
33
38
6
62
23
28
8
5
25
34
90
54
61
58
52
16
29
26
78
57
56
55
4
39
9
69
89
29
21
10
48
68
61
88
17
47
36
91
44
42
9
40
30
50
6
5
73
15
3
41
1
29
9
31
87
3
75
39
86
27
95
7
96
84
6
11
78
62
91
98
12
7
57
40
96
22
40
73
65
27
73
48
51
37
44
30
39
56
28
93
10
51
13
54
16
73
33
19
65
45
41
28
10
89
12
72
18
27
98
71
84
7
9
21
40
35
53
17
36
27
76
26
23
85
33
3
90
47
59
82
68
38
14
89
10
26
14
37
35
14
94
79
36
28
75
12
54
6
9
14
19
11
8
7
28
40
51
59
52
4
13
89
60
21
77
61
23
27
2
7
18
45
82
33
40
90
97
33
33
83
18
2
48
23
54
41
58
18
58
81
48
59
36
18
33
23
7
24
24
17
19
53
67
30
21
13
97
15
12
55
36
66
21
15
37
71
80
45
59
82
89
44
41
43
68
59
43
12
79
100
86
42
78
9
55
24
74
63
91
28
32
49
1
92
40
54
86
3
98
76
53
79
33
47
16
97
94
95
47
2
1
97
45
5
93
36
82
87
35
78
68
15
38
9
36
99
66
7
66
53
78
74
17
66
60
100
5
42
87
88
72
35
99
21
91
19
12
54
93
15
30
76
98
27
66
70
55
93
55
62
97
97
95
33
73
3
18
95
93
11
74
49
40
83
6
69
25
2
95
95
97
64
53
32
75
35
76
85
54
78
24
34
42
2
36
50
33
69
72
87
27
1
45
60
79
52
86
62
74
42
3
36
69
53
26
28
30
40
58
50
36
35
71
92
61
59
20
12
15
87
82
19
51
53
28
40
3
28
89
37
1
99
30
23
55
64
85
87
36
1
9
22
63
96
53
65
61
72
90
25
69
24
7
90
88
15
37
68
27
51
52
34
67
51
63
59
91
97
52
94
6
13
76
53
20
14
91
25
70
41
4
17
56
27
57
48
89
43
10
64
4
85
35
52
31
19
10
100
61
25
82
27
91
48
35
64
24
98
57
95
13
44
95
82
27
67
75
68
49
82
6
71
79
36
25
46
68
29
12
77
29
81
49
1
85
68
51
35
73
100
58
81
30
76
79
79
29
9
32
45
67
95
42
61
19
64
21
17
99
43
96
73
12
85
8
39
49
56
53
87
26
87
73
14
19
39
5
68
57
4
36
17
85
21
18
100
27
35
16
63
96
27
55
41
79
35
5
74
42
60
65
42
17
41
33
92
67
29
34
48
35
41
36
50
25
34
28
86
44
2
51
12
51
92
41
27
18
4
78
65
14
12
64
7
17
87
76
43
45
12
37
17
69
100
93
96
44
39
89
62
62
21
88
25
79
38
60
3
40
87
54
29
96
52
31
17
0 1498
0 1549
0 1910
0 1965
1 210
1 979
1 1159
1 1290
1 1302
1 1358
2 72
2 363
2 649
2 1111
2 1375
2 1457
2 1816
3 233
3 385
3 470
3 1289
3 1397
3 1398
3 1726
3 1987
4 540
4 831
4 1109
4 1328
5 666
5 825
5 1219
7 1744
8 155
8 1094
8 1128
9 1100
9 1486
9 1670
10 634
11 116
11 124
11 1288
11 1732
11 1862
11 1938
11 1994
12 291
12 1304
13 1153
13 1910
14 404
14 845
14 887
14 1088
14 1197
15 1224
16 393
16 896
16 1674
16 1880
17 73
17 1794
17 1991
18 363
18 374
18 1554
19 298
19 1666
20 763
21 139
21 620
22 245
22 309
22 396
22 488
22 849
23 76
23 259
23 1093
23 1479
25 26
25 73
25 440
25 637
25 799
25 1921
26 164
26 1018
27 192
27 396
27 594
27 678
27 1349
27 1528
28 153
28 338
28 939
28 1009
29 384
29 731
29 998
31 234
31 686
31 1182
31 1745
32 428
32 1628
33 222
33 825
33 980
33 1237
33 1897
34 497
34 1703
34 1836
35 157
35 1918
37 41
37 1491
38 810
39 506
39 758
39 1082
40 143
41 228
41 311
41 490
42 1033
42 1834
43 1716
43 1860
44 1604
44 1623
45 1223
45 1369
46 158
46 1810
47 954
47 978
48 104
48 791
48 1229
48 1384
49 446
49 773
49 1352
49 1943
50 621
50 1011
50 1683
50 1702
51 76
51 1223
52 195
52 227
52 1335
53 558
53 1760
54 363
54 1951
54 1974
55 120
55 308
55 396
55 435
55 545
55 908
55 1055
55 1487
55 1711
56 1059
56 1719
57 598
58 1435
58 1909
59 1142
59 1208
59 1349
59 1549
60 1575
61 515
61 818
61 1242
62 1927
63 569
63 1474
63 1632
64 159
64 211
64 220
65 116
65 216
65 879
65 1137
65 1608
65 1762
66 194
66 411
66 599
66 1142
66 1643
67 1557
68 540
68 649
68 1252
68 1256
69 766
69 1357
69 1404
69 1698
69 1840
69 1882
69 1980
70 473
70 748
70 841
70 936
70 1266
71 1078
71 1163
71 1284
72 658
72 1184
72 1283
72 1711
73 192
73 1698
74 518
74 618
74 1748
75 188
75 249
75 1447
76 1066
76 1398
76 1471
77 142
78 574
78 1518
79 747
79 1381
79 1548
80 254
80 397
80 635
80 826
80 1407
80 1461
82 248
82 338
82 922
82 1198
83 410
83 1946
84 705
84 726
84 1234
85 186
85 221
85 427
86 652
86 1309
86 1652
87 270
87 1329
87 1726
88 279
88 875
88 1684
89 337
89 1995
90 984
91 1306
91 1686
92 95
93 1125
93 1697
93 1718
94 1041
94 1062
95 1358
95 1991
96 1351
96 1452
98 1015
98 1176
98 1519
98 1929
99 1081
102 587
102 626
102 1833
103 1027
103 1467
103 1854
105 139
105 226
105 1050
106 568
107 686
107 994
107 1037
107 1359
107 1475
107 1789
108 1268
109 1575
109 1646
111 1064
111 1180
112 540
113 562
113 881
113 1652
113 1819
114 719
114 1036
114 1529
115 254
115 475
115 867
115 1583
116 379
116 1039
116 1655
116 1794
116 1983
117 156
118 181
118 517
118 553
118 725
119 804
119 1575
122 133
122 206
122 850
123 688
124 470
124 790
124 1250
124 1701
125 1037
125 1142
125 1144
125 1844
126 242
126 344
126 717
126 928
126 1231
127 227
127 303
127 674
127 1880
129 208
129 217
129 659
129 1193
130 503
130 628
130 1115
130 1125
130 1293
130 1647
131 574
132 795
132 1250
132 1981
133 930
133 1390
133 1494
134 502
134 588
134 759
134 982
134 1354
135 922
135 989
135 1273
135 1431
136 1639
137 219
137 976
137 1444
139 1979
140 595
141 168
141 1431
141 1737
141 1854
142 709
143 739
143 1483
143 1835
145 555
145 719
145 760
145 1127
145 1601
146 1236
146 1293
148 320
148 1255
148 1534
149 779
149 1676
150 245
150 523
150 547
150 556
150 638
150 914
150 1067
150 1556
150 1599
151 985
151 1732
151 1795
152 769
152 856
152 1235
152 1580
153 902
153 1054
153 1257
153 1540
153 1741
154 262
154 1217
154 1247
155 605
155 978
155 1545
155 1980
156 427
156 960
156 1329
156 1388
156 1606
157 610
157 1220
157 1750
158 1334
158 1694
158 1814
158 1992
159 507
159 837
159 1313
159 1808
160 515
160 599
160 703
160 966
160 973
161 232
161 1302
161 1333
161 1681
162 276
162 799
164 231
164 1294
164 1819
164 1987
165 612
165 885
165 1947
166 698
167 590
167 1176
167 1349
167 1702
168 453
168 745
168 1438
168 1758
169 995
172 1663
173 516
173 663
173 1442
173 1582
173 1779
173 1923
175 843
175 1326
176 357
176 997
176 1572
177 948
177 1137
177 1420
177 1472
177 1607
179 238
179 774
179 1123
180 623
181 773
181 851
181 1708
182 448
182 1648
183 250
183 409
184 288
184 711
184 1910
185 1798
186 1612
187 548
187 1533
188 1368
189 556
189 1193
189 1354
189 1652
190 430
190 592
190 1282
190 1365
190 1423
190 1802
191 414
191 564
192 322
192 428
192 1251
192 1530
192 1963
193 1327
193 1565
193 1924
194 364
194 559
194 666
194 801
194 1551
194 1697
195 1478
195 1812
196 474
196 1996
197 1738
197 1917
198 411
198 1488
199 330
199 1115
200 789
200 845
200 1945
202 232
202 555
203 313
203 414
203 1103
203 1513
204 1214
204 1368
205 442
205 588
205 1903
207 248
207 478
207 900
207 906
207 1512
207 1695
208 1440
209 1236
210 413
210 1097
210 1477
211 566
211 1253
212 381
212 1198
213 612
213 1114
213 1209
213 1258
213 1987
214 443
214 894
214 1621
215 578
215 1444
215 1594
215 1689
216 244
216 1071
216 1399
216 1882
217 1566
218 666
218 1693
220 230
220 1124
221 668
221 679
221 1069
222 735
222 774
222 1102
222 1596
222 1709
222 1716
223 1146
224 409
224 444
224 667
224 864
224 902
224 1110
224 1544
225 463
225 1749
226 310
226 760
226 997
226 1527
227 915
227 1661
227 1778
227 1872
228 1084
229 632
229 646
229 728
229 883
229 1033
229 1568
229 1627
230 369
230 520
230 739
230 1354
231 316
231 438
231 1271
232 1447
234 1747
234 1849
234 1987
235 295
235 807
236 1684
237 963
238 803
238 1108
239 1113
239 1650
240 316
240 1535
241 1173
241 1185
242 650
242 825
242 879
243 703
243 1534
243 1959
244 321
245 579
245 634
245 668
245 1073
245 1826
246 272
246 908
247 697
247 873
247 1010
247 1537
247 1696
248 1077
249 405
250 423
250 832
250 1121
250 1191
250 1646
250 1912
250 1997
251 456
251 537
251 968
251 1368
252 465
252 1149
252 1311
252 1838
252 1973
253 591
254 624
254 861
254 1167
256 1501
258 339
258 676
259 308
259 789
259 801
259 975
259 994
259 1307
261 1006
261 1215
261 1218
261 1932
261 1982
262 1188
262 1936
263 461
263 827
263 1026
263 1814
264 418
264 1987
265 299
265 646
265 664
266 1437
266 1627
267 1111
267 1259
268 496
269 303
269 987
269 1410
269 1955
270 636
270 691
270 1392
270 1635
270 1934
272 455
272 1074
273 553
273 797
273 982
273 1368
273 1832
274 1368
274 1432
274 1544
274 1840
274 1879
275 533
275 1686
276 394
276 517
276 1959
278 664
278 1626
278 1999
279 288
279 740
279 1438
279 1913
280 522
280 944
280 1746
281 543
281 772
281 1137
282 1234
282 1323
282 1789
283 1040
283 1152
283 1810
284 633
284 1888
285 445
286 660
286 690
286 1249
287 1512
287 1652
288 723
289 910
289 1249
290 411
290 1756
291 390
291 837
291 1024
291 1847
292 569
292 1064
292 1327
292 1618
293 1589
293 1834
294 1817
295 436
295 588
295 1626
297 950
297 1023
297 1156
297 1203
297 1563
297 1638
298 501
298 508
298 549
298 777
298 1387
298 1924
299 1032
299 1060
299 1389
299 1816
301 303
301 1284
302 695
302 1130
302 1424
302 1594
302 1718
303 1297
303 1398
305 1287
305 1379
306 877
306 1112
307 384
307 716
307 1126
307 1339
308 1387
309 383
309 1763
309 1840
310 696
310 1096
310 1180
310 1843
311 938
311 1365
312 659
312 703
312 999
312 1393
312 1561
312 1661
314 341
314 527
314 818
315 551
315 1851
316 393
316 1048
316 1311
316 1671
317 772
317 986
317 1483
317 1696
317 1737
318 431
318 896
319 1112
319 1906
320 600
320 1635
321 944
321 1307
322 901
322 1929
323 1319
323 1440
323 1962
324 1080
324 1334
324 1440
325 344
325 549
325 890
325 960
326 538
326 995
326 1327
327 1009
328 1080
329 719
329 840
329 1244
329 1497
330 897
330 910
330 1130
330 1221
330 1726
331 1450
332 820
332 1809
333 970
334 460
334 1223
335 1349
335 1523
336 523
336 719
336 724
337 706
338 469
338 820
338 866
338 1066
338 1530
338 1587
339 1221
339 1620
340 463
340 663
341 558
341 1154
342 713
342 1012
342 1493
342 1667
342 1799
343 437
343 800
343 967
343 1060
343 1275
343 1671
344 375
344 695
344 1743
345 389
345 1969
346 735
346 906
346 1790
348 472
348 789
348 869
348 913
349 457
349 929
349 1067
349 1237
349 1505
350 626
350 647
350 809
350 1173
350 1558
351 1645
351 1841
352 1140
352 1167
352 1372
353 419
354 376
354 1653
354 1921
355 1475
356 1144
356 1252
356 1517
356 1888
357 915
357 1038
358 1439
360 601
360 1980
361 624
361 1050
361 1368
362 908
363 426
364 1403
365 433
365 1547
368 503
368 910
368 1229
369 988
369 1379
369 1383
370 652
370 721
370 1113
372 427
372 1883
373 541
373 1193
374 1299
375 1399
375 1836
376 482
376 772
376 1636
377 463
377 1128
377 1247
377 1436
378 1606
379 1454
379 1746
380 1433
381 529
381 584
381 593
381 1035
381 1792
382 400
383 440
383 610
384 1054
385 673
385 822
385 1585
385 1812
386 1099
387 450
387 1536
388 1192
388 1435
389 1219
390 678
390 832
390 1536
391 956
391 972
391 1503
392 793
393 614
394 703
394 1018
394 1623
394 1877
394 1936
395 416
395 1608
396 431
396 1583
396 1684
398 941
398 1073
399 532
399 1752
400 859
400 1850
400 1903
401 615
401 812
402 472
403 506
404 1082
405 533
405 1202
405 1601
406 1005
406 1582
407 718
407 889
407 1279
407 1553
408 807
408 896
408 1628
408 1636
409 610
409 1599
410 1081
411 414
411 1901
413 1023
413 1876
414 895
414 947
414 1726
414 1951
415 1184
415 1502
416 1298
417 490
417 879
417 1153
417 1743
418 527
418 1298
419 1102
420 1303
420 1623
420 1966
421 455
421 549
421 1574
421 1810
422 500
422 1330
422 1807
423 1228
424 695
424 888
424 906
424 1429
424 1641
424 1847
425 1032
425 1396
425 1507
426 1048
427 991
427 1098
427 1835
427 1977
428 559
428 591
428 1968
428 1977
430 496
430 545
430 993
430 1007
430 1271
431 443
431 464
431 1319
431 1521
431 1755
432 439
432 461
432 1080
432 1285
432 1429
432 1865
433 1607
433 1814
434 555
434 730
434 940
434 1267
434 1766
434 1776
435 914
435 1033
435 1929
436 1836
438 863
438 918
439 647
439 950
440 490
440 662
441 1135
441 1142
441 1836
442 755
442 1052
442 1658
443 1017
443 1082
443 1787
444 608
444 638
444 868
444 1056
444 1669
445 792
445 1062
445 1340
446 853
446 1106
446 1301
446 1959
447 1821
447 1843
448 971
448 1069
448 1210
448 1313
448 1321
449 536
449 725
449 916
450 513
450 818
450 925
450 1218
450 1517
451 1318
451 1675
451 1769
451 1937
452 461
452 890
452 1210
453 922
453 1523
454 1230
454 1343
454 1606
454 1823
455 506
455 778
455 1144
455 1366
456 1365
456 1570
456 1772
457 926
458 488
459 1229
460 679
461 505
464 1025
465 926
465 1535
466 469
466 1257
466 1572
466 1860
466 1904
466 1960
467 569
467 688
467 1597
468 1487
469 1411
469 1619
469 1640
469 1815
469 1831
470 1455
471 664
471 879
471 1532
471 1738
471 1746
471 1798
472 1015
472 1594
472 1747
473 1326
473 1968
474 1221
474 1430
475 1312
476 1266
476 1533
476 1763
477 667
477 868
477 1529
478 738
478 1384
479 585
479 652
479 838
480 486
481 636
482 1873
483 536
483 1295
483 1839
484 488
484 708
484 1882
485 1182
485 1785
486 634
486 929
486 951
486 1826
487 1103
487 1467
488 672
488 783
488 1325
490 928
490 1233
491 613
491 684
492 714
492 1242
492 1785
493 1751
494 1991
495 782
495 846
495 901
496 851
496 988
496 1614
496 1655
498 630
498 653
499 725
500 1913
501 941
501 1219
501 1390
501 1974
502 814
502 1502
503 1228
503 1996
505 772
505 1199
505 1483
506 798
506 1688
506 1841
507 861
507 995
507 1753
508 1224
508 1873
509 1029
510 1763
511 796
511 1769
512 1597
513 1871
514 775
515 864
518 1570
518 1699
519 1921
520 1255
520 1487
520 1928
521 776
521 1917
521 1969
522 1515
522 1520
522 1831
523 597
523 610
523 1066
523 1874
524 626
524 1187
524 1616
524 1706
526 901
526 997
526 1643
526 1820
527 1127
527 1367
527 1687
528 609
528 881
529 738
529 884
529 1256
529 1409
530 626
530 788
530 1328
530 1371
531 673
531 1473
531 1900
532 1637
533 745
533 898
533 1167
533 1183
533 1374
533 1911
534 922
534 1097
534 1251
534 1401
534 1994
535 1078
536 1451
536 1487
537 1087
537 1657
537 1715
539 760
539 955
539 1183
540 956
541 630
541 1309
541 1640
542 749
543 858
543 1620
544 1317
544 1907
545 1033
545 1097
545 1360
545 1513
545 1749
546 747
546 1215
546 1295
546 1455
546 1693
547 1669
548 1958
550 1102
550 1262
550 1558
551 1399
551 1549
552 1123
552 1590
553 779
553 1019
553 1779
553 1857
554 1502
554 1738
555 1321
556 765
556 913
556 936
556 990
556 1488
557 648
557 1279
557 1480
558 1517
559 679
559 1093
560 1548
561 590
561 1003
561 1307
561 1370
562 619
562 1244
563 676
563 1257
564 1586
564 1684
564 1794
565 841
565 1459
565 1636
565 1692
565 1814
566 1667
567 858
567 1559
567 1578
567 1895
567 1953
568 650
568 655
568 1119
568 1548
568 1585
569 1157
569 1394
570 770
570 1508
570 1589
571 583
571 1539
573 1325
574 1552
574 1571
574 1736
576 1168
576 1792
577 1799
578 1293
578 1598
579 754
579 1482
581 1444
582 924
582 1906
583 1307
583 1755
584 1241
584 1757
585 802
585 941
587 701
587 857
587 1017
588 717
588 776
588 1878
588 1925
589 1087
589 1764
590 974
590 1006
590 1835
591 1687
591 1854
591 1985
592 1316
592 1711
593 1023
593 1025
593 1352
595 1575
596 953
597 1040
597 1610
598 1653
599 1189
600 873
601 641
601 1576
601 1632
602 1359
602 1505
602 1654
603 659
603 1155
603 1329
604 1228
605 1026
605 1208
606 722
606 1682
607 1425
608 710
608 1635
609 913
609 1098
609 1741
610 895
610 1412
611 746
611 1021
611 1053
612 741
612 787
612 1491
613 1421
613 1848
614 969
614 1127
614 1914
615 882
615 1194
615 1830
616 753
617 1422
618 668
618 865
618 1982
619 1157
619 1238
620 1274
620 1290
620 1827
621 1250
621 1357
621 1770
621 1907
622 1660
623 829
623 1084
623 1295
624 1018
624 1306
624 1565
626 698
626 762
626 763
626 1403
627 674
627 682
627 1965
628 1823
628 1910
629 1382
629 1661
630 716
630 1148
631 1068
632 710
632 805
633 662
633 792
633 957
634 1488
635 797
636 816
636 964
636 1246
637 937
637 1206
637 1313
640 1124
640 1270
640 1823
640 1902
641 958
641 1851
642 867
642 1926
643 897
643 1272
644 1040
644 1627
646 1283
646 1425
647 1562
647 1809
648 1027
648 1133
648 1221
649 1791
650 863
650 1212
651 1538
651 1736
652 849
653 1284
654 1322
655 845
655 1002
655 1042
655 1744
656 1359
657 764
658 952
658 1415
658 1738
658 1991
659 778
660 1909
662 1053
663 1179
664 1519
665 774
665 824
665 913
665 1161
665 1877
667 705
667 1987
668 1125
669 871
669 1092
669 1128
669 1613
671 1019
672 774
672 1569
673 1054
673 1682
674 690
674 1905
676 1063
677 1005
677 1125
677 1139
678 951
678 1162
678 1670
679 1359
679 1964
680 832
680 1208
680 1716
681 1033
681 1434
681 1835
682 871
682 1648
683 774
683 1024
683 1811
686 877
686 979
687 923
687 1118
688 957
688 1788
689 906
689 1193
689 1728
689 1744
690 1748
692 982
693 1456
694 925
694 1799
695 765
696 1395
696 1692
697 1149
698 834
698 1889
699 981
700 781
700 1766
701 786
701 938
701 1121
701 1220
701 1659
702 1512
704 1193
706 888
706 1196
706 1971
707 786
707 1465
707 1488
707 1761
708 1135
709 967
709 1506
710 964
710 1294
710 1918
711 961
711 1113
711 1389
712 942
712 1813
713 1489
714 1229
714 1242
714 1563
714 1675
714 1898
715 928
715 1503
717 1081
718 1770
719 1048
719 1381
721 986
722 1222
722 1455
722 1723
723 764
723 1793
723 1863
724 1544
724 1745
724 1830
724 1930
725 1301
725 1999
728 850
730 793
730 1053
730 1435
731 891
731 1128
731 1133
731 1879
732 1029
732 1916
733 1917
734 1380
734 1511
735 958
735 1072
735 1505
737 1022
737 1280
737 1818
738 1048
738 1202
739 1212
739 1825
740 1519
741 1303
741 1586
742 1372
743 1247
743 1395
743 1609
745 1512
746 998
746 1387
746 1974
747 980
748 836
748 1159
748 1269
748 1373
748 1458
749 938
749 995
749 1183
749 1271
753 975
754 1691
755 1129
755 1619
756 1015
756 1327
756 1594
756 1723
757 1324
758 1155
758 1968
759 1363
760 1517
761 823
761 874
761 1489
762 818
762 959
762 1389
764 1480
766 772
766 1048
767 1762
768 1122
770 1088
771 1582
772 1174
772 1699
773 870
773 1336
774 1113
774 1787
775 1187
775 1501
775 1552
776 1546
777 1828
779 1315
779 1644
779 1887
780 1381
780 1834
781 1376
781 1400
781 1760
781 1984
782 1076
782 1382
782 1607
783 1032
784 821
785 806
786 1219
786 1234
787 1522
787 1614
787 1798
789 1354
789 1612
791 1413
792 841
792 1863
793 837
793 1258
793 1395
794 1380
794 1582
794 1733
794 1788
794 1818
795 1809
796 1939
797 1377
798 1560
799 1516
800 1597
801 1307
801 1580
801 1632
801 1752
802 1691
803 1873
804 1681
804 1994
805 1530
805 1665
805 1965
806 1079
806 1085
807 1782
807 1952
808 1129
808 1407
809 1044
809 1486
810 861
810 1285
810 1955
812 1654
813 1710
814 875
815 1850
817 1715
817 1910
818 834
818 1004
818 1354
819 1671
819 1684
819 1980
820 1102
822 913
822 1459
822 1725
823 1522
824 1445
824 1963
826 1220
827 1456
827 1552
828 1463
828 1705
828 1764
830 992
830 1064
830 1260
831 902
831 939
831 1370
832 1592
833 1411
834 1165
835 1659
835 1915
836 1068
836 1829
837 1418
838 1607
839 1043
841 880
841 973
841 1638
842 1451
843 1227
843 1900
844 1003
845 1240
845 1893
846 1015
848 965
848 1595
848 1927
849 1928
849 1944
850 1435
850 1922
851 911
851 1103
851 1883
852 1010
852 1414
853 1881
856 1114
856 1982
857 1312
857 1819
858 890
859 1669
859 1984
861 1380
861 1693
863 964
863 1140
863 1228
863 1362
863 1718
865 928
865 1412
865 1512
865 1550
865 1722
865 1958
866 1643
868 1786
869 1167
870 876
870 1131
872 934
874 1144
876 998
876 1303
877 1204
877 1255
878 1095
878 1782
879 1754
880 1812
881 1431
882 1498
882 1839
882 1892
882 1989
883 1250
883 1270
884 1587
885 1631
886 1521
886 1577
886 1633
886 1682
887 1665
888 1181
888 1704
889 1287
889 1486
889 1851
889 1854
891 985
892 1699
893 1266
893 1609
894 1677
898 899
898 1502
899 1623
899 1920
900 1036
900 1078
900 1677
901 1225
901 1890
902 1303
902 1397
902 1502
902 1635
902 1745
902 1905
903 1128
903 1238
903 1253
904 1041
904 1885
905 1534
906 1492
906 1544
907 1368
908 1318
908 1355
908 1822
909 1326
909 1423
909 1663
909 1669
909 1718
910 1137
913 1880
915 1001
916 1437
916 1914
918 1122
918 1755
919 1659
919 1936
921 1203
921 1310
921 1590
921 1657
923 1525
924 1005
925 1405
925 1653
926 1547
927 1282
927 1344
929 932
929 1602
930 1247
931 1010
931 1126
932 1734
933 1289
933 1937
934 1986
935 1001
936 1027
936 1770
937 1316
937 1680
937 1742
939 1374
939 1428
939 1617
940 1044
940 1446
940 1580
941 963
941 1616
942 1224
942 1737
942 1796
943 1149
943 1740
943 1758
944 1323
944 1654
944 1906
945 1646
946 1273
946 1500
948 1024
948 1663
949 1434
949 1469
949 1586
950 1231
952 1288
952 1975
953 1716
954 1190
954 1362
954 1509
955 973
955 1550
955 1589
955 1928
956 1636
957 1668
958 1369
959 1437
960 1096
960 1939
961 1139
963 1043
963 1194
964 1128
964 1422
965 1377
965 1949
966 1067
966 1752
967 1108
967 1112
969 1346
969 1740
970 1196
971 1385
971 1579
971 1709
972 1355
972 1744
973 1874
973 1950
974 1125
976 1692
976 1882
977 1038
977 1512
977 1664
978 1132
978 1448
979 1874
980 1069
980 1763
981 1097
982 1483
983 1163
983 1281
983 1664
984 1192
986 1668
987 1450
988 1371
988 1624
988 1849
988 1896
989 1715
989 1989
992 1047
992 1665
994 1106
994 1869
995 1111
995 1195
996 1291
996 1754
997 1667
998 1081
1000 1652
1001 1496
1001 1563
1002 1305
1005 1526
1005 1751
1005 1977
1006 1319
1006 1357
1006 1643
1006 1796
1007 1072
1007 1527
1009 1800
1009 1928
1009 1938
1010 1606
1011 1026
1011 1246
1011 1310
1012 1238
1012 1301
1013 1205
1015 1555
1015 1805
1016 1315
1017 1476
1018 1150
1019 1042
1019 1452
1019 1647
1019 1978
1020 1119
1020 1675
1023 1380
1023 1743
1023 1890
1024 1258
1024 1964
1024 1969
1025 1433
1027 1650
1028 1980
1030 1083
1032 1101
1032 1946
1035 1561
1037 1483
1038 1402
1040 1421
1041 1585
1042 1192
1042 1836
1044 1235
1044 1853
1045 1559
1046 1415
1046 1514
1047 1912
1048 1103
1050 1843
1051 1246
1052 1255
1052 1656
1053 1255
1054 1774
1054 1932
1054 1952
1055 1071
1055 1327
1055 1343
1055 1680
1056 1885
1056 1936
1058 1342
1060 1858
1060 1885
1061 1167
1061 1321
1061 1375
1062 1506
1062 1954
1064 1410
1064 1727
1065 1841
1068 1208
1068 1501
1068 1636
1070 1138
1070 1834
1071 1707
1071 1856
1072 1086
1072 1315
1073 1106
1073 1735
1075 1151
1075 1499
1076 1987
1077 1630
1078 1219
1078 1675
1078 1842
1078 1877
1079 1321
1079 1606
1079 1878
1080 1842
1083 1503
1085 1213
1085 1807
1086 1152
1089 1192
1089 1361
1089 1712
1090 1306
1090 1369
1090 1420
1091 1586
1092 1218
1092 1732
1093 1655
1094 1315
1094 1743
1095 1556
1095 1738
1095 1962
1097 1882
1098 1235
1098 1581
1100 1631
1100 1682
1100 1791
1101 1638
1102 1300
1103 1195
1105 1391
1105 1464
1106 1510
1109 1474
1109 1664
1110 1274
1111 1230
1111 1281
1111 1558
1111 1891
1112 1365
1112 1688
1113 1196
1113 1607
1116 1458
1117 1781
1117 1888
1118 1786
1119 1756
1119 1765
1119 1791
1120 1696
1121 1288
1121 1634
1122 1863
1123 1225
1124 1420
1124 1440
1124 1504
1124 1608
1124 1614
1124 1622
1124 1893
1125 1339
1125 1471
1126 1944
1127 1623
1127 1624
1128 1317
1128 1854
1129 1886
1130 1744
1131 1888
1132 1170
1132 1318
1135 1390
1135 1707
1136 1733
1137 1358
1138 1465
1138 1996
1139 1299
1139 1907
1140 1634
1142 1154
1142 1825
1142 1912
1143 1150
1143 1871
1143 1919
1145 1684
1146 1469
1146 1548
1146 1772
1147 1316
1147 1576
1150 1301
1150 1569
1150 1597
1151 1382
1151 1413
1151 1647
1152 1810
1153 1677
1154 1482
1156 1955
1157 1915
1158 1286
1158 1329
1160 1265
1160 1693
1160 1869
1160 1980
1161 1238
1161 1271
1161 1378
1162 1830
1165 1680
1168 1922
1169 1302
1169 1353
1169 1466
1171 1717
1171 1909
1173 1771
1173 1833
1174 1626
1175 1342
1178 1208
1179 1465
1180 1820
1181 1197
1181 1356
1183 1688
1184 1465
1185 1512
1185 1527
1186 1198
1186 1207
1187 1709
1190 1191
1190 1411
1190 1757
1193 1436
1194 1368
1194 1611
1195 1656
1195 1719
1196 1997
1197 1234
1197 1362
1198 1282
1199 1405
1199 1677
1199 1926
1200 1245
1200 1963
1202 1515
1203 1337
1204 1601
1204 1605
1205 1584
1205 1662
1206 1247
1206 1615
1206 1758
1209 1299
1210 1441
1210 1454
1211 1546
1213 1657
1214 1938
1216 1530
1218 1987
1219 1838
1219 1940
1220 1560
1220 1847
1220 1903
1222 1367
1224 1559
1224 1764
1225 1407
1226 1670
1227 1420
1227 1756
1228 1958
1229 1625
1230 1651
1230 1772
1231 1953
1232 1972
1233 1249
1233 1668
1234 1521
1235 1305
1235 1371
1235 1691
1235 1973
1236 1349
1236 1682
1238 1690
1238 1981
1240 1783
1240 1955
1243 1867
1244 1334
1244 1559
1245 1609
1245 1842
1248 1256
1250 1304
1251 1279
1251 1385
1255 1440
1256 1702
1262 1824
1263 1504
1264 1478
1265 1465
1267 1727
1268 1300
1269 1438
1269 1598
1270 1807
1272 1374
1272 1412
1272 1676
1273 1713
1273 1733
1274 1746
1277 1392
1278 1760
1280 1368
1281 1548
1283 1489
1285 1382
1285 1482
1285 1797
1286 1417
1286 1440
1288 1338
1288 1353
1288 1381
1289 1585
1290 1394
1290 1896
1293 1943
1294 1353
1295 1476
1295 1667
1298 1315
1299 1526
1299 1641
1301 1459
1302 1577
1302 1725
1302 1999
1304 1340
1307 1366
1307 1408
1307 1979
1309 1451
1309 1878
1311 1629
1312 1391
1312 1541
1313 1782
1315 1520
1318 1536
1318 1683
1321 1378
1321 1552
1323 1372
1323 1689
1324 1869
1326 1422
1326 1500
1327 1329
1328 1700
1329 1919
1337 1529
1337 1950
1338 1829
1338 1997
1339 1996
1340 1489
1341 1507
1341 1683
1342 1555
1343 1354
1345 1558
1347 1439
1347 1816
1348 1456
1348 1532
1349 1425
1349 1519
1349 1992
1352 1919
1353 1428
1353 1674
1353 1857
1355 1616
1356 1674
1357 1523
1357 1545
1357 1918
1358 1872
1360 1647
1362 1989
1363 1920
1365 1644
1365 1711
1365 1979
1366 1734
1368 1391
1368 1806
1368 1826
1368 1944
1368 1963
1369 1377
1370 1915
1371 1375
1373 1580
1373 1986
1375 1512
1375 1819
1376 1385
1377 1699
1379 1512
1382 1653
1382 1682
1383 1501
1383 1547
1383 1796
1384 1773
1384 1803
1384 1924
1387 1628
1388 1918
1389 1695
1390 1917
1391 1933
1392 1981
1393 1508
1393 1809
1393 1919
1395 1550
1395 1933
1396 1413
1396 1446
1396 1634
1396 1987
1398 1457
1398 1941
1399 1482
1399 1595
1400 1555
1401 1930
1402 1489
1402 1786
1407 1985
1410 1992
1411 1503
1416 1532
1421 1720
1421 1863
1421 1994
1422 1489
1423 1478
1423 1545
1425 1468
1425 1518
1425 1941
1427 1438
1428 1574
1429 1445
1429 1595
1430 1597
1430 1679
1430 1932
1430 1999
1431 1527
1432 1704
1432 1856
1433 1730
1433 1888
1434 1468
1434 1973
1435 1884
1435 1902
1436 1888
1438 1662
1441 1941
1441 1953
1442 1589
1445 1872
1448 1736
1449 1529
1449 1996
1450 1695
1451 1934
1455 1849
1457 1635
1458 1600
1458 1940
1458 1947
1460 1717
1464 1800
1464 1913
1465 1988
1467 1604
1468 1807
1469 1619
1470 1735
1470 1740
1470 1913
1473 1769
1475 1515
1475 1881
1479 1659
1480 1559
1482 1734
1485 1541
1487 1809
1490 1941
1491 1619
1492 1597
1496 1702
1496 1853
1496 1860
1499 1552
1500 1545
1500 1609
1502 1512
1503 1578
1505 1946
1506 1844
1507 1941
1508 1848
1511 1902
1514 1791
1515 1716
1518 1607
1518 1615
1518 1658
1518 1828
1522 1699
1523 1692
1524 1870
1529 1726
1531 1697
1534 1599
1534 1716
1535 1638
1535 1708
1536 1575
1537 1576
1539 1548
1539 1884
1541 1756
1542 1893
1545 1574
1546 1577
1546 1885
1546 1995
1548 1555
1548 1618
1550 1624
1550 1756
1551 1619
1551 1861
1553 1907
1557 1814
1557 1820
1558 1817
1560 1702
1561 1883
1561 1894
1562 1894
1566 1650
1568 1575
1569 1631
1569 1940
1570 1592
1570 1939
1573 1965
1575 1697
1577 1599
1577 1890
1578 1746
1579 1674
1581 1964
1583 1855
1586 1624
1587 1594
1587 1762
1588 1611
1588 1978
1590 1899
1594 1624
1594 1657
1598 1774
1598 1890
1599 1774
1601 1780
1605 1719
1610 1745
1610 1903
1611 1773
1611 1842
1611 1981
1612 1699
1613 1769
1614 1617
1616 1831
1616 1995
1618 1938
1618 1947
1620 1623
1623 1810
1624 1737
1625 1779
1627 1752
1628 1713
1628 1813
1629 1669
1632 1833
1632 1984
1633 1828
1636 1754
1636 1831
1636 1861
1637 1871
1638 1977
1641 1756
1642 1918
1646 1699
1649 1751
1650 1925
1654 1863
1656 1695
1656 1928
1657 1927
1659 1829
1667 1730
1667 1983
1668 1914
1669 1936
1670 1697
1671 1717
1672 1899
1678 1790
1679 1778
1680 1842
1681 1870
1681 1959
1683 1687
1691 1715
1691 1866
1698 1953
1699 1739
1699 1841
1701 1935
1702 1942
1705 1739
1706 1710
1707 1737
1707 1999
1708 1944
1713 1959
1715 1997
1717 1854
1721 1776
1721 1862
1722 1856
1722 1891
1723 1918
1729 1794
1734 1886
1735 1923
1735 1967
1737 1764
1739 1996
1743 1868
1744 1994
1745 1771
1746 1990
1747 1948
1750 1835
1754 1797
1756 1951
1758 1829
1760 1896
1762 1930
1763 1972
1771 1804
1771 1952
1772 1808
1773 1946
1777 1934
1787 1808
1788 1914
1789 1920
1796 1998
1797 1820
1797 1913
1798 1815
1799 1856
1807 1868
1809 1935
1810 1831
1810 1837
1812 1998
1819 1987
1827 1954
1828 1850
1832 1940
1834 1905
1835 1852
1836 1881
1839 1932
1845 1896
1848 1889
1851 1978
1855 1917
1867 1979
1872 1893
1874 1914
1877 1954
1884 1941
1884 1963
1886 1893
1887 1920
1889 1982
1893 1952
1917 1935
1930 1935
1930 1939
1954 1985
1960 1971
1978 1986
1984 1990
