2000 2965
69
82
79
68
79
2
94
72
83
89
1
8
2
40
43
39
19
64
91
81
78
70
62
66
20
35
95
93
61
57
17
9
56
26
98
84
27
58
75
56
24
29
42
70
60
11
52
88
66
42
92
10
16
40
82
64
54
4
42
70
76
83
18
12
86
48
13
7
36
48
8
10
41
84
74
33
26
53
25
20
7
78
20
45
46
65
38
12
57
36
66
55
78
33
97
64
17
77
100
8
50
4
69
86
63
54
1
44
79
54
16
48
8
38
2
32
75
8
76
89
34
65
11
84
88
17
42
66
25
47
66
15
2
90
79
72
90
4
14
92
15
10
14
19
31
74
21
79
64
28
29
28
24
75
74
56
5
66
55
66
20
19
88
7
89
37
5
80
46
34
91
10
21
43
65
94
27
76
9
53
39
54
7
99
84
91
54
65
71
82
32
85
58
97
88
47
51
54
27
87
80
79
29
27
36
56
24
86
83
18
4
5
65
52
16
73
84
94
74
60
91
56
12
74
7
10
31
86
29
32
27
93
91
15
12
14
25
9
46
41
42
11
2
52
75
1
62
63
46
28
95
16
25
47
29
39
47
98
99
67
10
43
37
62
70
16
65
82
84
63
39
92
48
11
73
54
70
72
98
67
83
94
26
10
77
36
54
40
57
51
39
63
56
72
81
94
21
54
88
43
43
81
19
76
22
59
7
22
15
77
10
40
83
62
3
5
20
41
88
98
81
78
42
57
97
55
86
29
50
59
27
58
83
6
61
5
29
82
72
42
17
35
16
30
39
44
5
66
39
63
9
65
36
75
51
27
17
2
79
93
55
14
66
53
42
1
83
88
23
22
31
48
39
68
15
46
76
24
27
11
3
79
6
65
65
3
2
69
12
98
91
17
73
29
3
75
43
38
73
97
46
65
34
64
100
39
19
34
66
62
52
41
32
65
54
19
61
29
67
48
56
71
92
93
16
54
61
69
12
45
89
61
74
3
69
10
23
49
12
60
68
98
95
12
16
58
31
3
23
57
25
50
49
1
69
19
8
81
92
44
24
46
59
75
50
13
27
80
5
34
87
56
79
78
10
15
73
86
40
28
64
32
89
80
8
57
52
65
80
23
34
83
82
46
42
59
36
42
92
42
38
32
42
1
27
70
97
11
57
88
94
84
57
44
58
98
81
70
32
82
77
6
25
92
21
17
9
28
11
13
15
16
61
87
29
47
10
5
87
24
75
93
26
100
100
32
21
26
23
11
17
62
69
39
98
53
86
56
84
82
54
50
69
8
42
28
85
80
15
26
61
29
91
10
77
48
16
67
59
80
76
48
90
14
92
32
86
73
87
64
28
59
49
80
91
83
22
64
97
52
51
12
56
29
43
88
47
9
58
94
80
1
4
23
55
48
74
60
50
2
93
44
30
43
97
30
33
8
6
47
81
43
2
99
44
95
83
50
25
33
7
77
93
65
5
73
45
49
37
57
13
76
81
65
53
96
58
29
78
35
99
3
47
14
11
64
60
10
47
79
17
41
72
14
55
30
63
95
70
96
83
82
24
78
12
84
42
6
66
97
59
12
93
47
71
96
8
17
60
36
3
25
53
20
83
15
37
67
92
81
84
13
33
82
97
85
99
19
64
9
37
44
46
7
67
10
34
19
40
11
66
79
91
82
53
59
67
51
52
68
91
62
47
27
99
37
82
11
96
9
6
18
47
81
16
93
3
88
38
82
67
83
35
44
64
6
13
88
47
1
43
38
11
50
14
99
6
1
36
94
57
3
82
7
17
16
86
82
62
26
22
85
82
77
72
22
86
96
84
96
41
90
77
69
3
14
50
34
21
21
50
48
45
82
26
79
11
64
95
85
3
33
11
84
68
61
88
65
60
32
14
16
23
99
72
67
77
48
39
63
74
12
6
87
30
88
19
63
93
11
61
81
67
10
79
78
58
36
52
38
33
80
3
75
81
67
82
61
96
86
10
24
21
25
71
37
66
61
50
48
37
43
32
25
23
20
86
27
44
96
31
22
87
87
54
79
62
93
78
89
93
26
62
48
43
58
14
55
81
22
93
94
69
16
41
96
6
55
83
70
30
97
99
41
57
71
51
28
18
85
24
63
47
17
19
90
24
97
25
16
36
9
91
15
76
22
73
35
75
86
50
28
78
56
63
70
2
18
33
6
11
93
30
95
18
23
88
100
58
81
2
22
69
3
94
87
37
22
89
38
31
45
43
99
61
72
86
25
94
6
28
77
44
45
84
82
62
27
33
49
40
42
96
54
20
66
76
53
16
83
37
53
86
92
95
11
71
96
84
37
94
19
31
18
53
60
56
40
86
23
41
11
50
70
98
100
50
32
51
23
70
30
71
46
17
100
7
57
13
94
21
46
99
39
9
39
2
70
87
77
7
76
57
95
81
30
72
63
9
58
9
4
36
24
72
26
25
88
54
19
97
53
56
58
77
46
60
3
9
94
57
76
2
8
43
98
16
13
40
51
5
63
25
29
6
70
12
17
17
46
3
15
49
76
79
29
49
85
80
2
70
37
12
99
51
86
64
43
4
10
38
8
23
59
40
23
52
91
86
58
85
91
90
24
90
88
49
85
74
73
53
27
38
1
66
30
6
71
83
75
20
59
44
84
15
56
82
23
5
42
11
51
59
73
15
55
24
33
10
9
78
61
77
33
64
2
24
67
67
45
66
2
17
23
11
85
100
38
84
98
58
95
69
13
99
3
29
94
5
60
86
38
25
98
42
71
38
66
52
52
44
44
44
28
24
69
5
100
91
63
92
37
13
25
5
69
54
86
9
76
12
77
83
26
43
57
7
61
76
98
37
56
42
69
35
44
88
52
57
32
17
96
43
19
30
30
49
71
21
8
10
99
60
96
25
96
21
20
64
55
89
49
67
1
89
89
89
73
75
22
73
44
73
40
24
93
11
51
32
7
91
22
74
82
80
68
85
21
93
83
55
73
26
4
34
30
44
64
80
91
50
87
49
88
92
17
1
81
69
34
82
46
24
19
98
95
99
10
50
55
74
86
93
19
21
56
53
30
26
90
97
66
37
76
26
13
46
25
61
30
77
83
18
47
66
76
19
36
75
69
90
35
93
90
89
14
66
89
98
47
8
5
30
63
13
74
64
56
45
67
25
59
63
20
66
17
18
53
80
33
91
75
90
12
59
40
43
42
32
81
22
53
60
2
49
74
58
77
57
11
77
78
7
76
32
36
17
97
20
79
2
4
62
90
83
43
72
92
26
68
16
59
83
28
13
21
70
82
17
72
21
8
68
62
32
48
94
47
7
10
61
83
44
56
3
77
48
71
78
21
55
76
9
47
77
58
76
16
11
81
24
51
45
28
34
36
53
1
24
1
2
22
99
45
98
82
71
7
41
44
97
13
64
24
75
29
60
8
55
80
91
15
61
75
73
4
49
30
98
13
1
18
24
45
86
32
80
54
51
5
18
74
74
65
15
37
54
99
43
41
71
95
96
1
14
54
59
52
50
29
26
95
61
70
11
20
59
100
2
36
49
41
3
66
66
24
4
39
79
54
65
4
34
75
3
7
8
82
30
85
3
90
41
73
46
32
41
73
5
74
75
92
100
33
66
84
1
4
94
91
3
14
69
81
91
47
26
82
39
49
3
86
13
58
45
25
5
85
56
44
80
97
44
50
74
2
46
41
65
100
94
42
51
56
95
71
32
58
70
83
27
46
56
46
41
89
24
1
26
87
17
37
65
3
18
21
6
71
45
45
4
2
46
11
6
19
62
62
58
20
87
81
32
57
10
55
17
37
99
94
100
69
20
32
77
93
56
69
23
30
45
39
9
63
75
16
69
1
13
45
39
14
53
39
59
59
15
32
37
42
93
87
100
37
18
78
54
93
63
15
21
88
72
66
60
70
52
72
29
73
23
92
59
80
98
6
60
41
26
30
20
83
79
25
31
67
92
63
79
38
89
74
13
28
18
11
12
23
100
83
26
15
79
21
38
60
8
8
52
88
97
62
85
34
58
57
46
36
62
9
45
9
13
14
55
93
51
14
42
42
64
30
69
16
16
74
13
84
89
75
23
15
14
69
63
93
84
57
39
55
86
61
63
26
48
32
73
91
12
87
14
67
90
76
59
42
52
79
34
66
74
60
43
11
33
64
55
17
21
13
85
33
99
50
76
37
17
87
55
73
11
96
60
67
35
73
28
80
80
79
40
83
46
83
28
93
5
95
9
27
35
73
7
94
48
3
56
16
36
41
63
54
72
61
99
20
21
71
54
35
69
70
71
46
91
92
66
20
71
95
92
95
68
92
26
11
63
62
33
29
23
46
81
68
47
42
46
34
38
59
7
10
20
4
43
43
48
89
83
63
46
14
47
45
47
65
63
72
89
43
8
2
88
11
81
7
10
83
25
50
73
3
81
42
9
54
41
76
26
17
63
51
91
45
7
22
70
65
74
58
78
34
19
46
68
10
43
75
40
57
28
94
63
79
76
57
94
68
93
100
93
63
28
91
35
24
76
69
39
4
0 1087
0 1754
1 1455
2 82
2 196
2 1246
3 985
3 1577
3 1699
4 115
4 257
4 1201
4 1865
5 1738
6 139
6 155
6 905
6 1088
6 1407
6 1656
7 224
8 151
8 978
8 1061
8 1420
8 1729
8 1850
9 154
9 630
9 742
9 1610
9 1820
9 1857
10 1025
10 1700
11 115
11 1669
11 1693
12 1149
13 597
14 1590
15 1142
15 1151
15 1392
16 95
16 271
17 679
17 958
17 1063
17 1244
18 697
18 1541
19 820
19 1302
20 839
20 1010
20 1415
21 1492
21 1696
22 771
22 1031
23 188
23 660
23 800
23 1374
23 1678
24 33
24 372
24 450
24 677
24 1090
24 1105
24 1934
26 1150
27 1038
27 1095
27 1324
27 1966
28 139
28 191
28 572
28 1666
28 1791
28 1865
28 1951
29 1320
29 1736
30 78
30 237
30 820
30 1100
30 1580
31 1199
31 1853
32 645
33 903
33 1341
33 1859
34 1156
34 1574
35 857
36 328
36 1042
36 1345
37 68
37 253
37 548
37 1887
38 1313
38 1587
39 582
40 1852
41 598
41 807
41 1283
41 1795
42 313
42 877
42 935
43 111
43 889
43 1002
44 923
44 1930
46 55
46 505
46 563
46 827
46 880
47 584
47 859
47 991
47 1275
47 1647
48 712
48 791
48 810
48 1148
48 1463
49 412
49 774
49 1214
49 1629
49 1677
49 1960
50 186
50 1011
50 1733
51 566
52 180
52 527
52 1607
52 1931
53 482
54 221
54 394
54 1367
54 1973
55 870
55 947
55 1301
56 906
56 1399
56 1466
57 389
57 723
57 1276
58 741
59 856
59 961
59 1832
60 250
60 800
60 1008
60 1074
60 1397
60 1532
60 1995
61 205
61 1797
62 217
62 232
62 460
62 683
63 934
63 1167
63 1604
64 184
64 284
64 827
64 900
64 992
65 247
65 479
65 1020
66 211
66 858
66 1670
67 447
67 1034
67 1339
67 1672
67 1877
68 653
68 913
68 1773
68 1810
69 1683
69 1872
69 1879
70 291
70 1993
72 1035
72 1112
73 720
73 1019
74 1393
75 230
75 278
75 552
75 797
76 888
76 981
76 1574
77 929
77 933
77 1631
77 1726
78 80
78 156
78 505
78 577
78 1826
78 1885
78 1975
80 170
80 381
80 1138
80 1771
81 910
81 1285
82 1341
82 1642
82 1741
82 1795
83 616
83 1809
84 112
84 646
84 843
86 1504
86 1806
86 1818
86 1915
87 247
87 267
87 743
87 1148
88 1071
88 1933
89 838
89 1105
89 1788
90 220
90 260
90 1285
90 1320
91 212
91 600
91 1422
92 1014
92 1417
92 1438
93 255
93 592
93 1857
94 748
94 904
94 1377
94 1741
94 1908
95 1913
96 187
96 1172
96 1349
97 713
97 899
97 1380
98 219
98 289
99 322
100 113
100 141
100 187
100 592
100 1292
101 217
101 977
103 192
103 306
103 1586
103 1621
103 1728
104 1310
104 1535
105 478
105 1440
106 382
106 441
106 553
107 908
107 1148
107 1263
107 1471
108 227
108 322
108 648
108 835
108 1002
109 624
109 785
110 1031
111 1731
111 1879
112 564
112 1443
113 474
113 675
113 1524
114 194
114 747
114 812
114 1003
114 1256
114 1280
114 1806
115 1726
115 1822
115 1858
116 320
116 763
116 1117
116 1556
116 1854
116 1864
117 758
117 1289
117 1457
118 1020
118 1622
119 122
119 301
119 331
119 894
119 1046
119 1803
119 1926
120 194
120 473
120 1238
121 236
121 1249
122 167
122 239
122 362
122 716
122 1033
123 629
124 1767
124 1932
125 262
125 336
125 461
125 599
125 704
125 899
125 1542
126 1866
126 1973
127 322
127 480
127 1567
127 1928
128 469
130 1035
130 1106
130 1513
131 1079
131 1566
131 1720
131 1977
132 570
132 865
133 1101
133 1103
134 322
134 802
134 1968
135 272
136 642
136 749
136 1140
136 1300
136 1607
137 389
137 547
137 1491
138 274
138 529
139 374
139 1218
139 1895
140 329
140 785
141 690
141 1543
142 925
143 314
143 1176
143 1384
143 1946
144 1469
144 1858
145 898
145 1420
146 509
146 797
146 936
146 1577
146 1597
146 1684
147 1128
148 759
148 952
149 1053
149 1158
149 1332
150 1065
151 322
151 372
151 1338
152 298
152 346
152 387
152 853
152 875
152 908
152 1896
153 377
154 177
154 581
154 1000
154 1411
155 168
155 1282
156 510
156 914
156 1521
156 1664
157 679
158 389
158 606
158 1202
159 190
160 905
160 955
161 991
161 1244
161 1774
162 310
162 909
162 957
163 244
163 586
163 651
163 714
163 1014
163 1042
163 1375
163 1699
164 727
164 990
164 1340
164 1903
165 180
165 1445
166 830
166 891
166 1188
166 1223
166 1299
166 1674
167 1165
167 1601
167 1816
168 1242
168 1675
169 822
170 242
170 545
170 880
170 1303
170 1948
171 1689
172 390
172 574
172 1040
172 1223
172 1860
172 1898
173 1021
174 514
174 1512
174 1622
175 224
175 719
175 850
175 1478
175 1721
176 1493
176 1881
177 1526
177 1555
178 475
178 636
178 799
178 1036
178 1167
178 1863
179 300
179 985
179 1937
180 593
180 1907
181 197
181 900
181 1551
182 374
182 590
182 1579
183 262
183 1002
183 1997
184 1098
185 744
185 898
185 1028
185 1052
185 1123
187 333
187 780
187 1778
188 608
189 629
189 1100
189 1634
189 1673
190 442
190 764
190 1024
190 1953
191 342
193 394
193 551
193 631
193 1505
194 290
195 411
195 512
195 924
195 1341
196 436
196 476
196 1625
197 932
197 1471
198 710
198 723
198 738
198 1659
198 1837
199 525
199 1565
200 321
200 669
200 690
200 1033
200 1035
200 1736
201 422
201 897
202 422
202 1405
202 1435
202 1818
202 1851
203 480
203 1786
204 736
204 979
204 1035
204 1210
205 1630
205 1644
206 339
206 1962
207 525
207 765
207 1509
208 1704
209 602
209 1278
210 1271
211 387
211 533
211 712
211 898
211 1816
211 1879
212 541
212 843
212 918
212 1194
213 1573
214 813
214 1100
214 1650
215 1427
215 1477
215 1623
216 1205
217 571
217 730
218 263
218 1879
219 517
219 1443
219 1528
220 423
220 982
220 1186
220 1252
220 1315
220 1356
221 423
221 752
221 1066
221 1185
221 1251
221 1255
221 1483
224 1456
224 1680
225 484
225 596
225 1259
225 1562
226 1610
227 453
228 260
228 880
228 882
229 1539
229 1641
229 1650
230 345
232 934
233 546
233 669
233 1132
233 1956
234 289
234 320
234 1465
235 1506
236 243
236 276
237 1595
238 1439
238 1533
238 1558
239 703
239 1184
239 1586
240 629
240 793
240 908
240 1054
241 668
241 1500
242 1850
243 1370
243 1786
243 1894
243 1990
244 1499
244 1510
245 720
245 1258
245 1265
245 1337
245 1507
246 312
246 811
246 1712
246 1931
247 585
247 847
247 859
248 408
248 551
248 972
248 1115
249 899
249 1419
249 1824
250 359
250 1080
250 1401
250 1466
251 470
251 589
253 380
253 1270
253 1994
254 1030
254 1087
254 1603
255 592
255 923
255 1924
256 630
256 1123
257 458
257 567
257 805
257 927
257 1591
258 264
258 566
260 414
261 265
261 299
261 430
261 1282
261 1582
262 1290
262 1918
263 798
263 1055
263 1975
264 662
264 955
264 1183
265 939
265 1179
265 1446
265 1849
266 488
266 632
266 1456
266 1730
267 565
267 711
267 1056
267 1632
268 1008
269 1128
269 1809
269 1981
271 1193
271 1292
271 1928
273 1016
273 1109
275 302
275 435
275 472
275 896
275 1787
276 731
276 1038
276 1114
276 1142
276 1715
276 1865
276 1907
278 664
278 1045
278 1534
279 1371
279 1464
280 637
280 718
280 1050
280 1546
282 482
282 598
282 791
282 1167
282 1176
283 767
283 1063
283 1225
284 1300
285 374
285 416
285 926
287 1573
287 1789
288 1691
289 340
289 356
289 1182
289 1714
290 657
290 1436
292 624
292 722
292 869
292 1768
293 1998
295 801
295 954
295 1522
296 1469
296 1675
296 1705
297 584
297 1737
298 318
299 965
300 1474
301 1582
301 1782
303 1389
303 1407
304 449
304 593
304 1175
304 1271
304 1694
305 552
305 918
305 1288
307 733
307 1117
307 1793
308 1275
309 431
309 614
309 1272
310 1075
310 1734
310 1826
310 1908
311 334
311 510
311 915
311 1005
311 1174
311 1546
312 1033
312 1644
313 1797
313 1817
314 606
314 933
314 1067
314 1110
314 1331
314 1691
315 436
315 457
315 473
315 593
315 778
316 533
316 1181
316 1184
317 507
317 531
317 729
317 1131
319 427
319 732
319 945
319 1154
319 1297
320 357
320 392
321 1044
321 1735
322 615
324 445
324 833
324 1026
324 1150
324 1311
325 468
325 1356
326 452
326 1769
327 573
328 780
328 1244
328 1288
328 1746
329 537
330 709
330 948
330 1056
331 1091
331 1511
332 928
332 996
332 1467
332 1767
333 770
334 594
334 1873
335 565
335 1759
336 614
337 1615
337 1618
338 1029
338 1156
338 1671
339 1169
339 1438
339 1647
340 916
340 1235
340 1324
340 1348
341 991
341 1491
341 1584
341 1859
342 768
342 1082
342 1131
342 1749
342 1924
343 348
343 439
343 774
343 1509
344 927
344 1734
345 726
345 1157
345 1795
346 1091
346 1617
347 604
347 1662
348 385
348 537
349 600
349 1893
349 1955
350 811
350 1921
351 1769
351 1978
352 605
354 446
354 605
354 893
355 865
355 1411
355 1823
355 1949
356 1749
357 793
357 1248
358 1226
358 1309
359 1148
359 1165
359 1690
360 611
360 1098
360 1636
361 1121
362 858
362 1787
363 567
363 676
363 1822
363 1928
364 1490
365 735
365 959
365 980
365 1027
365 1639
366 815
366 1150
366 1778
366 1858
367 422
367 1644
368 1519
369 371
370 1021
370 1493
371 621
371 802
371 1547
371 1963
372 419
372 1145
375 440
375 1159
375 1270
375 1411
376 1222
376 1500
376 1673
377 541
377 1229
378 806
378 893
378 1873
380 938
380 1418
381 927
381 1049
381 1083
382 1075
382 1630
383 1015
383 1611
383 1756
384 732
384 1091
384 1535
384 1672
385 1901
386 937
386 1932
387 490
388 980
388 1604
388 1695
389 698
389 1081
389 1145
389 1159
390 682
390 1283
391 449
391 593
391 1686
392 1140
393 414
393 850
393 901
393 946
393 1218
393 1540
394 484
394 1571
394 1851
395 1017
395 1019
396 1887
397 996
397 1516
397 1823
397 1883
398 497
400 1173
401 746
401 1251
401 1266
401 1838
402 1554
403 1791
404 986
404 1042
404 1262
404 1665
404 1969
406 767
407 988
407 1972
408 878
408 1155
408 1977
409 865
409 960
409 1626
410 1076
411 777
412 718
412 1107
412 1187
412 1560
413 802
414 636
414 862
414 1804
414 1880
414 1986
415 582
415 938
415 1776
416 1493
417 451
417 1341
417 1638
417 1716
418 1366
420 1098
420 1440
421 1161
422 683
423 1286
423 1988
424 830
425 669
425 943
425 1347
426 902
426 1038
426 1682
427 1634
427 1870
428 1091
429 629
430 637
430 1414
431 721
431 881
431 887
433 1822
435 1564
435 1936
436 1791
437 457
437 1052
438 845
439 844
439 886
439 1431
440 482
440 539
440 691
440 868
440 1298
441 1504
442 958
442 1009
442 1325
443 1762
443 1839
444 641
444 673
444 711
444 1011
445 488
445 787
445 930
445 1441
446 1932
447 695
447 820
448 1082
448 1224
449 1039
449 1779
449 1871
450 1742
451 455
452 1345
452 1507
452 1659
453 473
453 656
453 715
453 1400
454 1286
455 569
455 917
455 1419
455 1912
456 1609
456 1883
457 528
457 982
457 1029
458 1882
459 1275
459 1468
460 1095
460 1113
461 507
461 1477
463 1070
463 1228
464 1021
465 533
465 1370
466 710
466 824
466 850
466 1268
466 1882
467 1093
467 1132
468 803
468 1755
469 1035
469 1642
469 1652
470 1971
471 817
471 1701
471 1795
471 1984
472 638
472 1218
475 604
475 1051
475 1227
475 1749
476 781
476 1563
477 1078
477 1180
477 1713
477 1788
478 931
479 1593
479 1798
480 1391
481 1310
481 1647
482 788
482 854
482 1353
482 1432
482 1938
483 706
483 1315
484 582
484 1859
485 833
485 942
485 1647
486 997
486 1575
487 929
487 1249
487 1489
487 1741
488 538
489 1262
490 1501
490 1945
491 1861
492 584
492 940
492 1302
492 1373
493 782
493 1934
494 1070
494 1668
495 1331
495 1442
495 1781
496 1818
496 1904
496 1963
497 986
497 1644
497 1943
497 1983
498 1398
498 1584
500 691
500 1321
500 1579
500 1947
501 538
501 1928
502 606
502 1141
502 1451
502 1981
503 617
503 682
503 1108
503 1259
504 923
504 1245
504 1474
504 1959
505 1299
505 1709
506 630
506 1098
506 1388
507 570
507 896
507 1232
507 1787
507 1805
507 1878
507 1959
508 510
508 1437
508 1570
509 530
509 548
509 1158
509 1371
510 913
510 1216
510 1645
511 1650
513 1746
514 554
514 1641
515 1209
515 1774
516 1903
517 606
517 1359
517 1824
518 547
518 1030
519 734
519 1345
520 1505
520 1998
521 1050
521 1194
521 1373
521 1653
522 600
522 783
523 1530
524 739
524 1412
524 1627
525 1349
526 995
526 1418
527 652
527 976
527 1787
528 534
528 876
528 1116
528 1419
529 1149
529 1721
530 786
530 1131
530 1656
531 663
531 1245
531 1973
532 1863
533 1364
533 1518
533 1712
533 1979
534 846
534 1185
534 1296
534 1920
535 636
535 1204
536 1756
536 1805
536 1975
537 844
537 947
537 1688
538 1107
540 1172
540 1265
541 1141
541 1439
541 1860
542 1135
542 1872
543 1007
544 728
544 1878
545 1389
546 710
546 1205
546 1211
546 1343
546 1565
546 1774
547 869
548 1461
548 1491
548 1756
548 1797
548 1987
549 915
550 1073
550 1336
550 1476
551 1034
551 1213
552 643
552 915
553 711
553 874
554 978
554 1066
556 1828
557 839
557 869
558 684
558 844
558 1118
558 1669
559 680
559 784
561 979
561 1060
561 1510
561 1939
562 599
562 920
562 930
562 1767
563 875
563 1147
564 843
564 878
565 1100
565 1352
565 1824
566 928
566 1045
566 1155
567 843
567 1582
567 1612
568 727
568 864
568 1032
568 1660
568 1946
569 1273
569 1441
569 1777
571 959
572 924
573 1141
573 1174
573 1195
573 1999
574 692
574 1048
574 1062
574 1073
574 1758
574 1827
576 752
576 1440
576 1945
577 766
578 1135
579 1498
579 1709
580 850
580 885
580 1061
580 1115
580 1521
580 1540
581 1481
582 1555
582 1831
582 1855
583 823
584 1697
585 1897
585 1963
586 732
587 1235
587 1239
588 895
588 1411
588 1794
588 1909
589 1388
589 1403
589 1422
589 1507
589 1942
589 1991
590 701
590 787
590 1473
591 772
591 1852
592 603
592 708
592 1703
593 1044
593 1675
594 1745
595 606
596 1483
596 1528
596 1548
596 1564
596 1813
597 827
597 868
597 1344
597 1752
598 1300
598 1373
598 1474
598 1597
599 1880
599 1910
600 694
600 1280
600 1505
600 1883
601 1030
602 777
602 948
604 1012
604 1085
604 1131
604 1300
604 1738
604 1800
605 798
605 1012
605 1951
606 820
606 1058
606 1170
606 1621
608 1407
608 1854
609 638
609 1652
610 1125
610 1151
610 1773
611 745
611 888
611 979
611 1489
611 1595
611 1763
612 1401
613 1781
613 1798
614 953
614 1084
614 1479
614 1791
615 702
615 1260
616 1160
616 1563
617 1634
618 679
618 863
618 1424
618 1925
619 667
619 1012
619 1104
619 1121
619 1201
619 1464
620 1427
621 673
621 796
622 1220
624 709
624 1697
625 747
625 1047
626 1168
626 1309
627 1284
628 659
628 1213
628 1810
629 1101
629 1548
629 1703
629 1720
630 661
630 984
630 1158
630 1202
632 1362
632 1539
633 1623
633 1662
635 1266
635 1775
636 1974
637 1290
638 1046
638 1400
638 1655
641 991
641 1584
642 1546
643 1057
643 1539
643 1853
644 1177
644 1275
644 1604
645 892
645 1150
646 882
647 1309
647 1913
648 1829
649 1414
651 1087
652 739
652 914
652 1097
652 1299
653 731
653 890
655 846
655 918
655 1108
655 1155
655 1418
656 1441
656 1971
657 1919
658 780
658 1508
658 1610
658 1670
658 1796
659 857
659 1047
659 1669
659 1845
660 800
660 923
660 1596
661 1076
662 838
662 917
664 717
664 1107
665 1199
665 1627
666 944
666 1300
666 1470
666 1527
668 998
668 1265
668 1611
669 998
669 1142
669 1759
670 1318
671 851
671 1635
671 1964
672 998
673 1907
674 784
674 1748
674 1758
675 693
675 1256
676 848
676 1860
678 1522
678 1890
679 1069
680 1991
681 704
681 877
681 972
681 1071
682 941
682 1474
682 1528
683 962
683 1650
684 1030
684 1624
685 1155
685 1527
685 1767
686 1062
686 1104
686 1900
687 1935
688 710
688 1858
690 838
690 987
690 1353
691 1344
691 1845
692 1005
695 1328
695 1663
696 854
697 989
697 1517
698 1978
700 739
700 1283
700 1368
701 1422
702 721
702 1290
702 1848
703 844
703 1760
704 1051
704 1736
704 1791
705 743
705 789
705 1786
706 1415
706 1476
706 1913
707 717
707 850
707 1154
707 1233
707 1888
708 1061
708 1888
709 1286
709 1390
710 805
710 1694
710 1718
711 1139
711 1499
711 1893
712 1896
714 1286
714 1495
715 1128
715 1618
716 1865
717 1545
718 1598
719 1868
720 1470
721 1285
721 1930
722 1331
724 889
725 1502
727 1135
727 1493
728 1068
729 1363
729 1672
730 752
730 1570
731 1349
731 1682
732 1200
732 1218
732 1613
733 923
733 1561
733 1759
734 766
736 854
737 1102
737 1526
739 1361
739 1897
739 1926
739 1987
740 900
740 1213
740 1656
740 1904
741 1027
742 1309
743 959
743 1144
743 1803
743 1927
744 775
744 1421
745 988
745 1015
745 1855
746 807
746 894
746 969
746 1233
746 1406
746 1665
747 1155
748 1992
749 1209
750 1156
750 1531
750 1984
751 1083
751 1254
752 1132
752 1286
752 1648
753 1822
754 998
754 1646
754 1864
756 844
756 1520
756 1754
756 1948
757 1176
757 1318
757 1414
757 1558
759 1327
759 1684
760 1001
760 1028
760 1954
761 1616
762 1425
763 870
763 1944
764 1403
765 943
766 1777
766 1790
767 1354
767 1851
768 945
768 1743
768 1967
769 1183
769 1975
770 1336
771 1161
772 1351
773 1964
774 1558
774 1709
774 1890
775 1086
775 1686
776 824
776 1239
776 1351
776 1936
777 902
777 943
777 1324
778 1426
779 1094
779 1194
779 1456
779 1482
780 1314
781 1207
782 864
782 964
782 1714
783 937
783 1150
783 1667
784 1194
785 1104
785 1312
785 1449
786 953
786 1161
786 1496
786 1983
787 1080
787 1600
788 1999
789 1888
790 954
790 975
791 1009
791 1130
792 884
792 908
793 1429
793 1870
794 1082
794 1961
795 1898
796 851
796 1267
796 1292
797 1275
798 1426
800 875
800 1173
801 1178
802 1868
804 1669
805 896
805 1743
806 1136
807 1277
808 833
808 856
808 1621
810 860
810 1056
810 1229
811 1911
812 1421
812 1584
812 1973
813 956
814 842
814 1228
814 1363
814 1439
814 1508
814 1712
815 933
816 1386
817 1032
817 1901
818 1014
819 996
820 1740
821 1921
822 1612
823 1015
823 1646
824 1046
824 1181
825 1380
826 1867
827 1210
827 1903
829 1098
829 1840
830 1330
831 949
831 967
832 1130
833 1281
834 1115
834 1619
835 857
835 1079
835 1114
835 1280
837 856
837 975
837 1111
837 1730
838 1109
839 1138
840 1094
840 1230
842 1636
843 1056
843 1376
843 1754
843 1802
844 885
844 1211
844 1933
844 1963
845 892
845 1418
846 1081
846 1148
846 1450
847 1234
847 1606
847 1737
847 1837
847 1875
848 1566
850 1317
850 1479
852 1290
853 1399
853 1856
855 874
855 1240
855 1331
856 1288
856 1789
858 1296
858 1692
859 1125
859 1964
860 1452
860 1898
861 877
862 1079
862 1113
863 1262
863 1467
863 1539
863 1912
865 1145
865 1166
865 1998
866 905
867 1364
867 1384
868 1250
869 947
869 1316
872 1301
872 1978
873 1104
873 1347
875 1052
875 1331
875 1757
876 1140
877 1216
878 1893
879 1235
879 1631
881 963
884 1067
884 1963
885 945
886 1012
886 1051
886 1188
886 1720
889 1020
889 1365
890 926
890 1470
890 1691
891 1212
891 1875
892 1197
892 1867
893 1978
895 1679
895 1988
896 1504
896 1817
896 1955
897 1091
898 902
898 947
898 1860
899 949
899 1962
900 1719
900 1977
901 1238
901 1923
903 1560
903 1980
904 1462
904 1687
904 1754
905 974
905 1146
905 1583
905 1608
906 1272
906 1617
906 1643
907 1425
907 1918
908 1665
909 1448
909 1892
909 1966
911 1841
911 1931
915 1382
915 1644
915 1692
915 1697
915 1953
916 1180
916 1636
916 1874
916 1949
918 1116
918 1709
919 1024
919 1353
919 1570
920 1830
921 1476
924 1223
925 1064
926 1910
926 1944
927 1144
928 1281
928 1698
929 1989
931 1263
931 1965
932 1086
932 1449
933 1958
934 1493
934 1786
936 1188
936 1978
937 1484
938 1190
938 1679
938 1782
939 1651
940 1457
940 1604
941 994
942 1289
944 1308
944 1392
944 1503
944 1838
945 1085
945 1669
945 1710
946 1154
946 1230
946 1496
946 1607
946 1844
948 1140
948 1748
949 1675
950 1002
950 1248
950 1444
950 1897
952 1748
953 1933
954 992
954 1123
954 1347
955 1322
955 1354
956 1183
956 1465
956 1633
957 1226
957 1811
957 1820
959 1381
959 1528
959 1543
961 1369
962 1089
962 1720
962 1808
963 1540
964 1666
966 1074
966 1746
968 1239
968 1485
968 1754
969 1167
969 1363
969 1822
969 1969
970 1446
970 1586
971 1724
972 1968
972 1998
974 1495
974 1909
975 1264
976 1002
977 1433
977 1680
977 1791
979 1442
980 1915
981 1234
981 1454
981 1499
982 1529
982 1840
984 1046
984 1422
985 1033
985 1811
985 1945
985 1965
986 1162
987 1039
987 1551
987 1947
989 1196
989 1739
989 1855
990 1330
990 1349
990 1786
990 1890
992 1002
992 1303
992 1649
992 1656
993 1057
995 1167
996 1553
996 1585
997 1886
997 1896
997 1929
998 1586
999 1459
999 1629
1000 1192
1000 1339
1001 1959
1001 1962
1003 1233
1003 1272
1003 1750
1003 1792
1003 1982
1005 1948
1005 1966
1007 1280
1008 1777
1010 1056
1010 1437
1010 1836
1011 1612
1013 1794
1014 1291
1014 1373
1014 1411
1015 1055
1015 1350
1015 1892
1016 1281
1018 1195
1019 1126
1019 1244
1020 1273
1021 1709
1022 1060
1023 1211
1023 1767
1024 1204
1025 1365
1025 1633
1026 1193
1027 1454
1027 1471
1028 1129
1028 1240
1029 1122
1029 1347
1029 1407
1029 1604
1030 1447
1030 1559
1030 1687
1032 1037
1033 1544
1034 1162
1035 1285
1035 1459
1036 1475
1036 1681
1037 1397
1039 1681
1039 1821
1039 1982
1040 1621
1040 1783
1041 1831
1042 1385
1042 1748
1042 1770
1043 1339
1043 1444
1043 1997
1044 1469
1044 1926
1044 1996
1045 1109
1045 1360
1045 1702
1045 1830
1046 1581
1046 1585
1046 1998
1049 1694
1049 1869
1052 1424
1053 1340
1053 1637
1053 1640
1054 1471
1055 1242
1057 1841
1058 1475
1058 1666
1059 1379
1061 1145
1062 1642
1062 1689
1062 1899
1063 1477
1065 1968
1066 1288
1068 1081
1068 1506
1068 1665
1069 1910
1070 1315
1070 1541
1072 1537
1073 1270
1073 1554
1074 1086
1075 1385
1075 1709
1075 1807
1076 1572
1077 1656
1078 1430
1079 1285
1079 1428
1079 1617
1080 1254
1080 1565
1081 1956
1082 1221
1082 1504
1082 1692
1084 1430
1085 1678
1086 1935
1087 1180
1088 1899
1089 1125
1090 1469
1091 1568
1091 1856
1091 1929
1091 1940
1094 1686
1095 1754
1095 1907
1096 1810
1097 1134
1097 1200
1098 1114
1098 1631
1099 1914
1100 1102
1100 1224
1100 1254
1100 1359
1102 1133
1102 1368
1102 1621
1103 1624
1103 1656
1103 1757
1103 1779
1104 1480
1104 1621
1108 1242
1108 1826
1110 1556
1110 1635
1111 1765
1114 1190
1115 1251
1115 1420
1115 1680
1115 1950
1116 1804
1117 1675
1118 1367
1119 1265
1119 1368
1119 1723
1119 1803
1120 1592
1120 1748
1120 1773
1122 1596
1124 1279
1124 1387
1124 1426
1126 1538
1127 1699
1127 1994
1129 1240
1129 1596
1129 1874
1130 1471
1130 1578
1131 1927
1132 1587
1133 1330
1133 1602
1135 1441
1135 1946
1136 1612
1136 1680
1137 1145
1137 1548
1138 1342
1139 1963
1140 1201
1140 1206
1140 1363
1140 1921
1140 1923
1141 1640
1142 1281
1142 1416
1142 1815
1143 1409
1143 1507
1143 1791
1143 1887
1144 1912
1144 1967
1146 1312
1146 1332
1147 1160
1147 1521
1148 1267
1150 1949
1150 1994
1151 1316
1151 1420
1151 1525
1151 1775
1152 1737
1152 1807
1153 1312
1153 1332
1155 1688
1155 1691
1155 1958
1156 1693
1158 1550
1161 1187
1161 1259
1162 1968
1163 1707
1163 1852
1164 1296
1164 1421
1164 1571
1164 1705
1164 1815
1165 1416
1166 1263
1166 1551
1166 1601
1167 1265
1167 1673
1167 1816
1169 1328
1169 1742
1170 1603
1170 1893
1170 1945
1171 1310
1171 1917
1172 1799
1174 1677
1177 1370
1177 1649
1178 1297
1180 1636
1181 1588
1181 1762
1183 1368
1184 1327
1190 1212
1190 1757
1193 1684
1193 1858
1195 1427
1195 1769
1197 1619
1200 1364
1200 1963
1201 1291
1202 1226
1205 1507
1205 1615
1205 1950
1206 1586
1207 1807
1208 1678
1209 1487
1209 1584
1210 1394
1211 1790
1212 1570
1213 1352
1213 1809
1214 1260
1214 1751
1215 1360
1215 1551
1215 1941
1216 1268
1216 1391
1217 1384
1217 1984
1218 1497
1218 1579
1218 1927
1219 1750
1219 1868
1220 1515
1221 1369
1224 1248
1225 1524
1226 1789
1227 1981
1229 1425
1229 1477
1231 1890
1233 1594
1234 1473
1234 1900
1238 1258
1239 1456
1239 1462
1239 1976
1240 1541
1240 1641
1240 1745
1241 1580
1242 1700
1242 1930
1243 1343
1243 1583
1244 1270
1246 1589
1246 1852
1246 1935
1247 1892
1249 1615
1250 1753
1252 1336
1252 1413
1252 1608
1252 1691
1252 1913
1253 1372
1254 1265
1255 1866
1256 1481
1258 1688
1259 1813
1264 1694
1266 1496
1266 1776
1267 1716
1268 1399
1268 1905
1269 1300
1269 1758
1269 1807
1271 1529
1272 1863
1275 1304
1278 1935
1279 1356
1279 1449
1281 1285
1281 1722
1281 1733
1281 1833
1282 1311
1282 1353
1284 1558
1286 1502
1286 1510
1287 1399
1287 1989
1288 1358
1288 1507
1289 1728
1293 1648
1298 1655
1299 1427
1299 1489
1299 1652
1299 1808
1300 1815
1302 1396
1304 1671
1304 1941
1304 1948
1305 1341
1306 1873
1308 1439
1308 1535
1308 1631
1309 1580
1310 1692
1310 1731
1310 1960
1313 1690
1313 1760
1313 1905
1314 1725
1314 1977
1315 1919
1316 1728
1317 1545
1319 1558
1319 1728
1319 1838
1321 1485
1322 1971
1323 1714
1323 1752
1324 1622
1324 1917
1325 1850
1327 1754
1331 1783
1334 1840
1334 1869
1337 1580
1345 1393
1345 1459
1345 1916
1346 1807
1348 1466
1348 1541
1348 1664
1351 1631
1352 1941
1353 1718
1354 1423
1354 1602
1357 1970
1358 1473
1360 1541
1360 1786
1361 1943
1362 1387
1362 1764
1362 1912
1363 1845
1364 1412
1364 1499
1364 1554
1368 1429
1368 1671
1371 1517
1372 1725
1373 1613
1375 1751
1376 1454
1379 1834
1381 1526
1382 1667
1382 1950
1383 1703
1383 1706
1383 1798
1384 1960
1385 1999
1387 1851
1390 1554
1390 1993
1391 1545
1392 1954
1392 1982
1396 1558
1396 1650
1397 1601
1397 1691
1397 1770
1401 1902
1402 1449
1402 1731
1402 1865
1403 1993
1404 1646
1405 1543
1407 1578
1407 1768
1407 1952
1408 1689
1409 1974
1410 1707
1410 1896
1411 1426
1411 1726
1411 1828
1415 1554
1417 1755
1418 1611
1419 1955
1420 1543
1420 1731
1420 1831
1421 1628
1422 1563
1422 1720
1425 1824
1425 1850
1425 1873
1425 1952
1426 1471
1426 1535
1426 1616
1427 1714
1430 1547
1430 1584
1430 1740
1432 1921
1433 1661
1436 1829
1437 1599
1438 1486
1438 1697
1442 1681
1442 1923
1444 1753
1444 1992
1445 1522
1447 1510
1449 1499
1452 1587
1453 1653
1455 1850
1456 1491
1456 1805
1457 1520
1457 1789
1458 1759
1460 1743
1461 1881
1465 1950
1466 1883
1467 1534
1467 1678
1468 1523
1469 1622
1469 1763
1471 1538
1473 1908
1474 1854
1475 1744
1475 1947
1476 1719
1476 1866
1477 1588
1477 1883
1480 1520
1480 1530
1481 1756
1482 1560
1482 1631
1483 1669
1484 1514
1485 1820
1486 1807
1487 1711
1487 1845
1489 1657
1490 1616
1490 1897
1491 1678
1491 1762
1492 1721
1492 1766
1493 1828
1496 1568
1498 1639
1500 1685
1505 1528
1505 1587
1505 1797
1505 1903
1507 1578
1507 1953
1512 1711
1513 1935
1515 1708
1522 1713
1523 1977
1527 1528
1529 1790
1529 1810
1529 1860
1530 1535
1532 1869
1532 1922
1535 1705
1538 1797
1539 1739
1540 1698
1541 1784
1541 1801
1543 1875
1545 1984
1546 1649
1547 1749
1548 1608
1550 1890
1554 1623
1554 1807
1554 1895
1556 1782
1560 1957
1562 1975
1564 1647
1568 1904
1570 1867
1572 1643
1574 1654
1577 1915
1579 1746
1583 1964
1585 1981
1589 1773
1590 1789
1592 1871
1596 1674
1598 1644
1598 1722
1604 1646
1605 1748
1609 1646
1610 1695
1611 1677
1613 1906
1620 1748
1624 1749
1624 1797
1627 1825
1627 1901
1627 1972
1629 1696
1633 1823
1636 1729
1636 1773
1636 1861
1638 1895
1641 1703
1647 1835
1650 1653
1652 1715
1652 1918
1656 1792
1657 1929
1657 1982
1659 1703
1660 1798
1662 1665
1663 1704
1663 1768
1663 1854
1663 1978
1666 1875
1669 1955
1670 1807
1674 1955
1681 1753
1683 1875
1684 1765
1685 1714
1689 1789
1698 1971
1701 1925
1702 1787
1702 1814
1704 1851
1708 1730
1712 1832
1714 1980
1715 1997
1717 1773
1718 1946
1722 1782
1723 1835
1726 1736
1728 1785
1729 1794
1732 1846
1733 1750
1733 1779
1734 1896
1735 1761
1738 1806
1739 1956
1745 1776
1752 1832
1753 1959
1755 1941
1757 1848
1766 1975
1767 1793
1773 1955
1776 1892
1778 1892
1779 1893
1791 1886
1792 1800
1799 1806
1800 1862
1800 1989
1805 1816
1819 1972
1822 1856
1825 1915
1826 1881
1832 1844
1840 1928
1845 1960
1850 1978
1859 1937
1864 1916
1868 1913
1876 1930
1878 1959
1894 1956
1905 1931
1908 1990
1920 1929
