2000 2966
13
73
80
98
5
36
7
24
66
78
71
1
71
11
87
29
38
46
13
77
75
57
12
93
65
96
40
7
75
20
18
33
64
16
2
41
98
17
89
4
29
64
12
63
6
38
71
43
90
48
15
89
62
64
91
28
98
25
33
80
87
79
36
65
66
70
74
15
24
19
25
48
83
5
43
38
96
40
65
23
5
47
42
2
35
55
72
89
70
26
97
99
33
44
12
57
71
24
39
67
90
42
53
2
34
17
43
18
33
52
72
96
33
52
9
100
72
5
25
35
54
78
4
39
19
76
21
52
49
74
29
70
97
97
86
51
8
29
100
90
81
99
93
37
1
99
3
48
16
14
38
70
72
31
3
8
9
76
51
11
82
70
25
99
52
13
85
60
67
69
88
45
75
79
82
19
44
39
92
30
24
75
40
81
73
18
59
93
31
76
63
42
94
39
79
80
97
76
21
17
27
3
19
1
24
71
75
58
87
66
52
84
50
61
79
79
5
36
100
18
60
23
59
91
41
3
28
98
53
69
86
34
90
27
86
25
79
44
86
32
52
83
12
85
46
36
35
22
95
36
22
43
70
29
42
74
34
63
74
93
18
29
1
37
11
66
46
1
46
11
14
71
43
49
35
3
31
71
56
44
30
54
39
99
88
15
15
21
77
7
96
38
86
98
51
33
99
30
39
17
18
57
30
86
27
41
20
35
54
1
43
29
57
31
70
46
4
22
49
17
9
38
36
21
74
90
37
23
72
100
75
95
71
77
42
64
26
83
20
74
5
62
20
53
69
40
33
57
28
68
3
28
48
59
61
52
72
61
92
93
75
24
81
18
92
24
21
66
23
72
76
14
44
66
11
89
14
39
25
36
32
5
53
55
48
21
70
3
16
26
6
96
28
54
13
45
73
95
39
2
43
47
29
31
79
14
25
41
44
75
26
35
76
25
97
17
32
81
91
62
86
1
62
45
42
43
38
70
85
8
12
12
61
44
47
80
18
71
8
21
59
50
93
45
61
96
66
81
21
77
66
28
16
24
25
7
70
39
97
54
31
35
3
38
86
42
19
3
100
8
32
20
90
11
93
22
45
13
60
74
30
72
34
22
90
35
60
51
92
38
25
9
31
36
23
6
41
80
83
56
52
31
41
58
86
41
44
27
55
6
33
41
18
93
44
88
72
68
85
4
19
41
56
84
26
20
68
66
66
58
17
46
35
12
59
100
26
90
94
55
77
23
59
51
18
34
28
32
51
90
30
61
23
94
35
15
21
69
62
80
31
20
69
68
50
79
97
98
83
70
25
52
13
100
43
76
99
1
43
63
6
40
13
29
9
72
17
24
28
51
93
87
11
39
82
88
34
34
94
8
56
13
92
62
81
100
8
93
22
86
7
37
82
34
52
95
87
44
52
9
43
23
80
71
83
84
46
6
13
8
21
61
1
77
45
6
22
89
19
28
18
30
11
1
78
95
38
34
60
82
31
82
77
12
63
55
69
46
31
26
71
21
4
48
48
4
14
41
95
4
56
53
48
91
78
47
64
52
45
5
42
11
67
63
69
77
28
62
40
38
28
2
20
58
70
95
52
91
30
34
9
9
30
91
85
97
40
99
71
26
95
73
90
75
18
8
73
27
3
3
88
53
79
89
76
85
94
85
43
59
65
100
54
17
46
52
68
84
47
85
39
9
18
98
100
86
44
44
63
13
67
52
9
5
37
10
26
87
5
54
35
96
29
2
48
98
80
87
84
64
34
7
4
26
52
33
90
64
45
15
94
9
39
47
14
99
23
100
14
86
29
32
57
13
14
34
58
39
6
26
36
81
34
10
24
13
87
42
30
73
39
47
2
17
90
48
10
76
6
5
75
66
46
41
53
85
41
93
18
63
10
64
88
83
65
82
3
4
83
26
69
71
18
73
86
65
100
8
93
95
94
73
12
24
95
7
89
13
58
73
7
37
13
13
92
15
53
44
69
95
91
57
12
31
54
22
18
51
78
96
67
43
93
50
93
26
44
70
39
23
13
37
90
55
55
68
16
95
29
15
27
5
66
78
35
96
27
89
60
63
68
50
86
9
31
10
42
31
58
76
52
65
32
81
66
82
30
45
74
83
45
86
15
14
75
97
66
93
37
83
38
5
87
63
85
99
29
49
1
99
72
13
19
52
47
96
16
22
34
69
22
61
93
57
98
70
22
72
59
22
55
92
45
78
83
83
44
85
49
34
90
21
77
25
82
40
54
37
75
95
98
87
35
29
64
18
15
11
23
60
25
34
34
63
33
33
94
13
67
65
66
92
81
48
31
17
49
75
25
97
66
13
81
16
29
53
59
92
79
47
63
81
88
72
51
31
2
60
38
96
76
66
21
1
85
13
85
67
22
6
1
88
71
8
93
56
24
4
78
24
16
80
25
15
87
87
57
11
76
13
86
29
68
82
35
52
76
88
69
23
21
10
27
17
97
19
38
22
95
11
48
93
4
41
84
36
77
39
42
84
59
52
26
70
24
79
81
90
82
96
18
54
49
10
73
48
20
74
98
27
70
23
92
48
45
36
95
18
19
4
47
48
95
94
57
90
81
80
34
87
68
34
8
75
40
9
99
7
38
5
62
69
54
84
73
97
38
45
42
36
10
73
28
30
70
77
11
33
88
60
38
28
90
35
48
91
77
26
60
15
41
30
9
53
7
54
15
87
20
89
94
87
8
66
26
62
42
57
68
88
2
24
56
91
3
75
7
24
65
19
90
47
1
65
91
73
81
83
3
47
38
61
58
12
22
18
9
98
40
86
60
18
42
88
82
19
62
51
77
44
83
86
66
41
48
2
89
98
54
91
73
73
96
51
86
5
4
27
39
64
99
43
33
60
95
55
18
99
37
40
88
16
42
88
42
63
75
43
70
53
53
25
88
58
30
2
10
81
33
21
98
6
77
89
99
57
81
89
6
36
58
18
77
8
61
10
46
80
51
74
11
60
81
18
86
100
50
25
3
64
57
85
23
25
78
69
10
46
59
18
7
81
74
54
54
27
17
2
99
9
1
86
45
73
80
77
22
83
6
51
65
95
72
77
9
91
2
41
21
49
20
79
93
39
17
19
57
58
100
20
17
50
68
2
10
39
10
50
22
90
9
88
9
92
45
8
88
73
17
10
78
87
33
97
35
85
27
11
55
75
26
37
9
17
3
58
82
63
61
97
21
16
47
24
22
38
92
36
25
9
29
56
75
16
56
53
11
40
51
28
44
51
67
80
18
85
41
39
57
52
22
41
84
74
40
66
15
39
31
20
8
57
9
73
6
74
84
42
4
82
100
75
80
73
7
92
56
55
24
31
76
89
26
36
72
23
81
59
78
60
7
49
84
55
44
30
52
30
83
38
56
22
84
74
54
22
40
2
50
6
76
20
30
69
38
41
4
23
93
67
25
90
27
95
49
66
52
36
12
39
8
75
38
63
59
96
22
45
14
76
60
62
33
43
90
78
36
87
83
36
14
71
50
67
19
89
28
80
76
33
17
65
74
21
8
56
87
14
38
65
93
16
33
5
43
28
62
72
42
49
73
21
23
52
65
71
54
54
80
57
95
28
46
4
58
78
46
63
60
60
49
3
27
51
25
27
30
50
41
43
80
94
22
42
53
87
18
94
90
55
13
16
58
69
17
65
90
49
48
36
75
10
26
5
35
92
7
5
92
68
10
87
57
89
4
48
23
59
94
92
44
6
40
36
70
59
21
52
73
50
77
84
12
84
72
28
78
29
42
43
76
60
98
22
38
17
18
53
86
11
12
50
76
11
35
79
96
64
48
41
49
66
79
43
9
1
9
61
5
75
43
77
96
50
46
39
45
90
3
47
56
46
51
60
16
63
22
56
57
39
27
59
71
27
39
77
19
29
37
45
31
14
52
5
90
31
32
55
51
55
90
35
20
23
99
22
27
46
55
55
92
17
49
27
7
98
46
79
13
40
9
29
99
17
60
7
42
1
7
47
18
6
7
9
21
10
97
67
96
4
44
73
40
42
27
85
36
61
9
88
53
72
47
4
80
19
48
15
76
81
60
89
23
38
64
49
42
1
32
6
69
94
71
7
10
92
4
84
37
31
18
13
67
82
31
82
76
56
61
45
14
80
15
30
67
46
85
35
3
98
53
100
92
39
62
73
19
23
98
9
21
59
95
100
83
32
66
23
98
26
22
20
30
94
83
7
9
6
11
8
80
7
44
6
24
57
93
32
36
89
83
48
78
56
62
66
16
48
31
63
51
65
23
25
77
81
67
79
33
22
47
5
24
92
70
82
63
5
15
60
49
17
73
63
42
32
92
3
56
90
23
95
34
1
9
17
80
56
30
45
87
46
66
10
16
78
20
28
30
60
86
79
87
26
9
3
94
3
30
98
46
10
62
61
11
28
11
28
52
56
76
25
59
60
1
45
51
35
3
20
5
64
53
55
89
13
93
40
9
30
54
43
64
42
59
76
49
27
70
53
48
42
57
68
9
12
12
38
47
97
51
63
62
82
48
4
54
50
99
85
0 137
0 1129
0 1249
0 1802
1 64
1 593
1 787
2 1858
3 31
3 322
3 1553
3 1791
4 201
4 591
4 647
4 778
5 1400
5 1863
6 784
6 811
6 1185
6 1487
6 1611
6 1865
7 483
7 486
7 613
7 739
7 869
7 1018
7 1085
7 1318
7 1633
8 881
8 1634
9 101
9 786
9 1498
9 1639
9 1758
9 1808
10 126
10 347
10 1262
10 1313
10 1646
11 738
11 762
12 588
12 1338
13 1539
13 1654
13 1942
14 506
14 581
14 1103
15 979
15 1263
15 1409
15 1429
16 220
16 335
16 610
16 1354
16 1619
17 21
17 911
17 1753
18 528
18 1767
19 63
19 369
19 892
19 1177
19 1887
20 323
20 706
21 173
21 386
21 1915
22 879
22 1753
23 110
23 1729
23 1756
23 1894
24 497
24 771
24 1775
25 682
25 777
25 1275
26 211
26 767
26 1008
26 1289
27 199
27 310
27 566
27 581
27 1605
28 224
28 987
28 1100
29 61
29 226
29 540
29 1333
29 1588
30 269
30 664
30 678
30 1022
31 78
31 1864
32 472
32 828
32 1272
33 992
33 1227
33 1487
34 185
35 534
35 815
35 1721
35 1903
36 279
36 1031
36 1881
36 1974
37 1087
37 1996
38 462
39 259
39 634
39 1920
40 1892
41 1247
42 460
42 976
43 102
43 712
43 1549
43 1992
44 1006
44 1012
44 1096
44 1932
45 1183
45 1315
46 731
46 1031
47 1254
47 1544
48 657
49 1392
49 1531
49 1720
50 214
50 674
50 966
50 1290
50 1375
51 400
51 979
51 1247
51 1886
52 158
52 382
52 1577
53 804
53 1446
54 986
54 1856
55 1045
55 1443
55 1566
56 465
57 101
57 1537
57 1720
57 1774
58 1686
58 1813
59 198
59 438
59 910
59 1791
60 560
60 1283
61 1431
62 189
62 764
62 1587
62 1975
63 274
63 1959
63 1982
64 284
64 672
64 851
64 890
64 1120
64 1405
64 1454
65 537
65 974
65 1049
66 1012
67 1837
68 432
69 456
69 539
69 584
69 1091
69 1167
69 1905
71 477
71 915
71 1198
72 209
72 547
72 1015
72 1032
72 1118
72 1593
73 693
75 495
75 820
75 1512
76 485
76 612
76 956
76 1575
78 135
78 447
78 508
78 1320
78 1390
79 1403
80 677
80 745
81 174
82 195
82 918
83 249
84 417
84 449
84 852
84 951
84 1539
85 720
85 829
85 1094
86 401
86 468
86 634
86 853
87 197
87 793
87 1056
87 1061
87 1331
87 1563
88 1468
89 250
89 1785
89 1984
90 901
90 1137
90 1873
91 273
91 395
91 1900
91 1972
92 1474
92 1656
92 1780
93 556
93 1098
93 1589
93 1713
93 1723
94 146
94 643
94 1437
95 195
96 263
96 1286
96 1755
97 211
97 487
98 768
98 1670
98 1768
99 150
99 394
100 397
100 659
100 751
100 876
100 1450
100 1861
101 930
101 1043
102 226
102 590
102 735
102 772
102 1159
102 1847
103 607
103 837
103 1697
104 367
104 1590
104 1743
104 1854
105 252
105 1337
105 1444
105 1481
105 1814
106 1154
106 1403
106 1440
106 1634
107 405
107 1364
108 466
109 566
109 952
110 302
110 1186
111 580
111 1264
111 1463
111 1585
111 1802
111 1851
112 125
112 363
112 432
112 798
112 1031
112 1735
112 1983
113 519
113 1669
114 387
114 493
115 253
115 1443
116 664
116 867
116 1313
117 281
117 1013
117 1597
117 1755
118 908
119 992
119 1243
120 390
120 755
120 799
120 935
122 1620
122 1718
122 1885
122 1968
123 435
123 919
124 766
124 1255
124 1692
124 1924
125 482
126 1032
126 1144
126 1194
126 1271
126 1923
127 491
127 834
127 903
128 353
128 792
128 977
128 1695
129 239
129 1037
129 1180
130 603
131 574
131 766
131 876
131 1248
131 1795
132 1026
132 1372
132 1811
133 1531
134 228
134 796
134 1281
134 1541
134 1804
135 270
135 1236
135 1626
136 374
136 926
136 1768
137 854
137 1005
137 1453
137 1870
138 428
138 1395
138 1939
139 1122
140 736
140 1537
141 324
141 489
141 709
141 879
141 1940
142 706
143 457
143 672
143 678
143 858
143 1392
143 1558
143 1647
143 1875
143 1977
144 941
144 1283
144 1642
145 1032
145 1615
146 516
147 401
148 281
148 1096
148 1447
148 1533
148 1901
149 1149
149 1242
149 1524
149 1576
149 1800
150 210
150 380
150 532
150 722
150 1639
151 489
151 873
151 1215
151 1993
152 1102
152 1852
153 1083
153 1182
153 1870
154 656
154 681
154 1852
155 251
155 900
155 1096
156 968
156 1677
156 1723
157 578
157 1578
157 1828
158 506
158 665
158 695
158 1568
159 417
159 1176
160 348
160 990
161 300
161 328
161 1155
162 266
162 1396
162 1490
162 1528
162 1684
163 950
163 1655
163 1720
164 297
164 1607
165 314
165 1326
166 476
166 744
166 822
166 953
166 956
166 979
166 1311
166 1592
166 1803
167 1269
167 1495
167 1656
167 1930
168 483
168 1177
170 1273
171 1133
171 1217
171 1876
171 1932
172 224
172 1037
173 658
173 1934
174 1555
175 706
175 746
175 1132
175 1150
175 1673
176 533
176 1438
177 478
177 1717
177 1792
177 1989
178 905
178 1553
179 591
179 985
180 954
180 1004
180 1309
180 1477
180 1544
182 415
182 591
182 1268
183 439
183 478
183 485
183 1260
183 1309
183 1334
183 1369
183 1851
184 670
184 1326
184 1710
185 308
185 868
185 1111
185 1378
185 1702
187 1200
187 1656
188 289
188 810
188 1868
189 375
190 829
190 1600
190 1798
191 933
191 1755
191 1873
192 1861
192 1896
193 360
193 1512
194 842
194 1033
195 793
195 1267
195 1726
196 1056
196 1135
196 1572
196 1955
197 1515
198 489
198 600
198 675
198 1577
199 1200
199 1289
199 1963
200 659
201 732
201 1574
203 336
203 768
203 1102
204 613
204 1281
204 1775
205 1057
206 234
206 798
207 230
207 966
207 1014
207 1271
207 1711
207 1779
208 322
208 597
208 1148
208 1301
209 408
209 1228
210 621
210 635
210 753
210 1034
211 467
211 649
211 1682
212 421
212 1844
213 670
213 746
213 1662
214 675
214 690
214 800
214 1505
214 1619
214 1793
215 1275
215 1879
216 531
217 1162
217 1538
218 477
218 1762
218 1765
218 1835
219 355
219 1338
219 1841
220 460
221 263
221 409
221 800
221 1965
222 371
222 629
222 1532
222 1622
222 1702
223 1124
223 1744
223 1831
224 902
224 1228
224 1683
224 1843
224 1963
225 432
225 711
225 781
225 1402
225 1581
226 746
226 1897
228 436
228 1075
229 1695
230 921
230 1175
230 1604
231 449
231 978
231 1136
231 1307
232 673
232 858
232 1165
233 1280
233 1824
234 960
234 1819
235 1224
236 501
237 245
237 528
237 1558
238 291
238 1553
238 1739
240 1480
240 1481
242 267
242 705
242 1783
242 1976
243 1184
243 1266
243 1537
244 427
244 538
244 666
247 447
247 1121
247 1346
249 601
249 1315
249 1609
250 423
250 663
250 722
250 1590
250 1820
251 641
251 954
251 1663
251 1928
254 814
254 1034
254 1587
254 1711
255 791
255 810
255 1040
255 1273
256 383
256 693
256 1735
257 1609
258 1210
258 1944
259 988
259 1356
259 1804
260 1214
260 1826
260 1961
261 426
261 1021
261 1678
262 294
262 916
262 1413
262 1934
263 774
264 724
264 796
264 1614
265 286
265 462
265 471
265 1397
265 1864
267 646
267 793
267 843
268 894
269 787
269 1256
270 709
270 1674
270 1923
271 630
271 650
271 1367
272 1326
273 297
273 1834
274 566
275 373
275 484
275 1349
275 1711
275 1859
276 575
276 687
277 1139
277 1147
277 1553
277 1618
278 1913
279 1161
279 1657
280 1924
281 1248
281 1273
281 1433
281 1723
282 316
282 690
282 866
282 1156
282 1957
283 494
283 1048
283 1468
283 1509
284 657
284 945
284 1465
285 350
285 1701
286 777
286 1320
286 1608
288 1825
289 867
289 1466
290 342
290 1582
291 336
291 647
291 1016
292 578
292 1458
292 1634
292 1730
293 400
293 644
293 920
293 1305
293 1710
294 811
294 1164
295 316
295 776
295 1102
296 1651
297 587
297 859
297 1046
297 1663
299 649
299 1362
299 1824
300 408
300 918
300 1100
301 358
301 1945
302 358
303 627
304 942
304 1504
304 1506
304 1655
305 417
305 427
305 1628
305 1740
305 1804
306 1454
306 1557
307 656
307 1144
307 1671
307 1902
308 374
308 506
308 799
309 861
309 1142
309 1318
310 1035
310 1320
310 1571
311 1613
312 704
312 1829
314 401
314 560
314 595
314 703
315 644
316 1668
317 423
317 695
317 1293
317 1483
317 1705
318 1268
318 1840
318 1871
319 568
319 643
319 1208
319 1734
319 1795
320 382
321 1840
322 979
322 1310
322 1667
322 1700
322 1805
323 681
323 860
323 1223
323 1406
323 1932
324 326
324 1409
325 1368
325 1683
326 514
326 987
326 1228
326 1708
327 334
327 428
328 464
328 467
328 1227
328 1406
329 484
329 1129
329 1869
330 1450
330 1592
331 1262
332 363
332 1137
332 1771
332 1813
333 514
333 673
334 1014
334 1243
334 1299
334 1526
334 1763
335 1095
335 1733
336 779
336 1045
336 1169
336 1914
337 560
337 766
337 1401
338 385
338 779
338 929
338 1275
338 1866
339 787
339 1174
339 1855
340 1656
341 492
342 1087
343 366
343 1098
344 1336
344 1440
344 1967
346 573
347 698
347 910
347 1282
348 853
348 1337
350 572
350 619
350 908
350 1125
350 1140
351 1089
352 1469
352 1793
353 1335
353 1370
354 783
354 853
354 859
355 1510
356 618
356 1215
356 1281
356 1711
358 404
358 494
358 791
359 1168
359 1531
359 1882
360 535
360 935
361 1372
362 1576
363 485
364 811
364 1823
364 1954
365 920
365 1740
365 1936
367 670
367 866
367 1143
367 1771
368 416
368 490
368 1752
369 1409
369 1987
370 1079
370 1519
370 1771
371 1534
372 942
372 1063
372 1807
373 1491
374 759
374 867
374 1506
375 423
375 740
375 844
375 1854
376 1364
377 1235
377 1964
378 734
378 1006
378 1129
378 1359
379 772
380 851
381 763
381 1090
382 584
382 1281
382 1418
382 1647
383 387
383 1236
383 1991
384 799
384 1270
385 1642
386 420
386 1367
387 731
387 1273
387 1637
388 573
388 1141
388 1731
389 1140
389 1711
389 1970
390 1148
391 545
391 1440
391 1814
392 923
392 1549
392 1782
392 1962
393 1156
394 744
394 1398
394 1438
394 1728
394 1916
395 1881
396 1280
396 1497
397 891
397 1645
398 1571
398 1760
398 1927
399 1483
400 969
400 1606
401 1397
402 950
402 1094
402 1795
404 958
404 1199
405 864
406 684
406 1057
406 1743
406 1826
407 1017
407 1993
408 614
409 857
409 877
409 1058
409 1153
409 1199
410 980
411 494
411 753
411 773
411 1746
411 1958
411 1965
412 476
412 944
412 1085
412 1498
412 1558
413 663
413 968
413 1094
413 1728
414 576
414 1802
415 442
415 625
415 637
415 1217
415 1728
415 1889
415 1977
416 1345
416 1556
416 1834
417 950
417 979
417 1490
417 1817
418 596
418 698
418 1631
419 910
419 964
419 1162
419 1548
419 1904
420 679
420 1428
421 595
421 1350
421 1508
422 599
422 1301
422 1849
423 732
423 1052
423 1546
423 1898
424 633
425 642
425 1341
425 1422
425 1771
425 1998
426 1639
426 1647
427 945
427 1244
427 1269
429 825
429 1443
430 1099
430 1270
431 465
431 671
431 1544
431 1931
432 1427
433 1687
434 668
434 1284
435 908
435 1929
436 1581
437 1007
437 1027
437 1164
437 1921
438 553
438 1242
438 1419
439 1754
440 791
440 1065
440 1254
440 1601
440 1929
441 754
441 895
442 902
442 906
442 1510
442 1670
443 926
443 1025
444 659
444 1000
444 1224
444 1389
445 1677
445 1918
447 654
447 1951
449 716
449 877
450 618
450 1588
450 1990
451 648
452 973
452 1360
452 1384
452 1475
453 546
453 1032
453 1472
454 1006
454 1661
455 470
455 1144
456 464
456 657
456 987
456 1610
457 1790
458 899
458 1853
459 1764
460 1071
460 1246
460 1425
460 1456
461 838
461 928
461 1987
462 508
464 1035
464 1228
465 531
465 865
465 1437
465 1526
466 494
466 867
466 1752
467 501
467 510
467 1157
467 1347
467 1380
468 1489
468 1607
469 1202
469 1788
470 1271
470 1361
471 1320
471 1786
471 1949
472 1353
472 1575
473 1291
473 1399
473 1655
474 1468
475 1154
476 704
476 762
476 1991
477 571
477 681
477 1019
477 1416
478 516
478 996
478 1492
478 1822
479 757
480 1700
481 733
481 755
481 895
481 957
481 1645
482 1077
482 1905
483 1110
484 1308
484 1502
484 1766
484 1776
485 886
485 1312
485 1669
485 1881
486 753
486 1982
490 759
490 1011
490 1415
490 1439
490 1647
490 1781
491 913
491 1570
492 934
492 1644
492 1840
494 798
494 1421
495 1169
495 1204
496 1277
498 1333
499 1679
499 1895
500 1079
500 1836
501 995
501 1442
501 1500
501 1508
501 1812
501 1918
502 1711
502 1947
503 1742
504 621
504 829
505 1126
505 1421
506 1426
506 1434
507 612
507 1068
509 895
509 932
509 1470
510 1219
512 1178
513 1003
513 1416
514 1065
514 1716
515 1947
516 925
516 1925
517 1317
518 564
518 572
518 642
518 671
519 712
520 1705
520 1793
520 1975
521 886
521 953
521 1006
521 1246
521 1703
522 1335
522 1468
522 1729
523 1153
524 1597
524 1628
525 1132
526 692
526 770
526 1112
527 732
527 1553
527 1584
527 1738
527 1781
527 1907
528 844
528 857
528 1273
528 1442
529 1858
530 1709
531 850
531 1274
532 1061
532 1234
532 1562
533 789
533 1456
533 1803
533 1864
534 1447
535 1148
535 1903
537 561
537 685
537 783
537 1065
537 1449
537 1700
538 1124
538 1935
539 543
539 544
539 1736
540 919
540 1039
540 1749
541 1381
541 1501
541 1957
542 612
542 762
542 1781
542 1901
543 918
543 1170
543 1384
543 1444
544 1067
544 1163
544 1470
544 1695
544 1838
545 878
545 1387
545 1424
546 1394
546 1707
547 1060
547 1177
548 602
548 880
549 689
549 1409
549 1496
549 1861
550 610
550 853
550 1001
552 1696
553 1263
553 1427
554 1000
555 1296
555 1408
555 1495
557 1321
558 1098
558 1860
559 1362
559 1641
561 892
561 1993
562 1234
562 1555
562 1658
563 1030
563 1629
563 1790
564 1174
564 1262
565 1510
567 901
567 1495
567 1885
568 714
568 792
568 1338
568 1673
568 1712
568 1777
568 1908
569 727
569 1448
569 1549
570 620
571 643
571 660
572 831
572 1005
572 1953
573 749
573 920
573 1029
573 1733
574 1446
574 1957
575 1227
575 1330
575 1493
575 1820
576 1921
577 779
577 1146
578 713
578 899
578 1421
578 1513
578 1558
578 1820
578 1957
579 982
579 1487
579 1782
580 738
580 846
580 1002
580 1349
580 1384
581 1612
582 1348
583 1571
583 1757
583 1971
584 1245
584 1602
586 1006
586 1087
587 830
587 1101
587 1638
588 1063
588 1165
588 1276
588 1524
589 1306
589 1650
589 1853
589 1987
590 846
590 957
592 1397
592 1622
593 893
593 1384
593 1980
594 867
594 1685
594 1776
594 1832
595 605
595 765
596 829
596 987
596 1516
597 1628
597 1748
599 700
600 809
600 835
600 988
600 1279
601 980
601 1942
602 1076
602 1683
603 706
605 1235
605 1562
605 1754
605 1824
606 893
606 1780
607 746
607 1369
607 1606
608 793
608 1723
608 1880
609 857
611 1060
611 1240
613 1695
613 1864
614 1279
616 994
616 1299
616 1826
617 729
617 822
618 1152
618 1888
619 643
619 1259
619 1312
620 803
620 978
620 1812
621 1419
621 1631
621 1759
621 1996
624 1267
625 1310
625 1697
626 1440
626 1612
627 1273
627 1486
628 978
628 1397
628 1685
629 1027
630 1158
630 1215
630 1585
630 1883
632 1651
632 1980
633 1291
633 1784
633 1807
634 693
636 749
637 689
638 709
638 835
638 1326
638 1621
638 1673
639 924
639 1530
639 1703
640 648
640 1130
640 1425
641 1958
643 1442
643 1819
643 1848
644 1031
645 670
646 1741
646 1915
646 1962
647 862
647 1883
648 1092
648 1531
650 1069
650 1285
650 1348
650 1599
650 1795
651 1418
651 1430
651 1651
653 1125
653 1297
653 1621
653 1959
654 1731
655 1130
655 1154
655 1324
655 1580
656 1841
657 851
657 1164
657 1406
657 1640
657 1897
658 843
658 932
658 1810
660 1308
660 1314
660 1495
661 1024
661 1222
662 1064
662 1717
662 1764
662 1823
662 1959
663 1359
664 667
664 791
664 1296
664 1369
664 1697
664 1944
665 1331
666 1113
666 1241
666 1674
667 1985
668 1454
670 1950
671 681
671 688
671 1109
671 1123
671 1787
672 708
672 995
672 1734
673 1063
673 1392
673 1413
673 1683
675 1656
676 1230
676 1591
677 1804
678 1493
678 1962
679 773
679 954
679 1776
680 1576
680 1846
682 1714
683 776
683 1077
683 1099
683 1618
683 1971
684 1636
684 1938
685 1745
686 1169
686 1742
686 1881
687 943
687 1132
688 902
689 921
689 1147
690 1158
690 1914
690 1977
691 719
691 1167
692 1464
693 959
693 1592
694 988
694 1142
694 1856
695 824
695 1444
695 1645
695 1808
696 870
696 1688
696 1891
697 951
697 1152
697 1203
697 1506
697 1940
698 1769
699 1415
701 1496
701 1650
703 1141
703 1183
703 1422
704 1702
704 1706
706 1122
706 1642
706 1917
707 1728
708 809
708 1321
709 1604
710 1887
711 769
713 789
713 808
713 977
713 1032
714 1688
717 1174
717 1591
717 1854
718 1349
718 1380
718 1617
718 1866
719 738
719 759
719 1336
719 1661
720 1037
720 1113
720 1321
721 729
721 1204
722 1257
723 1027
723 1888
724 1103
725 1600
725 1776
726 1432
727 881
727 1595
727 1643
728 1962
729 1344
729 1432
730 1327
730 1804
731 905
732 904
732 1939
733 1127
733 1690
733 1714
734 1424
734 1895
734 1985
735 775
735 1106
735 1775
737 1042
737 1869
738 942
738 1441
738 1628
738 1883
739 949
739 1005
739 1084
739 1331
739 1837
741 1092
741 1748
742 1013
743 1267
744 1851
745 785
745 1148
746 1015
746 1487
747 1690
748 833
749 1563
749 1815
750 1497
750 1878
751 913
752 787
752 1097
752 1940
753 1190
753 1584
753 1655
754 1549
754 1624
755 1663
757 1852
758 1216
759 882
760 1449
760 1854
761 1773
761 1789
762 1290
764 1289
764 1528
764 1530
768 1386
768 1690
768 1771
769 1452
769 1573
770 1719
771 1011
771 1164
771 1634
771 1789
772 1597
773 1025
773 1942
774 1136
774 1146
774 1356
775 1697
776 1279
777 1063
778 1004
778 1429
778 1567
779 993
780 1459
780 1949
781 862
781 1278
782 1543
783 1147
783 1195
783 1331
783 1619
784 1163
784 1447
784 1547
784 1590
785 792
785 1601
786 1582
788 1148
788 1206
788 1298
788 1871
788 1901
789 1256
789 1824
790 965
791 1889
792 1949
793 1982
794 1005
795 1724
798 1371
799 1977
800 1033
800 1446
800 1868
801 1462
801 1641
803 1480
803 1590
804 1112
805 1382
805 1853
806 1353
806 1545
807 910
808 1405
808 1965
809 820
809 1350
810 824
810 1513
810 1771
810 1843
810 1971
811 1646
811 1877
812 935
812 1574
813 1138
813 1633
814 1110
815 898
815 1023
816 1590
819 1654
820 1937
821 1176
821 1756
822 1088
823 885
823 921
823 1697
824 1200
824 1225
826 1698
826 1834
826 1932
827 855
827 856
827 1126
827 1247
827 1547
829 1042
829 1580
830 1300
831 1196
831 1594
831 1750
832 1115
832 1225
834 1614
834 1669
837 1358
837 1590
838 1859
839 1276
839 1932
840 947
841 1350
842 1069
842 1622
843 1299
843 1407
844 1643
844 1857
846 1112
847 1260
849 976
849 1253
850 1112
850 1328
850 1353
850 1793
850 1851
852 1190
852 1226
852 1357
853 1563
853 1950
855 935
855 1069
856 1310
857 1275
859 952
859 1474
860 867
860 1833
861 1165
861 1671
862 1846
863 1031
864 1727
864 1825
865 1287
866 1873
867 1075
867 1381
867 1521
867 1592
867 1920
868 879
868 1200
868 1745
870 1992
871 1205
872 1963
873 1887
874 1111
874 1374
874 1430
874 1754
875 1017
875 1038
876 1078
877 1595
878 921
878 1359
879 1037
879 1046
879 1508
879 1674
880 1149
880 1374
880 1575
881 1846
881 1956
883 943
883 1543
883 1878
884 1877
884 1904
885 1376
886 1446
887 1695
888 1250
888 1387
889 954
889 963
890 1054
890 1529
890 1992
891 1190
891 1521
892 1267
892 1551
893 1509
893 1531
894 1186
895 992
895 1505
895 1872
896 1605
896 1713
897 1920
898 1356
899 1114
899 1546
899 1560
899 1950
900 1315
900 1987
901 1840
903 1692
904 1224
905 982
905 1023
905 1599
906 970
906 998
907 927
907 1392
907 1515
908 1122
908 1621
909 1326
909 1778
910 1293
910 1488
910 1727
910 1731
910 1753
911 957
911 1293
912 981
914 1185
914 1596
914 1748
915 1258
915 1993
916 1016
916 1166
916 1758
917 1146
917 1276
917 1755
918 1541
919 1031
920 1353
920 1955
921 1648
921 1991
922 985
922 1647
922 1662
923 1534
924 1119
924 1595
924 1979
927 1401
927 1532
928 1786
929 1589
929 1933
930 1648
931 975
932 1912
933 1269
933 1470
933 1566
933 1905
934 1084
934 1803
935 1759
936 1155
936 1618
937 1376
937 1710
937 1905
938 1190
938 1592
938 1870
940 1537
940 1837
941 1995
942 1178
943 1366
943 1798
944 1793
944 1958
945 1523
946 964
946 1179
948 1056
949 1213
949 1226
949 1979
950 1060
951 1280
951 1626
952 1476
952 1552
953 997
953 1520
953 1665
953 1847
953 1862
954 1203
955 1133
956 1571
957 1664
958 1055
958 1060
958 1087
959 973
959 1314
961 1319
961 1468
961 1859
962 1419
963 1176
963 1728
965 1460
966 1179
966 1799
966 1966
967 1094
967 1657
968 1145
971 1234
971 1748
971 1801
972 1642
973 1861
973 1897
974 1213
974 1339
976 1674
978 1756
980 1775
982 1225
983 1337
985 1049
985 1217
985 1231
986 1495
986 1579
986 1753
988 1674
993 1549
994 1327
995 1396
995 1882
996 1430
997 1352
998 1205
999 1431
1000 1510
1001 1754
1002 1334
1003 1511
1004 1459
1004 1517
1004 1598
1004 1883
1005 1199
1005 1218
1006 1085
1006 1253
1006 1953
1007 1147
1007 1218
1008 1665
1008 1961
1009 1769
1009 1988
1010 1204
1010 1754
1011 1791
1012 1090
1012 1384
1013 1699
1014 1099
1014 1628
1015 1459
1015 1715
1018 1197
1018 1291
1018 1340
1019 1806
1020 1813
1021 1749
1021 1770
1021 1955
1022 1427
1022 1782
1023 1944
1024 1237
1024 1376
1024 1552
1024 1931
1026 1985
1027 1177
1027 1609
1027 1622
1028 1378
1028 1937
1029 1148
1029 1880
1030 1676
1032 1652
1033 1812
1033 1967
1034 1519
1034 1762
1035 1544
1036 1942
1037 1290
1037 1376
1038 1243
1039 1461
1040 1109
1040 1633
1041 1960
1042 1128
1042 1224
1043 1746
1045 1137
1045 1214
1046 1437
1047 1709
1049 1147
1050 1194
1050 1348
1050 1611
1050 1762
1050 1939
1051 1243
1051 1499
1051 1577
1051 1734
1053 1118
1055 1761
1056 1389
1057 1389
1059 1337
1059 1381
1059 1551
1060 1403
1061 1162
1061 1771
1062 1280
1062 1621
1063 1102
1063 1826
1063 1965
1064 1184
1066 1529
1067 1463
1068 1624
1069 1646
1069 1672
1069 1883
1070 1503
1070 1616
1070 1886
1071 1657
1074 1394
1075 1336
1075 1664
1075 1959
1076 1962
1079 1667
1079 1974
1081 1373
1081 1479
1083 1572
1084 1763
1084 1869
1085 1846
1086 1277
1087 1452
1087 1747
1087 1812
1088 1479
1088 1713
1088 1783
1089 1137
1090 1365
1091 1428
1091 1574
1092 1130
1092 1428
1092 1617
1092 1744
1094 1220
1094 1357
1094 1370
1094 1460
1095 1244
1095 1471
1097 1802
1097 1913
1098 1516
1098 1831
1100 1483
1101 1715
1101 1731
1103 1578
1105 1143
1105 1242
1106 1359
1106 1822
1107 1649
1108 1184
1110 1553
1111 1496
1111 1991
1112 1684
1113 1768
1114 1626
1115 1432
1115 1738
1116 1150
1117 1953
1118 1285
1118 1811
1119 1339
1120 1208
1122 1396
1122 1812
1123 1323
1123 1675
1124 1406
1124 1431
1125 1359
1125 1920
1126 1407
1126 1456
1126 1764
1126 1897
1127 1290
1127 1615
1127 1816
1128 1212
1128 1962
1129 1376
1129 1973
1131 1311
1131 1439
1132 1302
1133 1160
1133 1519
1133 1786
1133 1993
1134 1474
1136 1502
1137 1160
1137 1504
1137 1713
1137 1801
1137 1859
1140 1829
1141 1935
1142 1788
1144 1801
1145 1229
1147 1227
1147 1273
1148 1658
1148 1693
1148 1927
1149 1180
1149 1405
1151 1790
1151 1801
1152 1702
1152 1884
1155 1303
1155 1495
1155 1558
1155 1795
1157 1202
1157 1371
1161 1779
1163 1256
1163 1303
1163 1442
1163 1984
1166 1502
1166 1663
1167 1828
1170 1590
1170 1619
1172 1736
1174 1243
1174 1552
1174 1578
1175 1909
1177 1968
1179 1956
1180 1648
1180 1738
1184 1259
1185 1681
1186 1594
1186 1655
1187 1303
1187 1368
1187 1569
1188 1623
1189 1596
1191 1197
1191 1659
1191 1759
1192 1208
1192 1654
1193 1790
1194 1391
1194 1994
1196 1906
1197 1988
1199 1402
1200 1841
1200 1905
1200 1961
1204 1389
1205 1468
1206 1273
1208 1512
1208 1786
1209 1274
1209 1604
1209 1820
1209 1888
1210 1586
1210 1721
1212 1720
1213 1640
1214 1544
1214 1572
1215 1680
1216 1503
1216 1587
1216 1714
1218 1723
1218 1732
1219 1283
1219 1402
1219 1508
1219 1753
1220 1279
1220 1895
1222 1668
1223 1347
1224 1940
1226 1714
1227 1478
1227 1719
1228 1802
1229 1245
1230 1258
1231 1886
1232 1993
1234 1706
1236 1437
1236 1459
1238 1288
1240 1410
1240 1587
1242 1526
1242 1566
1245 1804
1245 1831
1246 1997
1247 1821
1247 1931
1252 1567
1253 1561
1253 1665
1253 1931
1254 1638
1255 1269
1256 1623
1256 1847
1258 1275
1259 1489
1259 1633
1261 1392
1261 1424
1262 1318
1263 1452
1264 1551
1264 1907
1265 1399
1266 1659
1267 1453
1268 1293
1268 1398
1269 1290
1269 1758
1271 1706
1272 1436
1273 1635
1273 1642
1273 1754
1274 1905
1277 1818
1277 1969
1279 1411
1279 1542
1281 1462
1281 1943
1283 1556
1285 1405
1286 1482
1287 1577
1290 1326
1291 1990
1292 1675
1292 1926
1293 1699
1293 1782
1294 1879
1295 1437
1296 1775
1296 1811
1297 1537
1297 1540
1297 1708
1298 1493
1298 1601
1300 1930
1301 1581
1301 1732
1301 1945
1302 1655
1302 1808
1306 1435
1312 1866
1313 1552
1315 1868
1316 1601
1317 1794
1318 1550
1319 1842
1319 1955
1320 1759
1321 1797
1324 1449
1325 1379
1325 1917
1327 1640
1329 1850
1331 1785
1331 1908
1332 1894
1333 1469
1334 1538
1335 1649
1335 1887
1336 1582
1337 1777
1338 1743
1340 1451
1340 1575
1341 1901
1342 1528
1342 1581
1343 1410
1343 1573
1344 1454
1344 1604
1345 1701
1345 1872
1346 1561
1347 1849
1348 1607
1351 1602
1353 1865
1355 1483
1355 1788
1356 1722
1358 1381
1358 1919
1359 1714
1359 1813
1361 1839
1364 1635
1364 1713
1366 1827
1367 1413
1368 1590
1369 1805
1370 1807
1371 1656
1372 1595
1372 1959
1376 1872
1379 1609
1379 1695
1379 1884
1380 1443
1381 1483
1381 1973
1382 1732
1382 1769
1384 1759
1384 1885
1385 1497
1387 1388
1387 1481
1388 1556
1389 1903
1391 1618
1396 1939
1397 1606
1398 1554
1398 1937
1399 1403
1399 1480
1399 1712
1399 1875
1402 1441
1403 1997
1404 1559
1404 1724
1405 1851
1406 1554
1407 1883
1408 1427
1409 1578
1409 1956
1411 1416
1411 1434
1411 1757
1411 1889
1412 1738
1412 1864
1413 1438
1413 1767
1413 1972
1417 1483
1423 1627
1424 1947
1425 1842
1425 1866
1428 1701
1428 1898
1429 1565
1429 1627
1431 1529
1431 1700
1431 1999
1432 1783
1432 1842
1433 1809
1438 1685
1439 1579
1439 1933
1440 1923
1440 1938
1441 1680
1442 1466
1442 1546
1442 1577
1442 1679
1443 1866
1443 1993
1447 1487
1450 1715
1450 1931
1451 1725
1451 1935
1452 1896
1454 1602
1457 1490
1457 1736
1458 1472
1458 1635
1459 1884
1460 1948
1464 1900
1466 1501
1466 1947
1467 1505
1467 1998
1469 1823
1470 1561
1472 1740
1472 1786
1473 1520
1473 1601
1473 1869
1473 1971
1477 1524
1477 1693
1478 1679
1478 1807
1480 1496
1483 1702
1484 1871
1486 1977
1487 1770
1488 1645
1490 1705
1491 1565
1491 1772
1494 1911
1496 1549
1502 1527
1502 1834
1503 1647
1505 1986
1506 1896
1509 1525
1514 1698
1514 1806
1515 1994
1519 1997
1520 1534
1521 1627
1522 1600
1522 1740
1523 1601
1525 1761
1525 1971
1526 1605
1526 1679
1526 1696
1527 1543
1529 1888
1530 1557
1531 1927
1536 1651
1537 1582
1545 1771
1545 1842
1545 1856
1552 1639
1552 1696
1553 1795
1555 1589
1558 1929
1562 1674
1567 1823
1570 1695
1570 1919
1571 1909
1574 1808
1577 1964
1578 1776
1582 1658
1582 1760
1586 1780
1588 1820
1589 1675
1589 1676
1590 1817
1592 1907
1594 1669
1594 1812
1598 1810
1600 1627
1600 1912
1604 1921
1607 1867
1608 1848
1609 1617
1609 1716
1616 1790
1627 1980
1630 1836
1632 1872
1633 1790
1637 1882
1638 1929
1639 1751
1643 1678
1645 1696
1646 1786
1649 1727
1651 1935
1653 1921
1656 1697
1656 1906
1659 1696
1659 1948
1661 1667
1661 1856
1661 1892
1662 1862
1663 1988
1664 1836
1664 1894
1665 1802
1665 1901
1670 1798
1671 1757
1672 1839
1673 1896
1674 1754
1674 1895
1675 1923
1678 1784
1678 1958
1687 1785
1689 1855
1696 1774
1697 1812
1698 1874
1699 1845
1700 1706
1707 1733
1710 1806
1713 1723
1713 1747
1714 1859
1716 1935
1716 1966
1717 1758
1719 1816
1724 1745
1724 1899
1731 1855
1732 1760
1732 1944
1735 1986
1740 1827
1741 1977
1743 1891
1745 1767
1746 1975
1754 1914
1756 1828
1757 1925
1758 1908
1763 1957
1764 1952
1769 1924
1771 1993
1774 1786
1775 1888
1781 1860
1782 1976
1785 1955
1786 1824
1798 1806
1798 1920
1800 1930
1802 1845
1817 1822
1820 1948
1828 1892
1829 1855
1837 1905
1837 1997
1855 1881
1871 1877
1872 1918
1877 1933
1879 1944
1883 1958
1886 1911
1905 1957
1913 1993
1923 1960
1930 1949
1944 1985
1954 1994
1962 1972
