2000 3045
74
88
13
7
96
99
38
53
33
45
73
85
90
56
72
72
19
42
70
70
54
71
28
53
28
76
27
20
83
26
53
87
98
87
78
98
70
45
69
51
93
54
33
10
86
33
91
40
66
21
12
42
29
36
78
9
13
81
88
26
99
86
100
53
93
93
42
83
13
88
86
55
4
68
80
3
14
7
98
79
36
37
25
10
88
52
51
38
96
13
15
51
44
36
24
69
98
3
32
64
23
67
97
59
28
36
89
60
44
80
88
26
96
70
35
83
59
34
55
93
66
15
65
61
84
23
92
91
35
86
8
58
96
43
58
20
43
78
2
13
66
56
40
24
22
25
47
40
12
98
46
65
52
89
20
20
18
80
20
88
98
21
33
27
77
75
67
44
96
67
72
35
32
2
95
86
26
23
29
20
39
12
14
29
72
5
58
58
32
58
6
17
83
1
46
81
40
90
42
49
54
23
17
6
38
63
66
13
55
54
97
27
82
89
42
31
34
48
13
44
85
47
24
66
94
66
85
15
61
71
90
92
58
6
79
64
94
90
10
41
76
46
16
78
60
97
17
57
38
75
2
20
40
44
68
77
77
54
79
88
44
87
30
15
47
80
45
79
79
36
36
40
26
10
61
55
33
78
63
86
46
91
100
52
38
53
55
30
21
6
45
87
7
51
73
19
54
60
81
3
50
89
93
72
91
72
1
98
21
95
24
5
17
83
93
6
5
62
4
34
52
75
47
82
3
20
22
18
49
61
3
79
26
65
56
41
49
78
78
62
98
7
56
14
11
1
24
65
69
51
100
22
8
89
71
44
73
9
5
46
65
77
18
96
90
11
59
40
72
4
45
22
46
43
83
6
19
7
28
5
87
32
1
12
21
99
24
2
1
14
54
71
18
64
95
63
69
44
65
50
10
60
59
89
45
75
68
97
91
30
16
89
19
18
22
14
9
25
19
39
70
20
43
70
97
33
59
3
81
5
58
73
81
40
70
47
65
57
73
81
85
33
37
68
11
2
94
67
7
62
84
92
19
24
42
77
96
54
59
24
17
94
48
84
63
69
70
47
20
11
78
23
95
24
50
93
7
57
62
54
68
99
63
41
65
59
97
56
61
54
23
65
59
94
73
15
4
53
3
24
74
73
58
94
81
57
43
58
86
5
30
9
9
2
40
76
15
72
12
88
19
49
43
2
66
96
20
76
11
30
81
33
12
5
87
31
16
55
17
98
100
31
67
43
33
58
81
40
24
55
26
27
52
11
21
53
12
85
64
39
21
84
90
89
8
65
73
67
70
100
69
49
96
1
58
63
42
61
49
74
92
73
25
73
36
53
53
96
84
12
32
23
17
42
26
70
82
99
18
97
12
59
53
50
74
41
3
98
27
93
81
18
13
64
34
30
69
51
52
92
4
56
65
58
63
22
51
63
84
70
65
24
67
36
42
19
3
90
47
44
90
64
68
80
91
12
92
78
6
93
1
83
45
44
14
73
9
51
94
44
51
15
40
28
94
42
95
67
31
53
51
27
92
89
11
35
40
94
67
37
7
6
28
1
74
77
20
80
71
43
46
93
40
1
81
31
4
46
88
88
44
4
11
16
84
94
96
6
31
59
25
13
90
58
9
17
68
97
14
49
39
43
31
65
46
9
22
65
91
81
24
34
43
22
100
50
98
84
64
96
9
21
79
63
71
18
26
10
90
30
57
24
91
37
86
93
54
61
30
18
5
58
71
76
45
8
89
16
92
91
56
97
22
85
59
76
27
9
51
75
14
2
92
65
21
98
73
42
38
14
84
27
1
61
28
70
37
57
15
77
28
22
32
37
96
65
2
48
83
68
21
72
14
21
23
69
100
26
84
25
13
51
36
56
59
23
64
38
41
33
80
26
3
55
26
85
96
38
80
77
73
46
31
3
81
57
74
18
46
76
52
36
13
11
79
36
78
69
21
15
100
42
2
20
33
63
67
60
43
61
61
3
60
33
16
24
79
9
18
71
40
56
66
72
38
48
21
13
18
31
50
20
27
100
84
1
19
96
72
95
45
80
68
70
13
49
65
28
72
52
65
61
10
94
91
87
17
94
76
88
61
46
26
50
19
90
3
42
70
24
17
58
77
28
39
43
95
23
67
46
27
55
97
32
43
50
78
54
74
45
11
35
73
38
66
50
29
73
65
61
57
39
38
69
33
93
20
89
9
47
23
31
2
31
90
100
35
95
14
24
87
7
46
48
84
81
96
37
72
3
1
12
85
11
91
13
74
23
33
14
33
43
89
76
10
64
95
87
13
6
98
27
66
55
56
40
42
82
81
98
81
91
42
78
68
57
4
27
4
21
68
55
10
37
16
39
35
18
39
79
36
32
11
99
14
23
39
46
67
30
63
55
31
19
2
63
24
21
37
70
73
66
88
20
97
54
11
27
87
81
46
16
85
23
23
69
31
62
10
9
56
80
87
56
28
6
76
3
39
63
73
81
56
77
47
28
18
45
54
90
39
11
91
68
96
99
42
70
38
31
82
19
52
20
1
61
63
12
91
3
70
14
5
12
68
50
46
78
10
54
18
29
47
40
29
88
4
60
98
75
40
76
43
100
25
44
30
5
31
27
29
76
87
70
83
81
69
78
41
80
9
69
12
1
4
6
95
68
63
87
71
92
76
79
32
55
47
77
53
96
34
53
46
88
85
24
20
66
78
14
95
19
10
4
68
63
52
56
79
65
98
49
45
54
22
77
66
24
23
70
8
74
95
72
98
41
20
64
54
15
76
22
1
28
25
6
18
80
81
38
18
87
19
52
84
79
38
3
89
63
39
84
45
38
64
38
43
31
95
29
95
65
90
67
8
31
58
69
73
93
45
74
32
22
54
54
31
42
4
86
96
49
71
6
7
33
88
53
41
87
22
73
53
54
41
91
36
38
94
44
36
29
59
34
80
68
75
27
27
92
18
82
73
45
73
57
40
56
76
45
74
35
74
38
45
51
57
27
69
20
77
48
35
55
3
64
96
27
15
88
60
61
40
24
30
59
63
64
93
32
71
94
93
88
96
55
8
76
4
50
93
83
12
21
53
10
23
53
26
4
6
47
67
21
21
72
33
26
94
99
14
96
34
75
15
81
63
78
58
75
71
64
8
39
25
53
39
17
54
45
53
2
37
72
53
6
3
24
29
16
92
2
95
21
19
15
100
18
85
23
67
29
11
86
22
98
30
17
13
12
46
12
90
38
75
98
30
55
45
57
50
90
55
94
26
31
39
96
30
91
47
10
31
71
11
39
96
4
83
48
27
16
39
49
96
82
25
97
37
83
35
15
33
82
99
52
16
22
42
17
58
23
85
94
65
93
83
46
19
93
86
31
68
98
6
14
56
38
81
6
79
59
93
7
63
53
52
45
56
68
40
26
99
58
49
30
9
48
47
49
58
75
24
66
51
56
80
4
24
14
39
29
1
26
49
16
19
100
29
48
46
71
39
89
3
83
80
29
76
95
30
42
42
54
76
54
31
27
37
74
74
38
55
97
44
28
25
39
44
15
88
78
4
21
87
6
20
57
87
22
69
22
57
98
50
63
94
20
7
75
26
74
13
8
69
55
18
90
25
34
64
75
77
16
3
35
15
85
86
12
70
19
37
13
67
26
90
93
96
87
65
53
10
30
14
13
45
27
10
29
96
29
33
3
3
20
16
98
49
69
74
60
32
93
88
82
91
95
26
13
18
11
16
8
29
20
51
68
10
44
74
33
40
82
45
44
51
66
79
55
31
82
33
13
38
76
17
79
81
82
60
80
87
63
6
11
81
100
58
8
72
17
2
13
46
92
63
25
62
14
71
54
45
23
36
61
54
25
99
74
77
6
83
46
96
99
32
58
17
62
56
33
8
6
80
48
42
46
27
11
41
49
20
53
68
63
45
84
96
5
78
83
62
79
23
71
72
67
21
40
42
100
16
26
74
15
32
40
62
46
18
95
100
67
99
18
61
75
11
46
17
46
23
2
86
2
54
13
42
69
56
4
89
36
49
16
41
76
100
40
62
6
25
54
64
73
77
23
6
30
62
19
94
77
51
22
97
72
36
51
13
24
15
36
91
6
69
47
58
91
93
91
43
60
97
16
15
10
48
59
49
91
22
29
2
64
99
12
42
98
86
86
72
41
47
90
12
53
9
19
91
51
12
3
91
59
49
3
7
65
23
87
83
48
6
97
95
26
38
36
12
27
85
13
74
43
79
24
8
83
70
62
99
28
56
5
8
95
61
97
39
94
49
3
36
13
96
59
72
74
32
70
72
44
64
22
40
86
76
35
81
71
9
91
92
48
62
96
41
51
42
80
15
77
71
27
8
66
63
28
19
78
81
50
47
52
19
82
32
73
91
81
37
96
5
68
22
61
8
34
73
40
36
31
73
68
68
52
50
69
17
60
36
24
29
6
96
31
38
65
92
1
72
97
96
8
96
49
38
67
91
35
79
5
70
57
72
4
58
9
38
67
82
29
88
29
71
29
86
64
39
15
78
15
42
93
24
41
74
84
0 227
0 1725
1 1511
1 1542
2 18
3 1579
4 280
4 675
4 808
4 1026
4 1248
5 511
5 598
5 1374
5 1699
5 1836
6 368
7 1966
8 949
8 1852
9 122
9 533
9 709
9 747
10 1224
11 1584
11 1891
12 162
12 414
12 672
12 1202
12 1987
13 720
13 1761
14 618
14 1241
14 1384
14 1793
15 1773
16 599
16 1409
16 1715
17 1417
17 1543
17 1624
17 1813
18 183
18 923
18 1283
19 447
19 1011
21 499
21 1268
21 1654
22 140
22 154
22 1346
23 399
23 708
23 755
23 1352
23 1397
24 385
24 1325
24 1655
25 102
25 1239
25 1553
26 189
26 442
27 978
27 994
28 667
28 965
28 1551
28 1714
29 467
29 1877
30 1156
30 1184
31 180
31 1638
31 1826
32 360
32 644
32 646
32 699
32 991
32 1787
33 110
33 1446
33 1614
34 243
34 326
34 1016
34 1907
35 167
35 501
35 1739
36 223
36 563
37 1004
37 1127
37 1697
38 203
38 244
38 248
39 324
39 1226
39 1516
40 178
40 1129
41 398
41 594
41 674
41 1312
42 774
42 1249
43 1647
44 648
44 849
44 1316
44 1621
45 1025
45 1074
45 1895
46 85
46 464
46 932
47 399
47 897
47 1598
47 1880
48 264
48 496
48 546
48 1754
49 585
49 831
49 1020
49 1446
49 1472
49 1624
50 260
50 496
50 937
50 1709
51 1900
52 869
52 1432
53 488
53 563
53 815
53 1101
53 1239
54 98
54 450
54 799
54 1389
54 1646
55 277
55 1116
56 781
57 116
58 543
58 1532
59 110
59 417
59 742
60 296
61 1981
62 600
62 1582
64 574
64 1149
64 1177
64 1545
65 693
65 1413
65 1845
66 850
66 1523
66 1908
67 475
67 1320
67 1857
68 975
68 1613
68 1734
69 408
69 638
69 969
69 1066
69 1404
70 130
70 428
70 685
70 818
70 1225
71 547
71 1209
71 1890
72 245
72 1086
73 1134
73 1420
73 1841
74 700
74 983
75 153
75 378
75 1523
75 1541
76 1212
76 1448
77 563
77 1030
77 1797
78 163
78 188
78 548
78 1034
78 1173
79 269
79 582
79 915
79 1655
81 1022
81 1166
81 1580
82 629
82 1885
83 114
83 688
83 802
83 880
83 1194
84 237
84 1064
84 1104
84 1297
84 1804
85 780
86 783
86 855
86 1706
86 1749
87 356
87 737
87 779
87 825
87 842
87 874
87 1228
88 467
88 1071
89 466
90 1651
92 1612
93 333
93 1125
93 1396
94 194
94 543
94 631
94 718
94 789
94 1246
94 1417
94 1645
94 1665
94 1807
94 1982
95 1982
96 213
96 474
96 490
96 972
96 1113
96 1207
97 526
97 687
97 857
98 555
98 1272
98 1568
98 1665
99 1485
99 1739
100 1167
101 185
101 188
101 992
101 1841
102 224
102 455
102 1539
102 1695
103 397
104 157
105 375
105 581
105 975
106 492
106 816
107 499
107 1448
108 236
108 472
108 1582
108 1869
108 1909
109 901
109 1086
109 1258
109 1414
111 368
111 1653
111 1776
112 282
112 495
112 1721
112 1750
113 1340
114 1410
114 1593
114 1776
115 817
115 1619
117 360
117 913
117 1497
117 1874
117 1919
118 379
118 1800
119 529
119 863
119 1409
119 1728
120 715
120 1809
121 1225
122 1428
123 1488
124 265
124 592
124 1294
124 1319
124 1597
124 1635
124 1768
125 1345
126 1039
127 240
127 1436
128 574
128 1594
128 1672
128 1950
129 895
129 1953
129 1955
130 741
130 1262
130 1542
130 1582
130 1743
130 1831
131 213
131 897
131 1319
131 1411
132 553
132 1183
132 1836
132 1996
133 360
133 509
133 547
133 998
133 1161
133 1935
134 989
134 1158
135 330
135 435
135 844
135 917
135 1210
135 1304
136 826
136 1080
136 1088
137 289
137 384
137 665
137 772
137 847
138 885
138 1499
139 433
139 1047
140 342
140 841
140 1383
141 1493
142 459
142 1287
143 1073
144 576
144 1067
144 1800
145 203
145 290
145 1284
145 1477
146 1320
146 1530
146 1770
146 1825
146 1864
147 1075
147 1252
147 1563
148 691
148 788
148 835
148 1990
149 678
150 1353
151 238
151 546
151 1762
152 430
152 497
152 946
153 1118
154 1851
155 956
156 1237
156 1405
156 1698
157 726
157 1885
158 268
158 1856
159 1942
160 957
160 1608
161 674
161 1129
162 687
162 1679
163 1343
164 1549
165 1142
166 694
167 1263
167 1953
168 329
168 1288
169 1466
169 1792
170 1344
170 1755
171 494
171 1284
171 1875
171 1970
173 1019
173 1105
173 1419
173 1920
174 314
174 1419
174 1833
174 1979
175 791
175 933
175 1703
175 1903
176 1287
177 593
177 1392
178 1476
178 1484
178 1602
179 459
179 692
179 984
179 1074
179 1751
180 414
180 748
180 1198
180 1385
180 1747
181 907
181 1819
181 1838
182 869
182 893
182 967
183 786
183 815
183 1387
183 1559
184 387
184 1430
184 1651
185 1363
187 215
187 334
187 834
188 549
189 251
189 1572
189 1701
190 1000
190 1468
190 1678
190 1816
191 366
191 1364
191 1561
191 1573
191 1646
191 1666
191 1879
192 503
192 689
192 1224
193 326
193 909
193 1874
194 751
195 800
195 1209
195 1440
195 1473
195 1585
196 331
196 1502
197 244
197 440
197 563
197 1341
197 1489
198 272
198 330
198 605
198 651
198 898
198 1733
199 405
199 1326
199 1384
200 631
202 840
202 1706
203 622
203 624
203 653
203 1909
204 292
204 1464
205 1128
205 1190
205 1263
205 1292
206 1797
207 1003
208 1388
208 1587
209 1757
210 293
210 1535
211 696
211 775
211 1125
212 1615
212 1664
213 564
213 873
214 373
214 527
214 1601
215 1318
216 973
216 1460
217 982
217 1781
218 647
218 894
218 1124
219 357
219 386
219 1164
221 294
221 1889
221 1937
222 844
222 929
223 1171
223 1346
223 1600
226 1920
227 1246
228 889
228 1813
229 440
229 1869
230 455
230 706
230 1762
230 1789
231 283
232 1343
233 355
233 1609
234 404
234 1475
235 799
235 1275
235 1755
236 293
236 442
236 683
236 1511
236 1603
237 634
237 1372
238 1150
239 825
239 1290
239 1314
239 1773
240 672
240 894
240 1233
240 1297
240 1797
241 866
242 1653
242 1964
243 323
243 764
243 1593
243 1771
243 1897
244 414
244 528
244 562
244 766
244 1391
244 1958
245 703
245 752
246 623
246 716
247 484
247 745
247 785
247 937
247 1335
247 1727
247 1984
248 676
248 1477
249 1069
249 1540
249 1626
250 968
251 567
251 577
251 690
251 1372
251 1397
251 1492
251 1784
252 1289
252 1834
253 617
253 894
253 1185
253 1534
253 1758
253 1846
253 1953
254 503
254 685
254 1553
254 1633
254 1714
255 467
255 612
255 1558
255 1647
256 925
257 1220
257 1436
257 1447
258 1063
258 1720
259 1110
259 1156
259 1167
260 887
261 812
261 1865
262 683
262 881
263 1092
263 1397
264 510
264 925
264 1033
265 790
265 992
266 281
266 1412
267 1705
267 1709
267 1877
268 552
269 1404
270 1162
270 1334
270 1888
271 357
271 390
271 957
271 987
271 1871
272 388
272 410
272 902
272 1755
273 427
273 1996
275 564
275 809
275 851
275 1082
276 552
276 1843
277 1419
277 1467
278 447
278 1581
279 662
279 1382
279 1809
280 1095
280 1849
280 1853
281 500
281 810
281 902
282 503
282 597
283 505
283 641
283 1814
284 946
284 1632
285 382
285 876
285 1029
285 1939
286 1531
286 1537
287 1367
288 1151
288 1188
288 1698
289 606
289 709
290 1368
290 1898
291 324
291 1031
291 1101
291 1459
292 1733
292 1958
293 349
293 882
293 1105
293 1231
294 1280
295 668
295 958
295 1067
295 1113
296 931
297 1387
297 1842
298 467
298 1543
298 1796
299 754
299 1818
300 640
300 798
300 984
300 1167
301 1091
302 612
302 1347
302 1642
303 308
303 1276
304 677
304 1694
305 534
305 1195
306 362
306 772
306 1375
306 1629
307 635
307 752
307 763
307 1587
307 1713
308 1556
309 321
309 875
309 920
309 1418
309 1593
310 946
310 1374
310 1999
311 468
311 1699
312 1021
312 1171
313 1059
313 1231
313 1619
313 1896
313 1903
314 808
315 1210
315 1533
316 439
316 1344
316 1760
317 599
317 600
317 615
317 1801
317 1969
318 539
318 902
318 1687
319 1403
319 1739
320 778
320 1288
320 1440
320 1494
321 1688
321 1875
322 678
322 732
322 1252
322 1959
323 1753
323 1810
324 517
324 825
324 1043
325 1116
326 1885
327 1034
327 1300
327 1628
327 1762
327 1839
328 360
328 1700
329 565
329 1985
331 556
331 804
331 838
331 1196
331 1994
332 787
332 1373
332 1954
333 1962
334 376
334 1104
334 1967
335 1201
335 1286
335 1868
335 1905
336 435
336 669
336 813
336 821
336 1770
337 1367
337 1524
337 1766
338 574
338 1614
339 1319
340 1152
340 1496
340 1613
341 1381
341 1878
342 780
343 714
344 1179
344 1727
345 623
345 756
345 1237
346 395
346 1387
346 1420
347 1282
348 956
348 1071
348 1207
348 1457
349 646
349 1176
349 1188
349 1351
350 381
350 924
350 1319
350 1410
350 1596
351 452
351 519
351 844
351 1727
352 467
352 903
353 1291
353 1293
353 1772
354 518
354 655
354 1022
355 793
355 1552
356 773
356 1445
356 1925
357 445
357 600
357 1588
358 542
359 518
361 613
361 973
361 1332
361 1371
361 1910
362 1024
363 435
364 462
364 502
364 942
365 810
365 1279
366 662
366 1745
367 619
367 998
367 1107
367 1440
367 1943
367 1986
368 759
368 843
368 1854
369 1326
371 734
371 771
371 842
372 802
372 1820
372 1945
373 1209
373 1871
373 1917
374 412
374 919
375 422
375 1189
376 1242
376 1617
376 1880
376 1965
377 1157
377 1913
378 478
378 1052
378 1136
378 1530
378 1956
379 677
379 1651
380 923
381 429
381 536
381 917
381 1224
381 1883
382 697
383 448
383 1454
383 1968
384 1416
384 1894
385 655
385 713
385 1637
385 1724
386 468
388 566
388 707
389 630
389 923
390 980
390 1534
392 428
392 1222
392 1542
392 1800
393 1485
393 1724
393 1799
394 901
394 1128
394 1146
394 1165
394 1651
394 1869
395 1015
395 1083
395 1522
395 1728
395 1788
396 516
396 1116
396 1154
396 1662
397 558
397 784
397 1430
398 1674
399 1479
399 1554
399 1752
402 545
402 1247
402 1578
402 1800
404 416
404 436
404 1170
404 1480
405 630
405 742
405 1423
405 1463
406 500
406 1237
406 1418
406 1576
407 1520
407 1626
408 447
408 975
409 566
409 570
409 644
409 1350
409 1396
409 1497
410 782
410 981
410 1198
410 1370
410 1994
411 415
411 488
411 603
411 1995
412 470
412 1004
412 1972
413 912
413 1054
413 1944
414 1031
414 1887
415 966
415 1458
415 1556
416 1035
417 777
417 992
417 1119
418 1478
419 1027
419 1473
420 485
420 833
420 1736
421 1243
421 1559
422 826
422 843
422 1755
423 1136
423 1239
423 1731
424 533
424 1115
425 1193
426 592
426 953
426 1094
426 1763
426 1924
428 431
428 1484
428 1717
428 1742
429 637
429 1619
430 520
430 1910
431 561
431 754
431 1475
432 563
433 1410
433 1478
434 1963
436 658
436 902
436 1130
436 1734
437 447
437 577
437 965
437 1081
437 1436
437 1498
438 552
438 820
438 1095
438 1341
438 1385
439 817
439 1142
440 824
440 1235
440 1388
441 1160
441 1466
441 1826
441 1976
442 462
442 1247
442 1960
443 1267
443 1412
444 545
444 1678
444 1796
445 987
445 1012
446 568
446 936
446 1012
446 1211
446 1862
446 1965
446 1987
447 615
447 846
447 1451
447 1739
448 1583
448 1788
448 1917
449 838
449 999
449 1271
450 1254
450 1575
451 1516
452 610
452 646
452 1942
454 915
454 1037
454 1388
455 1471
455 1622
456 1456
456 1579
457 1066
457 1109
457 1854
458 790
458 1087
458 1243
458 1629
460 861
460 1683
461 1701
462 1206
463 921
464 1765
465 892
466 1482
466 1831
467 1656
467 1823
469 1059
469 1529
469 1665
469 1778
469 1896
470 552
470 1348
471 1388
471 1606
472 999
472 1116
473 532
474 1488
475 1826
476 1653
477 798
478 1604
479 961
479 1332
479 1752
480 703
480 833
482 591
482 948
482 1975
483 791
483 1504
483 1747
484 735
484 1608
485 944
485 1148
486 1348
487 1376
487 1504
487 1872
487 1885
487 1943
488 855
488 915
488 1024
488 1100
489 1252
489 1282
489 1921
490 627
490 1026
490 1273
490 1627
491 662
491 1140
491 1698
492 1156
492 1243
492 1691
492 1708
493 1839
494 998
494 1100
495 594
495 965
495 1440
496 757
496 1086
496 1111
496 1160
496 1482
497 534
497 1752
498 876
498 1304
498 1703
498 1895
499 1237
499 1625
499 1656
501 1295
501 1356
501 1636
502 532
502 1572
502 1982
504 739
504 847
505 902
505 1003
505 1004
505 1349
505 1459
505 1933
506 1038
506 1663
507 930
507 1233
507 1729
507 1863
508 1438
508 1475
509 1394
509 1538
509 1815
509 1949
510 759
510 1523
511 1191
511 1781
512 571
512 1061
513 1009
515 861
515 1408
516 670
516 810
516 1079
516 1223
517 974
517 1583
517 1598
517 1749
518 1338
518 1705
519 1480
521 1808
523 868
523 1077
523 1749
524 1359
524 1504
525 1503
525 1939
526 1301
526 1496
527 1049
527 1086
528 1238
528 1876
529 876
529 1544
530 1353
530 1459
530 1594
531 1589
532 596
532 1364
532 1616
532 1833
532 1921
533 623
534 1453
534 1508
534 1622
534 1954
536 632
536 655
536 805
536 865
536 898
536 1112
536 1999
537 1193
537 1239
537 1462
538 1410
538 1427
539 1821
540 666
540 960
540 979
541 964
541 1616
541 1856
543 1617
544 1592
546 623
546 1374
546 1472
547 1633
548 1183
548 1402
548 1580
549 671
549 1599
549 1984
550 1010
550 1201
551 1482
551 1966
552 1147
552 1996
553 1611
554 650
554 1337
554 1514
555 615
555 730
555 768
557 771
558 598
558 957
559 1730
559 1971
560 861
560 1267
561 1185
561 1397
561 1426
561 1779
562 831
563 1038
563 1316
564 1222
564 1301
564 1388
565 708
565 1222
566 1466
567 1136
568 659
568 1119
568 1125
568 1522
568 1780
568 1824
570 1142
571 1004
571 1450
571 1498
572 1426
572 1934
573 812
573 1184
573 1742
574 1339
574 1459
575 1165
575 1967
576 736
576 954
576 1798
577 1064
578 775
578 1669
579 798
579 905
579 1056
579 1169
579 1685
580 1173
581 1021
581 1662
581 1695
582 1155
582 1760
582 1947
583 1068
583 1554
584 1373
585 1901
586 645
586 1583
587 1768
588 605
588 705
588 1435
588 1573
589 766
589 1125
590 1854
591 802
591 958
591 1731
591 1883
592 774
592 944
592 1619
592 1778
595 1751
596 714
596 1374
596 1672
598 774
598 1097
598 1586
599 954
600 636
600 1114
600 1347
601 698
601 723
601 1800
602 1043
602 1256
602 1488
602 1862
603 685
603 757
603 1273
603 1479
603 1515
604 889
604 1773
604 1860
606 1068
606 1216
607 906
607 1392
607 1533
607 1644
608 960
608 1249
608 1330
608 1884
609 1455
609 1547
610 813
611 1460
611 1810
611 1991
612 1729
613 1364
613 1442
614 1059
615 1075
615 1173
615 1762
616 679
616 1158
616 1542
616 1546
617 787
617 974
617 1013
617 1539
617 1980
618 625
618 1920
619 1417
620 1533
620 1754
620 1883
621 648
621 703
621 821
621 1597
622 816
622 1180
623 1265
623 1283
623 1555
624 1442
624 1742
625 1094
626 1034
626 1046
626 1189
628 1091
628 1220
628 1653
629 1085
629 1838
629 1940
630 1380
630 1881
631 1903
632 1527
632 1822
632 1831
633 663
633 855
633 925
633 1345
634 755
634 931
634 1873
635 922
635 1713
636 1145
636 1874
637 971
637 1568
637 1575
637 1831
638 1813
639 1247
639 1342
639 1603
640 1298
640 1443
641 1792
642 825
644 1119
644 1363
644 1654
645 777
646 1427
646 1429
647 1636
648 1697
648 1816
649 1654
650 1937
650 1953
652 946
653 1822
655 732
655 1426
658 855
659 1634
660 716
660 1131
660 1235
660 1523
661 668
661 856
661 1784
661 1963
662 850
662 1479
663 1460
663 1563
663 1786
664 961
664 1106
664 1370
664 1630
665 1918
666 671
666 1661
666 1877
668 782
668 786
668 1274
668 1717
670 1260
671 742
671 797
671 826
671 1286
672 718
673 1914
674 1228
675 1493
675 1931
676 750
676 981
676 1595
678 757
678 1424
678 1818
678 1943
679 960
679 1484
679 1800
679 1809
680 1110
680 1129
680 1635
681 754
681 968
682 1229
683 783
683 1287
683 1333
683 1442
683 1629
683 1693
684 924
684 1116
684 1797
685 981
685 1349
686 760
686 1378
686 1468
686 1499
688 829
688 853
688 897
688 1406
689 929
689 1620
689 1798
690 1114
690 1786
690 1807
691 1152
691 1526
691 1577
692 763
692 1783
694 856
695 1219
695 1516
695 1964
696 1172
697 1086
697 1433
697 1605
698 938
698 1359
698 1938
700 1425
701 1459
701 1465
702 991
702 999
702 1058
702 1403
702 1462
702 1491
702 1632
703 1163
703 1317
705 810
705 980
706 1284
706 1510
706 1685
707 1070
707 1158
707 1440
708 827
708 1170
708 1691
708 1702
708 1846
709 1196
709 1513
710 819
711 942
711 1210
711 1864
712 776
712 1419
713 1112
713 1606
713 1792
714 1242
715 744
716 1430
716 1826
716 1884
717 890
717 964
717 1001
717 1281
717 1576
718 1117
719 1617
719 1926
720 936
720 1106
720 1444
721 1142
722 1730
722 1881
723 1080
724 990
724 1953
727 1985
728 745
728 1067
728 1278
729 1892
730 1887
731 832
731 1003
731 1275
731 1929
732 847
732 865
732 1816
733 1029
733 1264
733 1302
734 1230
734 1400
734 1947
735 1966
736 1545
737 791
737 1102
737 1773
737 1919
738 1451
738 1615
738 1998
739 1146
740 896
740 966
740 1697
740 1782
740 1895
741 1055
741 1200
742 1346
742 1778
743 1230
744 1518
746 956
746 1033
746 1438
746 1676
746 1841
747 1417
747 1771
749 1686
749 1701
749 1777
750 1205
750 1457
750 1578
750 1784
751 952
751 1440
751 1536
752 1372
752 1584
752 1722
752 1751
753 1014
753 1096
753 1367
753 1422
754 1792
754 1894
755 1474
756 1250
756 1694
756 1770
758 1251
759 937
759 1151
760 836
760 1005
760 1557
760 1933
762 1104
762 1731
763 833
763 1366
764 1060
764 1267
764 1543
766 793
766 821
766 1861
767 1979
768 872
768 1821
769 932
769 1120
769 1372
770 1522
770 1554
771 1517
772 811
773 946
774 1247
774 1783
774 1788
774 1950
775 800
777 1885
778 1469
778 1885
778 1949
779 1523
780 1370
780 1565
781 1260
781 1414
781 1553
781 1675
782 1093
784 1334
784 1944
785 1539
785 1542
786 999
786 1201
786 1393
786 1695
786 1957
787 1619
787 1679
788 1569
788 1954
789 1341
790 920
790 1761
790 1946
792 1054
792 1161
793 996
793 1171
793 1534
794 1214
794 1295
794 1827
795 1497
796 1839
796 1924
797 850
798 1039
798 1609
802 1501
802 1902
803 1875
804 1033
804 1684
805 905
805 1192
807 1828
807 1921
808 1263
808 1867
809 886
809 961
810 1742
813 1928
814 1353
815 973
815 1029
815 1805
815 1828
816 1449
816 1604
817 1300
818 984
818 1909
819 1013
819 1713
820 1912
820 1917
821 1152
821 1459
822 1245
822 1365
823 993
823 1499
823 1784
824 1257
825 1094
825 1768
827 1985
829 1084
829 1108
830 862
831 1194
832 1771
833 1349
834 1037
834 1564
835 1703
836 1255
837 1709
839 873
839 1042
841 1216
841 1344
842 1017
844 908
844 1663
844 1882
845 1199
845 1272
846 1050
846 1180
846 1196
846 1298
846 1757
846 1847
847 940
848 949
848 1596
848 1685
848 1934
850 1231
850 1640
851 1529
853 918
854 1337
854 1962
855 1174
855 1587
855 1591
855 1699
856 1552
856 1940
857 1458
857 1976
858 918
858 1795
859 1062
859 1526
860 1204
861 1127
861 1208
861 1294
861 1496
862 1390
862 1466
864 1719
864 1836
865 874
865 885
866 1117
866 1243
866 1703
867 973
867 1424
868 1245
868 1484
868 1800
868 1857
870 1862
872 1550
872 1727
873 978
873 1346
873 1362
873 1393
873 1466
875 1947
876 1974
878 1282
880 1346
880 1785
881 1652
882 1169
882 1811
883 1136
883 1487
884 1625
884 1790
885 1246
885 1790
885 1989
886 1035
886 1438
887 996
887 1745
887 1837
888 1824
888 1849
889 1166
889 1488
890 1800
891 959
892 1156
893 1299
893 1467
893 1673
894 1005
894 1055
894 1652
895 1236
895 1905
896 1120
896 1157
896 1337
896 1670
898 1533
898 1721
899 1463
899 1568
899 1723
900 1791
902 1071
902 1620
902 1720
902 1854
903 1619
903 1805
904 956
904 1042
904 1505
904 1778
905 1010
905 1432
905 1731
906 1226
907 1460
909 910
909 1288
909 1864
910 968
910 1167
910 1307
910 1413
914 1336
916 1060
916 1959
919 1333
920 1977
921 1850
922 1020
922 1105
922 1345
923 1343
924 1942
925 928
926 1405
926 1832
927 1283
928 1254
928 1445
929 1898
930 1095
931 1023
931 1388
932 993
933 1156
933 1264
934 1876
935 1580
936 1180
937 950
937 1188
938 1220
938 1327
939 1148
940 1149
941 1595
945 1014
947 961
947 1914
947 1976
948 1113
948 1819
949 1264
949 1639
949 1755
949 1856
950 1600
951 997
951 1729
952 1435
952 1568
953 1218
953 1484
958 1037
958 1083
960 983
960 1117
960 1149
960 1573
960 1693
960 1852
961 1138
961 1197
961 1218
961 1561
961 1566
962 1342
962 1437
962 1516
962 1593
963 1731
963 1892
964 1811
966 1035
966 1088
966 1325
966 1683
967 1293
969 1089
969 1106
969 1382
970 1438
971 1250
971 1949
972 1285
973 1012
973 1811
974 1129
974 1711
974 1806
977 1151
977 1358
978 1993
979 1050
980 1035
981 1526
982 1230
982 1627
983 1674
984 1422
985 1397
986 1674
986 1741
987 1227
987 1305
987 1987
989 1427
991 1487
992 1721
993 1576
993 1732
995 1735
997 1439
997 1480
997 1492
998 1827
999 1089
999 1882
1000 1029
1000 1045
1000 1203
1000 1542
1001 1419
1002 1497
1004 1190
1004 1499
1007 1921
1008 1756
1010 1651
1010 1839
1011 1214
1011 1775
1013 1575
1014 1327
1014 1528
1014 1781
1015 1186
1015 1419
1015 1497
1015 1507
1016 1321
1018 1215
1018 1710
1020 1429
1020 1621
1020 1645
1020 1772
1020 1955
1022 1376
1022 1664
1023 1496
1023 1517
1023 1553
1024 1084
1025 1233
1025 1640
1026 1340
1026 1433
1026 1445
1026 1923
1027 1450
1029 1765
1029 1772
1031 1681
1031 1900
1031 1997
1032 1081
1032 1708
1033 1069
1033 1405
1033 1672
1035 1354
1036 1313
1036 1389
1036 1721
1037 1047
1037 1152
1039 1326
1039 1492
1039 1781
1041 1171
1041 1725
1042 1108
1042 1345
1042 1832
1043 1045
1043 1693
1043 1798
1044 1632
1046 1406
1046 1780
1047 1231
1047 1760
1048 1153
1048 1585
1048 1774
1049 1138
1050 1479
1050 1989
1051 1272
1051 1694
1052 1143
1053 1170
1055 1207
1055 1244
1055 1654
1056 1126
1056 1190
1057 1080
1057 1087
1057 1124
1057 1713
1058 1598
1059 1291
1059 1927
1060 1703
1060 1840
1061 1178
1061 1298
1062 1171
1063 1123
1065 1160
1065 1244
1066 1140
1066 1202
1068 1076
1068 1734
1068 1882
1070 1350
1070 1549
1070 1981
1072 1766
1072 1948
1073 1241
1073 1260
1073 1370
1073 1829
1074 1303
1075 1939
1076 1442
1076 1914
1077 1284
1078 1603
1080 1750
1081 1680
1084 1141
1084 1213
1086 1364
1086 1460
1087 1565
1087 1612
1087 1845
1087 1851
1087 1995
1088 1738
1090 1539
1090 1614
1091 1912
1092 1158
1093 1613
1095 1103
1096 1803
1097 1293
1097 1988
1098 1838
1100 1470
1100 1531
1100 1899
1100 1998
1101 1932
1101 1983
1102 1287
1102 1408
1102 1840
1102 1943
1103 1428
1103 1628
1103 1721
1103 1772
1104 1869
1105 1671
1106 1241
1107 1421
1107 1531
1108 1273
1109 1432
1109 1982
1110 1527
1111 1721
1112 1497
1113 1700
1113 1754
1113 1970
1114 1572
1115 1231
1115 1375
1115 1583
1115 1918
1116 1315
1117 1672
1117 1955
1120 1364
1121 1201
1121 1283
1121 1861
1122 1237
1122 1690
1122 1953
1123 1723
1124 1643
1124 1954
1125 1551
1125 1758
1126 1738
1127 1467
1129 1526
1129 1718
1129 1983
1130 1536
1131 1628
1131 1744
1132 1794
1132 1915
1133 1313
1133 1934
1134 1287
1134 1777
1135 1158
1136 1839
1137 1606
1137 1836
1137 1893
1139 1756
1140 1644
1142 1938
1143 1443
1144 1197
1144 1692
1144 1827
1145 1354
1145 1604
1146 1637
1146 1960
1148 1687
1149 1545
1151 1309
1151 1714
1152 1327
1152 1479
1152 1532
1152 1698
1153 1169
1153 1720
1153 1981
1154 1870
1154 1943
1155 1226
1157 1290
1157 1657
1158 1168
1158 1423
1159 1377
1159 1550
1160 1349
1160 1943
1161 1277
1161 1618
1161 1829
1162 1466
1162 1796
1164 1318
1164 1841
1164 1947
1165 1635
1165 1947
1166 1622
1166 1919
1166 1992
1167 1403
1167 1935
1169 1309
1170 1851
1171 1746
1172 1368
1172 1871
1173 1884
1174 1208
1174 1499
1176 1233
1176 1460
1177 1429
1177 1634
1178 1832
1179 1229
1179 1392
1179 1737
1180 1221
1180 1247
1181 1969
1182 1416
1183 1833
1185 1214
1185 1223
1185 1565
1187 1584
1188 1606
1189 1827
1190 1673
1191 1213
1191 1378
1191 1461
1191 1630
1191 1896
1192 1794
1194 1661
1195 1567
1196 1260
1197 1554
1197 1823
1198 1917
1199 1621
1200 1354
1200 1368
1201 1893
1202 1849
1203 1281
1203 1771
1204 1586
1206 1247
1207 1565
1207 1864
1208 1648
1208 1929
1210 1605
1211 1964
1211 1987
1212 1383
1212 1404
1214 1534
1218 1929
1219 1461
1219 1564
1220 1371
1222 1738
1223 1663
1224 1260
1225 1939
1226 1257
1226 1261
1226 1457
1226 1640
1226 1650
1227 1466
1228 1993
1231 1489
1231 1970
1232 1664
1233 1457
1233 1741
1234 1623
1235 1325
1236 1278
1237 1579
1238 1362
1239 1682
1240 1375
1240 1489
1241 1687
1241 1803
1241 1902
1242 1682
1243 1734
1246 1372
1246 1562
1246 1889
1247 1822
1247 1936
1248 1452
1248 1915
1250 1762
1251 1451
1251 1848
1252 1381
1252 1639
1254 1335
1256 1774
1257 1544
1257 1625
1257 1919
1258 1460
1258 1719
1258 1779
1259 1464
1260 1551
1260 1993
1262 1372
1262 1639
1264 1275
1264 1442
1264 1741
1266 1524
1266 1820
1267 1472
1269 1756
1270 1531
1270 1539
1270 1610
1271 1443
1271 1738
1273 1487
1273 1534
1273 1945
1274 1277
1274 1660
1275 1585
1276 1613
1278 1310
1278 1956
1279 1542
1279 1938
1280 1676
1280 1760
1281 1776
1283 1532
1283 1671
1284 1599
1284 1997
1285 1373
1285 1583
1285 1612
1285 1640
1289 1614
1290 1489
1290 1605
1290 1819
1292 1734
1292 1959
1296 1452
1296 1560
1297 1878
1297 1932
1299 1562
1300 1752
1301 1898
1309 1470
1310 1830
1314 1917
1316 1597
1318 1609
1318 1954
1319 1628
1319 1782
1319 1870
1320 1484
1320 1490
1321 1761
1321 1874
1323 1762
1323 1952
1324 1508
1328 1998
1329 1369
1329 1656
1329 1976
1331 1360
1331 1437
1331 1630
1331 1959
1332 1455
1332 1692
1333 1549
1334 1541
1334 1566
1334 1990
1337 1470
1339 1982
1340 1424
1340 1546
1341 1774
1343 1688
1343 1987
1346 1835
1346 1951
1348 1572
1348 1711
1348 1828
1349 1352
1352 1460
1354 1893
1355 1384
1355 1393
1358 1742
1359 1801
1359 1932
1362 1484
1362 1565
1362 1969
1364 1721
1364 1845
1365 1466
1365 1606
1366 1616
1369 1493
1371 1469
1372 1705
1372 1726
1372 1984
1373 1625
1373 1833
1374 1601
1374 1786
1376 1710
1378 1672
1378 1782
1378 1796
1379 1592
1383 1509
1383 1908
1386 1542
1386 1745
1386 1762
1387 1869
1389 1991
1391 1415
1391 1435
1391 1921
1392 1576
1392 1701
1393 1508
1394 1816
1395 1847
1396 1415
1397 1547
1398 1423
1398 1975
1403 1688
1403 1890
1404 1556
1405 1828
1406 1418
1408 1784
1411 1938
1413 1994
1414 1861
1414 1966
1415 1590
1415 1969
1416 1439
1416 1445
1416 1476
1416 1715
1418 1709
1418 1783
1418 1971
1419 1620
1421 1427
1421 1689
1422 1738
1423 1571
1423 1691
1423 1756
1424 1463
1425 1457
1425 1542
1425 1554
1425 1619
1427 1703
1431 1947
1431 1993
1432 1811
1432 1843
1434 1634
1434 1728
1435 1649
1436 1640
1437 1510
1442 1942
1443 1580
1443 1750
1443 1802
1444 1697
1444 1931
1445 1494
1447 1638
1447 1862
1447 1911
1448 1744
1451 1843
1452 1505
1452 1951
1453 1756
1454 1463
1454 1883
1457 1468
1457 1515
1457 1546
1457 1868
1457 1984
1459 1547
1459 1552
1462 1724
1463 1724
1466 1695
1466 1710
1467 1831
1468 1674
1468 1900
1469 1556
1469 1644
1470 1807
1471 1521
1471 1589
1471 1597
1472 1965
1473 1536
1473 1656
1474 1523
1474 1564
1474 1775
1474 1817
1475 1643
1476 1908
1477 1601
1477 1780
1479 1664
1480 1909
1480 1997
1482 1712
1486 1769
1486 1890
1487 1763
1488 1510
1491 1788
1492 1630
1492 1988
1494 1669
1495 1952
1496 1821
1497 1665
1497 1709
1498 1805
1498 1893
1498 1907
1500 1521
1500 1579
1502 1614
1502 1701
1503 1740
1505 1572
1508 1961
1509 1609
1512 1749
1513 1567
1514 1857
1515 1872
1517 1642
1522 1890
1523 1989
1525 1694
1527 1586
1528 1633
1529 1806
1529 1939
1530 1985
1531 1906
1533 1765
1540 1964
1540 1983
1543 1555
1544 1743
1544 1854
1548 1818
1548 1855
1549 1647
1552 1747
1553 1650
1553 1880
1554 1767
1555 1732
1559 1695
1559 1841
1559 1956
1561 1579
1562 1799
1564 1755
1567 1815
1568 1608
1568 1633
1568 1634
1571 1632
1573 1592
1573 1631
1575 1715
1576 1989
1578 1942
1581 1587
1581 1625
1582 1782
1584 1644
1586 1592
1586 1761
1586 1789
1589 1745
1590 1802
1591 1940
1592 1989
1594 1927
1595 1913
1597 1846
1601 1643
1601 1717
1603 1871
1604 1838
1604 1921
1605 1656
1605 1824
1606 1873
1608 1710
1610 1616
1610 1787
1610 1894
1612 1695
1612 1928
1612 1943
1615 1944
1617 1895
1619 1959
1619 1996
1620 1851
1621 1696
1622 1758
1622 1950
1626 1653
1628 1906
1632 1689
1637 1804
1637 1812
1640 1883
1643 1879
1649 1779
1652 1739
1652 1886
1656 1990
1660 1846
1661 1988
1663 1940
1668 1834
1668 1946
1673 1926
1675 1919
1676 1851
1680 1785
1682 1709
1686 1732
1688 1750
1688 1867
1688 1952
1689 1988
1697 1722
1698 1708
1698 1979
1700 1848
1702 1943
1703 1830
1703 1852
1716 1751
1723 1970
1726 1827
1728 1770
1733 1779
1735 1899
1737 1827
1737 1981
1738 1882
1740 1904
1741 1748
1744 1908
1747 1804
1747 1863
1750 1892
1751 1960
1752 1846
1752 1979
1755 1941
1760 1972
1765 1816
1765 1893
1771 1874
1772 1805
1777 1945
1786 1829
1787 1990
1796 1848
1798 1998
1801 1984
1802 1840
1802 1929
1803 1862
1803 1903
1810 1866
1814 1965
1817 1868
1817 1948
1821 1899
1829 1890
1840 1875
1853 1855
1854 1943
1855 1945
1856 1941
1861 1911
1865 1955
1882 1912
1886 1941
1889 1897
1892 1955
1898 1924
1922 1953
1943 1951
1948 1966
