2000 3050
47
18
97
22
11
97
6
48
55
30
85
82
66
91
33
91
38
3
60
98
60
92
58
67
7
52
76
16
10
70
48
21
23
13
26
36
94
92
49
6
25
25
5
31
70
53
67
40
79
15
34
63
78
92
81
85
76
39
69
45
71
75
56
59
91
11
33
84
11
57
53
4
7
1
43
78
93
36
11
14
79
22
78
76
81
64
100
37
40
96
75
25
34
86
100
4
83
52
21
46
35
69
42
24
38
6
42
20
31
9
21
51
80
37
79
80
76
5
53
59
17
18
92
4
92
42
55
94
49
33
30
59
1
77
34
76
34
10
50
5
29
78
43
84
54
82
1
56
87
83
88
18
5
14
53
56
13
63
30
60
52
22
78
7
98
48
40
79
40
21
76
10
79
28
49
49
13
5
27
19
14
10
20
79
97
73
31
78
65
17
30
35
56
96
1
6
55
36
95
25
80
93
94
88
59
67
38
95
13
72
50
35
56
26
9
85
73
6
85
32
71
30
80
83
55
96
51
74
29
63
37
26
95
17
97
63
42
7
38
90
92
52
90
78
26
80
82
95
83
30
3
76
89
84
78
19
67
68
66
50
48
34
23
55
55
20
40
30
81
45
61
76
58
65
6
16
97
51
88
24
48
60
19
53
66
92
51
91
52
81
26
27
18
94
69
96
32
30
14
66
17
100
60
91
68
3
85
30
21
23
35
97
20
62
49
35
2
80
23
96
99
53
4
70
40
23
7
23
99
41
20
95
68
2
48
40
23
12
2
44
6
69
49
71
30
22
96
21
93
50
11
32
6
77
37
78
83
41
94
51
30
60
26
27
90
56
2
36
96
95
17
51
11
54
43
27
92
27
69
89
35
93
32
74
3
14
54
68
89
7
22
38
31
88
67
72
50
39
3
72
33
25
50
77
83
93
100
19
53
76
88
34
2
28
63
86
82
38
17
25
52
54
33
51
20
14
79
82
17
96
54
28
69
23
17
54
7
93
61
100
51
75
53
62
16
4
9
95
17
83
45
2
51
58
49
79
36
19
95
29
66
16
2
44
46
2
5
44
41
40
96
26
12
99
26
75
68
31
91
5
55
25
30
73
65
82
78
22
61
12
55
63
39
66
47
55
23
83
30
16
31
14
50
96
76
70
4
5
27
47
89
68
13
11
88
32
13
52
81
45
51
88
64
14
77
38
83
89
54
31
43
76
27
2
78
29
72
6
43
93
89
49
93
76
39
14
9
20
64
80
36
61
83
7
33
49
13
67
59
72
59
98
69
62
20
62
61
27
80
8
93
38
15
23
9
41
20
13
3
26
46
75
72
47
29
66
7
64
27
62
16
36
36
35
81
22
19
3
39
53
5
99
2
23
45
38
77
55
39
68
13
58
41
72
74
82
42
42
10
13
90
64
95
95
16
78
68
7
13
38
62
76
59
42
20
91
31
75
55
11
87
39
17
56
26
67
22
57
63
6
6
19
31
42
68
64
49
61
84
1
88
96
9
80
26
31
5
23
32
90
18
45
22
15
52
32
94
9
37
53
11
9
98
50
68
37
53
21
28
24
97
29
52
29
99
47
29
48
52
79
93
42
69
43
13
95
43
48
2
11
20
27
68
47
36
1
30
20
39
58
100
41
28
36
89
63
82
46
8
10
25
21
58
69
36
81
86
52
98
49
65
80
98
90
71
98
54
100
9
52
50
82
7
32
52
14
58
65
49
43
38
54
87
100
85
66
41
81
5
35
67
90
37
62
31
65
51
76
17
4
44
69
70
55
84
21
31
79
70
28
32
40
32
6
41
100
37
12
58
61
67
43
10
10
32
83
99
56
81
16
90
87
94
12
61
88
53
68
70
32
70
95
43
24
66
12
5
63
94
30
46
84
75
32
26
56
7
43
5
97
76
60
50
20
19
82
79
41
32
74
100
2
13
4
63
27
58
77
23
67
31
52
12
46
56
53
89
72
72
85
73
36
86
95
21
54
18
86
27
70
35
1
7
85
57
3
36
97
83
2
86
99
77
76
28
89
57
35
93
47
86
99
82
43
87
93
60
59
3
27
58
97
44
47
34
30
16
24
68
31
77
13
32
11
49
84
35
73
18
40
84
41
89
64
72
63
98
87
86
44
27
59
50
89
62
41
9
71
100
95
32
60
37
46
50
38
2
78
25
34
51
70
69
28
69
79
76
98
64
29
80
46
95
68
70
19
10
78
81
11
38
80
8
51
72
15
89
50
33
14
30
50
41
4
66
30
7
73
94
75
67
51
68
28
63
44
99
79
69
68
80
43
75
74
12
71
23
44
5
61
3
67
52
72
97
66
26
29
88
87
31
36
11
13
27
19
49
83
38
94
57
54
4
39
98
45
82
100
87
48
63
93
8
37
39
37
57
29
34
78
71
1
59
13
59
43
96
31
70
36
40
95
87
5
54
50
33
39
98
11
69
52
25
87
51
96
52
96
28
73
30
17
59
14
43
98
51
18
51
25
91
80
15
87
8
10
7
68
84
46
66
44
45
2
24
16
8
24
3
8
32
43
71
63
12
28
97
14
96
77
100
70
89
38
63
23
25
67
57
11
7
71
4
42
14
50
21
5
69
78
6
19
24
1
40
1
57
80
33
72
54
94
29
53
65
19
88
96
61
96
3
62
84
8
59
27
37
1
64
6
21
47
21
10
14
96
67
46
63
60
74
84
82
19
25
96
99
10
3
72
93
92
35
4
51
60
40
44
63
7
6
9
43
63
24
66
86
66
7
70
98
10
43
9
70
33
77
45
71
67
99
42
1
35
66
57
62
86
74
43
75
12
23
27
9
27
35
10
14
36
83
21
40
31
20
20
42
29
56
94
63
62
100
24
47
7
70
33
6
96
5
34
22
30
13
98
23
24
26
90
75
42
36
23
65
79
87
83
71
72
82
45
67
26
4
84
29
42
87
8
7
45
70
85
28
78
50
53
47
25
91
45
51
12
90
96
36
81
23
35
8
65
24
48
66
32
89
8
9
93
89
50
82
98
65
4
20
41
6
23
40
34
100
8
7
90
66
6
9
45
54
79
9
85
66
92
78
8
6
29
19
45
30
19
22
71
98
82
23
93
13
2
8
76
20
6
42
32
37
29
47
75
62
51
65
6
21
44
52
86
69
84
64
65
67
81
55
92
35
22
17
28
97
68
62
67
75
74
90
90
90
63
87
47
29
44
53
75
44
72
2
20
25
93
84
45
23
92
42
34
57
29
32
94
20
83
28
12
25
81
40
94
71
26
68
1
39
19
73
67
12
8
11
5
11
42
10
45
80
48
85
55
57
100
57
9
61
64
43
8
51
26
62
7
44
84
14
53
3
75
9
11
88
16
92
31
58
50
31
79
65
55
40
30
89
15
64
33
2
96
17
42
24
91
64
96
25
34
24
53
76
45
20
95
77
97
49
99
89
40
29
66
10
33
31
65
58
54
1
32
37
100
99
96
31
59
28
34
66
96
84
69
31
66
38
42
26
18
32
41
55
38
47
36
57
17
15
50
85
93
7
90
29
81
32
2
31
78
98
91
13
54
45
82
9
86
24
80
86
74
38
24
25
89
38
14
49
92
4
29
48
52
27
27
25
33
49
12
60
88
96
19
86
76
34
42
23
24
95
96
52
40
47
52
55
40
44
21
76
8
43
12
41
94
88
39
70
54
54
44
24
14
88
39
58
46
73
79
10
20
39
28
35
68
8
37
61
66
63
13
20
12
96
60
37
32
31
57
19
100
2
59
37
83
25
87
72
38
4
13
16
67
51
82
86
34
4
34
16
84
62
1
10
44
75
78
30
86
2
36
47
61
81
39
17
42
71
76
39
73
14
82
45
61
37
60
78
56
14
6
9
42
77
27
69
18
62
94
20
10
85
53
41
12
58
74
51
7
64
51
23
83
71
54
91
84
81
61
42
52
50
86
84
87
28
60
45
44
34
73
84
24
17
94
65
98
43
5
76
73
90
21
44
86
19
24
31
69
79
83
18
4
93
83
8
92
74
9
62
80
17
20
34
12
28
57
49
97
94
56
54
88
87
22
60
51
37
60
16
64
91
10
30
75
4
42
16
80
73
20
64
93
34
67
6
91
4
32
61
50
89
91
76
34
65
21
20
81
27
99
43
88
60
23
82
26
3
67
9
18
9
16
48
20
50
61
8
58
72
19
96
6
20
83
24
96
99
17
26
82
38
47
82
84
50
73
76
22
10
14
42
79
7
27
64
2
39
52
71
49
49
1
93
41
43
4
89
8
13
65
81
97
97
50
81
44
17
91
70
27
21
91
31
24
93
93
46
16
17
18
55
25
82
51
40
80
47
82
97
35
17
33
21
98
48
65
11
47
58
10
40
95
62
9
14
34
4
48
62
98
11
54
13
69
57
95
100
97
14
71
41
85
53
50
32
91
78
58
29
30
8
40
36
61
94
76
72
58
32
70
43
45
46
27
76
57
47
42
27
71
27
74
56
82
9
55
59
16
47
28
55
69
28
15
23
58
78
7
4
1
0 1639
1 1372
1 1752
2 324
2 421
2 1179
3 629
4 1293
4 1485
4 1590
5 27
5 54
5 58
5 756
5 1009
6 548
6 1531
6 1968
7 1721
7 1846
7 1922
8 954
8 1167
8 1231
8 1583
10 118
10 1506
10 1745
11 76
11 174
11 495
11 1796
12 15
12 92
12 583
12 1587
12 1625
13 285
14 50
14 279
14 521
14 866
14 1496
14 1520
14 1754
14 1797
15 928
15 1096
17 724
18 144
18 363
18 679
19 195
19 640
19 834
19 1496
19 1799
20 839
20 1589
20 1647
20 1782
21 222
21 1103
22 491
23 921
24 224
24 759
24 1888
25 704
25 904
25 1666
26 1553
27 87
27 662
27 776
27 1258
27 1285
27 1368
28 1399
28 1788
29 310
29 1117
29 1378
29 1733
30 321
30 609
30 905
30 1316
30 1868
31 627
31 1843
32 1840
32 1902
33 38
33 843
33 1453
33 1814
33 1873
33 1947
34 468
34 593
34 1084
34 1814
34 1867
35 462
36 784
37 297
39 849
39 1002
40 321
40 434
40 526
40 851
40 906
40 1072
40 1370
40 1630
41 1379
41 1921
42 1095
42 1550
43 90
43 639
43 838
43 942
43 1647
43 1828
44 559
45 52
45 137
45 394
45 591
45 1009
45 1400
45 1426
45 1758
45 1790
45 1846
46 238
46 1962
47 343
47 1026
47 1114
47 1195
47 1861
48 483
48 984
48 1010
49 198
49 212
49 1187
50 820
50 1099
50 1159
50 1330
50 1709
51 120
51 206
52 1648
53 208
53 469
54 1019
54 1099
54 1170
55 1478
55 1686
56 1490
58 169
58 462
58 645
58 910
59 862
60 1119
60 1780
61 1361
62 1906
63 471
63 1541
63 1865
63 1996
64 1236
64 1823
64 1876
64 1901
65 294
65 417
65 609
65 1360
65 1929
67 265
67 497
67 612
67 721
67 748
69 589
70 238
70 458
70 936
70 1226
70 1500
71 705
71 1160
72 1893
72 1940
72 1984
73 1520
73 1906
74 491
74 788
75 439
75 1039
76 181
76 992
78 689
78 1229
78 1516
79 1831
80 178
80 201
80 1283
80 1624
81 165
81 670
81 1590
82 1270
82 1456
82 1462
83 226
83 231
83 640
83 663
84 160
84 351
84 511
84 905
84 942
84 1811
85 533
86 298
86 729
86 1052
87 978
88 1126
88 1896
89 418
89 460
89 1648
90 1045
90 1111
90 1493
90 1724
90 1908
90 1987
91 508
92 289
92 829
92 1092
92 1627
92 1716
93 170
95 344
95 679
96 438
96 474
96 544
96 550
96 1238
96 1375
96 1424
97 637
97 1979
98 1885
99 1150
99 1373
99 1557
100 931
100 1286
101 425
101 1455
101 1952
102 840
102 1612
102 1957
103 303
103 616
105 193
105 909
105 1390
106 149
106 156
106 1004
106 1553
106 1631
106 1721
106 1950
107 431
107 787
107 1134
107 1233
107 1563
108 983
108 1665
108 1678
108 1720
109 325
109 774
109 918
110 1022
110 1626
111 399
111 433
111 861
111 1879
111 1980
112 1326
112 1950
113 362
114 280
114 1189
114 1639
115 119
115 132
115 266
115 583
115 1209
116 750
116 1269
116 1794
116 1802
117 325
117 381
117 612
117 1137
117 1572
117 1661
118 620
118 796
118 1060
118 1556
119 260
119 1535
120 177
120 1291
121 330
121 643
121 1376
121 1819
122 712
122 874
122 1777
123 624
123 732
123 1056
123 1392
123 1517
123 1606
124 1841
124 1921
125 514
125 1164
125 1538
126 1156
126 1217
126 1437
127 308
127 613
128 558
128 1505
128 1564
128 1850
129 1200
130 1292
130 1845
130 1851
130 1943
131 392
131 466
131 823
131 1034
131 1114
131 1256
131 1563
132 222
132 1356
132 1535
132 1699
132 1847
133 769
133 1753
134 1884
135 196
135 278
135 1034
135 1640
136 412
136 560
136 670
136 928
137 481
137 526
137 531
137 614
137 1266
138 276
138 466
138 1912
139 579
139 695
139 966
139 1655
140 720
140 811
140 1029
140 1833
141 1990
142 226
142 228
142 883
142 1275
142 1348
143 285
143 1062
144 1547
144 1566
145 166
145 978
145 1105
145 1920
146 539
146 732
146 1060
146 1321
147 565
147 1390
147 1673
148 436
148 1567
149 601
149 1120
149 1974
150 542
150 783
150 862
150 972
150 1107
150 1172
150 1989
151 254
151 941
151 1091
151 1197
151 1700
151 1907
151 1926
152 1437
153 845
153 1799
153 1866
154 1337
154 1617
155 1456
155 1756
156 839
156 876
156 953
156 990
156 1543
156 1995
157 562
157 1253
157 1594
157 1633
158 1883
158 1971
159 1423
160 1697
160 1708
161 737
161 1460
163 610
163 1306
165 538
165 1545
166 759
166 1447
166 1575
166 1885
167 260
167 287
167 755
167 847
167 863
167 897
167 1429
168 688
168 1414
168 1644
169 622
169 680
170 768
170 1020
170 1800
171 865
171 1139
171 1204
171 1594
172 467
172 887
172 1213
173 312
174 567
174 1556
175 668
175 1163
175 1237
176 1911
177 209
177 245
177 1088
177 1574
178 925
178 1036
179 496
179 1152
179 1250
179 1257
179 1717
181 313
181 1535
182 1212
182 1226
182 1729
183 1504
183 1629
184 1048
184 1664
184 1925
184 1992
185 323
185 960
186 532
186 694
187 378
187 1900
188 1586
189 534
189 1067
189 1175
190 1722
191 780
191 789
191 1105
191 1467
191 1958
192 312
192 1660
193 441
193 481
193 760
193 839
193 1841
194 313
195 1551
196 1979
197 1744
198 505
198 1190
198 1726
198 1760
199 1249
199 1876
200 1215
200 1827
202 1528
203 390
203 507
203 794
203 1075
203 1115
204 240
205 594
205 1289
205 1736
206 1050
206 1478
207 1755
208 340
208 909
209 356
209 512
209 982
210 282
210 634
210 993
210 1039
210 1204
210 1438
211 749
211 1027
211 1230
211 1249
212 1115
212 1271
212 1426
213 1431
213 1461
213 1661
213 1715
213 1883
214 709
214 956
214 1211
214 1637
215 596
215 951
215 1968
216 1236
216 1414
217 997
217 1366
217 1619
218 994
218 1771
218 1779
218 1799
218 1949
219 835
219 1366
219 1467
219 1541
219 1810
220 916
220 955
220 1034
220 1599
220 1894
222 1062
222 1714
223 519
223 732
223 1261
224 326
224 643
224 1224
224 1518
224 1897
226 1031
226 1114
226 1578
226 1922
227 238
227 441
227 832
227 923
227 1615
227 1979
228 1485
228 1535
229 899
229 1169
230 1059
230 1354
231 902
231 1214
232 639
232 1553
233 318
233 780
234 811
234 1010
234 1581
234 1734
235 326
235 555
237 354
237 982
238 622
239 652
239 1007
240 622
240 1512
241 516
241 1277
242 416
242 419
242 505
242 893
242 1962
243 769
243 1145
243 1896
244 859
245 561
245 1014
245 1537
245 1620
246 301
246 360
246 458
246 1120
246 1278
246 1688
246 1871
246 1877
247 947
248 556
249 777
249 1099
250 1411
251 610
251 779
251 972
251 1307
251 1349
251 1416
251 1987
252 1278
252 1529
252 1601
254 1628
254 1727
255 495
255 652
255 1752
255 1835
256 304
256 1089
256 1477
256 1695
257 1296
257 1911
258 736
258 1198
259 1187
259 1365
260 300
260 1951
261 1254
261 1451
261 1690
261 1745
262 906
262 1045
262 1589
263 1463
265 315
265 392
266 341
266 596
266 1136
266 1217
267 1867
267 1958
268 723
268 1835
269 552
269 845
269 1038
270 1191
270 1543
270 1986
271 970
271 984
271 1366
271 1537
271 1687
272 627
272 957
272 1588
272 1891
274 782
274 1426
274 1801
275 957
275 1517
276 403
276 839
277 1137
277 1467
278 314
278 507
278 1508
279 529
280 385
280 971
280 1127
280 1945
281 811
281 1503
281 1986
282 536
282 749
284 688
284 953
284 1058
284 1538
284 1732
285 672
285 1606
286 1221
286 1505
287 493
287 1256
288 791
288 998
288 1388
289 517
289 680
289 1352
290 1050
290 1336
290 1950
291 306
291 561
291 1375
292 406
292 1096
292 1218
292 1355
292 1607
293 1055
293 1348
293 1432
294 350
294 891
294 1807
296 704
296 1402
296 1419
296 1750
296 1891
297 326
297 1110
297 1695
297 1708
297 1812
299 475
299 667
299 913
299 1161
299 1599
300 1749
301 983
301 1010
301 1049
301 1894
302 432
302 835
302 1594
302 1921
303 852
303 1461
303 1533
304 1054
305 519
305 534
305 743
305 1023
306 753
306 1581
306 1879
307 1447
308 1421
309 763
309 1887
309 1997
310 564
310 802
310 1910
311 845
311 1444
312 856
312 1605
312 1715
313 529
313 1004
313 1822
313 1946
314 694
314 952
314 1229
314 1502
314 1591
315 350
315 774
315 810
315 1092
316 1177
316 1317
317 546
317 566
317 1893
318 368
318 470
318 1553
318 1794
319 325
320 1714
321 578
321 632
321 922
321 1478
321 1614
321 1656
321 1810
321 1938
322 738
322 779
322 1351
323 451
323 1572
323 1771
324 1370
325 557
326 1149
327 477
327 1303
327 1713
328 1759
328 1956
329 335
329 690
329 853
329 1186
329 1967
330 1044
330 1338
330 1690
331 1242
331 1562
331 1875
331 1929
331 1948
332 498
332 1309
333 667
333 1296
334 453
335 397
335 511
335 565
335 1538
336 354
336 561
336 1136
337 1229
338 880
339 974
339 992
340 560
340 918
340 1993
341 1241
342 535
342 559
342 618
342 684
342 1182
342 1748
343 958
343 1716
343 1766
344 1603
345 390
345 611
345 1980
346 645
346 1836
347 658
347 1322
347 1936
348 586
350 639
350 1507
351 1399
351 1995
352 685
352 911
352 1296
353 1291
353 1636
354 387
354 754
354 1886
355 1844
356 783
356 837
356 1382
357 1697
358 710
358 955
358 1253
358 1469
359 864
359 1764
359 1943
360 740
361 747
361 1191
361 1743
362 1285
362 1665
363 1275
364 920
364 988
364 1014
364 1758
365 836
366 1470
366 1658
366 1919
367 1055
367 1581
367 1616
368 483
368 893
368 1422
368 1521
369 1234
369 1462
369 1814
370 937
371 794
372 658
372 1766
372 1970
373 867
373 1097
373 1598
373 1843
374 1075
374 1093
375 810
375 1131
376 1260
377 1910
378 683
379 801
379 1082
379 1853
380 768
381 511
381 666
382 962
383 907
383 1633
384 748
385 1228
386 557
386 704
387 519
387 813
387 942
387 1954
388 1693
389 1714
389 1924
390 709
390 858
390 1323
390 1778
391 473
391 1011
391 1115
391 1391
391 1510
392 1542
393 949
393 1371
394 576
394 963
394 1274
395 1519
395 1547
396 470
396 482
396 1714
396 1976
397 444
397 1202
397 1583
397 1872
398 842
398 1141
399 1168
400 939
400 1351
400 1989
401 1225
402 958
403 996
403 1355
403 1989
404 959
404 1518
405 443
405 1236
406 1132
406 1497
406 1656
406 1834
407 1021
408 417
408 927
408 979
408 1115
409 924
409 1262
410 564
410 770
411 784
411 795
411 1311
413 635
413 1553
414 582
415 885
415 1530
416 1647
417 691
417 990
417 1534
418 1355
418 1371
420 483
420 910
420 1233
420 1235
420 1836
421 829
422 1416
423 871
423 1210
423 1286
423 1389
423 1648
423 1994
424 838
424 879
424 1609
425 476
425 590
425 1404
427 721
428 677
428 845
428 1478
429 556
429 672
429 744
429 1231
429 1525
430 1242
430 1244
430 1625
432 626
434 1968
435 1600
436 962
437 1663
438 447
438 460
438 1728
438 1744
439 1040
439 1244
439 1295
440 1274
441 963
441 1005
441 1294
441 1599
442 1032
443 480
444 792
444 1168
444 1665
445 528
445 1337
445 1456
446 877
446 1969
446 1989
447 1551
448 604
448 1174
449 1049
449 1547
450 747
450 768
451 1993
452 829
452 1281
452 1424
452 1665
453 1640
453 1862
454 1570
456 684
456 1062
457 897
457 1057
457 1096
457 1337
458 604
458 737
458 904
458 1218
458 1925
459 1347
459 1976
460 1298
461 686
462 799
462 1030
462 1139
462 1279
462 1618
464 1019
465 607
465 636
465 1548
465 1730
467 696
467 1624
469 935
469 1131
470 1015
470 1173
470 1177
471 1237
471 1361
473 800
473 1544
473 1945
474 743
474 1590
475 663
477 1382
478 488
478 581
478 614
479 1405
480 1715
481 1305
482 667
484 850
485 1976
485 1980
486 750
486 1497
487 568
487 871
488 817
489 1391
489 1414
490 770
490 982
490 1204
491 705
492 1033
492 1069
492 1596
492 1799
493 1140
493 1568
493 1685
495 816
495 1425
496 726
496 939
496 997
496 1197
496 1426
496 1840
497 1244
497 1864
498 541
498 769
498 1955
499 588
499 879
499 1278
500 537
500 539
500 1782
500 1880
502 1596
502 1838
503 779
503 966
503 1046
503 1530
503 1553
504 569
504 585
504 761
504 1901
505 1243
505 1413
506 779
506 1499
507 870
508 943
509 1142
509 1913
510 915
510 1833
511 1524
511 1973
512 730
512 1751
513 629
513 1748
514 829
515 617
515 971
515 1593
515 1685
516 762
516 1246
517 1107
517 1227
517 1271
517 1484
518 689
518 771
518 1590
518 1592
519 1112
519 1329
519 1351
519 1499
520 540
520 1153
520 1657
520 1842
521 778
521 880
521 936
521 1031
521 1168
521 1405
521 1438
521 1607
522 878
522 1300
524 983
524 1047
524 1352
524 1450
524 1719
525 1681
525 1819
526 725
526 780
526 909
527 553
527 1580
528 578
528 1027
528 1680
529 929
530 657
530 726
530 986
530 1142
530 1530
530 1671
531 1294
532 968
532 1188
533 616
533 1071
534 1351
534 1823
534 1987
536 1140
537 550
537 579
537 1147
537 1764
537 1765
537 1918
538 694
538 1203
538 1353
539 631
539 1845
540 1217
540 1271
540 1301
540 1646
540 1780
540 1829
541 1129
541 1134
541 1490
541 1796
542 630
542 1345
542 1737
543 1449
544 618
544 1096
545 1798
546 699
546 808
546 892
546 1226
546 1480
547 991
548 772
548 1929
549 1306
549 1508
549 1659
549 1776
549 1998
550 816
550 1199
551 1142
551 1466
552 847
552 875
552 1425
553 1215
553 1294
554 1339
554 1826
554 1882
554 1883
555 888
555 1697
556 1552
558 754
558 794
558 1272
558 1724
559 1729
559 1854
560 1022
560 1494
561 678
561 1182
561 1399
561 1509
562 730
562 1421
563 1738
563 1788
564 765
564 772
564 1171
564 1282
566 699
566 762
566 1845
567 1423
568 1099
568 1728
569 1831
570 804
570 811
570 1509
570 1813
571 1776
571 1981
572 1009
572 1779
573 1322
573 1430
574 817
574 1201
574 1519
574 1648
575 961
575 976
575 1835
576 1875
577 672
577 780
577 1379
577 1547
578 885
578 1707
580 704
580 1227
580 1295
580 1641
581 773
581 1209
581 1245
581 1422
581 1535
582 837
582 1760
584 806
584 1126
584 1299
585 767
585 1090
585 1361
585 1593
586 1519
587 1065
587 1388
588 644
588 942
589 1001
589 1269
589 1531
589 1539
590 1561
590 1732
592 1053
592 1185
593 1057
593 1710
594 1128
597 852
597 997
598 689
598 1078
598 1274
599 1661
600 1570
600 1894
601 939
601 1062
601 1732
601 1852
603 821
604 801
604 1487
604 1500
604 1875
605 667
605 989
605 1511
605 1886
606 1467
606 1742
606 1772
607 1488
608 1396
609 1596
610 1679
610 1695
610 1940
611 1344
613 942
615 927
615 1326
615 1707
616 1420
617 1400
617 1557
617 1827
617 1936
617 1998
618 1313
618 1967
619 995
619 1307
619 1690
620 1569
621 895
622 732
622 981
623 1855
623 1968
624 717
624 1470
625 888
625 1000
625 1921
627 674
627 840
627 1720
628 664
628 1547
629 1267
629 1371
631 1349
631 1926
632 1027
634 1479
635 740
635 1682
635 1980
636 1139
637 656
637 1247
637 1510
637 1675
638 981
638 1846
639 728
639 869
639 1044
639 1667
640 1538
641 1431
641 1827
642 834
642 924
642 1996
644 684
644 1095
644 1474
645 794
645 1462
645 1533
645 1880
646 823
646 951
648 1257
648 1582
649 864
650 801
651 1016
651 1337
652 1253
652 1567
652 1584
652 1801
653 771
654 1888
655 1104
655 1782
656 845
656 1188
657 768
657 778
657 1118
657 1526
657 1896
658 916
658 1080
658 1542
659 1229
659 1782
661 719
661 1079
661 1439
662 1361
662 1758
662 1946
663 680
663 1571
663 1671
663 1919
664 857
664 1004
664 1102
664 1623
665 825
665 1334
666 1668
666 1891
667 1007
667 1317
667 1561
668 684
668 1138
668 1700
668 1716
669 1509
669 1819
670 808
671 940
671 1347
673 1716
674 1630
674 1672
674 1683
674 1691
674 1770
675 1079
675 1475
675 1527
675 1865
675 1971
676 691
676 1016
676 1283
676 1526
677 1366
677 1776
677 1990
678 688
678 1698
679 1783
680 907
681 983
681 1101
681 1208
681 1704
684 1516
685 1162
687 841
687 1951
688 1319
688 1615
688 1927
689 1083
691 1815
693 1081
694 853
695 737
695 795
695 816
695 989
695 1376
695 1586
695 1613
696 790
696 989
696 1021
696 1423
697 1115
697 1427
698 742
698 1069
698 1187
698 1299
698 1374
698 1966
698 1978
700 1588
701 1022
701 1093
701 1427
703 1068
703 1559
704 994
704 1185
704 1584
705 1096
706 999
706 1328
706 1394
707 1124
707 1781
708 1439
708 1715
709 1436
713 792
713 824
713 1997
716 747
716 1124
716 1271
716 1700
718 1486
718 1635
718 1742
718 1871
719 999
719 1160
720 1607
721 1449
721 1773
721 1906
722 1336
722 1701
723 1158
723 1412
724 1023
724 1139
724 1311
724 1504
724 1574
725 904
725 1219
726 775
726 1928
727 771
728 1727
729 961
730 988
730 1488
730 1764
731 1197
731 1323
732 1634
733 1484
733 1552
734 1104
734 1246
735 1754
737 1458
737 1540
738 1576
738 1799
739 1017
739 1432
740 1141
740 1835
741 1828
741 1865
741 1949
742 1728
742 1905
743 864
743 1245
743 1672
744 921
744 1362
744 1943
746 752
746 969
746 1355
746 1453
746 1893
748 1434
749 1462
749 1788
749 1815
751 1344
751 1901
752 1515
752 1574
752 1611
752 1682
753 1223
753 1474
753 1644
754 1045
754 1052
754 1441
754 1802
754 1827
755 928
755 1051
756 1006
757 1131
757 1333
757 1505
758 1373
758 1475
758 1717
759 1682
759 1734
760 1144
760 1244
760 1374
760 1744
761 1151
762 1172
762 1306
762 1674
762 1814
763 1494
763 1638
763 1745
764 846
764 1403
764 1744
764 1810
765 1853
766 784
766 1518
767 796
767 1037
767 1065
767 1590
768 962
769 1056
770 1364
770 1433
771 854
771 1252
771 1643
771 1787
771 1844
772 983
772 1350
772 1651
773 1179
773 1651
775 907
775 1129
775 1619
775 1899
776 1726
777 1473
778 897
778 1809
779 1154
779 1995
780 1215
780 1419
781 1233
782 827
782 1200
782 1342
783 873
783 1483
783 1843
784 798
784 950
784 998
785 1002
785 1763
785 1866
786 961
787 1763
787 1853
787 1986
788 794
788 961
788 1876
788 1958
789 1621
790 1272
792 809
792 1821
794 1725
795 1948
795 1951
797 1746
797 1816
798 869
798 1337
799 918
799 1939
799 1997
800 1118
800 1204
801 880
801 1523
804 1786
805 893
805 997
805 1431
805 1849
806 1553
806 1569
807 845
809 865
809 1312
811 849
811 1470
811 1919
812 1095
812 1244
812 1307
814 1271
815 915
815 1231
815 1536
815 1546
816 1033
817 855
818 934
818 977
818 1374
819 1048
820 1032
820 1865
821 1385
821 1527
822 1398
822 1597
822 1617
822 1753
822 1947
823 1042
823 1533
825 1124
825 1440
826 1580
827 1667
828 1172
829 845
829 1780
830 1506
831 951
831 1002
831 1770
832 899
832 1092
832 1623
833 1093
833 1725
833 1735
837 1239
837 1281
838 995
838 1905
839 1113
839 1251
841 1954
842 872
843 1247
844 1905
845 1227
845 1778
846 848
846 1252
846 1592
846 1601
847 1751
847 1817
848 891
848 1668
849 984
849 1109
849 1512
850 1101
850 1435
851 1044
851 1046
851 1696
851 1719
851 1772
851 1808
852 1174
852 1193
852 1277
852 1468
852 1712
853 1172
853 1954
854 1003
854 1083
854 1917
855 998
855 1184
855 1814
857 883
857 1472
859 1693
859 1889
860 1122
860 1748
862 1173
862 1761
862 1879
863 1043
863 1353
864 991
864 1487
864 1646
865 888
865 1121
865 1301
865 1779
866 1173
867 922
867 1243
867 1321
867 1437
867 1757
868 928
868 1137
868 1231
869 1546
870 1019
870 1280
871 1007
871 1066
871 1289
873 1027
873 1089
873 1138
873 1816
873 1962
874 897
874 1056
875 1138
876 1911
878 911
879 1268
879 1510
879 1595
879 1722
879 1725
879 1796
881 897
881 1734
881 1889
882 885
883 1296
883 1671
883 1704
883 1966
884 1497
884 1556
885 1703
886 1020
886 1304
886 1662
886 1985
887 1000
887 1147
887 1334
887 1517
887 1895
888 1415
888 1709
889 1527
889 1620
889 1808
890 941
891 1601
891 1839
892 954
892 1266
892 1302
892 1532
893 1372
894 1017
894 1110
895 1121
896 1309
896 1745
897 1525
898 1164
898 1440
899 1128
899 1487
899 1504
900 1077
900 1112
900 1120
900 1338
902 1098
902 1708
904 1423
905 1551
906 1115
906 1139
906 1788
907 941
907 1470
909 976
909 1640
909 1795
909 1901
912 924
912 1260
913 1675
914 1165
914 1309
915 1473
917 1839
917 1868
918 1005
918 1110
918 1250
918 1300
919 1517
920 1093
920 1120
920 1626
921 1203
921 1858
922 1218
922 1261
922 1800
922 1879
923 1919
924 1252
927 944
927 1025
927 1241
927 1283
927 1855
928 1363
928 1733
929 1357
929 1792
930 981
930 1992
931 1807
932 994
933 1271
933 1384
933 1489
934 973
934 1512
934 1581
934 1814
935 1278
936 1585
936 1742
937 1073
938 1463
939 1555
940 1756
941 1475
941 1935
942 1228
942 1908
943 1305
943 1367
944 1037
944 1304
945 1027
945 1239
946 1010
946 1323
946 1492
949 1620
949 1647
949 1998
950 976
950 1077
950 1106
950 1924
951 1799
952 1196
952 1689
954 1478
954 1707
955 1615
956 1327
957 1376
957 1450
957 1607
957 1862
958 1197
958 1701
960 1354
960 1868
960 1901
962 1120
963 1076
963 1706
964 1296
965 998
965 1054
966 1210
966 1266
966 1335
967 1731
968 1002
968 1851
969 1079
969 1359
970 1198
970 1679
973 1116
973 1502
974 1194
974 1375
975 1683
975 1722
975 1771
975 1849
977 1057
977 1340
977 1913
978 1761
979 1910
980 1390
980 1597
981 1063
981 1934
981 1960
982 1607
982 1726
983 1825
984 1590
984 1649
985 1382
986 1438
987 1001
988 1106
988 1354
989 1365
990 1639
991 1113
991 1660
992 1704
993 1627
995 1230
995 1450
995 1721
995 1816
995 1834
996 1196
996 1605
997 1066
997 1217
997 1259
997 1544
1000 1527
1000 1557
1000 1766
1000 1840
1001 1181
1002 1131
1002 1183
1002 1186
1002 1632
1002 1663
1005 1298
1005 1504
1005 1766
1006 1631
1007 1754
1007 1901
1009 1163
1009 1521
1009 1804
1011 1517
1011 1530
1011 1555
1011 1977
1012 1951
1013 1428
1013 1638
1013 1809
1013 1969
1014 1420
1015 1021
1016 1049
1017 1128
1017 1479
1018 1100
1018 1535
1018 1616
1018 1626
1018 1838
1019 1315
1019 1538
1020 1362
1020 1366
1023 1638
1024 1295
1024 1781
1025 1047
1025 1162
1025 1668
1026 1164
1026 1330
1027 1188
1027 1201
1028 1373
1029 1617
1030 1473
1031 1206
1032 1922
1033 1120
1033 1296
1036 1437
1036 1494
1037 1157
1039 1402
1039 1520
1039 1633
1039 1762
1040 1126
1040 1154
1041 1847
1042 1361
1042 1601
1043 1933
1044 1080
1045 1206
1045 1377
1046 1797
1048 1090
1048 1629
1048 1752
1049 1261
1050 1105
1050 1286
1050 1451
1051 1289
1051 1846
1053 1208
1053 1500
1053 1716
1053 1852
1054 1557
1057 1134
1058 1073
1060 1414
1061 1538
1062 1489
1063 1702
1064 1296
1064 1326
1065 1512
1066 1638
1067 1237
1067 1668
1067 1730
1069 1256
1069 1716
1069 1824
1070 1370
1070 1454
1072 1101
1074 1683
1076 1304
1076 1560
1076 1786
1077 1399
1078 1161
1080 1717
1081 1520
1081 1541
1081 1562
1083 1256
1083 1356
1083 1910
1085 1351
1085 1742
1086 1087
1086 1665
1086 1792
1087 1367
1087 1727
1088 1429
1088 1513
1088 1773
1089 1367
1089 1751
1089 1847
1090 1612
1090 1711
1091 1754
1092 1594
1092 1748
1092 1847
1093 1233
1093 1262
1094 1978
1095 1235
1095 1509
1096 1337
1096 1591
1097 1540
1097 1995
1098 1425
1098 1946
1099 1201
1100 1260
1100 1502
1101 1113
1101 1364
1102 1908
1103 1595
1104 1141
1104 1219
1104 1587
1106 1313
1106 1795
1108 1179
1108 1313
1108 1995
1110 1309
1110 1424
1110 1454
1110 1507
1110 1800
1113 1415
1114 1812
1115 1156
1115 1654
1116 1644
1118 1750
1119 1586
1120 1436
1123 1691
1123 1988
1125 1139
1125 1153
1125 1170
1125 1277
1125 1450
1127 1508
1128 1482
1131 1454
1131 1687
1132 1704
1133 1568
1133 1921
1135 1529
1136 1299
1137 1441
1137 1858
1138 1769
1139 1972
1140 1794
1142 1945
1143 1582
1143 1661
1145 1363
1145 1600
1145 1957
1146 1523
1146 1931
1147 1519
1149 1510
1149 1741
1151 1854
1152 1385
1156 1287
1156 1658
1156 1939
1157 1311
1157 1497
1158 1331
1158 1852
1159 1347
1160 1555
1161 1527
1164 1894
1166 1215
1166 1405
1167 1737
1168 1275
1168 1790
1169 1419
1170 1370
1170 1426
1170 1698
1172 1530
1173 1464
1173 1900
1174 1520
1174 1541
1175 1466
1175 1873
1176 1354
1177 1252
1177 1286
1177 1892
1177 1977
1178 1847
1179 1593
1179 1651
1182 1211
1182 1509
1182 1880
1183 1716
1183 1830
1185 1767
1186 1204
1186 1401
1186 1939
1188 1267
1188 1351
1189 1581
1190 1709
1191 1377
1191 1523
1191 1992
1194 1321
1194 1852
1195 1542
1195 1623
1195 1788
1195 1799
1196 1237
1196 1395
1196 1551
1197 1728
1199 1325
1199 1560
1199 1746
1200 1393
1200 1396
1201 1428
1202 1246
1204 1866
1204 1954
1205 1357
1206 1534
1207 1722
1209 1403
1210 1599
1210 1985
1211 1508
1211 1621
1211 1823
1213 1846
1216 1779
1217 1990
1218 1919
1219 1281
1220 1812
1222 1506
1222 1874
1224 1733
1224 1983
1226 1519
1226 1889
1227 1809
1228 1451
1229 1842
1229 1970
1230 1391
1231 1323
1232 1751
1234 1749
1238 1369
1238 1434
1238 1623
1238 1916
1239 1441
1241 1518
1241 1561
1243 1739
1243 1766
1244 1480
1244 1859
1246 1275
1247 1711
1247 1993
1250 1784
1250 1861
1251 1375
1251 1642
1251 1954
1253 1740
1253 1907
1257 1296
1257 1999
1258 1393
1259 1438
1259 1896
1260 1362
1262 1874
1262 1906
1263 1462
1263 1637
1264 1550
1265 1338
1265 1394
1265 1426
1266 1469
1266 1831
1269 1372
1269 1837
1270 1409
1271 1553
1272 1996
1273 1543
1274 1574
1274 1577
1274 1752
1276 1463
1276 1888
1276 1975
1279 1450
1281 1566
1281 1668
1282 1791
1283 1348
1283 1661
1284 1641
1285 1530
1286 1649
1286 1771
1289 1888
1289 1899
1291 1611
1293 1685
1294 1953
1296 1307
1296 1617
1297 1716
1299 1486
1299 1710
1300 1330
1300 1347
1301 1307
1302 1408
1303 1433
1304 1498
1304 1661
1305 1467
1305 1847
1306 1555
1306 1737
1308 1487
1308 1736
1308 1774
1310 1549
1313 1510
1314 1524
1314 1945
1316 1846
1317 1409
1317 1491
1318 1524
1320 1950
1320 1975
1322 1699
1322 1707
1323 1459
1323 1551
1324 1548
1327 1855
1327 1963
1328 1857
1329 1470
1329 1714
1330 1692
1332 1447
1332 1604
1333 1435
1335 1625
1335 1792
1337 1541
1337 1793
1337 1815
1338 1677
1339 1538
1340 1462
1342 1387
1342 1642
1343 1547
1344 1389
1346 1661
1347 1461
1347 1689
1348 1380
1348 1738
1350 1575
1351 1788
1353 1451
1353 1723
1354 1377
1354 1682
1354 1918
1355 1874
1356 1650
1360 1477
1360 1665
1363 1701
1364 1375
1364 1506
1364 1544
1364 1616
1366 1477
1366 1913
1367 1625
1367 1689
1368 1815
1368 1911
1370 1500
1372 1465
1372 1625
1372 1739
1373 1882
1373 1956
1374 1399
1375 1402
1375 1514
1375 1781
1376 1876
1378 1564
1378 1953
1378 1992
1379 1748
1380 1882
1380 1986
1382 1801
1383 1521
1383 1730
1384 1671
1385 1656
1386 1572
1386 1827
1387 1613
1387 1964
1389 1435
1392 1420
1393 1700
1393 1731
1395 1574
1395 1709
1396 1550
1396 1920
1397 1661
1399 1522
1399 1835
1401 1431
1405 1572
1405 1595
1406 1568
1411 1487
1414 1761
1415 1915
1416 1509
1417 1684
1418 1649
1418 1760
1420 1680
1420 1805
1421 1808
1422 1881
1424 1811
1427 1902
1428 1825
1429 1822
1430 1634
1431 1609
1432 1665
1433 1971
1434 1710
1434 1910
1435 1458
1435 1481
1435 1687
1437 1658
1437 1736
1438 1794
1442 1973
1444 1583
1444 1983
1445 1532
1447 1645
1447 1676
1449 1556
1449 1649
1450 1993
1451 1634
1451 1649
1451 1974
1454 1828
1455 1718
1455 1801
1456 1497
1460 1822
1460 1841
1462 1484
1462 1602
1464 1782
1465 1634
1465 1748
1465 1835
1466 1883
1471 1531
1472 1641
1475 1670
1475 1717
1475 1770
1477 1982
1479 1714
1480 1853
1481 1809
1481 1851
1483 1506
1484 1944
1485 1499
1486 1961
1487 1530
1487 1853
1488 1836
1492 1852
1492 1867
1493 1873
1495 1797
1495 1804
1496 1608
1497 1604
1497 1973
1498 1731
1499 1955
1500 1866
1502 1613
1502 1774
1508 1790
1510 1742
1510 1763
1511 1927
1512 1537
1512 1558
1512 1885
1513 1936
1515 1602
1515 1635
1516 1740
1518 1654
1518 1725
1522 1717
1525 1799
1527 1600
1527 1649
1527 1813
1528 1778
1528 1995
1529 1803
1537 1832
1539 1953
1540 1701
1542 1565
1542 1925
1549 1976
1550 1911
1551 1849
1554 1898
1555 1751
1555 1848
1556 1560
1558 1863
1561 1711
1563 1991
1565 1578
1565 1754
1566 1895
1566 1896
1566 1921
1567 1817
1568 1726
1573 1987
1575 1895
1584 1904
1585 1713
1585 1731
1585 1871
1587 1903
1590 1719
1591 1973
1594 1649
1594 1787
1597 1700
1598 1918
1599 1941
1603 1923
1606 1728
1608 1795
1615 1634
1617 1907
1619 1985
1621 1797
1623 1798
1624 1963
1626 1833
1629 1779
1630 1989
1634 1808
1636 1779
1638 1752
1639 1813
1639 1858
1640 1643
1641 1705
1641 1819
1641 1922
1649 1779
1653 1848
1653 1956
1656 1677
1656 1909
1664 1883
1664 1953
1664 1986
1665 1780
1666 1701
1667 1884
1670 1786
1672 1862
1674 1830
1676 1790
1677 1735
1679 1815
1684 1692
1685 1736
1685 1944
1688 1802
1689 1700
1689 1725
1691 1745
1691 1816
1693 1848
1694 1715
1694 1753
1699 1866
1700 1737
1700 1755
1702 1842
1711 1770
1711 1814
1713 1762
1717 1751
1723 1813
1724 1776
1727 1763
1727 1907
1730 1964
1732 1879
1732 1988
1736 1903
1736 1939
1742 1796
1742 1896
1742 1901
1744 1829
1744 1851
1744 1914
1750 1904
1751 1844
1751 1984
1755 1833
1756 1805
1756 1834
1760 1896
1763 1814
1766 1843
1769 1844
1774 1930
1778 1798
1780 1873
1781 1950
1782 1810
1784 1886
1790 1808
1791 1949
1798 1925
1801 1827
1802 1964
1803 1934
1803 1981
1812 1825
1812 1969
1815 1897
1819 1930
1826 1907
1828 1832
1830 1997
1834 1912
1835 1848
1842 1911
1848 1993
1849 1855
1850 1916
1860 1951
1866 1887
1868 1973
1877 1989
1882 1950
1883 1970
1887 1901
1896 1983
1897 1938
1907 1974
1911 1952
1926 1949
1941 1976
