2000 3016
82
14
95
44
37
62
31
2
32
86
73
72
87
84
40
92
92
3
35
52
90
36
8
94
41
12
35
68
91
7
88
60
97
97
30
17
7
76
43
10
11
91
6
24
56
92
56
17
79
61
38
87
27
62
60
6
25
16
20
14
52
92
34
75
69
27
65
96
61
91
41
81
27
20
50
71
48
92
51
43
22
43
18
86
61
1
96
11
94
57
90
8
92
58
31
63
54
39
94
23
45
84
22
51
67
5
49
83
1
89
7
19
85
52
60
83
38
16
31
36
66
9
2
46
66
38
97
18
42
28
50
97
46
96
20
26
1
66
3
1
25
44
80
66
21
4
46
67
64
53
55
28
3
61
26
37
89
99
18
21
93
66
50
48
26
78
66
75
87
57
91
55
43
37
37
61
16
39
24
97
39
85
83
63
25
55
17
20
48
12
34
67
61
20
100
66
77
80
55
35
56
22
68
66
28
39
38
8
63
32
50
97
17
29
50
1
51
32
21
16
18
80
19
74
83
62
24
14
21
42
9
49
9
47
38
49
59
52
39
78
87
100
40
38
81
96
41
41
79
18
49
19
46
13
12
67
38
30
66
33
81
28
94
70
51
1
1
40
66
23
24
82
21
71
24
82
53
74
52
96
40
65
94
62
9
38
44
38
40
77
55
73
31
56
81
75
56
79
45
65
23
55
85
100
11
64
29
62
33
14
79
61
7
59
30
29
20
24
17
30
4
20
22
19
50
41
39
89
61
41
30
32
53
67
68
27
91
22
64
79
21
99
80
1
61
12
69
8
69
41
18
1
79
92
27
80
51
15
53
11
58
89
97
40
97
100
94
33
70
46
38
17
37
22
15
81
3
89
83
30
54
18
87
82
97
12
21
67
59
54
28
27
64
17
83
10
30
67
43
72
50
23
51
28
100
74
89
8
20
47
76
68
79
34
82
42
54
48
20
79
32
15
9
42
31
9
48
97
26
47
16
5
98
28
26
44
88
72
61
49
91
100
71
19
40
6
60
65
43
73
8
20
92
51
80
49
65
87
33
50
69
68
15
99
1
94
98
59
47
40
20
49
41
23
58
10
50
33
28
53
55
48
1
28
52
24
87
71
34
4
61
23
36
80
100
93
7
96
88
80
87
31
51
2
13
58
98
63
46
93
17
89
63
7
92
83
56
33
2
64
29
99
80
47
18
2
41
38
12
64
100
69
90
63
25
71
86
74
23
41
68
19
17
91
4
72
86
31
54
56
27
88
31
60
40
97
7
1
5
43
80
13
15
86
2
21
78
26
74
73
38
35
18
18
9
97
16
40
13
79
43
1
29
18
64
88
84
7
20
5
100
59
90
35
35
84
99
12
87
77
66
62
44
39
98
63
29
12
30
45
46
56
68
18
36
25
48
39
90
94
80
59
2
79
35
79
28
76
26
12
85
26
55
54
8
62
91
91
86
36
27
82
88
69
16
67
65
83
83
94
76
69
96
6
59
42
79
33
16
52
55
49
25
7
9
77
70
91
49
14
79
33
15
42
85
65
84
3
45
92
46
90
20
47
1
77
52
32
49
17
40
51
67
8
44
50
48
13
98
54
54
35
24
5
74
65
45
27
18
63
53
48
94
98
76
75
69
69
34
72
26
39
95
68
90
49
18
48
82
94
16
91
63
19
13
4
70
73
58
88
51
81
54
15
84
81
16
99
86
54
100
50
16
93
16
94
93
72
53
52
46
7
94
98
26
30
71
9
57
26
24
18
92
21
16
4
9
7
76
57
59
11
48
16
58
11
44
20
58
66
35
73
74
25
92
57
75
24
5
25
84
17
92
97
29
100
7
77
67
99
46
60
59
39
68
34
57
53
9
85
29
82
68
64
16
21
68
40
70
90
97
99
78
32
7
40
59
36
22
49
88
80
50
17
77
94
82
57
32
13
6
59
16
5
2
44
51
35
36
73
52
67
51
78
3
95
15
52
14
93
75
58
66
27
2
80
16
21
52
5
90
96
62
78
19
3
66
69
55
54
93
63
97
34
69
57
76
33
75
72
50
87
93
61
13
23
62
25
62
17
7
25
38
73
93
95
40
68
69
64
69
90
48
2
80
56
73
85
66
76
46
83
77
97
68
95
48
81
88
67
42
41
53
13
56
87
80
25
65
72
34
24
46
96
19
49
56
94
48
54
54
83
100
12
3
52
68
26
36
13
69
95
46
81
33
62
65
96
79
26
39
40
38
89
26
88
24
11
24
17
35
52
22
58
75
6
61
20
27
91
76
74
59
7
22
50
55
100
40
2
79
59
85
55
76
14
7
91
94
75
47
42
41
33
29
17
28
6
80
40
86
40
96
41
47
10
11
42
74
72
4
8
92
1
59
62
86
21
35
34
4
58
69
37
96
48
31
13
74
52
45
3
41
26
54
10
24
30
70
77
29
6
81
76
25
19
11
22
24
92
93
6
70
91
69
40
34
77
86
8
72
33
50
23
54
23
71
42
18
2
33
19
69
64
32
47
47
81
41
14
62
97
18
95
96
6
42
15
36
66
45
39
41
34
70
46
56
57
72
98
45
85
5
56
29
57
31
66
80
34
78
72
14
89
54
47
37
78
40
93
53
47
13
85
62
32
70
34
16
28
12
23
8
73
30
39
89
8
76
77
64
89
31
62
4
59
65
93
84
65
86
19
52
96
32
91
3
30
8
72
93
28
94
15
12
6
40
13
22
77
12
73
35
35
5
45
53
50
25
43
70
94
60
5
61
85
71
17
83
11
33
83
84
80
55
78
7
88
33
36
65
8
67
5
60
32
15
10
37
12
25
71
93
86
57
41
27
50
100
18
77
92
60
87
9
54
80
51
84
3
42
67
9
40
9
96
71
22
36
9
65
97
48
35
73
53
11
17
35
24
82
1
93
53
6
15
34
95
50
11
39
14
69
43
92
85
28
6
12
31
36
50
65
99
27
41
90
21
87
77
51
99
51
65
27
33
59
19
42
68
88
32
65
69
99
15
67
44
3
40
81
48
93
88
2
60
26
41
92
15
82
9
46
25
70
75
96
49
61
23
85
55
49
57
57
52
83
36
19
39
65
80
25
61
19
74
24
88
51
97
34
95
59
79
56
60
88
61
66
37
63
28
13
97
8
75
52
13
43
31
29
45
43
24
10
13
39
39
22
15
29
33
72
92
15
71
65
77
1
52
5
85
98
5
29
23
10
9
23
30
13
64
22
81
21
47
6
81
89
26
1
48
7
92
70
58
82
92
9
82
37
21
36
47
1
19
81
74
49
3
88
18
63
20
68
12
25
67
46
1
21
70
72
52
37
63
26
7
59
32
41
70
55
13
70
25
31
68
4
28
8
98
41
39
21
98
41
96
16
67
32
75
6
60
71
31
44
37
13
2
64
81
59
84
47
4
44
4
67
53
61
74
5
51
18
18
69
18
24
40
90
69
76
77
42
98
5
47
3
73
39
31
85
89
56
61
7
20
38
85
30
26
95
87
73
38
68
7
80
41
69
48
5
74
22
15
92
20
90
12
94
40
28
72
48
16
19
29
46
26
61
3
56
89
67
17
90
11
17
33
95
15
19
69
8
19
27
72
11
74
11
92
70
84
32
44
55
42
4
60
10
60
58
92
29
11
90
38
46
56
86
72
70
66
53
56
55
4
36
48
68
45
71
21
85
70
80
95
37
9
91
81
70
99
85
67
92
72
10
77
26
86
76
7
15
57
56
26
44
80
89
63
18
60
7
60
84
76
86
97
66
77
58
15
14
49
73
44
43
30
79
12
76
19
100
43
61
46
20
59
20
31
10
9
83
91
21
86
58
76
15
49
2
59
34
50
66
90
38
82
40
36
95
45
66
4
30
21
16
41
92
28
18
31
67
81
66
26
31
30
15
53
42
19
100
14
40
50
18
96
88
40
21
72
2
16
12
100
90
44
14
45
24
69
3
5
70
11
67
54
41
23
31
82
91
78
95
46
72
69
49
74
24
32
5
69
39
46
52
61
38
7
80
20
9
50
27
41
61
98
78
75
52
2
79
9
41
48
19
57
50
41
82
65
99
63
44
90
29
58
89
22
91
8
72
63
2
36
63
10
99
74
28
40
100
24
80
21
7
32
74
51
76
97
35
72
86
30
34
34
84
20
27
20
82
99
76
100
93
53
78
47
20
88
56
34
40
15
52
76
44
60
36
59
35
3
29
66
42
58
24
42
81
84
50
72
75
80
76
4
62
69
78
6
44
88
79
7
52
26
20
98
63
8
96
89
71
86
4
21
91
63
51
64
75
82
91
47
81
36
55
94
83
96
56
21
91
83
86
29
3
91
91
49
71
76
7
84
3
62
34
79
100
20
17
13
84
85
47
82
83
83
9
64
4
74
23
36
70
46
50
11
49
45
18
45
96
87
42
53
25
74
18
28
72
33
9
55
69
35
89
86
46
58
83
95
35
63
65
16
88
41
47
83
6
97
9
7
75
88
31
23
37
33
24
38
49
12
46
56
30
76
96
73
17
1
78
59
22
63
0 898
0 1297
0 1744
0 1865
1 683
1 785
1 1652
1 1666
1 1692
2 67
2 1153
2 1438
2 1581
2 1875
3 290
3 1743
4 712
4 1745
5 1759
6 732
7 1191
7 1807
8 637
8 1462
9 902
9 1126
9 1387
10 964
10 1959
11 1017
12 187
12 795
12 974
13 343
13 372
13 715
13 899
13 1764
14 462
15 1375
16 1699
16 1908
17 884
17 1315
18 407
18 781
18 1313
19 250
19 1010
19 1882
20 185
20 1294
20 1485
22 304
22 644
22 859
22 1305
22 1514
23 61
23 1847
24 378
24 514
24 1260
24 1713
25 1848
25 1918
26 1915
28 696
28 1625
29 143
29 387
29 1184
29 1820
30 439
30 543
30 1151
30 1615
31 59
31 1275
31 1627
32 391
32 620
32 961
33 493
34 729
34 1025
35 1166
35 1600
36 339
36 583
36 848
37 72
37 1175
37 1479
38 1073
38 1271
38 1585
38 1838
39 894
39 1057
39 1877
40 701
40 1035
40 1673
41 75
41 447
41 1314
41 1989
42 759
42 782
43 140
43 1092
44 209
44 562
44 818
44 1135
45 120
45 128
45 390
45 903
45 1861
46 817
46 979
46 1790
47 282
48 290
48 1072
49 104
49 109
50 56
50 1082
50 1508
50 1908
52 799
52 880
52 900
52 995
52 1313
52 1669
53 1683
54 932
54 965
55 1599
55 1728
55 1869
56 1090
56 1328
57 1436
58 103
58 183
58 1219
58 1310
59 169
59 306
59 1917
60 66
60 593
60 699
60 1083
60 1377
61 1370
62 405
62 668
62 1472
62 1936
63 263
63 317
64 382
64 941
64 1141
64 1278
64 1449
65 1245
65 1384
66 319
66 982
66 1243
67 1322
67 1701
68 910
69 1178
69 1466
70 739
70 1126
71 702
71 1314
72 437
72 590
72 1893
73 203
73 847
74 394
74 1451
74 1480
74 1584
75 264
75 309
75 504
75 983
75 1755
75 1804
76 1095
76 1294
76 1385
77 866
78 1521
79 423
79 522
80 273
80 1561
80 1776
80 1923
81 949
81 1188
81 1247
81 1531
82 731
82 1316
82 1403
82 1768
83 855
83 899
84 838
84 1135
85 719
85 959
85 1500
85 1600
85 1826
86 1782
87 541
88 269
88 877
88 885
88 1114
88 1468
89 230
89 621
89 690
89 1079
90 106
90 126
90 524
90 612
90 762
90 875
90 1490
90 1637
91 94
91 1642
91 1740
92 207
92 969
92 1535
92 1800
93 267
93 452
93 466
93 527
93 1134
93 1975
94 1098
94 1210
94 1409
95 1136
95 1384
96 194
96 497
96 1163
97 1026
97 1454
97 1541
97 1987
98 485
98 1739
99 373
99 917
99 1206
99 1224
101 229
101 286
101 852
101 891
101 1264
102 904
102 1058
102 1480
102 1558
102 1764
103 382
103 389
103 1697
104 502
105 1997
106 1006
106 1089
106 1280
106 1298
107 1623
107 1918
108 595
108 686
108 1029
108 1264
108 1946
109 754
109 1042
109 1331
110 322
110 944
110 1214
110 1467
111 230
111 1438
111 1676
112 253
112 1024
112 1657
112 1934
113 299
113 314
113 648
113 737
113 1414
113 1536
113 1832
114 370
114 395
114 978
114 1747
115 447
115 1075
115 1790
116 382
116 1495
116 1979
117 258
117 444
118 246
118 281
118 405
118 1255
118 1845
119 618
119 1704
120 843
120 1030
120 1426
120 1576
120 1608
120 1907
120 1995
121 243
121 390
121 946
122 377
122 1722
123 366
123 502
124 417
124 584
125 762
125 1340
125 1371
126 488
126 1246
126 1630
126 1771
127 657
127 963
127 1240
127 1325
127 1786
128 163
128 841
128 1194
128 1341
129 921
129 1017
129 1181
129 1506
130 403
130 722
130 866
130 1198
130 1821
131 941
131 1505
132 593
132 1079
133 1012
133 1927
134 642
134 794
134 1037
134 1190
134 1892
135 1288
135 1444
136 1553
136 1718
139 1500
140 1475
140 1558
141 1330
141 1933
142 447
142 1006
142 1010
143 502
143 958
143 1858
144 1009
144 1330
144 1508
145 498
145 515
145 1162
145 1362
145 1516
145 1966
146 601
146 997
147 327
147 844
147 1178
147 1492
147 1642
148 195
148 355
148 1245
148 1917
149 742
149 1272
149 1743
150 313
150 1730
151 408
151 517
151 582
151 1261
151 1517
151 1815
152 657
152 1427
153 807
153 839
153 850
153 1115
153 1639
154 319
154 1345
154 1812
154 1890
155 526
155 697
155 1102
156 451
156 627
156 1228
156 1393
156 1799
157 419
157 1270
157 1501
157 1685
158 236
158 1390
159 1672
159 1798
159 1960
160 880
160 969
160 1731
161 381
161 1055
162 352
162 447
162 1595
162 1847
163 1484
163 1627
164 903
164 1106
164 1407
164 1955
166 409
166 706
166 1554
167 208
167 609
167 1616
167 1636
168 513
168 929
169 195
169 284
169 1688
170 423
170 821
170 1980
171 890
171 1133
171 1252
171 1697
171 1921
172 829
172 910
172 1114
172 1236
172 1710
173 557
173 1818
174 1436
174 1488
175 503
175 753
175 925
175 1082
175 1603
175 1686
175 1741
176 626
176 684
176 1180
176 1655
177 281
177 998
177 1434
178 358
178 616
178 1226
178 1566
178 1650
178 1778
178 1954
179 557
179 680
179 1143
179 1476
179 1976
180 272
180 679
180 749
181 366
181 911
181 1346
181 1465
182 816
182 891
182 1054
182 1638
183 761
183 762
183 1842
184 1225
184 1749
185 1668
186 1211
187 264
187 1841
188 231
188 459
188 1371
188 1582
189 492
189 627
189 1511
190 205
190 416
190 652
190 1787
191 1249
191 1410
191 1561
192 250
192 308
193 208
193 687
193 1082
193 1776
193 1890
193 1923
194 1319
195 228
195 581
195 806
195 1214
196 241
196 717
196 1375
196 1968
197 822
197 1349
200 1087
200 1340
201 904
202 273
202 750
202 824
202 949
202 1536
203 1119
203 1655
204 1037
204 1301
205 638
205 1224
205 1554
205 1717
205 1845
206 304
206 1353
207 583
207 700
208 1178
208 1595
208 1978
209 1969
210 721
210 1169
211 1006
211 1778
211 1852
212 1228
212 1456
212 1969
212 1991
213 401
213 842
213 917
213 965
213 1601
214 648
214 1318
214 1464
214 1598
214 1703
215 230
215 290
215 1058
216 818
217 237
217 1152
217 1706
218 369
218 687
218 1263
219 1008
219 1651
219 1768
220 1547
222 269
222 1377
222 1900
223 471
223 782
223 817
223 1525
224 565
224 1020
226 592
226 931
227 308
228 971
228 1884
229 795
229 1570
230 1267
232 1834
232 1912
233 1007
234 763
234 1117
234 1175
234 1514
234 1752
235 372
235 667
235 1110
235 1428
236 585
236 1263
236 1737
237 1519
238 757
238 890
238 1621
239 1405
239 1410
239 1506
239 1546
240 449
240 830
240 960
240 1203
240 1408
241 247
241 273
241 310
241 396
242 450
242 1595
242 1925
242 1941
243 380
244 697
244 925
245 1414
245 1442
247 1973
248 379
248 1361
248 1456
248 1854
249 1243
249 1724
250 419
250 970
250 1298
250 1353
250 1632
253 282
253 1522
253 1721
254 372
254 607
254 834
254 1165
254 1187
254 1769
254 1919
254 1992
255 438
255 455
255 1006
256 845
256 1387
256 1420
256 1687
256 1913
257 1186
257 1331
257 1390
258 390
258 512
258 1228
258 1363
258 1697
260 387
260 941
260 1391
261 391
261 1467
262 352
262 668
262 877
262 1006
262 1206
262 1418
263 614
263 913
263 1436
263 1608
264 391
264 433
265 660
265 1645
265 1726
266 1145
266 1490
267 551
267 1736
268 640
268 1275
269 1147
269 1713
270 725
270 1155
270 1316
270 1573
271 742
271 1862
272 639
272 1589
273 527
273 775
273 952
274 285
274 1852
274 1859
275 628
275 1684
276 452
276 1346
276 1396
276 1576
278 827
278 1520
279 1213
279 1220
279 1277
279 1433
280 768
281 358
281 829
281 1133
281 1196
282 293
282 347
282 481
282 1924
284 382
284 944
284 974
284 1341
284 1362
284 1981
285 1151
285 1849
287 1718
288 1815
291 574
291 777
291 1291
291 1453
291 1971
292 739
292 799
292 1148
292 1999
293 617
293 1175
293 1187
294 808
294 1856
295 1500
295 1922
296 431
296 737
296 1605
296 1681
297 701
297 1485
297 1918
298 416
299 579
299 639
300 940
300 966
300 1289
301 1223
303 814
303 1412
303 1579
303 1933
304 581
304 1436
304 1537
304 1832
304 1907
305 1598
306 936
306 986
306 1277
306 1310
306 1347
306 1351
307 849
307 1634
308 953
308 1419
309 999
309 1445
310 674
310 873
310 1611
311 811
311 1535
311 1874
312 1092
312 1932
313 796
313 1794
314 720
314 1291
315 554
315 995
315 1277
315 1326
315 1371
315 1725
315 1777
316 495
316 1049
316 1712
317 895
317 1892
318 828
320 975
320 1049
320 1642
320 1974
322 1874
322 1968
323 410
323 1045
323 1109
323 1898
324 1583
324 1998
325 633
325 1644
326 897
326 1019
326 1899
327 666
327 1199
327 1230
328 527
328 690
328 836
328 1049
328 1148
328 1377
328 1557
328 1761
329 604
329 862
329 1495
330 477
330 1345
330 1556
330 1698
331 734
331 1461
333 917
334 541
334 1065
334 1497
335 1135
336 1888
337 590
337 990
337 1401
337 1599
337 1780
338 816
339 628
339 886
339 1280
340 501
340 752
340 1023
340 1716
341 438
341 1548
341 1946
341 1975
342 889
343 503
345 1799
345 1884
345 1902
346 505
346 1264
346 1957
347 1544
348 836
350 377
350 549
350 1515
350 1962
351 431
352 421
352 1026
352 1545
352 1598
352 1660
352 1952
353 651
354 871
354 946
355 1138
355 1511
356 1263
356 1446
357 407
357 1183
357 1757
357 1930
358 419
358 1267
358 1739
359 1001
359 1582
359 1863
360 501
362 570
362 604
362 1477
363 1050
363 1290
364 827
364 1369
365 977
365 1202
365 1260
365 1707
366 415
366 606
366 1931
367 461
367 527
367 1608
368 1867
369 1215
369 1294
369 1587
370 655
372 411
372 969
373 509
373 1523
373 1720
374 1789
375 518
375 824
375 1092
376 757
376 1075
376 1337
376 1860
376 1865
377 736
377 1110
378 890
378 1651
379 417
381 787
381 1374
381 1536
381 1863
381 1870
382 1397
382 1952
383 1034
383 1203
384 688
384 1164
384 1512
385 1014
385 1208
385 1420
385 1882
386 1879
387 751
387 1495
387 1863
388 816
388 1499
388 1776
390 646
390 769
390 1294
390 1431
390 1432
391 1173
392 1156
392 1238
393 1001
393 1692
394 479
394 686
394 840
394 1021
394 1594
394 1992
395 440
395 889
395 1143
395 1405
396 465
396 515
397 740
397 1164
398 898
398 1573
399 686
399 1445
399 1551
400 971
400 1295
401 421
401 471
402 1629
402 1837
404 1562
404 1632
405 1767
406 786
406 911
406 942
406 1417
406 1539
406 1567
407 775
407 970
407 1879
408 824
408 1771
409 665
409 731
409 803
409 1442
410 561
410 1302
411 548
412 1274
413 471
413 949
414 975
414 1815
414 1865
415 1586
415 1828
416 600
416 792
417 657
417 1343
417 1470
418 1378
418 1661
418 1771
419 920
419 1281
419 1893
420 902
420 1672
420 1791
420 1874
421 1503
422 986
422 1148
423 435
425 1708
426 527
426 646
426 1278
427 783
427 1074
427 1183
427 1413
428 833
428 1399
428 1485
430 897
431 440
431 771
431 1647
432 700
432 887
433 1130
434 1442
434 1542
434 1962
435 581
436 913
436 1196
437 1432
438 1102
438 1485
438 1746
438 1798
438 1883
439 1652
439 1988
440 1149
441 1109
441 1542
441 1709
442 753
442 1309
442 1592
442 1690
443 754
443 1299
444 614
444 646
444 821
444 1904
445 1903
446 846
446 1586
447 1371
448 1142
448 1282
448 1714
448 1968
449 844
449 1110
449 1119
450 702
450 1530
450 1553
450 1750
451 525
451 1080
451 1573
451 1713
452 1122
452 1459
452 1708
452 1798
453 644
453 1466
454 621
454 965
455 659
455 1480
456 1189
456 1275
456 1402
457 758
457 876
457 1174
457 1829
458 1180
459 927
459 1100
459 1249
459 1845
460 636
460 774
461 841
462 1846
463 1090
463 1439
464 1622
464 1654
464 1806
465 1402
465 1744
466 850
466 1077
466 1345
467 1798
468 1462
468 1913
469 697
469 1053
469 1959
470 751
470 1211
470 1636
470 1645
471 1588
471 1686
471 1960
472 1030
472 1097
472 1303
473 524
473 910
473 1235
473 1660
473 1680
474 1229
474 1337
474 1639
475 518
475 1122
476 563
477 1083
477 1321
477 1409
477 1487
478 1759
479 747
479 766
479 1457
479 1703
480 835
480 844
480 1526
480 1931
481 854
483 624
483 744
483 973
483 1783
484 1041
485 704
485 1013
485 1986
486 1200
486 1407
486 1938
488 1094
488 1515
489 1223
489 1502
489 1811
489 1820
490 819
490 1011
492 1202
493 985
493 1410
493 1659
495 1187
495 1453
496 547
497 1294
497 1689
498 1120
498 1243
498 1555
498 1620
499 717
499 779
499 1761
499 1861
500 1230
500 1613
501 1421
501 1469
501 1492
502 1226
502 1831
503 874
503 1168
503 1674
504 1843
505 1669
506 646
506 1347
507 1846
508 901
509 1568
510 578
510 672
511 818
512 606
512 625
512 1791
512 1907
514 751
514 760
514 1575
514 1613
514 1806
514 1864
515 713
515 1118
515 1393
516 1412
517 603
517 1364
518 1165
518 1378
518 1466
519 1424
521 544
522 746
522 1111
522 1652
522 1877
523 601
524 738
525 1111
525 1160
525 1798
526 578
526 680
526 1108
526 1232
526 1366
528 647
528 955
528 1971
529 988
529 1050
529 1868
530 970
531 708
532 1215
532 1710
533 1455
533 1792
534 1840
536 968
537 826
537 1039
537 1275
537 1706
537 1992
539 1713
540 636
541 938
541 1073
541 1235
541 1647
541 1796
542 1677
543 650
543 1596
543 1950
545 637
545 653
545 1713
547 587
549 1888
550 744
550 1528
550 1688
551 1238
551 1410
551 1791
551 1987
552 840
553 758
553 1157
553 1448
553 1694
554 861
554 1096
554 1485
554 1560
555 990
555 1153
556 1441
556 1851
556 1947
557 1251
557 1908
558 941
558 1295
558 1451
558 1867
559 870
559 1323
560 642
560 771
560 871
560 1185
560 1873
561 760
561 1775
562 879
562 892
562 1705
562 1874
563 1219
563 1983
564 1183
565 889
565 984
566 941
566 1306
567 1519
567 1542
567 1823
568 1213
570 911
570 943
570 1246
570 1262
571 1494
571 1547
572 917
572 1672
573 967
573 1709
574 596
574 1283
577 785
577 853
577 1201
578 842
578 1363
578 1391
579 1531
580 1085
580 1119
580 1144
580 1538
581 657
581 918
582 725
582 759
582 1474
582 1560
582 1908
584 1493
585 966
585 1710
586 1699
587 1258
588 1124
588 1194
590 709
590 1353
590 1556
591 1201
591 1412
592 684
592 946
592 1748
593 1209
594 899
594 1134
595 947
595 1033
596 891
597 1694
597 1778
597 1848
597 1918
597 1975
597 1999
598 782
598 949
598 1968
599 1404
600 880
600 905
600 1516
601 1023
601 1327
601 1355
601 1391
601 1534
602 758
602 796
602 1642
603 1096
603 1704
603 1737
603 1812
603 1889
604 790
604 825
604 1467
604 1884
605 1325
606 1439
606 1549
607 832
607 1045
607 1367
608 734
608 1700
608 1901
609 992
609 1318
609 1435
609 1578
610 1209
610 1923
611 653
611 776
611 1047
611 1499
611 1620
611 1761
612 1101
612 1175
612 1319
612 1499
612 1663
612 1697
612 1733
613 676
613 1342
613 1603
614 1068
614 1112
614 1534
615 950
615 1327
615 1911
616 1166
617 952
617 1394
617 1778
618 1453
619 847
619 1710
620 1306
620 1571
621 855
621 1818
621 1943
621 1997
623 1354
623 1575
623 1852
624 1514
625 798
625 923
626 794
626 797
626 1764
627 984
627 1859
627 1971
628 1016
628 1379
628 1490
628 1503
628 1556
629 1383
630 632
630 697
630 1723
631 794
631 893
631 1188
632 1365
632 1380
633 894
633 936
633 1033
633 1139
633 1339
633 1717
633 1957
634 1355
634 1401
635 1525
636 779
636 1430
636 1713
637 638
637 1529
638 1142
638 1964
639 735
639 1211
639 1248
639 1872
640 891
640 1026
640 1173
641 1603
642 1069
642 1285
643 687
643 1411
643 1586
645 771
645 1021
645 1073
645 1501
645 1610
645 1674
646 776
646 1148
646 1218
646 1395
647 1114
648 810
648 1520
648 1653
649 1319
649 1641
651 1885
651 1887
651 1939
652 912
653 1504
654 1128
655 797
656 777
657 976
657 1108
657 1337
658 1635
658 1901
659 1830
659 1833
660 749
660 1662
662 805
662 810
662 1202
663 1190
663 1277
664 714
664 993
664 1239
664 1801
665 1162
666 1395
667 1387
668 893
668 1277
669 1779
669 1918
670 1202
670 1929
671 895
671 904
671 1210
671 1819
671 1827
672 783
673 1399
673 1481
673 1814
673 1912
674 1012
674 1045
674 1109
674 1510
676 1206
676 1338
677 1553
677 1807
679 1759
679 1996
680 1209
680 1888
681 1005
681 1404
682 724
682 835
683 1559
683 1751
684 807
684 980
684 1049
684 1251
684 1434
684 1456
684 1626
685 1150
685 1804
686 1199
687 1929
689 1117
689 1285
690 1021
690 1434
690 1600
691 1091
692 1999
693 880
693 1028
693 1490
694 1221
695 877
696 1793
697 1108
697 1563
697 1613
697 1768
698 1099
698 1565
701 931
701 1863
702 1294
703 1913
704 1737
705 1495
706 863
706 1362
706 1708
706 1712
707 833
707 916
707 1081
709 1315
710 994
710 1243
711 827
711 1249
712 1999
713 1243
713 1841
716 1867
717 779
717 1174
717 1239
717 1417
718 1049
718 1705
719 914
719 1400
719 1997
720 1658
721 1198
722 1213
723 990
723 1983
724 948
724 1881
725 741
725 1187
725 1689
725 1863
726 881
726 948
726 1079
726 1435
727 1105
727 1391
727 1744
728 1214
728 1703
729 739
729 1968
730 1849
732 1131
732 1639
732 1789
733 901
733 1347
733 1452
734 946
734 949
734 1235
734 1325
736 820
736 1429
736 1875
739 1371
740 1141
740 1256
740 1853
741 1173
741 1524
745 1513
745 1738
745 1847
745 1854
745 1966
746 1012
746 1886
747 1121
747 1397
748 792
748 1164
748 1167
750 1606
751 1154
751 1321
751 1707
752 1496
753 1015
753 1876
754 797
755 835
755 1190
755 1587
755 1640
756 1006
756 1329
757 1345
758 863
758 1991
759 824
760 867
760 1090
760 1352
761 844
761 903
761 1471
762 802
762 944
762 1560
762 1652
763 1272
763 1357
763 1391
763 1830
764 811
764 1004
764 1769
764 1927
765 1141
765 1221
766 778
766 1702
767 1049
767 1504
767 1948
768 1580
769 1172
769 1328
769 1691
770 856
771 1204
771 1912
772 1064
772 1975
773 1855
774 1348
775 1081
775 1206
777 1184
777 1232
777 1341
777 1886
778 1432
778 1536
778 1712
779 1077
780 1864
781 887
781 1371
781 1449
781 1739
782 1303
783 1363
784 1519
785 1495
785 1734
786 942
786 1293
786 1904
787 1320
788 963
788 1651
789 1233
789 1442
789 1624
790 1005
790 1106
791 869
791 1442
791 1864
791 1962
793 1518
794 1085
794 1120
794 1196
795 1112
795 1780
796 1443
796 1719
797 1074
797 1250
798 1008
799 1212
800 1385
800 1493
800 1585
801 1938
803 1040
803 1461
804 912
804 1040
804 1558
804 1582
805 1097
806 1517
807 1631
808 1310
808 1322
809 1207
809 1435
810 1757
811 1033
811 1074
811 1825
811 1929
812 1889
813 981
813 1474
813 1539
814 1272
814 1407
815 1000
815 1062
815 1263
815 1677
815 1765
816 1997
817 1287
817 1756
818 876
818 1530
818 1587
818 1820
819 1737
821 1985
822 1514
822 1859
822 1906
823 984
823 1335
823 1893
824 862
825 1407
825 1445
825 1448
825 1866
826 1021
826 1105
826 1759
827 1049
827 1947
828 1795
829 1012
830 988
830 1105
830 1794
831 1276
831 1652
831 1725
831 1767
832 1029
832 1610
833 890
833 1529
834 1650
834 1801
834 1903
835 1315
836 1103
837 1233
838 968
838 1380
838 1556
839 1715
839 1881
840 1343
840 1707
840 1838
841 927
841 1257
841 1715
841 1840
842 1285
842 1764
843 1841
844 1541
845 966
846 967
847 910
847 1109
847 1705
847 1918
850 988
850 1785
851 1710
853 892
853 1499
853 1685
854 1379
856 994
856 1474
857 1036
858 1189
858 1248
858 1388
858 1881
859 1943
860 1933
861 1346
862 956
863 1495
864 1762
864 1805
864 1848
864 1853
866 920
867 975
867 1649
868 1195
868 1443
869 921
870 1250
871 1935
872 1903
872 1913
873 1025
874 1803
874 1814
874 1908
875 1434
875 1749
876 965
876 1153
877 1501
878 1060
879 1221
879 1690
879 1738
879 1996
880 1880
881 1797
881 1916
882 927
882 1392
882 1725
883 890
883 1364
883 1425
883 1902
883 1964
884 1611
885 1024
885 1753
886 1361
887 902
887 1189
889 988
890 1066
890 1541
890 1655
890 1954
892 1167
892 1703
892 1897
893 1111
893 1554
893 1654
894 1461
894 1572
894 1874
895 1791
896 1283
896 1335
898 1960
899 1315
899 1339
900 934
900 1398
901 1337
901 1910
902 1281
903 1005
903 1101
903 1554
905 1933
906 984
906 1831
906 1938
907 1645
907 1817
908 1152
908 1160
908 1744
909 1496
910 1730
912 1348
912 1664
913 1690
914 1676
915 1085
915 1909
917 1442
918 1660
920 1052
920 1197
920 1445
921 1030
921 1201
922 1159
924 1619
926 1886
926 1898
927 1279
927 1329
927 1594
927 1814
929 1217
929 1332
929 1691
930 1799
931 958
931 1156
931 1710
931 1972
935 1022
935 1995
936 1126
936 1301
938 1639
938 1644
938 1808
940 1152
940 1297
940 1828
941 1228
941 1726
941 1855
944 979
944 1145
944 1393
945 1134
945 1688
945 1834
946 1473
946 1639
946 1649
948 1847
949 1760
950 1922
951 1065
952 1566
952 1797
952 1804
953 1652
955 1121
955 1840
957 1614
958 1255
958 1864
958 1902
959 966
959 1455
960 1059
960 1733
961 1533
961 1562
962 1296
963 1803
964 1042
966 1637
968 1061
968 1387
969 1307
969 1616
969 1718
971 978
971 1131
972 1617
972 1663
972 1977
976 1044
976 1257
976 1439
977 1276
977 1310
977 1662
977 1899
978 1337
979 1419
979 1841
979 1970
980 1069
980 1819
981 1425
981 1490
981 1494
982 1035
983 1080
983 1450
984 1283
984 1970
985 1190
985 1233
985 1518
986 1050
986 1064
986 1873
987 1312
988 1230
988 1630
989 1796
990 1929
991 1644
991 1650
991 1959
992 1363
992 1760
993 1099
993 1448
995 1180
995 1568
995 1999
998 1268
998 1328
998 1608
999 1146
999 1323
1001 1114
1002 1988
1003 1567
1003 1814
1004 1419
1005 1024
1005 1736
1006 1370
1006 1984
1007 1046
1007 1898
1008 1955
1010 1862
1011 1340
1013 1733
1013 1912
1014 1252
1015 1794
1016 1185
1016 1689
1016 1770
1017 1089
1017 1295
1017 1625
1017 1819
1017 1980
1017 1990
1019 1285
1019 1458
1019 1613
1020 1032
1020 1585
1022 1456
1022 1539
1022 1778
1023 1056
1023 1688
1025 1427
1025 1543
1025 1712
1025 1873
1027 1086
1027 1614
1028 1360
1029 1780
1031 1882
1032 1526
1035 1500
1037 1122
1037 1889
1040 1705
1041 1322
1041 1474
1041 1590
1042 1550
1042 1697
1042 1885
1043 1498
1043 1514
1044 1504
1045 1125
1045 1800
1045 1837
1046 1435
1046 1589
1047 1135
1047 1658
1047 1871
1049 1491
1049 1766
1051 1211
1051 1500
1052 1440
1052 1749
1052 1765
1053 1257
1054 1697
1055 1117
1055 1534
1055 1585
1056 1135
1057 1743
1058 1522
1059 1102
1060 1440
1060 1545
1061 1064
1061 1174
1061 1270
1062 1164
1062 1665
1062 1932
1063 1911
1064 1155
1064 1519
1064 1697
1064 1755
1064 1866
1064 1967
1065 1137
1066 1554
1067 1749
1069 1264
1070 1097
1071 1095
1071 1830
1072 1125
1072 1925
1074 1954
1074 1995
1075 1881
1076 1447
1076 1725
1077 1978
1078 1307
1078 1426
1078 1790
1079 1971
1080 1573
1082 1304
1083 1138
1083 1511
1083 1534
1083 1603
1084 1665
1084 1868
1085 1904
1086 1835
1086 1943
1087 1130
1087 1296
1091 1191
1091 1345
1091 1953
1093 1210
1093 1427
1093 1686
1094 1816
1095 1380
1095 1895
1096 1346
1096 1478
1097 1538
1098 1210
1098 1632
1098 1857
1099 1454
1099 1979
1100 1312
1101 1617
1102 1863
1104 1534
1104 1637
1105 1781
1106 1985
1108 1316
1108 1711
1109 1285
1110 1266
1110 1269
1110 1348
1112 1323
1114 1205
1115 1786
1116 1832
1116 1877
1119 1512
1119 1825
1120 1971
1121 1208
1121 1742
1123 1209
1123 1401
1124 1466
1124 1478
1125 1129
1125 1833
1127 1201
1127 1400
1127 1701
1131 1622
1131 1644
1131 1817
1131 1865
1132 1337
1132 1885
1133 1175
1133 1263
1134 1225
1134 1280
1134 1365
1134 1513
1134 1806
1135 1367
1135 1583
1135 1705
1136 1476
1136 1562
1137 1652
1138 1985
1139 1483
1140 1231
1140 1433
1140 1723
1142 1825
1143 1848
1144 1353
1145 1650
1146 1763
1147 1659
1148 1410
1148 1830
1149 1630
1149 1669
1149 1750
1150 1439
1152 1742
1155 1405
1157 1308
1157 1404
1157 1542
1157 1592
1157 1663
1158 1371
1158 1605
1158 1649
1158 1733
1159 1186
1159 1328
1159 1735
1160 1633
1160 1678
1162 1451
1162 1867
1163 1886
1164 1419
1166 1934
1167 1412
1167 1771
1167 1780
1169 1331
1169 1626
1170 1992
1171 1216
1172 1961
1173 1195
1174 1420
1175 1278
1175 1498
1175 1585
1177 1833
1182 1273
1182 1684
1183 1729
1183 1786
1184 1529
1184 1906
1185 1535
1186 1889
1187 1219
1187 1694
1189 1639
1190 1371
1191 1540
1192 1261
1192 1905
1194 1547
1197 1249
1198 1480
1198 1615
1199 1855
1200 1219
1200 1436
1201 1558
1204 1712
1206 1390
1206 1625
1206 1938
1207 1645
1208 1311
1208 1582
1210 1700
1210 1937
1211 1360
1212 1233
1213 1373
1213 1667
1213 1731
1216 1361
1217 1744
1218 1270
1218 1413
1221 1385
1221 1599
1224 1718
1225 1369
1228 1477
1229 1402
1229 1662
1230 1654
1231 1325
1231 1390
1233 1975
1234 1603
1234 1736
1237 1959
1239 1646
1239 1842
1240 1451
1243 1540
1245 1282
1246 1414
1246 1641
1247 1318
1247 1684
1247 1921
1248 1346
1248 1503
1249 1699
1249 1733
1250 1391
1250 1599
1251 1661
1251 1808
1252 1761
1253 1953
1254 1316
1254 1425
1254 1812
1255 1311
1255 1606
1255 1622
1256 1443
1256 1575
1256 1624
1258 1932
1264 1362
1264 1428
1265 1844
1266 1488
1269 1560
1269 1776
1270 1353
1270 1892
1271 1768
1273 1477
1273 1573
1276 1938
1279 1385
1279 1907
1280 1340
1280 1561
1280 1601
1281 1754
1282 1705
1284 1667
1285 1509
1287 1476
1287 1960
1288 1858
1289 1774
1291 1328
1291 1397
1293 1311
1293 1327
1294 1394
1294 1523
1294 1580
1295 1490
1296 1809
1296 1962
1297 1917
1298 1553
1299 1371
1300 1522
1300 1895
1302 1893
1302 1895
1302 1922
1303 1483
1303 1561
1304 1597
1305 1613
1305 1791
1306 1889
1308 1809
1309 1739
1310 1670
1311 1639
1312 1587
1313 1431
1315 1553
1315 1579
1315 1710
1316 1419
1317 1964
1318 1739
1319 1342
1319 1863
1320 1564
1320 1916
1321 1460
1321 1836
1322 1917
1323 1541
1324 1549
1325 1838
1326 1609
1326 1818
1326 1873
1327 1640
1329 1778
1330 1792
1331 1729
1331 1907
1332 1590
1334 1989
1335 1456
1335 1469
1335 1759
1335 1840
1336 1839
1336 1977
1338 1475
1338 1964
1341 1992
1343 1408
1343 1534
1343 1658
1343 1699
1343 1944
1350 1631
1352 1511
1353 1383
1353 1928
1354 1390
1354 1907
1356 1460
1360 1664
1360 1839
1361 1607
1364 1588
1368 1583
1369 1663
1369 1788
1370 1612
1376 1940
1377 1450
1377 1800
1378 1915
1381 1700
1382 1526
1383 1515
1383 1799
1383 1970
1383 1978
1384 1548
1384 1721
1384 1772
1386 1974
1388 1434
1388 1610
1389 1439
1389 1625
1392 1427
1392 1834
1393 1822
1397 1886
1397 1959
1397 1981
1398 1715
1399 1475
1400 1658
1400 1773
1401 1865
1408 1968
1410 1978
1411 1727
1413 1829
1413 1991
1414 1618
1414 1843
1416 1877
1420 1653
1421 1508
1421 1898
1422 1716
1423 1963
1424 1834
1424 1861
1427 1613
1429 1458
1429 1844
1430 1958
1432 1565
1432 1834
1433 1935
1436 1739
1436 1873
1438 1976
1439 1528
1440 1901
1440 1967
1441 1453
1441 1482
1441 1633
1442 1459
1442 1541
1442 1569
1442 1670
1444 1493
1444 1801
1445 1695
1448 1512
1449 1482
1450 1697
1451 1975
1452 1583
1453 1518
1454 1916
1455 1732
1457 1709
1460 1642
1461 1782
1462 1486
1462 1892
1463 1548
1463 1938
1464 1839
1465 1502
1469 1497
1469 1726
1469 1875
1470 1894
1472 1658
1473 1541
1473 1562
1473 1710
1473 1789
1475 1585
1475 1989
1476 1549
1476 1555
1476 1838
1476 1936
1476 1941
1477 1494
1477 1990
1479 1619
1481 1782
1483 1551
1483 1827
1484 1609
1485 1901
1488 1523
1489 1540
1489 1955
1490 1921
1491 1521
1492 1525
1492 1556
1492 1568
1493 1660
1496 1707
1497 1536
1497 1938
1498 1647
1499 1667
1502 1893
1504 1534
1504 1735
1505 1888
1508 1839
1509 1702
1512 1691
1512 1904
1513 1871
1514 1613
1519 1522
1519 1537
1519 1987
1520 1665
1524 1767
1528 1955
1529 1807
1530 1594
1532 1547
1532 1796
1534 1866
1534 1972
1536 1878
1537 1938
1540 1604
1547 1563
1549 1967
1550 1896
1550 1902
1550 1943
1553 1613
1558 1974
1559 1724
1561 1900
1562 1732
1562 1952
1566 1716
1567 1961
1568 1721
1568 1808
1569 1739
1569 1775
1570 1686
1571 1676
1572 1721
1572 1794
1572 1882
1577 1842
1578 1671
1580 1653
1586 1985
1587 1659
1588 1674
1596 1881
1598 1599
1600 1757
1600 1916
1601 1625
1602 1741
1602 1901
1602 1955
1608 1780
1608 1900
1609 1731
1611 1823
1612 1665
1612 1701
1617 1781
1618 1693
1619 1632
1621 1945
1622 1785
1624 1941
1625 1832
1629 1931
1630 1978
1631 1704
1631 1761
1631 1771
1631 1817
1632 1654
1632 1984
1633 1704
1633 1775
1638 1956
1641 1916
1643 1644
1645 1650
1645 1820
1652 1664
1656 1788
1657 1884
1660 1663
1661 1816
1664 1790
1667 1881
1669 1984
1671 1901
1671 1927
1675 1815
1675 1847
1683 1726
1686 1840
1689 1836
1689 1906
1692 1772
1694 1846
1696 1697
1697 1942
1698 1704
1700 1777
1700 1916
1700 1934
1701 1722
1703 1757
1707 1905
1707 1989
1712 1714
1712 1990
1723 1739
1723 1938
1724 1806
1725 1923
1727 1773
1727 1932
1728 1881
1729 1915
1730 1946
1750 1787
1750 1848
1750 1941
1753 1914
1756 1805
1758 1943
1763 1922
1767 1847
1767 1934
1768 1984
1769 1806
1769 1823
1770 1968
1776 1830
1779 1989
1784 1986
1789 1902
1793 1960
1811 1842
1813 1918
1819 1914
1822 1991
1823 1879
1840 1859
1843 1849
1844 1896
1850 1985
1853 1897
1859 1903
1861 1968
1870 1873
1882 1926
1890 1913
1890 1925
1895 1935
1898 1909
1911 1912
1919 1956
1949 1952
1956 1999
