2000 2894
23
58
42
65
33
12
2
13
20
23
73
42
75
2
46
9
21
55
93
15
6
84
63
71
89
4
61
75
3
100
35
38
85
11
84
80
44
10
58
30
47
52
97
60
30
29
85
95
3
45
57
59
61
16
66
28
92
10
61
85
60
69
86
83
80
87
65
48
23
100
93
4
69
29
27
20
65
91
35
74
76
94
79
28
35
100
58
74
90
82
18
10
4
46
14
54
70
33
88
15
65
37
89
38
87
88
10
85
53
57
93
70
43
18
75
86
15
79
27
58
42
47
95
22
97
42
28
3
76
74
34
87
98
51
18
31
72
12
39
1
47
15
33
21
95
6
20
36
30
40
82
65
7
45
49
39
71
51
51
35
13
44
2
4
8
44
45
48
21
93
76
40
78
24
17
27
83
57
27
23
39
43
79
34
86
35
77
71
58
29
6
39
29
17
75
2
38
4
89
60
20
19
34
58
74
9
7
41
53
30
54
12
84
48
55
1
33
57
88
39
34
81
62
87
28
23
10
69
76
95
20
80
40
2
99
19
30
73
14
77
13
28
8
20
35
74
46
79
89
87
40
99
23
2
14
35
34
58
43
99
70
24
19
18
86
23
4
88
58
50
51
18
69
10
71
17
37
4
47
93
74
52
61
69
1
13
73
80
9
14
27
81
78
35
19
20
37
2
60
62
87
8
4
55
73
76
9
34
84
15
26
9
66
8
8
89
25
84
82
80
73
16
44
1
94
72
64
93
70
46
26
71
54
65
89
43
22
36
94
54
25
84
73
58
62
62
45
16
48
58
1
99
45
63
18
89
36
79
41
20
68
19
7
20
16
27
53
88
35
96
98
92
42
57
57
56
41
18
4
35
73
58
34
72
83
79
32
18
40
54
90
88
67
94
57
89
77
90
8
12
47
93
97
71
18
39
85
54
35
100
87
3
27
7
45
92
59
4
58
58
59
42
72
67
26
12
98
70
29
14
52
83
8
8
44
90
80
92
26
84
9
67
65
58
88
85
20
1
91
12
7
23
28
34
87
51
52
51
27
72
37
26
27
73
33
30
85
40
43
3
26
9
82
3
32
18
73
6
81
44
65
41
14
26
24
28
31
40
98
16
65
22
83
9
65
81
72
92
57
13
9
21
63
4
61
69
85
99
93
31
92
43
43
95
9
90
4
31
2
8
28
87
54
67
66
14
53
60
29
53
35
44
47
15
84
37
19
32
100
55
54
44
8
5
69
88
4
58
20
13
96
6
21
18
7
96
57
55
78
29
73
56
37
100
94
23
48
87
4
71
30
19
76
80
27
49
3
20
34
74
42
28
6
39
23
67
72
15
79
83
65
69
85
23
58
5
95
62
61
22
26
16
42
60
54
50
5
26
74
21
92
29
57
61
17
57
98
86
66
17
84
20
98
9
7
78
27
19
40
62
2
27
41
62
52
29
64
67
100
3
51
76
63
83
2
8
52
94
18
52
21
85
100
91
56
24
89
60
91
97
54
59
23
84
44
39
80
62
4
57
32
59
24
4
2
24
69
1
73
58
68
89
69
96
3
100
73
42
13
61
10
44
82
43
18
60
2
60
19
57
55
97
48
21
50
67
50
84
82
21
14
1
99
59
44
5
92
11
32
52
72
22
36
2
21
15
87
24
14
10
76
52
17
84
14
15
36
66
65
32
4
73
4
44
53
80
18
98
15
6
29
75
32
16
53
46
76
34
24
87
10
14
3
96
89
13
91
52
30
65
40
61
1
37
64
22
88
41
28
91
18
19
40
50
16
53
93
55
76
98
7
42
86
90
37
33
50
41
93
31
94
72
62
95
48
42
41
10
52
25
44
24
64
78
64
3
21
73
20
44
7
62
48
84
8
47
6
22
68
18
68
56
33
99
39
52
96
75
52
39
86
11
34
17
21
15
31
49
84
53
92
64
44
21
5
18
6
14
65
53
32
54
44
66
94
26
39
25
29
83
6
45
99
20
2
73
87
74
78
23
33
36
98
45
34
74
53
45
91
78
90
6
95
9
54
60
6
85
43
90
99
46
46
35
4
75
67
54
98
80
42
34
4
29
93
9
95
20
76
100
75
21
32
13
59
54
90
74
27
51
42
67
73
79
49
38
75
70
45
8
4
10
80
1
47
52
6
99
43
72
47
9
17
7
85
9
17
65
16
88
9
32
45
80
21
50
14
46
29
22
40
74
40
23
54
30
36
91
81
6
76
58
20
79
37
3
80
16
80
60
14
47
84
86
85
27
11
19
29
88
80
29
46
70
95
28
73
58
76
23
21
87
97
93
31
12
45
91
48
72
64
73
35
12
90
6
79
5
13
47
3
95
80
2
38
46
34
62
24
25
23
28
24
71
2
16
34
58
8
86
84
58
12
86
27
71
9
77
42
58
2
14
58
26
24
95
41
81
45
96
63
69
55
59
25
87
84
59
75
64
21
47
63
94
61
41
32
96
16
85
25
45
68
80
23
88
91
7
31
67
13
49
90
22
93
97
58
19
16
58
68
55
56
89
91
40
65
1
49
56
40
20
67
70
63
42
5
19
18
65
73
4
33
47
40
1
69
89
36
91
45
54
82
28
40
77
61
37
41
83
6
13
69
3
6
38
60
74
83
37
20
30
78
25
27
93
35
99
65
36
7
75
4
27
30
96
31
49
40
67
5
98
94
29
94
58
57
47
73
56
14
82
50
62
71
69
69
68
76
3
38
39
84
56
67
85
33
88
37
46
17
54
9
69
11
34
43
96
41
51
62
21
20
19
18
65
8
6
79
46
16
3
83
39
65
23
63
80
7
97
92
3
54
40
76
7
40
85
14
28
23
19
95
42
15
31
40
77
57
76
93
63
3
90
50
37
98
51
76
6
22
63
12
77
72
95
17
29
48
46
56
27
84
19
66
25
93
21
84
51
31
72
73
91
10
57
2
40
1
78
16
42
32
26
69
45
56
4
47
27
24
27
93
55
63
95
83
33
60
11
50
29
83
66
52
80
49
66
28
56
27
91
43
14
16
79
38
42
35
3
82
21
69
39
88
78
37
68
6
1
86
77
3
42
15
28
94
55
4
97
60
9
51
49
69
29
70
99
85
26
46
23
69
11
95
47
99
20
59
82
26
58
63
67
96
82
52
30
39
97
98
29
62
1
23
25
44
81
85
32
12
62
8
7
64
87
46
57
44
58
80
30
84
77
25
91
72
62
47
92
86
47
42
93
90
38
19
39
3
4
82
67
68
15
74
16
47
67
93
20
19
83
65
54
46
78
46
64
24
11
14
92
51
53
82
56
46
68
16
30
25
66
23
81
48
49
5
65
52
67
13
5
8
96
74
34
41
90
66
52
61
9
67
11
26
19
19
97
23
99
41
89
31
14
76
66
59
41
10
37
84
65
91
59
85
80
99
10
5
11
55
42
3
74
61
75
15
90
49
56
73
100
82
81
48
33
17
85
43
58
80
41
78
82
6
61
5
89
32
15
66
40
82
18
66
98
51
68
30
6
39
19
19
52
86
79
18
71
8
44
91
100
4
15
40
55
38
85
22
94
1
65
33
32
59
98
49
97
71
37
52
80
30
66
31
24
46
93
16
52
75
38
76
71
77
4
78
16
93
85
35
41
66
1
50
77
84
83
98
57
93
83
45
50
77
27
66
7
98
47
50
99
53
77
54
63
60
52
65
50
76
60
100
12
66
70
27
79
60
58
58
94
59
64
38
20
68
67
49
50
95
7
7
77
70
91
25
80
39
6
49
79
90
38
38
76
24
100
20
73
66
22
22
18
97
30
86
58
6
58
33
86
54
55
88
56
34
38
98
60
10
38
33
18
100
1
18
100
91
44
91
55
20
74
51
88
96
53
88
20
42
88
30
36
35
89
41
84
75
85
44
15
13
29
88
88
17
85
36
34
91
74
70
76
82
54
9
65
7
63
26
34
90
21
29
35
3
47
26
47
50
89
51
25
73
73
19
16
39
35
42
32
23
40
30
12
58
41
17
14
75
39
37
14
35
57
75
6
70
62
28
57
48
100
25
36
96
20
16
65
15
25
94
59
18
11
36
31
98
77
38
20
31
2
41
58
94
68
5
5
10
80
32
36
52
1
20
58
1
97
3
84
91
4
77
25
86
96
89
87
10
71
92
81
84
92
85
13
58
81
59
58
67
21
42
55
69
24
85
58
54
47
14
34
12
100
49
43
24
93
61
68
57
37
34
95
75
74
65
38
55
73
33
86
65
62
1
57
95
89
7
99
25
72
71
91
87
73
97
34
61
16
83
1
12
1
36
91
23
40
29
85
79
92
1
62
99
73
1
7
54
7
6
72
12
47
31
11
88
94
17
62
85
98
36
63
24
51
70
67
72
98
6
91
75
14
12
26
67
70
18
24
21
60
76
86
53
55
37
49
31
78
55
14
66
72
33
72
7
46
40
10
96
5
94
11
83
55
18
66
37
93
92
87
38
48
16
50
76
9
39
96
95
71
61
79
6
67
46
45
38
85
38
40
51
60
27
13
27
91
1 389
1 1526
2 327
3 508
3 878
3 991
3 1216
4 639
4 1144
4 1305
4 1742
5 1870
6 368
6 465
6 513
6 525
6 681
6 821
6 919
6 1316
6 1671
6 1718
7 402
7 518
7 1752
8 64
8 67
8 816
8 1233
8 1784
9 1143
9 1376
9 1473
10 11
10 1337
10 1825
11 816
11 1564
11 1776
11 1896
11 1983
12 191
12 536
12 1720
13 113
13 406
13 1477
13 1491
14 574
14 763
14 1444
14 1792
15 249
15 1332
15 1690
16 539
16 744
16 755
16 879
16 1773
17 536
17 1485
17 1703
18 711
18 1975
19 573
19 1583
20 150
20 167
20 641
20 822
20 1527
20 1938
21 144
21 832
21 867
21 1091
21 1108
23 47
23 133
23 707
23 1867
24 356
24 366
24 1424
25 429
25 562
25 878
25 896
25 1530
26 1552
27 842
27 1362
28 145
28 185
28 276
28 306
28 639
28 673
28 1083
28 1120
28 1985
29 896
29 1966
30 238
30 1159
30 1858
30 1898
31 325
31 1796
32 267
32 771
33 382
33 501
33 639
33 920
33 1500
33 1837
33 1978
34 1527
34 1756
34 1791
35 1108
36 1302
38 128
38 323
38 796
38 880
38 1137
38 1260
39 504
39 635
39 758
39 1747
39 1889
40 710
40 1431
41 869
41 1443
42 644
43 67
43 162
43 469
43 1047
44 482
44 484
44 683
44 1429
45 249
45 1173
46 651
47 1386
47 1602
48 148
48 971
48 1523
48 1728
48 1845
48 1970
49 276
49 420
49 1047
49 1300
49 1476
49 1527
49 1569
50 927
51 73
51 494
52 285
52 375
52 776
52 934
52 1189
52 1571
54 851
54 1622
54 1884
55 252
55 861
55 1523
56 865
57 1213
57 1258
57 1834
58 533
58 1014
58 1481
59 441
59 462
59 957
59 1995
60 137
60 1487
61 150
61 855
61 1892
62 89
62 249
62 1682
62 1826
62 1929
63 94
63 646
63 1406
63 1443
63 1717
64 175
64 1399
65 351
65 1148
65 1192
66 779
66 1284
67 77
67 536
67 765
67 1313
67 1842
68 550
68 569
68 977
69 952
69 1395
69 1679
70 600
70 948
70 1211
70 1356
71 1124
72 1338
73 478
73 1444
73 1682
74 368
74 1292
75 1671
75 1963
76 231
76 1104
76 1230
76 1566
76 1922
77 666
77 1918
78 1337
79 80
79 340
79 425
79 516
79 1314
79 1489
80 201
80 533
80 1154
80 1615
81 281
81 807
81 1968
82 824
82 883
82 1776
83 943
83 1169
83 1289
84 532
84 878
84 1773
85 99
85 122
85 248
85 620
85 1576
86 1867
87 1988
88 1103
88 1596
89 484
89 1231
90 214
90 247
90 853
91 783
91 1361
92 1219
92 1719
92 1841
93 536
93 1023
94 352
94 1210
95 745
96 1026
96 1069
96 1089
96 1345
97 511
97 668
97 817
97 1282
98 1186
98 1274
98 1346
99 450
99 684
99 1393
100 106
100 423
100 808
100 1588
101 339
102 1885
103 192
103 769
103 1377
103 1810
103 1981
104 110
104 831
104 1356
104 1415
105 417
105 465
105 1125
105 1511
106 149
106 405
106 1769
106 1948
107 1287
107 1880
108 833
108 1165
108 1867
109 905
109 1209
109 1901
109 1975
110 182
110 561
110 582
110 1083
110 1112
110 1242
110 1569
110 1808
111 1136
112 1178
112 1316
113 366
113 863
113 1159
115 1015
115 1624
116 195
116 1304
116 1591
117 684
117 1235
118 717
118 1887
119 127
119 482
119 624
120 555
120 1596
121 403
121 724
121 905
121 1316
121 1549
121 1637
122 784
122 1132
122 1834
123 1439
123 1788
124 1880
125 392
125 543
125 566
126 288
126 698
126 1613
126 1890
126 1897
127 163
127 175
127 367
127 1144
127 1593
128 1180
128 1290
128 1948
129 202
129 1261
129 1583
130 132
130 347
130 818
130 885
130 1230
130 1717
131 302
131 1075
133 1821
133 1867
133 1901
134 506
135 155
135 940
135 1351
136 153
136 290
136 317
136 718
136 725
136 879
136 1923
137 393
137 1270
137 1612
138 263
138 731
138 1406
138 1475
138 1653
138 1721
139 229
139 475
140 778
140 1010
140 1220
140 1236
140 1657
140 1667
141 267
141 435
141 772
141 899
141 1057
141 1122
141 1433
141 1562
141 1625
141 1885
142 322
142 1598
142 1757
143 145
143 209
143 338
144 216
144 250
144 1901
145 238
145 1278
146 1161
146 1667
147 166
147 279
147 287
147 1000
147 1357
147 1542
148 201
148 620
148 685
148 715
148 1427
149 829
149 862
149 1056
149 1252
150 552
150 565
150 743
150 771
150 1536
150 1559
151 495
151 1123
151 1354
151 1810
152 555
153 1251
153 1283
153 1767
154 1261
154 1699
154 1845
155 1038
155 1986
156 476
156 969
156 1200
156 1263
156 1363
157 223
157 1566
158 384
158 560
158 665
158 841
159 613
159 621
160 379
161 187
161 203
161 1359
162 831
162 1485
162 1792
162 1925
162 1955
163 1309
163 1698
163 1799
164 1542
164 1693
165 205
165 906
166 1423
167 842
167 891
168 338
169 387
170 1112
170 1706
170 1892
171 592
171 1125
171 1779
172 422
172 572
172 1042
173 418
174 849
174 1167
174 1604
174 1647
175 467
175 555
175 1018
175 1858
176 522
176 594
176 1397
176 1544
177 209
177 535
177 702
177 934
177 1484
178 499
179 399
179 846
179 1386
180 1763
180 1974
181 336
181 826
181 1507
182 533
182 1204
183 1997
184 313
184 533
184 809
184 945
184 1470
185 273
185 504
185 1350
185 1595
186 821
186 873
186 874
186 1176
186 1186
186 1228
186 1486
187 773
187 1727
187 1857
188 456
188 479
188 813
188 1131
188 1728
189 575
189 1208
189 1735
190 1800
190 1978
191 1471
192 1026
192 1291
193 1256
193 1768
194 673
194 906
194 1592
195 428
195 920
195 1679
195 1806
196 740
196 972
196 1714
196 1907
196 1961
196 1999
197 713
197 1395
197 1884
198 325
198 590
198 942
198 1756
199 392
199 632
199 1448
199 1883
200 1042
201 603
201 1982
202 780
203 411
203 620
203 1258
203 1301
204 1027
204 1051
204 1311
204 1811
205 1147
205 1291
205 1314
205 1792
206 1191
206 1376
207 925
208 308
208 404
208 904
208 1204
208 1945
209 907
209 1233
209 1253
209 1415
210 253
210 577
210 839
210 1825
211 295
211 453
212 215
212 1964
213 403
213 808
214 625
214 1127
214 1136
214 1932
215 381
215 1654
215 1907
216 658
217 1798
218 509
218 570
218 1567
218 1585
219 719
219 1451
219 1775
219 1808
220 234
221 1396
222 1141
223 1343
223 1865
224 1398
225 339
225 802
225 1255
225 1636
226 317
226 1195
226 1652
226 1928
227 491
227 1459
227 1712
228 1042
228 1266
229 1022
229 1217
229 1340
229 1568
229 1763
230 1252
230 1728
230 1762
232 845
232 1821
234 375
234 1085
234 1298
235 1147
235 1196
235 1374
235 1436
235 1808
235 1997
236 609
236 911
237 252
237 763
237 868
237 1668
237 1869
238 424
238 537
238 560
239 505
239 1073
239 1675
240 415
240 675
240 700
240 984
240 1603
240 1979
242 810
242 1104
242 1193
242 1294
243 781
243 1522
246 593
246 608
246 1121
246 1922
247 787
247 1385
248 887
248 1387
248 1731
250 887
251 854
252 761
252 1721
253 1188
253 1359
253 1643
253 1664
254 1348
254 1519
255 492
255 1245
256 882
256 1829
258 506
258 615
258 778
258 926
258 1489
258 1729
258 1981
259 337
259 1681
260 1342
260 1703
261 1153
261 1982
262 1284
263 515
263 1495
264 449
264 1402
264 1601
265 1314
266 578
266 895
267 1435
268 1242
269 332
269 336
269 621
269 917
269 975
269 1293
269 1827
270 610
270 956
271 670
271 1110
271 1140
272 365
272 507
272 1104
273 1010
273 1064
273 1863
274 397
274 505
274 1125
274 1209
274 1317
274 1656
275 722
275 1404
275 1536
275 1621
275 1710
278 295
278 983
278 1223
278 1361
278 1901
279 377
279 593
279 1076
279 1119
280 409
280 612
280 676
280 1587
281 671
281 882
281 993
281 1227
281 1756
282 1518
283 367
283 1180
285 1332
285 1683
285 1802
285 1990
286 1127
286 1190
287 701
287 791
287 1602
288 1849
289 437
289 1203
289 1940
290 362
290 1384
290 1747
291 820
291 1502
292 485
292 632
292 802
292 1361
293 945
294 892
294 904
294 1968
295 440
295 682
295 1486
296 767
296 1159
297 1357
297 1367
297 1551
298 1763
298 1964
299 467
299 1182
300 662
300 1277
301 786
301 952
301 1099
302 591
302 660
302 1282
303 467
303 730
303 991
304 627
304 1598
305 1494
306 1236
306 1245
307 862
307 890
307 927
308 1977
309 679
309 1685
309 1968
310 317
310 812
310 1834
311 668
311 966
311 1913
311 1934
312 599
312 628
312 993
312 1162
312 1317
312 1419
312 1766
312 1940
313 543
313 1577
314 616
314 1725
315 843
315 1231
316 663
316 1656
317 873
317 1285
317 1412
318 546
318 946
318 1499
319 667
319 809
319 1547
319 1607
320 492
320 1309
320 1370
321 893
321 1140
321 1623
322 335
322 514
322 718
322 899
322 1658
322 1684
322 1718
323 1845
324 662
325 490
325 1416
325 1528
326 635
326 1944
327 1979
328 1136
328 1235
329 431
329 719
329 1049
329 1394
329 1550
329 1750
330 660
330 899
330 1826
331 866
332 1746
333 347
334 961
334 1760
334 1996
335 683
335 1483
336 381
336 543
336 830
336 1556
337 373
337 861
338 1748
339 1957
340 640
340 1363
340 1600
340 1650
342 1103
342 1840
344 1086
346 1697
347 773
347 1323
348 500
348 944
348 1171
348 1385
348 1761
348 1765
348 1860
348 1953
349 1000
349 1932
350 1220
352 759
352 1084
353 619
353 1479
353 1626
353 1935
354 833
354 1718
354 1835
354 1855
356 388
356 1524
356 1977
357 445
358 1101
359 478
359 815
359 1407
359 1925
360 404
360 918
361 605
361 899
361 1440
361 1908
362 486
363 631
363 1401
363 1850
364 537
364 570
365 377
365 559
365 913
365 1394
366 1377
366 1773
367 918
367 1436
367 1663
367 1786
368 613
368 1837
370 1392
371 1397
372 529
372 1867
373 522
373 1054
373 1586
373 1782
374 821
374 996
374 1653
375 889
375 1407
376 502
376 690
376 842
376 1406
377 933
377 1028
377 1906
378 1584
378 1624
379 1246
379 1816
380 804
380 906
380 1381
381 503
381 1676
383 1017
383 1568
383 1738
383 1898
384 764
384 897
384 988
384 1914
385 1167
386 1632
386 1926
388 700
389 555
389 773
389 1759
389 1910
390 444
390 1067
390 1167
390 1843
391 596
391 1465
391 1758
392 925
392 1324
393 452
394 737
394 1223
395 1051
395 1194
395 1903
396 1111
396 1691
398 471
400 591
400 1054
401 886
402 737
402 824
403 635
403 1104
403 1898
404 1068
404 1971
405 800
405 1036
405 1437
406 1508
407 1615
407 1752
408 1197
408 1599
409 770
409 908
409 1318
409 1674
410 1084
410 1103
410 1147
411 701
412 868
412 947
412 1544
414 694
414 747
414 1057
414 1066
414 1380
414 1572
414 1778
414 1807
415 658
415 860
416 461
416 723
416 1907
417 593
417 812
418 609
419 773
420 865
420 1912
421 1383
422 1181
423 549
423 967
423 1283
423 1886
424 1359
424 1981
425 971
425 1325
426 970
426 1371
426 1745
426 1897
427 464
427 584
428 696
429 610
429 612
429 1055
429 1180
429 1548
429 1583
429 1940
430 914
431 1797
431 1972
432 1741
432 1809
432 1919
433 1660
433 1942
434 1177
434 1598
434 1871
435 665
435 898
435 1030
436 1318
436 1932
437 981
437 1353
437 1568
438 504
438 731
438 1706
438 1745
439 674
439 936
439 1102
439 1672
440 1175
442 702
442 1005
442 1359
443 790
444 981
444 1020
444 1448
445 883
445 1727
446 1165
446 1330
446 1601
447 1140
447 1331
447 1947
449 1498
449 1955
450 527
450 1500
450 1535
451 1254
451 1638
451 1879
453 981
454 1915
454 1942
456 1125
457 1440
458 1630
458 1843
459 750
459 1733
459 1803
460 671
460 1963
461 1174
462 515
462 578
462 1089
464 1671
464 1795
466 1114
466 1804
466 1987
467 942
467 1143
467 1267
468 1088
469 927
470 522
471 1554
471 1746
471 1979
472 728
472 1016
472 1197
473 1760
473 1934
474 941
474 1330
474 1923
475 1165
476 854
476 975
476 1526
476 1856
477 677
477 1072
478 1590
478 1617
478 1960
479 642
479 870
480 1629
481 844
482 1521
482 1598
484 723
484 1036
484 1309
485 753
486 891
486 1316
487 656
487 902
487 1444
488 1372
488 1803
488 1900
489 703
489 1063
489 1783
490 531
490 1451
490 1543
490 1664
490 1864
491 656
491 804
491 1150
492 587
492 1300
492 1702
493 1564
493 1626
493 1831
494 979
495 1248
496 583
496 948
496 1472
496 1983
498 1821
499 1201
500 1832
502 1247
502 1277
503 1488
503 1835
504 825
504 905
504 1772
504 1992
505 859
505 1665
506 1945
507 749
507 1660
508 1287
508 1468
508 1669
509 882
509 950
509 1153
511 1372
511 1882
512 710
512 1036
514 522
514 1906
515 1126
516 1966
517 590
517 1447
518 994
520 1282
520 1299
522 1096
522 1775
523 1388
523 1591
524 1036
525 1561
526 1118
526 1971
527 597
527 1581
528 1906
529 793
529 1260
529 1449
530 531
530 737
531 655
531 953
531 1380
532 1028
532 1260
532 1687
533 1889
534 947
534 1903
535 1206
535 1699
536 563
536 1923
537 1153
538 1688
538 1843
539 1195
540 956
540 1887
541 1314
542 753
542 938
542 1454
542 1740
543 1813
544 796
544 1729
545 928
545 1533
545 1732
547 885
547 1822
548 1650
548 1717
549 1125
549 1230
549 1948
550 1679
551 689
551 1407
551 1833
554 1946
555 1545
555 1789
556 752
556 945
556 1218
556 1416
557 626
557 1270
557 1455
558 1005
558 1167
558 1189
558 1491
559 1106
559 1391
559 1528
559 1934
561 801
561 867
561 1090
561 1149
561 1559
561 1814
562 581
562 851
562 1030
563 958
563 1902
564 932
564 1437
564 1768
565 1215
565 1363
565 1781
565 1838
567 1746
567 1885
569 642
569 1618
569 1680
570 1962
570 1985
571 891
571 1476
572 1574
572 1789
573 581
574 694
574 812
574 996
574 1251
577 826
577 866
577 951
577 1109
577 1198
577 1207
577 1267
577 1879
578 912
578 1203
578 1920
580 722
580 1097
580 1529
581 1174
581 1656
582 1060
582 1677
583 591
583 842
583 874
584 1938
585 669
585 1156
585 1377
586 817
586 1342
587 1032
587 1552
588 1944
590 1631
591 730
592 809
593 796
593 1280
594 1073
594 1442
594 1819
595 694
595 815
595 1135
595 1971
596 824
596 1182
597 1311
598 711
598 1894
599 1647
599 1651
600 914
600 1609
600 1653
601 1374
602 1545
603 1329
604 757
604 1167
604 1685
605 715
605 1315
605 1505
606 662
606 1885
606 1937
607 1772
607 1798
607 1868
608 1057
608 1365
608 1471
609 1045
609 1735
611 1500
611 1690
612 1637
613 1361
613 1410
614 1721
615 1641
615 1892
617 619
617 1336
618 1215
618 1246
618 1630
619 881
619 949
619 1189
619 1861
620 719
621 967
621 1016
621 1873
622 1345
623 631
623 1092
625 1122
625 1274
626 1323
626 1361
626 1938
627 1232
627 1257
628 1396
628 1939
629 1215
629 1710
631 1263
632 1233
632 1598
635 1751
636 1155
637 894
637 1471
637 1764
638 848
639 655
639 788
639 1496
639 1769
639 1980
639 1992
641 1723
642 1576
644 792
644 870
644 1289
646 1551
646 1889
647 1451
647 1906
647 1985
648 725
648 993
648 1238
648 1267
649 812
649 900
649 975
650 975
650 1277
650 1859
651 1017
651 1238
651 1877
651 1927
652 791
652 1543
653 1575
654 892
654 1968
655 1412
656 742
656 1386
656 1750
657 1324
657 1534
657 1807
658 885
658 1421
659 1028
659 1790
660 1370
660 1552
661 1526
662 1661
663 1266
663 1774
666 1230
666 1450
666 1961
669 1029
669 1481
670 1128
670 1176
672 1507
673 1328
674 814
674 822
674 1298
674 1362
674 1427
674 1788
675 714
675 1173
676 1007
676 1065
677 975
678 1936
680 762
680 863
680 1986
681 1772
682 744
682 1242
682 1796
683 1285
683 1623
683 1932
685 1139
687 1105
688 1285
688 1417
689 1136
690 1420
690 1731
692 1333
692 1352
693 731
693 1533
694 1016
694 1475
694 1838
694 1913
695 817
695 1379
695 1717
697 1723
697 1735
697 1767
698 889
699 1019
699 1625
701 950
701 1560
701 1640
701 1835
702 902
703 1041
703 1043
703 1135
703 1143
703 1608
703 1778
703 1931
704 1397
705 1204
705 1451
705 1922
706 712
706 791
706 1055
707 754
707 1642
709 789
710 864
710 1023
710 1205
710 1425
711 1598
711 1728
712 1145
713 1607
716 739
716 760
716 1178
716 1574
716 1702
717 817
718 994
718 1315
721 1683
723 1443
724 1761
724 1901
725 1877
732 897
732 1242
732 1359
732 1445
732 1519
733 1676
733 1757
734 926
734 1464
734 1681
735 992
735 1114
735 1495
735 1634
736 1351
737 1273
738 940
738 1214
738 1251
738 1483
738 1781
739 918
739 1289
739 1684
739 1710
739 1788
740 1676
741 1362
741 1848
742 948
742 1023
743 1261
743 1663
744 925
744 1634
744 1703
745 1080
745 1225
745 1480
746 1614
748 749
748 757
749 1471
749 1696
750 1248
751 957
751 1797
752 1621
754 1414
754 1731
755 889
755 1189
755 1409
755 1813
756 990
756 1302
757 1106
758 800
758 1042
758 1168
758 1211
759 1602
759 1758
760 1015
760 1577
760 1637
761 965
761 1971
763 843
763 856
763 986
763 1822
766 1198
767 1780
768 1445
769 1120
769 1198
770 795
771 1351
771 1906
772 1470
772 1978
773 1798
773 1901
774 844
774 1986
775 1719
775 1772
776 911
777 1296
777 1819
777 1947
778 1652
778 1813
779 998
779 1603
779 1993
780 1112
780 1138
780 1715
780 1716
780 1978
782 1213
782 1551
782 1591
783 828
783 940
783 1435
784 1162
784 1332
785 1917
786 1596
786 1633
786 1703
788 1235
788 1481
788 1621
788 1801
788 1808
789 1753
789 1960
791 1851
791 1934
791 1951
792 1308
795 1032
795 1161
795 1209
795 1607
795 1609
795 1764
796 1378
797 1497
798 1596
799 974
799 1268
799 1354
800 1679
800 1910
801 908
801 1354
801 1920
802 1977
804 987
804 1397
804 1937
805 1169
805 1375
805 1562
805 1746
806 878
806 1354
807 1507
808 1948
809 1330
810 818
810 1717
810 1982
811 1101
811 1329
812 1845
814 1178
814 1498
814 1538
815 1480
815 1992
816 1528
816 1707
816 1956
817 1146
818 1135
818 1161
818 1267
819 1357
819 1612
820 1215
820 1237
820 1352
820 1508
821 1036
821 1374
822 872
822 1649
823 1273
823 1524
824 989
824 1310
824 1890
825 1150
827 960
827 970
827 1295
827 1473
827 1848
828 1267
829 986
829 1497
829 1990
830 1037
830 1656
831 973
831 1839
832 1085
832 1420
832 1964
833 1673
833 1825
834 1728
835 1420
835 1716
836 1003
836 1058
836 1722
837 1256
837 1491
837 1634
840 1456
840 1968
841 1102
841 1835
841 1924
842 868
842 1130
842 1846
845 1682
845 1860
845 1923
846 1846
847 1110
848 978
849 1440
849 1923
851 859
851 1536
852 1128
853 949
853 1060
854 1772
855 1318
856 1972
857 1055
857 1463
857 1751
857 1882
858 874
858 1864
859 1055
859 1985
860 1273
862 1142
862 1241
863 1052
863 1927
865 886
865 1024
866 1601
867 1370
867 1647
868 1366
869 1618
870 1176
871 1303
872 1079
872 1866
873 986
873 1735
873 1892
874 1861
875 937
875 1491
876 1732
877 1237
877 1749
878 1232
878 1441
878 1994
879 1380
879 1883
880 1439
881 1359
882 1907
884 1509
884 1575
884 1701
885 1696
885 1804
886 888
887 992
887 1204
888 1215
888 1469
888 1986
890 1351
890 1569
892 1325
892 1945
892 1971
893 1684
894 1704
894 1816
895 1307
895 1576
896 1220
896 1241
896 1453
899 1069
899 1276
899 1393
899 1474
900 1345
900 1385
901 1967
904 1385
904 1725
904 1746
905 1280
906 1205
907 1145
907 1160
907 1532
907 1831
908 1168
909 1107
910 999
910 1295
910 1868
911 1258
912 1361
913 1908
914 1152
914 1496
914 1900
916 1486
917 1180
919 1029
919 1396
919 1602
919 1700
919 1952
920 1489
920 1794
921 1168
923 1696
924 1336
925 1402
925 1452
925 1471
926 1566
926 1574
928 1529
930 1018
930 1237
930 1489
931 1083
931 1617
931 1981
932 1210
932 1572
932 1794
932 1994
933 1147
934 1157
934 1199
935 1298
935 1309
935 1387
936 1538
936 1646
937 1658
938 973
939 1852
941 1111
941 1129
941 1198
941 1542
941 1753
943 1148
944 1074
944 1430
944 1710
946 1329
947 1039
947 1068
949 982
949 1095
950 1055
950 1704
951 1135
951 1263
953 1205
953 1915
954 1461
955 1230
955 1808
955 1854
958 1195
958 1239
958 1973
959 1794
960 1249
960 1802
961 977
961 1327
961 1408
963 1807
964 1021
964 1739
964 1815
965 1088
966 1150
966 1565
966 1614
966 1728
967 1028
967 1234
968 1306
968 1711
968 1832
969 1145
969 1465
970 1114
970 1934
971 1057
972 1744
973 1985
974 1108
974 1403
974 1817
975 982
975 1160
975 1244
975 1257
975 1333
975 1811
975 1830
977 1080
979 1230
979 1678
979 1788
980 1349
980 1749
981 1233
981 1961
982 1905
985 1893
987 1034
987 1604
988 1026
989 994
990 1798
992 1135
993 1385
994 1037
996 1136
996 1151
997 1128
997 1338
998 1851
999 1227
1000 1704
1000 1894
1001 1300
1002 1177
1002 1606
1002 1953
1003 1754
1004 1450
1004 1502
1006 1991
1007 1343
1007 1572
1007 1858
1008 1062
1009 1319
1010 1100
1010 1509
1011 1360
1011 1688
1012 1047
1012 1123
1012 1569
1015 1513
1015 1526
1015 1653
1015 1655
1017 1041
1017 1826
1019 1649
1020 1161
1020 1328
1020 1725
1021 1252
1021 1674
1021 1679
1021 1688
1022 1343
1022 1441
1023 1438
1023 1494
1023 1839
1024 1356
1025 1573
1025 1793
1026 1482
1028 1142
1028 1257
1029 1059
1029 1379
1029 1944
1030 1648
1030 1697
1033 1176
1033 1236
1035 1894
1036 1672
1036 1766
1036 1905
1037 1666
1039 1389
1039 1415
1041 1111
1043 1354
1043 1975
1044 1951
1045 1056
1045 1389
1047 1648
1049 1750
1050 1163
1051 1212
1051 1809
1052 1193
1052 1664
1053 1730
1054 1301
1054 1859
1055 1387
1057 1578
1058 1231
1059 1708
1060 1515
1061 1205
1062 1127
1062 1176
1062 1212
1062 1679
1062 1854
1062 1866
1063 1126
1063 1855
1064 1177
1065 1169
1068 1378
1068 1766
1069 1646
1070 1544
1070 1887
1070 1993
1071 1921
1073 1919
1074 1426
1074 1570
1074 1583
1074 1834
1075 1206
1075 1312
1075 1738
1075 1981
1076 1415
1076 1565
1077 1298
1077 1560
1079 1957
1080 1836
1080 1850
1081 1381
1081 1761
1082 1657
1082 1925
1083 1151
1084 1334
1084 1996
1085 1346
1086 1423
1087 1190
1087 1224
1088 1263
1088 1785
1090 1286
1091 1368
1091 1412
1092 1681
1093 1415
1093 1553
1094 1526
1095 1258
1097 1315
1098 1605
1103 1557
1104 1142
1106 1483
1106 1593
1106 1967
1107 1615
1108 1877
1108 1939
1111 1575
1113 1397
1114 1218
1114 1472
1114 1799
1116 1123
1116 1300
1116 1684
1117 1836
1117 1886
1119 1697
1120 1536
1121 1163
1121 1341
1122 1716
1124 1202
1124 1419
1128 1518
1129 1823
1130 1635
1130 1659
1131 1696
1131 1768
1131 1811
1133 1826
1136 1426
1138 1409
1140 1548
1141 1724
1141 1823
1142 1499
1143 1189
1144 1525
1146 1344
1151 1382
1153 1579
1155 1379
1156 1403
1157 1504
1157 1889
1159 1267
1159 1653
1160 1594
1160 1963
1161 1356
1161 1763
1162 1796
1163 1258
1164 1868
1164 1908
1164 1967
1165 1824
1167 1505
1167 1612
1169 1597
1171 1606
1172 1965
1173 1794
1173 1827
1174 1234
1174 1456
1175 1487
1175 1743
1176 1387
1176 1456
1178 1449
1179 1370
1180 1941
1181 1880
1182 1948
1185 1311
1186 1352
1186 1960
1190 1291
1190 1664
1190 1744
1192 1400
1192 1478
1192 1811
1192 1912
1193 1285
1193 1375
1193 1770
1194 1338
1195 1425
1196 1329
1196 1498
1196 1971
1197 1708
1197 1776
1197 1840
1197 1937
1198 1379
1199 1901
1200 1331
1200 1773
1201 1945
1203 1471
1203 1473
1205 1720
1206 1783
1207 1251
1207 1732
1207 1842
1208 1282
1209 1272
1209 1675
1210 1393
1210 1937
1211 1295
1212 1399
1212 1604
1218 1342
1218 1545
1218 1594
1219 1417
1219 1823
1221 1924
1223 1964
1224 1448
1226 1336
1226 1492
1226 1738
1230 1999
1232 1916
1233 1972
1236 1504
1239 1643
1240 1870
1241 1456
1242 1419
1243 1600
1243 1876
1244 1321
1244 1390
1246 1841
1248 1721
1249 1424
1249 1575
1249 1661
1249 1805
1249 1875
1251 1540
1252 1364
1252 1654
1253 1747
1254 1548
1255 1366
1255 1708
1256 1445
1256 1663
1258 1800
1258 1888
1263 1588
1264 1488
1264 1749
1266 1841
1267 1749
1267 1865
1271 1345
1271 1884
1274 1346
1274 1508
1274 1560
1275 1454
1275 1846
1278 1891
1279 1528
1280 1544
1281 1451
1282 1310
1282 1563
1282 1654
1282 1685
1283 1866
1285 1675
1286 1293
1286 1321
1286 1803
1287 1625
1288 1537
1289 1410
1290 1456
1290 1898
1292 1539
1294 1590
1294 1763
1295 1340
1295 1941
1297 1838
1297 1893
1298 1323
1299 1894
1300 1636
1300 1878
1301 1472
1302 1343
1302 1347
1302 1522
1302 1612
1302 1644
1302 1812
1303 1957
1304 1375
1306 1718
1307 1973
1308 1599
1308 1650
1308 1881
1309 1908
1311 1381
1311 1519
1311 1807
1312 1880
1313 1583
1314 1538
1314 1997
1317 1772
1317 1997
1318 1520
1318 1653
1320 1588
1320 1777
1320 1836
1322 1672
1323 1808
1324 1778
1324 1953
1325 1479
1325 1657
1325 1926
1328 1337
1328 1706
1328 1924
1329 1557
1329 1632
1330 1441
1330 1892
1330 1922
1334 1464
1334 1906
1337 1393
1337 1401
1337 1870
1341 1906
1342 1569
1342 1738
1343 1402
1343 1818
1344 1588
1345 1433
1345 1935
1347 1419
1350 1925
1351 1466
1354 1686
1354 1941
1355 1630
1356 1871
1357 1958
1358 1611
1358 1741
1359 1411
1359 1999
1360 1493
1360 1659
1360 1929
1361 1980
1362 1884
1363 1677
1363 1924
1365 1631
1365 1689
1366 1600
1370 1529
1370 1620
1370 1885
1372 1464
1373 1861
1373 1878
1375 1804
1376 1639
1377 1390
1381 1560
1384 1508
1384 1882
1385 1857
1387 1676
1390 1782
1390 1816
1392 1865
1394 1932
1395 1758
1395 1795
1399 1745
1403 1776
1405 1618
1405 1629
1408 1756
1409 1428
1409 1545
1409 1607
1410 1968
1411 1795
1411 1814
1411 1966
1412 1761
1413 1713
1413 1726
1414 1885
1416 1470
1420 1584
1420 1719
1420 1961
1423 1648
1424 1690
1424 1883
1426 1541
1427 1813
1428 1448
1428 1843
1429 1493
1430 1906
1431 1781
1432 1433
1433 1486
1435 1451
1435 1536
1436 1700
1437 1449
1437 1571
1437 1650
1437 1834
1437 1933
1438 1584
1440 1953
1441 1714
1441 1771
1442 1992
1446 1669
1446 1679
1451 1555
1452 1883
1453 1771
1453 1908
1460 1695
1462 1717
1463 1899
1465 1582
1466 1522
1466 1710
1466 1745
1467 1737
1468 1472
1468 1618
1470 1667
1471 1506
1471 1622
1472 1792
1472 1970
1473 1970
1474 1716
1474 1947
1475 1633
1475 1957
1476 1589
1476 1937
1481 1754
1483 1564
1484 1572
1484 1600
1485 1751
1485 1970
1486 1661
1487 1655
1488 1860
1489 1958
1491 1873
1492 1612
1492 1851
1493 1884
1494 1695
1500 1573
1500 1826
1501 1825
1501 1996
1504 1549
1506 1934
1507 1909
1509 1742
1509 1836
1511 1863
1511 1891
1513 1812
1513 1994
1515 1861
1517 1638
1517 1947
1518 1918
1518 1983
1520 1795
1522 1802
1524 1697
1530 1721
1532 1973
1536 1622
1536 1765
1542 1857
1545 1989
1546 1945
1550 1826
1553 1604
1558 1596
1558 1688
1558 1891
1560 1808
1565 1719
1565 1988
1566 1581
1567 1627
1567 1782
1569 1608
1569 1874
1572 1928
1573 1805
1574 1599
1575 1664
1577 1872
1577 1876
1577 1925
1578 1886
1580 1698
1581 1942
1585 1827
1585 1933
1587 1698
1588 1840
1592 1755
1592 1922
1592 1986
1595 1684
1599 1778
1602 1925
1603 1763
1604 1637
1604 1732
1605 1828
1606 1629
1606 1647
1606 1959
1607 1763
1608 1925
1610 1999
1614 1744
1615 1629
1615 1940
1616 1931
1619 1637
1620 1649
1620 1962
1623 1891
1623 1938
1624 1955
1631 1892
1631 1983
1634 1720
1636 1798
1637 1671
1640 1982
1641 1809
1643 1733
1644 1886
1648 1708
1648 1835
1648 1894
1650 1725
1651 1913
1652 1882
1654 1816
1659 1860
1662 1980
1663 1687
1663 1984
1666 1822
1668 1856
1669 1914
1670 1738
1670 1906
1670 1938
1671 1789
1676 1833
1676 1912
1680 1781
1684 1971
1685 1885
1688 1716
1688 1903
1688 1953
1690 1722
1692 1853
1694 1775
1694 1790
1699 1789
1708 1782
1709 1961
1712 1783
1712 1902
1712 1963
1715 1885
1719 1936
1723 1925
1723 1941
1729 1882
1730 1770
1730 1788
1733 1814
1735 1791
1735 1878
1736 1743
1741 1924
1742 1862
1742 1878
1744 1770
1750 1823
1750 1973
1753 1871
1756 1866
1762 1919
1764 1819
1766 1833
1766 1936
1767 1787
1768 1825
1768 1897
1771 1818
1801 1882
1816 1932
1819 1910
1822 1985
1832 1867
1842 1892
1843 1948
1855 1900
1860 1905
1864 1904
1870 1990
1873 1888
1873 1924
1874 1969
1876 1897
1883 1935
1898 1945
1914 1992
1919 1937
1922 1942
1925 1996
1928 1974
1943 1992
