2000 2998
15
2
32
82
90
79
48
92
26
6
37
10
78
9
26
43
31
94
99
64
65
52
81
93
71
81
75
30
91
36
46
57
8
88
11
2
80
35
22
55
30
1
5
89
20
36
59
10
45
20
57
70
38
45
53
79
8
29
15
72
58
15
89
41
98
16
74
25
43
87
8
30
97
41
54
55
26
88
96
60
75
79
44
17
2
72
67
9
41
87
42
36
14
6
41
32
40
54
12
99
52
49
51
90
72
97
16
8
89
85
89
54
85
38
3
53
75
74
44
34
39
57
56
1
76
67
9
66
50
37
38
35
33
26
29
11
78
2
94
19
64
3
20
79
58
39
26
75
54
11
2
53
84
43
78
38
34
63
49
51
5
62
18
16
48
17
2
73
39
78
23
97
53
23
13
37
29
37
37
28
56
69
79
15
41
30
15
57
29
83
81
67
58
56
7
98
1
58
77
18
44
37
66
51
30
34
46
85
69
38
17
78
37
34
15
20
12
80
92
73
47
33
63
32
37
48
92
25
74
33
19
66
49
26
59
93
88
4
17
7
12
29
55
45
67
9
59
87
11
45
49
63
75
90
32
32
75
10
87
26
45
92
64
70
52
77
89
40
77
97
27
98
40
63
37
92
54
64
62
96
36
23
70
44
85
46
60
22
96
72
52
66
6
67
55
5
45
88
36
86
96
51
77
55
49
92
2
4
41
33
76
93
15
34
66
82
53
60
80
99
44
44
16
82
27
69
47
81
84
97
71
86
9
21
9
52
43
41
9
18
71
16
26
75
63
82
88
14
46
38
49
88
54
37
69
3
66
69
26
25
63
31
53
36
42
11
85
95
2
78
11
31
33
1
70
93
94
29
54
72
39
89
61
9
22
78
9
36
68
84
91
83
34
26
10
78
79
52
92
93
56
23
60
54
38
59
85
43
79
7
66
60
62
46
55
96
81
15
38
23
92
14
74
60
17
48
54
69
51
58
3
44
60
49
58
48
91
39
10
8
33
74
84
95
71
40
51
68
33
47
90
88
66
32
12
79
68
68
13
78
92
86
28
44
62
95
10
28
77
20
55
97
77
23
98
52
46
71
78
30
35
62
31
55
96
47
30
94
55
2
65
93
64
71
16
83
70
74
90
94
40
76
50
99
76
10
32
90
64
45
74
88
22
53
88
67
23
56
88
10
96
24
15
74
54
35
32
94
62
28
53
40
60
89
32
2
52
42
44
18
62
19
42
78
2
27
51
12
17
81
10
61
40
43
13
49
23
10
15
21
45
75
74
50
7
10
27
30
48
73
80
41
79
5
71
86
19
73
14
99
37
3
58
39
87
79
73
56
50
39
23
1
94
79
23
90
23
95
44
72
46
13
28
87
7
2
55
63
24
74
62
19
57
33
71
25
21
6
48
25
80
8
89
34
86
12
29
8
4
98
14
69
68
69
5
66
61
75
48
56
53
15
3
62
77
37
16
26
66
95
73
67
8
14
89
33
84
79
40
30
30
34
71
50
70
53
85
96
49
73
84
42
93
72
55
87
45
19
46
70
21
47
23
6
12
65
35
16
85
25
73
24
45
95
46
71
92
31
100
5
54
43
94
34
44
85
20
46
92
56
37
98
41
78
52
12
10
94
41
2
10
30
63
57
64
91
21
96
5
10
54
11
12
48
93
91
66
71
56
97
80
9
15
94
76
97
71
20
11
1
1
96
15
93
40
47
49
31
29
26
15
92
1
43
76
43
96
90
45
58
76
79
88
84
53
48
55
29
78
99
49
82
97
54
42
89
8
52
33
63
44
80
100
64
28
9
32
1
71
36
46
3
78
49
82
92
57
41
33
33
70
58
90
94
33
7
92
9
15
87
61
98
37
51
73
12
68
56
19
77
6
97
76
18
92
28
35
21
48
7
22
13
45
55
68
34
90
51
31
61
67
94
81
88
6
4
60
21
30
10
53
61
6
37
97
69
99
27
38
87
5
61
10
19
89
59
49
86
44
27
27
81
72
59
79
59
30
47
14
1
7
87
4
88
31
17
58
98
17
42
71
21
26
86
11
100
71
48
3
49
93
36
41
22
53
95
57
38
63
88
30
75
2
96
37
79
49
25
93
71
20
62
14
76
24
23
91
55
79
92
49
97
85
19
18
55
84
29
73
5
19
27
42
82
96
96
30
17
48
6
17
53
9
51
23
76
92
24
18
7
72
91
64
53
88
27
17
84
99
66
17
53
58
79
57
42
33
9
33
9
88
90
97
4
29
94
84
34
48
50
31
31
60
61
1
1
77
83
13
45
30
22
76
85
48
36
62
97
54
89
71
56
79
53
86
56
83
75
47
14
62
84
72
87
53
91
98
58
2
57
48
49
12
50
30
97
67
15
51
85
84
76
97
89
52
45
34
17
72
72
57
48
51
18
65
69
49
75
66
90
8
78
38
8
28
91
24
75
5
16
46
71
42
43
97
4
2
37
25
36
19
18
99
28
17
67
69
62
77
19
87
27
70
87
27
66
92
79
46
94
92
86
90
12
71
6
2
63
30
1
85
93
29
65
97
12
70
67
30
2
79
1
40
30
59
93
46
54
68
37
66
29
40
1
22
15
92
83
66
16
37
90
64
89
62
36
43
98
80
79
47
68
74
66
75
75
20
60
62
1
81
20
71
51
21
2
56
98
10
56
84
48
51
70
90
24
88
67
55
16
63
24
55
23
15
97
42
78
60
39
13
62
57
57
17
5
48
57
67
74
90
29
51
4
92
24
9
93
23
83
79
34
32
12
90
11
69
71
86
45
23
65
92
2
38
15
23
37
59
27
90
42
99
65
6
5
83
49
45
42
59
50
52
20
33
70
10
57
6
84
98
44
29
53
54
65
77
7
85
71
5
6
18
98
87
56
27
14
74
53
64
25
30
34
34
1
63
51
21
60
92
13
74
23
38
22
78
82
47
98
8
86
23
97
14
95
44
14
38
36
29
46
52
26
89
11
76
82
57
58
15
69
25
33
97
77
29
28
80
68
59
30
31
95
63
11
51
37
88
91
8
78
34
79
40
19
55
91
85
91
21
97
90
14
5
98
14
86
74
19
42
29
48
63
51
15
33
89
38
62
65
38
40
62
19
97
72
14
78
93
56
6
89
39
88
21
56
8
45
99
10
28
59
54
14
56
71
10
98
100
65
64
86
45
67
25
100
86
92
37
75
64
41
15
56
33
10
70
33
14
24
13
99
40
30
96
90
96
1
40
10
74
56
73
22
39
64
59
80
95
25
99
74
42
20
50
100
69
7
53
50
43
47
24
97
88
79
19
67
58
38
5
67
4
63
49
1
26
61
64
78
12
86
90
30
90
88
66
10
100
65
54
84
95
23
70
74
11
43
77
15
57
76
50
98
4
85
3
49
58
31
4
33
28
91
27
93
38
64
26
18
90
74
11
6
16
54
84
41
6
18
9
7
89
4
34
65
49
47
14
34
89
11
76
71
29
33
80
33
92
71
50
85
42
70
4
55
85
60
93
76
88
6
93
6
81
89
54
27
97
31
4
76
10
69
32
85
45
36
32
84
66
1
95
22
40
25
11
39
19
43
46
90
79
65
9
80
37
68
89
51
45
38
44
21
81
57
55
53
42
15
87
54
47
23
13
50
58
52
24
51
53
65
79
93
56
9
33
55
70
29
3
3
4
34
11
15
74
13
61
59
56
49
80
91
72
74
30
35
76
15
79
34
74
73
31
16
7
93
67
98
53
58
19
39
46
55
56
45
42
22
45
97
80
81
22
16
33
64
1
77
96
96
72
1
23
83
49
37
37
30
25
27
13
15
5
92
13
75
32
78
18
18
36
89
23
44
66
1
65
74
47
61
71
97
61
69
22
61
22
91
68
27
63
78
40
85
14
45
75
80
99
34
96
61
51
37
31
79
13
15
28
18
86
95
80
49
1
52
19
72
71
5
99
21
49
95
28
93
82
54
79
42
66
74
53
49
77
68
92
98
88
44
53
1
46
46
21
24
68
32
49
26
86
94
25
63
25
58
77
40
59
84
5
32
41
6
78
65
53
87
48
24
16
21
43
35
99
28
56
29
73
46
89
98
67
22
92
40
55
15
70
58
10
26
9
24
71
48
5
39
51
21
19
64
65
69
63
92
70
74
92
76
26
80
5
80
42
35
58
21
36
10
85
50
31
44
4
49
41
93
25
50
47
95
3
11
75
5
92
50
21
92
25
13
53
82
18
23
40
61
95
16
58
95
38
75
51
70
89
69
73
26
5
5
37
23
58
53
89
67
47
36
41
96
58
67
2
81
89
92
94
10
23
86
98
32
68
79
30
85
81
30
71
34
89
69
54
2
17
45
73
39
72
35
27
11
2
30
49
66
45
17
95
28
36
76
71
32
58
36
26
6
39
16
81
96
42
86
96
91
53
65
97
37
31
43
74
52
80
37
13
74
51
24
80
55
14
49
63
12
55
59
91
3
13
60
4
79
37
37
63
58
14
66
4
52
34
52
72
91
42
42
11
3
72
90
60
75
25
0 450
0 1201
0 1471
0 1863
1 57
1 282
1 398
1 766
1 1794
2 1328
4 1126
5 906
6 1208
7 351
7 487
7 687
7 1184
8 83
8 1213
8 1573
8 1996
9 501
9 790
9 902
9 1479
10 1015
10 1029
10 1038
10 1560
11 274
11 1089
11 1603
11 1804
12 122
12 351
12 663
12 709
12 1162
13 482
13 1070
13 1968
15 159
15 328
15 935
15 1104
15 1140
16 141
16 1021
17 412
17 653
17 1033
18 507
18 1279
20 332
20 522
20 1136
20 1606
21 731
22 186
22 1125
22 1308
22 1484
22 1594
22 1943
23 1770
23 1959
24 128
24 1195
24 1230
24 1954
25 587
25 1370
25 1532
25 1561
26 535
26 556
26 931
27 842
28 107
28 1770
29 1007
29 1049
29 1906
30 187
30 1438
31 575
31 865
31 1123
32 1120
33 682
33 1951
34 556
34 1251
35 415
35 811
35 1496
35 1823
36 627
36 1024
37 586
37 1881
37 1884
38 221
38 1493
38 1901
39 1655
39 1767
39 1964
40 492
40 847
40 877
40 970
40 1022
40 1461
40 1805
41 1332
41 1559
42 207
42 230
42 1981
43 863
43 1065
43 1439
43 1611
44 170
44 494
44 790
44 861
46 823
46 1223
47 1277
48 1007
48 1112
48 1246
48 1621
48 1646
48 1978
49 396
49 1987
50 493
50 1040
50 1085
51 141
51 364
51 1640
52 878
52 944
53 231
53 1366
53 1426
54 931
54 1094
54 1357
54 1863
55 601
55 1203
55 1678
55 1892
56 556
56 1399
56 1461
57 66
57 1229
57 1315
58 1090
59 293
59 1090
60 493
60 1566
61 261
61 978
63 269
64 395
65 247
65 696
65 1271
65 1292
65 1367
66 560
66 727
66 1436
66 1517
66 1565
66 1797
68 187
68 1733
69 530
69 1014
70 1992
71 455
73 780
73 1397
73 1643
73 1987
74 190
74 299
74 678
75 364
76 793
76 812
76 1754
77 1974
78 597
78 1028
79 894
79 1771
82 295
82 823
82 1275
83 1645
83 1669
84 638
84 1169
84 1361
85 95
85 241
85 503
85 1008
85 1716
86 1683
87 294
87 535
88 1301
88 1387
88 1391
89 416
89 648
89 704
89 974
89 1919
90 546
90 554
90 1176
90 1459
92 468
92 646
92 1194
92 1224
92 1539
93 743
93 850
93 1458
93 1583
93 1961
93 1978
94 112
94 1824
95 128
95 677
95 726
95 1056
95 1216
96 496
96 1300
97 886
97 1015
97 1346
97 1392
98 209
98 526
98 993
98 1469
99 522
99 895
100 1312
101 1353
102 370
102 1088
103 803
103 1252
103 1998
104 779
104 1130
104 1426
104 1599
107 336
107 443
107 490
107 1534
108 339
108 1054
108 1072
108 1348
108 1524
109 930
109 1671
109 1944
110 298
110 395
110 507
111 679
111 724
111 1390
111 1512
112 610
112 1443
113 1807
114 938
114 1583
114 1831
115 157
115 456
115 1581
116 918
117 442
117 484
117 602
118 493
118 561
118 1492
118 1813
119 478
119 811
119 1090
119 1318
120 1446
120 1509
120 1676
121 892
122 1075
122 1171
122 1801
123 540
124 137
124 1093
124 1433
124 1546
125 276
125 1102
125 1236
125 1262
125 1461
125 1804
126 363
126 485
126 588
126 1783
127 576
127 594
127 1249
129 274
129 674
129 817
129 1861
130 595
130 1400
130 1559
130 1833
131 542
131 622
131 1348
131 1350
132 1836
133 801
134 411
134 935
134 1674
134 1689
134 1723
135 166
135 327
135 555
135 801
135 1334
135 1520
136 1489
138 1542
138 1912
139 732
139 797
139 1282
139 1972
140 752
140 1048
141 409
141 912
141 984
141 1987
142 1553
143 193
143 815
143 1213
144 1024
144 1726
145 420
145 1711
146 339
146 858
146 1447
146 1508
146 1598
146 1844
147 177
148 185
148 598
148 1141
148 1352
149 160
149 606
149 1552
150 850
150 1036
151 518
151 525
151 944
151 1013
151 1113
151 1861
152 803
152 1490
153 307
153 1511
153 1833
154 597
154 817
154 852
154 960
154 1085
155 668
156 358
156 1045
156 1188
156 1413
156 1730
157 431
157 1356
158 705
158 1276
159 1103
159 1954
161 815
161 1710
163 1177
163 1845
165 932
165 1233
165 1664
165 1923
166 346
166 545
166 711
166 1110
167 278
167 362
168 879
168 1793
169 679
169 1888
170 690
170 762
170 769
170 1963
171 1609
172 1635
173 624
173 1015
173 1475
173 1713
174 1410
175 213
175 1108
175 1338
175 1526
175 1668
177 277
177 326
177 616
177 898
177 1510
178 679
179 324
179 857
179 864
180 597
180 1541
181 272
181 779
181 1672
182 674
182 796
182 1227
182 1547
183 693
183 720
183 1287
183 1410
184 1166
184 1532
184 1751
185 210
185 401
185 1553
185 1656
186 452
186 538
186 1456
186 1540
187 626
187 631
187 1354
187 1693
187 1781
189 379
189 733
189 1770
190 527
190 1104
191 1534
192 1421
192 1522
194 979
194 980
194 1137
196 306
196 652
196 1481
196 1541
196 1865
197 1507
197 1625
198 292
198 1272
199 1108
199 1336
199 1615
199 1740
199 1922
200 966
200 1134
201 334
201 1127
201 1183
201 1586
202 747
202 888
202 1251
202 1372
202 1777
203 767
203 769
203 1611
204 1592
205 988
205 1784
206 1340
206 1757
207 208
207 377
207 637
207 1128
207 1649
207 1913
208 1624
209 324
210 1448
210 1853
210 1867
211 356
211 1136
211 1391
211 1991
212 1251
212 1275
212 1939
213 272
213 511
214 1220
214 1847
215 546
215 1181
217 1188
217 1791
217 1902
218 1499
219 496
219 801
219 1609
219 1623
219 1764
219 1897
220 781
220 1691
221 466
222 647
222 850
223 1108
224 1035
225 705
225 1169
225 1438
225 1452
226 1019
227 567
227 1574
228 1550
229 601
229 603
229 1178
230 1341
230 1423
230 1549
231 709
231 1901
231 1986
233 829
233 1105
233 1152
233 1693
234 286
234 729
234 1880
235 319
235 1170
235 1330
235 1837
236 1863
237 1231
238 510
238 552
238 787
238 1271
238 1584
238 1771
239 841
239 1019
239 1078
240 1098
240 1442
240 1978
241 788
242 932
242 955
242 991
242 1034
242 1129
243 441
243 478
243 950
243 1160
244 1261
244 1419
245 541
245 799
245 1477
245 1952
246 1299
246 1658
247 636
247 756
247 812
248 820
249 300
249 319
249 575
249 1093
249 1745
250 308
250 839
250 1323
251 524
251 1048
251 1749
252 560
252 898
252 1204
252 1709
253 853
253 1392
253 1495
253 1521
253 1771
254 333
254 983
255 958
256 323
256 540
256 836
256 1366
257 526
257 1025
257 1728
259 1255
259 1817
260 617
260 826
260 839
260 1918
260 1983
261 358
261 620
261 1080
261 1378
262 1941
263 883
263 1486
264 352
264 438
264 546
265 1034
265 1580
265 1917
266 1452
266 1874
267 401
267 835
267 1319
267 1453
268 538
268 723
268 1416
268 1473
269 402
269 1934
270 506
270 552
270 1817
270 1829
271 298
271 1527
271 1871
271 1893
272 547
273 639
273 793
273 980
273 1579
273 1675
274 976
274 1383
276 448
276 563
276 1353
277 1830
278 1442
279 538
279 713
280 370
280 638
280 803
281 873
281 913
281 1210
281 1389
281 1627
282 1438
282 1941
283 938
283 1380
283 1583
283 1894
283 1909
283 1930
284 372
284 1181
285 366
285 855
286 435
286 911
286 1289
287 402
287 550
287 1264
288 326
288 1131
289 1390
290 1095
290 1915
291 639
291 1786
291 1954
292 627
292 1402
292 1491
293 810
294 333
294 421
294 780
294 950
294 1373
294 1393
294 1788
295 1102
296 298
296 591
296 923
296 1158
296 1497
296 1751
297 443
297 644
298 1292
298 1862
299 354
299 1304
299 1371
300 774
300 1277
300 1887
302 951
302 1163
302 1976
303 469
303 778
303 779
303 1214
303 1269
303 1602
304 913
304 1645
304 1725
305 761
305 920
305 1604
305 1720
305 1867
306 574
306 898
306 1265
306 1902
309 646
309 734
309 1161
309 1676
310 1232
310 1594
311 1141
311 1534
312 831
312 1215
312 1346
312 1612
312 1757
313 1191
313 1465
313 1578
313 1743
314 1269
315 316
315 1057
316 427
317 1252
317 1498
318 608
318 1342
318 1548
319 844
320 649
320 1352
320 1388
320 1523
320 1771
321 910
321 1104
321 1489
321 1568
321 1931
322 408
322 712
322 1947
323 373
323 712
324 897
324 1746
325 1201
325 1311
326 1025
326 1110
326 1419
326 1849
327 702
327 1022
327 1067
327 1505
328 591
328 870
328 1549
329 883
329 972
329 1177
329 1707
330 464
330 949
331 419
331 661
332 612
332 1216
332 1565
333 535
333 1012
333 1266
333 1314
333 1600
334 1810
335 685
335 831
335 1427
336 1628
337 1448
338 999
338 1929
340 507
340 1126
340 1389
340 1812
341 1295
341 1596
341 1790
342 549
342 1639
343 728
343 1257
343 1389
343 1638
343 1798
344 1933
345 927
345 1035
346 442
346 1322
348 742
349 793
349 1083
349 1265
350 1196
350 1447
350 1625
352 403
352 528
352 1492
352 1769
352 1793
353 1707
353 1727
354 1176
354 1996
355 462
355 651
356 936
357 826
357 1633
358 1495
359 877
360 1505
360 1881
361 452
361 765
361 1485
361 1942
362 1089
363 1584
363 1900
364 436
364 529
364 632
364 833
364 857
364 1101
365 979
365 1053
366 801
367 1872
368 849
368 1091
368 1156
368 1801
369 980
369 1191
369 1588
370 1009
370 1571
370 1998
371 758
371 1055
371 1100
371 1503
371 1877
372 605
372 609
372 955
373 585
373 728
373 1472
374 419
374 1157
376 619
376 638
376 1286
376 1455
376 1558
376 1936
377 429
378 580
378 1233
378 1437
378 1536
379 584
380 575
380 775
380 1204
380 1664
381 860
381 1560
382 689
382 1617
383 939
383 991
385 399
385 1329
385 1534
385 1600
385 1686
387 406
387 1277
387 1361
387 1404
388 1067
388 1324
389 968
389 1106
389 1576
390 1070
390 1429
391 614
391 1127
392 1584
392 1609
392 1803
392 1824
393 1596
393 1706
393 1902
395 1444
395 1662
395 1782
396 765
396 1861
397 1011
397 1251
398 678
398 820
398 1026
399 417
399 954
399 1158
400 855
400 1123
401 1035
401 1265
401 1270
401 1536
401 1792
402 1941
403 1011
404 454
404 572
404 1127
405 1646
406 433
406 477
406 1241
406 1568
407 1283
408 467
408 636
408 900
408 1463
408 1622
408 1745
409 1694
410 538
410 1201
410 1302
410 1680
410 1986
411 585
411 871
412 498
412 842
413 912
413 1440
413 1564
414 610
414 1692
415 1445
416 1178
416 1469
417 1134
417 1495
417 1993
418 874
419 1163
419 1183
419 1761
420 542
420 598
420 680
420 1185
420 1837
421 550
421 1542
421 1726
422 428
422 1394
422 1729
423 701
423 1524
424 997
424 1351
424 1455
424 1859
425 611
425 1040
427 508
427 511
427 1115
427 1556
428 1355
429 715
429 788
429 989
429 998
429 1166
429 1373
429 1567
429 1582
430 666
430 1080
430 1963
431 844
431 1100
431 1244
431 1560
432 1551
432 1840
433 529
433 690
434 1314
434 1327
435 580
435 1901
436 493
436 575
436 1051
436 1219
437 1105
437 1678
438 1316
438 1442
438 1778
438 1955
439 506
439 1835
440 1157
440 1400
441 726
441 1481
441 1667
441 1849
442 809
442 1206
442 1987
443 513
443 554
443 564
444 1023
444 1120
444 1828
445 601
445 810
445 885
445 1039
447 961
447 1720
448 1852
449 852
449 972
449 1447
450 469
450 1028
450 1277
451 689
451 1052
451 1433
453 626
453 657
453 895
453 1109
453 1510
454 961
454 968
454 1161
454 1769
455 1096
455 1446
456 485
456 1673
456 1871
456 1947
457 820
457 958
457 1086
457 1241
457 1290
457 1498
457 1562
457 1871
458 1195
459 1945
460 1005
460 1022
460 1642
461 914
461 1324
461 1565
462 1623
462 1825
463 1196
463 1911
463 1912
464 643
464 1096
464 1219
464 1249
465 751
465 1043
466 469
466 886
467 671
467 1774
468 471
468 1260
469 1116
469 1373
469 1974
470 1028
470 1669
471 1146
472 492
472 1433
473 954
474 688
474 786
474 1439
474 1491
474 1864
475 1175
475 1323
476 552
477 1450
479 1319
479 1371
479 1585
480 1114
480 1371
480 1669
481 691
481 1572
481 1622
481 1945
482 526
483 1025
483 1588
483 1993
484 600
484 831
484 1468
485 748
485 831
485 979
485 1167
486 649
486 1168
486 1278
487 1342
487 1924
488 798
488 949
488 1623
488 1842
489 834
489 1177
489 1918
490 1295
490 1411
492 1350
493 1338
493 1806
494 900
494 979
494 1473
495 589
495 943
495 1156
495 1483
496 1603
497 644
497 1623
498 544
499 588
499 1159
500 661
500 701
500 748
500 991
501 1092
502 711
502 848
502 1529
502 1995
503 556
503 1077
503 1581
504 886
504 1066
504 1120
504 1167
504 1707
505 770
505 1688
505 1732
506 1341
506 1540
507 826
507 1916
508 1443
508 1559
508 1690
509 610
509 1104
510 1582
510 1820
511 1231
512 580
512 1294
512 1324
513 1591
513 1616
514 560
514 625
514 1779
516 964
516 1549
516 1716
517 838
517 995
517 1402
517 1839
518 676
518 789
518 1440
518 1626
519 1331
519 1542
520 804
520 1686
521 772
521 1138
522 1003
522 1869
523 573
523 1790
524 879
524 964
524 1200
526 648
526 767
526 1052
526 1494
528 870
528 1272
529 1051
529 1760
530 1919
531 1123
532 978
532 1508
532 1569
533 577
533 595
533 1230
533 1543
533 1794
533 1976
534 551
534 1236
534 1705
536 1185
536 1383
537 726
537 1466
537 1512
538 576
538 925
538 1808
539 626
539 901
540 1313
540 1654
540 1868
541 1315
543 544
544 580
544 1415
545 760
545 1548
545 1603
545 1669
546 765
546 1182
546 1740
547 1561
547 1677
548 564
548 706
548 1744
549 1459
550 1779
551 1332
551 1661
551 1997
553 916
553 1170
553 1651
554 790
554 1631
555 921
555 1610
555 1654
556 1321
556 1533
556 1667
557 1145
557 1490
558 1357
558 1362
558 1619
559 725
559 1775
559 1787
560 1050
560 1284
561 1389
562 1289
562 1768
563 635
563 919
563 1714
565 1712
565 1835
566 1143
566 1231
567 1386
567 1619
569 1697
570 989
570 1079
570 1542
570 1838
572 693
572 1101
572 1599
572 1600
572 1713
572 1790
572 1843
573 592
573 1010
574 1549
575 1455
575 1791
576 1493
577 591
577 1652
577 1781
578 911
578 1771
578 1870
579 590
579 999
579 1490
580 1610
580 1653
582 1639
582 1890
583 788
583 1214
583 1434
584 850
584 1905
585 1420
585 1955
586 1188
586 1194
586 1771
587 873
587 973
587 1571
589 1450
589 1740
590 979
590 1273
590 1915
591 1856
592 1342
593 1290
593 1950
593 1992
594 958
594 1979
595 1361
595 1701
596 781
596 1094
597 628
597 1297
597 1405
598 1497
599 817
599 1382
599 1816
601 676
601 1732
603 716
603 840
603 1086
603 1121
603 1363
604 1956
605 1322
605 1400
605 1891
607 954
609 1167
609 1804
610 1093
610 1385
610 1446
612 1340
612 1712
613 692
614 694
614 941
614 1449
615 799
615 876
615 1138
615 1309
616 1282
617 1548
618 1297
620 938
620 1013
620 1443
620 1829
621 835
621 1821
622 1402
622 1757
623 775
623 789
623 1933
624 1707
625 849
625 1316
625 1690
626 1451
626 1642
627 1099
627 1196
627 1686
628 1475
628 1540
628 1613
628 1728
629 1222
630 780
630 1730
631 1545
631 1921
632 662
633 963
633 1008
633 1446
633 1573
634 985
634 1152
634 1345
634 1357
635 1535
635 1707
635 1993
636 908
636 1601
637 1152
637 1212
637 1819
637 1859
638 992
640 1036
640 1244
640 1292
641 1911
644 1484
645 974
646 800
646 856
646 1552
647 1231
648 1201
648 1297
648 1434
648 1554
649 1726
653 854
653 962
653 1165
653 1817
654 1374
654 1725
655 1975
656 1072
656 1505
656 1915
657 668
657 842
657 1444
658 1212
658 1293
658 1352
658 1998
659 840
659 1709
663 712
663 1310
663 1535
663 1888
664 1000
664 1665
664 1906
665 873
665 1219
665 1279
665 1477
665 1523
665 1637
665 1860
666 787
666 1633
668 1048
668 1946
669 1076
669 1499
671 766
671 1675
673 1685
674 1229
674 1589
674 1676
675 810
675 989
675 1038
675 1139
675 1722
675 1827
676 1518
676 1693
676 1783
677 786
677 1000
677 1293
677 1640
677 1674
677 1721
677 1846
678 860
678 1252
678 1445
678 1777
679 942
680 1400
680 1513
680 1812
681 1105
682 1769
683 866
684 731
684 837
684 1432
685 730
685 1120
685 1214
686 806
687 858
688 1620
688 1956
689 693
689 732
689 761
689 1059
689 1611
690 825
690 1389
690 1611
690 1773
690 1830
691 941
692 1161
692 1553
692 1987
694 1293
695 1040
695 1565
696 980
696 1069
697 1029
697 1161
697 1193
697 1351
697 1631
697 1768
697 1985
698 841
698 1723
699 778
699 1058
699 1234
699 1762
700 938
700 1482
700 1985
701 1050
702 882
702 1278
703 1686
704 1196
704 1534
704 1704
706 1695
707 766
707 1522
708 723
708 1305
709 1126
710 1322
710 1723
711 896
712 899
712 1154
712 1792
713 805
713 1225
713 1885
714 1195
714 1592
714 1658
716 1334
716 1907
717 960
717 1086
717 1489
718 1998
719 1570
720 755
720 866
720 1941
721 1047
721 1163
722 1115
724 1125
724 1514
724 1848
725 773
725 785
725 1277
725 1473
725 1480
726 797
726 1039
726 1882
727 969
727 1089
728 1693
729 770
729 1052
730 841
730 955
730 1080
730 1149
730 1397
730 1398
730 1572
730 1684
731 1160
732 894
732 1705
733 1044
733 1151
733 1592
733 1840
734 762
734 1641
734 1754
735 1633
736 1181
737 1206
738 1467
740 1492
740 1930
741 1056
741 1350
742 1300
743 799
743 843
743 1096
743 1831
744 1781
745 1006
745 1128
746 942
746 1754
746 1960
747 1948
748 827
748 1122
748 1498
748 1506
748 1852
749 791
749 1169
749 1401
750 1276
750 1758
751 1417
754 1344
754 1371
754 1731
755 1758
756 1688
756 1999
757 1423
758 901
758 1342
758 1792
759 834
759 865
759 1268
760 1281
760 1514
760 1677
760 1965
761 875
761 945
762 920
762 1480
762 1618
763 1882
764 1939
765 820
767 1172
767 1675
767 1958
768 805
768 1592
769 1194
770 1339
770 1714
771 1037
771 1444
772 979
773 940
773 1677
774 862
776 1058
776 1104
776 1849
777 857
777 1495
777 1498
778 1596
779 1324
779 1906
781 1842
783 1896
785 975
785 1470
785 1624
787 1939
788 1107
790 927
791 941
791 1279
791 1618
791 1634
792 978
792 1357
792 1683
793 1253
793 1544
794 1084
794 1272
796 1200
796 1221
796 1384
797 983
797 1227
798 1873
799 806
799 1952
800 1031
800 1225
800 1268
800 1416
800 1998
801 1066
801 1255
801 1642
801 1925
802 833
802 1152
803 1571
804 1585
805 1072
805 1408
805 1541
806 1449
808 1402
808 1677
809 1103
809 1499
809 1719
810 1849
811 993
811 1147
813 995
813 1922
814 1095
814 1847
815 911
815 1117
815 1650
815 1651
816 1121
818 894
818 1062
818 1871
819 956
819 1574
822 1768
822 1916
823 1641
823 1674
824 1840
825 1014
826 1564
826 1892
827 1168
827 1488
828 998
828 1350
828 1537
829 1589
829 1949
830 1579
831 1159
831 1287
831 1668
832 889
832 1394
832 1745
833 1139
834 1003
834 1753
836 936
836 1897
836 1913
837 1281
837 1505
837 1534
837 1747
838 912
838 967
838 1334
838 1492
839 1927
840 1488
841 1538
842 897
843 891
843 1557
843 1588
843 1866
844 1221
844 1641
845 893
845 1098
845 1391
847 1551
847 1656
848 1434
848 1607
849 999
849 1030
849 1512
850 1001
850 1804
851 1579
851 1800
852 1006
854 1183
855 911
855 1597
856 976
856 1078
857 1669
859 1161
859 1542
859 1654
860 1308
860 1731
860 1865
861 1534
862 1206
862 1856
863 1926
863 1946
864 1370
864 1390
865 1173
865 1284
865 1430
865 1803
866 963
866 1409
866 1823
866 1858
867 1526
867 1757
867 1889
868 1138
868 1817
869 1957
870 1713
871 1061
871 1583
871 1725
872 1329
873 1750
874 1547
874 1664
875 1971
876 1778
877 1467
878 1405
880 1336
881 1936
882 1705
882 1980
883 1392
884 1901
886 1643
887 1004
888 1160
890 1480
892 1025
892 1050
892 1822
892 1857
893 1042
893 1933
895 1225
895 1494
895 1500
896 1330
896 1474
896 1776
896 1866
897 1700
898 1473
898 1657
899 1069
899 1737
900 1189
900 1253
900 1854
900 1965
901 1027
901 1820
902 1917
903 1852
904 1054
904 1426
905 1056
905 1517
906 941
906 1172
907 1967
908 1439
909 1954
910 1161
911 1156
911 1210
912 1143
912 1173
912 1289
912 1547
912 1885
913 1216
913 1493
913 1657
914 1056
914 1901
915 1162
917 1981
918 1205
918 1641
918 1830
919 1115
919 1196
919 1232
920 1269
920 1732
920 1806
921 961
921 1175
924 1476
925 1948
926 1338
927 1801
928 1270
928 1428
928 1434
929 1173
930 1221
930 1676
930 1881
931 1637
931 1873
932 1763
933 1168
933 1519
933 1667
934 1094
934 1349
934 1691
934 1803
934 1942
935 1173
936 967
939 1029
939 1264
939 1326
940 1116
940 1571
940 1969
941 1169
941 1231
941 1374
942 1079
943 964
943 1193
945 1249
945 1602
946 1205
947 1901
948 1350
948 1482
949 966
949 1375
952 1069
953 1788
953 1881
954 1079
954 1865
954 1913
957 1062
957 1985
960 1297
960 1861
960 1868
961 1363
962 1330
963 1173
964 1128
964 1278
965 1325
966 1030
966 1790
966 1932
968 1286
968 1640
970 1340
973 1393
974 1614
974 1946
975 1829
976 1169
976 1687
977 1581
977 1651
977 1655
979 1226
979 1358
979 1895
980 1909
981 1110
982 1553
983 1107
983 1450
984 1399
984 1570
984 1655
985 1274
985 1363
985 1489
986 1719
987 1366
988 1058
988 1401
990 1898
992 1995
993 1332
993 1672
997 1491
998 1181
998 1658
998 1803
999 1355
1000 1856
1001 1537
1002 1344
1002 1670
1003 1748
1005 1180
1005 1609
1005 1786
1006 1782
1006 1957
1007 1375
1007 1888
1008 1416
1009 1225
1009 1423
1009 1581
1011 1686
1012 1266
1013 1135
1014 1069
1015 1659
1015 1723
1015 1915
1016 1974
1017 1744
1018 1061
1019 1185
1021 1126
1021 1857
1022 1155
1022 1876
1023 1498
1024 1338
1025 1595
1025 1622
1025 1895
1027 1156
1028 1210
1029 1306
1029 1395
1030 1552
1031 1579
1032 1368
1032 1376
1032 1446
1032 1556
1033 1130
1034 1559
1034 1570
1035 1103
1035 1954
1036 1125
1036 1691
1037 1229
1037 1427
1038 1098
1038 1218
1038 1495
1038 1712
1040 1884
1041 1542
1041 1751
1043 1229
1045 1581
1046 1143
1046 1213
1047 1979
1049 1286
1049 1948
1049 1976
1050 1429
1051 1772
1051 1779
1052 1798
1053 1380
1054 1472
1054 1553
1054 1566
1054 1578
1054 1930
1055 1557
1056 1116
1057 1079
1057 1370
1058 1672
1058 1957
1060 1264
1060 1569
1061 1177
1061 1259
1061 1303
1061 1906
1062 1483
1063 1603
1064 1716
1064 1949
1065 1347
1066 1324
1067 1370
1067 1504
1069 1640
1069 1928
1070 1106
1070 1113
1070 1542
1070 1552
1072 1347
1072 1389
1072 1444
1072 1514
1072 1728
1073 1236
1073 1362
1073 1451
1073 1494
1074 1139
1075 1187
1076 1286
1078 1115
1079 1822
1080 1314
1080 1826
1080 1840
1081 1164
1082 1388
1082 1824
1083 1809
1084 1144
1084 1885
1086 1201
1087 1184
1088 1546
1092 1905
1092 1949
1093 1803
1093 1811
1094 1349
1094 1946
1096 1513
1096 1570
1097 1314
1097 1666
1098 1150
1098 1345
1100 1249
1101 1543
1101 1624
1102 1247
1103 1787
1106 1487
1107 1934
1108 1659
1108 1714
1108 1841
1108 1884
1109 1972
1111 1187
1111 1819
1112 1678
1113 1528
1113 1529
1113 1776
1114 1442
1114 1613
1114 1840
1116 1866
1119 1525
1119 1998
1121 1488
1123 1609
1123 1935
1124 1482
1124 1976
1125 1421
1125 1504
1125 1854
1125 1886
1125 1990
1126 1766
1127 1143
1127 1212
1127 1334
1127 1911
1127 1919
1128 1604
1129 1154
1130 1842
1130 1999
1132 1153
1132 1841
1132 1979
1133 1207
1136 1189
1138 1517
1138 1595
1139 1526
1142 1522
1142 1599
1142 1789
1142 1998
1143 1652
1144 1557
1144 1587
1145 1279
1146 1858
1147 1942
1150 1171
1150 1877
1151 1612
1152 1609
1152 1779
1153 1342
1154 1313
1154 1702
1155 1195
1155 1527
1156 1849
1157 1325
1159 1794
1160 1380
1160 1513
1160 1536
1160 1552
1161 1612
1161 1671
1162 1970
1163 1527
1165 1284
1165 1387
1165 1449
1165 1796
1169 1248
1169 1457
1170 1352
1171 1289
1171 1996
1172 1338
1172 1656
1173 1580
1174 1259
1174 1361
1177 1233
1178 1730
1180 1435
1181 1189
1181 1328
1182 1567
1183 1734
1183 1970
1184 1361
1184 1950
1186 1792
1187 1211
1187 1748
1189 1257
1190 1313
1190 1638
1192 1273
1194 1455
1194 1516
1194 1920
1195 1748
1196 1326
1198 1875
1199 1625
1200 1366
1200 1368
1200 1546
1201 1646
1201 1840
1204 1428
1205 1774
1206 1377
1207 1351
1207 1519
1208 1533
1209 1323
1209 1641
1209 1675
1210 1704
1213 1690
1214 1950
1215 1290
1215 1501
1215 1869
1215 1886
1215 1962
1216 1232
1216 1686
1216 1966
1217 1256
1217 1505
1218 1520
1221 1651
1221 1912
1223 1485
1223 1503
1224 1847
1225 1498
1225 1960
1227 1842
1228 1681
1229 1689
1232 1301
1232 1737
1233 1532
1235 1360
1235 1451
1236 1299
1237 1459
1237 1874
1239 1284
1239 1669
1242 1432
1242 1593
1243 1634
1243 1856
1245 1713
1246 1488
1246 1772
1251 1302
1251 1656
1252 1663
1253 1603
1254 1844
1255 1867
1256 1802
1257 1642
1257 1662
1259 1376
1259 1620
1260 1546
1260 1547
1261 1473
1262 1922
1263 1592
1264 1670
1264 1883
1267 1980
1268 1995
1269 1314
1269 1863
1270 1347
1271 1470
1271 1616
1271 1994
1272 1424
1272 1860
1273 1756
1275 1340
1275 1764
1275 1945
1276 1411
1276 1738
1277 1512
1281 1983
1282 1644
1283 1428
1283 1886
1285 1791
1288 1681
1289 1981
1290 1727
1291 1308
1291 1356
1292 1900
1294 1810
1296 1606
1297 1432
1298 1586
1299 1940
1300 1393
1300 1725
1300 1776
1302 1765
1302 1934
1303 1682
1303 1865
1305 1417
1305 1429
1305 1505
1305 1669
1306 1437
1306 1547
1307 1371
1307 1861
1308 1405
1309 1749
1309 1958
1311 1872
1312 1489
1312 1629
1314 1654
1316 1426
1316 1507
1316 1574
1317 1341
1320 1328
1320 1536
1322 1600
1322 1707
1323 1757
1327 1371
1327 1693
1328 1376
1328 1572
1330 1812
1331 1382
1331 1429
1331 1721
1334 1636
1334 1990
1335 1342
1336 1827
1338 1665
1338 1836
1339 1387
1340 1663
1344 1682
1346 1461
1346 1489
1347 1997
1349 1547
1349 1663
1350 1549
1350 1835
1352 1369
1352 1798
1353 1489
1354 1581
1354 1959
1355 1578
1355 1690
1357 1908
1361 1641
1362 1605
1363 1829
1364 1942
1365 1681
1366 1512
1366 1763
1368 1947
1369 1390
1371 1785
1372 1966
1373 1412
1375 1545
1375 1954
1377 1657
1378 1537
1380 1737
1381 1934
1384 1597
1386 1474
1386 1993
1387 1504
1387 1672
1387 1998
1389 1875
1393 1547
1393 1697
1394 1476
1394 1717
1394 1727
1395 1837
1396 1721
1397 1859
1398 1695
1399 1786
1399 1922
1401 1521
1401 1934
1404 1943
1405 1660
1406 1528
1406 1605
1408 1728
1410 1896
1411 1818
1411 1931
1412 1970
1413 1502
1415 1539
1419 1954
1420 1773
1421 1942
1422 1755
1426 1891
1427 1664
1429 1535
1430 1584
1431 1798
1432 1456
1432 1482
1432 1586
1432 1750
1433 1876
1433 1945
1433 1949
1435 1949
1437 1861
1438 1756
1438 1803
1439 1722
1440 1970
1441 1968
1442 1802
1444 1459
1446 1507
1446 1562
1447 1959
1448 1488
1450 1696
1452 1638
1452 1961
1452 1991
1453 1851
1457 1458
1457 1661
1457 1964
1458 1630
1459 1675
1459 1942
1460 1662
1461 1698
1462 1904
1463 1549
1463 1824
1463 1934
1464 1754
1466 1807
1467 1536
1467 1789
1470 1495
1470 1585
1470 1707
1472 1529
1473 1766
1474 1961
1476 1515
1477 1927
1478 1739
1480 1496
1481 1888
1482 1600
1482 1826
1482 1914
1484 1678
1486 1910
1487 1608
1487 1683
1489 1824
1489 1900
1492 1893
1493 1680
1498 1504
1498 1672
1499 1608
1499 1758
1502 1802
1503 1716
1505 1566
1505 1637
1506 1754
1509 1623
1509 1863
1510 1741
1512 1718
1513 1716
1514 1860
1516 1690
1517 1817
1518 1769
1518 1887
1522 1715
1522 1780
1522 1894
1523 1577
1523 1937
1524 1607
1524 1803
1526 1532
1526 1958
1527 1693
1527 1768
1527 1994
1529 1545
1530 1849
1531 1558
1534 1751
1535 1723
1536 1793
1537 1667
1537 1721
1538 1972
1539 1555
1539 1783
1542 1814
1542 1847
1545 1800
1547 1876
1547 1917
1548 1876
1549 1560
1549 1622
1551 1995
1552 1639
1555 1841
1557 1577
1559 1752
1561 1575
1562 1917
1562 1934
1567 1803
1569 1668
1570 1696
1571 1872
1572 1952
1574 1628
1575 1826
1577 1662
1577 1977
1578 1601
1578 1725
1578 1915
1583 1943
1585 1838
1585 1998
1586 1965
1589 1952
1592 1903
1593 1619
1594 1656
1595 1919
1596 1795
1598 1744
1598 1806
1600 1750
1605 1879
1607 1835
1608 1638
1611 1873
1612 1780
1614 1748
1615 1879
1617 1833
1618 1638
1618 1693
1618 1842
1618 1865
1618 1970
1620 1801
1622 1946
1623 1968
1624 1915
1625 1683
1625 1807
1625 1911
1630 1796
1631 1986
1632 1730
1635 1888
1639 1996
1641 1650
1641 1858
1643 1747
1643 1757
1644 1730
1644 1964
1646 1707
1646 1750
1648 1864
1649 1739
1653 1732
1654 1841
1658 1858
1659 1865
1660 1832
1661 1717
1663 1960
1665 1868
1665 1994
1666 1871
1668 1686
1668 1925
1669 1763
1669 1869
1673 1917
1678 1683
1682 1863
1684 1747
1685 1713
1686 1908
1691 1798
1692 1857
1695 1932
1696 1966
1697 1962
1697 1984
1698 1753
1698 1955
1700 1731
1700 1818
1703 1933
1704 1903
1704 1989
1706 1846
1706 1977
1709 1722
1709 1971
1710 1727
1711 1775
1713 1777
1714 1765
1716 1783
1717 1875
1723 1773
1729 1996
1736 1809
1743 1856
1747 1778
1749 1846
1752 1856
1758 1773
1761 1786
1762 1840
1765 1838
1765 1840
1765 1945
1766 1901
1767 1950
1770 1951
1773 1912
1775 1856
1776 1799
1776 1947
1777 1923
1779 1995
1782 1902
1782 1975
1786 1857
1788 1896
1789 1896
1793 1871
1795 1852
1796 1934
1797 1956
1799 1836
1802 1822
1803 1805
1806 1841
1808 1843
1816 1989
1834 1938
1838 1946
1843 1897
1845 1980
1845 1982
1849 1864
1854 1986
1857 1883
1858 1902
1868 1995
1869 1937
1872 1939
1895 1979
1931 1951
1935 1997
1970 1995
1982 1993
1982 1999
