2000 2976
55
27
66
37
66
78
84
97
42
92
63
92
5
80
71
27
97
25
42
59
89
71
57
6
52
79
23
84
93
46
15
11
58
12
24
84
1
82
41
43
43
1
5
15
31
9
27
70
88
84
22
17
90
86
81
8
41
95
32
22
6
56
61
64
85
59
58
13
30
88
38
82
89
37
29
37
67
85
25
18
11
77
56
18
72
46
69
3
30
44
34
60
1
59
90
2
26
32
78
55
22
65
68
49
69
81
1
55
97
88
31
88
41
79
7
11
95
54
99
52
38
75
19
97
52
73
62
99
39
68
28
46
77
67
80
19
36
90
16
73
34
52
53
4
76
48
15
6
61
27
32
60
40
37
7
41
33
97
74
50
4
39
33
36
93
52
87
100
95
83
3
61
73
63
21
62
5
82
93
20
57
93
72
85
55
6
78
41
79
66
37
14
78
99
41
58
72
1
21
6
87
65
52
44
42
87
47
82
33
69
36
97
62
40
18
86
85
10
64
86
6
44
84
94
70
49
85
29
85
82
74
8
84
5
96
33
97
68
53
69
35
32
67
100
79
85
96
83
15
14
8
23
4
54
67
62
25
35
97
82
76
78
69
74
54
51
36
31
36
61
60
23
31
25
76
39
28
45
89
44
64
96
28
83
100
55
66
41
83
44
50
52
54
18
95
17
63
50
100
5
91
10
65
42
33
52
99
12
73
87
93
80
59
62
16
43
9
37
68
69
71
25
88
55
96
43
43
2
92
25
8
60
100
31
78
49
10
35
55
30
23
37
94
65
73
61
9
67
57
33
1
38
6
33
71
28
69
70
70
11
90
93
47
87
59
37
64
81
48
50
98
100
55
24
54
93
57
46
77
26
58
63
28
30
19
23
2
77
50
65
76
86
12
33
83
50
69
20
96
33
33
9
53
45
29
40
94
57
55
30
56
58
41
52
97
5
49
35
28
63
16
45
99
52
3
93
46
50
93
95
17
50
98
15
87
82
77
95
65
75
22
72
73
20
36
40
98
79
95
92
47
57
50
99
69
76
48
90
68
32
41
28
78
17
45
81
13
51
54
51
41
83
6
13
33
36
39
36
20
72
43
48
76
84
94
79
4
28
22
76
35
22
96
3
88
79
87
75
38
81
71
79
79
58
63
5
46
32
85
67
64
46
70
100
53
58
59
28
98
52
73
3
89
96
88
61
37
65
33
4
33
84
41
27
65
3
91
16
21
39
53
74
17
33
72
78
38
8
89
95
30
35
75
97
2
100
53
64
65
66
71
84
99
100
5
31
90
6
41
73
23
60
99
63
16
53
67
44
92
51
99
71
26
93
54
31
92
17
30
87
86
95
48
33
13
84
45
58
53
17
89
84
98
45
44
17
81
35
87
8
59
77
41
22
37
54
64
37
15
31
58
89
33
62
21
13
21
55
67
3
61
79
36
58
8
88
94
34
84
35
43
52
52
19
22
18
58
72
95
45
54
79
12
44
14
44
44
29
12
59
51
37
99
78
5
14
37
91
12
78
77
6
56
96
18
48
64
71
3
54
68
56
92
90
89
34
8
9
14
33
63
84
22
22
89
83
74
75
2
100
73
33
95
4
93
48
53
14
28
66
81
19
73
57
17
39
62
59
15
62
31
5
84
81
29
46
19
82
95
10
62
92
73
4
40
95
48
50
39
56
76
4
20
79
64
6
97
71
75
70
69
59
77
72
18
22
50
45
3
13
99
61
29
29
36
98
9
14
16
5
80
92
61
99
47
4
39
3
61
78
77
94
5
57
79
50
67
8
11
92
93
31
77
76
95
32
58
11
7
98
85
42
96
16
85
57
30
96
34
43
24
31
52
81
57
76
27
85
80
34
11
96
59
28
77
44
81
71
1
39
27
97
77
17
16
23
88
98
22
76
26
5
52
55
25
23
1
85
4
84
37
37
82
59
66
25
54
22
92
80
76
69
13
72
53
92
61
69
15
19
66
14
14
22
39
46
84
78
25
71
96
36
13
36
54
91
92
37
37
41
43
58
84
56
94
66
68
24
31
74
94
40
32
38
90
21
84
71
43
25
34
63
80
62
90
18
20
33
25
16
11
67
40
86
55
37
29
72
65
22
14
61
16
45
79
60
12
41
9
24
62
93
40
54
1
96
91
23
6
60
49
19
49
44
42
44
71
27
62
74
1
68
13
98
7
39
71
95
54
13
17
52
68
95
50
1
27
50
40
76
68
76
7
14
64
8
81
40
31
18
31
23
91
9
83
1
97
22
57
71
10
97
15
30
28
4
26
78
16
3
20
17
49
63
92
38
6
38
68
99
1
3
64
73
65
83
65
95
48
97
42
56
9
35
3
33
2
42
100
97
1
18
82
79
78
66
66
27
22
31
11
41
69
72
2
25
88
6
4
81
13
43
70
26
50
58
12
82
27
5
34
45
42
60
59
79
85
80
71
40
48
15
95
9
33
100
18
38
28
50
45
89
93
70
70
2
43
80
56
87
74
95
78
47
88
61
78
67
13
20
63
77
44
92
37
5
73
87
63
71
47
70
32
11
83
73
96
35
62
82
9
65
9
47
13
50
62
77
90
60
22
16
48
48
46
29
65
59
7
33
75
7
95
96
28
77
33
72
15
92
56
51
47
21
21
98
44
23
58
70
2
95
51
77
89
60
29
1
34
40
6
18
40
3
36
7
69
94
35
8
10
52
78
27
72
78
29
94
51
40
77
90
78
74
57
76
9
70
52
14
99
72
14
4
44
50
56
21
1
59
55
33
7
56
37
93
2
63
5
57
97
78
51
1
94
35
81
93
80
68
75
37
14
10
8
67
88
58
11
3
29
86
75
41
13
72
70
15
68
96
68
67
32
14
75
100
24
15
96
28
32
92
77
54
49
94
80
64
3
84
29
84
27
37
68
2
87
78
70
6
10
19
1
88
47
44
18
45
1
6
99
64
69
52
32
37
73
37
49
52
3
65
15
10
48
89
36
19
79
13
37
16
21
28
1
5
6
37
53
46
8
10
45
7
87
7
85
95
60
61
89
33
57
72
30
26
10
79
80
73
41
14
69
47
54
99
64
13
83
58
37
54
20
50
62
2
11
96
99
19
53
80
33
91
36
67
88
68
67
57
71
57
4
100
79
10
19
22
20
11
26
35
1
47
44
14
94
14
60
6
65
43
61
67
56
38
11
27
88
4
18
97
18
14
97
85
21
3
52
80
74
62
34
21
73
48
59
78
25
88
19
77
21
54
16
28
77
94
18
83
68
3
53
29
55
30
98
60
19
10
44
82
49
27
23
23
64
8
19
77
62
84
7
64
75
13
33
59
59
23
92
9
69
25
55
92
54
28
5
45
75
52
23
55
14
75
33
33
63
68
22
63
17
54
5
54
41
33
23
14
17
47
69
27
25
18
16
57
14
61
89
51
4
23
39
70
13
86
2
64
72
40
20
1
88
50
75
54
14
76
46
35
55
91
74
95
34
76
9
91
58
14
45
12
16
31
77
82
70
93
46
71
74
52
40
27
93
44
39
47
14
94
6
100
17
76
4
63
3
9
34
8
47
3
40
64
88
32
71
63
74
3
43
38
8
2
76
91
77
9
22
22
92
34
16
17
74
48
41
19
23
35
77
95
1
24
51
51
10
35
89
94
42
59
68
69
64
36
13
62
18
11
61
5
37
32
72
79
30
21
65
100
87
99
27
45
88
2
34
21
46
84
24
38
32
64
17
28
98
96
81
60
89
45
98
35
8
75
93
48
47
41
99
60
79
73
77
80
68
70
60
23
27
36
49
75
71
13
17
81
35
96
25
36
15
100
22
51
26
18
72
86
78
21
17
63
18
27
20
50
11
54
19
29
73
69
85
38
85
42
36
18
8
95
26
81
11
86
77
80
81
98
91
98
47
57
21
98
30
46
2
3
75
61
90
13
65
85
48
9
36
59
90
65
10
65
12
24
29
10
15
76
67
67
57
45
3
35
89
46
37
68
89
35
93
49
93
83
73
20
49
78
26
95
48
82
90
70
23
93
67
67
90
64
79
2
76
36
37
87
36
46
41
94
57
8
32
11
77
12
46
2
99
65
61
4
85
95
23
96
29
74
94
28
88
90
67
33
51
37
91
88
52
68
61
65
11
28
52
38
71
35
96
48
22
12
33
12
85
17
11
27
97
95
38
47
22
23
42
30
59
25
62
38
12
100
1
24
85
6
81
93
6
76
64
91
55
93
20
7
66
16
73
57
35
12
86
76
72
77
75
45
44
84
18
63
50
46
79
33
42
40
58
34
35
87
60
71
79
38
92
56
44
4
73
80
56
13
38
99
57
79
53
46
75
45
24
14
68
84
38
67
14
90
41
26
29
55
1
25
61
37
7
6
11
82
94
83
26
47
25
5
94
81
61
5
15
36
99
5
84
23
77
24
38
20
93
56
51
72
66
92
47
100
91
6
69
93
60
23
74
3
70
22
18
6
76
63
56
78
72
29
49
79
15
51
31
80
41
65
69
33
27
57
94
87
83
15
58
73
0 1476
1 166
1 891
1 1291
1 1498
2 711
3 404
3 465
3 801
3 1062
4 199
4 1496
5 665
5 1518
5 1777
6 10
6 115
6 333
6 381
6 709
6 1387
7 49
7 105
7 1260
7 1727
9 343
9 615
9 779
9 887
9 1050
9 1199
9 1610
9 1887
10 517
10 1122
10 1412
11 32
11 63
11 528
11 1607
11 1925
12 351
12 543
12 774
12 1655
12 1710
12 1987
13 266
13 1810
13 1824
13 1932
13 1977
14 580
14 1168
14 1171
14 1530
14 1829
15 130
15 192
15 1250
16 212
16 316
16 841
16 1018
16 1303
16 1436
16 1449
17 86
17 135
17 678
17 1548
17 1772
18 25
18 1262
18 1696
18 1854
19 119
19 535
19 543
19 1458
20 97
20 409
20 422
20 624
20 853
20 1144
20 1790
21 130
21 318
21 1900
22 1021
23 814
23 1818
24 857
24 1558
25 146
25 1207
25 1899
26 131
26 754
26 931
26 989
26 1811
26 1817
26 1945
27 820
28 96
28 925
28 1927
29 221
29 796
30 131
31 328
31 821
31 1393
31 1479
32 1006
32 1216
32 1638
32 1863
32 1985
33 1144
33 1449
34 1042
34 1258
34 1757
35 77
36 251
36 769
36 816
36 1443
37 1091
37 1977
38 219
38 977
39 181
39 228
39 652
39 1562
40 1311
41 1219
42 50
42 332
42 1036
42 1915
43 1078
44 88
44 1100
46 1031
46 1219
46 1284
47 230
47 579
47 1963
48 762
48 1093
48 1201
48 1303
49 445
49 1001
49 1106
49 1684
49 1955
50 771
50 1568
51 952
51 996
51 1596
51 1612
52 707
52 1265
52 1590
53 399
53 1632
54 56
55 891
55 1413
55 1589
56 264
56 560
57 753
58 454
59 726
60 91
60 1217
60 1221
60 1644
60 1983
61 723
61 1290
61 1730
61 1961
62 206
62 403
62 688
62 984
62 1468
62 1622
62 1641
64 120
64 296
64 1547
65 288
65 1521
65 1567
65 1958
66 130
66 360
68 724
68 1621
69 290
69 520
69 1104
69 1722
70 329
71 360
71 976
72 205
72 279
72 661
72 1732
73 1147
73 1442
74 1518
74 1586
74 1765
75 430
76 253
77 959
78 904
79 155
79 432
79 597
79 887
79 1272
79 1356
80 1495
80 1912
81 876
81 1498
82 393
82 1646
83 1043
83 1838
85 722
85 1627
86 102
86 128
86 1949
86 1956
86 1959
87 138
87 366
87 425
87 645
87 1968
88 757
88 795
88 1306
89 215
89 368
89 1210
89 1387
89 1531
90 278
90 511
90 529
90 895
91 329
91 332
91 697
91 1718
91 1821
91 1843
92 1080
92 1297
92 1301
92 1361
93 584
94 347
94 733
94 1675
94 1679
95 485
95 1966
96 639
96 1527
96 1808
97 365
97 929
97 947
97 1337
98 149
98 1334
98 1803
98 1926
99 1139
99 1569
99 1867
100 1154
100 1558
101 1280
101 1996
102 565
102 661
102 864
102 1033
102 1748
102 1769
103 1371
103 1643
104 136
104 515
104 886
104 917
106 863
106 1209
109 607
109 1395
109 1822
110 924
110 1025
110 1968
111 576
111 1219
112 892
112 1130
112 1880
113 326
113 592
113 633
113 1298
113 1723
114 549
115 134
115 1000
115 1647
115 1710
116 1304
116 1630
116 1634
117 309
117 514
117 858
117 1192
118 207
118 747
118 1933
119 139
119 347
119 637
119 1306
120 735
121 1095
121 1123
121 1265
122 151
122 508
122 1110
123 142
123 362
123 910
123 1477
123 1534
124 500
124 978
124 1250
125 152
125 1363
125 1690
125 1959
126 254
126 621
126 752
127 320
128 593
129 150
129 719
129 823
129 1188
129 1521
129 1780
129 1960
130 148
130 188
130 246
130 728
130 1028
131 426
131 442
131 846
131 1387
132 402
132 801
132 1348
132 1879
133 339
133 348
133 548
133 1186
133 1198
133 1655
133 1808
133 1963
134 598
134 811
134 1343
135 141
135 529
135 1202
136 461
137 190
138 341
138 1381
138 1708
138 1815
139 515
139 1502
139 1970
140 1462
140 1682
140 1832
140 1966
141 433
141 440
141 466
141 1616
141 1815
142 544
142 1008
142 1286
142 1736
142 1814
145 228
145 290
145 1887
146 402
146 1163
146 1498
146 1593
147 205
147 588
147 846
147 884
147 1916
148 756
148 1177
148 1420
148 1670
148 1776
149 280
149 613
149 1045
149 1559
150 336
150 1285
150 1370
151 546
151 677
151 994
151 1485
151 1692
152 1327
152 1835
152 1928
153 703
153 761
153 915
153 1631
154 462
154 1860
155 288
155 706
155 754
155 835
156 1754
157 622
157 1423
157 1560
158 908
159 1242
160 555
160 754
160 1066
160 1834
160 1937
160 1963
161 731
161 766
161 1825
161 1871
162 571
162 1742
163 245
163 460
163 843
163 858
163 1106
163 1316
164 1314
164 1327
165 713
165 886
166 748
166 877
167 229
168 312
168 700
168 1634
169 190
169 691
169 1341
170 205
170 322
170 1911
171 590
172 543
172 1230
172 1375
172 1474
172 1697
173 908
173 1257
173 1565
173 1856
173 1998
174 686
174 1076
174 1532
174 1563
175 1553
175 1695
177 1225
178 207
178 658
178 822
178 1739
179 1602
179 1894
180 207
180 334
180 557
180 1246
180 1958
181 253
181 580
181 1216
181 1673
182 193
182 1107
183 329
183 354
183 995
184 680
184 1269
184 1913
185 920
185 969
185 1148
185 1241
186 250
186 616
186 693
187 653
187 833
187 1741
187 1824
188 374
188 600
188 1541
189 1623
190 796
190 937
190 1548
191 787
191 1686
192 706
192 1226
194 480
195 825
195 1662
195 1734
197 310
197 797
197 1127
197 1572
198 297
198 482
198 909
199 1076
200 1075
200 1475
201 578
201 1867
202 1288
203 738
203 882
203 952
204 968
204 1125
204 1210
204 1591
206 596
206 1621
206 1626
206 1732
206 1993
207 262
207 1030
209 1202
209 1332
210 486
210 1880
210 1896
211 212
211 1036
211 1510
211 1811
211 1997
212 220
212 223
212 888
212 1087
212 1634
214 1157
214 1375
215 1125
216 1005
216 1095
216 1392
216 1761
217 1771
217 1983
218 1115
219 456
219 711
219 936
219 1040
220 538
220 598
220 636
220 909
220 1814
222 263
222 1431
223 682
224 1024
224 1736
225 295
225 373
226 344
226 391
226 824
226 1579
227 407
227 1130
228 283
228 292
228 1255
229 460
229 486
229 587
229 1437
229 1672
230 272
230 274
230 971
230 1640
230 1826
231 588
231 598
231 1199
231 1302
231 1495
234 1149
234 1970
235 487
235 1502
235 1621
236 530
237 1499
237 1666
237 1960
238 1335
239 716
239 1451
239 1464
239 1991
240 555
240 629
240 1261
240 1335
240 1643
240 1745
242 332
242 562
242 748
242 1575
243 532
243 1088
244 594
244 1272
244 1603
245 274
245 978
245 1235
246 874
246 1495
246 1507
246 1970
247 743
247 1150
247 1265
247 1810
248 1522
249 324
249 618
249 1772
250 301
250 505
250 574
250 925
250 980
250 1818
252 636
252 795
252 1756
253 500
254 1782
255 273
255 1417
255 1761
255 1808
257 420
257 737
257 1101
257 1118
257 1962
260 364
260 1086
260 1190
261 273
261 327
261 797
262 1411
263 601
264 1219
264 1266
264 1589
265 1339
265 1397
265 1952
266 1628
266 1852
266 1923
267 1804
268 1440
268 1576
268 1584
268 1995
269 488
269 571
269 1331
270 1171
270 1344
271 972
271 1040
271 1933
272 871
272 1199
272 1459
272 1709
273 636
273 715
274 1511
274 1661
275 750
275 786
275 971
275 987
275 1304
276 358
276 551
276 727
276 857
276 1272
277 346
277 1732
278 434
278 634
278 1124
279 330
279 987
279 1313
280 1033
280 1192
280 1983
281 1274
281 1648
282 1291
282 1810
283 875
283 1275
284 522
284 1106
284 1349
284 1587
285 506
285 1555
286 1342
286 1466
287 414
287 1539
288 827
288 1732
289 377
289 945
290 396
290 1118
290 1604
291 439
291 502
291 1580
292 828
293 420
293 816
293 1966
294 428
294 1254
294 1813
296 636
297 708
297 1410
297 1646
297 1683
298 467
299 483
299 1262
300 380
300 851
300 1590
301 589
301 1276
301 1573
301 1714
302 978
302 1077
302 1195
302 1322
302 1739
303 916
303 1098
303 1248
303 1670
304 1140
304 1305
304 1810
305 643
305 1123
306 442
306 642
306 779
306 1307
306 1623
307 1000
307 1842
308 413
309 961
309 1336
309 1795
310 798
310 1320
310 1384
311 781
311 1334
311 1680
312 1006
312 1012
312 1208
312 1713
313 715
313 1055
313 1291
313 1769
314 993
314 1751
315 1678
317 1404
317 1520
318 648
318 1581
319 1767
319 1784
320 1602
321 426
321 665
321 1617
322 882
322 1111
322 1538
323 1008
323 1062
323 1244
323 1469
324 731
324 1845
325 1119
325 1236
325 1446
325 1803
326 896
326 959
327 1944
328 436
328 1323
328 1981
329 1468
330 1272
330 1413
330 1752
331 1564
331 1955
332 406
332 789
332 956
332 1110
332 1753
333 666
333 730
333 863
334 1777
335 435
335 697
336 1090
337 1601
338 647
338 814
338 1231
338 1435
338 1643
339 1183
339 1699
339 1738
339 1760
339 1951
340 849
340 918
341 896
341 1664
343 661
343 822
343 1509
343 1910
344 953
344 1490
345 1967
345 1984
346 1388
347 458
347 634
347 663
347 963
347 1280
347 1816
348 948
349 611
350 680
350 792
350 1113
351 802
351 825
352 498
352 672
352 1320
353 718
353 965
353 1215
355 1239
355 1576
357 1274
358 581
358 1954
358 1967
359 668
359 1220
360 1012
361 1257
362 845
362 931
362 1690
362 1708
363 1987
364 433
364 448
364 1425
365 1231
366 551
367 1349
367 1383
368 1851
368 1969
370 1658
370 1829
371 716
371 1492
372 858
372 1417
373 911
375 1436
375 1675
375 1799
376 1875
377 943
378 1477
379 543
379 681
380 977
380 1648
380 1842
381 1198
381 1700
382 406
382 598
382 976
382 1961
384 412
384 762
384 1751
385 845
386 1031
386 1144
386 1317
386 1993
387 1032
388 406
388 891
388 1462
389 871
389 1397
389 1521
389 1811
390 1784
391 569
391 705
392 466
392 917
392 1069
393 440
393 604
394 645
394 1014
394 1325
395 1264
396 680
396 1158
396 1693
397 1531
397 1869
397 1926
398 1004
399 942
399 1232
399 1301
400 1179
400 1502
401 992
401 1056
401 1221
402 534
402 798
402 1544
403 600
403 1583
404 1071
404 1702
405 505
407 1454
407 1497
407 1563
407 1726
408 908
408 1399
408 1672
408 1829
408 1960
409 543
409 848
409 1017
409 1707
409 1971
410 837
411 986
411 1285
411 1963
412 437
412 463
412 1461
413 1224
413 1714
414 1159
414 1509
415 568
415 1557
415 1722
416 1680
417 1026
417 1243
417 1622
418 977
418 1079
418 1207
418 1711
419 1164
419 1172
419 1200
419 1772
420 611
420 1363
420 1797
420 1931
421 1334
421 1996
423 1132
424 1115
425 665
425 1079
425 1941
426 495
426 537
426 784
426 949
426 1211
426 1222
426 1305
426 1568
426 1705
427 543
427 1438
428 1990
429 779
429 1596
429 1862
431 925
432 1200
432 1444
432 1617
433 874
433 1566
434 1107
434 1523
435 621
435 1561
436 471
438 1041
438 1710
438 1848
439 696
439 1173
439 1195
440 581
440 857
441 1449
442 764
442 1464
444 1001
444 1723
444 1868
445 819
445 1026
445 1188
446 1079
446 1203
447 1008
447 1578
448 451
448 489
449 639
449 1616
450 839
450 1654
450 1914
450 1917
451 810
452 596
452 1826
453 1313
453 1993
454 577
454 777
454 901
454 1223
455 720
455 1713
455 1737
456 1570
458 1198
459 1131
459 1417
460 1201
460 1710
460 1867
460 1945
461 492
461 1029
461 1730
462 1438
462 1483
462 1761
463 1063
463 1212
464 649
465 1038
465 1048
465 1800
466 1193
467 1261
467 1389
467 1802
468 577
468 751
468 1959
469 1451
470 1371
470 1501
470 1620
471 1224
471 1242
472 714
472 780
472 1862
473 1064
474 844
474 1067
474 1784
474 1972
475 1577
476 482
476 498
477 628
477 1866
478 1181
478 1322
478 1361
478 1440
478 1861
479 512
480 523
480 1254
481 1730
482 577
482 722
482 901
482 1259
482 1338
482 1587
482 1931
483 487
483 1217
483 1505
484 1896
486 620
486 784
486 1044
486 1848
487 1524
487 1741
488 950
488 1079
488 1469
488 1909
488 1919
490 1447
490 1856
493 1152
493 1186
493 1239
493 1782
494 712
494 1997
496 848
496 1716
496 1931
497 516
497 1672
498 520
498 1428
498 1840
499 1768
500 834
500 1195
500 1253
500 1697
501 1041
501 1269
502 1366
502 1373
502 1890
503 1681
504 1258
505 669
505 953
506 647
506 1172
506 1768
507 561
507 711
507 786
507 890
508 1204
508 1563
509 1484
510 563
510 1739
511 855
511 1132
511 1213
512 994
512 1225
512 1363
513 944
513 1479
513 1834
514 758
514 1042
514 1667
514 1845
514 1967
515 619
515 1598
516 1115
516 1984
517 843
518 865
518 1045
519 663
519 875
520 1880
520 1980
521 1361
521 1527
521 1795
522 716
522 1492
523 849
523 1124
523 1411
523 1525
523 1587
524 741
524 816
524 949
524 1230
524 1559
526 918
526 919
527 833
527 1434
528 1332
528 1354
530 1432
530 1478
531 594
531 1085
533 1325
534 1571
535 613
535 1980
537 791
537 1985
538 613
538 1221
539 582
539 1446
539 1700
540 743
540 748
542 772
542 984
542 1000
542 1874
542 1937
543 1442
543 1622
544 1102
544 1152
544 1192
545 805
546 847
546 958
546 1753
546 1933
547 1484
548 914
548 1201
548 1219
548 1402
549 1144
549 1496
550 609
550 812
551 1817
552 1798
553 582
553 587
553 626
553 1407
554 1185
556 1361
556 1838
557 737
557 891
557 1091
557 1598
558 759
558 1281
559 1335
559 1756
559 1799
560 776
560 973
560 1145
560 1334
561 713
562 1584
563 589
563 676
564 602
564 970
564 1557
565 731
565 967
565 1000
565 1653
565 1980
566 725
566 796
566 1576
566 1786
567 674
567 818
567 1036
567 1170
567 1462
568 885
568 1263
569 610
569 1298
569 1521
570 850
570 1039
571 904
571 1698
571 1919
573 771
573 1157
575 921
575 1306
575 1789
576 708
576 1393
577 1033
577 1347
577 1359
578 944
579 1010
581 819
582 1945
583 1166
583 1897
584 878
584 990
584 1983
585 692
586 675
586 1040
586 1220
586 1586
586 1595
589 831
589 1094
589 1125
589 1200
589 1229
589 1380
589 1566
590 842
590 918
590 1106
590 1638
591 973
591 1442
592 934
592 1519
593 795
593 1038
593 1212
593 1707
594 1378
594 1717
595 866
595 1678
595 1886
596 1596
596 1749
597 844
598 963
598 1940
599 847
599 1482
599 1538
599 1586
599 1635
599 1988
600 1257
600 1987
602 976
602 1335
602 1881
604 1194
604 1732
605 1670
605 1832
606 881
606 1365
606 1439
607 1120
608 1369
608 1379
608 1547
609 858
611 937
611 1096
612 959
612 1469
612 1908
613 1468
614 752
616 625
616 885
617 642
617 1149
618 1249
618 1441
618 1563
618 1735
619 1298
620 785
621 1013
621 1687
622 807
623 1426
623 1482
624 1038
626 1842
626 1874
627 1381
627 1479
627 1833
629 1161
630 1130
630 1555
632 1607
632 1970
633 1721
634 1901
635 1368
635 1388
635 1463
635 1555
636 696
636 742
636 810
636 1000
636 1909
636 1931
637 819
637 1583
637 1607
637 1721
638 1741
638 1931
640 869
641 982
641 1748
641 1822
643 784
643 1011
643 1311
643 1400
643 1424
645 758
645 1099
645 1866
645 1899
646 923
647 1841
648 1691
648 1757
649 1527
649 1559
649 1851
650 1721
652 1010
652 1666
653 669
653 966
653 1114
653 1395
653 1805
655 973
655 1379
655 1618
656 761
656 1291
656 1551
657 1223
657 1988
658 923
658 1337
658 1615
658 1943
659 689
659 919
660 1145
660 1222
660 1965
661 1670
661 1985
662 1046
663 1038
663 1473
664 710
664 944
664 1057
664 1509
666 684
666 1439
667 1015
667 1352
668 1056
668 1633
668 1967
670 1242
671 729
671 1591
671 1892
672 699
672 1766
672 1894
673 1720
674 1387
675 847
675 1049
675 1197
676 949
676 1080
677 746
677 1706
678 972
678 1017
678 1657
678 1748
678 1842
679 1202
680 906
680 930
680 1750
681 1252
682 863
682 1791
682 1810
683 1440
683 1823
685 1695
687 1152
687 1241
687 1706
688 957
688 975
688 1293
688 1446
688 1563
689 1497
689 1801
690 982
691 1917
692 739
692 1123
692 1487
693 1947
694 858
695 736
695 799
695 1564
696 1769
696 1906
697 901
697 1316
698 965
698 1993
699 1073
699 1411
699 1457
700 1236
700 1634
701 1116
703 1169
703 1602
704 1101
704 1837
705 933
705 1149
705 1765
706 726
706 782
706 1751
706 1796
707 1012
707 1106
708 1534
709 929
710 1891
710 1957
711 1316
711 1397
711 1437
713 1626
714 715
714 774
714 1663
715 842
715 1531
715 1601
718 1771
718 1878
720 767
720 952
720 1512
721 1148
721 1380
723 785
724 1078
725 1285
726 1104
726 1232
726 1661
727 1893
728 1028
728 1507
728 1993
729 1383
729 1780
731 862
731 982
732 748
733 1632
734 999
735 1455
736 1020
736 1990
737 1630
739 817
739 1228
739 1300
740 1008
740 1506
741 865
741 1214
741 1433
742 1000
742 1220
743 1178
743 1660
744 1139
745 837
745 1292
746 1211
747 898
747 1149
747 1949
748 1078
749 1410
750 1200
752 1775
753 1189
753 1352
753 1751
753 1778
753 1797
754 869
754 1106
755 1113
755 1797
756 1289
756 1424
757 1197
757 1417
758 865
758 1322
759 1158
759 1466
759 1858
759 1997
760 1250
760 1972
761 1795
762 879
762 1998
763 1520
764 1204
765 1255
765 1290
765 1604
765 1876
766 1012
767 816
767 1345
767 1365
767 1723
767 1807
768 871
769 1202
769 1797
770 776
770 1065
770 1435
772 952
773 909
773 1609
773 1934
774 1906
775 1091
775 1812
775 1815
776 821
776 842
776 853
776 1183
776 1610
778 940
778 1298
779 803
779 1217
779 1506
779 1675
779 1826
780 1726
781 1227
782 1027
782 1402
782 1745
783 1042
783 1218
783 1629
783 1827
784 1167
784 1385
785 1471
786 855
786 1554
787 1550
787 1866
788 1116
789 1895
790 869
790 1506
791 1306
791 1353
791 1515
793 1587
793 1622
793 1681
794 1752
795 1416
795 1841
796 882
797 1182
797 1358
798 1652
798 1697
799 1433
800 1423
800 1459
800 1648
801 1120
801 1437
801 1678
801 1826
804 1739
805 1766
805 1935
806 1012
807 1735
808 1140
808 1271
808 1899
809 934
809 1081
810 1008
810 1818
810 1876
811 1836
812 1035
812 1321
814 1096
814 1391
814 1665
816 1367
817 1481
817 1684
818 1746
818 1791
820 1654
822 1440
822 1739
823 1617
823 1805
824 1410
825 1020
825 1928
826 1012
826 1978
828 1729
828 1748
829 920
829 1999
830 1211
830 1810
831 1952
832 1406
832 1444
832 1706
832 1925
836 1043
836 1363
836 1551
837 1555
838 1832
839 1724
841 1075
841 1747
843 1262
843 1862
843 1982
844 1322
844 1336
844 1785
845 1254
847 915
847 1318
847 1812
848 949
848 1646
848 1876
848 1958
851 1913
853 989
853 1549
853 1804
853 1870
854 1822
855 876
855 1320
855 1490
856 1684
857 1381
858 1406
858 1503
858 1840
859 1377
859 1390
862 1307
862 1776
862 1837
863 1251
863 1404
864 1898
864 1922
865 1757
867 1258
867 1572
868 1395
868 1828
869 875
869 1572
870 1850
872 1269
872 1327
872 1694
872 1894
873 1178
873 1302
873 1553
874 1155
874 1470
874 1861
875 1549
876 1381
877 1979
878 1348
878 1574
879 890
879 942
879 1238
879 1727
880 948
880 1029
880 1272
881 1501
881 1707
882 1472
882 1747
883 1376
883 1676
883 1949
884 1520
885 1316
885 1474
885 1572
886 1131
886 1142
886 1523
886 1805
886 1952
887 1389
887 1423
888 1438
888 1651
889 977
889 1172
891 1555
892 1106
892 1146
892 1208
893 1296
893 1596
893 1622
893 1983
894 1011
895 1590
895 1680
895 1942
896 1049
896 1270
897 1134
897 1343
897 1484
897 1490
898 1335
898 1369
898 1987
899 1062
899 1240
899 1448
899 1555
900 1232
901 1312
901 1920
902 1036
902 1435
902 1899
903 1990
904 1276
904 1697
905 1921
906 1202
907 1050
907 1134
907 1993
908 1480
909 1908
911 1233
911 1793
911 1931
912 1521
912 1700
913 1467
914 1356
914 1857
915 1522
915 1965
916 1112
916 1165
916 1702
916 1712
918 989
918 1413
920 943
920 964
920 965
920 1827
921 1151
922 1322
922 1582
923 1014
923 1417
923 1759
924 965
924 1783
926 1189
927 1441
927 1478
928 1277
928 1986
929 1038
929 1100
929 1293
929 1716
930 1985
931 1429
931 1633
932 1648
933 1863
938 1405
938 1643
939 1195
941 1452
941 1819
942 1200
942 1425
942 1669
942 1872
942 1929
943 992
943 1852
944 1088
944 1253
944 1561
946 1036
946 1080
946 1210
946 1607
947 1021
947 1835
947 1926
948 1762
948 1942
949 1291
949 1603
949 1983
950 1664
951 1655
951 1720
952 1693
955 1129
955 1494
955 1555
955 1851
956 1814
957 1422
959 1101
960 1742
961 1864
962 1235
964 1323
964 1481
965 1273
965 1340
965 1840
966 1578
966 1806
966 1884
967 1596
967 1607
968 1448
970 1208
970 1649
970 1915
972 1366
974 1585
975 1066
976 1048
976 1613
977 1007
977 1483
977 1561
978 1893
978 1897
978 1976
979 1821
980 1560
980 1568
981 1161
981 1567
982 1022
983 1318
983 1496
983 1711
984 1291
985 1125
985 1614
985 1750
986 1411
986 1842
987 1307
987 1481
988 1221
989 1904
990 1050
990 1062
990 1090
990 1417
991 1016
992 1223
994 1596
994 1686
995 1829
995 1898
996 1097
998 1028
998 1726
998 1782
999 1447
1000 1915
1001 1290
1002 1995
1003 1910
1004 1554
1004 1942
1005 1652
1005 1666
1006 1121
1006 1502
1007 1071
1007 1162
1008 1155
1009 1881
1011 1579
1012 1786
1013 1846
1014 1351
1014 1957
1015 1168
1016 1134
1016 1211
1016 1815
1017 1754
1018 1237
1019 1583
1019 1641
1020 1759
1021 1547
1021 1921
1022 1064
1022 1618
1023 1448
1023 1915
1024 1292
1024 1354
1025 1232
1025 1453
1027 1043
1027 1316
1027 1411
1028 1620
1029 1925
1030 1841
1031 1058
1031 1129
1031 1385
1032 1280
1033 1274
1033 1372
1033 1475
1033 1506
1033 1815
1034 1110
1034 1297
1034 1716
1035 1637
1035 1841
1037 1145
1039 1304
1039 1388
1040 1680
1045 1451
1045 1655
1046 1782
1047 1187
1048 1183
1048 1715
1048 1776
1049 1256
1050 1399
1050 1805
1051 1156
1052 1429
1052 1554
1052 1984
1054 1855
1055 1616
1055 1678
1056 1449
1056 1528
1056 1979
1057 1343
1058 1361
1058 1637
1059 1623
1059 1657
1059 1697
1060 1217
1060 1849
1060 1911
1061 1141
1061 1334
1061 1795
1064 1363
1066 1236
1066 1523
1067 1764
1068 1858
1069 1743
1069 1983
1070 1865
1072 1897
1074 1122
1074 1166
1074 1257
1074 1453
1074 1576
1078 1238
1078 1784
1079 1309
1079 1737
1080 1096
1080 1218
1080 1876
1081 1143
1083 1857
1083 1963
1084 1277
1084 1955
1085 1126
1085 1682
1086 1406
1087 1495
1089 1190
1090 1156
1090 1381
1090 1813
1092 1156
1092 1317
1092 1622
1092 1651
1093 1340
1094 1445
1094 1465
1094 1749
1095 1285
1096 1306
1097 1523
1098 1501
1098 1888
1099 1323
1101 1508
1101 1536
1102 1746
1102 1764
1103 1339
1104 1131
1104 1583
1107 1352
1107 1665
1108 1301
1109 1990
1111 1304
1113 1804
1113 1897
1113 1959
1114 1744
1117 1595
1117 1651
1118 1683
1120 1394
1121 1231
1121 1561
1122 1198
1122 1487
1122 1780
1123 1141
1123 1508
1128 1579
1129 1383
1129 1405
1129 1950
1130 1784
1131 1614
1132 1173
1132 1776
1135 1901
1135 1977
1136 1264
1136 1305
1136 1578
1136 1968
1136 1995
1137 1242
1137 1684
1138 1405
1139 1198
1139 1648
1140 1190
1141 1309
1141 1989
1142 1248
1142 1435
1143 1154
1143 1470
1143 1476
1145 1224
1145 1943
1146 1569
1146 1862
1148 1193
1149 1332
1149 1571
1150 1166
1150 1624
1150 1715
1151 1308
1151 1363
1151 1568
1152 1234
1152 1289
1152 1343
1157 1197
1158 1358
1158 1492
1160 1447
1160 1686
1162 1969
1163 1571
1163 1771
1164 1438
1165 1273
1166 1198
1167 1261
1170 1397
1170 1849
1171 1809
1171 1857
1171 1875
1172 1315
1173 1281
1173 1920
1174 1714
1175 1520
1175 1943
1176 1182
1176 1886
1177 1178
1177 1318
1177 1742
1178 1764
1179 1473
1179 1625
1179 1922
1180 1648
1180 1819
1181 1212
1181 1566
1183 1786
1184 1637
1186 1767
1188 1708
1188 1922
1190 1310
1190 1415
1190 1441
1191 1197
1191 1316
1191 1999
1193 1330
1194 1508
1195 1930
1196 1745
1196 1940
1197 1770
1198 1328
1198 1399
1199 1508
1201 1811
1202 1646
1202 1701
1202 1894
1205 1876
1206 1332
1207 1250
1209 1344
1209 1430
1209 1722
1209 1763
1210 1237
1211 1843
1212 1470
1212 1748
1212 1834
1213 1777
1214 1652
1215 1806
1217 1458
1217 1467
1217 1835
1217 1960
1218 1314
1219 1636
1219 1649
1220 1831
1220 1841
1221 1246
1221 1867
1221 1947
1222 1543
1223 1456
1223 1476
1224 1418
1224 1688
1224 1996
1226 1318
1226 1546
1226 1871
1226 1980
1227 1570
1227 1575
1228 1800
1232 1260
1232 1981
1233 1578
1235 1369
1235 1839
1236 1267
1236 1771
1236 1917
1237 1688
1238 1639
1239 1510
1239 1615
1239 1769
1239 1820
1240 1940
1241 1702
1241 1706
1241 1979
1244 1917
1244 1949
1245 1563
1245 1819
1245 1980
1246 1317
1246 1782
1248 1434
1248 1557
1251 1273
1251 1542
1251 1783
1251 1921
1252 1587
1253 1527
1253 1703
1254 1857
1254 1953
1255 1286
1256 1306
1259 1393
1259 1605
1259 1893
1261 1378
1262 1933
1263 1751
1264 1278
1264 1707
1264 1937
1266 1290
1267 1361
1267 1497
1268 1386
1270 1913
1272 1327
1272 1528
1273 1375
1273 1591
1273 1742
1275 1845
1277 1428
1277 1706
1278 1982
1280 1745
1281 1327
1282 1433
1283 1619
1285 1735
1286 1310
1286 1792
1287 1658
1288 1368
1289 1681
1291 1752
1292 1998
1293 1364
1293 1933
1294 1338
1295 1608
1296 1914
1297 1380
1297 1727
1297 1840
1298 1535
1298 1825
1299 1433
1299 1818
1299 1913
1299 1972
1299 1998
1300 1720
1301 1958
1303 1539
1304 1388
1304 1603
1305 1864
1306 1646
1306 1760
1307 1638
1307 1697
1310 1440
1310 1623
1311 1674
1311 1835
1311 1924
1313 1326
1316 1354
1316 1577
1316 1952
1317 1469
1317 1946
1318 1865
1319 1331
1320 1528
1320 1739
1322 1897
1323 1586
1323 1923
1324 1674
1326 1436
1327 1918
1328 1432
1330 1842
1331 1985
1333 1371
1333 1477
1334 1603
1335 1702
1338 1609
1341 1529
1343 1519
1343 1537
1343 1935
1344 1881
1345 1473
1345 1863
1346 1749
1346 1834
1347 1499
1347 1683
1348 1973
1349 1850
1350 1868
1351 1553
1352 1544
1352 1886
1354 1977
1355 1724
1355 1765
1355 1918
1357 1811
1358 1384
1359 1568
1359 1694
1360 1659
1360 1825
1361 1456
1361 1688
1363 1525
1369 1604
1370 1727
1370 1796
1371 1691
1371 1756
1373 1575
1373 1878
1375 1696
1376 1640
1376 1743
1377 1693
1377 1916
1379 1569
1380 1439
1382 1551
1382 1643
1382 1840
1382 1918
1384 1596
1384 1765
1385 1737
1387 1499
1388 1432
1389 1644
1389 1819
1392 1896
1395 1616
1396 1996
1398 1656
1399 1568
1400 1808
1400 1979
1402 1758
1403 1892
1404 1506
1404 1713
1405 1741
1406 1690
1408 1603
1408 1964
1413 1975
1413 1988
1416 1498
1416 1877
1417 1481
1418 1540
1421 1743
1423 1644
1425 1617
1426 1784
1428 1925
1429 1514
1433 1448
1433 1619
1435 1523
1437 1679
1438 1505
1438 1865
1441 1584
1441 1819
1442 1803
1442 1924
1442 1958
1443 1448
1443 1488
1445 1943
1445 1975
1446 1890
1448 1712
1449 1868
1452 1935
1454 1594
1455 1743
1460 1873
1461 1682
1462 1581
1462 1888
1466 1514
1468 1613
1468 1757
1469 1532
1469 1985
1470 1650
1471 1596
1475 1717
1477 1541
1477 1798
1477 1949
1477 1992
1480 1895
1480 1985
1482 1600
1486 1793
1486 1999
1488 1538
1488 1690
1491 1560
1493 1850
1496 1568
1498 1862
1499 1948
1503 1880
1505 1835
1505 1905
1507 1874
1509 1772
1512 1573
1513 1684
1515 1574
1516 1523
1516 1905
1517 1626
1517 1797
1517 1941
1518 1813
1520 1586
1520 1673
1526 1527
1526 1563
1526 1603
1526 1640
1527 1914
1528 1576
1528 1609
1528 1681
1528 1796
1529 1801
1530 1725
1530 1843
1534 1962
1537 1889
1538 1791
1539 1748
1539 1920
1540 1656
1540 1965
1540 1975
1541 1611
1542 1759
1543 1561
1546 1836
1546 1955
1548 1702
1549 1807
1549 1833
1550 1749
1554 1562
1554 1777
1554 1843
1555 1656
1558 1938
1559 1956
1560 1607
1560 1615
1561 1671
1563 1912
1567 1872
1568 1989
1569 1946
1570 1815
1572 1584
1572 1867
1572 1897
1572 1966
1577 1763
1577 1951
1578 1938
1581 1875
1581 1979
1583 1653
1583 1751
1587 1661
1589 1967
1591 1872
1594 1935
1595 1887
1595 1902
1596 1733
1598 1952
1601 1623
1605 1821
1611 1755
1613 1764
1615 1799
1616 1664
1617 1928
1618 1628
1618 1776
1619 1815
1622 1769
1622 1809
1629 1678
1632 1794
1633 1880
1635 1835
1638 1779
1640 1698
1643 1805
1644 1658
1647 1874
1651 1998
1656 1686
1656 1822
1657 1797
1663 1680
1664 1983
1669 1727
1675 1994
1677 1745
1679 1717
1679 1932
1685 1936
1687 1972
1688 1822
1691 1798
1693 1970
1694 1695
1696 1824
1696 1897
1697 1781
1697 1971
1701 1867
1703 1856
1703 1950
1707 1996
1710 1853
1714 1959
1719 1952
1719 1998
1720 1898
1722 1920
1722 1989
1725 1741
1727 1933
1727 1934
1729 1882
1729 1982
1732 1967
1732 1982
1734 1907
1734 1965
1737 1812
1739 1772
1748 1839
1750 1926
1755 1889
1756 1892
1760 1968
1767 1908
1769 1988
1772 1790
1776 1864
1778 1919
1778 1979
1778 1985
1786 1871
1791 1979
1794 1869
1795 1885
1797 1836
1800 1814
1802 1990
1808 1865
1809 1878
1816 1948
1820 1847
1820 1875
1823 1893
1824 1977
1824 1995
1834 1917
1834 1921
1839 1895
1841 1944
1860 1935
1863 1929
1869 1886
1874 1885
1878 1984
1878 1985
1887 1958
1889 1975
1895 1948
1897 1913
1899 1950
1910 1977
1913 1950
1918 1994
1934 1960
1939 1986
1946 1970
1952 1956
1965 1997
