2000 2933
45
28
38
4
72
60
89
84
60
83
59
26
67
19
83
23
5
33
33
50
62
45
69
86
46
12
32
51
6
49
7
94
84
16
84
39
76
49
44
34
78
52
30
52
1
2
91
15
10
47
3
59
56
5
85
21
89
86
66
70
80
13
90
55
61
59
20
57
83
78
59
1
85
49
11
89
46
2
12
93
30
19
60
7
64
35
14
43
89
95
64
20
58
29
89
29
72
69
44
98
30
42
5
29
90
59
13
22
81
99
2
76
52
27
65
22
98
100
78
99
46
4
58
2
73
33
64
14
27
41
5
52
84
56
36
1
68
35
25
99
31
48
37
30
60
30
42
64
4
23
82
16
62
59
7
34
21
52
52
72
97
82
52
21
44
49
46
96
91
87
39
16
37
47
15
86
1
8
83
50
77
68
5
83
1
84
24
5
83
27
70
41
54
42
85
81
53
53
82
33
9
66
25
93
8
96
37
68
32
80
22
60
46
38
79
71
49
37
32
79
73
100
3
20
42
76
30
46
64
24
31
53
18
39
85
92
23
19
14
96
87
85
75
71
99
94
82
4
43
21
100
100
56
52
17
56
35
43
65
57
15
98
65
1
73
70
54
41
25
70
33
65
92
84
18
23
69
62
64
95
18
100
88
26
77
21
59
16
81
20
64
96
34
16
96
2
27
6
45
88
51
83
52
36
47
91
25
1
9
5
74
81
61
17
38
67
62
53
98
53
26
38
37
73
63
78
97
5
10
88
1
46
44
85
28
88
96
92
73
61
92
72
21
57
76
5
60
30
51
97
35
40
62
97
92
35
3
90
83
38
51
77
36
69
85
8
35
11
99
13
51
93
58
86
100
33
2
6
7
17
75
44
40
51
36
23
46
50
79
87
45
87
62
20
87
24
65
67
22
33
76
85
6
41
93
72
7
22
98
16
90
87
87
77
20
24
100
62
72
15
100
67
32
55
54
13
26
10
40
36
42
15
75
89
62
13
99
89
74
67
27
72
32
99
100
92
100
94
64
32
98
30
39
56
72
52
42
18
96
51
12
46
63
3
49
60
1
84
51
94
66
77
85
35
62
8
83
62
78
44
8
33
53
76
93
9
50
38
34
82
84
68
28
97
6
20
7
39
95
23
2
42
95
65
12
96
41
79
98
66
37
36
35
68
74
50
45
44
28
12
34
54
39
33
67
8
87
50
61
93
14
74
37
60
18
61
10
60
83
6
60
52
22
35
32
74
79
75
91
40
64
94
87
6
65
48
96
100
19
75
48
49
59
73
86
11
5
26
32
69
5
43
97
92
10
25
84
55
78
98
17
75
40
39
91
30
38
37
77
95
48
33
64
85
31
44
6
50
42
56
87
59
59
1
87
76
13
22
69
23
89
65
81
43
15
24
25
8
30
26
26
88
44
95
32
51
53
21
69
55
31
68
36
32
61
61
85
77
91
28
23
33
27
67
29
56
75
4
80
48
30
50
83
99
28
23
59
21
39
67
73
73
100
81
7
36
89
79
4
41
82
86
38
48
63
27
100
4
16
91
78
50
15
26
99
66
38
42
92
76
33
61
93
57
84
56
96
82
57
4
47
77
59
73
87
100
26
1
10
47
20
41
94
57
11
15
64
25
15
23
98
6
33
85
52
3
28
5
37
38
69
24
66
16
86
78
100
33
16
41
17
6
72
43
64
68
7
30
93
13
92
31
74
56
47
36
40
37
95
53
74
8
25
2
14
27
68
13
6
31
77
3
89
66
38
30
26
99
4
52
26
76
6
99
39
69
47
9
71
88
7
31
93
63
55
4
1
64
72
53
41
47
46
21
58
91
47
1
4
51
15
31
98
4
56
32
81
85
85
37
38
100
63
23
29
13
56
72
98
47
48
15
63
60
35
57
73
7
29
92
100
37
100
100
33
57
21
4
86
97
42
83
39
24
53
60
6
33
11
71
23
15
71
70
86
67
47
24
78
67
26
58
62
73
15
100
54
4
51
12
17
74
68
29
69
31
43
91
5
36
56
12
15
9
4
9
96
10
47
18
29
93
69
30
43
25
28
47
8
63
51
100
27
88
50
36
6
11
58
36
77
76
28
75
3
23
63
95
90
86
92
55
20
54
24
31
44
97
33
51
66
47
21
27
6
84
85
90
85
51
64
53
16
69
49
2
33
58
68
68
13
87
47
5
40
89
92
20
24
38
75
6
31
1
90
51
89
78
47
54
71
72
96
28
91
40
89
1
69
70
40
18
23
14
36
48
96
92
46
35
5
70
62
100
50
72
96
85
85
28
93
44
97
98
46
4
36
58
26
19
81
20
84
1
65
31
44
64
34
67
7
12
11
56
43
1
30
7
83
21
15
62
8
26
96
97
98
18
17
63
83
14
28
92
24
5
32
31
72
50
2
35
62
52
35
83
63
91
63
30
2
90
69
82
34
11
25
23
66
32
83
43
89
34
87
62
57
68
29
86
89
15
37
3
17
47
79
63
8
97
85
15
35
39
15
16
29
75
68
26
91
20
77
54
46
12
72
62
61
50
74
68
36
28
79
76
81
74
41
71
91
26
49
70
29
4
48
3
61
78
82
19
67
39
39
86
78
3
36
13
56
97
99
71
32
91
1
35
68
69
47
94
72
67
31
54
11
40
57
34
72
41
34
78
3
90
73
34
100
38
60
90
65
84
30
28
13
74
23
24
37
50
15
23
68
88
57
97
68
27
71
87
48
16
39
24
93
4
53
27
64
56
98
62
65
7
2
82
32
61
56
5
97
95
60
32
81
55
37
57
28
88
100
45
76
16
61
67
88
69
78
16
15
89
38
44
82
92
73
35
24
46
43
66
24
91
55
93
83
67
93
22
92
94
92
93
3
84
22
44
39
20
22
37
54
66
90
9
74
15
59
94
1
12
67
2
26
95
98
49
51
19
80
39
54
32
50
2
45
32
76
1
59
97
76
5
75
50
60
20
13
72
51
80
88
16
98
95
77
63
72
83
25
76
31
82
1
72
53
48
65
60
56
67
44
76
1
46
57
25
23
91
39
52
51
53
15
15
63
65
49
22
31
74
60
20
49
2
36
74
67
86
86
89
17
99
21
64
3
56
18
15
63
66
67
13
43
26
49
70
79
98
19
42
12
16
65
44
55
30
33
57
76
98
89
89
26
64
79
75
13
87
81
76
15
90
62
65
40
61
40
29
47
43
45
74
78
32
33
64
67
57
4
65
29
12
38
76
76
76
18
8
2
48
37
27
86
94
5
92
19
52
7
26
64
33
24
2
4
21
48
21
32
45
49
64
74
95
75
63
20
94
56
71
20
32
92
79
62
79
30
71
87
58
29
1
39
59
58
76
38
56
19
59
24
28
25
51
2
54
21
19
12
67
19
46
30
37
65
7
87
29
6
79
19
9
67
69
77
59
22
22
62
88
6
11
77
65
89
25
29
67
14
23
95
36
79
33
49
37
21
56
90
62
6
75
97
93
6
48
92
84
49
73
33
44
19
33
80
42
51
92
34
54
48
30
14
82
74
81
91
89
40
35
30
93
35
7
68
90
42
51
53
37
46
99
74
45
2
66
77
4
43
25
61
63
73
60
26
68
49
58
72
66
6
70
32
78
42
35
76
76
70
3
97
48
66
26
3
59
13
32
40
73
92
92
93
97
33
59
97
36
50
31
7
15
66
27
66
93
70
19
46
97
5
8
67
37
19
36
89
80
54
39
73
24
20
29
80
25
53
50
81
2
14
53
38
22
13
5
41
18
100
76
59
60
99
72
50
84
61
72
63
86
65
86
51
68
45
22
6
79
64
9
20
22
83
80
62
27
22
92
47
92
24
69
23
73
16
10
44
35
28
63
47
96
52
80
99
64
98
56
17
28
47
85
100
16
5
73
54
71
83
8
28
53
39
42
92
46
99
46
39
62
86
81
66
81
72
17
100
77
34
83
94
67
12
21
15
28
67
86
4
89
63
23
79
92
82
10
71
59
17
32
22
35
68
3
83
26
70
65
47
71
23
68
34
31
46
46
93
66
53
74
26
76
28
90
79
99
2
81
34
89
49
74
65
71
36
95
10
34
28
81
72
87
43
74
77
84
10
70
64
89
64
50
9
81
55
67
34
43
80
19
70
20
37
33
10
94
1
58
52
68
41
16
1
27
35
57
64
38
54
82
9
62
90
41
86
44
89
10
60
74
95
91
27
69
13
51
84
31
40
14
42
79
51
44
64
49
17
99
99
57
12
77
34
20
55
40
81
71
100
56
27
8
66
6
47
39
80
68
40
6
87
73
75
42
37
46
26
12
67
31
57
97
85
6
47
7
20
98
40
43
29
71
18
51
9
57
59
87
99
57
28
75
39
1
17
80
40
39
73
83
82
49
74
23
24
53
3
70
34
56
78
87
92
98
2
96
40
24
85
36
22
57
1
19
18
24
3
52
79
5
69
21
32
84
80
75
19
62
87
67
89
28
49
29
81
26
33
25
84
25
11
21
27
77
23
16
92
12
93
48
56
2
40
38
73
3
0 218
0 1415
0 1459
1 876
1 1886
1 1960
2 358
2 1274
2 1460
3 223
3 318
3 975
3 1880
4 392
4 468
5 730
5 999
5 1169
5 1745
5 1818
6 1220
7 612
7 623
7 1200
7 1208
7 1234
8 1037
8 1700
8 1775
9 922
9 1150
10 360
11 274
11 666
11 1211
11 1236
11 1310
11 1648
12 524
12 1569
13 888
13 1788
14 345
14 465
14 643
14 655
14 1074
14 1405
15 1234
15 1506
16 416
16 424
16 458
16 845
16 1094
16 1174
16 1423
16 1424
16 1481
16 1734
17 447
17 1112
18 1381
18 1492
19 109
19 141
19 882
19 1097
19 1319
19 1780
20 1537
20 1753
21 477
21 535
21 1333
22 849
22 1714
23 165
24 1350
25 523
25 725
25 1699
25 1741
25 1870
27 282
27 1575
27 1963
28 1420
28 1715
29 431
29 477
29 522
29 707
29 755
29 1994
30 809
30 1047
30 1811
31 433
31 823
31 898
31 1453
31 1771
31 1880
32 653
32 1998
33 75
33 317
33 1698
34 76
34 486
34 1849
35 449
35 508
35 517
35 715
36 347
36 705
36 1559
37 610
37 1003
38 258
38 264
38 360
38 1036
39 204
40 561
40 1292
41 164
41 598
41 847
41 1592
41 1735
42 418
42 644
42 759
44 547
44 822
44 853
44 1538
44 1562
44 1952
45 170
45 502
45 938
45 1215
45 1424
45 1496
46 717
46 1758
47 88
47 930
48 1089
49 352
49 374
49 1326
49 1567
50 485
51 133
51 521
51 903
52 498
52 767
52 1804
53 442
53 496
53 1338
53 1425
53 1525
54 94
54 468
54 1394
54 1973
56 980
56 1170
56 1451
57 202
57 1158
57 1564
57 1644
58 353
58 536
58 566
59 70
59 890
59 958
59 1585
59 1801
59 1990
60 675
60 692
60 1302
61 1472
61 1537
62 360
62 901
62 1143
62 1400
62 1484
63 1638
64 1931
65 250
66 1677
67 236
69 692
70 1029
72 116
72 1793
73 121
73 203
73 283
73 754
73 1644
73 1738
73 1765
73 1952
74 398
74 405
74 1787
75 608
76 169
76 1822
77 136
77 1283
78 1659
79 1138
79 1678
80 1196
80 1822
81 124
82 651
83 1151
84 93
84 178
84 839
84 1035
84 1551
84 1797
85 455
85 1452
86 164
86 677
86 736
87 354
87 446
87 1480
89 367
89 532
89 640
90 196
91 1296
92 124
92 305
92 340
92 650
92 1776
93 1383
93 1448
94 281
94 1243
94 1286
97 1258
97 1331
97 1916
99 616
99 940
99 1022
99 1938
100 405
100 1120
100 1374
100 1781
100 1787
100 1800
101 480
101 1317
102 949
102 1433
103 511
103 942
103 1317
103 1774
104 944
105 1381
106 264
106 1001
107 977
107 1690
108 579
108 1030
108 1653
108 1876
109 455
109 884
109 1232
110 764
110 1018
111 1228
112 699
112 835
112 1675
112 1681
113 1667
113 1687
113 1854
114 146
114 486
114 1745
115 707
115 1381
116 312
116 354
116 722
116 1339
117 474
117 690
117 696
117 1011
117 1799
118 382
118 579
118 928
118 1895
119 798
119 1108
119 1386
120 228
120 322
120 1607
121 621
121 1011
121 1246
121 1271
121 1572
122 1157
122 1321
122 1597
123 713
124 843
124 1952
125 203
125 1281
125 1830
126 1357
126 1431
126 1795
127 933
127 1358
128 638
128 1451
128 1745
128 1820
129 1334
129 1391
130 284
130 502
130 1080
130 1318
131 1129
131 1276
131 1310
131 1448
132 1180
132 1313
132 1324
132 1632
132 1662
132 1745
132 1840
133 442
134 1254
134 1446
135 142
135 1586
136 587
136 793
136 1606
137 830
137 942
137 1211
138 1592
139 1230
139 1545
139 1921
140 571
140 1979
141 592
141 935
141 1602
142 210
142 1424
142 1737
143 417
143 653
143 871
143 1017
144 150
144 708
144 1550
145 703
146 818
146 955
147 169
147 1574
147 1851
148 1245
149 189
149 241
149 338
150 266
150 538
150 1470
150 1555
151 1659
151 1673
151 1917
151 1976
152 1089
152 1611
153 361
153 622
153 818
153 1262
153 1294
154 633
154 1407
154 1614
155 380
155 1275
156 1162
156 1540
157 659
158 1518
158 1714
158 1799
158 1841
159 164
159 322
159 415
159 1449
160 1497
160 1549
160 1865
161 786
161 1127
161 1949
163 872
163 1233
163 1422
164 227
164 285
164 798
165 196
165 640
165 1374
165 1923
166 178
166 208
166 848
166 1596
167 251
167 1089
167 1151
167 1862
168 290
168 391
168 1478
168 1633
169 637
169 745
169 1250
170 399
170 425
170 659
170 909
171 1014
171 1335
171 1843
172 447
172 474
172 966
172 1551
173 228
173 1143
174 539
174 1566
174 1879
175 227
175 494
175 757
175 1045
176 1859
177 850
177 1203
177 1383
177 1485
178 280
178 801
179 938
179 1481
179 1772
180 213
180 948
181 1458
182 684
182 699
182 1687
183 1425
183 1876
184 390
184 627
184 807
184 1057
185 580
185 998
185 1681
186 714
186 1199
186 1841
187 1283
187 1285
188 310
188 1760
189 209
189 270
189 552
189 1282
189 1510
189 1667
189 1790
189 1848
189 1906
190 483
190 536
190 600
190 1304
190 1738
191 1518
191 1604
192 723
192 844
192 856
192 1001
192 1190
192 1716
192 1871
193 711
193 864
193 1284
195 549
195 1679
195 1789
195 1806
195 1874
196 1720
199 788
201 399
201 585
201 1787
201 1935
201 1944
202 558
204 933
205 256
205 1284
205 1874
206 1509
207 1223
207 1740
208 473
208 712
208 1025
208 1190
208 1732
209 581
209 882
209 1198
210 373
210 488
210 588
210 701
210 1977
211 1031
211 1500
212 931
212 1134
213 807
213 1473
213 1928
214 994
215 548
215 720
216 1665
217 539
217 593
217 946
217 1817
218 1117
218 1875
220 713
220 1046
221 280
221 317
221 328
221 1427
221 1546
222 289
222 961
222 986
222 1048
222 1493
222 1528
223 1484
224 286
224 314
224 1315
225 609
225 686
225 694
225 853
225 896
225 1521
225 1579
225 1661
225 1706
226 942
227 595
227 669
227 1291
228 1190
229 507
229 1000
230 1030
230 1349
230 1831
231 417
231 839
231 1105
231 1457
232 766
232 972
232 1306
232 1540
232 1984
234 909
234 1359
234 1414
234 1933
235 1363
235 1749
235 1999
236 1079
236 1351
237 418
237 1042
238 477
238 691
240 422
240 424
240 819
240 872
240 942
240 1709
241 270
241 986
243 844
244 587
244 1205
244 1528
245 315
245 495
245 723
246 631
246 816
246 975
246 1189
247 1844
248 999
248 1480
249 729
249 1496
250 469
251 1254
251 1928
252 376
253 783
253 872
253 972
253 1362
254 747
254 799
254 1655
255 898
255 1510
257 816
258 488
258 517
258 1533
259 1145
259 1462
260 751
260 834
260 1572
261 344
261 436
261 465
262 478
262 537
262 938
263 696
264 1620
265 313
265 431
265 1110
265 1284
265 1973
266 1657
266 1804
266 1985
267 333
267 1299
267 1736
268 1312
268 1707
268 1953
271 684
271 852
272 1180
273 833
273 1009
273 1904
275 311
275 928
275 976
275 1888
276 391
276 1199
277 588
277 1920
278 1658
279 1679
280 432
280 990
281 1851
281 1979
282 795
282 1492
283 756
283 780
283 1249
284 843
284 1304
284 1532
287 1268
289 890
290 554
290 1220
290 1348
291 844
292 869
292 1627
293 806
293 1343
293 1678
294 452
294 824
296 506
296 1250
296 1728
297 989
298 1499
298 1631
298 1939
299 1826
300 1427
301 634
302 922
302 1825
303 364
303 582
303 611
303 1233
304 1316
305 1112
305 1661
306 1115
306 1931
307 1073
307 1081
307 1801
308 815
309 488
309 1147
310 464
310 725
310 1715
311 1039
312 393
312 1272
313 1833
314 371
314 1620
314 1743
314 1995
315 535
315 715
315 951
315 1195
316 398
316 932
317 421
317 871
317 934
317 1699
318 1487
318 1624
319 601
319 1325
320 628
320 1293
320 1762
320 1840
321 1250
321 1538
322 420
322 889
322 1650
323 581
323 620
323 1972
324 570
324 990
324 1285
324 1631
325 347
325 543
325 855
325 1258
325 1694
326 561
328 819
328 1830
329 962
329 1048
329 1541
329 1899
330 662
330 1340
330 1360
330 1455
331 334
331 652
332 789
332 1451
332 1464
332 1800
333 684
333 1305
333 1396
333 1416
334 1299
334 1531
335 1601
336 472
336 954
336 1039
336 1494
336 1928
337 371
337 477
337 482
337 490
337 632
337 1049
338 544
338 1505
338 1667
338 1759
340 389
340 612
340 1425
341 1519
341 1783
342 410
343 495
343 784
343 1409
343 1553
343 1628
345 1668
345 1895
346 713
347 757
347 916
347 1018
347 1790
347 1897
349 579
349 1748
349 1796
350 415
351 779
351 932
351 985
351 1299
352 582
352 1030
352 1197
352 1291
352 1357
352 1933
353 1492
353 1625
354 495
354 889
354 1269
354 1829
355 1278
355 1357
355 1968
356 1111
356 1575
357 1067
357 1589
358 359
358 1219
358 1311
358 1406
358 1970
359 865
360 1634
360 1888
361 569
361 1584
361 1945
361 1952
362 364
362 373
362 684
363 461
363 1692
364 470
364 1918
365 775
365 812
365 964
365 1134
365 1408
365 1618
366 811
366 1051
366 1976
367 546
367 676
367 994
367 1018
367 1344
367 1493
367 1514
367 1669
368 675
368 736
368 1944
374 740
374 881
374 1398
374 1589
375 765
375 897
375 1316
375 1389
376 1647
377 624
377 639
377 665
377 1467
378 1087
378 1261
378 1282
378 1353
378 1809
379 916
379 1056
379 1334
379 1483
380 819
380 937
381 1460
381 1753
382 755
382 1148
383 1026
383 1576
383 1969
384 482
384 1600
385 869
385 1013
385 1256
385 1646
386 604
386 1006
386 1620
387 452
387 835
387 1600
388 1213
389 674
389 814
389 1168
390 674
390 1763
391 668
391 1014
391 1084
391 1365
392 746
392 902
392 1203
394 496
395 555
395 1493
396 426
396 1352
397 503
397 1197
398 530
398 886
398 1601
399 1515
400 897
400 1593
401 1270
402 1059
403 778
403 1578
403 1643
404 1822
405 454
405 525
406 1593
406 1800
407 1626
408 1480
408 1912
409 932
409 1930
410 514
410 1266
410 1686
410 1883
410 1993
411 1406
411 1941
412 751
412 985
412 1941
414 633
414 923
415 1351
415 1362
415 1567
416 723
416 868
417 776
417 1224
417 1263
417 1659
418 747
418 1826
419 721
419 821
419 1502
420 1345
421 1044
422 946
422 1173
423 1473
424 1200
424 1970
425 1492
425 1838
426 569
426 1200
426 1214
426 1911
427 731
427 1745
427 1841
428 768
428 1160
428 1944
429 795
429 1192
429 1312
429 1625
430 871
431 1327
431 1508
431 1598
432 932
432 1710
432 1791
432 1917
433 1000
433 1801
435 1282
435 1795
435 1900
436 552
436 1531
437 551
437 906
437 1269
437 1311
437 1604
438 475
438 884
438 1006
438 1613
439 837
440 919
441 988
442 460
442 780
442 1950
443 972
444 787
444 991
444 1525
445 1099
445 1404
445 1743
445 1847
446 692
446 927
446 1005
446 1250
446 1376
447 1194
449 726
449 1385
449 1483
449 1490
450 711
452 1218
452 1259
452 1282
452 1376
452 1890
453 473
453 558
454 1147
454 1873
455 1069
455 1526
455 1804
456 489
456 791
456 1573
456 1951
456 1967
457 510
457 812
457 1104
457 1942
458 510
458 1462
459 612
459 947
459 1727
460 484
460 1150
461 597
461 1374
461 1981
462 1977
463 1104
463 1560
464 1136
465 1179
466 1383
466 1416
466 1465
467 826
467 1471
467 1746
468 1170
469 898
469 1847
470 600
470 1217
470 1267
471 496
471 1414
472 590
472 1036
472 1070
472 1497
473 1563
474 769
474 917
474 1454
474 1963
475 592
475 1066
475 1995
476 839
476 1241
476 1737
477 628
478 1014
478 1773
478 1816
478 1968
479 1096
479 1452
480 925
480 1037
480 1591
481 786
481 1207
481 1740
482 1509
483 1683
484 669
484 1037
485 1468
485 1589
485 1809
486 918
486 1998
487 1559
488 837
488 1143
489 992
489 1327
490 563
490 752
490 867
490 1216
490 1222
490 1918
491 1291
491 1312
491 1935
492 643
492 1339
492 1421
492 1541
492 1848
493 567
493 994
493 1217
494 985
494 1838
495 865
495 1054
497 675
497 796
497 869
497 1059
497 1453
498 517
498 908
498 1099
498 1203
498 1222
498 1580
499 1235
499 1257
499 1435
499 1894
499 1938
500 565
500 789
500 1728
500 1791
500 1804
501 999
502 533
503 1041
504 778
504 1507
504 1647
504 1743
505 996
505 1868
505 1992
506 1589
507 604
507 612
507 694
507 1016
507 1515
507 1881
508 762
508 1494
509 1097
509 1171
509 1290
509 1599
509 1921
510 1669
511 1828
511 1881
512 900
513 818
513 1307
513 1915
515 1354
515 1443
515 1653
515 1900
517 671
518 528
518 1095
519 1017
519 1111
519 1187
519 1571
519 1584
521 1060
521 1115
521 1223
521 1861
522 601
522 874
522 1932
525 1905
526 1268
527 1587
528 594
528 1140
528 1292
529 697
529 1467
531 1368
531 1634
531 1683
532 1037
532 1448
532 1739
533 959
533 1321
535 1878
536 765
536 1162
537 1041
537 1404
538 1294
538 1878
539 1429
539 1658
540 1024
541 1304
541 1619
543 588
543 670
544 1558
545 882
545 1653
545 1696
546 1746
546 1780
547 579
547 612
547 710
548 607
548 878
548 1638
548 1904
549 1352
549 1475
549 1691
550 678
551 1104
551 1615
551 1721
552 1405
552 1662
552 1828
552 1865
552 1955
553 1037
553 1281
553 1504
554 906
554 1524
555 683
555 1357
555 1478
556 864
556 1270
557 614
557 866
557 1401
557 1679
557 1785
558 1288
559 1735
559 1997
560 644
560 1490
560 1596
561 1567
562 698
562 988
562 1006
562 1222
562 1836
563 1764
564 1724
564 1984
565 766
565 1043
566 634
566 873
567 1033
567 1250
567 1854
568 1410
568 1433
568 1668
569 1366
569 1770
570 1460
571 967
571 1115
571 1440
571 1913
572 1525
572 1838
573 1426
574 1109
575 1214
576 1189
577 1457
578 1708
579 847
579 1703
579 1963
579 1995
580 812
580 908
581 952
581 976
581 1681
582 877
583 1394
583 1579
584 613
584 1266
585 1045
585 1310
585 1572
586 674
587 972
587 1212
587 1330
587 1607
588 715
588 1239
588 1338
588 1954
589 1258
590 928
590 1329
590 1806
591 895
591 1400
591 1996
592 1013
592 1327
592 1615
593 1010
593 1218
593 1766
594 1247
594 1604
594 1810
595 869
595 1426
596 729
596 980
596 1220
596 1325
596 1561
597 959
597 1976
599 1089
599 1217
600 1469
602 877
602 1527
602 1695
602 1866
602 1996
603 779
603 1684
605 699
605 863
606 679
606 821
606 1126
606 1261
607 729
607 1472
607 1788
607 1902
608 687
608 1874
609 882
609 1665
609 1900
610 739
610 1077
610 1554
611 620
611 721
611 1676
612 648
612 1234
613 1180
613 1632
613 1750
614 1657
615 1529
615 1778
615 1861
616 1034
616 1098
616 1945
617 879
617 1484
617 1602
618 916
619 644
619 1980
620 823
620 1633
620 1838
620 1953
621 835
621 926
622 651
622 850
623 941
623 1104
623 1452
624 1006
624 1358
624 1427
624 1992
625 697
625 946
625 1286
625 1518
625 1604
626 1405
626 1788
627 914
627 1348
627 1392
628 1097
628 1562
628 1649
630 1060
630 1386
632 854
632 1253
632 1496
632 1805
633 1260
633 1512
634 1066
634 1524
635 754
635 1849
636 1107
636 1895
638 705
638 724
638 1297
638 1432
638 1854
639 773
639 1536
640 1248
642 772
642 1245
642 1936
643 809
643 1263
643 1279
643 1447
643 1897
644 1397
644 1486
644 1826
644 1903
645 682
645 707
645 1380
647 985
648 1885
650 984
650 1047
650 1377
651 1962
652 1302
652 1699
653 1858
654 1274
654 1703
655 1259
655 1410
656 1120
656 1811
657 661
657 1513
657 1699
658 1007
659 705
659 852
659 1456
659 1758
661 960
661 1531
661 1580
661 1709
663 1077
663 1169
665 1214
665 1565
666 695
667 1250
667 1535
668 994
668 1313
668 1679
668 1697
669 1494
669 1692
670 1320
672 1090
672 1121
672 1158
672 1274
672 1356
672 1542
672 1657
672 1674
672 1832
673 1291
673 1564
673 1680
674 1329
675 1174
676 1646
677 1415
677 1795
678 781
678 942
679 1136
679 1141
679 1428
680 1299
681 1061
681 1345
681 1583
681 1808
681 1816
682 1153
682 1931
683 1921
684 1659
684 1762
685 1311
686 754
687 1335
688 1231
689 1939
690 1290
690 1400
690 1756
690 1964
691 1481
691 1728
693 854
693 1565
695 992
696 1234
696 1733
696 1882
697 1380
697 1699
697 1888
698 861
698 1485
699 994
701 1605
701 1824
701 1896
703 806
703 1908
705 1452
705 1937
706 1435
707 1569
707 1666
707 1676
708 1472
709 1394
709 1952
710 1208
710 1470
711 764
711 1013
711 1635
712 1928
714 1698
714 1975
715 1707
716 812
716 1744
717 1114
717 1257
717 1513
718 982
719 1062
719 1292
719 1441
719 1874
721 1698
722 943
722 1652
722 1939
723 1419
723 1660
724 769
724 904
724 1372
725 793
725 1457
726 888
726 1094
726 1437
726 1492
727 955
727 1274
727 1633
729 918
730 909
730 1206
730 1892
730 1946
730 1962
732 1196
732 1752
733 1176
733 1288
733 1316
733 1469
733 1590
734 1603
734 1817
735 1297
735 1950
736 1755
736 1810
737 1962
738 963
738 1940
739 1827
739 1860
740 1310
741 1225
741 1308
742 1617
742 1988
743 1227
743 1632
743 1705
743 1743
744 949
744 1043
745 840
745 1427
746 761
746 1103
746 1313
747 848
747 1897
750 1590
751 804
751 1411
751 1820
752 1908
753 814
753 1122
753 1348
754 861
754 1107
754 1228
754 1981
755 1810
755 1950
756 970
756 1415
758 1301
758 1515
760 775
760 1233
760 1816
760 1888
761 914
761 1487
761 1973
762 1286
762 1389
762 1549
764 906
765 1646
765 1699
765 1994
767 1672
768 1699
768 1847
769 1556
770 1208
770 1429
770 1476
770 1895
771 1087
772 897
772 1093
773 1394
773 1769
773 1801
774 1827
775 964
775 1281
777 1073
777 1622
778 1240
778 1364
778 1988
781 1100
781 1243
783 831
784 1368
784 1543
784 1558
785 894
785 1630
785 1710
785 1806
786 1167
787 1703
788 1111
788 1172
788 1184
788 1317
788 1536
788 1676
789 875
789 1056
789 1163
790 866
790 882
790 1035
790 1685
791 1314
792 920
792 991
792 1690
792 1803
793 1029
793 1107
793 1399
793 1504
794 1320
796 894
796 1775
796 1898
796 1995
797 1143
797 1999
798 947
798 1009
798 1593
799 914
799 1236
799 1365
800 1132
801 1148
801 1164
802 1698
803 1599
804 860
804 1363
804 1491
804 1829
805 1074
805 1092
805 1797
805 1817
807 904
807 1181
809 1004
809 1261
809 1567
810 1537
811 861
812 905
812 1210
812 1826
813 1385
814 943
814 1029
815 1168
815 1523
815 1915
816 1258
817 1242
818 1049
818 1621
818 1794
819 1406
820 1557
821 1127
821 1469
821 1693
824 1469
825 872
825 1142
827 1003
827 1649
827 1847
827 1940
829 848
829 1137
830 967
830 1234
831 1634
833 994
833 1861
834 1452
836 1166
836 1248
838 941
841 1366
842 895
842 1198
844 1300
844 1367
847 1656
847 1673
847 1996
848 1655
848 1769
848 1964
849 1606
850 1088
851 947
851 1327
851 1532
851 1897
852 1565
854 1400
855 994
855 1741
856 1511
856 1669
858 1132
858 1666
858 1834
859 1117
861 1474
861 1662
861 1794
861 1797
863 1101
864 1411
865 1443
866 1276
867 1315
867 1707
867 1776
870 1619
870 1801
871 969
871 1627
872 1073
872 1351
873 1414
873 1597
874 1793
875 890
875 962
875 1311
877 1005
877 1321
878 1392
879 1197
880 1773
880 1849
881 1682
882 996
882 1703
882 1848
883 1443
883 1455
885 1642
886 1442
886 1928
887 1690
887 1704
887 1841
889 1004
889 1072
890 1743
890 1944
891 1358
891 1763
892 1176
893 1656
897 1286
897 1292
898 1016
898 1499
900 1543
900 1806
903 980
903 1070
903 1124
904 1745
906 1553
907 1630
907 1657
908 1748
909 969
909 1419
909 1422
910 1385
910 1743
911 1658
911 1970
912 1802
912 1962
913 1850
914 1212
914 1274
916 1096
916 1784
917 1032
918 1796
919 1411
922 1522
923 1056
923 1168
923 1600
923 1770
925 946
925 1168
926 1504
926 1572
926 1707
927 1249
928 1564
931 1202
931 1876
931 1892
934 1032
935 1697
935 1887
938 1328
938 1439
938 1588
938 1642
939 1929
940 1045
940 1176
941 1402
941 1690
941 1695
941 1881
941 1949
943 1486
944 1233
946 1632
946 1796
948 1101
949 1114
950 1653
950 1787
951 1058
951 1889
953 1197
953 1400
954 965
956 1211
957 1100
957 1119
957 1857
958 983
958 1194
958 1291
958 1527
958 1723
959 1564
959 1631
959 1633
959 1827
962 1823
963 994
963 1477
964 1210
964 1359
965 1494
965 1817
966 1269
966 1495
968 1158
969 1078
969 1986
970 1816
971 1545
971 1903
972 1185
972 1205
972 1651
974 1308
974 1538
974 1682
975 1299
975 1484
975 1904
976 1324
977 1428
979 1069
979 1566
980 1038
980 1900
980 1947
981 1798
982 1314
984 1408
987 1217
987 1790
987 1964
988 1297
988 1446
990 1284
990 1960
990 1971
991 1136
991 1365
991 1582
992 1581
993 1063
993 1299
994 998
994 1199
994 1928
995 1342
997 1380
997 1766
999 1296
999 1329
999 1458
1000 1468
1001 1736
1001 1972
1004 1673
1005 1196
1005 1505
1006 1221
1006 1335
1006 1933
1008 1762
1009 1759
1010 1495
1010 1615
1011 1938
1012 1886
1013 1553
1015 1110
1015 1119
1015 1154
1015 1513
1015 1553
1016 1109
1016 1289
1016 1608
1016 1946
1017 1202
1017 1678
1018 1238
1018 1595
1019 1229
1019 1268
1019 1407
1019 1634
1020 1828
1021 1119
1021 1266
1022 1294
1023 1178
1023 1262
1023 1336
1023 1903
1024 1831
1025 1484
1026 1348
1026 1903
1027 1177
1027 1479
1027 1781
1027 1804
1027 1852
1028 1495
1028 1591
1029 1532
1031 1286
1031 1335
1032 1761
1033 1424
1033 1977
1036 1041
1036 1798
1037 1227
1037 1282
1037 1708
1038 1202
1039 1554
1039 1820
1041 1343
1041 1976
1044 1963
1044 1981
1046 1451
1047 1203
1047 1609
1048 1821
1049 1320
1049 1436
1049 1552
1050 1368
1050 1912
1051 1110
1051 1278
1053 1738
1054 1118
1055 1231
1056 1906
1059 1062
1059 1163
1059 1406
1061 1155
1061 1292
1061 1355
1061 1719
1062 1229
1062 1742
1063 1124
1063 1708
1064 1346
1064 1740
1065 1081
1065 1333
1066 1400
1066 1453
1066 1615
1067 1195
1067 1974
1070 1717
1072 1789
1072 1994
1073 1897
1073 1942
1074 1740
1074 1978
1074 1987
1075 1189
1076 1747
1077 1358
1077 1895
1077 1908
1078 1510
1078 1908
1080 1267
1081 1795
1082 1167
1083 1148
1083 1891
1085 1174
1086 1245
1086 1280
1086 1569
1087 1183
1087 1430
1087 1640
1088 1265
1088 1399
1089 1270
1092 1748
1092 1878
1096 1787
1097 1163
1098 1367
1098 1583
1098 1893
1100 1507
1103 1671
1103 1788
1103 1821
1103 1925
1103 1986
1104 1243
1104 1425
1104 1752
1105 1435
1105 1620
1106 1150
1107 1677
1108 1757
1109 1152
1109 1785
1110 1361
1110 1702
1111 1375
1112 1812
1115 1928
1116 1381
1116 1496
1118 1440
1119 1253
1119 1954
1120 1125
1121 1368
1122 1609
1122 1833
1123 1683
1124 1597
1125 1188
1125 1793
1126 1751
1127 1210
1127 1489
1127 1614
1127 1705
1128 1474
1128 1584
1128 1856
1130 1623
1131 1152
1132 1247
1132 1660
1132 1833
1134 1772
1134 1836
1134 1865
1134 1914
1135 1565
1136 1642
1137 1747
1138 1716
1139 1907
1140 1666
1142 1678
1143 1164
1143 1391
1143 1437
1144 1271
1144 1585
1145 1198
1147 1812
1147 1935
1148 1336
1149 1452
1152 1256
1152 1437
1152 1672
1152 1783
1152 1983
1153 1858
1154 1404
1154 1464
1155 1549
1157 1501
1157 1638
1157 1952
1158 1711
1160 1322
1160 1564
1161 1658
1162 1882
1163 1657
1165 1388
1165 1742
1165 1819
1166 1362
1166 1869
1166 1959
1167 1350
1168 1889
1168 1947
1169 1465
1172 1202
1172 1454
1173 1188
1173 1852
1173 1872
1173 1874
1174 1260
1174 1274
1174 1623
1174 1746
1174 1846
1175 1245
1175 1628
1177 1426
1179 1933
1181 1364
1182 1305
1183 1258
1183 1361
1183 1873
1186 1448
1186 1673
1186 1834
1187 1356
1187 1585
1187 1962
1188 1635
1188 1711
1188 1797
1189 1974
1191 1740
1193 1311
1193 1336
1193 1775
1193 1902
1195 1208
1198 1723
1198 1794
1198 1874
1199 1473
1199 1631
1199 1812
1199 1815
1200 1824
1202 1296
1202 1301
1202 1697
1202 1972
1203 1485
1203 1787
1204 1662
1206 1347
1208 1489
1209 1471
1209 1893
1211 1762
1212 1366
1212 1625
1212 1847
1212 1877
1213 1503
1215 1565
1217 1658
1218 1810
1219 1478
1219 1575
1221 1311
1223 1567
1224 1387
1224 1649
1225 1924
1226 1591
1228 1577
1228 1580
1229 1243
1229 1729
1230 1394
1230 1673
1231 1535
1234 1972
1236 1296
1236 1385
1236 1450
1237 1933
1237 1994
1238 1452
1238 1764
1238 1980
1239 1364
1239 1968
1240 1243
1240 1956
1241 1264
1241 1929
1242 1266
1243 1349
1243 1367
1244 1342
1244 1506
1245 1585
1245 1596
1247 1480
1248 1299
1249 1436
1250 1431
1250 1944
1251 1503
1253 1798
1255 1516
1255 1672
1256 1709
1256 1745
1256 1838
1257 1376
1259 1340
1260 1323
1261 1833
1262 1684
1262 1860
1263 1777
1266 1433
1266 1636
1267 1553
1267 1645
1268 1870
1269 1440
1269 1557
1272 1472
1273 1519
1274 1945
1274 1967
1275 1493
1276 1782
1278 1341
1278 1376
1279 1542
1279 1936
1281 1615
1282 1809
1283 1538
1287 1312
1287 1696
1287 1922
1288 1659
1289 1582
1290 1386
1290 1550
1291 1423
1291 1750
1291 1753
1293 1299
1293 1789
1293 1890
1294 1384
1294 1586
1294 1913
1296 1773
1296 1969
1298 1996
1299 1888
1300 1763
1301 1608
1302 1476
1304 1538
1304 1784
1304 1945
1307 1523
1308 1417
1308 1852
1308 1857
1310 1644
1310 1651
1311 1393
1311 1777
1312 1376
1312 1846
1312 1853
1316 1755
1317 1432
1317 1591
1320 1625
1321 1451
1321 1773
1323 1888
1326 1356
1326 1417
1326 1851
1327 1986
1328 1780
1329 1523
1330 1340
1331 1410
1333 1754
1334 1337
1339 1996
1340 1421
1343 1743
1344 1361
1346 1500
1347 1721
1348 1778
1349 1484
1349 1666
1350 1886
1351 1727
1351 1901
1353 1610
1356 1553
1356 1835
1357 1661
1357 1754
1361 1745
1361 1897
1361 1982
1362 1422
1362 1496
1364 1515
1365 1440
1365 1470
1365 1606
1365 1877
1365 1959
1366 1620
1367 1454
1368 1571
1369 1721
1373 1504
1373 1779
1375 1872
1376 1617
1378 1633
1378 1753
1379 1381
1379 1432
1379 1760
1381 1405
1381 1711
1382 1618
1382 1740
1383 1407
1383 1489
1383 1977
1384 1644
1385 1723
1390 1797
1391 1854
1391 1961
1392 1463
1392 1788
1392 1881
1395 1857
1396 1619
1397 1924
1400 1579
1401 1424
1401 1623
1403 1886
1405 1739
1407 1497
1413 1690
1413 1891
1415 1431
1415 1831
1419 1775
1419 1852
1420 1605
1422 1458
1422 1960
1423 1622
1424 1878
1424 1931
1425 1574
1425 1657
1426 1823
1428 1592
1428 1811
1431 1526
1431 1607
1431 1680
1431 1777
1433 1489
1436 1905
1437 1524
1439 1645
1440 1738
1441 1611
1441 1811
1443 1627
1444 1670
1444 1829
1446 1543
1446 1626
1447 1626
1447 1941
1448 1767
1451 1505
1451 1826
1452 1453
1453 1457
1454 1573
1454 1764
1456 1905
1457 1685
1459 1613
1460 1978
1466 1957
1467 1850
1468 1634
1468 1966
1469 1826
1470 1600
1471 1886
1472 1878
1472 1973
1473 1550
1474 1863
1475 1955
1475 1972
1476 1988
1480 1711
1481 1757
1483 1571
1483 1812
1483 1977
1484 1487
1484 1797
1485 1820
1485 1880
1486 1799
1487 1831
1489 1599
1489 1840
1493 1533
1493 1619
1494 1902
1496 1838
1498 1763
1499 1904
1500 1505
1507 1648
1508 1752
1509 1673
1510 1923
1510 1953
1512 1542
1512 1791
1516 1540
1520 1799
1524 1866
1528 1645
1529 1699
1529 1813
1529 1933
1530 1807
1533 1961
1534 1644
1536 1810
1538 1590
1539 1743
1540 1774
1540 1990
1543 1544
1543 1725
1544 1588
1545 1969
1546 1603
1549 1582
1549 1838
1551 1824
1553 1578
1554 1923
1555 1738
1556 1960
1558 1777
1561 1854
1561 1872
1563 1724
1564 1886
1566 1889
1566 1890
1567 1783
1568 1623
1569 1942
1570 1828
1575 1983
1579 1760
1579 1929
1580 1696
1580 1741
1582 1915
1582 1926
1583 1799
1583 1852
1583 1984
1583 1990
1584 1622
1584 1681
1586 1603
1586 1798
1594 1643
1595 1883
1604 1870
1604 1896
1607 1680
1610 1951
1613 1722
1614 1617
1615 1723
1615 1983
1616 1999
1621 1881
1622 1890
1623 1989
1624 1645
1624 1823
1624 1866
1625 1628
1627 1936
1629 1997
1630 1897
1634 1907
1637 1868
1638 1717
1639 1675
1641 1768
1641 1971
1642 1729
1643 1765
1643 1947
1646 1882
1646 1885
1654 1726
1656 1698
1656 1738
1657 1963
1657 1990
1658 1924
1659 1993
1660 1675
1662 1693
1665 1932
1665 1981
1666 1928
1672 1760
1672 1836
1673 1861
1676 1913
1678 1788
1678 1791
1679 1735
1679 1938
1680 1950
1683 1761
1683 1783
1685 1848
1686 1826
1691 1859
1693 1836
1697 1750
1700 1718
1700 1827
1701 1768
1704 1903
1706 1893
1712 1776
1713 1789
1713 1856
1714 1991
1715 1937
1722 1930
1723 1946
1726 1938
1727 1737
1730 1936
1735 1898
1738 1893
1738 1896
1739 1865
1744 1980
1746 1923
1747 1925
1748 1876
1750 1820
1751 1917
1755 1907
1755 1911
1756 1796
1757 1903
1774 1941
1776 1981
1792 1793
1793 1940
1796 1933
1798 1801
1799 1901
1800 1880
1809 1930
1822 1970
1823 1926
1827 1967
1832 1909
1835 1867
1835 1986
1837 1969
1839 1846
1845 1916
1847 1946
1851 1857
1857 1865
1866 1940
1873 1965
1876 1926
1878 1900
1880 1999
1882 1920
1884 1970
1887 1938
1891 1932
1894 1998
1895 1914
1904 1931
1922 1925
1940 1954
