2000 2855
100
82
24
83
52
64
26
33
69
33
50
37
95
98
67
25
1
1
22
29
40
42
45
63
39
51
8
19
53
7
90
53
29
67
17
90
70
9
40
83
76
79
5
62
51
23
18
96
31
41
16
17
37
84
33
4
93
2
57
63
72
76
78
50
43
83
64
70
8
7
74
51
38
63
92
71
67
63
56
33
42
100
11
63
3
22
73
4
65
87
19
97
72
21
71
7
82
78
73
35
86
7
55
75
16
97
20
79
32
20
10
60
17
27
18
82
57
76
56
13
79
30
45
49
24
48
88
68
91
1
78
86
99
42
22
49
37
63
57
55
62
35
44
18
90
96
18
75
98
54
35
6
7
28
54
3
79
16
79
64
87
5
69
45
94
54
74
77
77
4
88
14
71
13
66
89
87
95
81
95
62
2
37
58
42
50
96
83
71
92
53
25
94
36
77
83
26
89
28
42
32
16
13
60
10
58
92
17
16
57
82
26
32
52
5
33
29
79
87
48
55
50
61
45
78
86
50
46
2
72
87
15
8
61
43
58
42
51
67
83
11
48
7
98
56
9
49
45
90
76
27
3
35
10
3
70
67
4
35
69
61
50
78
12
75
72
51
71
43
61
21
34
50
54
34
10
21
35
75
11
10
79
81
15
50
2
29
29
28
28
95
86
27
95
40
52
79
83
63
45
61
70
33
99
5
18
61
4
28
9
55
27
80
92
15
1
19
38
78
37
52
25
9
46
89
74
61
33
3
79
29
43
33
57
42
7
73
16
95
14
24
69
67
15
21
51
12
24
53
2
18
14
12
91
90
41
60
62
94
94
76
86
2
35
72
62
98
55
76
78
83
5
26
63
92
46
54
16
30
97
96
79
56
68
92
73
62
23
52
39
44
99
38
49
49
73
59
51
40
78
33
37
18
37
18
24
66
22
94
77
62
77
98
64
75
87
77
94
96
47
94
21
82
81
88
22
89
10
67
49
24
48
9
31
73
14
71
38
19
98
56
73
16
2
39
52
95
68
30
55
52
31
17
87
8
25
60
6
43
46
7
21
97
89
30
98
25
95
52
11
60
45
27
92
54
55
86
92
27
4
12
2
83
26
89
93
39
98
86
76
97
33
87
22
73
26
52
73
58
22
23
87
10
64
72
59
74
82
38
98
4
98
64
95
87
69
42
46
44
92
79
86
62
100
67
16
75
14
98
24
49
62
28
90
6
94
46
35
19
27
45
97
74
49
68
58
14
96
12
57
33
59
59
77
62
28
32
36
78
79
59
2
64
52
57
43
20
9
56
23
18
20
52
46
72
24
9
84
74
13
58
76
14
69
33
32
51
18
22
37
66
72
100
20
58
48
75
31
63
72
20
50
57
87
23
3
27
12
80
27
96
90
51
53
54
43
70
5
24
85
56
98
74
1
97
6
61
89
18
100
81
55
41
38
65
55
15
92
32
61
84
98
30
69
19
42
89
7
76
74
99
7
21
68
44
29
9
1
11
74
55
27
52
6
43
20
42
41
4
74
79
83
82
73
69
14
39
8
24
43
95
36
63
40
10
20
11
89
42
13
6
28
37
84
15
32
58
88
47
29
93
40
65
36
27
99
77
81
91
90
57
23
71
98
9
87
95
49
46
42
75
30
13
68
17
4
9
52
72
43
35
2
1
39
80
68
37
53
11
53
22
59
34
76
25
31
93
17
21
41
14
53
7
33
92
22
69
49
69
48
84
67
42
78
81
31
12
51
94
81
51
53
31
54
47
20
41
44
98
32
58
26
94
34
25
60
47
67
87
9
10
95
42
26
24
76
18
35
85
50
30
63
17
67
89
60
70
12
52
86
73
49
82
41
71
69
1
28
96
58
63
83
98
47
72
20
74
11
75
49
37
54
94
10
58
18
80
49
58
97
45
49
3
54
46
16
84
43
45
37
13
84
12
28
56
72
67
40
76
73
71
71
74
68
49
50
14
67
7
51
99
25
95
87
93
18
43
3
7
46
4
36
89
75
18
54
83
37
29
34
2
63
45
41
63
81
76
88
97
93
66
33
42
51
77
74
46
1
13
14
26
3
55
8
76
48
62
81
32
34
69
28
44
12
6
64
51
45
96
45
54
73
94
69
66
93
63
79
19
10
17
59
78
72
17
72
82
70
98
49
37
72
72
100
42
90
100
3
13
14
3
78
22
66
86
60
94
76
92
51
53
65
14
10
72
59
55
11
18
73
16
1
30
49
20
9
23
82
13
19
38
46
85
57
75
22
13
70
60
31
70
77
41
33
70
97
12
29
27
8
65
7
54
67
71
37
6
9
45
12
40
83
95
48
33
40
62
32
68
45
18
5
37
51
84
15
35
95
97
44
42
100
38
71
8
79
98
10
56
77
65
88
1
79
31
39
1
95
91
86
29
92
96
59
39
1
52
20
92
68
45
14
87
35
70
66
49
62
85
71
10
39
45
92
84
89
52
48
36
2
45
51
18
90
54
36
55
69
70
66
79
22
22
56
91
87
8
55
52
95
64
100
15
8
39
92
93
56
83
61
41
52
13
91
97
18
75
91
65
89
73
36
61
55
24
75
46
10
34
84
34
94
26
98
88
65
73
90
21
99
20
92
86
51
74
20
77
85
34
7
36
8
99
96
52
43
53
22
6
51
83
22
67
67
84
67
48
76
97
65
25
29
59
55
23
49
13
39
38
23
38
75
7
72
14
28
55
25
39
67
54
1
29
69
65
35
94
41
47
53
40
50
56
57
64
52
34
56
44
49
72
22
34
79
7
36
70
46
83
68
3
33
8
93
45
15
97
47
20
66
31
75
100
62
56
6
78
64
30
46
3
72
79
12
5
86
80
64
18
82
71
44
77
49
52
87
60
83
55
16
98
75
69
9
9
59
63
41
48
41
85
90
38
99
31
26
79
85
7
91
6
3
92
15
62
4
6
50
1
66
89
9
2
32
45
86
50
63
35
50
55
6
81
91
10
85
4
40
72
40
61
75
9
80
95
18
92
69
65
97
72
7
73
53
100
17
20
52
87
12
46
72
51
84
72
84
36
85
35
22
56
35
43
91
16
39
58
43
94
92
59
17
95
30
96
47
38
76
20
58
43
18
45
40
90
7
21
85
42
38
84
42
74
36
86
70
22
45
36
59
76
69
39
98
36
40
100
79
63
81
14
38
84
94
58
41
5
35
17
4
10
25
1
64
45
81
68
39
40
79
88
91
54
70
85
47
91
96
71
39
4
29
52
89
55
42
100
93
5
78
97
81
17
85
95
6
71
84
8
5
86
30
75
17
14
26
57
94
71
28
27
5
34
47
38
40
26
55
79
78
1
34
53
86
67
40
54
51
14
24
8
21
69
50
20
10
7
40
38
91
16
20
89
42
15
43
37
91
47
64
43
26
39
58
50
8
39
81
22
48
41
88
16
57
6
40
41
1
48
52
43
26
64
68
61
91
18
69
51
77
27
91
30
51
56
4
53
9
21
63
93
59
87
20
14
29
91
33
1
70
84
8
75
28
82
38
54
19
60
33
40
24
100
46
79
76
46
43
74
14
65
98
64
12
40
7
37
87
35
43
30
49
100
85
47
10
10
73
16
88
78
59
48
20
73
79
24
85
5
16
34
50
80
85
49
83
78
62
71
65
57
39
15
93
46
95
27
2
45
8
96
20
51
61
79
92
79
95
33
39
38
31
14
18
17
80
92
20
79
84
77
34
72
2
36
86
61
13
71
11
32
71
28
50
70
92
28
11
58
29
48
90
71
1
62
91
29
59
32
63
80
71
60
82
66
59
3
74
11
18
28
30
92
70
57
13
62
34
93
54
90
47
52
98
91
10
18
40
100
13
33
3
2
75
94
24
51
52
51
8
11
25
3
2
54
4
30
41
27
46
51
38
37
11
25
74
71
41
51
37
8
73
45
90
39
49
85
15
5
90
100
88
5
15
3
85
9
51
95
5
22
90
38
27
58
36
47
57
40
18
67
59
48
88
59
19
9
26
15
48
56
41
39
46
49
6
66
77
94
48
61
79
79
20
63
95
50
10
67
46
68
50
54
89
96
25
58
69
44
91
79
36
16
85
33
87
40
33
66
92
48
31
53
19
55
63
36
74
4
84
37
3
97
73
60
70
57
76
57
93
8
16
36
76
26
1
76
16
28
16
80
22
51
89
73
66
13
8
44
95
48
5
77
94
15
72
99
40
7
69
55
63
100
31
55
34
77
10
61
56
55
98
97
6
81
79
37
13
92
42
43
71
8
78
38
53
51
34
67
69
24
61
5
90
55
14
100
50
28
54
52
57
42
100
87
42
5
14
76
56
49
89
96
68
54
41
69
52
93
21
95
83
32
16
18
16
86
70
71
84
32
35
2
2
59
41
63
30
8
8
94
43
53
54
35
20
88
32
25
60
7
4
13
92
95
21
23
56
43
81
40
76
69
2
9
64
30
34
58
35
40
100
16
66
57
97
58
2
44
88
62
1
35
19
81
51
97
18
48
75
40
96
8
86
78
18
72
61
80
88
0 1176
0 1385
0 1995
1 133
1 716
1 1394
2 184
2 1172
3 444
3 650
3 1261
4 94
4 460
4 1662
5 205
5 1808
6 425
6 533
6 1494
6 1597
6 1630
7 375
7 459
7 911
7 1111
8 340
8 677
9 182
9 820
9 1038
9 1448
9 1591
10 697
10 1167
11 618
11 1565
11 1920
12 899
13 1007
15 410
15 525
15 966
15 1731
15 1988
16 638
16 1728
17 1749
18 333
18 827
18 893
18 1310
18 1425
19 35
19 136
19 425
19 1149
19 1199
20 218
20 482
20 528
21 1061
21 1531
21 1624
22 38
24 948
24 1157
24 1770
26 683
26 911
26 952
26 1658
27 724
27 1114
27 1278
28 120
28 714
28 1159
28 1388
28 1829
28 1859
29 1989
30 1042
30 1060
30 1337
31 1225
31 1917
32 830
33 84
33 378
33 1010
33 1151
33 1406
34 440
34 775
34 1410
34 1529
34 1683
34 1684
34 1971
35 409
35 1052
35 1212
36 236
36 1291
36 1661
37 1337
37 1891
38 206
41 1836
42 91
42 1035
42 1457
42 1559
42 1714
42 1951
43 890
43 1674
44 171
44 559
44 1065
44 1215
45 633
45 1184
46 450
46 684
46 1006
47 662
47 865
47 966
47 1313
48 1211
48 1375
49 1322
49 1602
49 1978
50 1164
50 1637
51 212
51 801
51 1135
51 1143
52 325
52 811
52 1170
53 103
54 870
54 1178
54 1220
55 306
55 1967
56 882
56 1930
57 323
57 572
57 788
57 1767
58 555
58 1754
58 1878
59 342
59 1549
59 1615
61 339
61 482
61 496
61 800
61 802
61 1192
62 148
62 402
62 817
63 449
63 485
63 641
63 1122
64 149
64 150
64 294
64 587
65 173
65 449
65 601
65 921
65 1097
65 1738
66 1535
66 1832
66 1898
67 1044
68 670
68 1314
68 1375
68 1746
70 78
70 777
71 720
71 824
71 1019
71 1142
71 1416
71 1612
72 267
72 966
72 1254
72 1599
72 1700
72 1727
72 1835
73 1152
73 1642
73 1836
74 463
74 1218
74 1547
75 740
75 844
76 591
76 1110
76 1130
76 1895
77 194
77 1868
78 429
78 766
78 1626
78 1656
78 1938
78 1950
78 1967
79 1103
79 1177
79 1230
80 616
80 1382
81 768
81 1104
81 1130
81 1404
82 762
82 1046
83 812
83 1692
85 1163
85 1233
88 716
88 920
89 266
89 277
89 1102
89 1453
89 1561
89 1694
90 192
90 244
90 558
90 601
91 987
91 1164
91 1365
91 1493
92 878
93 900
93 1712
94 642
94 773
94 1136
95 510
95 624
95 1714
95 1867
96 472
96 890
96 1169
96 1522
96 1899
97 601
97 1699
98 1357
99 332
99 924
99 1845
100 421
100 772
101 1757
102 674
103 667
103 1511
104 1225
104 1620
105 1236
106 1336
106 1365
107 121
107 369
107 1387
107 1438
107 1448
107 1502
107 1839
108 1123
108 1297
109 541
109 836
109 1496
109 1802
110 1099
110 1276
110 1839
111 932
111 1656
111 1884
112 379
112 1658
112 1773
114 859
115 709
115 869
115 1965
116 162
116 534
117 555
117 701
117 704
117 1667
117 1762
118 164
118 383
118 766
118 1253
118 1267
118 1767
120 689
120 1176
120 1348
120 1941
121 627
121 766
121 782
121 1861
122 156
123 941
123 1344
124 149
124 804
124 1328
124 1811
125 626
125 718
125 1138
126 1522
127 233
127 1492
127 1536
127 1579
128 860
129 486
129 1286
129 1517
129 1823
130 165
130 346
130 509
130 797
130 1285
131 756
131 1009
131 1602
131 1656
132 144
132 442
132 1560
133 578
133 600
134 327
134 704
134 1625
135 349
135 878
135 906
135 1798
136 1641
137 400
137 669
137 829
138 366
138 911
138 1125
138 1937
138 1994
139 193
139 269
139 368
139 898
139 1887
140 353
140 377
140 439
141 790
141 1074
141 1958
141 1965
142 229
142 470
143 300
145 251
145 1137
146 386
146 1767
147 209
147 266
147 1895
148 242
148 1272
148 1504
148 1705
148 1901
149 500
149 655
150 1450
150 1480
151 827
151 1328
151 1409
151 1757
153 248
153 922
153 1082
153 1320
153 1559
153 1630
153 1734
155 942
155 974
155 1078
155 1214
155 1860
156 622
157 193
157 677
157 897
157 1483
157 1905
158 406
158 1145
158 1182
158 1784
158 1983
159 1051
159 1360
159 1682
160 475
160 974
160 1134
160 1740
161 208
161 709
162 1557
163 846
163 1105
163 1323
163 1365
163 1959
164 227
164 327
164 423
164 606
164 735
164 746
165 868
165 1086
165 1231
165 1921
166 335
166 879
166 1068
166 1361
166 1663
167 362
167 1051
167 1619
167 1733
167 1905
168 350
169 611
169 1408
171 1579
172 554
172 863
172 904
174 1117
174 1954
175 1014
175 1423
175 1750
175 1855
176 269
176 409
176 1333
176 1670
177 316
177 776
177 943
177 1294
177 1416
177 1879
177 1905
178 1366
178 1544
179 1897
180 335
181 264
181 584
181 1426
181 1651
182 810
182 914
182 1362
183 329
183 1566
184 283
184 884
184 1225
184 1573
185 813
185 1667
185 1823
186 1280
187 1037
188 542
188 986
188 1738
189 944
190 859
190 1753
192 299
192 1341
193 587
193 735
194 247
194 1209
194 1399
194 1784
195 519
196 544
196 797
196 1311
197 569
197 629
197 1243
197 1317
197 1737
198 941
198 1720
199 262
199 449
199 623
199 1309
200 1315
201 220
201 495
201 734
202 493
202 664
202 1385
202 1391
202 1613
202 1805
203 205
203 285
203 481
203 1018
203 1295
203 1409
203 1911
203 1957
204 650
204 1445
204 1522
205 950
205 1262
205 1333
206 553
206 796
206 1367
206 1861
207 779
207 1379
207 1389
208 1488
209 1526
210 1113
210 1695
211 1032
211 1453
213 708
213 1538
214 408
214 681
214 1006
214 1052
214 1370
214 1862
215 1966
216 746
216 800
216 1773
218 1625
218 1896
218 1944
219 429
219 778
220 320
220 499
220 737
220 1242
222 1272
222 1766
223 1359
224 364
224 1023
224 1095
224 1791
224 1797
225 518
225 1172
225 1263
225 1608
226 725
226 1022
226 1367
226 1828
227 371
227 394
227 655
227 905
227 1335
227 1667
228 475
228 664
228 1307
228 1316
229 1031
229 1155
229 1176
229 1304
230 772
230 1173
231 1934
232 490
232 613
232 633
232 688
232 952
232 1027
233 873
234 1320
234 1380
235 1342
235 1543
235 1929
236 853
236 1021
237 1212
237 1229
237 1650
238 316
238 519
238 1362
238 1410
239 1241
239 1489
240 284
240 377
240 1044
240 1287
240 1968
241 502
241 530
241 658
241 1428
241 1884
242 394
242 578
243 923
243 1262
243 1683
244 725
245 1369
245 1729
245 1756
246 699
246 1745
247 1336
247 1913
247 1931
248 300
248 673
248 700
248 866
249 1512
251 1946
252 809
252 1957
253 758
253 1346
254 336
254 1974
255 1029
255 1236
256 1091
256 1550
257 537
257 1872
258 936
258 1175
258 1828
259 952
260 464
260 544
260 972
261 961
261 1330
261 1554
261 1611
261 1851
262 429
262 539
262 1823
263 350
263 418
263 525
263 1193
263 1384
264 387
264 473
264 712
264 1696
265 496
265 689
265 1403
266 1026
266 1280
267 304
267 977
267 1520
268 1298
269 645
269 687
270 1440
271 487
271 544
272 511
272 653
272 1394
273 1035
274 973
275 317
276 1376
277 521
277 771
277 1295
279 481
279 1123
279 1453
279 1560
279 1821
279 1962
280 284
281 387
281 1648
282 1450
283 481
283 495
283 897
283 1847
284 308
284 348
284 471
284 768
284 1201
284 1652
285 641
285 719
285 1788
286 1451
287 1928
288 1504
288 1782
288 1872
289 1229
289 1652
290 849
291 478
291 1632
291 1951
292 461
292 769
292 897
292 1740
293 529
293 722
293 867
293 1420
293 1807
295 411
297 474
297 1236
297 1250
298 479
299 1967
300 628
300 817
300 936
300 1282
300 1519
300 1693
301 499
301 806
302 786
302 838
302 1526
302 1741
303 1137
304 959
304 1302
305 611
305 1135
306 372
306 956
306 1333
306 1695
307 1468
307 1659
307 1885
308 1324
308 1500
310 1187
311 1097
312 1870
313 934
314 502
314 595
314 1026
314 1442
314 1532
314 1661
314 1954
315 1527
315 1611
316 1040
317 438
317 1031
318 746
318 796
318 906
318 1931
319 1388
320 581
320 1500
321 653
321 824
321 1237
321 1924
322 650
322 659
322 1139
322 1574
323 573
323 910
323 1790
324 929
325 1532
326 609
326 1457
326 1537
327 963
327 1066
329 1306
331 1400
331 1973
332 642
332 1237
332 1577
332 1710
332 1717
333 603
333 639
333 1234
334 1236
334 1309
334 1441
335 1102
336 1003
336 1096
337 1895
338 768
338 1030
339 1130
339 1175
339 1216
340 404
340 921
340 1249
340 1930
342 744
343 1371
344 1356
344 1382
345 1034
345 1136
345 1233
345 1858
346 1590
346 1664
346 1801
346 1894
347 845
347 1048
348 818
348 1681
349 542
349 1135
349 1706
349 1928
350 1804
352 403
352 426
352 772
352 862
352 1252
352 1322
352 1635
352 1695
353 359
353 546
353 765
353 1215
354 726
354 1098
354 1428
354 1746
355 1747
355 1885
356 517
356 1013
356 1160
357 783
357 1779
357 1790
357 1968
358 1596
358 1647
358 1910
359 1021
359 1149
359 1798
360 1001
361 758
361 832
361 1893
362 455
362 1198
362 1224
363 1488
363 1592
364 1113
364 1727
365 584
365 858
366 379
366 1162
367 435
367 633
367 1568
368 550
368 1963
369 472
369 768
369 881
369 1242
371 713
371 997
371 1366
371 1441
371 1641
372 580
372 1159
373 1273
373 1412
374 1126
374 1444
374 1548
374 1556
375 502
376 778
376 849
376 1080
376 1492
376 1986
377 1566
378 798
378 1411
379 1593
379 1688
380 1219
381 591
381 1106
381 1126
381 1952
382 570
382 595
382 997
382 1787
382 1793
383 682
383 706
383 1113
383 1398
383 1860
384 1102
384 1742
384 1984
385 491
385 552
385 1952
386 1201
386 1663
387 981
387 1102
387 1838
388 540
388 676
388 1908
389 571
389 595
389 1135
389 1424
389 1828
389 1953
390 640
390 1097
390 1174
390 1343
390 1394
390 1500
390 1820
392 1071
392 1275
393 834
393 1171
394 1156
394 1365
394 1874
395 452
395 478
395 511
396 426
397 449
397 828
397 846
397 1465
397 1995
398 818
398 1328
398 1560
399 521
399 1494
400 1440
400 1576
401 1488
401 1536
401 1611
401 1701
403 736
403 989
403 1341
403 1594
404 989
404 1089
405 1544
405 1598
405 1773
405 1965
406 828
406 1460
407 906
407 1191
407 1680
409 1915
410 467
410 803
410 1044
411 845
411 1054
412 1239
412 1512
413 982
413 1298
413 1384
413 1692
414 627
414 994
414 1167
414 1206
414 1416
415 711
416 478
416 1789
417 994
417 1408
417 1500
417 1815
418 1081
418 1189
418 1412
418 1641
418 1829
419 705
420 1045
422 1039
422 1555
422 1618
422 1961
423 518
423 1299
424 543
424 1230
424 1893
424 1897
425 1318
425 1488
425 1880
426 1048
426 1288
428 747
428 1816
429 497
429 1018
430 1585
431 844
431 1245
431 1659
431 1945
432 806
432 1631
432 1954
433 1339
433 1437
433 1803
434 873
435 1207
436 708
436 804
436 923
436 1272
437 634
437 886
438 463
438 686
438 721
438 1836
438 1972
439 695
440 973
440 1345
440 1385
440 1922
441 1414
442 1022
442 1264
442 1747
445 1611
445 1630
446 741
446 1783
447 612
447 616
449 1453
449 1748
450 1008
450 1499
450 1812
451 457
452 783
453 1424
453 1656
456 1281
456 1328
457 889
457 1099
458 1289
459 540
459 913
459 1329
459 1887
460 734
461 1373
461 1830
462 983
463 478
463 958
463 1994
464 1359
467 747
467 1153
468 1142
468 1333
469 1383
470 581
471 622
471 1126
471 1599
472 480
472 972
472 1575
473 891
477 488
477 1094
477 1195
477 1574
478 1066
478 1697
478 1960
479 1647
479 1696
481 1194
481 1444
482 549
482 865
482 994
482 1393
483 1083
483 1427
483 1431
484 1762
484 1855
485 826
485 921
485 934
486 1555
486 1597
487 1233
487 1235
487 1650
488 606
488 1673
489 1457
489 1473
490 609
490 1326
490 1390
490 1627
491 1128
491 1647
491 1664
492 1550
493 1058
493 1788
493 1845
495 1060
495 1528
496 724
496 971
496 1082
496 1476
497 1179
497 1801
499 890
499 1460
500 1535
500 1549
502 1429
502 1607
502 1865
503 1769
504 1141
505 842
506 539
506 1015
506 1332
506 1873
507 630
507 688
507 961
507 1489
508 549
508 994
508 1021
509 1085
510 1247
510 1523
511 940
512 1335
512 1381
512 1801
513 1123
513 1777
514 1909
515 626
515 675
515 1234
516 646
516 1451
517 637
517 988
517 1314
517 1323
517 1877
518 1323
519 1188
519 1345
519 1775
520 948
520 1487
520 1915
521 909
521 1401
521 1741
521 1786
522 1382
522 1562
523 810
524 581
524 1641
524 1873
525 960
525 1601
526 577
526 1701
527 833
527 1233
527 1853
528 536
528 537
528 651
528 709
528 1061
528 1201
528 1618
529 1152
529 1269
529 1935
530 629
530 1071
531 1925
532 1288
533 1663
534 670
534 1467
535 1226
536 1273
536 1609
536 1846
537 1827
538 1727
539 864
540 1178
542 1595
542 1893
542 1904
542 1995
543 731
543 878
543 1797
543 1954
545 1588
545 1819
546 683
546 1138
547 1294
549 655
550 1267
551 1664
552 1766
552 1800
553 566
554 645
554 1415
555 1367
555 1742
555 1826
556 1153
556 1654
557 1066
557 1517
558 613
558 1021
558 1349
559 946
559 1135
559 1195
560 717
560 912
560 1448
561 1904
562 958
562 1340
563 1414
564 813
564 1628
566 734
566 1006
567 1194
568 1795
568 1958
569 850
569 1090
570 781
570 1491
571 1035
571 1089
571 1183
571 1342
572 894
572 912
572 1611
572 1768
573 707
573 816
573 1254
573 1285
573 1908
574 857
574 1739
574 1775
575 1150
575 1800
576 676
576 714
576 1844
576 1913
577 812
577 1049
579 857
579 1726
580 1025
580 1188
580 1664
580 1666
581 925
581 1685
582 594
582 1756
582 1767
583 717
583 1238
583 1312
583 1357
583 1953
584 929
585 734
585 1866
586 1149
586 1393
586 1701
587 1284
587 1659
587 1836
588 1417
588 1458
590 970
591 1063
591 1164
591 1172
591 1396
592 1570
592 1761
593 634
593 966
593 994
594 981
595 1200
595 1605
596 709
596 729
596 1304
596 1449
596 1561
596 1579
597 977
598 1381
599 940
599 1470
600 856
600 1047
600 1237
601 1393
601 1749
602 1349
603 814
603 1684
604 1288
604 1988
605 735
605 1032
605 1187
605 1501
605 1831
606 1749
607 1485
611 958
612 1535
612 1862
613 1722
613 1790
614 1925
615 803
615 1650
615 1676
617 676
617 1083
617 1244
618 622
618 643
618 1783
619 1431
620 899
620 1207
622 1956
624 631
624 1106
624 1434
625 978
625 1411
626 1006
627 1070
628 659
628 920
628 1392
629 938
629 1836
630 1020
630 1026
630 1326
630 1910
631 826
631 977
631 1147
631 1667
631 1887
632 853
632 1241
632 1905
633 868
633 1283
633 1598
634 1935
636 1031
636 1570
637 1589
638 782
639 1230
639 1974
640 990
640 1849
640 1869
641 988
641 1397
641 1769
641 1810
642 1451
642 1905
643 882
643 1279
643 1895
644 1691
644 1882
645 823
645 1532
646 1662
648 801
648 1795
649 761
649 1358
650 1617
651 1544
651 1627
652 1037
652 1227
654 791
654 910
654 1232
654 1707
655 755
655 868
655 1106
655 1833
656 1808
656 1855
657 721
657 1593
657 1822
658 1235
658 1354
659 1031
659 1999
660 1308
660 1407
660 1694
660 1710
661 1099
661 1207
661 1942
661 1958
662 1571
663 766
663 1871
664 1556
665 1768
666 911
666 1424
666 1719
666 1741
667 1587
667 1626
667 1770
668 998
668 1689
670 851
671 1359
672 1546
672 1551
672 1649
672 1967
673 1983
675 1027
675 1343
676 838
676 1484
677 867
677 1283
677 1822
678 1643
678 1694
678 1706
678 1837
679 1546
680 1694
680 1953
681 1176
682 842
683 718
683 837
683 1712
684 938
686 905
686 1001
686 1536
686 1610
686 1864
687 1015
687 1304
687 1771
690 1429
692 868
692 1034
694 812
694 1742
694 1881
696 1006
696 1775
697 1664
697 1762
697 1883
698 1457
698 1902
698 1934
699 855
699 1049
699 1237
700 1079
700 1820
702 1095
702 1133
703 1278
703 1711
703 1724
704 1419
705 1094
706 1222
706 1239
706 1273
706 1943
707 1435
707 1856
708 1182
708 1524
708 1552
709 1175
710 1681
710 1733
710 1869
711 879
711 1152
714 940
714 1123
715 1384
716 1203
716 1719
718 839
718 951
718 1490
718 1905
721 1420
722 1302
722 1757
723 1452
723 1799
724 729
724 1202
724 1486
724 1856
725 1545
726 1316
726 1518
726 1908
727 763
728 1714
730 1494
731 1864
732 834
732 1555
732 1651
733 1090
733 1157
733 1695
733 1959
735 1025
735 1578
735 1613
736 747
737 854
737 876
737 1087
737 1965
738 1301
738 1354
738 1420
739 947
739 977
739 1690
739 1713
741 783
741 1138
741 1758
743 1531
743 1715
744 1168
744 1235
746 1763
747 1137
749 1287
750 1978
751 810
751 1593
751 1598
751 1847
752 1205
753 1996
754 1645
755 1881
756 1033
758 1128
758 1468
759 1722
760 1602
760 1783
762 781
762 1871
763 1110
763 1139
764 1993
765 921
765 1237
765 1878
766 1985
767 1810
768 1344
769 1367
771 1157
771 1523
771 1685
771 1955
772 1261
773 787
773 1674
774 959
774 1714
775 987
775 1305
777 832
777 873
778 967
778 1001
778 1074
778 1649
778 1844
779 927
779 1457
779 1471
780 1328
781 1219
781 1671
783 1031
785 826
786 1950
787 850
787 1467
787 1776
788 1437
789 808
789 1430
790 1461
790 1661
791 951
791 1374
791 1378
791 1997
793 1924
794 920
794 1081
795 1456
797 1037
797 1089
798 1937
801 1744
801 1985
802 881
802 1124
802 1405
803 1617
804 1094
804 1266
804 1634
805 1250
806 931
806 1004
807 1424
807 1961
807 1978
808 820
810 1832
811 1143
811 1289
811 1371
811 1644
811 1778
811 1884
812 1017
814 887
814 1114
814 1595
815 1301
816 1313
817 1540
818 1778
819 980
819 1519
819 1547
820 1064
820 1337
820 1384
821 1487
821 1800
822 1756
822 1995
823 921
824 830
824 1257
824 1288
824 1294
824 1349
824 1595
824 1883
825 1499
825 1742
827 1006
827 1608
827 1886
829 993
829 1425
830 888
830 1290
831 1104
832 1075
832 1907
833 962
834 1020
834 1115
834 1391
835 1360
835 1808
835 1956
836 1095
836 1980
837 1860
837 1960
838 1705
839 1730
840 1307
841 1483
841 1706
842 1810
843 1353
843 1550
844 1008
844 1214
844 1919
845 1143
847 1289
847 1630
848 1219
848 1229
848 1458
849 933
849 1840
850 1649
850 1703
851 1524
851 1542
851 1546
851 1631
852 1354
852 1636
853 924
853 1790
854 939
854 1253
854 1414
854 1656
855 1389
855 1691
856 1668
856 1747
857 1128
857 1884
861 944
861 967
862 1732
863 1043
863 1076
863 1418
863 1648
866 1833
866 1856
867 1219
867 1382
867 1517
868 1851
868 1879
869 995
869 1024
869 1173
870 1101
870 1894
871 1403
872 920
872 1254
872 1502
873 1081
873 1513
873 1659
873 1661
874 1301
875 1029
877 1569
877 1769
878 992
878 1211
879 944
879 1488
881 1300
881 1346
881 1778
882 1240
883 1585
883 1620
885 1741
886 1038
886 1178
886 1293
887 1343
887 1403
887 1957
890 1615
891 905
891 983
891 1079
891 1198
891 1271
891 1793
893 1793
894 1235
896 1712
897 1126
897 1382
897 1477
898 1395
898 1692
898 1778
900 1062
900 1307
901 1470
902 1309
902 1881
904 918
905 939
905 1619
905 1941
906 1552
907 1816
908 1764
909 1090
909 1576
910 1076
910 1223
910 1328
911 1833
911 1891
912 1044
912 1203
912 1205
913 1891
914 1615
914 1773
914 1778
917 1006
917 1066
917 1493
917 1749
918 1753
921 1289
921 1356
922 1600
922 1917
923 1454
924 1018
924 1041
924 1270
924 1271
925 1492
926 1016
926 1671
926 1811
927 1131
928 1047
929 1417
930 1217
930 1479
930 1780
930 1834
932 1465
932 1548
933 1360
933 1613
934 1911
935 995
935 1160
936 1493
937 1604
938 1333
939 1154
939 1273
940 1582
941 1349
941 1492
941 1527
942 1576
943 1829
944 1115
944 1536
944 1555
945 1520
945 1779
946 1200
946 1518
947 1430
947 1483
947 1923
948 964
948 1265
948 1296
949 1146
952 1660
953 1065
953 1142
953 1189
954 1824
956 1000
956 1297
956 1895
957 1260
957 1838
957 1875
958 1966
959 1394
959 1901
961 1039
961 1275
961 1561
962 1479
962 1834
963 1806
963 1840
964 1216
968 1009
971 1059
971 1200
972 982
972 1518
974 1272
976 1143
977 1052
977 1604
977 1960
978 1099
979 1722
979 1889
980 1103
980 1457
980 1580
981 1702
982 1825
982 1885
983 1134
983 1183
983 1374
984 1074
984 1861
986 1482
986 1522
987 1167
987 1184
988 1029
988 1234
988 1605
988 1913
989 1574
990 1873
991 1589
992 1469
992 1731
992 1837
993 1737
994 1364
994 1905
995 1257
995 1487
996 1307
997 1980
998 1633
998 1829
1000 1845
1001 1307
1001 1787
1002 1815
1003 1164
1003 1439
1004 1022
1004 1380
1004 1754
1004 1788
1005 1097
1005 1185
1007 1731
1008 1992
1009 1275
1009 1976
1010 1626
1011 1744
1011 1762
1011 1873
1013 1891
1014 1814
1016 1491
1017 1482
1019 1056
1021 1878
1022 1154
1022 1837
1024 1708
1026 1176
1026 1247
1026 1350
1026 1991
1027 1184
1027 1229
1027 1702
1028 1317
1028 1607
1030 1342
1030 1974
1032 1094
1032 1844
1034 1466
1034 1869
1038 1473
1039 1236
1039 1250
1039 1633
1039 1898
1040 1204
1040 1349
1041 1281
1041 1457
1041 1648
1041 1874
1042 1099
1042 1738
1043 1200
1043 1512
1043 1601
1043 1935
1044 1077
1045 1413
1046 1299
1046 1345
1046 1365
1046 1877
1046 1965
1046 1971
1048 1308
1048 1493
1048 1766
1049 1306
1049 1375
1049 1930
1051 1111
1052 1972
1053 1568
1053 1701
1054 1473
1054 1506
1054 1617
1055 1170
1055 1370
1057 1373
1057 1626
1057 1728
1059 1269
1059 1371
1059 1950
1060 1470
1060 1925
1060 1987
1061 1964
1062 1160
1062 1627
1063 1434
1063 1956
1064 1523
1065 1357
1066 1817
1068 1822
1069 1169
1069 1896
1069 1919
1070 1537
1070 1615
1070 1698
1070 1728
1071 1364
1071 1806
1072 1842
1074 1166
1074 1559
1074 1564
1075 1613
1075 1933
1076 1989
1077 1178
1077 1703
1079 1095
1079 1344
1081 1711
1081 1850
1083 1302
1084 1221
1085 1155
1085 1501
1085 1797
1086 1124
1086 1971
1087 1125
1087 1130
1087 1217
1087 1493
1088 1802
1089 1584
1089 1633
1090 1171
1090 1181
1090 1660
1090 1954
1091 1303
1091 1928
1091 1966
1093 1679
1093 1728
1093 1757
1094 1177
1094 1259
1094 1452
1094 1810
1096 1517
1096 1882
1097 1208
1097 1346
1098 1321
1099 1470
1102 1380
1104 1145
1104 1943
1105 1750
1106 1266
1107 1326
1107 1803
1108 1201
1108 1664
1112 1788
1113 1623
1114 1483
1116 1160
1116 1214
1117 1598
1117 1691
1118 1479
1120 1374
1120 1779
1124 1608
1125 1410
1125 1818
1126 1970
1127 1784
1129 1989
1130 1408
1130 1745
1131 1430
1132 1140
1132 1285
1134 1198
1134 1238
1134 1715
1135 1350
1136 1967
1137 1178
1137 1515
1138 1329
1139 1995
1142 1508
1142 1949
1143 1677
1144 1420
1144 1622
1145 1301
1146 1536
1146 1812
1148 1248
1148 1808
1149 1897
1150 1445
1151 1996
1152 1442
1153 1674
1153 1820
1154 1781
1154 1978
1156 1743
1157 1622
1158 1159
1158 1840
1160 1972
1161 1644
1162 1887
1162 1951
1163 1681
1164 1229
1165 1244
1165 1256
1165 1574
1166 1176
1166 1450
1166 1582
1166 1810
1167 1394
1167 1603
1169 1896
1171 1838
1171 1873
1173 1242
1173 1556
1174 1804
1174 1968
1175 1779
1176 1736
1177 1303
1177 1592
1177 1645
1177 1836
1184 1285
1187 1290
1188 1415
1188 1468
1188 1565
1190 1777
1190 1819
1191 1411
1192 1562
1193 1310
1193 1583
1194 1197
1195 1518
1197 1361
1198 1467
1200 1763
1200 1882
1201 1327
1201 1543
1201 1787
1201 1849
1202 1958
1204 1547
1205 1634
1206 1436
1206 1732
1207 1728
1210 1253
1210 1948
1211 1515
1211 1679
1212 1499
1213 1988
1214 1249
1214 1312
1214 1861
1215 1287
1215 1387
1215 1870
1217 1985
1218 1471
1218 1993
1221 1287
1221 1542
1223 1241
1223 1617
1223 1926
1225 1386
1225 1484
1226 1762
1226 1900
1227 1682
1228 1597
1229 1376
1231 1234
1231 1273
1231 1536
1232 1282
1232 1652
1234 1565
1235 1336
1236 1648
1237 1376
1237 1659
1240 1788
1241 1435
1242 1478
1242 1849
1243 1818
1245 1613
1246 1320
1247 1293
1247 1503
1247 1588
1247 1628
1249 1722
1250 1666
1253 1809
1253 1974
1255 1753
1256 1288
1259 1547
1259 1865
1260 1527
1260 1997
1261 1854
1263 1435
1263 1923
1264 1610
1265 1281
1266 1378
1267 1865
1271 1767
1272 1312
1273 1534
1274 1869
1275 1826
1275 1900
1275 1978
1276 1524
1276 1622
1277 1555
1279 1614
1280 1508
1281 1552
1281 1940
1282 1436
1283 1398
1283 1793
1283 1796
1285 1548
1285 1582
1286 1842
1287 1438
1291 1572
1293 1882
1294 1502
1294 1845
1296 1610
1297 1569
1301 1798
1302 1332
1302 1752
1302 1756
1303 1328
1303 1447
1304 1547
1307 1795
1309 1620
1312 1831
1313 1586
1313 1648
1313 1825
1314 1888
1315 1634
1316 1461
1316 1630
1316 1819
1318 1465
1318 1579
1320 1396
1324 1781
1325 1355
1328 1743
1329 1417
1330 1364
1330 1377
1331 1915
1334 1591
1334 1841
1335 1530
1335 1574
1336 1629
1339 1445
1340 1645
1342 1588
1342 1798
1343 1923
1345 1371
1345 1385
1345 1739
1346 1496
1346 1627
1347 1561
1348 1349
1352 1508
1353 1867
1355 1488
1357 1465
1359 1725
1360 1681
1362 1604
1363 1687
1363 1983
1364 1844
1365 1417
1366 1649
1367 1876
1369 1401
1369 1936
1369 1969
1370 1378
1371 1439
1371 1598
1372 1632
1373 1820
1375 1463
1377 1378
1377 1731
1378 1517
1378 1925
1379 1583
1381 1423
1382 1879
1384 1966
1385 1688
1386 1513
1387 1587
1390 1479
1390 1727
1390 1856
1391 1679
1392 1995
1397 1497
1398 1805
1399 1578
1401 1460
1402 1681
1405 1738
1407 1598
1407 1784
1409 1982
1411 1776
1416 1906
1417 1645
1417 1764
1419 1455
1419 1526
1421 1821
1422 1940
1423 1463
1423 1647
1424 1626
1425 1496
1427 1504
1427 1724
1428 1617
1429 1600
1430 1663
1431 1787
1431 1984
1432 1727
1433 1683
1433 1932
1434 1859
1435 1842
1435 1903
1436 1706
1437 1956
1440 1687
1442 1479
1442 1645
1446 1628
1447 1570
1447 1617
1450 1606
1450 1665
1451 1478
1451 1629
1454 1720
1454 1831
1464 1617
1464 1773
1464 1845
1465 1692
1465 1715
1465 1730
1465 1781
1471 1995
1472 1771
1473 1521
1473 1796
1473 1856
1475 1596
1475 1978
1477 1873
1478 1634
1479 1896
1479 1944
1479 1993
1481 1588
1481 1855
1482 1771
1483 1526
1483 1657
1483 1877
1487 1623
1488 1662
1491 1506
1491 1549
1494 1767
1494 1946
1495 1876
1496 1898
1497 1894
1497 1989
1500 1551
1505 1726
1509 1596
1509 1600
1509 1742
1509 1985
1510 1866
1511 1854
1513 1602
1515 1555
1516 1929
1519 1582
1519 1623
1519 1944
1520 1959
1520 1990
1525 1552
1525 1846
1526 1606
1527 1731
1530 1831
1531 1972
1537 1966
1537 1985
1542 1553
1544 1678
1551 1701
1552 1789
1553 1643
1554 1627
1555 1669
1555 1904
1555 1928
1556 1937
1557 1897
1560 1734
1560 1829
1562 1875
1564 1634
1564 1638
1570 1681
1570 1772
1570 1899
1571 1582
1571 1991
1574 1845
1576 1621
1576 1812
1577 1769
1577 1839
1578 1621
1578 1810
1580 1883
1581 1838
1583 1747
1584 1803
1586 1659
1586 1687
1587 1928
1588 1981
1589 1618
1590 1718
1593 1858
1594 1766
1595 1865
1598 1927
1599 1827
1600 1885
1600 1951
1601 1705
1601 1729
1604 1976
1604 1980
1607 1797
1608 1921
1609 1639
1611 1624
1613 1735
1614 1862
1614 1874
1615 1745
1618 1754
1618 1845
1621 1707
1621 1782
1628 1917
1629 1642
1629 1801
1638 1803
1643 1867
1646 1963
1647 1663
1648 1945
1649 1668
1649 1813
1650 1776
1656 1705
1656 1792
1657 1803
1658 1762
1659 1987
1660 1905
1660 1972
1665 1709
1667 1725
1667 1762
1669 1762
1671 1723
1675 1831
1677 1948
1680 1870
1682 1844
1685 1986
1692 1771
1693 1743
1694 1945
1695 1790
1707 1889
1712 1936
1714 1836
1714 1926
1718 1954
1725 1762
1726 1751
1730 1784
1736 1799
1736 1936
1738 1988
1739 1997
1743 1796
1744 1966
1756 1843
1759 1966
1760 1840
1762 1962
1765 1988
1766 1984
1771 1932
1773 1851
1777 1790
1780 1887
1780 1912
1783 1819
1787 1908
1789 1982
1793 1946
1799 1806
1803 1958
1807 1863
1809 1994
1813 1899
1813 1978
1814 1904
1821 1825
1823 1944
1829 1959
1839 1995
1842 1913
1850 1987
1851 1957
1856 1962
1858 1971
1863 1981
1870 1903
1870 1988
1879 1940
1897 1995
1902 1964
1907 1965
1947 1961
