2000 2998
25
40
44
77
91
86
53
95
64
34
53
49
32
27
3
30
12
98
81
78
74
93
21
69
92
41
1
21
38
81
53
33
12
33
11
80
78
86
21
71
34
41
10
93
50
12
58
24
52
70
70
8
99
62
63
100
57
48
55
4
10
89
71
15
24
11
88
94
15
8
62
16
48
20
19
92
20
28
17
85
46
73
28
70
6
86
29
70
49
89
32
28
20
66
75
27
35
65
14
69
2
56
82
12
85
90
43
23
55
3
15
37
50
37
68
25
4
17
91
43
50
15
1
71
77
71
63
12
58
7
46
94
82
43
55
89
92
85
81
61
54
57
45
1
90
79
90
58
72
67
87
47
76
26
82
22
1
29
94
22
5
33
72
95
48
41
39
79
70
84
22
68
36
97
63
77
53
86
36
12
7
97
80
61
25
25
63
16
32
30
73
1
31
98
26
72
1
41
86
28
61
100
49
74
100
44
31
73
81
31
79
40
22
3
99
55
78
6
58
5
37
15
16
80
58
65
9
59
63
41
36
37
93
1
83
12
22
86
67
80
51
71
8
14
26
48
75
96
39
86
57
67
7
98
67
81
99
68
18
32
62
65
1
85
33
98
10
92
1
39
95
64
55
65
66
17
88
46
57
38
22
92
20
14
43
58
55
40
36
9
1
29
44
49
58
47
12
5
82
63
13
55
21
76
54
13
76
86
49
47
3
92
67
73
10
56
3
99
11
10
95
28
61
14
23
94
48
43
1
48
71
94
35
49
90
53
93
6
30
34
44
85
11
15
18
64
66
51
39
55
8
43
39
99
53
18
68
8
83
54
75
86
1
79
36
81
88
78
35
62
89
99
87
48
42
68
54
88
28
40
10
7
2
89
1
9
30
46
55
86
68
41
62
59
46
44
60
72
81
86
67
95
8
86
63
42
82
93
28
5
92
77
66
23
59
42
82
80
36
85
57
98
70
70
42
94
28
58
51
79
33
26
40
33
52
90
57
15
46
39
30
13
66
36
21
61
9
90
98
84
48
45
59
44
89
18
53
76
47
15
3
65
75
54
28
74
17
76
97
6
52
79
43
63
77
2
59
83
21
47
47
90
61
57
17
15
88
20
25
7
6
95
84
19
11
27
11
37
25
74
69
65
14
6
68
16
46
25
27
8
71
89
91
99
40
13
50
1
77
52
98
87
38
60
68
85
38
88
5
91
3
79
17
7
86
77
46
47
49
48
71
57
1
88
100
40
4
90
85
65
78
35
12
18
25
97
48
71
40
35
17
85
60
41
28
15
8
75
74
73
73
85
38
33
61
34
48
19
93
80
57
37
45
83
74
31
90
75
64
74
9
12
77
40
39
87
93
22
67
75
27
48
63
83
63
40
78
17
6
22
15
85
35
44
43
74
5
69
31
34
57
44
33
79
81
81
65
8
43
27
25
32
7
77
58
28
64
87
40
67
48
53
1
35
79
29
45
8
60
56
86
20
47
79
19
67
84
92
69
53
79
20
28
23
99
55
11
75
12
89
46
44
77
30
39
25
51
33
84
7
74
67
7
90
96
60
33
21
63
46
42
86
99
40
34
83
65
99
93
61
10
7
26
64
32
79
35
10
60
48
26
31
46
57
25
15
34
12
4
23
8
69
71
86
12
96
19
91
100
56
60
83
12
41
98
7
93
2
31
62
72
22
31
90
40
39
96
80
95
96
30
50
36
43
88
90
27
38
21
62
66
71
11
55
62
72
82
83
41
49
99
34
72
39
84
80
85
84
99
48
9
100
86
66
19
99
16
75
9
29
19
40
66
5
6
79
43
83
17
53
36
73
78
100
53
16
27
93
51
65
9
71
19
89
1
28
74
97
23
21
12
92
79
2
94
20
38
89
18
12
34
1
41
97
35
94
98
60
1
11
34
96
72
5
27
57
91
54
17
8
40
3
25
86
90
47
73
2
65
31
66
90
37
29
99
89
70
53
12
89
11
40
14
25
69
24
92
20
3
84
47
68
57
65
78
36
45
56
19
30
15
99
21
6
11
6
51
65
35
21
45
79
35
42
70
9
100
74
13
85
94
36
49
91
30
68
48
95
22
25
80
44
68
84
36
10
11
81
72
64
80
14
42
75
73
97
56
32
18
74
99
92
48
88
43
92
39
64
14
54
35
33
77
1
39
65
69
59
18
97
29
55
85
74
19
76
57
7
14
82
21
99
86
59
50
47
61
36
58
67
9
25
91
37
52
30
51
40
50
94
26
67
20
69
52
14
81
33
3
41
34
33
1
37
7
33
68
27
74
22
52
75
80
7
23
94
34
65
99
9
75
85
21
88
84
67
5
46
87
85
1
25
29
59
67
51
30
18
10
63
72
39
10
5
92
62
81
53
57
77
90
62
14
16
55
77
82
68
79
19
27
22
58
55
41
29
50
17
34
43
97
93
62
53
54
42
37
52
75
79
51
22
7
9
46
96
39
25
35
67
32
13
85
7
38
18
20
86
18
18
99
81
4
6
47
76
73
60
96
69
94
62
35
4
2
2
8
87
48
91
2
22
67
20
11
53
30
23
20
79
64
77
23
98
59
11
67
80
31
79
32
72
45
58
82
74
96
45
33
98
38
33
67
39
69
21
33
82
97
29
72
15
79
26
100
93
10
89
46
55
61
71
59
91
6
63
98
7
59
47
13
62
49
99
57
68
91
38
27
57
65
8
76
77
17
95
78
15
31
60
94
21
20
66
77
52
34
1
35
1
18
32
41
50
97
70
33
44
85
60
2
98
17
47
22
86
4
10
83
1
72
93
21
29
68
47
27
76
54
57
54
12
97
25
17
32
55
59
95
1
4
58
31
44
83
46
81
87
62
39
3
58
77
69
54
44
28
42
96
35
89
56
67
86
99
55
71
8
51
89
96
46
19
84
26
14
50
60
21
33
95
21
70
92
33
25
49
24
98
84
38
64
21
14
59
30
80
76
74
37
65
8
50
66
77
87
42
50
56
78
62
33
1
79
91
45
66
7
40
78
89
85
29
66
36
3
39
52
87
22
95
7
3
29
53
59
76
44
55
37
70
59
76
39
13
35
76
94
82
29
10
63
59
12
83
67
97
4
76
49
59
14
4
38
51
87
11
65
53
100
82
91
2
53
26
43
91
72
29
15
63
88
40
69
81
20
71
70
60
96
45
79
78
78
70
25
46
42
73
76
51
33
9
70
29
7
97
9
54
99
69
29
41
12
95
26
12
69
28
72
25
17
90
97
12
4
69
82
67
33
83
2
67
63
76
47
41
19
83
54
86
4
27
52
9
81
75
35
27
63
45
76
24
77
54
60
5
45
16
77
17
14
71
55
39
42
13
93
27
3
75
8
43
52
56
67
81
9
36
97
24
29
39
27
18
13
80
84
91
35
97
50
28
75
22
72
6
77
75
90
6
73
50
52
93
31
59
69
59
2
22
38
74
44
100
22
6
89
27
55
98
46
74
9
99
91
85
37
74
72
43
14
86
54
75
30
62
20
76
38
9
57
96
47
21
27
75
46
36
17
30
92
69
76
89
33
5
39
66
24
44
30
64
12
9
9
92
39
37
25
32
26
59
24
2
36
71
70
58
28
67
60
22
37
97
12
16
48
95
77
15
45
54
18
97
24
42
96
35
73
22
59
14
10
41
4
20
15
36
33
54
76
80
72
27
55
62
18
58
65
87
48
100
37
72
94
99
40
8
97
14
13
91
29
58
45
66
24
50
77
47
1
40
3
26
90
13
21
56
80
35
75
49
53
84
4
6
7
29
76
93
72
13
87
27
26
58
8
12
40
36
41
11
87
45
23
20
49
10
84
77
45
59
20
67
93
43
43
47
69
75
3
4
66
15
90
10
25
44
14
19
12
28
29
69
51
26
86
41
54
44
36
97
75
40
85
81
100
29
60
100
76
79
64
50
31
62
86
74
63
91
82
39
66
68
40
51
3
79
23
50
51
93
12
41
77
99
98
6
98
48
56
2
16
86
75
71
83
9
89
44
24
36
44
29
79
83
80
53
43
81
59
89
34
99
39
42
80
92
33
49
55
87
29
74
62
3
97
51
86
22
50
84
98
74
83
26
11
26
3
31
7
66
29
30
50
78
81
84
71
9
1
34
84
67
79
37
77
77
52
30
37
56
62
72
17
27
11
92
17
93
19
62
71
58
70
82
95
70
91
44
72
7
92
28
3
10
26
16
29
53
24
68
9
30
3
26
56
4
26
47
47
93
72
84
97
21
90
9
94
22
32
85
21
47
56
77
60
33
24
97
13
11
91
28
98
25
74
91
28
23
19
5
33
64
59
83
87
88
48
71
30
1
87
62
90
25
85
53
87
61
22
80
6
27
94
57
37
97
45
62
95
31
64
96
88
62
47
65
7
6
81
74
24
89
1
65
88
43
93
84
75
73
95
24
73
45
80
93
19
84
69
59
89
28
8
17
45
3
8
8
31
52
8
66
68
6
21
50
8
14
35
2
37
57
85
60
71
98
1
12
7
18
38
53
31
3
92
34
85
0 54
0 935
1 1267
1 1827
3 1465
4 174
4 1690
4 1699
5 500
5 790
6 435
6 1597
6 1765
7 563
7 1306
7 1689
8 135
8 593
8 1487
10 140
10 312
10 1465
10 1977
11 267
11 678
11 850
11 1057
12 21
12 1559
14 65
14 1177
14 1460
14 1616
14 1721
15 39
15 205
15 1684
16 877
16 937
16 1091
16 1580
17 751
17 766
17 843
17 1308
18 1153
18 1437
19 46
19 512
20 67
20 564
20 824
20 1525
20 1714
22 426
22 528
23 916
24 127
25 76
26 590
28 413
28 575
28 1508
28 1959
29 195
29 1233
29 1264
29 1913
30 167
30 559
30 640
31 74
31 1204
31 1974
32 841
32 951
32 1904
33 144
33 330
33 1607
34 381
34 785
34 1072
35 89
35 763
35 1251
35 1283
36 134
36 191
36 1695
36 1794
37 374
37 473
37 1505
38 111
38 630
38 1080
39 93
39 215
39 792
39 928
40 1951
41 744
41 1719
42 242
42 363
42 629
42 1542
42 1762
42 1988
43 690
43 708
43 1426
44 433
44 529
44 616
44 1751
45 299
45 846
47 1128
47 1158
48 897
48 1761
48 1774
49 623
49 1638
50 371
50 1358
51 1620
52 198
52 352
52 392
52 431
52 471
52 705
52 1497
53 751
53 1026
53 1600
53 1962
54 225
54 712
54 1526
55 83
55 1276
56 979
56 1873
57 1111
57 1165
58 548
58 1243
58 1551
58 1702
59 381
59 1862
60 1607
61 1135
61 1800
62 986
62 1005
62 1761
62 1766
63 364
64 1296
64 1597
64 1926
65 591
65 755
66 820
66 828
66 1508
67 200
67 930
67 1376
68 403
68 1444
69 302
69 388
69 1012
69 1961
69 1988
70 1571
71 1279
71 1696
71 1917
72 1598
73 180
73 1524
74 165
74 297
74 737
74 1831
75 347
75 1091
76 1899
77 725
77 1056
78 1213
78 1251
79 529
80 211
80 403
80 519
80 734
80 927
80 1065
81 1088
81 1943
83 169
83 251
83 438
83 1885
84 1181
84 1273
85 196
85 525
85 1788
86 431
86 710
86 1085
86 1376
87 522
88 1260
89 937
89 1286
90 594
91 974
92 966
92 1450
92 1982
93 877
93 1020
93 1049
93 1224
94 173
94 1833
95 566
95 827
95 947
95 1403
95 1609
95 1640
95 1751
96 354
96 484
96 1238
96 1577
96 1803
97 113
97 265
97 360
97 519
98 402
98 489
98 1026
98 1579
98 1685
98 1857
99 873
99 1854
99 1982
100 674
101 1333
101 1460
101 1604
102 109
102 900
102 1751
102 1990
103 1734
104 1904
105 448
106 1433
107 553
108 941
108 1128
109 403
109 788
109 976
109 1076
109 1526
109 1670
109 1992
110 206
110 1990
111 819
111 1109
112 429
112 943
113 784
114 553
114 867
114 1052
114 1150
114 1556
115 1299
115 1356
115 1360
115 1365
116 272
116 577
117 309
117 1491
118 556
119 347
119 1023
120 363
120 1184
120 1335
120 1453
121 127
121 357
121 515
121 554
121 778
121 1086
121 1250
121 1259
122 1368
123 757
123 1199
125 344
125 1078
125 1234
126 1220
126 1519
128 1471
128 1610
129 341
129 1324
130 981
130 1278
130 1385
130 1970
130 1984
131 917
132 305
132 821
133 191
133 470
134 714
135 1819
135 1962
136 156
136 698
136 1077
136 1368
136 1448
137 997
137 1072
138 305
138 428
138 567
138 1354
139 445
139 521
139 562
140 309
140 438
140 1106
141 582
141 917
141 1039
141 1555
141 1740
142 655
142 679
142 1009
142 1053
142 1932
142 1944
143 923
143 926
143 1505
143 1637
144 605
144 798
144 1211
145 661
145 1972
146 186
146 370
146 432
146 955
146 1195
147 180
147 221
147 536
148 683
149 1382
149 1924
150 380
150 650
150 675
150 811
151 177
151 354
151 1709
152 1044
152 1451
153 1243
153 1351
153 1508
153 1520
153 1881
154 617
154 1067
155 813
155 1196
155 1286
155 1358
156 908
156 1128
157 766
157 1046
157 1367
158 1039
159 1139
161 786
161 1565
162 914
162 1239
162 1768
163 527
163 954
163 1243
163 1401
164 1658
164 1675
165 615
165 1279
165 1493
166 473
167 647
167 1444
167 1999
168 1754
168 1813
168 1863
169 195
169 218
171 1424
171 1737
174 805
175 1326
175 1499
176 1144
176 1870
177 181
177 1761
177 1787
178 188
178 413
178 675
178 1059
178 1526
178 1956
178 1994
179 903
180 525
180 1046
180 1326
180 1908
181 220
181 1123
181 1332
181 1513
181 1961
182 418
182 482
182 1126
182 1180
182 1553
182 1827
183 769
183 1900
185 272
185 479
185 1355
186 845
186 909
186 931
186 1877
187 675
187 1547
187 1722
188 1611
189 486
189 1791
189 1985
190 302
191 1157
191 1358
191 1385
191 1933
192 748
193 1737
193 1762
194 783
194 1129
194 1223
194 1441
196 1151
197 411
197 589
197 1126
197 1541
197 1767
197 1947
198 317
198 964
198 1291
198 1579
199 1113
199 1644
200 201
200 656
200 678
200 1215
200 1517
200 1876
201 388
201 1978
202 846
202 1116
202 1727
203 679
203 1202
204 1048
205 1886
206 530
206 1001
206 1932
207 252
207 518
207 570
207 632
207 1198
207 1357
207 1405
207 1922
208 614
208 671
208 958
209 1513
209 1920
210 447
210 554
210 865
211 483
211 1653
212 309
212 517
212 554
212 663
212 1232
213 1289
214 697
214 1606
214 1640
214 1867
215 823
215 1144
215 1474
216 1165
216 1695
217 470
217 887
217 1610
218 500
218 1389
218 1514
218 1671
218 1784
218 1849
219 241
219 1183
219 1826
220 575
220 869
220 1040
220 1640
222 1119
222 1744
223 1475
223 1622
224 572
224 1282
224 1319
224 1536
225 536
225 576
225 936
225 1009
225 1770
226 348
227 498
227 507
227 1142
227 1504
228 882
228 903
228 908
228 1224
229 1579
230 523
230 725
230 1737
231 847
231 988
231 1271
231 1519
231 1528
231 1796
232 662
232 1841
233 1287
233 1669
233 1990
234 1331
235 992
235 1051
235 1836
236 775
236 1058
236 1894
237 424
238 338
238 1588
238 1852
239 312
239 422
239 969
239 1106
239 1160
239 1281
239 1670
240 272
240 1674
241 1312
242 1959
243 950
243 1876
244 1256
245 311
245 912
245 965
246 986
246 1750
246 1971
247 933
247 1578
247 1637
248 730
248 1157
248 1264
249 370
249 487
249 549
250 467
251 1632
253 567
253 620
254 560
254 822
254 824
254 1339
254 1534
255 681
255 1037
256 405
256 1589
256 1964
257 1030
258 699
258 1295
259 1012
260 847
260 1028
260 1467
260 1482
260 1860
261 852
261 958
261 1386
261 1504
261 1811
262 741
262 1180
262 1516
262 1598
262 1808
264 375
264 1813
265 273
265 1176
266 503
266 800
266 1141
266 1536
267 1279
268 1499
269 519
270 1912
271 349
271 596
271 1132
271 1423
271 1640
272 366
272 536
272 822
272 840
272 922
272 1352
272 1460
273 439
273 680
273 705
273 810
273 911
274 1441
274 1640
275 662
276 767
276 896
277 960
277 1045
277 1409
278 584
278 675
279 429
279 543
279 939
279 1374
280 401
280 989
280 1581
281 1503
281 1791
282 931
283 407
283 565
283 1430
283 1767
283 1805
283 1894
285 469
285 543
285 721
285 771
285 938
285 1253
285 1349
285 1878
287 791
287 1863
288 1031
288 1877
288 1964
289 770
289 1332
289 1608
290 1184
290 1259
290 1914
291 455
291 511
292 327
292 1563
294 792
294 1507
294 1624
295 541
295 1073
295 1339
295 1961
296 737
296 1812
297 560
297 1846
298 1519
300 558
300 777
300 1161
301 1693
302 1280
302 1627
303 551
303 1855
304 1546
305 752
305 1081
306 613
307 971
308 863
309 328
309 472
309 479
309 1176
310 592
310 1089
310 1749
311 741
311 815
311 1308
312 392
313 521
313 662
313 837
313 937
314 892
314 1355
314 1793
315 358
315 434
315 491
315 732
315 1143
315 1634
316 831
316 1581
317 403
317 1181
317 1260
317 1538
317 1604
317 1712
318 505
318 1110
320 695
320 753
321 1587
322 640
323 479
323 599
323 1565
323 1826
324 589
324 791
324 1550
324 1712
325 887
325 1599
326 426
326 630
326 953
326 1889
327 735
327 742
327 1769
329 358
329 1023
329 1448
331 1643
332 337
332 1403
333 961
334 1056
335 416
335 455
336 970
336 1057
337 525
337 1256
337 1527
337 1587
337 1981
338 451
338 793
338 877
338 1269
339 888
339 1505
340 1053
340 1098
341 1014
341 1825
341 1985
342 365
342 523
343 997
344 540
344 1135
344 1257
345 744
346 1052
347 521
347 600
347 1737
349 1618
350 1292
350 1503
350 1956
351 498
351 1161
351 1206
351 1862
352 413
352 557
352 678
352 921
352 1098
352 1365
352 1651
352 1784
353 490
353 1052
353 1457
353 1690
354 847
354 1480
354 1984
355 591
355 1331
355 1364
355 1466
355 1521
356 471
356 1003
356 1466
356 1760
359 507
359 1889
360 934
360 1512
361 507
362 910
362 1327
362 1816
366 812
366 1988
367 1469
367 1474
369 554
369 1058
369 1409
369 1849
370 410
371 751
371 900
372 419
372 1386
372 1692
373 527
373 1050
374 509
374 1030
374 1486
376 902
376 1010
377 760
377 997
377 1448
378 1222
378 1327
378 1803
379 413
379 607
379 635
379 750
379 1183
379 1815
380 589
381 1118
381 1242
383 1801
384 934
384 1548
384 1591
385 1331
385 1547
385 1712
385 1926
386 390
386 564
386 1570
387 1883
388 605
388 1196
389 901
389 1194
390 1025
390 1784
390 1818
390 1982
391 1763
392 1008
392 1196
392 1488
392 1577
392 1782
393 660
393 1123
393 1389
393 1528
395 974
396 1050
396 1188
397 406
397 430
397 1455
398 773
398 1650
399 459
399 799
400 975
400 1548
400 1873
402 612
403 691
403 908
403 979
404 1151
405 878
405 932
405 1709
407 557
407 1651
408 975
409 471
409 1153
409 1868
410 1131
411 509
411 1452
411 1466
411 1844
412 481
412 1314
412 1936
413 1217
413 1580
413 1838
413 1868
414 1023
414 1448
415 622
415 1045
416 463
416 884
417 1942
418 688
418 1945
419 468
419 1239
419 1495
419 1626
419 1891
420 481
420 637
420 781
420 1407
420 1549
421 775
422 527
422 1291
422 1463
423 718
423 988
423 1724
424 864
424 1359
424 1426
424 1558
424 1824
425 650
425 1009
425 1042
425 1422
425 1864
425 1924
426 1427
426 1957
427 828
427 880
427 1505
427 1716
428 1457
428 1703
429 1369
430 1555
430 1564
431 580
431 1141
432 1641
434 725
435 1119
435 1193
435 1655
436 729
436 843
436 981
437 1826
438 507
438 1894
439 1175
439 1762
439 1870
439 1968
440 513
440 750
441 1334
442 461
442 567
442 1586
443 1656
444 1128
445 897
445 1335
445 1709
445 1809
447 1764
447 1790
447 1912
448 1660
449 1521
449 1879
450 817
450 879
450 1569
451 617
451 739
452 999
452 1052
452 1377
452 1520
452 1619
453 599
453 1082
453 1222
453 1626
455 1613
456 1413
456 1726
458 480
458 901
458 1031
458 1238
458 1240
458 1269
459 812
460 568
460 1019
461 796
461 1774
462 505
462 1431
462 1751
463 791
463 1431
464 657
464 1203
464 1674
464 1704
465 838
465 903
465 1349
465 1409
465 1849
466 1578
467 598
468 1707
468 1904
469 1540
470 1400
470 1760
472 646
472 1591
473 1580
474 502
474 1017
474 1636
475 1536
476 1025
476 1476
477 541
477 1510
477 1651
479 1408
479 1611
479 1951
480 1376
480 1848
482 1240
482 1603
483 1948
484 559
484 910
484 1038
485 1410
486 538
486 979
486 1414
487 562
487 1471
487 1917
488 1037
488 1465
488 1650
488 1721
489 513
489 867
489 1773
490 656
490 932
490 1351
490 1419
490 1535
491 1228
491 1577
492 641
492 866
493 1304
494 516
494 559
494 1397
494 1692
495 758
495 1059
496 1611
497 767
497 916
497 1826
499 671
499 836
499 1270
499 1957
501 651
501 894
501 1762
502 1216
503 1432
503 1590
504 1081
504 1864
504 1876
505 1255
505 1924
506 651
506 983
507 631
507 730
507 1873
508 807
508 1168
509 1342
510 844
511 821
511 1261
511 1441
512 1038
512 1196
513 983
514 696
515 951
515 1060
516 759
516 1662
516 1794
517 983
519 756
519 779
519 1093
519 1580
519 1941
520 1262
521 577
521 821
521 1579
521 1980
522 529
522 798
522 1155
522 1632
523 734
523 1405
523 1680
524 973
524 1039
524 1284
525 566
525 618
525 1542
525 1604
526 1001
527 1945
528 1217
528 1265
529 914
529 1034
532 651
532 696
532 936
532 1319
532 1439
532 1752
533 556
533 1224
535 714
535 843
535 869
537 1066
538 798
538 920
539 738
539 1808
539 1929
541 707
541 1961
542 654
542 937
542 976
542 1299
542 1320
542 1406
542 1537
542 1864
543 796
543 1161
543 1313
543 1656
543 1902
544 1973
544 1981
545 1127
545 1574
546 563
546 1729
546 1872
547 672
547 1641
548 820
548 1014
548 1945
549 1894
550 1173
550 1883
551 575
551 1011
551 1657
551 1664
552 756
552 830
552 1772
553 742
553 1672
554 786
554 1085
554 1264
555 999
555 1515
557 1552
557 1636
558 867
558 884
558 1150
559 750
559 1361
559 1640
560 1860
561 658
561 1757
562 1167
563 903
563 1781
564 684
564 797
564 1800
565 1913
566 1843
566 1917
566 1986
567 673
567 1337
567 1914
568 1637
568 1689
569 776
569 787
569 1783
569 1926
571 619
571 1503
572 675
572 887
572 1231
572 1732
573 1486
575 969
576 619
576 1670
577 1383
577 1432
578 924
578 962
578 1001
578 1087
579 727
579 1198
579 1330
579 1351
581 949
582 762
582 1361
582 1772
583 1459
584 609
584 655
584 884
585 835
585 838
585 1071
585 1220
585 1545
585 1656
585 1888
586 957
586 1393
586 1701
587 1404
588 1331
588 1931
589 833
589 1061
589 1426
589 1475
590 1737
591 1573
592 840
592 988
592 1022
592 1173
592 1309
593 983
593 1539
593 1573
594 595
594 661
594 1086
594 1542
594 1636
595 1253
596 626
596 747
596 1069
596 1203
596 1445
598 618
598 1754
598 1842
599 615
599 1715
599 1987
600 957
600 1180
600 1579
600 1635
600 1774
601 736
601 894
602 658
602 1071
602 1261
602 1918
603 1910
604 976
604 1508
605 854
605 1641
605 1778
605 1909
605 1958
606 1293
606 1940
607 1079
607 1561
607 1872
608 920
608 1281
608 1489
608 1614
608 1855
609 943
609 1625
610 1239
610 1440
610 1632
611 775
611 1405
611 1494
611 1685
612 971
612 1206
612 1644
612 1901
613 1526
614 1287
615 824
615 975
616 1800
616 1916
617 976
617 1025
617 1065
617 1193
617 1889
618 846
618 1701
619 670
619 1075
619 1344
619 1453
619 1661
620 956
620 1465
620 1484
621 914
622 645
622 764
622 771
622 787
623 873
623 1669
624 1203
625 1142
625 1434
626 787
626 1383
626 1680
626 1882
627 1758
628 1747
629 1421
630 951
630 1257
631 803
631 1548
631 1647
631 1854
632 746
632 900
632 1126
632 1327
632 1459
633 748
633 1192
633 1857
634 1333
635 689
635 1654
635 1978
636 694
637 1263
637 1565
637 1750
638 941
638 1272
638 1369
638 1398
638 1698
638 1710
639 818
639 1023
640 989
640 1690
640 1917
641 875
642 967
642 1589
643 741
643 1857
645 672
645 950
646 680
646 697
646 747
647 910
648 807
649 1870
651 660
651 1107
651 1923
652 1818
653 1024
653 1292
653 1415
655 672
656 660
656 968
656 1659
656 1828
657 1384
658 1735
658 1928
659 1370
660 1274
662 845
662 1600
662 1614
663 1291
663 1973
664 733
664 1073
664 1212
664 1963
665 1110
665 1898
666 971
667 1136
668 1050
668 1692
670 1214
670 1473
670 1530
671 930
672 908
672 1211
672 1743
673 774
673 1306
673 1669
674 948
674 1111
675 1988
676 828
676 873
676 1362
676 1964
677 691
677 746
677 826
677 1308
678 1686
679 1410
679 1732
679 1880
680 713
680 1201
680 1367
680 1934
681 1579
681 1598
682 765
682 1227
683 1363
683 1646
684 1308
684 1494
684 1613
684 1728
685 876
685 1401
685 1626
686 796
686 816
687 1425
687 1656
687 1843
688 1496
688 1919
689 1445
689 1675
689 1768
689 1988
691 882
691 1640
691 1928
693 1464
694 751
694 1173
695 887
695 1313
695 1468
695 1524
695 1544
695 1829
696 779
696 991
696 1010
696 1904
697 1081
699 1096
699 1615
699 1648
699 1872
699 1875
700 1021
700 1921
701 828
701 1116
702 1311
703 707
703 860
703 1228
703 1695
704 791
705 745
705 917
705 1104
705 1107
705 1121
706 765
706 1192
706 1342
707 872
707 1290
708 1099
708 1548
708 1836
708 1855
711 1471
712 884
712 898
712 1619
713 817
713 1219
714 1336
714 1485
714 1764
715 1054
715 1258
715 1403
715 1569
716 749
716 1049
716 1304
716 1343
717 1766
718 1283
719 778
719 1488
719 1572
722 1045
722 1583
723 838
723 962
723 1302
723 1569
723 1839
724 804
724 1011
724 1527
724 1699
725 948
727 956
727 1159
727 1640
728 752
728 899
728 1526
728 1682
730 1348
730 1504
732 1152
732 1432
732 1958
733 912
733 1198
734 1364
735 834
736 1526
736 1572
736 1585
737 961
737 1179
737 1930
738 1055
738 1149
738 1268
738 1365
738 1861
739 1554
740 860
740 1778
741 809
741 1879
742 870
742 983
744 1204
744 1319
744 1471
746 1687
746 1862
747 1306
748 1131
748 1545
749 801
749 1185
749 1946
750 1095
750 1841
751 1551
751 1982
751 1986
752 1291
752 1657
752 1953
753 1370
753 1764
753 1931
754 787
754 999
755 1863
756 1954
757 789
758 1519
759 789
759 1061
759 1174
760 1127
761 1132
761 1396
761 1849
763 1779
764 834
764 1344
764 1594
764 1801
766 1011
766 1146
766 1646
766 1701
767 1509
769 1241
770 836
770 845
770 1841
770 1988
771 869
772 1044
772 1312
772 1736
773 1335
774 1439
775 1057
775 1562
776 1418
777 960
778 811
780 1939
781 1232
782 1128
782 1418
784 1299
784 1458
784 1749
785 1530
786 845
786 1033
786 1067
786 1376
786 1769
787 844
787 1681
788 1476
789 1981
790 1645
792 1093
792 1522
792 1546
792 1697
793 806
793 1619
793 1848
793 1909
794 1464
795 842
795 1546
796 1098
796 1731
797 1464
797 1545
797 1593
798 874
798 1568
800 879
800 1137
800 1792
800 1946
801 1362
801 1752
802 1096
802 1603
802 1706
803 1031
803 1486
803 1863
804 1564
805 970
805 1860
807 937
807 1664
808 1836
809 893
809 1241
809 1271
810 1465
810 1480
810 1499
810 1898
812 914
812 1940
813 1306
814 1356
814 1449
815 850
815 1607
815 1705
816 1062
816 1590
817 836
817 1389
817 1457
817 1795
819 1499
819 1942
820 1001
820 1046
820 1204
820 1745
820 1979
821 1188
822 932
822 943
823 1287
823 1318
823 1907
824 1185
827 1136
827 1654
830 1796
830 1842
831 1486
831 1531
832 1042
832 1250
832 1399
832 1453
832 1706
832 1865
832 1914
833 1239
835 887
835 1204
835 1439
835 1739
835 1854
837 1396
838 1151
839 1269
839 1699
840 1036
840 1252
841 1853
841 1913
841 1916
841 1967
843 1035
844 1996
845 931
845 1197
845 1409
845 1739
846 1067
846 1133
846 1183
847 1109
847 1615
848 1683
849 894
850 1059
851 1407
852 1763
852 1799
852 1803
853 991
855 1721
855 1786
856 1003
857 1167
857 1323
857 1998
859 881
859 1850
860 962
860 1657
860 1902
860 1907
861 1118
861 1141
861 1711
862 965
862 1144
862 1151
862 1588
862 1636
862 1761
864 1775
864 1932
865 913
866 1244
866 1714
866 1875
867 924
867 1046
869 1138
869 1296
869 1580
870 1025
870 1713
873 1146
873 1763
874 1059
874 1295
875 1811
876 1683
877 889
877 1352
878 999
878 1912
880 1104
880 1224
880 1985
881 1152
883 1308
883 1436
884 990
884 1121
884 1179
884 1629
885 1597
886 1419
887 1044
887 1979
888 1178
888 1639
889 1014
889 1547
890 1013
891 1036
891 1133
891 1410
892 1435
893 1147
893 1230
893 1698
894 1044
894 1179
894 1547
895 1457
896 1503
897 1884
898 1456
899 1022
901 1818
903 950
903 1866
905 1571
906 1391
906 1487
906 1498
907 1117
907 1222
907 1551
907 1925
908 1537
909 1244
909 1546
909 1801
911 990
911 1063
911 1210
912 1230
912 1389
912 1696
913 1029
913 1268
913 1314
913 1320
913 1366
913 1823
914 1042
914 1999
916 1636
916 1672
916 1722
916 1947
917 1361
918 1099
918 1289
918 1855
919 1566
921 1678
921 1740
923 1027
924 1011
924 1638
925 1236
925 1544
925 1893
926 1244
926 1424
928 1127
929 1830
930 1103
930 1630
931 1818
931 1959
932 995
932 1345
932 1671
932 1957
932 1971
933 1026
933 1474
934 1295
936 1830
937 1345
938 1905
939 1862
940 1145
940 1546
940 1887
942 946
942 1076
942 1972
943 1789
944 1306
944 1606
945 1236
947 1073
947 1447
948 981
948 1345
949 1798
950 1367
950 1858
951 1477
951 1938
954 1061
954 1248
955 1208
956 1172
956 1843
956 1904
958 1216
958 1421
958 1630
959 1027
959 1161
960 1211
960 1410
961 995
961 1478
961 1812
962 1043
963 1151
963 1394
963 1515
963 1596
964 1857
965 1917
966 1195
969 1361
969 1439
969 1612
969 1852
970 1467
970 1817
971 1484
972 1662
973 1041
973 1621
973 1684
974 1083
974 1400
977 1131
977 1518
978 1337
978 1919
979 1162
980 1330
980 1507
981 1301
981 1494
981 1739
981 1757
983 998
983 1579
983 1805
984 1417
984 1536
986 1372
988 1913
989 1527
989 1798
990 1402
991 1562
991 1831
992 1195
992 1674
992 1853
993 1034
993 1328
994 1863
995 1122
995 1583
996 1018
996 1763
997 999
997 1354
998 1568
998 1726
999 1369
1000 1342
1000 1372
1000 1578
1001 1383
1001 1712
1003 1295
1003 1401
1003 1510
1003 1929
1004 1772
1004 1820
1005 1084
1005 1337
1005 1449
1005 1459
1005 1666
1006 1270
1010 1441
1011 1367
1011 1505
1013 1102
1013 1395
1014 1957
1015 1294
1015 1681
1016 1300
1016 1528
1016 1850
1016 1856
1018 1713
1019 1106
1019 1223
1019 1646
1021 1463
1021 1502
1021 1931
1022 1398
1022 1515
1022 1913
1025 1721
1026 1758
1026 1785
1027 1378
1028 1594
1028 1626
1029 1125
1029 1206
1031 1057
1031 1352
1031 1603
1031 1829
1033 1438
1035 1522
1036 1422
1036 1611
1038 1503
1039 1239
1039 1825
1041 1291
1041 1891
1042 1371
1042 1627
1043 1095
1044 1146
1044 1998
1045 1309
1045 1989
1048 1275
1048 1317
1049 1596
1049 1762
1050 1090
1050 1303
1050 1563
1050 1583
1051 1142
1052 1309
1052 1840
1053 1142
1054 1475
1054 1756
1055 1354
1056 1860
1059 1098
1059 1303
1059 1410
1060 1761
1060 1767
1061 1126
1061 1849
1061 1990
1062 1093
1062 1099
1062 1599
1064 1213
1064 1576
1065 1365
1066 1536
1067 1318
1067 1649
1067 1770
1067 1933
1069 1761
1072 1246
1072 1505
1072 1991
1074 1423
1074 1551
1075 1334
1075 1351
1076 1518
1078 1301
1078 1750
1080 1578
1081 1989
1082 1179
1083 1490
1083 1662
1085 1547
1085 1665
1086 1643
1088 1675
1090 1633
1090 1719
1090 1925
1091 1380
1092 1411
1092 1611
1093 1227
1093 1252
1093 1530
1093 1660
1093 1688
1093 1792
1094 1101
1094 1377
1095 1132
1095 1172
1096 1345
1096 1392
1097 1307
1097 1570
1097 1578
1097 1605
1097 1647
1100 1745
1102 1239
1102 1834
1103 1129
1103 1677
1105 1789
1108 1282
1108 1657
1109 1317
1109 1544
1110 1243
1110 1410
1110 1934
1111 1543
1112 1294
1113 1321
1113 1605
1114 1779
1114 1882
1116 1875
1117 1999
1119 1683
1119 1837
1120 1617
1121 1410
1121 1761
1123 1474
1124 1413
1125 1329
1126 1803
1127 1147
1127 1337
1127 1932
1128 1773
1129 1896
1130 1765
1131 1614
1131 1919
1132 1192
1132 1332
1132 1978
1133 1627
1135 1425
1136 1362
1136 1940
1137 1301
1140 1177
1140 1548
1143 1256
1143 1870
1145 1174
1145 1590
1147 1751
1147 1779
1148 1239
1149 1345
1149 1660
1150 1217
1150 1357
1150 1559
1151 1625
1153 1615
1154 1463
1154 1751
1154 1923
1155 1232
1155 1652
1155 1894
1156 1290
1156 1357
1157 1194
1157 1653
1158 1321
1159 1426
1159 1469
1159 1684
1160 1713
1161 1215
1161 1371
1161 1565
1161 1856
1161 1977
1162 1462
1162 1824
1162 1851
1164 1378
1164 1660
1165 1319
1165 1434
1165 1975
1166 1436
1166 1630
1166 1726
1170 1487
1171 1725
1175 1274
1176 1566
1177 1391
1177 1676
1177 1948
1180 1979
1182 1427
1182 1432
1183 1556
1183 1593
1183 1758
1185 1901
1185 1973
1187 1216
1187 1412
1187 1535
1188 1872
1190 1384
1191 1253
1191 1742
1191 1919
1192 1339
1192 1356
1193 1746
1194 1924
1195 1649
1195 1698
1196 1245
1196 1535
1197 1557
1197 1679
1197 1781
1199 1840
1199 1847
1200 1394
1200 1572
1202 1416
1202 1513
1203 1691
1205 1414
1205 1647
1206 1553
1206 1886
1206 1903
1207 1610
1209 1328
1210 1377
1210 1641
1211 1705
1211 1716
1212 1274
1213 1782
1214 1942
1215 1238
1215 1340
1215 1584
1215 1723
1216 1483
1218 1635
1221 1267
1221 1326
1223 1423
1223 1949
1224 1812
1224 1858
1225 1243
1226 1428
1226 1507
1226 1882
1226 1959
1227 1459
1229 1781
1230 1783
1231 1747
1234 1320
1234 1461
1234 1898
1237 1483
1239 1612
1240 1986
1242 1412
1246 1520
1246 1737
1246 1952
1247 1562
1247 1879
1249 1711
1250 1513
1251 1441
1251 1893
1252 1521
1256 1951
1257 1392
1258 1516
1258 1919
1259 1478
1260 1466
1262 1832
1263 1387
1263 1694
1263 1696
1264 1516
1265 1575
1265 1732
1265 1838
1266 1371
1267 1329
1267 1486
1269 1284
1269 1927
1270 1640
1270 1670
1270 1981
1272 1401
1273 1441
1274 1319
1276 1825
1278 1746
1280 1384
1280 1870
1282 1352
1284 1459
1284 1942
1285 1352
1286 1495
1287 1343
1287 1638
1289 1837
1289 1965
1290 1603
1290 1800
1291 1629
1294 1616
1294 1717
1296 1493
1297 1298
1297 1986
1300 1497
1300 1772
1301 1429
1301 1610
1302 1440
1302 1659
1303 1428
1303 1494
1303 1628
1304 1473
1304 1824
1305 1784
1306 1825
1307 1343
1307 1393
1307 1539
1307 1752
1308 1940
1309 1713
1310 1327
1311 1577
1311 1708
1312 1362
1312 1448
1312 1763
1312 1926
1313 1866
1314 1622
1314 1623
1316 1464
1317 1672
1317 1703
1318 1725
1319 1324
1319 1823
1320 1387
1320 1881
1323 1969
1323 1993
1326 1693
1327 1352
1327 1823
1329 1623
1329 1955
1330 1668
1331 1588
1331 1900
1334 1538
1336 1362
1337 1740
1337 1919
1338 1387
1341 1489
1343 1966
1347 1621
1347 1673
1347 1693
1347 1977
1349 1654
1351 1366
1352 1370
1352 1945
1353 1573
1356 1965
1358 1624
1359 1537
1360 1508
1363 1394
1364 1655
1365 1419
1365 1818
1366 1852
1367 1978
1368 1460
1368 1733
1368 1800
1369 1964
1370 1420
1370 1439
1371 1604
1379 1668
1380 1983
1384 1620
1384 1629
1385 1494
1385 1839
1386 1770
1386 1780
1387 1458
1387 1749
1390 1456
1390 1494
1390 1852
1391 1476
1391 1680
1393 1871
1396 1714
1399 1506
1399 1679
1399 1690
1400 1551
1401 1890
1402 1525
1402 1788
1407 1519
1408 1569
1408 1728
1409 1455
1411 1771
1411 1824
1411 1964
1412 1481
1412 1986
1416 1461
1417 1586
1418 1631
1419 1638
1419 1689
1419 1816
1419 1901
1422 1614
1423 1521
1423 1998
1424 1631
1425 1579
1426 1511
1427 1562
1428 1506
1429 1559
1430 1498
1431 1610
1431 1664
1432 1479
1432 1827
1433 1726
1433 1729
1433 1798
1433 1976
1434 1748
1434 1856
1435 1606
1437 1573
1439 1551
1441 1760
1443 1569
1444 1895
1445 1814
1445 1831
1445 1920
1446 1782
1447 1757
1448 1836
1448 1854
1448 1945
1449 1539
1450 1451
1452 1533
1454 1955
1456 1461
1456 1645
1460 1546
1461 1769
1461 1947
1464 1869
1467 1627
1467 1719
1468 1819
1469 1875
1470 1791
1472 1521
1472 1588
1473 1623
1474 1543
1474 1565
1474 1616
1474 1777
1475 1709
1475 1778
1476 1697
1478 1674
1481 1599
1484 1674
1484 1817
1484 1956
1486 1551
1487 1539
1487 1898
1489 1562
1489 1666
1492 1810
1493 1698
1494 1753
1494 1822
1495 1805
1496 1543
1498 1541
1500 1795
1500 1973
1501 1642
1502 1931
1503 1635
1503 1916
1504 1604
1504 1765
1505 1841
1505 1947
1506 1660
1507 1832
1508 1990
1509 1875
1510 1750
1510 1779
1512 1603
1513 1708
1513 1967
1515 1960
1519 1609
1519 1659
1519 1976
1520 1690
1520 1888
1527 1945
1528 1638
1528 1853
1531 1724
1531 1916
1532 1655
1532 1823
1533 1668
1533 1972
1534 1589
1535 1909
1537 1721
1537 1849
1544 1681
1544 1801
1546 1905
1546 1909
1547 1786
1550 1669
1552 1847
1552 1952
1553 1695
1554 1985
1555 1653
1555 1695
1555 1863
1557 1604
1558 1603
1560 1679
1560 1793
1561 1597
1561 1647
1561 1926
1561 1934
1564 1968
1568 1720
1570 1617
1571 1748
1572 1628
1573 1885
1573 1927
1573 1928
1574 1635
1574 1659
1575 1961
1576 1597
1576 1873
1577 1673
1578 1801
1580 1768
1580 1870
1580 1964
1583 1738
1589 1657
1595 1637
1595 1790
1596 1936
1600 1633
1601 1724
1602 1694
1602 1757
1602 1949
1604 1728
1604 1786
1604 1901
1607 1659
1608 1994
1610 1780
1611 1932
1613 1687
1615 1902
1617 1998
1620 1627
1623 1948
1624 1931
1624 1976
1624 1982
1625 1808
1626 1896
1627 1714
1628 1886
1630 1798
1631 1787
1635 1755
1636 1688
1636 1843
1644 1716
1645 1918
1646 1848
1650 1787
1650 1896
1651 1697
1654 1998
1656 1962
1657 1688
1659 1828
1660 1911
1661 1969
1665 1680
1665 1828
1666 1916
1668 1851
1669 1907
1672 1706
1674 1806
1679 1826
1681 1959
1682 1846
1682 1950
1683 1769
1686 1952
1687 1889
1689 1832
1691 1898
1693 1805
1694 1771
1694 1858
1694 1884
1703 1720
1710 1797
1714 1816
1717 1802
1719 1759
1722 1987
1722 1997
1725 1940
1726 1910
1726 1979
1727 1825
1727 1954
1728 1928
1730 1880
1735 1845
1735 1853
1736 1760
1737 1758
1737 1967
1738 1863
1739 1839
1740 1770
1740 1811
1742 1744
1745 1951
1747 1966
1751 1880
1752 1998
1754 1980
1758 1978
1759 1942
1761 1883
1766 1836
1767 1833
1769 1907
1777 1874
1777 1884
1786 1962
1792 1868
1800 1862
1801 1828
1802 1904
1808 1949
1810 1864
1825 1925
1826 1915
1828 1850
1829 1848
1832 1895
1837 1842
1839 1858
1845 1864
1853 1935
1857 1916
1857 1926
1860 1899
1871 1924
1876 1974
1883 1914
1885 1887
1885 1894
1885 1949
1886 1891
1896 1930
1920 1952
1923 1930
1971 1984
