2000 3081
34
75
70
63
65
93
42
77
31
14
56
20
32
98
31
59
55
66
12
23
70
12
32
82
87
88
75
73
58
88
26
34
72
76
46
2
46
91
49
15
63
44
74
14
16
45
14
1
60
46
87
69
82
66
56
26
58
77
58
40
24
38
86
90
80
100
38
61
44
66
77
5
64
69
21
38
56
38
54
58
44
43
14
91
11
3
23
98
84
81
82
67
88
59
71
60
77
25
72
39
3
39
4
39
69
7
87
49
85
99
42
50
2
52
19
65
21
95
56
89
49
11
60
25
34
45
74
52
13
87
52
78
34
52
86
50
72
42
26
63
32
16
29
33
40
85
9
15
45
43
46
94
20
14
7
90
26
70
71
67
42
49
75
40
26
9
35
9
29
3
6
40
74
92
30
35
98
88
39
82
68
45
4
69
94
74
100
81
71
88
30
77
73
100
74
46
81
8
15
4
97
78
25
40
99
47
29
10
82
13
33
90
8
2
4
86
57
84
79
17
75
3
73
48
88
65
98
29
74
58
37
99
58
18
24
7
75
7
46
84
28
70
61
14
29
69
59
46
59
79
13
9
77
93
76
55
46
71
4
77
16
36
5
27
99
93
21
74
35
88
67
57
39
49
16
5
98
46
78
57
75
96
73
97
96
44
30
35
82
73
100
18
17
58
7
36
23
10
51
8
6
87
56
22
68
51
6
54
63
69
96
55
93
39
6
87
15
9
58
53
61
66
32
78
60
54
1
23
61
32
91
32
96
86
41
88
56
69
9
82
94
8
46
43
55
47
61
73
74
61
89
9
34
13
37
82
12
24
61
16
85
88
28
94
84
99
5
29
14
4
69
10
30
63
84
92
64
64
25
87
44
55
72
84
98
66
54
32
52
71
4
94
62
5
33
5
22
4
35
59
22
38
40
41
32
44
44
72
12
97
17
99
20
45
81
98
67
77
95
10
90
29
29
68
14
62
31
6
25
15
58
85
7
94
76
33
67
34
65
49
52
25
3
79
92
26
70
73
9
21
12
84
44
65
61
54
65
21
47
56
39
75
11
63
55
99
64
56
62
70
81
77
66
54
49
70
2
6
10
80
33
97
21
46
85
8
90
12
24
18
5
20
45
65
3
54
32
70
82
24
70
1
28
16
24
46
87
100
61
27
44
52
40
23
92
57
89
10
21
93
30
89
8
79
36
6
44
49
8
90
75
58
52
44
25
54
74
93
29
14
98
58
85
1
46
11
66
72
72
100
39
56
24
58
7
83
78
33
55
42
43
54
14
8
76
77
10
55
77
3
49
58
13
92
13
23
41
62
47
11
96
6
97
74
1
68
79
61
76
75
81
22
22
55
85
53
93
14
82
41
59
68
40
51
20
84
38
95
19
55
50
17
54
15
66
86
60
66
78
84
37
52
7
33
32
12
50
74
1
66
40
47
88
73
60
23
70
74
7
52
26
53
23
38
10
98
86
94
64
30
61
39
63
11
32
72
37
20
49
93
42
58
55
22
43
46
43
41
25
12
1
51
37
78
52
88
9
62
71
41
63
59
8
29
28
90
92
19
46
67
36
34
28
32
13
22
5
31
87
91
2
36
30
55
4
34
65
18
99
21
13
44
73
44
13
77
39
95
12
79
96
50
79
98
13
11
30
20
22
78
91
32
89
11
56
85
91
2
46
29
66
23
78
71
81
53
65
5
29
60
72
31
82
51
49
2
58
67
48
57
22
52
78
71
43
78
29
19
78
9
53
67
74
98
5
65
39
65
49
25
65
46
78
4
49
57
47
70
99
19
3
12
33
91
47
20
77
38
90
69
87
77
81
73
65
74
91
9
25
74
30
19
62
60
30
8
13
44
50
91
15
66
19
100
35
21
64
9
73
69
47
91
81
26
58
94
7
83
52
86
7
99
57
85
57
60
65
66
50
27
96
87
39
48
29
2
35
23
91
14
56
37
5
35
67
66
72
6
55
26
47
15
35
37
92
16
6
2
90
49
26
26
14
62
74
40
71
15
98
78
59
64
46
18
13
49
89
60
36
78
24
74
99
90
44
67
19
100
2
44
46
74
66
38
79
15
39
3
72
30
23
88
49
91
23
64
4
18
48
46
75
28
56
8
39
30
47
18
84
9
69
38
50
46
46
32
63
87
95
57
79
3
45
75
71
21
64
41
62
71
33
42
54
79
92
94
44
93
91
45
94
69
81
17
25
46
17
60
12
48
76
49
93
51
27
63
34
25
63
29
12
2
77
22
4
10
10
76
89
74
9
11
76
1
71
41
74
34
58
99
12
66
63
26
54
82
72
85
29
90
25
94
92
90
56
11
42
22
22
28
62
23
66
85
7
1
14
59
55
92
34
56
32
64
26
86
3
95
60
44
21
36
25
52
83
51
3
97
16
7
46
31
70
74
41
23
45
9
11
29
29
16
31
93
27
47
91
39
53
21
34
79
84
14
86
11
67
58
71
77
57
18
72
13
84
59
25
12
7
58
98
33
70
41
71
62
97
89
4
65
1
97
84
23
86
33
58
41
47
82
41
62
26
52
69
59
71
42
15
96
11
87
47
44
45
74
36
40
78
23
100
94
33
62
57
63
15
45
20
25
69
31
47
2
27
86
38
38
3
41
32
27
48
43
100
27
76
65
5
79
5
19
79
25
89
65
19
62
94
57
73
76
25
45
32
31
31
26
8
24
43
64
45
63
26
63
80
42
57
30
89
5
29
47
26
30
4
9
36
12
56
75
15
24
98
18
42
64
89
32
15
87
84
66
83
11
54
93
89
42
43
39
78
43
75
70
77
74
27
46
24
34
19
22
41
56
36
59
57
50
21
81
69
9
38
91
27
1
36
15
57
88
70
54
37
10
22
44
41
74
96
28
92
4
21
11
10
39
63
94
98
4
99
53
21
90
93
27
7
14
62
84
79
3
68
17
48
51
63
20
59
69
12
45
69
54
88
10
35
100
68
82
54
23
64
83
35
48
74
64
20
3
38
13
44
2
30
8
43
30
25
60
79
40
69
76
95
67
54
79
11
37
86
7
20
73
74
24
46
55
14
85
59
29
36
99
75
30
22
22
86
31
45
82
48
48
24
3
33
27
100
32
95
50
100
51
48
88
44
29
78
35
95
26
5
28
60
92
80
46
57
19
78
97
78
35
26
85
16
1
33
25
99
12
11
51
100
36
45
6
62
38
32
54
39
37
100
77
19
79
78
97
77
39
19
11
93
54
48
59
76
4
35
21
53
46
90
45
55
71
33
73
91
97
92
75
83
79
26
26
47
47
29
61
16
56
53
44
88
79
79
11
74
77
48
9
80
65
86
3
7
25
31
33
10
90
49
82
33
31
16
80
12
15
27
26
49
64
28
45
41
54
19
1
97
47
10
13
97
39
20
16
8
68
3
26
29
45
73
92
14
23
25
11
9
75
70
25
23
83
50
40
76
47
80
18
73
20
1
39
28
5
5
32
3
99
72
76
52
56
34
81
53
31
10
32
66
69
74
44
47
52
91
46
23
71
99
37
74
81
8
17
18
12
95
29
17
87
34
28
35
71
50
99
28
6
12
5
38
58
57
80
54
70
86
56
95
81
13
98
51
90
79
43
82
28
17
37
26
7
34
64
45
27
70
8
56
43
84
67
78
5
88
30
60
87
35
54
8
3
23
51
68
1
44
65
52
93
80
100
48
76
83
18
86
11
93
89
38
40
53
61
88
95
38
41
89
70
69
22
60
17
84
20
29
28
71
17
41
29
74
75
28
64
29
16
27
31
6
58
82
20
36
46
97
28
75
39
56
84
19
9
17
39
20
60
2
64
23
65
40
87
43
19
1
39
49
35
11
45
1
26
93
78
84
99
69
44
85
55
82
96
52
66
31
53
76
6
52
46
8
29
79
83
28
9
68
25
35
30
78
28
79
14
9
11
87
100
46
7
66
47
32
28
5
27
8
77
53
37
99
54
47
60
30
30
57
61
59
27
52
79
3
47
72
59
79
19
60
8
14
24
72
73
67
36
9
2
80
5
35
48
9
34
96
92
20
96
56
29
11
20
4
33
1
64
83
84
59
76
20
99
32
17
72
67
98
19
79
22
68
58
49
29
66
83
21
31
10
49
88
79
4
24
4
73
18
65
6
75
10
67
33
91
26
91
34
24
81
28
96
25
35
40
64
50
60
4
72
96
55
75
5
64
34
26
34
14
33
25
87
36
29
38
92
70
9
7
15
45
1
9
59
6
9
97
10
37
49
23
22
57
56
76
34
31
56
100
22
6
1
71
36
98
76
99
58
51
43
72
73
3
60
94
93
39
89
75
70
47
74
69
86
43
4
7
43
63
31
95
100
12
60
26
4
58
53
22
30
74
9
1
8
46
26
33
15
99
52
41
54
13
15
66
97
65
48
72
87
58
36
30
31
50
43
43
97
59
39
41
28
50
91
91
65
37
53
41
19
22
28
57
86
90
4
41
5
5
60
86
98
74
1
61
26
17
84
36
78
87
48
46
66
13
98
21
93
97
54
9
0 538
0 606
1 388
1 616
1 1903
3 209
3 467
3 897
3 1008
3 1428
3 1780
4 754
4 953
4 1070
4 1140
4 1286
4 1318
5 21
5 1191
5 1441
5 1689
5 1743
6 38
6 45
6 224
6 1271
7 397
7 611
7 1093
7 1144
8 544
8 892
8 1619
8 1807
8 1953
9 653
9 1737
10 466
10 1081
10 1366
11 1152
11 1701
11 1826
12 1146
12 1361
14 93
14 1055
14 1410
15 356
15 409
15 436
15 697
15 1096
15 1759
15 1995
16 900
16 933
16 1053
16 1440
16 1658
16 1962
17 573
17 758
17 1285
18 132
18 983
18 1193
19 689
19 1466
20 1477
20 1952
21 497
21 770
22 208
22 241
22 276
22 1012
22 1110
22 1520
23 77
23 208
23 1314
23 1529
24 1835
26 742
26 914
26 1025
26 1688
26 1798
27 300
27 1452
28 258
28 935
28 1142
28 1217
28 1558
29 574
29 1406
29 1482
29 1990
30 726
30 839
30 946
30 993
30 1201
30 1516
31 1126
31 1252
31 1897
31 1986
32 1063
32 1073
32 1202
32 1444
32 1665
33 216
33 317
33 1105
34 403
34 1778
35 722
36 726
36 1121
36 1302
37 131
37 340
37 760
37 1625
37 1712
38 776
38 1610
39 67
39 908
39 1258
39 1432
39 1816
40 211
40 752
40 901
40 1600
41 861
41 1005
41 1704
41 1851
42 669
42 1621
42 1814
43 76
43 1217
43 1953
44 88
44 90
44 311
44 540
44 913
44 1493
44 1842
45 898
46 1658
47 120
47 715
47 1136
47 1503
48 515
49 509
49 1282
49 1373
49 1667
49 1784
50 96
50 893
51 120
51 987
51 1869
52 1141
53 1660
53 1693
53 1874
54 286
54 561
54 974
54 1099
54 1378
54 1417
55 71
55 159
55 1041
56 1312
57 524
57 1324
58 586
58 1155
58 1385
59 182
59 340
59 413
59 967
59 1255
60 755
60 800
60 870
60 1322
61 177
61 446
61 688
62 66
62 696
62 828
63 310
63 1343
64 185
64 1180
65 1329
66 490
66 1137
68 1420
68 1483
69 107
69 278
69 554
69 1554
69 1954
70 353
70 491
70 547
70 1302
70 1326
71 540
71 1256
71 1853
72 93
72 491
72 1837
73 297
73 652
73 702
73 803
74 440
75 545
75 1409
75 1461
75 1501
75 1581
75 1778
76 734
76 952
76 1339
76 1619
77 508
78 85
78 715
78 1125
79 420
79 1420
80 1304
80 1419
80 1691
81 270
81 786
81 1548
82 533
82 988
82 1075
82 1245
82 1296
83 1148
83 1223
84 1656
84 1777
86 348
86 479
86 603
86 815
86 1716
87 120
87 1123
87 1380
87 1767
88 120
88 1870
88 1971
89 174
89 735
89 1253
89 1523
90 406
90 445
90 788
90 1056
92 300
92 464
92 923
92 1073
92 1663
92 1695
93 148
93 924
93 933
93 990
93 1949
94 183
94 1109
94 1914
95 615
95 1339
95 1680
95 1756
96 231
96 844
96 1121
96 1851
97 117
97 228
98 788
98 901
98 1636
99 477
99 516
99 939
99 1026
99 1046
99 1396
100 381
100 991
100 1592
100 1657
101 791
101 1656
102 317
102 377
102 1442
102 1750
104 310
104 323
104 1359
104 1563
104 1661
104 1713
105 232
105 885
105 1036
105 1195
106 485
106 1318
106 1728
107 1063
107 1212
107 1306
107 1396
108 784
108 802
108 805
108 1854
108 1997
109 784
109 1079
109 1838
110 255
110 981
110 1125
110 1144
111 410
111 1848
112 232
112 326
112 612
112 1687
113 204
113 1834
114 140
114 329
114 588
114 1000
114 1853
115 335
115 467
115 1460
116 469
116 1151
116 1240
117 348
117 484
117 609
117 1028
117 1037
118 1414
118 1479
119 1071
119 1473
120 1905
121 1147
121 1971
122 219
122 292
122 1139
122 1257
122 1431
124 471
124 1533
124 1564
125 500
125 1695
127 1501
128 365
128 829
128 1464
128 1705
129 1760
129 1814
131 303
131 550
131 1747
132 1447
133 550
133 565
133 802
133 810
133 1976
134 418
134 1732
134 1876
135 1174
135 1407
136 365
136 444
136 808
136 1185
136 1635
137 458
137 836
137 1210
137 1912
138 837
138 950
139 908
139 1486
139 1986
140 377
140 585
140 645
140 699
140 971
141 263
141 1549
142 357
142 740
143 1413
143 1689
144 418
144 1289
146 1151
147 236
147 273
147 775
147 1168
148 233
148 704
148 1206
148 1710
148 1792
149 1855
151 302
151 598
151 1276
152 627
152 1420
153 811
154 958
154 1016
154 1151
154 1204
155 1687
156 601
156 1224
156 1407
157 530
157 1476
157 1833
159 755
159 789
160 1805
160 1920
161 374
161 797
161 984
161 1683
162 341
162 1221
162 1359
162 1433
162 1486
162 1695
162 1985
163 912
163 1221
163 1337
164 472
164 909
164 977
164 1238
164 1414
164 1975
165 1889
166 759
166 848
166 1740
166 1938
167 1748
167 1923
168 542
168 1752
169 321
171 310
171 542
171 735
171 894
172 974
172 1601
173 1077
173 1257
173 1297
173 1347
174 368
174 685
174 920
174 1633
175 1995
175 1999
176 678
176 914
176 1978
177 1014
177 1103
177 1763
177 1880
177 1907
178 605
178 1638
179 430
179 517
179 1455
180 633
180 1238
181 216
181 650
181 804
181 1328
182 501
182 749
183 1402
184 218
184 810
185 204
185 243
185 802
185 1042
185 1380
186 1850
187 367
187 752
187 1327
189 215
189 351
189 470
189 567
189 1034
189 1693
190 467
190 961
191 519
191 1254
193 785
193 1641
194 537
194 1339
195 1117
195 1519
197 254
197 1075
197 1148
198 259
198 554
198 950
198 1791
199 480
199 653
199 1399
200 464
200 720
200 1972
201 371
201 714
201 1225
201 1402
201 1635
201 1644
202 927
202 1083
202 1808
203 677
203 1413
203 1458
203 1659
204 401
204 1177
204 1884
205 419
205 961
205 1017
206 1923
207 1306
207 1880
208 1390
208 1601
210 853
210 1835
211 401
211 512
211 1097
212 1382
212 1441
212 1717
213 1068
213 1131
213 1222
213 1830
214 1047
214 1343
214 1595
215 585
215 980
215 984
215 1016
215 1610
215 1657
216 937
216 1103
216 1347
216 1771
217 852
218 1024
218 1048
218 1133
221 657
221 1166
221 1367
221 1425
222 592
222 792
222 942
222 1017
222 1557
223 803
223 1200
223 1938
224 426
224 476
224 1662
225 380
225 1136
225 1159
225 1231
225 1527
226 540
227 863
227 1096
228 286
228 1225
229 587
229 818
229 1190
229 1676
230 651
230 1174
230 1212
231 1233
231 1312
231 1909
232 407
233 319
233 488
233 928
233 1009
233 1188
233 1817
233 1907
234 540
235 286
235 1493
236 291
236 1454
237 449
237 859
237 1964
238 1574
239 531
239 621
239 1888
240 445
240 752
241 291
241 397
241 450
242 428
242 1220
242 1623
242 1795
243 332
243 342
243 478
243 1060
244 1107
244 1194
244 1295
244 1449
244 1512
244 1589
245 850
245 1357
245 1904
247 465
247 1047
248 847
248 1306
248 1750
248 1906
249 1027
249 1049
249 1091
249 1216
249 1235
249 1293
250 272
250 1271
250 1350
250 1827
251 393
251 653
251 672
251 1085
251 1396
251 1596
251 1625
251 1914
254 259
254 324
254 1084
254 1090
255 908
256 1097
257 341
257 444
257 1348
257 1538
259 452
259 1354
260 884
260 1470
260 1551
261 1003
261 1382
262 993
262 1483
262 1917
263 372
263 520
263 1207
263 1642
264 366
264 1921
265 1389
265 1849
266 1106
266 1410
266 1742
266 1799
267 859
267 1350
269 650
269 1242
270 759
270 1850
271 1374
272 859
272 1422
272 1974
273 1426
274 1543
275 1362
275 1385
275 1570
276 289
276 534
277 445
277 1656
278 306
278 688
278 1355
278 1591
278 1925
279 728
280 872
280 1428
280 1871
281 1661
281 1672
281 1881
282 1561
283 1107
283 1474
284 485
284 1959
285 415
285 770
285 1020
285 1532
285 1632
285 1896
286 306
286 1125
286 1692
286 1940
287 1088
287 1967
288 428
288 1355
289 851
289 1641
290 595
290 1420
290 1535
291 489
291 980
292 349
292 689
292 1071
292 1190
293 1280
294 843
294 1657
295 371
295 423
295 1039
295 1493
295 1682
295 1868
296 743
297 549
297 1270
298 1053
298 1075
299 1301
300 638
300 1564
300 1718
300 1864
301 1815
302 920
302 1094
302 1420
302 1824
303 336
303 356
303 707
303 993
304 326
304 760
304 926
304 1729
305 1180
305 1358
305 1646
306 1601
306 1777
307 386
307 812
307 850
307 1334
308 537
308 1289
308 1527
308 1665
309 1536
309 1572
309 1950
310 1098
310 1315
310 1473
311 712
311 961
312 442
312 1607
313 453
313 1132
314 659
314 1002
315 425
315 1014
315 1318
315 1639
316 624
316 1077
317 502
317 1187
317 1231
317 1263
318 748
318 808
319 810
319 1308
320 1406
321 1250
321 1412
321 1860
322 1122
322 1630
322 1664
323 798
323 837
323 1803
325 949
325 1579
326 482
326 546
327 1056
328 1965
329 509
329 626
329 1176
329 1431
329 1684
329 1717
330 846
330 1454
331 1164
331 1219
331 1608
333 523
334 520
334 1371
335 690
335 781
335 1274
336 1907
336 1940
338 386
338 595
338 1137
339 767
340 641
340 981
340 1075
340 1248
340 1987
341 1144
342 584
342 813
342 1162
343 1314
343 1382
343 1582
343 1730
344 363
344 569
344 1275
346 418
346 850
346 1036
347 359
347 1488
347 1522
347 1936
348 968
348 1697
348 1957
349 627
349 849
349 933
349 1970
350 472
350 490
350 852
350 903
350 1325
351 1668
351 1700
352 1935
353 1184
353 1359
353 1476
354 838
354 1046
354 1183
354 1288
354 1335
356 1030
356 1722
356 1999
357 468
358 366
358 607
358 1974
359 714
359 1826
359 1841
360 937
362 1519
362 1885
363 1918
364 1466
365 1453
366 935
366 1393
366 1515
367 514
368 1912
369 736
369 1975
370 823
370 890
370 1796
371 482
371 686
371 1446
371 1805
371 1806
372 833
372 1310
372 1767
372 1925
373 529
373 1742
373 1771
374 1989
375 970
375 1355
375 1822
375 1901
376 1445
376 1615
377 588
378 416
378 542
378 1312
378 1543
378 1804
378 1898
379 508
379 953
379 1499
380 448
380 526
380 1821
380 1929
382 676
382 1510
382 1581
383 1165
383 1431
383 1560
383 1592
384 968
384 1273
384 1544
385 735
385 1172
386 961
387 494
387 772
387 1257
387 1526
387 1575
387 1881
388 1590
388 1725
389 756
389 1286
389 1984
391 1680
391 1913
392 1430
392 1572
392 1958
393 626
393 815
393 1578
394 568
395 602
395 1615
395 1798
396 1454
396 1591
396 1930
397 1099
397 1788
398 809
398 1084
398 1256
398 1376
398 1702
399 699
399 1874
400 1509
401 476
401 1783
402 886
403 571
403 1171
403 1216
404 729
405 1139
406 819
407 744
407 1058
408 1605
409 734
409 954
409 1147
410 464
410 1042
410 1399
410 1607
410 1622
411 453
411 525
411 1573
411 1639
412 807
412 1863
412 1909
413 1637
414 1601
415 1152
415 1837
416 955
417 643
418 1148
419 1246
419 1822
420 529
421 1208
421 1376
422 898
423 1165
423 1723
423 1738
424 427
424 1084
425 460
425 1216
425 1951
426 937
426 1233
426 1367
427 449
427 559
427 805
428 530
428 585
428 1365
429 439
430 996
430 1179
430 1240
431 1740
431 1803
432 1315
432 1624
432 1796
432 1904
433 1246
434 1312
434 1345
434 1363
435 864
436 563
436 938
436 1499
437 719
437 782
438 766
438 1736
438 1930
439 1150
439 1751
440 700
440 967
440 1471
441 1494
441 1495
442 865
442 1368
442 1533
443 707
443 1124
443 1241
443 1620
444 482
444 590
444 622
444 1113
445 1095
445 1285
445 1604
446 1730
448 1339
448 1759
449 1152
449 1274
450 1064
450 1940
451 526
451 769
451 1685
452 678
452 1022
453 1453
454 975
455 1347
455 1507
455 1702
455 1716
456 568
456 580
457 484
457 705
457 722
457 1112
458 712
458 1337
459 653
459 700
459 892
459 1722
459 1760
460 675
460 1151
460 1583
460 1684
461 876
461 1379
461 1770
462 780
462 813
463 1232
463 1689
463 1725
464 946
464 1383
464 1442
464 1752
465 1200
465 1678
466 606
466 1641
466 1980
467 489
467 543
467 1910
467 1945
468 540
468 1247
468 1447
468 1901
469 1159
471 744
471 1340
471 1585
471 1911
472 475
472 1947
473 1080
473 1250
474 1215
474 1301
474 1498
475 574
475 665
475 791
475 898
475 1483
476 941
476 1084
476 1297
476 1342
476 1718
477 523
477 1218
477 1979
478 1075
478 1209
478 1530
479 644
479 903
480 1104
481 727
481 883
481 1064
481 1272
482 1788
482 1977
484 523
484 1696
484 1735
485 865
485 912
485 1783
487 1731
487 1986
488 1735
489 1204
489 1231
490 598
490 1243
490 1559
490 1762
491 810
492 1069
492 1301
492 1756
492 1930
493 842
493 875
493 1121
493 1672
494 1463
496 1069
496 1983
497 1276
497 1913
498 673
498 765
500 933
500 1774
501 977
501 1192
501 1692
501 1766
502 1958
503 1042
504 604
504 694
505 833
505 1315
505 1327
505 1609
506 1077
507 921
507 1013
507 1413
509 1541
509 1764
509 1830
510 581
511 962
511 1002
511 1005
511 1231
512 709
512 1462
512 1854
513 1232
514 673
514 1234
514 1618
515 1117
515 1496
516 970
516 1206
517 591
517 1345
517 1858
518 1001
518 1556
519 639
519 743
519 1019
519 1676
520 1169
520 1304
520 1401
521 621
521 949
521 1468
522 1696
522 1752
522 1817
524 635
524 998
524 1009
524 1383
525 674
525 729
525 1068
525 1793
526 669
526 887
526 1257
527 558
527 1958
528 987
528 1451
529 846
529 1230
529 1307
530 1280
531 772
531 1210
531 1808
531 1824
532 793
532 1322
532 1642
533 997
534 585
534 1046
534 1307
535 1058
535 1291
535 1492
536 940
536 1523
536 1574
537 1620
538 654
538 797
538 821
538 1763
538 1770
539 1089
539 1106
539 1450
540 695
540 1520
540 1526
540 1593
540 1601
540 1934
541 1477
541 1598
542 1718
543 1135
543 1876
543 1924
545 800
545 1431
545 1626
546 809
546 1427
546 1860
546 1870
547 1638
548 1153
548 1346
549 1651
552 1983
553 1034
553 1794
554 1207
554 1651
555 671
555 881
555 1151
555 1487
555 1573
556 684
556 704
556 731
556 1856
557 1712
558 1439
558 1464
559 1147
559 1650
560 694
561 1160
561 1273
562 724
562 1607
563 856
563 907
563 1426
563 1772
564 1655
564 1706
564 1793
565 1214
565 1771
566 890
566 1401
566 1809
567 1314
567 1461
567 1511
568 1317
569 915
570 599
570 687
570 1613
570 1898
571 870
571 947
571 1098
571 1326
571 1639
572 791
574 1404
574 1426
575 901
576 668
576 1310
576 1342
577 880
577 1316
577 1674
577 1830
578 1291
578 1674
579 1192
579 1292
579 1335
579 1476
580 1389
581 704
581 1287
581 1897
582 1233
582 1451
582 1921
583 988
583 1446
584 1674
585 1642
585 1931
586 691
586 1197
586 1325
586 1516
586 1873
587 882
587 979
587 1201
587 1789
588 908
588 1087
588 1310
588 1347
589 914
589 1513
589 1887
590 1639
590 1665
591 1658
592 1168
593 860
593 1445
594 792
594 988
595 1024
595 1714
595 1818
596 738
597 981
598 1067
598 1907
598 1962
600 1728
600 1782
601 1184
601 1500
601 1649
602 1398
602 1968
603 950
603 1865
604 846
604 1147
604 1231
604 1867
605 621
606 746
606 1927
607 1276
607 1976
608 1085
608 1237
608 1491
609 1001
609 1278
610 1231
610 1734
610 1745
610 1970
611 612
612 1532
612 1560
612 1765
613 1894
614 847
614 960
614 1136
614 1358
615 1519
615 1852
616 876
616 1199
617 814
617 1610
619 1135
619 1669
619 1839
620 803
620 1138
621 1421
621 1825
622 1272
622 1796
624 728
624 1663
624 1770
625 1803
626 1299
626 1581
626 1686
627 635
628 1013
628 1099
628 1148
628 1194
628 1905
629 1783
629 1799
630 1041
630 1598
631 797
631 915
631 1191
633 1102
633 1256
633 1260
634 704
634 1095
634 1143
634 1528
635 1219
637 780
637 1718
638 639
638 709
638 1722
639 1207
639 1781
639 1942
640 696
640 1411
640 1661
641 644
641 1435
642 915
643 782
645 882
645 1092
645 1111
645 1118
645 1254
645 1882
646 698
646 731
646 873
646 1052
646 1250
647 1279
647 1415
648 993
648 1118
648 1543
648 1568
648 1714
649 868
649 889
650 676
650 1560
650 1873
650 1886
651 1322
652 1561
652 1800
652 1825
653 1646
653 1940
654 1788
654 1977
654 1984
655 1610
655 1793
656 671
656 685
656 1888
657 832
657 923
657 1233
657 1452
658 1093
658 1216
658 1386
658 1424
658 1438
658 1489
658 1575
659 829
659 874
660 1276
660 1286
660 1644
661 1036
661 1880
661 1888
662 1367
664 1548
665 1008
665 1781
666 1802
668 1157
668 1613
669 1659
669 1706
670 1006
671 1166
671 1382
671 1737
671 1833
672 1328
672 1408
673 1490
674 1339
676 1494
677 997
677 1232
677 1795
678 691
678 1703
679 777
679 1080
679 1160
679 1946
680 1175
680 1974
681 840
681 870
681 1251
682 904
682 1900
683 1591
685 768
685 958
685 1469
685 1548
685 1876
686 1047
686 1370
687 752
687 983
687 1006
687 1060
687 1554
688 754
688 772
688 936
688 1148
688 1930
689 876
689 924
689 1090
689 1738
689 1792
690 699
690 720
691 1425
693 1056
694 1390
694 1857
695 796
695 1173
697 996
698 970
698 1946
699 799
699 847
699 1112
700 708
700 967
704 982
704 1032
704 1089
704 1170
705 1195
706 1101
706 1150
706 1390
707 817
707 1971
708 810
708 1051
708 1075
708 1417
708 1425
708 1995
709 775
709 867
710 923
710 1084
710 1666
710 1954
711 1213
711 1642
711 1882
712 883
712 1425
713 1440
713 1884
715 829
715 928
715 1736
716 1657
716 1939
717 1357
718 957
718 1000
719 1266
719 1345
720 1025
721 1738
723 1213
724 1305
724 1307
725 1024
725 1406
726 1898
727 1584
728 982
730 835
730 852
730 885
730 1172
730 1213
731 1684
732 813
732 1222
733 1570
733 1798
733 1854
734 1796
734 1978
735 888
735 987
736 790
736 1460
736 1505
736 1820
737 1158
738 860
739 1313
740 1124
740 1913
741 1695
742 1153
743 1001
743 1476
744 1235
744 1743
744 1847
745 1129
745 1360
745 1549
745 1575
746 1322
746 1479
746 1945
747 1879
748 1559
748 1596
749 1173
749 1577
749 1752
749 1796
751 809
751 1173
751 1312
752 875
752 1870
753 863
753 1265
753 1547
753 1610
754 1807
754 1972
756 1178
756 1483
756 1847
757 1098
757 1125
757 1423
758 1817
759 1195
759 1418
760 1034
761 1027
761 1667
761 1790
762 1197
762 1539
762 1821
763 836
763 1766
764 1403
764 1474
765 1167
768 1062
768 1216
768 1217
768 1602
768 1744
769 885
769 895
769 1188
769 1327
770 1748
770 1760
770 1831
773 1767
774 1335
776 1207
776 1407
778 872
778 1993
779 796
779 808
779 1348
780 945
780 1783
781 936
781 1165
782 794
782 864
782 1405
782 1639
783 1785
784 1236
784 1500
784 1969
785 1232
785 1277
785 1375
786 1368
786 1549
788 1137
789 847
789 1313
789 1451
789 1553
790 949
790 1763
791 932
792 864
792 936
792 1405
792 1551
792 1665
793 852
793 1288
793 1508
794 1503
794 1599
794 1790
794 1869
795 901
796 1437
797 879
798 1310
799 1310
799 1898
801 1353
802 976
803 1537
804 1207
804 1828
806 1655
807 909
807 934
807 1146
807 1572
807 1901
808 1176
808 1514
808 1563
809 1588
810 1814
811 1064
812 991
814 1245
814 1276
815 1841
817 1215
817 1362
817 1653
819 896
819 1373
819 1674
819 1763
820 1627
820 1743
821 1051
821 1106
821 1269
821 1982
822 989
823 1012
823 1299
823 1819
823 1906
824 1022
824 1255
824 1567
824 1771
824 1782
825 840
825 1744
826 922
827 1583
827 1654
828 1059
828 1348
828 1878
829 1041
829 1236
831 1176
831 1652
832 1519
835 1261
835 1264
836 900
836 1368
836 1729
837 856
837 1427
837 1585
839 918
839 1068
839 1229
839 1358
839 1600
840 918
840 1279
840 1379
841 1425
842 1161
842 1494
842 1835
843 962
843 1017
843 1557
844 911
845 1031
846 1459
847 973
847 1048
848 1044
848 1554
849 1072
849 1102
849 1574
852 1149
852 1999
853 911
853 1583
855 862
856 1063
856 1779
857 1286
858 876
858 1789
859 1238
859 1508
859 1592
859 1691
859 1926
860 1608
860 1630
860 1823
861 926
861 1899
862 1555
862 1754
863 1955
864 976
865 880
865 956
865 1076
865 1741
866 1174
866 1977
867 1349
867 1912
868 1269
869 1087
869 1635
869 1746
870 1094
870 1287
871 1587
872 1432
872 1488
872 1540
873 1310
874 1239
874 1894
875 1717
876 964
876 1271
876 1464
877 1449
877 1745
878 1604
880 881
880 1068
880 1742
881 1155
881 1206
881 1991
884 982
884 1292
885 1157
885 1323
885 1560
886 1457
886 1494
886 1797
886 1953
887 1746
888 975
889 1181
889 1443
890 989
891 1012
891 1444
892 950
894 1161
894 1322
895 1889
895 1932
896 1511
897 1436
898 1422
899 1669
899 1876
900 1192
900 1895
901 1295
901 1372
902 1342
902 1872
902 1889
903 1386
904 1008
906 934
907 913
907 1210
907 1260
909 1721
912 917
914 1402
915 1234
915 1788
916 1636
916 1828
917 1154
917 1223
918 1004
919 922
919 1010
919 1118
920 1183
920 1760
921 1747
922 1120
922 1158
922 1362
922 1647
923 1364
923 1471
924 1038
924 1168
924 1368
926 1713
927 1054
927 1246
928 1647
929 1095
929 1284
929 1906
930 978
930 1060
931 1938
931 1968
932 1117
932 1311
933 1679
934 1600
935 1569
935 1627
936 972
936 1603
937 1047
937 1274
939 1276
939 1727
941 1729
944 1092
945 1513
945 1757
946 1095
946 1894
947 1697
948 1044
948 1738
948 1862
949 1302
949 1361
949 1920
950 1742
950 1905
951 1395
951 1459
951 1908
952 1445
953 1141
954 1343
954 1344
956 1002
956 1099
957 1091
958 1893
959 1218
959 1831
959 1866
959 1982
960 1053
961 1146
961 1689
962 1922
962 1929
963 1373
965 1198
965 1707
965 1882
965 1891
966 1267
967 1483
967 1551
968 1993
970 1142
970 1707
970 1941
971 1030
972 1726
973 1251
973 1483
973 1564
973 1967
974 1294
974 1503
974 1530
974 1600
975 1803
977 1514
978 1012
978 1579
978 1958
979 1825
979 1891
980 1113
980 1431
981 1000
981 1289
981 1943
982 1240
982 1973
983 1401
984 1376
984 1857
985 1563
986 1511
987 1669
990 1124
992 1517
992 1571
992 1841
993 1172
993 1639
993 1904
995 1278
998 1103
999 1056
1000 1082
1000 1712
1000 1832
1000 1836
1001 1139
1002 1782
1002 1869
1005 1725
1005 1847
1006 1394
1006 1784
1007 1056
1007 1314
1008 1910
1010 1777
1011 1262
1011 1474
1012 1319
1012 1548
1013 1555
1013 1680
1013 1927
1014 1149
1014 1516
1014 1614
1014 1691
1014 1773
1014 1861
1015 1147
1016 1257
1017 1817
1017 1935
1019 1846
1021 1443
1022 1679
1024 1246
1024 1559
1026 1852
1026 1963
1027 1949
1028 1544
1028 1654
1029 1530
1029 1831
1030 1178
1030 1671
1031 1217
1031 1561
1032 1418
1032 1805
1032 1957
1033 1505
1034 1216
1036 1189
1036 1331
1038 1475
1039 1301
1039 1317
1040 1088
1040 1188
1040 1735
1042 1272
1042 1391
1043 1801
1044 1887
1045 1121
1045 1637
1046 1888
1048 1063
1049 1592
1049 1958
1051 1118
1051 1519
1053 1276
1053 1567
1053 1614
1055 1382
1055 1426
1056 1531
1056 1532
1057 1583
1058 1135
1058 1751
1059 1106
1059 1122
1059 1314
1061 1781
1062 1086
1062 1390
1062 1993
1063 1148
1063 1891
1065 1132
1065 1566
1066 1540
1067 1832
1068 1338
1068 1426
1068 1864
1068 1874
1068 1958
1073 1708
1075 1453
1075 1684
1076 1247
1076 1422
1077 1103
1078 1108
1078 1151
1078 1449
1078 1829
1079 1210
1080 1606
1081 1134
1081 1892
1083 1541
1083 1780
1084 1819
1084 1940
1085 1442
1085 1892
1086 1629
1086 1853
1087 1344
1087 1735
1088 1190
1088 1999
1089 1356
1089 1600
1089 1799
1090 1809
1091 1569
1091 1879
1093 1192
1095 1223
1095 1330
1096 1696
1100 1174
1100 1989
1101 1339
1102 1310
1102 1793
1104 1256
1104 1604
1105 1352
1105 1442
1105 1480
1105 1779
1106 1241
1106 1287
1106 1634
1107 1532
1107 1601
1108 1450
1108 1610
1108 1800
1109 1893
1109 1990
1110 1947
1111 1186
1111 1341
1113 1740
1114 1579
1114 1625
1114 1742
1114 1894
1115 1146
1116 1221
1116 1655
1119 1806
1120 1330
1122 1764
1123 1989
1124 1873
1125 1331
1125 1918
1126 1614
1128 1193
1129 1389
1132 1795
1133 1741
1134 1690
1135 1716
1136 1187
1136 1654
1137 1313
1139 1472
1139 1622
1139 1673
1141 1908
1142 1583
1143 1198
1143 1742
1144 1394
1144 1409
1144 1704
1145 1973
1146 1991
1147 1245
1148 1553
1148 1794
1149 1220
1150 1193
1150 1240
1150 1826
1150 1917
1151 1554
1152 1340
1152 1710
1152 1816
1153 1766
1153 1830
1153 1859
1154 1972
1159 1298
1161 1234
1161 1421
1161 1563
1161 1662
1162 1178
1162 1711
1163 1653
1163 1762
1165 1382
1165 1702
1165 1996
1166 1475
1166 1602
1167 1455
1167 1686
1168 1442
1168 1532
1168 1571
1168 1810
1169 1393
1169 1529
1171 1252
1171 1557
1173 1697
1173 1731
1174 1294
1174 1745
1177 1263
1177 1714
1180 1465
1180 1557
1181 1570
1182 1853
1183 1221
1183 1464
1183 1529
1183 1987
1183 1990
1184 1913
1186 1470
1186 1803
1187 1930
1188 1734
1189 1586
1191 1371
1192 1195
1194 1776
1197 1271
1197 1759
1198 1344
1198 1735
1201 1405
1202 1210
1202 1797
1203 1228
1203 1537
1204 1529
1205 1728
1207 1377
1208 1428
1208 1717
1208 1915
1210 1354
1210 1732
1211 1523
1212 1216
1212 1550
1215 1530
1217 1483
1218 1374
1218 1764
1219 1886
1220 1272
1220 1522
1220 1588
1220 1725
1222 1270
1223 1682
1223 1742
1226 1419
1226 1947
1227 1350
1227 1467
1227 1952
1231 1574
1231 1931
1232 1727
1233 1324
1234 1428
1234 1491
1235 1384
1236 1304
1236 1907
1237 1661
1237 1667
1238 1248
1238 1644
1240 1815
1240 1916
1240 1971
1241 1586
1241 1979
1242 1818
1243 1517
1244 1667
1247 1950
1248 1430
1250 1831
1250 1895
1251 1451
1251 1806
1252 1564
1252 1709
1252 1774
1253 1352
1253 1392
1253 1644
1254 1966
1257 1277
1257 1513
1258 1949
1259 1358
1259 1472
1260 1578
1261 1434
1261 1776
1262 1353
1262 1988
1262 1999
1263 1483
1263 1562
1263 1679
1264 1694
1264 1890
1265 1392
1265 1510
1265 1661
1269 1415
1269 1728
1270 1580
1273 1641
1275 1560
1276 1739
1277 1389
1277 1404
1278 1531
1279 1378
1279 1418
1279 1762
1281 1555
1283 1761
1285 1683
1290 1363
1290 1924
1290 1964
1291 1571
1291 1730
1292 1609
1292 1778
1293 1664
1294 1620
1295 1764
1297 1635
1297 1769
1297 1822
1300 1693
1300 1718
1301 1328
1304 1769
1306 1518
1308 1556
1308 1728
1309 1939
1310 1759
1310 1861
1311 1865
1312 1514
1312 1778
1313 1634
1313 1684
1314 1443
1314 1815
1315 1621
1315 1750
1315 1938
1317 1801
1319 1395
1321 1727
1321 1855
1322 1704
1322 1859
1326 1616
1327 1699
1327 1703
1327 1958
1330 1843
1334 1342
1334 1400
1334 1454
1334 1982
1336 1591
1337 1678
1340 1349
1341 1442
1341 1661
1341 1701
1341 1788
1342 1696
1342 1976
1343 1346
1344 1422
1344 1798
1344 1928
1350 1390
1351 1660
1353 1414
1353 1834
1355 1451
1355 1500
1355 1915
1357 1524
1358 1500
1358 1638
1359 1592
1359 1874
1361 1809
1362 1757
1364 1982
1366 1858
1366 1922
1367 1741
1368 1737
1369 1476
1371 1992
1372 1384
1372 1394
1373 1491
1374 1865
1375 1730
1376 1534
1376 1568
1378 1521
1378 1582
1379 1864
1380 1761
1381 1536
1381 1957
1382 1851
1382 1881
1385 1681
1387 1463
1387 1925
1388 1666
1391 1731
1391 1941
1397 1836
1398 1756
1398 1851
1400 1785
1400 1814
1400 1917
1401 1642
1401 1737
1402 1667
1402 1854
1405 1540
1405 1728
1405 1994
1406 1640
1407 1810
1408 1875
1409 1632
1409 1656
1410 1689
1410 1989
1411 1452
1411 1522
1412 1436
1413 1757
1415 1837
1418 1452
1418 1542
1421 1504
1421 1573
1422 1430
1422 1936
1423 1953
1424 1772
1425 1912
1425 1998
1426 1769
1427 1462
1427 1686
1427 1710
1428 1962
1430 1732
1432 1457
1432 1479
1432 1597
1432 1733
1432 1877
1433 1626
1433 1636
1433 1764
1436 1493
1436 1952
1439 1828
1441 1632
1442 1449
1442 1815
1443 1470
1443 1668
1443 1761
1443 1963
1445 1551
1445 1606
1446 1745
1447 1610
1448 1536
1449 1795
1449 1950
1450 1527
1450 1749
1451 1494
1454 1648
1455 1993
1457 1591
1459 1688
1459 1924
1460 1462
1463 1735
1464 1820
1465 1837
1465 1903
1470 1580
1471 1566
1474 1637
1474 1900
1477 1667
1478 1920
1479 1686
1479 1750
1482 1641
1482 1699
1483 1666
1483 1737
1483 1788
1484 1530
1484 1623
1485 1554
1490 1855
1490 1894
1494 1506
1495 1956
1497 1838
1498 1876
1499 1705
1500 1529
1501 1894
1504 1742
1504 1925
1506 1764
1508 1545
1510 1564
1510 1977
1514 1923
1516 1893
1517 1631
1519 1557
1519 1825
1519 1885
1519 1898
1521 1844
1525 1879
1526 1675
1528 1582
1528 1876
1529 1605
1529 1614
1530 1811
1531 1753
1531 1782
1532 1711
1534 1819
1534 1913
1535 1776
1538 1940
1540 1611
1540 1835
1540 1842
1541 1900
1543 1585
1543 1830
1544 1922
1549 1623
1550 1674
1550 1771
1551 1635
1552 1969
1554 1940
1557 1565
1557 1624
1557 1630
1560 1780
1560 1844
1562 1751
1562 1912
1563 1696
1563 1914
1563 1939
1564 1759
1565 1952
1567 1841
1570 1715
1571 1609
1571 1928
1571 1967
1575 1971
1577 1788
1579 1638
1579 1681
1579 1928
1582 1668
1584 1661
1585 1981
1586 1706
1587 1624
1590 1660
1590 1961
1592 1848
1593 1690
1593 1884
1594 1717
1594 1804
1595 1887
1596 1884
1597 1793
1598 1764
1599 1653
1599 1777
1603 1937
1606 1824
1606 1936
1609 1660
1609 1672
1609 1740
1609 1797
1611 1728
1612 1659
1613 1889
1614 1838
1615 1863
1615 1908
1616 1665
1617 1912
1617 1916
1618 1640
1621 1792
1622 1843
1624 1673
1625 1811
1629 1635
1629 1933
1630 1749
1630 1980
1633 1791
1636 1948
1641 1672
1643 1774
1644 1821
1649 1831
1649 1919
1650 1915
1651 1718
1651 1936
1656 1692
1659 1759
1662 1732
1662 1915
1665 1851
1667 1895
1668 1905
1670 1690
1670 1890
1671 1787
1671 1884
1679 1922
1683 1711
1687 1716
1689 1940
1690 1736
1693 1980
1694 1777
1699 1908
1702 1786
1702 1982
1703 1935
1705 1941
1706 1871
1707 1969
1709 1868
1709 1904
1718 1849
1725 1936
1734 1765
1734 1876
1737 1955
1737 1970
1738 1969
1740 1853
1743 1961
1746 1752
1750 1803
1759 1935
1760 1976
1762 1998
1765 1790
1767 1867
1767 1987
1770 1815
1772 1959
1773 1932
1775 1943
1788 1894
1788 1901
1788 1923
1788 1966
1789 1856
1790 1821
1791 1960
1793 1917
1800 1914
1802 1931
1805 1806
1806 1866
1807 1892
1807 1911
1808 1898
1809 1833
1812 1926
1814 1928
1815 1819
1815 1890
1818 1979
1820 1989
1821 1996
1822 1889
1822 1925
1826 1988
1831 1868
1836 1889
1849 1917
1850 1973
1853 1936
1856 1912
1880 1942
1888 1897
1890 1992
1901 1916
1912 1944
1923 1998
1940 1983
1946 1972
