2000 3023
15
24
43
92
88
48
15
30
93
43
82
17
52
36
48
58
91
9
88
55
66
25
64
27
45
31
21
43
65
81
80
73
94
26
89
71
68
33
35
63
35
65
83
7
89
33
64
24
21
20
26
48
40
71
14
67
82
54
66
59
32
74
87
17
89
34
91
50
8
25
3
21
32
41
52
5
27
99
5
37
24
29
81
8
80
97
87
100
62
28
24
36
32
86
67
78
68
5
2
60
97
39
14
14
83
81
34
68
71
14
88
45
29
62
16
66
13
53
53
97
65
72
44
66
31
73
21
73
38
9
8
90
63
54
98
40
87
6
32
38
69
38
6
51
74
2
83
61
36
94
89
78
39
62
62
54
78
85
35
9
40
9
12
54
93
39
40
8
4
70
45
37
50
64
2
21
2
79
90
51
92
97
5
38
94
55
82
26
47
66
90
83
7
22
63
42
57
98
45
95
9
2
88
69
62
9
96
82
46
16
65
61
37
52
52
10
84
45
23
41
48
38
40
36
82
11
40
53
24
24
24
61
21
75
8
52
69
2
78
3
57
40
15
62
97
97
36
45
70
66
76
49
75
6
65
36
12
22
67
94
56
8
65
25
78
49
6
26
83
52
13
3
93
63
39
6
87
76
95
12
85
3
65
73
45
85
30
98
89
25
88
52
1
54
94
61
76
93
99
15
11
72
71
18
13
16
2
39
75
59
40
60
67
46
67
34
54
44
29
68
33
95
86
61
92
91
100
49
71
6
87
10
46
27
25
66
44
3
25
1
9
1
82
12
81
14
89
72
62
67
89
87
79
76
48
88
96
8
73
58
93
41
47
2
100
76
35
52
11
60
40
1
20
49
82
71
80
46
99
76
85
9
22
73
84
36
51
62
22
63
12
94
13
10
2
76
79
48
59
62
22
75
43
53
83
64
89
60
60
23
12
51
92
4
94
87
88
59
24
37
94
39
90
56
97
75
94
74
11
46
87
97
5
54
81
92
57
47
74
98
23
2
17
70
79
93
46
65
24
70
85
79
95
93
25
38
40
47
53
69
62
10
91
26
33
72
26
28
19
56
50
45
82
84
59
89
95
25
25
100
13
13
51
84
55
73
34
51
25
82
7
70
45
83
31
42
23
99
38
81
92
92
93
59
74
86
37
77
81
61
95
39
100
86
44
50
86
84
62
48
58
16
17
89
56
29
65
85
61
22
25
98
48
52
12
78
51
20
49
26
90
84
82
20
6
31
97
10
33
82
91
9
62
57
61
46
32
100
98
4
28
83
25
9
100
69
72
10
43
32
76
21
11
91
21
47
67
98
90
19
3
12
92
35
88
87
43
61
71
66
81
73
55
87
40
27
32
60
88
41
28
31
76
67
34
63
13
2
51
39
26
24
10
47
41
43
67
15
25
67
92
14
41
15
95
34
43
94
61
14
94
20
52
52
82
26
4
45
57
54
23
68
62
73
26
91
81
29
50
45
51
13
82
29
52
64
35
45
18
51
44
42
53
34
85
23
23
80
27
75
87
28
76
6
31
93
69
73
55
46
22
30
95
97
47
98
4
43
15
18
74
27
95
97
66
73
54
18
22
86
41
19
98
50
53
30
68
11
99
33
2
58
70
70
8
13
74
100
3
82
59
92
87
22
60
20
16
6
77
90
40
10
41
57
26
68
68
66
51
70
89
82
31
5
40
28
38
35
24
25
80
31
95
93
48
56
93
50
52
56
29
20
45
41
74
26
36
2
25
14
59
58
50
88
28
23
72
44
83
56
34
66
24
73
92
84
94
21
83
54
38
11
19
13
38
73
75
53
12
6
72
25
83
51
79
42
41
7
88
96
74
70
48
19
9
16
55
94
15
88
28
58
17
43
61
85
55
30
36
22
72
56
24
62
30
72
12
28
6
33
18
34
13
26
37
20
72
95
97
55
29
14
12
47
95
92
81
88
48
15
70
90
51
52
93
97
42
36
34
97
9
29
48
40
36
42
43
45
25
49
18
94
24
30
6
42
22
62
85
56
27
49
55
74
38
7
80
8
25
46
80
25
80
70
63
70
84
42
12
36
7
27
90
4
64
24
29
77
93
49
52
83
12
7
31
18
69
2
92
14
41
12
69
100
46
73
81
77
33
89
43
31
44
38
43
47
93
91
98
87
36
64
62
97
42
72
70
69
91
28
56
64
75
2
63
88
6
95
10
81
5
14
73
49
37
70
31
95
67
47
45
77
79
1
60
32
31
69
53
91
39
40
8
89
70
55
14
92
22
77
40
15
5
9
56
87
74
68
92
24
91
38
6
56
78
49
62
76
78
11
16
35
66
89
50
31
33
35
31
36
24
41
41
70
78
76
35
18
66
62
42
12
18
93
70
21
26
60
4
8
65
41
50
15
66
25
8
11
14
86
92
4
51
94
25
55
25
92
78
39
78
5
87
46
58
35
58
76
11
30
69
39
25
52
24
29
57
13
99
51
3
78
1
33
52
19
21
61
61
38
19
82
70
50
54
89
32
27
39
41
42
6
53
49
41
58
86
46
37
87
80
23
97
75
13
75
81
38
13
85
56
39
99
42
7
7
85
86
53
13
60
70
90
48
44
35
17
42
9
87
84
95
69
31
20
73
90
23
93
59
94
51
1
56
83
59
100
24
73
95
8
27
93
8
49
49
81
42
78
61
52
64
17
6
36
4
79
11
18
49
37
42
89
29
84
86
61
35
71
42
92
48
25
91
2
50
43
38
80
100
82
96
17
87
97
22
3
91
18
97
45
53
78
61
11
7
62
89
14
35
26
43
100
28
83
48
65
54
73
87
6
72
27
4
88
69
82
1
11
43
51
15
96
52
22
18
62
39
11
69
64
30
28
60
88
46
6
2
58
11
96
84
79
13
53
41
34
31
77
41
89
81
73
31
51
91
20
39
18
34
26
99
47
92
38
29
16
34
77
14
5
8
2
75
31
93
68
44
88
54
62
69
37
12
57
66
34
41
47
46
79
89
83
85
3
23
33
71
50
95
6
22
92
85
33
40
3
51
32
39
27
36
49
78
46
46
71
31
17
72
62
15
3
15
32
35
30
80
9
94
38
38
38
76
39
96
22
65
8
26
76
33
23
100
36
88
59
40
31
70
85
34
62
74
80
81
74
71
12
70
48
37
56
24
14
81
1
26
27
81
22
16
36
27
41
12
15
23
45
29
12
57
18
99
65
15
33
30
100
21
24
92
51
37
1
10
27
38
74
75
60
4
49
86
93
55
92
38
44
79
11
42
100
8
6
79
92
17
60
27
30
50
12
78
57
14
95
82
36
2
76
4
22
100
7
28
78
94
81
66
41
35
33
62
47
99
89
41
8
62
14
64
21
25
67
32
54
47
30
99
24
36
24
89
73
28
64
3
13
87
43
71
63
16
68
100
64
55
64
18
82
60
27
8
8
79
40
67
76
79
27
48
77
79
7
53
67
100
48
12
93
56
2
32
46
33
93
100
24
72
54
36
30
99
92
75
11
78
24
9
20
34
44
86
53
35
16
55
14
99
48
59
40
85
10
46
49
27
90
4
6
73
10
7
13
78
54
26
73
77
3
51
20
63
90
90
74
23
82
6
63
70
24
46
54
3
98
99
21
2
70
29
88
68
42
52
46
19
13
49
65
37
3
99
79
6
53
27
66
9
27
31
11
97
70
45
60
86
27
47
21
10
63
98
25
27
97
51
70
98
20
55
35
56
37
55
42
24
31
44
73
100
60
46
78
77
41
19
100
25
63
53
10
78
82
38
94
99
99
2
46
62
49
54
86
11
84
77
19
3
52
39
99
86
45
93
19
3
33
97
74
22
90
8
85
91
28
79
74
88
83
14
39
52
72
49
72
26
44
68
88
83
91
44
59
67
42
77
98
39
13
89
63
48
52
77
90
47
21
41
53
22
92
45
50
26
78
97
57
69
39
19
93
31
28
2
3
95
87
39
65
32
91
26
73
23
23
2
100
45
8
78
59
85
75
77
32
3
43
91
39
69
43
77
43
37
100
15
82
30
60
87
45
75
6
44
4
92
15
91
32
24
43
7
31
54
37
48
51
48
52
82
86
68
68
31
80
84
61
60
89
94
62
11
20
77
72
87
17
82
84
27
54
20
89
31
64
4
73
9
93
68
24
63
55
52
41
19
38
33
50
98
35
38
83
74
27
67
45
71
31
20
7
2
50
8
13
58
64
14
68
36
13
70
11
94
3
44
11
19
70
6
51
60
19
18
72
35
88
92
100
73
89
86
7
91
34
61
56
25
75
38
100
11
83
50
62
50
47
78
5
54
55
65
41
26
45
12
99
19
63
95
32
53
75
17
14
16
96
23
54
31
6
59
54
5
60
59
61
4
71
79
19
21
39
89
41
48
53
57
45
29
52
29
55
97
73
31
73
9
35
88
85
92
22
14
82
97
41
97
36
32
28
98
100
49
53
35
88
70
61
59
38
98
43
98
12
54
1
15
92
92
38
35
16
41
79
12
24
29
4
80
29
97
70
8
92
1
72
78
0 687
0 903
0 973
0 1152
0 1396
1 5
1 883
1 1489
2 1406
3 126
4 402
5 1245
5 1385
5 1791
5 1824
6 1277
7 372
7 1779
7 1928
7 1931
8 155
8 184
9 122
11 276
11 763
12 919
12 1112
12 1343
13 44
13 226
13 352
13 575
13 1053
14 159
14 235
14 845
15 1707
16 507
16 901
16 1028
16 1091
16 1559
17 1061
17 1730
17 1960
19 84
19 659
19 756
19 1127
20 645
20 838
20 865
21 1277
21 1970
22 513
22 828
23 1987
24 65
24 838
24 1026
24 1536
24 1904
25 633
25 1185
26 310
26 483
26 551
27 817
27 862
27 992
27 1463
28 73
28 328
28 1348
28 1849
29 88
29 152
29 644
29 1173
30 984
30 1291
30 1506
31 49
31 1819
32 446
32 831
32 994
32 1092
32 1911
33 613
33 745
34 123
34 785
34 867
34 1228
34 1627
35 182
35 939
35 965
35 1468
36 531
36 750
36 1090
36 1422
37 284
37 1071
37 1919
38 590
38 1341
38 1512
38 1682
39 160
39 324
39 955
40 694
40 1743
42 960
43 532
43 800
43 1178
45 1666
46 1269
46 1858
47 204
48 1190
48 1903
49 1001
49 1511
49 1563
50 436
50 1266
50 1619
50 1955
51 716
51 774
51 1664
52 1210
52 1952
53 435
53 657
53 1363
53 1439
53 1554
54 945
54 1425
54 1492
55 709
55 1059
56 1212
56 1816
57 838
57 1669
58 249
58 646
58 1035
58 1054
58 1694
59 88
59 948
59 1128
59 1570
59 1794
60 63
60 777
60 853
60 1333
60 1430
61 235
61 311
61 898
61 1391
62 701
62 1086
62 1445
63 1987
64 199
64 580
64 1136
64 1497
64 1681
64 1941
65 722
65 756
65 911
66 415
66 987
66 1497
66 1634
66 1807
67 157
67 163
67 868
68 534
68 1374
69 1359
70 133
70 1533
70 1679
72 1318
72 1406
73 976
73 1020
73 1199
73 1882
74 900
74 1728
75 1181
75 1611
76 1152
77 836
78 79
78 137
78 591
78 868
78 1815
79 184
79 572
79 817
80 161
80 231
80 1479
80 1806
81 250
81 605
81 1263
82 196
82 963
83 453
83 1976
84 114
84 780
85 179
85 1921
86 342
86 594
86 940
87 978
87 1076
88 574
88 1073
89 446
89 626
89 1277
89 1802
89 1906
90 440
90 713
90 829
90 1875
91 127
91 228
91 463
91 651
91 856
91 1406
91 1578
91 1815
92 1355
92 1757
93 284
93 463
93 1196
93 1494
93 1812
94 1021
94 1917
95 122
95 385
95 1959
96 1008
96 1103
97 949
97 1736
99 209
99 1174
100 196
100 1387
100 1933
101 134
101 595
101 1082
101 1694
102 804
102 1567
102 1590
102 1917
102 1936
103 1560
103 1976
104 194
104 778
105 204
105 239
105 778
105 954
105 1130
106 1853
106 1854
107 332
107 712
107 812
107 994
108 194
109 947
110 551
110 552
110 1424
111 177
111 278
111 1688
112 1568
112 1774
113 1305
113 1454
113 1762
114 166
114 184
114 799
114 993
114 1140
114 1561
115 927
116 939
116 1980
117 1336
117 1414
117 1641
118 181
118 353
118 1041
119 843
119 1379
119 1619
120 431
120 432
120 1099
120 1388
120 1949
121 578
121 914
121 1001
121 1485
121 1706
122 303
122 738
122 855
123 171
123 1110
123 1334
124 180
124 1651
125 1481
126 323
126 641
126 679
126 708
127 1219
127 1668
127 1988
128 689
128 934
129 600
129 1387
129 1396
129 1961
130 1314
130 1979
131 218
131 1768
132 750
132 1799
132 1847
133 551
133 653
133 1218
134 811
134 1391
134 1635
135 1113
135 1149
136 434
136 810
137 1166
137 1494
137 1532
137 1658
138 170
138 878
138 943
138 993
138 1900
138 1950
139 719
139 1083
140 287
140 330
140 1720
141 1439
142 1027
142 1141
142 1804
143 404
143 693
143 1953
144 312
144 1036
144 1150
145 1425
147 697
147 1791
148 366
148 994
149 665
149 734
149 991
149 1857
150 275
150 485
150 604
150 1857
151 311
151 1369
151 1399
151 1405
152 709
152 993
152 1042
153 351
153 572
153 1801
153 1885
154 202
154 300
154 647
154 1509
154 1572
154 1832
155 213
155 818
155 971
155 1231
156 172
156 416
156 796
156 814
156 1356
156 1923
157 200
157 475
157 1271
157 1930
158 426
158 674
158 964
158 1018
158 1638
159 307
159 320
159 774
159 857
159 961
159 1133
159 1856
160 266
160 792
160 1314
160 1899
161 1174
162 347
162 386
162 814
162 1521
163 905
164 201
164 644
164 1758
165 815
165 890
166 336
166 456
166 508
166 1054
166 1204
166 1319
167 449
167 957
167 1701
168 668
168 1040
169 474
169 714
169 1029
169 1289
170 214
170 313
171 527
171 826
172 651
172 1506
172 1984
173 395
173 791
174 204
174 920
175 183
175 661
175 1692
175 1990
175 1993
176 443
176 469
176 957
176 1195
177 928
177 1265
177 1594
177 1620
178 1952
179 645
179 1515
180 1246
180 1930
181 488
181 773
181 1466
182 940
182 1006
182 1127
182 1409
182 1506
183 193
183 640
183 1240
183 1258
183 1805
184 920
184 1361
185 288
185 482
185 676
185 1016
185 1052
185 1460
186 382
186 1756
187 1064
187 1359
187 1909
187 1949
189 353
189 386
189 1592
189 1602
190 309
190 1226
192 618
192 963
192 1177
192 1577
193 233
193 455
193 891
193 1722
193 1724
194 513
194 729
194 1173
194 1345
195 1506
195 1891
195 1934
196 300
196 555
196 747
196 1390
197 319
197 961
197 1319
198 424
198 663
198 864
198 1213
198 1270
199 204
199 1047
199 1529
200 690
200 1748
202 450
202 1630
202 1849
203 820
204 507
204 668
204 957
204 962
204 1441
204 1639
204 1672
205 532
205 561
207 704
207 1185
207 1549
207 1561
207 1927
209 590
209 1387
209 1992
210 293
210 584
210 606
210 1628
211 305
211 1016
211 1225
211 1577
212 527
212 702
212 781
212 1323
213 804
213 980
213 1189
213 1774
214 1632
214 1794
214 1944
215 441
215 961
215 1613
215 1853
216 951
216 1556
216 1610
217 286
217 1784
217 1966
218 633
218 801
218 1691
218 1866
218 1920
219 330
219 1786
219 1941
220 226
220 660
220 1093
220 1933
221 512
221 1839
223 243
224 539
224 1139
224 1854
225 626
225 1464
226 547
226 777
226 1017
226 1538
227 248
227 450
227 825
227 894
227 969
227 1973
228 1281
229 606
229 635
229 1338
229 1369
229 1514
230 745
231 631
232 354
232 613
232 698
232 1224
232 1267
232 1671
233 236
234 518
234 1834
236 299
236 1027
237 1446
238 722
239 782
239 1030
239 1160
240 780
240 903
240 1124
240 1570
241 954
242 385
242 548
242 1595
243 501
243 957
243 1708
244 631
244 775
244 1316
244 1402
244 1693
244 1857
245 1769
246 406
246 1263
246 1630
247 710
248 282
248 371
248 1421
248 1582
249 800
249 904
249 1319
249 1705
249 1714
250 1542
251 1115
251 1222
251 1438
253 270
253 419
253 701
253 844
253 852
254 1082
254 1541
255 421
255 883
255 1462
256 315
256 449
257 262
257 307
257 1830
258 1195
258 1491
259 266
259 495
260 1766
261 643
261 1905
262 278
262 738
262 982
262 1388
262 1415
262 1679
262 1842
263 932
263 1011
263 1842
264 301
264 654
264 1867
265 884
266 654
266 1737
267 390
267 1126
267 1220
267 1376
268 817
269 593
269 1930
270 1075
270 1638
270 1827
270 1909
271 1240
271 1415
271 1540
271 1925
271 1945
272 1027
272 1099
272 1479
273 1394
273 1438
274 343
274 1236
274 1422
274 1716
275 339
275 548
275 944
275 1528
275 1646
275 1704
276 1246
276 1675
277 1121
277 1336
278 512
278 1016
278 1708
278 1890
279 300
279 514
279 1138
281 1178
281 1345
282 701
283 838
283 1917
284 293
284 616
284 1142
284 1198
284 1423
285 1226
285 1441
286 507
287 426
288 1367
288 1743
289 314
289 618
289 1051
289 1097
291 500
291 847
291 1327
291 1881
292 1778
293 478
293 1473
294 551
294 974
294 1373
294 1435
295 374
295 1075
295 1268
295 1305
295 1478
295 1774
296 581
296 802
296 1286
296 1430
297 591
298 685
298 1593
298 1671
298 1689
299 438
299 677
299 780
299 1427
300 420
300 909
300 1422
300 1618
300 1809
301 904
301 1237
301 1488
301 1703
302 1208
302 1309
302 1351
303 501
303 1676
304 764
305 569
306 330
306 1575
307 419
307 482
308 366
308 1028
309 1527
309 1571
309 1838
310 710
310 1651
311 969
311 1173
312 719
312 929
312 1018
313 333
313 874
313 1976
314 1827
315 1012
315 1157
315 1348
316 948
316 1661
316 1871
317 521
317 636
317 1178
317 1908
318 663
319 464
319 1185
319 1954
320 440
320 1124
320 1357
320 1393
320 1981
321 1543
322 449
322 494
322 1667
322 1705
322 1879
323 1013
324 410
324 573
324 1049
324 1461
324 1695
325 1045
325 1625
326 979
326 1106
326 1665
326 1681
327 521
327 544
328 332
328 1636
328 1894
329 846
329 1696
330 661
330 1840
331 830
331 953
331 1831
332 892
332 1210
332 1323
332 1876
333 668
333 695
333 1192
333 1530
334 669
334 675
334 1395
334 1579
334 1754
335 1904
335 1937
336 654
336 1928
338 941
339 590
339 789
339 1038
339 1228
340 420
341 554
341 656
341 1190
341 1404
341 1505
342 517
342 590
342 1551
342 1708
343 579
343 583
343 1470
344 481
344 668
344 1695
345 1320
345 1321
346 531
346 726
346 1603
346 1712
347 429
347 1176
347 1781
348 427
348 1829
348 1927
349 743
349 816
349 1232
349 1466
349 1484
350 844
350 1239
351 1561
352 999
352 1039
352 1383
352 1619
352 1710
352 1789
352 1933
353 767
353 1420
353 1481
353 1552
354 608
355 606
355 1325
355 1610
355 1994
356 956
356 1233
356 1260
356 1309
356 1359
356 1722
357 751
357 1491
358 951
358 1352
358 1411
358 1484
359 1234
359 1368
360 1918
360 1948
361 442
362 438
362 519
363 942
363 1155
363 1330
363 1904
364 616
364 1203
365 974
365 1182
365 1896
366 1697
366 1774
367 390
367 1474
368 764
368 1353
368 1754
369 522
369 897
369 1012
369 1832
369 1880
370 387
370 1135
371 955
371 988
371 1156
371 1847
372 475
372 704
372 1048
373 503
373 956
373 966
373 974
374 635
374 1497
375 921
375 1234
376 1319
376 1666
377 1917
378 883
378 1489
379 467
379 1984
380 768
380 1176
380 1493
380 1747
382 963
383 1197
383 1635
383 1753
384 620
384 971
384 1838
385 626
385 784
385 1003
385 1019
385 1069
386 1318
386 1900
387 1375
387 1872
388 476
388 635
389 646
389 1352
389 1870
389 1985
391 640
391 1943
392 856
392 1459
392 1558
393 410
393 1109
394 925
394 1449
395 558
395 1906
396 1067
396 1101
396 1866
396 1958
397 663
397 1405
397 1557
397 1855
398 422
398 697
398 812
398 1140
398 1630
398 1788
399 1248
399 1323
399 1692
399 1902
400 938
400 1520
400 1918
401 982
401 1151
401 1405
402 1048
402 1276
402 1973
404 717
406 934
406 1271
406 1824
407 590
407 1735
408 650
408 1562
408 1829
409 624
410 524
410 1270
410 1575
411 593
411 693
411 1915
411 1987
412 1482
412 1794
412 1842
413 431
414 473
414 633
414 1998
415 785
415 1338
415 1456
416 551
416 1071
416 1196
416 1277
416 1751
417 1402
417 1456
417 1543
419 701
419 903
419 1043
419 1641
420 783
420 872
420 1927
421 712
421 746
421 1340
421 1784
423 942
423 1207
423 1419
423 1914
423 1916
424 465
424 1788
425 1261
427 517
427 1514
427 1648
428 1263
429 798
429 1138
430 896
430 1555
432 1507
432 1624
432 1931
433 865
433 1031
433 1551
433 1584
434 1361
435 1573
436 461
436 666
436 952
436 1542
437 984
437 1518
438 604
438 1444
438 1657
439 722
439 1128
439 1792
440 1851
441 1257
443 488
443 1844
444 460
444 646
444 654
445 1045
446 802
446 1347
446 1713
447 1018
447 1295
447 1584
449 527
449 528
449 816
449 1040
449 1835
450 1307
450 1309
453 1737
453 1739
454 513
454 564
454 952
455 722
455 1470
455 1824
455 1908
456 904
456 1187
456 1577
457 789
457 1490
457 1730
458 991
458 1712
459 613
459 799
460 785
460 1034
461 711
461 975
461 1896
462 583
462 629
462 802
462 1343
463 1271
463 1513
463 1755
464 846
464 1606
465 1238
466 1229
467 730
468 481
468 1608
469 704
469 758
469 1256
469 1478
469 1824
470 1115
471 638
471 1344
472 1080
472 1196
473 912
475 1655
476 1061
476 1469
477 643
477 1231
477 1630
477 1918
478 1026
478 1206
479 1057
479 1868
480 764
480 1578
481 563
481 1141
481 1290
481 1601
482 497
482 1259
483 1289
484 1199
484 1878
484 1928
485 692
485 899
485 1328
486 1469
486 1553
487 896
487 1138
487 1296
488 576
489 1567
491 1889
492 1173
492 1328
492 1896
493 542
493 1177
493 1190
493 1599
494 591
494 1052
494 1864
494 1879
495 930
495 1048
495 1054
495 1775
496 687
497 884
498 799
498 1306
498 1724
498 1880
499 1859
500 560
500 1908
501 803
501 1346
501 1382
502 1164
502 1487
502 1753
502 1922
503 525
503 1050
503 1563
503 1588
503 1884
505 1214
505 1553
505 1653
506 625
506 883
506 1181
507 1315
507 1339
507 1505
508 797
508 1979
509 1049
509 1050
509 1558
509 1576
511 1831
513 681
513 1032
513 1123
513 1262
513 1674
514 1806
514 1952
515 1520
516 548
516 1098
517 881
518 582
518 637
518 1405
518 1986
519 828
519 1106
519 1310
519 1517
520 935
520 1443
520 1713
521 627
521 689
521 823
521 1271
521 1293
521 1770
522 649
523 1189
523 1222
524 702
524 1905
525 771
525 1137
525 1402
526 1278
526 1976
527 1837
528 833
529 689
529 1188
529 1572
530 869
530 1222
530 1790
531 1069
531 1937
532 1014
533 596
533 633
534 1985
535 1632
535 1960
536 683
536 1222
537 1037
537 1443
539 729
539 836
539 1137
539 1385
539 1584
540 678
540 749
540 1317
540 1640
541 626
541 982
541 1518
542 970
542 1040
543 1023
543 1197
543 1220
544 1432
544 1659
544 1913
545 1496
546 1466
546 1731
547 1365
547 1559
548 568
548 673
548 1462
548 1697
548 1890
549 837
549 922
549 1808
551 744
551 1027
551 1031
551 1549
552 1058
553 1306
554 734
554 1441
554 1811
555 601
555 1009
555 1031
555 1156
556 738
556 872
556 1639
556 1996
557 1835
558 588
558 1203
558 1909
559 602
559 1114
559 1378
560 1051
560 1073
561 635
561 1051
561 1322
561 1780
562 1307
563 1404
563 1657
563 1996
565 789
565 1810
566 766
566 1038
567 648
567 742
567 1964
569 1093
569 1634
572 842
573 1314
573 1658
574 694
574 903
575 662
575 1018
575 1531
575 1631
575 1778
576 712
577 934
578 826
578 1483
578 1493
578 1656
579 926
579 1230
579 1633
581 582
581 721
581 964
581 1312
582 1206
582 1683
582 1947
583 832
584 1240
584 1717
585 596
587 1336
589 1738
591 1037
591 1665
593 649
594 796
595 696
595 795
595 1736
596 909
596 1602
596 1974
597 599
597 1356
597 1711
598 702
598 1858
598 1871
599 805
600 786
600 1296
600 1306
600 1910
601 777
601 1770
602 1838
603 922
603 1979
604 1134
605 707
605 1386
605 1955
606 1740
606 1790
607 1210
608 803
608 971
609 1308
609 1924
611 773
611 809
611 1377
612 696
613 1848
613 1852
615 781
615 1382
616 767
616 1256
616 1349
616 1592
617 1361
618 623
618 908
618 1767
619 1334
619 1630
620 962
620 1155
621 630
622 1419
622 1542
622 1563
623 724
623 1003
623 1195
623 1556
624 694
624 1227
624 1485
624 1698
625 1005
626 685
626 756
627 1663
628 858
628 1670
628 1731
630 929
630 1655
630 1690
630 1740
630 1881
631 657
632 736
633 685
633 932
633 1045
634 1541
634 1693
634 1859
635 1601
636 1459
636 1729
637 1685
638 685
638 779
638 791
638 1047
638 1686
639 1433
640 1729
641 1061
641 1282
641 1313
641 1523
642 1040
642 1060
642 1523
642 1927
643 1978
644 1662
645 1203
645 1420
645 1757
645 1955
646 689
646 870
646 1187
646 1970
647 750
647 1255
647 1614
647 1861
648 1190
650 1694
651 688
652 1062
653 1330
654 1679
655 1577
655 1782
657 874
657 1708
657 1913
658 1867
659 1498
660 820
660 1074
660 1763
662 692
662 932
663 894
663 1701
663 1724
664 868
664 945
666 758
666 958
666 983
668 1198
668 1669
669 1109
670 1079
671 1215
671 1434
673 1141
675 1499
675 1807
676 1600
676 1641
677 750
677 1545
678 1372
679 698
679 1090
680 901
680 1658
680 1830
681 818
681 993
681 1054
681 1973
682 1671
683 1153
684 1385
685 853
685 1587
685 1868
686 715
686 899
686 1986
687 797
687 1218
687 1509
687 1547
689 1379
690 1466
690 1475
690 1539
690 1719
691 1038
691 1112
691 1136
691 1440
692 1791
693 775
693 1267
693 1371
693 1472
693 1852
694 1287
694 1316
695 920
695 1231
695 1570
695 1585
697 735
697 1563
697 1591
698 1768
699 968
699 1422
700 1396
700 1684
701 967
701 1087
701 1315
702 1665
703 1173
703 1258
704 832
704 942
704 1301
705 1957
706 895
706 965
706 1417
706 1440
707 1939
707 1964
708 1081
710 1854
711 773
711 1650
712 806
712 1733
713 1378
714 992
714 1196
715 1597
715 1609
716 1646
717 997
717 1230
717 1993
718 766
718 789
718 1473
719 1159
719 1984
720 900
720 1727
721 1644
722 1226
722 1495
723 974
725 1291
726 1086
726 1278
727 1517
727 1610
728 1079
728 1838
729 804
729 1071
729 1462
730 1223
730 1920
731 738
731 795
731 1444
731 1693
732 1533
733 834
733 1829
734 1027
734 1400
734 1676
734 1838
735 1227
735 1349
735 1747
736 1263
737 1328
737 1353
737 1644
737 1707
738 1302
740 1777
741 949
741 1546
742 1510
742 1982
743 984
744 956
744 1634
745 760
746 1061
746 1276
746 1361
747 1140
747 1688
747 1763
747 1884
748 767
748 1095
748 1253
749 1529
750 1210
750 1443
750 1544
751 1406
752 1016
752 1204
752 1677
753 794
753 1154
753 1435
754 1332
755 820
755 1424
755 1897
755 1996
756 1970
757 1708
758 776
759 1272
760 1767
761 1265
762 1010
762 1148
762 1186
762 1773
762 1829
763 793
764 1144
764 1946
766 783
766 1856
767 1113
768 1485
768 1589
768 1750
769 881
769 1542
773 887
774 1711
777 1016
777 1201
778 1068
778 1833
779 885
779 1617
780 1137
782 1646
783 1140
783 1285
783 1503
784 787
785 1510
786 1627
787 1001
787 1717
789 1072
790 1159
791 961
793 1519
793 1803
794 1434
794 1459
795 857
795 1406
795 1549
797 1415
798 1072
799 982
799 1626
799 1932
799 1988
800 1038
800 1255
801 810
801 1356
802 1700
802 1987
803 1139
804 856
804 1463
804 1572
805 1084
805 1518
805 1750
806 1928
807 1650
807 1662
808 1107
808 1782
808 1905
809 1061
809 1444
810 1265
811 1796
811 1833
812 1017
812 1465
812 1647
812 1741
812 1827
812 1943
814 1820
814 1834
815 1374
818 1123
818 1151
818 1185
818 1762
818 1782
819 896
819 1328
820 1786
820 1937
821 962
821 1040
821 1568
821 1682
822 1356
822 1783
822 1800
823 1653
823 1884
824 1094
824 1218
824 1350
825 1183
826 1518
826 1749
827 1608
828 1019
828 1206
829 1956
829 1957
831 1050
834 896
834 1145
834 1499
834 1625
835 1461
835 1939
836 951
836 1936
837 1836
838 842
838 1641
838 1996
839 1360
839 1664
840 1474
840 1769
840 1873
841 1862
842 1900
844 1646
845 1019
845 1598
846 1551
847 1797
847 1846
848 987
848 1856
849 1534
849 1711
850 1190
850 1602
851 1647
851 1761
852 1362
853 1654
853 1696
853 1752
854 868
854 1189
854 1755
855 1011
855 1052
856 1880
857 1089
857 1266
857 1861
858 987
858 1404
859 1336
859 1395
859 1700
860 1074
860 1283
860 1613
860 1761
861 1057
861 1111
861 1274
862 925
862 1031
862 1539
862 1847
863 1222
863 1836
865 1426
865 1536
866 1431
867 1045
867 1122
867 1363
867 1430
868 1456
869 1517
870 1179
873 1236
873 1453
873 1765
874 1827
875 1575
876 1057
876 1546
876 1864
876 1976
877 1811
878 1506
879 1253
879 1493
879 1526
880 1952
881 1882
882 1705
885 1006
885 1399
885 1911
887 1147
888 1259
888 1864
889 1298
889 1853
890 1140
890 1783
891 1369
892 1787
893 914
893 1073
893 1422
894 1420
894 1796
895 948
895 1291
895 1527
896 1547
897 1010
897 1028
897 1071
897 1920
897 1977
898 1401
898 1891
899 936
899 1159
899 1432
899 1687
900 997
900 1961
901 1909
902 1303
902 1550
902 1552
902 1707
902 1729
903 1246
903 1331
903 1609
904 1253
906 1222
906 1972
907 1899
908 1403
908 1672
909 999
909 1182
909 1204
909 1936
911 1118
911 1563
912 1700
912 1887
913 1108
913 1207
914 1085
914 1690
915 1567
915 1689
918 1049
918 1138
918 1410
919 1078
919 1352
919 1570
919 1741
920 970
920 1011
920 1393
920 1664
922 1586
923 1605
923 1686
923 1820
924 942
924 1780
924 1849
924 1870
926 1451
927 1343
927 1554
928 1387
928 1559
928 1715
928 1901
930 1365
931 945
931 1158
931 1165
931 1779
931 1821
935 1046
935 1554
935 1710
936 1023
937 1116
937 1345
937 1684
937 1694
938 1780
939 1418
940 1250
940 1929
941 1208
942 1471
943 1681
945 1368
946 998
947 1401
947 1737
948 1138
948 1250
948 1688
948 1707
949 1050
949 1333
949 1337
949 1476
950 1406
950 1572
951 1574
952 1782
953 987
953 1046
953 1589
954 1186
954 1413
954 1831
954 1872
955 1817
955 1843
957 1022
958 1142
958 1752
960 1178
961 1635
962 999
964 1057
964 1812
965 1715
965 1791
966 1086
966 1139
966 1660
967 1280
967 1840
967 1850
968 988
968 1820
969 1858
971 1167
971 1574
972 1174
972 1263
972 1457
972 1952
973 1060
973 1696
974 1272
974 1890
976 1713
977 1242
978 1816
980 1629
985 1258
986 1090
986 1245
987 1389
987 1404
987 1658
988 1129
988 1350
988 1590
989 1495
989 1530
989 1754
990 1953
993 1224
994 1043
994 1893
995 1306
995 1753
996 1205
996 1430
996 1741
997 1395
999 1745
1001 1838
1002 1019
1002 1545
1002 1638
1003 1956
1004 1338
1004 1575
1004 1900
1005 1492
1005 1735
1005 1888
1005 1957
1007 1522
1009 1158
1010 1606
1011 1437
1011 1559
1012 1039
1012 1916
1013 1608
1014 1553
1014 1576
1014 1824
1015 1246
1016 1076
1016 1318
1016 1331
1017 1109
1020 1369
1023 1443
1023 1909
1023 1996
1024 1732
1026 1086
1026 1838
1027 1629
1027 1843
1028 1057
1028 1111
1028 1629
1029 1212
1029 1920
1030 1099
1031 1115
1031 1350
1032 1934
1034 1162
1034 1886
1035 1777
1036 1572
1037 1437
1039 1074
1040 1604
1044 1198
1044 1916
1045 1602
1047 1251
1047 1461
1047 1519
1049 1114
1050 1335
1052 1561
1056 1119
1056 1569
1056 1729
1057 1128
1057 1303
1057 1993
1059 1468
1060 1103
1060 1418
1060 1923
1062 1500
1063 1267
1064 1554
1064 1935
1065 1292
1066 1177
1067 1132
1067 1297
1067 1402
1068 1220
1068 1549
1071 1101
1071 1135
1071 1322
1071 1865
1072 1615
1073 1282
1073 1398
1074 1802
1076 1167
1076 1382
1076 1996
1078 1594
1079 1582
1080 1450
1080 1824
1081 1196
1081 1917
1083 1627
1083 1840
1084 1618
1084 1756
1085 1209
1085 1543
1085 1921
1086 1340
1086 1382
1086 1903
1087 1301
1087 1346
1087 1823
1088 1794
1088 1797
1089 1887
1091 1753
1092 1197
1092 1321
1092 1654
1092 1673
1092 1715
1093 1571
1094 1105
1094 1157
1094 1388
1094 1547
1095 1419
1096 1100
1097 1592
1097 1838
1098 1415
1100 1105
1100 1357
1100 1688
1100 1820
1103 1512
1104 1415
1104 1821
1105 1382
1107 1727
1108 1902
1109 1601
1109 1901
1110 1371
1110 1878
1111 1480
1112 1872
1115 1456
1116 1766
1117 1127
1118 1789
1118 1900
1119 1137
1120 1507
1120 1675
1120 1857
1121 1200
1121 1954
1123 1645
1124 1960
1125 1442
1125 1508
1125 1759
1128 1346
1128 1917
1130 1808
1130 1824
1131 1558
1132 1699
1133 1264
1133 1335
1133 1564
1134 1163
1134 1486
1134 1786
1135 1170
1135 1613
1135 1774
1135 1905
1136 1719
1137 1689
1138 1667
1139 1450
1139 1592
1139 1610
1139 1892
1141 1840
1141 1946
1142 1956
1143 1374
1143 1651
1143 1729
1143 1865
1144 1774
1146 1285
1146 1445
1147 1767
1148 1859
1149 1155
1149 1832
1150 1298
1150 1391
1150 1414
1150 1872
1151 1190
1151 1867
1152 1617
1154 1168
1154 1567
1155 1172
1157 1250
1159 1527
1160 1491
1161 1361
1163 1339
1163 1453
1163 1464
1163 1531
1163 1587
1163 1696
1164 1505
1164 1984
1165 1248
1166 1242
1167 1258
1167 1475
1167 1481
1168 1249
1169 1244
1170 1456
1170 1530
1170 1582
1170 1646
1172 1224
1173 1801
1176 1449
1176 1510
1177 1238
1177 1702
1178 1812
1182 1906
1183 1970
1184 1415
1185 1411
1185 1484
1186 1918
1187 1203
1187 1287
1188 1592
1189 1340
1189 1531
1191 1429
1191 1988
1193 1713
1193 1891
1194 1631
1194 1644
1194 1757
1195 1265
1198 1783
1199 1288
1199 1417
1200 1242
1200 1469
1200 1550
1200 1687
1202 1494
1204 1255
1204 1461
1204 1589
1204 1908
1206 1618
1206 1955
1207 1216
1207 1820
1208 1300
1208 1316
1209 1479
1209 1864
1210 1293
1210 1338
1211 1879
1215 1429
1215 1454
1215 1973
1216 1457
1217 1346
1217 1746
1219 1359
1219 1842
1220 1842
1221 1372
1221 1966
1222 1300
1224 1462
1224 1750
1224 1846
1225 1707
1226 1242
1226 1406
1226 1505
1229 1750
1231 1468
1232 1430
1232 1558
1236 1429
1237 1658
1237 1701
1241 1373
1241 1559
1242 1250
1242 1317
1242 1958
1243 1550
1244 1353
1244 1608
1247 1560
1248 1887
1249 1297
1249 1772
1249 1777
1250 1288
1251 1406
1252 1490
1252 1991
1253 1384
1254 1439
1255 1963
1260 1434
1260 1977
1263 1326
1264 1370
1264 1377
1265 1335
1265 1355
1267 1416
1267 1575
1268 1807
1269 1425
1272 1822
1276 1292
1276 1964
1277 1357
1277 1611
1277 1763
1278 1791
1279 1452
1281 1626
1282 1567
1284 1736
1284 1787
1285 1639
1285 1779
1286 1351
1286 1502
1286 1610
1286 1737
1287 1940
1292 1324
1292 1488
1292 1819
1294 1311
1294 1698
1295 1601
1296 1995
1297 1937
1298 1540
1299 1693
1300 1500
1300 1534
1300 1622
1301 1663
1302 1340
1303 1471
1303 1561
1304 1674
1304 1724
1304 1777
1306 1979
1307 1873
1308 1615
1309 1379
1310 1938
1311 1740
1311 1927
1313 1757
1315 1318
1315 1614
1316 1336
1317 1569
1320 1950
1324 1866
1325 1639
1325 1763
1328 1585
1330 1686
1331 1918
1332 1638
1334 1733
1336 1411
1336 1483
1336 1730
1336 1834
1338 1976
1340 1779
1344 1384
1344 1484
1345 1672
1346 1919
1348 1830
1349 1438
1349 1952
1350 1363
1350 1891
1350 1913
1353 1958
1354 1624
1354 1761
1354 1850
1355 1627
1355 1692
1356 1781
1356 1789
1356 1939
1357 1854
1358 1917
1358 1953
1359 1619
1361 1394
1361 1648
1362 1399
1362 1668
1362 1966
1364 1645
1365 1403
1365 1789
1368 1455
1369 1452
1369 1680
1369 1911
1370 1503
1370 1529
1372 1897
1374 1414
1374 1485
1374 1822
1378 1418
1378 1923
1381 1886
1381 1947
1382 1449
1382 1805
1383 1424
1383 1758
1383 1944
1384 1747
1384 1808
1385 1392
1385 1610
1385 1995
1387 1393
1387 1910
1390 1542
1391 1547
1393 1412
1396 1680
1397 1488
1397 1830
1397 1917
1398 1588
1399 1869
1400 1637
1401 1601
1401 1608
1402 1685
1402 1885
1403 1512
1404 1632
1407 1917
1408 1531
1408 1698
1408 1706
1412 1742
1412 1935
1414 1627
1414 1703
1414 1906
1414 1920
1415 1534
1415 1771
1416 1659
1416 1874
1418 1901
1422 1507
1423 1914
1424 1635
1425 1904
1425 1982
1426 1630
1426 1636
1426 1741
1427 1521
1427 1682
1427 1757
1429 1797
1429 1943
1429 1948
1432 1703
1432 1804
1432 1979
1433 1502
1435 1816
1435 1830
1437 1542
1438 1462
1438 1659
1439 1494
1439 1805
1442 1765
1442 1832
1443 1508
1443 1607
1443 1698
1443 1804
1444 1485
1444 1519
1446 1647
1447 1493
1447 1867
1447 1923
1448 1635
1450 1651
1450 1689
1451 1786
1451 1881
1453 1636
1453 1812
1453 1844
1454 1933
1455 1855
1458 1980
1461 1662
1461 1905
1462 1734
1463 1681
1463 1731
1463 1806
1463 1881
1465 1871
1467 1557
1468 1645
1469 1858
1470 1882
1471 1539
1472 1571
1476 1783
1477 1822
1482 1519
1486 1671
1491 1518
1491 1760
1491 1969
1493 1774
1494 1968
1495 1763
1499 1784
1502 1818
1503 1538
1503 1720
1504 1867
1505 1787
1509 1871
1511 1639
1514 1840
1516 1593
1518 1987
1520 1547
1522 1769
1524 1769
1524 1861
1526 1641
1530 1825
1530 1935
1533 1760
1534 1910
1535 1586
1536 1775
1536 1856
1538 1858
1540 1928
1541 1706
1541 1902
1542 1878
1543 1624
1545 1946
1547 1564
1547 1892
1550 1648
1550 1684
1553 1688
1555 1920
1556 1814
1556 1854
1556 1969
1558 1689
1558 1928
1558 1970
1560 1625
1560 1735
1563 1928
1565 1911
1566 1910
1569 1622
1569 1796
1571 1595
1573 1595
1574 1703
1574 1765
1575 1919
1576 1620
1577 1909
1578 1896
1580 1709
1581 1904
1586 1685
1587 1785
1587 1997
1590 1702
1590 1708
1591 1829
1597 1664
1597 1719
1602 1788
1606 1653
1606 1963
1609 1997
1611 1993
1613 1696
1613 1759
1613 1904
1614 1907
1616 1808
1617 1946
1618 1925
1619 1648
1621 1826
1623 1900
1627 1685
1629 1942
1630 1686
1631 1770
1633 1668
1635 1756
1639 1808
1640 1943
1647 1989
1648 1744
1649 1962
1650 1668
1650 1903
1651 1927
1653 1881
1654 1783
1654 1944
1654 1979
1655 1731
1658 1768
1659 1824
1659 1911
1659 1971
1664 1666
1665 1934
1668 1826
1670 1804
1671 1682
1674 1897
1676 1786
1676 1801
1678 1894
1680 1900
1685 1786
1688 1829
1691 1770
1692 1982
1692 1997
1695 1926
1698 1919
1703 1814
1704 1937
1712 1717
1714 1826
1718 1784
1719 1747
1719 1872
1720 1824
1723 1978
1726 1730
1726 1759
1729 1731
1735 1877
1736 1980
1739 1776
1741 1809
1742 1786
1743 1944
1747 1990
1748 1808
1750 1916
1754 1875
1756 1977
1757 1830
1760 1948
1766 1835
1772 1812
1772 1829
1777 1872
1779 1835
1784 1791
1786 1984
1788 1922
1793 1864
1793 1911
1809 1966
1810 1962
1814 1844
1819 1928
1819 1976
1840 1964
1845 1962
1850 1976
1855 1884
1860 1875
1866 1867
1885 1958
1891 1942
1893 1965
1904 1992
1905 1972
1907 1952
1917 1976
1924 1927
1931 1955
1936 1959
1940 1946
1943 1972
1947 1949
1956 1969
1966 1992
1978 1984
1987 1997
