2000 3055
81
18
44
88
23
48
53
2
68
89
76
53
21
80
63
92
68
88
13
96
99
99
52
67
37
87
83
22
94
83
26
64
58
18
65
61
22
62
79
67
55
6
71
23
14
49
5
47
97
36
73
23
90
74
69
22
5
2
68
2
24
92
96
40
89
24
16
47
25
25
8
76
67
99
39
73
31
57
8
60
94
44
51
89
64
59
84
89
92
11
47
66
89
77
30
10
85
25
62
73
74
13
9
51
9
90
76
24
15
58
13
22
47
35
67
2
30
70
30
52
60
11
52
77
38
87
98
66
5
43
10
59
55
34
69
33
15
76
81
70
31
85
29
36
35
29
38
75
37
43
15
72
79
100
80
50
68
95
24
76
90
63
66
79
40
68
36
88
9
28
86
66
16
63
3
57
3
60
36
29
69
61
25
62
28
39
3
94
45
3
22
10
66
74
87
22
14
46
99
57
57
93
61
97
48
70
64
62
53
74
88
43
72
62
92
38
52
27
58
64
45
54
4
47
81
93
98
95
41
6
37
32
41
64
95
60
72
68
36
2
48
84
16
14
78
21
30
52
45
76
27
8
14
76
12
59
31
78
77
35
56
42
84
73
80
30
60
45
86
73
59
17
21
98
85
69
74
17
35
7
68
50
99
81
77
50
28
86
55
98
66
74
3
16
15
15
34
84
51
83
12
1
23
3
33
20
52
50
72
31
94
95
31
12
68
57
50
71
49
53
34
53
94
71
23
35
71
96
94
1
92
60
40
8
70
55
22
96
8
13
45
11
31
85
58
97
63
89
51
79
84
38
50
87
8
81
96
46
67
53
7
47
100
31
20
75
8
79
47
74
63
91
84
58
31
11
27
60
51
17
97
28
70
73
58
60
21
80
45
46
73
65
53
81
38
84
42
11
12
40
24
73
56
76
90
5
8
32
59
32
27
63
92
61
6
78
24
55
25
69
71
9
97
72
43
10
100
78
88
95
52
38
26
18
51
44
84
92
83
68
59
71
74
57
71
65
1
58
3
62
71
41
34
37
35
10
11
51
58
32
90
53
16
38
5
22
64
20
59
43
49
35
62
81
88
87
70
45
17
87
11
94
10
39
59
9
91
25
7
84
36
58
66
84
68
16
27
42
30
22
5
99
2
96
50
4
93
97
13
39
30
32
66
45
22
30
11
19
9
18
45
73
25
81
16
60
20
47
27
25
45
74
28
73
12
96
48
1
80
88
56
85
10
57
44
12
59
31
42
78
98
74
19
28
34
49
14
20
67
87
61
80
20
47
21
48
65
30
82
47
78
47
19
12
24
66
80
99
61
37
83
97
67
46
35
57
48
62
60
96
4
33
51
25
33
36
92
11
42
43
33
83
20
100
76
64
57
37
75
23
74
24
28
37
97
71
41
47
6
70
73
26
91
95
62
53
64
70
56
62
26
100
42
27
73
79
38
31
26
61
16
48
67
33
99
18
65
76
26
15
50
31
44
36
23
23
3
59
89
80
70
30
79
18
27
99
63
86
71
6
14
12
38
91
74
77
87
20
45
56
3
88
43
23
65
44
21
6
98
20
87
37
14
98
80
16
21
94
53
95
86
49
61
83
9
22
40
92
87
52
32
42
15
100
81
64
64
11
11
46
92
76
38
69
39
8
12
56
24
61
55
51
24
9
28
51
100
11
88
49
29
83
69
60
38
28
22
88
78
100
97
56
83
1
83
60
14
38
5
16
94
1
35
35
44
85
100
43
51
28
25
28
70
92
4
17
39
4
78
90
9
29
67
11
43
37
68
62
54
89
39
48
6
35
97
20
71
44
88
14
38
86
37
27
42
2
89
32
59
30
93
69
92
21
61
65
66
66
36
44
65
88
5
31
40
69
3
98
92
52
21
27
61
8
9
61
50
26
3
58
48
80
58
38
29
64
8
93
97
39
14
46
16
20
100
63
78
96
56
55
4
9
64
88
31
77
39
89
33
45
46
26
82
91
86
79
43
32
93
42
99
66
77
89
3
80
42
22
81
82
25
55
57
31
67
12
30
44
95
43
77
93
22
29
28
74
14
44
96
94
69
75
56
92
51
96
78
8
24
25
42
99
10
61
1
66
60
24
70
56
52
37
17
43
29
79
43
63
50
61
54
89
100
44
4
12
17
14
25
39
15
40
3
70
60
15
2
77
24
91
50
25
23
72
44
73
40
48
51
57
45
49
86
90
2
2
66
17
12
48
38
14
98
13
25
75
25
17
99
8
14
85
60
15
67
2
97
88
17
65
17
53
8
30
86
93
56
77
32
18
94
90
91
14
28
83
21
90
80
44
91
49
83
83
81
48
35
69
27
7
99
78
28
58
38
98
33
9
45
43
39
76
46
85
44
34
95
46
80
86
78
100
27
45
15
80
74
93
60
37
75
58
53
67
65
100
30
34
29
30
58
49
40
51
39
73
68
67
8
46
85
43
52
14
85
27
4
28
47
58
43
64
29
70
100
63
42
33
45
32
11
76
52
60
9
23
88
23
58
27
65
91
39
66
41
77
17
48
66
84
97
58
6
77
25
27
95
100
77
22
38
2
45
58
38
27
65
6
6
19
47
34
63
59
21
90
99
10
77
68
2
85
73
76
50
43
78
63
80
84
13
11
2
83
76
49
91
22
58
45
26
27
17
76
97
39
90
83
18
70
43
76
80
46
25
73
17
26
51
44
83
55
74
75
39
46
12
64
39
83
11
81
9
60
46
96
9
77
49
25
33
76
6
49
37
19
78
43
97
92
9
96
91
92
85
82
53
28
76
81
9
67
31
86
85
33
26
13
31
74
71
25
86
21
20
37
80
30
64
83
4
1
17
13
87
4
16
34
30
81
44
14
36
50
58
18
91
6
27
2
69
19
67
53
73
20
98
14
86
48
49
90
27
68
80
33
11
81
84
14
87
54
88
32
63
77
82
20
100
91
49
31
97
79
31
74
97
77
83
79
67
34
78
18
35
81
47
48
48
56
5
71
29
30
81
88
63
94
28
12
44
93
14
81
54
13
56
15
58
25
23
54
52
49
32
41
57
60
76
91
95
24
11
13
94
91
55
9
30
59
5
27
44
44
54
95
63
80
96
79
85
96
79
12
94
5
62
3
26
92
26
12
54
17
27
93
51
63
44
77
34
16
1
76
49
55
81
26
18
38
53
6
2
71
68
45
2
17
91
53
31
2
77
63
10
84
41
95
96
88
29
33
51
26
95
20
95
50
80
14
31
86
59
58
27
25
91
79
40
2
15
95
64
71
71
99
22
59
45
64
67
66
39
16
17
11
86
79
26
12
2
87
60
78
21
86
19
90
41
94
70
23
31
27
73
34
10
71
26
22
12
69
61
90
15
10
74
53
99
86
65
87
56
43
63
92
97
46
71
39
87
75
32
32
71
65
16
82
86
65
28
49
21
26
90
48
21
12
36
34
74
55
87
63
92
90
20
8
76
50
83
41
93
76
59
28
76
28
36
94
6
12
87
18
34
8
12
88
59
48
91
70
5
61
38
61
32
56
72
13
61
28
26
1
75
70
36
59
45
77
79
84
10
93
5
61
19
47
93
30
56
54
88
32
70
17
97
53
39
87
35
57
89
39
1
79
93
91
23
64
85
64
74
8
99
86
28
42
36
58
8
22
43
41
44
81
14
65
26
41
42
23
38
83
97
42
26
60
19
63
16
99
23
73
6
94
68
38
67
79
4
97
2
96
48
20
98
57
59
1
38
34
11
8
38
3
11
61
99
9
59
40
18
87
71
87
73
24
11
47
88
92
84
96
77
39
74
55
94
14
66
60
12
45
9
16
12
26
3
18
8
32
60
77
88
53
4
38
58
9
8
36
91
35
8
60
72
4
72
44
46
90
16
10
92
63
100
27
6
91
88
75
18
72
18
28
29
89
57
87
78
81
100
64
4
37
66
86
83
84
39
55
12
40
16
7
94
74
61
17
74
44
47
22
36
98
78
89
31
39
77
40
12
21
30
32
67
23
57
90
63
87
8
45
30
21
23
60
28
93
41
55
26
19
48
67
23
77
1
46
87
9
98
65
81
57
13
75
70
67
16
57
75
69
62
59
6
21
73
38
100
32
9
67
69
49
6
36
41
44
13
15
78
21
74
23
17
12
15
79
8
77
79
99
26
7
48
20
100
8
4
98
17
20
88
61
89
18
21
4
24
59
70
88
80
87
70
21
97
29
60
25
72
31
34
95
79
83
48
86
26
37
6
77
1
32
66
72
24
48
66
12
60
87
20
66
94
27
4
78
14
87
69
75
95
36
44
47
20
42
10
39
12
28
63
90
78
37
91
4
22
48
57
30
79
67
38
69
20
41
73
70
20
54
7
79
26
74
97
19
57
68
22
48
9
81
58
69
39
92
61
23
1
59
69
87
92
78
99
45
30
13
29
64
32
88
47
70
95
70
68
48
13
34
100
93
69
89
9
60
100
48
67
26
91
37
8
90
44
17
89
73
28
34
44
97
82
12
15
8
76
67
83
31
91
17
59
94
86
77
0 1616
1 1131
2 490
2 825
2 1207
2 1377
2 1488
3 106
4 90
4 632
4 793
4 889
4 996
4 1250
4 1459
5 62
5 956
5 1546
6 107
6 1783
7 1993
8 1611
8 1825
8 1826
9 1351
9 1806
10 264
10 287
10 961
10 1056
11 815
11 1385
11 1620
12 1055
12 1309
13 1033
14 282
15 196
15 522
16 111
16 136
16 270
16 374
16 555
16 622
16 1559
17 203
17 254
17 699
17 816
17 847
17 1545
17 1963
18 741
18 1504
19 86
19 1865
19 1913
20 455
20 1079
20 1170
20 1851
20 1898
21 405
21 1026
21 1267
21 1301
21 1311
22 553
22 1416
22 1432
23 429
24 222
24 674
24 1089
24 1171
24 1258
24 1417
25 131
25 210
25 1086
26 393
26 484
26 1243
27 812
27 1362
28 731
28 1255
29 1928
30 534
30 823
30 1342
31 40
31 313
31 330
31 939
32 1293
32 1520
32 1725
34 949
34 973
34 1238
34 1380
34 1452
34 1766
34 1799
35 47
35 162
35 1050
35 1132
36 638
36 886
36 1038
36 1234
37 713
37 1072
37 1712
38 974
38 1471
38 1663
39 284
39 872
39 1836
39 1922
40 127
40 1009
40 1309
40 1494
41 428
41 955
41 977
42 440
42 813
42 951
42 1380
42 1698
43 910
43 1762
44 518
44 846
44 997
44 1365
44 1795
45 180
45 1917
45 1979
46 1229
46 1314
46 1883
48 466
48 1270
49 365
50 1199
50 1623
51 316
51 523
51 738
51 1837
52 117
52 895
52 1382
53 92
53 1491
53 1575
53 1584
53 1853
54 299
54 664
54 774
54 1249
55 153
55 608
55 898
55 1262
55 1360
55 1384
55 1464
56 100
56 156
56 622
56 1026
57 430
59 345
59 698
59 723
59 925
59 1862
60 973
60 1112
61 763
62 982
63 107
63 890
63 1413
64 126
64 653
64 875
64 1486
64 1905
65 351
65 685
65 909
65 1729
66 1218
66 1311
66 1355
66 1776
66 1873
67 1127
67 1974
68 700
68 921
68 1091
69 407
69 1076
70 609
70 884
70 1421
71 251
71 326
71 885
71 1568
71 1781
72 530
72 707
72 1186
72 1366
72 1867
72 1981
73 1667
73 1856
74 808
74 843
74 1659
75 902
75 903
76 1423
76 1752
78 1379
78 1857
79 696
79 1255
79 1470
80 873
80 1110
80 1500
81 1101
81 1780
81 1919
81 1942
81 1996
82 255
82 629
82 664
82 999
82 1550
82 1560
83 1502
83 1614
83 1760
84 261
84 1889
85 186
85 1074
85 1307
87 284
87 581
87 1255
88 1141
88 1794
89 184
89 354
89 549
89 1185
90 835
90 1727
91 628
91 1084
91 1358
91 1480
92 797
92 1157
92 1338
92 1546
92 1713
93 838
93 925
93 1380
93 1462
93 1463
93 1615
93 1800
94 1013
94 1415
95 269
95 487
95 801
95 974
95 1377
95 1904
96 1132
96 1379
97 434
97 680
97 1678
98 699
98 996
99 233
99 260
99 554
99 750
99 1037
99 1245
100 443
100 687
100 1135
102 544
102 1746
103 1284
103 1780
104 730
104 1784
104 1986
105 655
105 1111
106 290
106 1736
106 1778
107 1773
109 335
109 754
109 1379
110 580
110 631
110 1098
110 1728
111 583
111 1322
112 136
112 849
112 1289
113 229
113 1108
113 1954
114 1079
114 1580
115 610
115 1281
116 522
116 970
116 1301
116 1399
117 1003
118 639
118 1184
118 1900
120 1328
120 1344
121 142
121 1059
122 159
122 706
122 1062
122 1912
123 245
123 428
123 563
123 801
123 1558
123 1568
124 126
124 1388
126 170
126 387
126 688
127 358
127 466
127 693
127 878
127 1703
127 1843
128 1784
128 1809
129 566
129 920
129 1684
130 301
130 636
130 1105
130 1463
131 229
131 1023
131 1114
131 1358
131 1501
132 1250
133 512
133 821
133 1793
133 1821
134 1137
134 1517
134 1709
134 1853
135 594
135 614
135 1137
135 1142
135 1153
135 1462
135 1673
136 359
136 364
136 500
136 1336
136 1623
137 554
137 800
137 1058
137 1174
138 989
139 1800
140 252
140 634
140 672
140 1170
142 1080
142 1364
143 1116
143 1184
143 1591
144 248
144 559
144 831
144 1677
144 1842
144 1909
145 1246
146 493
146 566
147 988
147 997
147 1087
147 1435
147 1668
147 1756
148 302
149 306
149 338
149 728
149 901
150 1172
150 1974
151 1034
151 1923
152 1129
152 1780
153 666
153 982
153 1724
153 1858
153 1865
154 1624
155 354
155 750
155 986
155 1044
156 922
156 1855
157 823
157 1836
158 359
158 438
158 882
158 1093
158 1233
158 1481
158 1674
159 291
159 323
159 800
159 873
159 1249
160 714
160 812
160 905
160 991
160 1419
160 1994
161 1041
162 580
162 760
162 854
162 1407
162 1983
163 287
163 687
163 1153
164 331
164 521
164 946
165 992
165 1142
165 1316
165 1869
166 638
166 726
166 820
166 1832
166 1872
167 306
167 400
167 1959
168 1154
169 512
169 1953
170 1281
172 707
172 841
172 1885
173 525
173 1481
173 1610
174 377
174 1734
174 1823
174 1875
176 910
176 1550
177 1155
178 358
178 677
178 973
178 1260
178 1910
179 1021
179 1857
180 282
180 1193
182 409
182 456
182 1157
182 1191
182 1678
185 1589
185 1874
186 628
186 1530
187 317
187 463
187 1505
187 1574
189 210
189 464
189 821
189 1782
190 305
190 1128
190 1161
190 1978
191 555
191 676
191 895
192 365
192 579
193 284
193 321
193 605
193 1332
193 1381
193 1700
193 1727
193 1773
193 1844
194 609
194 1606
195 366
195 972
195 1252
195 1798
195 1992
196 356
196 823
197 667
198 210
199 432
199 971
199 1182
199 1231
201 223
201 270
202 883
203 431
203 452
203 966
203 1010
204 569
204 913
205 914
205 1762
206 284
206 934
207 1185
207 1960
208 759
208 1096
208 1202
208 1483
209 789
209 1452
210 278
210 425
210 545
210 1163
211 1268
211 1289
211 1456
212 392
213 1428
214 655
215 351
215 1576
216 497
216 816
216 1384
216 1678
217 767
217 981
217 1348
217 1968
219 703
219 1368
220 528
220 1074
220 1257
220 1937
221 234
221 539
221 1030
221 1428
222 417
222 422
223 1578
224 477
224 707
224 902
224 1267
224 1551
226 574
226 1207
226 1495
228 302
228 419
228 851
228 1297
228 1644
228 1837
228 1868
229 308
229 1350
229 1955
229 1975
230 1396
231 618
231 623
231 633
231 1029
231 1248
231 1997
232 451
232 1331
232 1988
233 371
233 519
233 1362
233 1365
233 1777
234 1677
235 1636
236 464
236 600
236 1113
236 1262
236 1279
236 1772
237 1493
238 259
238 1225
239 311
239 577
239 953
239 982
240 413
240 1240
240 1345
240 1882
241 531
241 885
241 934
241 979
241 1088
241 1432
241 1684
241 1959
242 609
243 674
243 1052
243 1817
244 825
246 262
246 1822
247 742
248 468
248 853
248 1939
249 436
249 928
249 1330
249 1535
250 559
250 804
251 519
251 543
251 792
251 963
251 1007
252 500
252 951
252 1034
252 1279
253 426
253 456
254 439
254 447
254 1124
254 1383
254 1756
255 501
255 875
255 1004
255 1101
255 1783
256 715
256 1509
257 993
257 1677
258 295
258 1052
259 619
260 636
260 744
260 1301
261 612
262 328
262 1365
262 1496
262 1945
263 325
263 1427
264 863
264 1019
265 441
265 578
265 1612
266 688
266 1229
266 1430
267 992
267 1121
267 1152
267 1540
268 948
268 1549
269 776
269 1177
269 1821
271 300
271 1129
271 1779
272 485
272 555
272 1733
273 344
273 516
273 561
273 1558
274 581
274 1529
275 1000
276 635
276 1230
278 578
278 858
278 991
278 1391
278 1595
278 1890
279 1555
279 1831
280 342
280 624
280 817
280 1764
281 627
281 754
281 875
282 617
282 1442
283 342
283 1178
283 1417
283 1423
284 702
284 744
284 1355
285 846
285 1031
285 1526
285 1759
286 478
286 487
286 720
286 875
286 1048
287 1017
287 1215
287 1226
287 1388
288 455
288 1443
288 1500
289 1951
290 440
290 1553
291 663
291 1073
291 1469
292 909
292 1467
292 1663
292 1804
293 556
293 582
293 1075
293 1456
294 381
294 1132
294 1239
294 1381
295 404
295 409
295 752
295 1713
297 716
298 532
298 959
299 490
299 751
299 1305
299 1950
299 1966
300 654
300 1308
301 519
302 441
302 766
302 797
302 857
302 1158
302 1248
302 1855
303 1741
304 1090
304 1164
304 1463
304 1717
306 1654
306 1794
307 464
307 962
308 1590
308 1865
309 640
309 1169
309 1611
309 1956
312 1073
312 1170
313 589
313 1514
313 1517
314 773
314 1305
315 915
315 1783
316 1908
317 1255
317 1298
318 1069
318 1106
318 1181
318 1535
319 422
319 748
319 773
319 947
319 1245
319 1742
320 950
320 1065
320 1364
320 1640
321 1090
321 1453
322 466
323 798
323 958
323 1155
323 1584
324 533
324 713
324 1025
324 1450
324 1688
324 1691
325 764
325 1552
326 1020
327 343
327 1647
327 1831
328 808
328 1944
329 1134
329 1915
330 790
330 1203
330 1403
330 1848
331 472
331 1276
331 1279
332 887
332 979
332 1281
332 1496
332 1707
333 365
334 1001
334 1533
334 1536
334 1558
334 1695
334 1802
334 1949
335 1555
336 627
336 666
336 1369
337 545
338 540
338 1120
339 926
340 443
340 1250
340 1804
341 617
341 1024
342 394
342 751
342 1729
343 632
343 848
343 1573
345 1893
346 1169
346 1512
346 1749
346 1764
348 501
348 558
348 1111
349 1846
349 1879
350 651
350 904
350 1174
350 1914
351 446
351 574
351 963
351 1780
352 1028
353 449
353 877
353 1135
353 1243
353 1671
354 1251
354 1749
355 909
355 1468
355 1810
356 1024
356 1234
356 1792
357 1038
357 1086
357 1239
357 1555
357 1652
359 1936
360 1660
362 427
362 1484
363 944
363 1067
363 1253
364 465
364 901
364 1358
364 1807
365 658
365 1713
366 1067
366 1613
367 1375
367 1969
368 1153
368 1541
369 1092
369 1790
370 761
370 1452
370 1814
370 1829
371 389
371 490
371 1292
371 1376
372 749
372 1354
372 1693
373 467
373 888
373 1332
373 1639
373 1981
374 555
375 381
376 1231
376 1240
376 1442
376 1451
377 1200
377 1799
377 1897
377 1899
378 849
378 1103
378 1119
378 1590
378 1808
379 532
379 1089
379 1167
379 1382
380 976
380 1993
381 712
381 826
381 895
381 1040
381 1229
382 988
382 1414
382 1593
383 1198
383 1562
384 1573
384 1970
385 740
385 1468
385 1786
386 528
386 865
386 924
387 897
387 1325
388 471
389 712
389 1308
389 1580
390 953
390 962
390 1360
390 1483
391 601
391 933
392 632
392 727
392 1062
392 1684
393 697
393 1065
394 1142
395 915
395 1827
395 1910
396 532
396 538
396 1245
396 1508
397 512
397 1293
398 1522
398 1530
398 1623
398 1804
399 982
399 1120
399 1344
399 1684
400 484
400 1103
400 1917
401 1084
402 694
402 1679
402 1959
403 719
403 1283
403 1401
403 1408
405 574
405 1322
405 1498
405 1864
406 1596
407 728
407 1905
408 621
408 803
408 1163
408 1892
409 1504
410 424
410 787
410 807
410 912
410 1276
410 1715
411 1194
413 1074
413 1481
414 503
416 963
416 1831
417 1585
417 1929
418 633
418 1471
418 1801
420 515
420 1357
420 1372
420 1813
422 848
422 875
422 1660
422 1996
423 725
423 1205
424 1560
424 1697
425 758
425 1244
425 1790
427 565
428 878
429 686
429 1040
430 931
431 1558
432 675
433 617
434 548
434 702
434 1687
434 1753
435 1262
436 517
436 1271
437 1594
438 736
438 974
438 1627
439 1454
440 738
440 1174
440 1301
440 1548
441 919
441 931
442 1352
442 1567
443 578
443 1376
444 516
444 529
444 714
444 1517
444 1783
444 1862
445 1309
445 1392
445 1442
445 1525
448 819
448 1651
448 1750
449 776
449 970
449 1662
450 731
450 1671
451 1589
451 1751
452 1389
452 1997
453 1707
453 1827
453 1851
454 526
454 816
454 961
454 1054
454 1464
455 755
455 1089
455 1327
456 1938
457 795
457 1960
457 1969
458 1166
458 1943
459 1103
459 1856
459 1956
460 785
460 1621
460 1679
461 870
461 891
461 1645
461 1687
461 1813
463 526
463 692
463 1147
464 1638
464 1676
465 744
465 1052
465 1115
466 1717
467 1104
467 1889
468 516
468 995
468 1144
468 1957
469 1175
469 1886
470 1417
470 1783
470 1842
472 807
472 1204
472 1869
473 683
473 881
473 1451
474 559
474 845
474 1496
475 1472
476 926
477 939
477 1325
478 493
478 978
478 1224
478 1738
478 1934
479 1845
480 557
480 773
480 1738
480 1888
481 598
481 1251
482 924
482 1134
483 1947
484 1258
484 1395
484 1850
485 510
485 556
485 1248
485 1617
486 705
486 1521
486 1631
487 1909
488 719
488 1019
488 1271
489 1671
489 1685
490 1177
491 543
491 1072
492 756
492 1470
493 1366
493 1805
494 516
495 947
495 1500
495 1709
495 1750
496 929
497 834
497 1900
498 601
498 963
498 1860
499 997
499 1633
500 1732
501 565
501 779
501 1022
501 1232
502 1475
502 1970
503 524
503 1433
504 688
504 695
505 1251
505 1991
506 834
506 1538
506 1734
507 975
508 1211
509 1176
509 1791
510 1855
512 622
512 682
512 1905
514 694
514 698
515 1731
515 1965
516 1034
517 668
518 909
518 1434
518 1722
519 524
519 873
519 1256
519 1928
521 690
521 736
521 1327
522 839
523 1084
524 1478
525 1015
525 1032
525 1603
526 716
526 968
527 694
527 1654
527 1765
528 530
528 1136
530 1982
531 789
531 865
531 1492
532 717
532 1101
532 1147
532 1309
532 1515
533 648
533 1350
533 1771
533 1990
534 792
534 1358
535 1016
535 1069
535 1287
535 1411
535 1575
536 1567
537 1768
540 1835
541 595
541 658
541 1703
542 916
543 1897
545 1140
545 1379
546 707
546 1205
547 1952
548 1198
548 1288
548 1448
549 907
549 1245
551 810
552 661
553 1980
555 1844
556 830
556 1016
556 1585
556 1771
557 569
557 1125
558 1195
558 1976
559 692
559 1921
560 591
560 1820
561 1088
561 1217
561 1531
561 1865
562 709
562 856
562 1031
563 1301
563 1435
565 704
566 834
566 1154
566 1242
566 1308
566 1990
567 779
567 1134
568 954
568 959
569 614
569 696
569 1087
569 1257
569 1330
570 752
570 998
570 1781
571 647
571 829
571 1041
571 1779
572 580
572 1304
572 1522
572 1567
573 922
573 1845
573 1886
574 1270
574 1580
575 1134
575 1629
575 1790
575 1974
578 1079
578 1131
578 1741
578 1944
579 965
580 733
580 878
580 1860
581 1229
581 1425
582 956
582 1506
583 625
583 1098
583 1381
583 1476
583 1716
583 1817
584 1336
584 1362
584 1396
584 1855
584 1967
585 763
585 785
585 1309
585 1612
585 1887
586 1333
587 1234
587 1615
587 1618
588 808
588 1110
588 1735
589 1036
589 1520
590 603
590 1179
590 1559
590 1859
590 1992
591 926
591 1187
591 1375
592 1123
593 1731
593 1789
594 840
594 1446
594 1711
595 1636
596 1041
596 1533
596 1617
596 1887
597 709
597 982
597 1522
597 1865
598 1426
598 1948
599 1381
601 1217
602 756
602 1005
602 1872
603 649
603 1277
604 1033
605 1121
606 1814
607 1647
607 1714
608 1225
608 1931
609 821
609 1944
610 658
610 1331
611 1375
612 675
612 807
613 1590
614 1029
614 1062
615 1060
615 1228
615 1443
615 1575
616 895
616 1535
617 1453
617 1593
618 900
618 975
620 1086
620 1579
621 1700
622 1503
622 1942
624 1119
624 1765
624 1920
625 669
625 1087
625 1636
626 1009
626 1083
627 841
627 1088
627 1154
627 1217
627 1363
627 1629
629 1267
629 1917
629 1957
630 1394
630 1723
631 1096
631 1355
631 1725
631 1755
632 1705
633 768
633 913
633 994
634 923
634 1257
634 1318
635 953
635 1700
635 1912
636 759
636 1221
637 1222
637 1706
637 1760
637 1873
638 696
638 1009
638 1557
639 788
639 1930
640 1603
641 782
641 1732
642 1056
642 1421
643 683
643 973
643 1073
643 1695
643 1795
644 1072
644 1316
644 1636
644 1954
645 721
646 1938
647 1386
647 1463
648 1773
648 1784
649 737
649 1263
650 1934
651 1566
652 1061
653 1379
654 1088
654 1221
654 1487
655 1762
656 930
656 1795
657 964
657 1157
657 1192
657 1417
657 1530
657 1577
658 1994
660 1125
660 1650
660 1770
661 1486
661 1655
662 1236
664 1218
665 1750
666 843
666 912
666 1623
667 725
667 1484
667 1530
667 1833
668 1064
668 1251
668 1362
668 1663
668 1913
668 1935
669 1755
670 1482
671 837
671 1505
672 766
672 1092
672 1611
673 1133
673 1158
673 1698
674 711
674 1308
674 1650
674 1709
675 1278
675 1410
675 1495
676 1929
677 1125
677 1472
677 1682
677 1956
679 1375
680 986
681 1316
681 1339
681 1717
682 705
682 726
682 1885
684 983
684 1799
685 781
685 1008
685 1804
686 1514
687 1671
687 1801
688 917
688 1733
688 1886
688 1967
689 802
689 1368
690 1228
690 1754
691 1523
692 760
692 1816
693 1246
693 1646
693 1927
694 994
694 1838
695 875
695 1231
696 1400
696 1734
699 1826
699 1979
700 1150
700 1205
701 708
701 908
704 1676
705 1316
706 1185
706 1825
706 1905
707 720
708 1660
708 1677
708 1795
709 1268
709 1672
709 1716
709 1965
710 1080
711 1801
712 945
712 1087
714 996
714 1112
714 1964
717 1941
718 1012
718 1560
719 1979
720 1211
720 1457
720 1484
720 1541
720 1779
721 1155
721 1768
722 1618
722 1665
723 1377
724 770
724 835
724 1514
724 1705
725 729
725 1210
726 748
726 821
726 1499
727 828
728 1033
728 1392
728 1538
729 961
729 1350
730 916
730 1240
731 889
731 1179
731 1198
731 1714
731 1752
732 833
732 1629
732 1743
733 1068
733 1370
733 1922
734 876
734 1295
734 1437
734 1440
736 868
737 1021
738 1534
738 1835
738 1848
738 1858
739 819
739 1861
741 1059
741 1241
743 792
743 1500
744 875
744 1273
744 1403
745 1290
746 950
746 1493
747 802
748 789
748 872
748 1094
748 1153
748 1614
749 1184
751 864
752 1688
753 843
754 818
754 991
756 1516
756 1859
757 885
758 759
759 968
759 1017
759 1775
759 1995
760 825
760 1140
760 1440
760 1869
760 1943
761 1329
762 845
762 897
763 870
764 823
764 1481
764 1965
766 1196
767 1076
767 1288
767 1979
768 1716
768 1874
769 818
769 934
769 1836
772 945
772 1124
772 1132
772 1569
773 1752
774 1676
774 1857
775 962
775 1010
775 1604
776 782
776 971
776 1004
776 1230
776 1704
777 1853
778 1541
779 1704
780 837
780 870
780 992
780 1004
781 1775
781 1813
781 1946
782 904
782 1102
782 1140
783 904
783 1026
783 1692
783 1958
784 1282
784 1402
785 1228
786 1200
786 1246
787 1168
787 1916
787 1955
788 860
788 933
788 1151
788 1464
788 1571
789 931
789 1902
789 1913
790 1093
790 1549
791 1055
792 1582
792 1859
792 1940
793 1806
794 1293
794 1687
795 1054
795 1538
795 1774
796 1211
797 996
797 1762
798 1467
798 1632
798 1803
798 1980
799 1371
800 1463
800 1656
800 1954
801 1070
801 1093
802 1819
802 1859
803 1728
804 1113
804 1146
804 1857
805 1388
805 1627
806 1047
806 1144
806 1398
806 1887
807 837
807 1091
807 1893
808 1535
808 1586
808 1936
809 962
809 1106
809 1347
811 1439
811 1563
811 1753
812 1956
814 1000
815 1217
815 1369
815 1607
817 1281
817 1626
819 1297
820 920
820 1376
820 1777
822 1194
823 1078
823 1538
823 1691
823 1722
824 1310
824 1587
825 1598
827 1492
827 1505
827 1637
827 1904
827 1939
828 1702
829 1565
830 1278
830 1345
831 895
831 1303
831 1912
832 900
832 1044
832 1320
833 1349
833 1989
836 1093
837 982
837 1122
838 1650
839 1783
840 1846
841 869
841 1072
841 1145
841 1392
841 1576
841 1961
842 1597
842 1848
843 1568
843 1754
845 1468
846 1153
848 1174
848 1635
849 886
850 1485
850 1667
850 1750
852 1495
853 1421
854 875
854 1287
855 1126
855 1164
855 1941
857 1289
857 1578
859 1497
860 1196
860 1752
861 1219
861 1835
862 1596
862 1940
863 1562
864 1050
865 958
865 1340
865 1563
865 1666
866 1001
866 1975
867 1226
868 1839
869 1305
871 1823
871 1829
872 1973
873 882
873 1881
874 893
874 1659
874 1687
875 1410
875 1743
876 1171
876 1280
876 1971
877 973
878 1985
879 1541
880 1231
880 1794
881 1763
881 1888
882 1788
883 1561
884 1572
884 1814
885 1873
885 1877
886 1570
886 1964
887 1949
888 1378
888 1447
889 956
889 1052
889 1436
890 1123
890 1284
891 1093
891 1330
891 1530
891 1618
892 895
892 1078
893 902
894 980
894 1892
895 1157
895 1787
897 1829
898 1320
898 1570
899 989
899 1716
899 1833
900 954
900 1422
901 1010
901 1195
901 1393
901 1572
902 1094
902 1412
902 1643
903 1298
903 1829
905 1639
906 1030
906 1243
906 1456
907 1957
909 932
909 1353
909 1907
909 1953
909 1966
910 1106
911 1104
911 1996
912 1424
912 1506
913 1216
914 939
914 1184
914 1819
915 1259
916 1049
916 1421
916 1496
916 1528
917 1836
917 1976
918 1734
919 1236
921 1113
921 1259
921 1644
923 965
924 1471
924 1599
925 1477
925 1995
928 999
929 1118
931 1797
932 1272
932 1588
933 1585
933 1667
933 1989
936 1159
937 1531
938 1376
938 1803
939 1431
939 1508
941 1130
941 1281
941 1751
942 1179
942 1386
944 1661
945 1316
945 1596
945 1946
946 1322
946 1477
946 1888
947 1540
948 1577
949 1221
949 1474
949 1688
950 1050
950 1064
950 1442
951 1473
951 1673
951 1748
951 1876
952 1108
952 1303
952 1381
953 1089
954 1026
954 1421
955 1247
955 1672
956 1348
956 1367
956 1374
956 1744
957 1078
958 1214
958 1880
959 1139
959 1401
959 1721
960 1729
961 1979
962 1715
963 1076
963 1249
964 1610
964 1703
965 1760
968 1931
968 1962
969 1397
969 1931
970 1263
970 1428
971 1268
971 1424
973 1599
974 1150
975 1116
975 1205
975 1440
975 1592
975 1701
976 1192
976 1572
977 1525
978 1154
978 1732
978 1870
979 1785
980 1044
981 1358
982 1982
983 1457
983 1509
984 1626
985 1383
987 1288
987 1902
988 1645
989 1791
993 1219
993 1546
993 1832
994 1551
995 1379
996 1843
997 1626
997 1766
1000 1103
1000 1171
1001 1210
1003 1217
1003 1857
1004 1586
1005 1162
1005 1773
1006 1496
1007 1108
1007 1656
1008 1743
1009 1370
1009 1539
1010 1669
1011 1694
1011 1696
1012 1801
1012 1851
1014 1258
1015 1447
1016 1104
1016 1580
1017 1183
1017 1461
1017 1562
1017 1728
1020 1842
1021 1867
1022 1708
1023 1107
1023 1861
1025 1523
1025 1818
1028 1808
1029 1071
1029 1755
1030 1192
1030 1295
1030 1535
1030 1712
1031 1543
1032 1152
1032 1440
1033 1172
1034 1165
1035 1688
1035 1908
1036 1507
1037 1341
1037 1380
1037 1602
1039 1541
1041 1401
1041 1429
1041 1804
1042 1562
1042 1749
1043 1558
1043 1647
1043 1742
1044 1914
1045 1683
1046 1317
1046 1325
1047 1363
1047 1740
1048 1326
1048 1390
1048 1918
1050 1864
1051 1702
1051 1937
1052 1119
1052 1863
1053 1556
1055 1078
1055 1215
1055 1503
1056 1805
1057 1658
1057 1713
1058 1426
1059 1082
1060 1192
1061 1486
1061 1667
1061 1829
1063 1464
1066 1186
1066 1942
1067 1771
1069 1877
1070 1414
1070 1504
1070 1910
1071 1188
1072 1299
1072 1339
1072 1540
1072 1562
1072 1878
1073 1100
1073 1241
1073 1397
1074 1150
1075 1604
1075 1686
1076 1881
1077 1111
1077 1429
1077 1436
1078 1116
1078 1494
1080 1171
1081 1497
1082 1192
1082 1663
1082 1842
1083 1983
1084 1508
1084 1512
1084 1579
1084 1614
1085 1828
1085 1935
1086 1675
1088 1498
1088 1512
1089 1241
1089 1279
1090 1378
1092 1908
1093 1271
1094 1861
1096 1391
1096 1570
1097 1197
1097 1358
1097 1709
1097 1744
1098 1969
1099 1566
1099 1623
1100 1184
1100 1328
1100 1382
1101 1329
1101 1339
1101 1420
1101 1653
1101 1861
1102 1981
1103 1889
1104 1321
1104 1582
1105 1912
1108 1220
1108 1774
1110 1353
1110 1573
1110 1959
1111 1607
1112 1398
1112 1561
1113 1152
1113 1578
1114 1320
1116 1363
1117 1825
1117 1923
1121 1979
1123 1467
1123 1835
1124 1886
1125 1649
1126 1713
1126 1989
1127 1156
1127 1461
1127 1890
1128 1249
1131 1250
1131 1857
1133 1695
1133 1709
1134 1136
1134 1445
1134 1809
1135 1369
1135 1747
1135 1818
1136 1384
1136 1832
1137 1304
1137 1872
1139 1354
1139 1889
1140 1787
1141 1245
1141 1735
1141 1864
1142 1269
1142 1387
1143 1379
1143 1832
1144 1621
1145 1329
1146 1524
1147 1342
1147 1593
1147 1682
1150 1750
1151 1215
1151 1675
1152 1348
1153 1240
1153 1759
1155 1270
1155 1284
1156 1665
1156 1960
1157 1296
1157 1537
1157 1617
1158 1513
1158 1715
1160 1678
1161 1367
1161 1700
1162 1395
1162 1865
1163 1556
1163 1959
1164 1239
1164 1433
1164 1669
1165 1845
1165 1995
1166 1492
1166 1946
1167 1505
1168 1639
1168 1892
1169 1475
1169 1830
1172 1406
1174 1300
1175 1445
1175 1851
1176 1285
1176 1444
1176 1671
1176 1932
1176 1982
1177 1190
1181 1681
1182 1690
1184 1947
1185 1232
1185 1936
1187 1285
1187 1937
1189 1539
1189 1751
1190 1655
1191 1421
1191 1626
1192 1845
1195 1995
1196 1277
1196 1413
1196 1580
1196 1696
1197 1251
1197 1801
1201 1881
1204 1465
1204 1515
1205 1398
1206 1366
1207 1563
1207 1991
1208 1399
1208 1645
1209 1957
1210 1505
1212 1852
1212 1881
1212 1887
1214 1378
1214 1409
1215 1452
1216 1506
1216 1579
1217 1574
1217 1994
1218 1467
1219 1463
1220 1451
1221 1426
1221 1843
1223 1521
1223 1600
1223 1957
1224 1921
1225 1392
1225 1433
1225 1436
1225 1602
1226 1483
1226 1902
1227 1470
1227 1998
1228 1983
1230 1705
1231 1726
1233 1597
1233 1772
1234 1729
1234 1824
1235 1477
1235 1511
1236 1523
1236 1976
1237 1533
1237 1802
1237 1817
1238 1307
1239 1376
1239 1780
1240 1359
1245 1295
1245 1578
1245 1990
1246 1723
1248 1803
1251 1474
1251 1550
1252 1350
1252 1814
1255 1351
1257 1455
1257 1885
1258 1675
1261 1400
1263 1920
1264 1278
1264 1852
1264 1962
1265 1787
1268 1314
1268 1394
1268 1844
1270 1790
1271 1305
1271 1965
1272 1445
1273 1868
1274 1347
1275 1833
1279 1375
1281 1905
1283 1325
1283 1405
1285 1314
1288 1545
1289 1499
1289 1779
1290 1404
1291 1823
1291 1883
1292 1376
1292 1479
1294 1470
1295 1550
1296 1297
1296 1332
1297 1956
1299 1851
1303 1698
1303 1834
1304 1796
1306 1315
1306 1420
1306 1532
1308 1445
1308 1756
1309 1431
1312 1594
1317 1837
1319 1383
1319 1392
1319 1580
1321 1627
1322 1838
1323 1574
1324 1809
1327 1383
1329 1701
1330 1482
1330 1555
1331 1906
1332 1587
1333 1456
1333 1477
1333 1700
1333 1748
1333 1884
1336 1662
1336 1939
1338 1371
1338 1882
1338 1948
1339 1434
1340 1858
1341 1704
1342 1470
1342 1822
1343 1767
1347 1733
1349 1503
1349 1656
1350 1772
1350 1931
1351 1386
1351 1673
1352 1387
1355 1824
1355 1886
1356 1616
1357 1559
1357 1679
1359 1827
1360 1718
1361 1456
1361 1623
1361 1849
1361 1893
1362 1422
1363 1454
1363 1464
1364 1765
1368 1508
1369 1556
1371 1592
1371 1988
1373 1848
1374 1847
1374 1954
1376 1910
1377 1444
1377 1806
1378 1549
1378 1900
1380 1875
1382 1399
1385 1444
1385 1816
1385 1840
1386 1637
1386 1704
1386 1896
1387 1568
1388 1484
1388 1775
1390 1961
1391 1400
1391 1563
1391 1718
1392 1646
1392 1881
1392 1936
1393 1784
1393 1977
1394 1870
1395 1631
1396 1605
1396 1835
1397 1486
1397 1588
1397 1912
1399 1835
1403 1618
1404 1531
1404 1837
1404 1843
1404 1848
1406 1477
1406 1485
1408 1918
1410 1676
1414 1864
1415 1955
1416 1757
1419 1765
1421 1549
1421 1837
1421 1893
1423 1574
1424 1903
1424 1994
1425 1563
1425 1652
1425 1818
1425 1847
1425 1906
1426 1700
1426 1988
1427 1617
1430 1651
1430 1894
1431 1819
1431 1869
1433 1909
1435 1654
1436 1955
1437 1528
1437 1688
1437 1984
1438 1931
1439 1777
1440 1924
1441 1907
1443 1456
1444 1906
1445 1539
1446 1893
1447 1486
1447 1499
1448 1838
1449 1706
1449 1847
1450 1452
1455 1797
1456 1458
1457 1525
1459 1666
1460 1677
1462 1473
1464 1555
1468 1662
1469 1565
1469 1953
1472 1769
1472 1899
1472 1957
1473 1507
1473 1569
1475 1982
1477 1683
1478 1740
1481 1520
1482 1549
1482 1586
1482 1726
1484 1552
1486 1838
1487 1495
1487 1648
1487 1818
1490 1630
1492 1682
1493 1704
1494 1689
1495 1703
1495 1756
1497 1791
1498 1604
1501 1735
1502 1933
1504 1542
1504 1640
1504 1889
1505 1699
1505 1990
1507 1932
1508 1517
1509 1798
1510 1525
1511 1529
1516 1714
1517 1943
1519 1692
1520 1831
1521 1745
1522 1725
1523 1791
1523 1883
1526 1692
1528 1673
1533 1880
1535 1730
1535 1929
1537 1947
1538 1637
1538 1860
1539 1935
1542 1838
1543 1777
1544 1773
1545 1927
1546 1754
1547 1745
1548 1907
1550 1846
1553 1714
1553 1936
1555 1677
1556 1570
1558 1745
1559 1595
1560 1651
1560 1748
1561 1919
1561 1999
1562 1808
1562 1831
1563 1979
1564 1904
1564 1941
1564 1961
1566 1958
1567 1626
1567 1881
1569 1651
1569 1672
1570 1764
1573 1790
1574 1625
1579 1752
1580 1725
1580 1854
1585 1592
1585 1903
1588 1598
1588 1842
1591 1618
1592 1692
1593 1748
1594 1647
1595 1880
1595 1885
1596 1693
1596 1766
1599 1621
1600 1799
1602 1778
1603 1772
1605 1864
1605 1941
1605 1995
1606 1655
1606 1804
1610 1699
1615 1862
1616 1745
1617 1808
1617 1992
1618 1779
1618 1997
1620 1951
1622 1735
1622 1847
1625 1629
1625 1685
1629 1937
1629 1974
1630 1735
1631 1857
1632 1655
1632 1803
1633 1893
1634 1710
1634 1727
1634 1921
1635 1925
1636 1878
1639 1873
1640 1696
1643 1851
1644 1917
1647 1826
1652 1803
1654 1777
1654 1860
1654 1962
1656 1826
1657 1865
1660 1684
1666 1693
1671 1713
1672 1891
1673 1773
1674 1712
1675 1700
1678 1723
1683 1791
1687 1940
1691 1693
1692 1949
1693 1976
1694 1767
1695 1732
1698 1892
1700 1947
1701 1777
1701 1876
1707 1986
1713 1868
1713 1994
1716 1885
1717 1937
1719 1737
1731 1750
1732 1911
1732 1927
1732 1938
1733 1807
1735 1973
1738 1940
1741 1870
1746 1867
1746 1889
1747 1811
1747 1944
1748 1840
1750 1903
1753 1905
1753 1927
1753 1938
1754 1759
1755 1759
1758 1873
1761 1944
1762 1967
1762 1977
1764 1786
1764 1837
1766 1854
1767 1894
1768 1925
1773 1812
1780 1900
1781 1855
1781 1878
1781 1950
1783 1944
1794 1837
1794 1895
1795 1950
1796 1969
1798 1990
1800 1877
1801 1827
1808 1874
1808 1911
1811 1973
1818 1979
1823 1868
1829 1946
1833 1938
1846 1880
1854 1985
1864 1872
1864 1923
1865 1993
1870 1957
1887 1990
1888 1931
1889 1992
1895 1955
1896 1965
1900 1996
1903 1926
1904 1925
1905 1913
1911 1994
1938 1943
