2000 3005
19
27
9
33
46
24
20
87
18
38
89
85
4
49
85
46
88
91
33
40
16
20
25
61
44
82
38
100
19
98
58
50
97
48
57
68
26
31
83
42
50
56
13
40
45
6
68
91
50
26
80
47
8
46
53
95
20
17
51
5
39
68
75
23
18
90
93
68
100
96
30
99
15
61
44
28
17
81
60
68
98
67
33
44
78
13
79
95
16
43
1
74
93
41
77
3
63
72
6
59
56
71
37
19
15
98
9
77
65
65
10
78
75
14
10
35
61
69
62
23
17
28
100
88
73
11
34
60
77
91
10
99
31
61
72
24
73
79
36
84
53
24
63
7
64
35
4
65
59
43
59
43
49
53
52
58
20
76
26
32
89
35
24
31
66
85
3
68
62
25
83
15
67
4
6
96
44
82
64
76
16
2
51
66
15
31
81
5
77
73
14
46
39
80
65
53
44
71
50
29
23
71
73
15
54
22
30
73
11
79
17
12
32
60
41
94
14
6
65
65
75
62
93
70
65
98
40
68
97
65
15
11
99
13
93
23
83
97
99
51
66
36
40
64
57
18
90
91
24
57
83
63
35
43
63
17
68
23
97
42
36
7
96
93
29
22
56
59
63
28
31
58
71
46
49
93
68
80
62
41
10
94
33
9
28
15
56
31
24
24
86
2
47
14
82
96
53
15
57
76
5
3
59
21
66
17
49
5
46
95
89
66
31
56
47
21
6
42
90
53
81
38
48
68
45
25
53
2
3
98
74
23
80
73
8
89
5
98
27
69
92
31
80
89
10
40
21
60
42
75
44
11
86
17
58
79
64
75
95
15
80
44
31
18
20
72
54
57
86
52
95
50
60
66
63
46
65
27
79
30
65
100
97
61
70
13
72
97
59
59
18
3
39
9
17
26
88
63
3
19
57
17
59
2
75
77
70
96
34
62
40
89
27
53
7
4
89
3
93
26
93
5
94
99
19
18
73
52
59
37
66
59
92
18
46
88
37
29
79
52
53
45
34
64
36
43
66
14
64
31
53
89
31
38
36
14
6
71
97
55
11
72
41
19
36
96
52
84
57
21
54
18
32
45
76
9
61
8
55
46
7
51
19
4
69
15
7
62
63
83
17
87
7
36
23
34
87
12
63
76
80
97
53
44
80
17
9
85
92
87
78
75
77
78
86
21
7
79
38
32
19
4
85
30
10
22
52
9
57
4
51
65
49
34
15
11
44
43
49
52
16
65
3
64
68
4
94
12
87
34
54
8
43
82
15
69
71
58
100
39
85
33
95
4
57
62
34
28
37
15
40
33
12
46
65
7
97
89
64
72
46
60
62
61
33
75
73
39
60
83
53
20
71
30
98
70
13
77
28
85
10
20
36
83
3
14
88
61
62
64
28
95
53
3
37
67
1
83
44
100
16
39
49
11
99
93
46
71
93
19
32
14
26
85
60
61
56
42
88
63
79
5
52
100
57
10
63
9
15
16
88
54
95
69
97
11
84
90
25
60
69
78
98
20
43
75
96
1
27
89
11
81
35
64
93
40
84
81
70
22
78
76
21
55
15
13
67
89
53
80
54
85
91
30
70
37
89
89
58
35
100
86
77
8
40
67
97
43
5
99
41
73
39
71
2
43
52
19
18
90
63
49
14
74
19
33
23
41
80
46
68
4
31
18
73
38
53
6
51
83
81
40
21
14
22
53
52
79
48
14
61
18
100
14
83
13
28
15
96
93
39
47
66
20
41
37
91
75
82
82
22
76
61
28
24
46
3
84
51
92
80
95
22
91
46
24
92
8
11
69
91
5
35
27
69
45
73
62
79
38
35
90
72
23
25
40
26
97
38
99
44
67
70
98
77
80
31
64
80
22
99
36
96
26
74
79
49
56
89
3
51
32
85
38
52
40
98
85
67
45
68
82
89
29
59
39
95
36
39
6
79
23
43
2
74
1
76
24
52
4
69
51
99
54
55
59
96
20
54
60
35
19
83
33
74
19
32
91
3
62
54
68
96
55
44
85
14
98
45
89
40
2
14
9
84
19
100
55
32
17
22
33
32
10
3
24
42
17
41
38
6
39
83
47
84
19
76
54
77
24
58
65
2
79
80
16
25
16
44
16
22
99
95
14
85
18
57
24
61
81
37
43
100
39
70
67
46
41
98
44
71
91
31
49
59
19
70
72
24
7
97
100
34
71
29
6
7
22
95
95
47
88
73
14
33
86
26
33
47
58
5
96
64
71
69
61
57
22
38
33
74
28
43
71
98
34
20
46
35
19
65
48
90
86
78
13
71
81
37
85
60
26
85
9
38
98
23
30
83
58
88
63
36
63
78
93
71
47
10
37
17
69
79
51
33
76
90
76
69
82
47
31
54
27
48
83
16
10
45
56
60
14
90
65
30
32
28
97
70
4
57
86
66
62
61
31
75
79
53
49
54
84
62
30
77
100
73
57
55
6
12
43
17
87
51
54
45
3
75
6
33
44
55
2
69
59
71
55
14
37
2
1
31
45
39
4
60
6
1
54
22
65
85
80
24
39
11
99
49
73
57
77
67
25
85
92
34
68
85
67
1
6
45
60
37
5
55
50
15
77
90
90
99
45
9
72
3
88
66
91
80
89
69
12
76
99
29
42
95
63
38
22
98
53
7
84
43
78
6
65
75
19
54
57
23
22
58
3
27
35
97
19
63
40
94
41
37
2
24
62
100
35
19
32
82
94
11
36
68
69
12
26
57
44
32
21
6
84
82
39
92
89
62
24
72
44
32
81
59
58
4
80
24
25
14
14
61
28
79
63
41
42
25
49
49
22
95
88
71
59
70
61
69
34
28
42
42
81
49
86
22
22
29
87
24
87
72
13
14
6
100
25
51
41
94
95
36
30
5
58
15
12
21
34
34
15
41
81
51
15
25
28
96
48
29
47
1
45
6
32
30
84
67
42
70
23
22
6
88
80
72
90
21
2
91
28
99
69
6
80
6
42
78
92
79
42
52
69
45
58
63
12
99
59
82
43
46
54
57
86
13
11
95
64
73
21
42
51
15
26
18
19
93
43
58
31
56
63
71
46
98
5
62
77
45
94
81
34
89
81
31
62
64
16
2
16
38
89
36
63
16
65
79
35
92
1
66
96
25
66
41
52
31
18
79
34
97
32
65
3
68
77
95
72
57
18
74
4
55
58
65
70
93
53
20
26
72
14
37
42
10
35
11
52
23
87
66
48
33
4
72
59
97
45
11
20
31
28
52
85
27
16
65
24
83
26
1
24
57
18
10
31
30
49
63
42
95
69
55
79
60
5
63
44
100
71
9
6
29
83
53
18
10
73
92
5
63
46
15
57
56
68
57
62
97
65
72
57
32
35
14
17
62
61
48
63
37
37
88
97
91
17
100
9
97
16
54
36
23
60
6
94
36
85
70
60
13
63
35
88
82
65
26
97
1
32
94
96
32
2
76
87
87
31
71
21
96
49
69
1
94
64
67
1
57
72
70
14
3
23
98
68
49
92
16
20
98
60
98
59
56
59
47
2
98
81
84
13
9
72
85
39
2
95
40
94
70
18
47
20
55
73
85
61
94
19
40
100
71
70
41
81
94
7
51
71
39
82
41
32
49
53
43
35
31
39
52
12
26
49
88
22
71
56
96
37
20
2
9
75
84
64
67
43
80
58
36
75
74
32
58
59
8
56
58
36
56
99
80
67
13
59
97
94
11
46
53
100
80
26
100
5
66
54
47
20
84
28
6
51
36
50
58
73
51
67
21
64
34
77
48
26
51
37
2
12
12
99
53
81
11
22
75
42
40
46
33
13
46
31
34
56
84
80
33
74
77
11
30
94
33
90
54
53
68
13
33
31
5
62
16
52
73
50
6
83
48
91
87
58
7
86
10
94
69
2
9
16
21
55
82
86
45
76
62
89
38
54
28
61
93
5
65
36
19
75
84
57
22
18
26
33
15
5
89
89
86
44
47
63
37
20
76
40
24
88
24
91
79
75
77
90
2
18
27
73
25
11
84
3
13
39
13
37
30
63
99
67
96
76
48
54
21
36
37
45
69
30
32
11
92
72
50
14
64
61
31
6
29
32
83
89
26
8
43
89
78
75
10
59
100
74
80
99
81
27
97
3
15
87
37
38
92
23
1
34
45
29
12
86
60
76
39
9
22
96
58
50
88
10
67
38
63
41
56
37
77
27
53
80
96
67
67
85
40
66
37
93
82
81
79
4
37
41
84
41
32
32
29
27
99
12
2
21
59
67
71
88
32
23
74
5
98
32
84
29
82
84
84
95
10
21
50
24
40
86
67
86
69
75
13
93
24
65
26
45
59
11
76
97
8
55
80
92
7
4
3
66
83
20
76
94
26
28
65
87
50
5
10
51
36
3
69
20
20
20
91
24
61
43
48
80
52
12
96
97
42
74
84
74
75
76
54
94
90
51
64
32
63
3
86
30
28
94
63
48
73
32
57
86
82
28
14
29
43
43
48
49
1
27
10
55
21
4
38
12
20
77
86
20
82
95
21
70
34
87
14
24
70
100
0 517
1 415
1 1905
2 1078
2 1150
2 1210
3 413
3 1029
3 1389
3 1934
4 522
4 840
4 1067
4 1458
4 1752
5 897
5 1138
6 7
6 93
6 588
6 1477
7 201
7 977
7 1490
8 54
8 754
8 831
8 1548
9 274
9 965
9 1800
9 1810
10 596
10 1250
10 1510
11 1950
12 556
12 1570
14 35
14 645
14 983
15 18
15 169
15 1250
16 93
16 208
16 588
16 596
16 1756
16 1782
17 42
17 525
17 889
17 1538
18 862
18 1068
18 1778
19 1033
19 1681
19 1834
20 500
20 1058
20 1308
20 1666
21 90
21 222
21 742
21 801
21 948
21 1284
22 1900
24 446
25 137
25 1079
25 1575
26 324
26 1985
27 241
28 606
28 1115
28 1309
28 1454
28 1769
28 1872
29 456
29 728
29 993
29 1069
30 318
30 735
30 796
30 1468
30 1524
30 1990
31 218
31 1716
32 103
32 156
32 444
32 1334
32 1475
33 64
33 250
33 692
34 819
35 874
35 1414
36 350
36 1470
36 1708
37 104
37 154
37 180
37 383
37 1457
37 1977
38 1909
38 1919
39 478
39 1342
39 1683
39 1882
39 1891
40 404
40 662
40 1106
40 1681
41 87
41 570
41 1375
42 47
42 817
44 510
44 528
44 1280
44 1314
45 292
45 396
45 518
45 925
45 1566
45 1906
46 1652
47 175
48 50
48 1279
49 78
49 845
49 1151
49 1702
51 355
51 1092
51 1767
52 1927
53 236
53 1094
54 65
54 384
54 725
54 760
54 1106
54 1172
54 1201
54 1210
54 1380
54 1463
55 221
55 406
55 430
55 1405
55 1573
55 1755
55 1935
56 458
56 1803
56 1814
57 313
57 804
57 1305
57 1357
57 1839
60 90
60 320
60 1744
60 1837
60 1899
61 522
61 653
61 811
61 940
62 80
62 110
62 152
62 231
62 523
62 716
62 1805
62 1961
63 182
63 190
63 290
63 573
64 352
64 501
65 221
65 1100
65 1728
66 460
66 576
66 833
66 1298
66 1857
67 130
67 656
67 1501
68 553
68 561
68 1491
68 1609
70 177
70 264
70 907
70 925
70 1451
71 315
71 385
71 1266
71 1783
72 578
73 1091
73 1814
73 1964
74 1532
75 421
75 1166
75 1483
75 1712
76 773
77 178
77 728
77 1934
78 1031
79 1743
80 1825
81 1242
81 1685
81 1741
82 939
82 940
82 1128
83 833
83 1018
84 201
84 369
84 674
84 1212
84 1718
86 491
86 617
86 792
86 1038
86 1690
87 516
87 1429
87 1921
87 1985
88 715
88 1104
88 1235
88 1922
89 598
89 1891
90 196
90 1426
91 506
92 190
92 898
93 391
93 1301
93 1475
94 615
94 765
94 978
94 1493
94 1593
95 125
95 468
95 689
96 1397
97 1707
97 1718
98 395
98 1075
98 1111
98 1771
99 501
99 1465
99 1489
99 1490
99 1554
99 1826
100 615
100 851
101 465
101 877
101 1133
101 1581
101 1748
102 1171
102 1610
102 1724
103 1072
103 1362
103 1655
104 983
105 108
105 821
105 1195
106 498
106 815
106 1337
106 1528
106 1835
107 346
107 661
107 896
107 1946
108 349
108 808
108 1471
108 1790
109 282
109 1710
109 1931
110 275
110 434
110 1012
110 1082
110 1551
111 436
112 667
112 961
112 1677
112 1869
113 444
114 1212
114 1844
115 116
115 560
115 592
116 378
116 683
116 1111
116 1275
116 1614
116 1629
117 252
117 1710
118 931
118 973
119 810
119 1383
119 1670
119 1761
120 1642
120 1871
121 482
121 606
121 1548
121 1619
122 987
122 1049
122 1204
122 1330
122 1818
123 1216
123 1863
124 540
124 637
125 397
125 1133
125 1318
126 784
126 893
126 1168
126 1181
126 1536
127 473
127 1044
127 1065
127 1141
127 1176
127 1387
127 1780
127 1972
128 486
128 698
128 934
128 1026
128 1098
129 318
129 1905
130 340
130 966
130 1049
130 1473
131 174
131 965
131 1182
131 1816
132 716
132 1666
133 1424
135 1322
135 1541
136 233
136 458
136 777
136 1474
137 994
137 1058
138 463
138 1240
138 1897
139 446
139 1141
140 308
140 492
140 621
140 986
140 1476
140 1822
140 1919
141 1414
141 1689
142 244
142 1048
142 1118
142 1369
143 735
143 820
144 407
144 646
145 369
145 1362
145 1676
145 1742
145 1802
145 1867
146 1391
146 1985
147 707
147 714
148 613
148 885
149 469
149 1142
149 1445
149 1846
150 445
150 658
150 671
150 1112
150 1919
152 736
152 1263
152 1762
154 240
154 808
154 1456
154 1938
155 677
156 279
156 654
156 1803
156 1933
157 429
158 326
158 347
158 1329
159 448
159 785
159 794
159 974
159 1024
160 455
160 936
160 1338
160 1360
161 788
161 1230
162 663
162 884
162 923
162 1081
162 1637
162 1650
163 537
163 1298
164 286
164 1914
165 514
165 781
165 1951
166 1177
167 1077
167 1272
167 1663
167 1798
167 1821
168 419
168 631
168 880
168 1307
169 1398
169 1713
170 443
171 220
171 548
171 898
171 969
171 1072
172 247
172 539
172 648
172 724
172 1074
172 1230
172 1428
172 1470
173 597
173 1097
174 1906
176 907
176 1007
176 1031
176 1740
176 1766
177 188
177 1598
178 511
178 961
178 1200
179 202
179 1035
179 1828
180 923
180 1018
180 1099
180 1403
180 1458
181 518
181 747
181 1603
182 704
183 696
183 791
183 973
183 1160
183 1550
184 424
184 1467
185 333
186 985
187 1005
187 1154
187 1467
188 457
189 228
189 480
189 1293
189 1494
190 982
190 992
191 600
191 708
191 1005
191 1143
191 1202
191 1863
192 497
192 1201
192 1304
193 736
193 795
193 1765
194 814
194 825
195 623
195 784
195 1280
195 1431
196 580
196 1007
196 1054
196 1740
197 268
197 1036
197 1666
197 1695
198 230
198 1246
198 1752
198 1929
199 380
199 1613
200 1264
200 1467
201 300
201 904
201 1053
202 929
202 1794
203 289
203 876
203 925
203 1915
204 911
204 1769
205 960
205 1122
205 1456
206 649
206 784
206 1166
207 714
207 1674
208 444
208 1310
209 757
210 955
211 925
211 1262
212 314
213 282
213 1329
214 914
214 1804
214 1839
216 514
216 1006
216 1033
217 276
217 1357
218 580
218 1358
218 1388
218 1992
219 1133
219 1335
220 508
220 661
220 1427
221 451
221 1881
222 552
222 688
222 1410
222 1756
222 1906
223 1876
224 274
224 683
225 243
225 517
225 1522
225 1574
226 239
226 257
226 906
226 1051
226 1159
227 817
227 1045
227 1742
228 496
228 1440
229 413
229 1313
229 1989
230 852
230 1491
230 1994
231 398
231 865
231 1647
231 1953
232 471
232 1729
232 1883
233 991
233 1162
233 1167
234 277
234 470
234 646
234 988
234 1082
234 1696
234 1764
234 1799
234 1880
234 1939
235 1029
235 1398
236 1327
236 1393
237 373
237 1467
237 1764
238 320
238 445
238 885
238 1336
238 1836
239 391
240 1209
240 1294
240 1473
241 252
241 467
242 798
242 1823
243 768
244 725
244 818
244 823
244 1365
244 1696
245 558
245 810
245 1107
246 881
246 1400
246 1529
246 1622
247 510
247 516
247 889
247 1320
249 1230
249 1949
249 1965
250 375
251 361
251 375
251 518
251 870
251 1454
252 575
252 702
252 1048
253 463
253 943
254 1135
255 1443
255 1735
255 1954
256 1444
257 409
257 1143
258 694
258 825
259 370
259 671
259 1250
259 1834
260 431
260 618
260 1962
261 778
261 1230
261 1857
262 669
262 687
262 1604
263 331
263 965
263 1835
264 1051
264 1549
264 1776
265 988
266 810
266 1703
267 474
267 1592
268 293
268 840
268 953
269 541
269 815
269 1577
270 958
270 1587
272 1681
272 1689
274 425
274 474
274 648
274 1525
274 1530
274 1837
275 280
275 1419
275 1956
276 331
276 1683
277 1038
277 1045
277 1260
277 1630
278 561
278 1618
278 1768
278 1837
279 587
279 710
279 1343
279 1576
279 1686
280 460
280 840
280 1732
280 1855
280 1979
281 738
281 874
281 1813
282 1428
282 1495
282 1934
283 1052
283 1672
284 452
284 760
285 537
286 1679
287 1736
287 1843
287 1911
288 317
288 761
288 1878
289 603
289 1829
290 1117
290 1544
292 1053
292 1090
292 1937
293 1533
293 1613
293 1878
293 1969
294 1486
295 709
295 956
295 1409
296 417
296 525
296 1686
296 1820
296 1883
298 1074
298 1116
298 1486
299 1449
299 1949
300 1014
300 1288
300 1900
301 870
301 1080
302 349
302 694
302 1314
302 1396
302 1935
303 501
303 1646
304 1429
305 1871
306 1257
306 1623
306 1657
307 1251
307 1467
307 1951
308 503
308 1574
309 1333
309 1859
310 387
310 851
310 940
311 979
311 1207
312 1193
312 1541
313 655
313 1343
314 622
314 968
315 546
315 739
315 958
315 963
316 1259
316 1470
316 1834
316 1863
317 935
318 1311
318 1341
318 1451
318 1816
319 420
319 500
320 470
320 854
321 1185
321 1963
322 1296
322 1396
322 1743
323 328
323 1241
323 1339
323 1684
324 373
324 439
324 728
324 1121
324 1156
324 1421
325 680
326 876
326 1267
326 1431
326 1659
327 391
327 1269
327 1391
327 1818
328 532
328 691
329 573
329 619
329 847
329 1222
330 421
330 1260
331 586
332 707
332 855
332 1810
332 1971
333 629
333 1147
333 1260
334 360
334 1012
335 421
336 1530
336 1763
338 535
338 1880
339 541
339 1906
340 1153
341 1631
342 365
343 1371
343 1596
343 1997
344 411
344 413
345 1592
345 1786
346 549
347 694
348 901
348 1778
349 366
349 581
349 749
349 1349
350 1649
351 1017
352 615
352 1327
352 1634
353 1275
353 1313
354 727
354 1036
354 1175
354 1617
355 1540
356 382
356 501
357 1119
358 975
358 1205
358 1488
358 1780
359 1628
359 1995
360 1295
360 1365
360 1652
360 1709
361 1102
361 1350
361 1695
362 1785
363 428
363 511
363 806
364 634
364 1580
364 1783
366 666
366 1010
366 1477
367 1520
368 670
369 850
369 1450
369 1562
370 574
371 727
371 1569
372 670
372 797
372 1922
374 1414
375 741
375 1854
376 750
377 1375
377 1634
377 1745
378 401
378 467
378 548
378 1169
378 1856
379 817
380 626
380 651
380 1852
380 1917
381 951
381 1031
381 1272
381 1664
382 575
383 994
383 1314
384 970
384 1453
384 1882
386 1028
386 1472
388 612
388 790
389 723
389 742
389 1389
389 1623
389 1970
390 619
390 842
391 459
391 1217
391 1540
391 1902
392 1436
392 1920
394 447
394 704
394 1677
394 1836
395 641
395 1026
395 1093
396 923
396 1402
396 1809
396 1888
397 679
397 1110
399 447
399 687
399 890
399 1687
399 1762
399 1866
400 494
400 842
400 1344
400 1778
401 518
401 1779
401 1798
402 441
402 500
402 989
402 1424
402 1858
403 971
403 1513
403 1570
404 1259
406 1407
406 1661
406 1756
408 786
408 1761
409 1201
409 1242
409 1902
409 1925
410 595
410 1193
410 1260
410 1451
410 1484
410 1604
410 1767
411 1044
411 1080
413 656
413 1376
414 699
414 847
415 1129
416 617
416 784
416 1533
416 1542
417 710
417 1494
418 446
418 959
418 1568
419 1589
420 1211
420 1559
420 1858
421 539
421 1166
423 1526
423 1785
423 1874
424 767
424 879
424 890
425 796
425 1193
425 1403
427 860
427 1259
427 1826
428 915
428 1107
428 1642
429 1302
431 692
431 726
431 911
431 1630
432 1651
433 731
433 913
433 967
433 1551
433 1680
434 1247
435 469
435 827
435 1207
435 1322
435 1441
435 1770
436 1292
437 534
437 890
438 1082
438 1891
439 631
439 1193
441 957
441 1826
442 892
442 1820
443 548
444 496
444 737
444 945
444 1545
445 446
446 677
446 857
446 1269
446 1844
447 1090
447 1799
448 467
449 929
449 984
449 1652
449 1764
449 1955
450 1203
450 1410
451 932
452 1182
452 1543
453 1451
454 568
454 1231
454 1422
454 1857
455 763
455 1187
455 1941
456 1094
456 1796
457 1326
457 1520
458 1708
459 527
459 1099
459 1515
461 1875
461 1995
462 1091
463 898
463 999
463 1694
464 563
464 1469
465 714
465 1125
465 1569
466 1502
466 1922
466 1996
467 584
468 606
468 1113
468 1274
468 1562
470 950
470 1285
470 1299
470 1663
471 1399
472 878
472 1357
473 675
474 1103
474 1422
474 1592
474 1977
475 996
475 1306
475 1343
475 1695
475 1736
476 1268
477 1002
477 1872
478 547
478 752
478 961
478 1107
479 1566
480 1041
480 1288
480 1309
481 855
481 1757
481 1930
482 609
482 1553
483 1130
484 1081
484 1394
484 1898
485 1284
487 952
487 1137
487 1224
488 901
488 1689
488 1692
488 1757
489 657
489 1156
489 1942
490 643
490 906
490 1142
490 1891
491 1157
491 1733
492 501
492 842
493 701
493 1234
493 1849
494 636
494 1340
495 895
495 1011
495 1934
496 1199
496 1262
497 946
497 1479
497 1636
499 678
499 1186
499 1307
500 747
500 1188
500 1192
500 1334
500 1429
500 1679
500 1724
501 629
501 1048
501 1052
501 1809
502 690
502 852
502 1349
502 1568
503 739
503 776
503 1003
503 1276
503 1343
503 1859
503 1929
504 608
504 1843
505 1942
506 829
506 1531
507 813
507 1068
508 1546
509 567
509 1672
510 902
510 1083
510 1213
511 597
511 1279
511 1537
512 1159
512 1448
513 1324
514 1639
515 664
515 712
515 806
515 1112
515 1804
515 1819
515 1876
515 1953
518 524
518 855
519 657
519 912
519 1022
519 1128
519 1305
519 1446
520 1767
521 1615
522 1068
522 1399
523 693
523 805
523 1242
523 1930
524 1270
524 1496
524 1553
524 1738
524 1866
527 1243
527 1636
527 1688
528 634
528 1638
528 1940
529 905
529 962
530 1395
531 649
531 784
531 1149
531 1176
531 1829
532 621
532 642
532 1678
533 1053
533 1923
535 786
535 1406
535 1529
536 1871
536 1988
537 1073
537 1456
538 756
539 1821
540 1457
541 644
541 1379
541 1775
541 1960
542 632
542 992
543 831
543 1237
544 1642
545 1082
546 822
546 1635
547 1245
548 937
548 1603
548 1609
549 595
549 1208
550 1068
550 1437
550 1966
551 1119
552 930
552 1093
553 790
553 866
553 1618
554 1004
554 1453
555 561
555 949
555 974
555 1870
556 577
556 1060
556 1572
557 1226
560 801
560 1697
561 1521
561 1726
562 1199
562 1295
563 1859
563 1921
564 767
564 955
564 1341
564 1864
564 1881
567 606
567 1500
568 777
568 937
569 811
569 1317
570 1983
571 1846
571 1871
571 1908
573 634
573 878
573 1444
573 1826
574 836
574 989
576 751
576 755
576 1582
578 629
578 1567
578 1913
579 1085
580 1006
581 988
581 1181
581 1363
581 1452
581 1716
581 1733
582 1073
582 1627
582 1680
582 1834
583 933
583 952
583 1466
583 1571
584 637
584 1259
584 1844
585 879
585 1075
585 1531
586 866
586 1291
586 1412
587 1039
587 1169
587 1524
587 1555
588 624
588 1072
588 1346
589 642
589 908
589 933
589 1241
589 1851
590 1494
591 1185
592 1191
592 1416
592 1984
594 1979
595 757
595 1060
596 613
596 783
596 1451
597 1771
597 1992
598 756
598 961
598 1480
599 652
599 1562
599 1594
600 1779
601 1857
602 1099
602 1664
603 1451
603 1846
603 1957
605 618
606 779
606 1341
606 1601
608 623
608 972
608 1404
608 1869
608 1939
609 1415
610 857
610 988
610 1301
610 1441
611 1639
611 1882
612 767
612 1013
612 1167
614 1415
614 1611
615 991
615 1167
615 1612
616 1511
618 928
618 1533
619 643
619 1075
619 1298
619 1651
619 1795
620 961
620 1235
620 1661
621 1167
621 1443
621 1627
622 1105
622 1214
623 1081
623 1281
623 1446
623 1725
624 1005
624 1287
626 750
627 1171
627 1950
628 890
628 1006
628 1830
628 1881
629 770
630 679
630 969
630 1647
632 1077
632 1299
632 1523
634 1380
634 1675
634 1953
635 658
635 767
635 934
635 1716
635 1941
636 1583
636 1589
637 1359
637 1384
638 1354
640 1649
640 1705
641 822
641 868
641 1246
641 1277
641 1985
642 849
642 987
642 1735
642 1794
643 1081
643 1769
645 1212
646 1964
647 657
647 1203
648 1593
649 1625
649 1741
650 669
650 1676
650 1974
651 684
651 1699
652 1417
652 1898
653 888
653 1150
653 1600
654 779
655 1505
656 1672
657 1819
659 696
659 1340
659 1558
660 1697
661 917
662 1090
662 1164
662 1999
663 1139
663 1735
663 1777
664 1120
664 1768
664 1972
666 1301
666 1752
666 1929
667 836
667 837
667 1080
668 767
668 1056
668 1256
669 1234
669 1241
669 1580
670 814
672 686
672 851
672 967
672 1051
672 1484
673 1418
673 1971
674 1998
675 1417
676 688
677 911
677 1901
678 742
678 1660
679 818
679 1056
679 1240
679 1398
680 1187
682 1341
682 1850
684 841
684 1722
685 1652
686 885
686 1169
686 1825
687 1386
688 760
689 868
689 1912
689 1958
690 1363
690 1893
691 871
691 1549
692 1024
692 1895
694 736
694 1222
694 1814
694 1833
694 1881
695 851
695 1150
696 1562
696 1706
697 1123
697 1161
697 1551
699 1269
700 798
700 1171
701 790
701 950
701 1206
701 1539
701 1803
702 954
702 1450
702 1699
702 1929
703 888
703 898
703 940
703 1060
703 1511
703 1808
703 1966
704 718
704 737
705 1521
706 1469
707 1309
707 1530
707 1731
708 736
708 1528
708 1541
708 1706
708 1737
709 1690
711 1177
712 962
712 1805
713 864
713 1413
714 1493
715 787
715 1132
716 1122
716 1824
717 1607
718 1300
718 1726
718 1762
718 1978
719 1345
721 1103
721 1369
721 1435
722 906
722 1990
723 1617
723 1787
724 1315
724 1642
724 1724
725 1330
725 1659
725 1729
726 1128
726 1431
727 1380
727 1625
727 1763
728 1538
728 1664
730 1355
731 890
731 1940
733 1627
733 1827
734 1886
736 1285
736 1286
736 1934
737 1339
737 1587
738 776
738 799
740 1126
741 1028
742 852
743 1838
744 1834
745 858
745 1091
745 1390
748 901
748 1397
748 1894
749 893
749 1118
749 1670
749 1829
750 1930
751 1421
751 1959
752 1006
754 1026
754 1752
755 1323
755 1634
756 1167
756 1425
756 1597
757 1120
757 1342
757 1988
758 880
758 1130
758 1647
758 1978
759 1087
759 1666
760 1488
760 1569
760 1646
760 1744
760 1939
761 1287
762 842
762 1103
762 1554
762 1559
762 1812
763 1453
764 1019
765 841
765 1322
766 864
766 1150
766 1589
766 1888
767 1329
768 1132
768 1353
768 1489
769 876
769 1145
769 1241
769 1627
770 1983
771 1177
773 789
773 822
773 1607
774 1070
774 1378
776 794
776 1146
777 920
777 1185
777 1406
778 1691
778 1965
779 892
779 1265
780 1177
781 1037
782 889
782 1880
784 1494
784 1808
784 1836
785 1380
786 1133
787 1309
787 1677
788 1003
788 1370
788 1417
788 1957
789 1104
789 1245
789 1548
793 912
793 1417
793 1622
793 1640
794 1394
795 1251
795 1408
796 1581
796 1748
796 1902
799 1461
799 1910
800 1304
801 872
801 1052
801 1801
802 1042
802 1477
802 1767
803 1058
804 1555
806 1024
806 1436
806 1631
807 880
807 967
808 845
808 1063
808 1224
808 1749
808 1981
809 972
809 1291
809 1387
809 1513
809 1938
810 1109
810 1243
811 1166
811 1184
811 1432
812 1762
813 1157
814 1873
815 935
815 972
815 1504
815 1652
816 1138
817 823
818 1748
819 1275
820 1401
820 1803
821 859
821 1559
822 1190
823 1039
823 1104
823 1365
824 1419
825 833
825 1046
825 1523
826 1573
827 1461
829 1090
829 1704
830 1425
831 1327
832 1468
832 1489
833 1546
833 1871
834 1300
834 1737
836 1288
836 1730
837 1486
837 1516
837 1785
837 1860
838 1764
841 1000
841 1068
841 1125
841 1261
842 1180
843 869
843 1026
843 1147
845 1665
846 979
846 1302
846 1542
847 1774
849 1257
849 1366
849 1676
849 1769
850 992
851 1608
852 961
852 1029
853 1498
853 1782
854 1201
854 1869
856 1161
856 1910
857 1299
857 1320
858 1310
858 1673
858 1798
858 1968
859 977
859 1023
859 1263
859 1360
859 1727
860 1314
860 1744
863 1338
863 1404
863 1457
864 1367
864 1435
866 1048
866 1243
867 1850
869 1119
869 1592
871 1247
871 1410
871 1978
872 1028
872 1414
872 1864
873 1265
874 1337
876 1255
876 1822
878 1553
878 1672
879 1587
879 1810
880 950
881 1318
883 1341
883 1397
883 1654
884 1447
886 1026
886 1120
887 1234
887 1437
888 1140
889 902
889 1090
891 1262
891 1738
891 1802
891 1950
893 1455
895 1411
896 961
896 1069
896 1832
897 963
897 1162
897 1634
899 1000
899 1656
900 1094
900 1109
900 1402
900 1937
900 1956
901 939
901 1669
902 1380
902 1546
902 1961
903 1095
903 1637
903 1923
904 1478
905 1078
905 1195
905 1299
905 1448
905 1636
906 1280
906 1850
908 1449
909 1393
909 1700
911 1764
911 1776
911 1832
912 916
914 1743
915 1087
915 1592
915 1842
916 1170
916 1395
916 1801
920 1429
921 1370
923 1064
923 1127
923 1199
926 1059
926 1412
927 978
927 1465
928 1178
928 1654
929 1550
930 1085
931 1381
931 1810
931 1821
931 1992
932 957
932 1351
932 1394
932 1740
932 1832
933 1560
933 1996
934 1558
935 1603
936 1069
937 1424
937 1682
938 1355
938 1483
938 1648
941 1226
941 1574
941 1742
942 1416
943 1212
943 1989
944 1408
944 1504
946 1042
946 1596
947 1314
948 1809
949 1705
949 1708
949 1828
949 1936
951 1422
951 1757
952 1510
953 986
953 1355
953 1793
954 1229
954 1371
955 1125
956 1741
956 1764
957 1603
957 1764
958 1594
958 1696
959 1567
959 1593
959 1687
959 1713
960 1164
960 1571
961 1695
961 1763
961 1767
961 1926
962 1514
962 1816
962 1984
963 1064
963 1162
963 1248
963 1784
964 1052
964 1135
964 1722
964 1908
965 1761
965 1978
966 1087
966 1580
967 1055
967 1891
968 989
968 1990
969 1390
971 996
971 1863
972 1321
972 1408
972 1689
973 1032
973 1898
974 1237
974 1258
974 1525
974 1764
974 1952
975 1321
976 1009
976 1062
976 1354
979 1008
979 1150
979 1616
979 1764
979 1808
980 1108
980 1672
982 1470
982 1791
982 1997
983 1555
984 1232
985 1144
985 1608
986 988
987 1026
987 1453
987 1915
987 1937
988 1713
989 1707
989 1745
990 1159
990 1342
990 1534
990 1755
990 1847
991 1545
991 1785
992 1576
993 1111
993 1511
993 1882
994 1286
994 1926
995 1852
998 1097
999 1449
999 1613
1000 1681
1002 1267
1002 1349
1002 1764
1002 1880
1003 1020
1003 1114
1003 1456
1003 1458
1004 1458
1004 1949
1005 1430
1006 1169
1006 1418
1007 1187
1007 1308
1007 1556
1008 1636
1010 1597
1011 1178
1014 1081
1014 1491
1014 1746
1015 1060
1016 1507
1016 1636
1018 1860
1019 1345
1019 1537
1020 1338
1020 1503
1022 1063
1024 1075
1024 1091
1025 1570
1026 1219
1026 1279
1026 1359
1026 1692
1028 1101
1028 1623
1028 1787
1029 1796
1030 1574
1030 1616
1030 1832
1031 1083
1031 1367
1032 1505
1032 1877
1033 1613
1035 1194
1035 1525
1037 1951
1038 1286
1038 1408
1040 1191
1041 1131
1042 1362
1042 1742
1043 1690
1044 1542
1046 1839
1046 1944
1046 1992
1047 1074
1047 1731
1048 1722
1050 1547
1053 1160
1054 1092
1055 1100
1057 1876
1058 1775
1059 1902
1060 1100
1060 1936
1061 1741
1064 1872
1065 1941
1066 1367
1068 1457
1068 1907
1070 1852
1071 1600
1071 1798
1072 1140
1074 1422
1075 1628
1075 1756
1077 1592
1078 1790
1078 1853
1079 1313
1080 1954
1081 1312
1081 1693
1083 1375
1083 1481
1083 1496
1084 1333
1085 1291
1087 1356
1088 1205
1088 1956
1088 1957
1089 1602
1090 1416
1090 1473
1090 1640
1090 1916
1093 1161
1096 1347
1096 1423
1096 1446
1097 1251
1097 1341
1097 1767
1098 1286
1098 1299
1099 1352
1099 1613
1100 1348
1102 1113
1102 1777
1103 1277
1104 1460
1104 1483
1104 1695
1104 1747
1105 1687
1106 1148
1106 1805
1107 1613
1107 1670
1109 1944
1111 1227
1111 1827
1112 1596
1112 1654
1112 1957
1113 1920
1114 1466
1114 1576
1115 1376
1115 1618
1115 1934
1116 1485
1116 1629
1117 1165
1117 1514
1117 1583
1117 1805
1118 1825
1118 1889
1119 1688
1121 1237
1122 1327
1122 1356
1122 1527
1123 1250
1123 1405
1123 1720
1127 1864
1128 1148
1130 1370
1130 1895
1131 1162
1131 1347
1131 1647
1131 1930
1133 1965
1135 1315
1136 1477
1136 1491
1137 1160
1137 1545
1138 1308
1139 1934
1140 1647
1141 1191
1142 1448
1142 1911
1143 1207
1144 1368
1145 1865
1146 1273
1146 1277
1146 1357
1147 1604
1149 1660
1149 1885
1150 1342
1151 1486
1151 1526
1151 1669
1151 1703
1152 1242
1153 1284
1153 1796
1153 1842
1154 1237
1154 1368
1154 1901
1156 1536
1157 1515
1159 1314
1159 1913
1160 1172
1160 1429
1160 1740
1161 1279
1161 1302
1161 1796
1162 1908
1164 1301
1164 1332
1164 1505
1165 1548
1165 1959
1166 1194
1167 1255
1167 1614
1168 1768
1169 1321
1169 1703
1170 1305
1170 1697
1170 1722
1172 1699
1173 1783
1175 1628
1175 1973
1176 1207
1180 1491
1181 1605
1182 1300
1182 1974
1184 1363
1184 1707
1184 1761
1185 1987
1186 1817
1188 1258
1188 1417
1188 1875
1189 1467
1189 1715
1191 1371
1192 1761
1193 1412
1194 1338
1194 1875
1194 1894
1195 1344
1195 1972
1196 1261
1196 1581
1196 1839
1197 1199
1197 1331
1199 1773
1200 1955
1202 1313
1203 1377
1205 1577
1206 1722
1206 1860
1207 1376
1207 1878
1211 1436
1212 1238
1212 1466
1213 1686
1214 1322
1215 1300
1215 1319
1216 1233
1216 1584
1216 1705
1216 1735
1218 1504
1219 1316
1219 1747
1219 1998
1220 1328
1220 1412
1220 1428
1220 1849
1222 1863
1223 1287
1224 1458
1225 1710
1225 1726
1226 1826
1227 1761
1227 1796
1228 1317
1228 1554
1228 1813
1228 1886
1229 1358
1229 1549
1229 1688
1229 1802
1230 1993
1233 1256
1233 1346
1233 1520
1234 1883
1235 1654
1236 1746
1237 1270
1241 1591
1243 1322
1247 1716
1247 1874
1247 1942
1249 1654
1249 1889
1250 1525
1251 1381
1251 1382
1251 1525
1252 1956
1253 1801
1254 1467
1256 1722
1257 1710
1258 1263
1258 1394
1259 1351
1260 1382
1261 1534
1261 1562
1263 1979
1265 1368
1268 1419
1268 1785
1268 1876
1269 1356
1271 1926
1272 1434
1272 1807
1273 1723
1274 1332
1275 1391
1276 1766
1277 1852
1278 1324
1278 1428
1279 1592
1279 1939
1280 1537
1283 1463
1283 1629
1284 1809
1286 1362
1287 1442
1287 1664
1287 1691
1289 1668
1289 1711
1289 1806
1291 1874
1294 1571
1295 1737
1296 1538
1296 1543
1296 1694
1296 1724
1296 1875
1296 1961
1299 1616
1299 1744
1299 1907
1299 1950
1300 1454
1301 1666
1301 1944
1302 1720
1302 1945
1306 1728
1308 1562
1308 1595
1309 1852
1309 1929
1311 1755
1313 1426
1313 1791
1314 1781
1315 1692
1316 1333
1317 1484
1318 1697
1319 1608
1320 1689
1322 1350
1324 1696
1325 1698
1326 1882
1327 1816
1331 1740
1331 1885
1334 1533
1334 1833
1335 1403
1335 1480
1335 1849
1336 1536
1336 1724
1336 1873
1336 1943
1337 1593
1338 1626
1338 1748
1338 1814
1343 1427
1343 1878
1344 1884
1345 1500
1345 1908
1349 1704
1350 1531
1350 1810
1353 1879
1354 1657
1354 1884
1355 1880
1356 1809
1358 1742
1360 1385
1360 1650
1360 1949
1360 1965
1362 1521
1362 1731
1363 1651
1363 1922
1366 1699
1368 1799
1370 1376
1371 1735
1371 1744
1371 1985
1372 1934
1375 1708
1375 1798
1376 1834
1377 1463
1377 1497
1377 1827
1378 1799
1378 1986
1380 1832
1380 1859
1382 1490
1383 1821
1386 1965
1388 1442
1389 1418
1389 1994
1390 1392
1390 1418
1390 1861
1390 1888
1391 1861
1395 1804
1396 1817
1397 1916
1399 1542
1403 1885
1403 1970
1404 1477
1404 1489
1404 1805
1404 1960
1405 1498
1407 1888
1411 1515
1411 1592
1414 1491
1415 1533
1416 1481
1420 1797
1420 1881
1422 1905
1423 1912
1424 1491
1427 1832
1429 1461
1429 1877
1431 1484
1431 1521
1431 1947
1432 1666
1432 1933
1433 1898
1434 1785
1434 1992
1435 1493
1437 1454
1437 1456
1437 1500
1437 1674
1438 1729
1439 1865
1439 1976
1440 1802
1441 1563
1441 1903
1442 1538
1443 1755
1443 1954
1445 1488
1445 1826
1448 1532
1448 1643
1448 1740
1451 1831
1453 1507
1454 1988
1457 1676
1460 1934
1465 1681
1467 1975
1470 1803
1471 1554
1472 1512
1472 1575
1476 1480
1476 1603
1476 1980
1481 1877
1483 1526
1484 1924
1485 1622
1487 1930
1488 1841
1489 1828
1491 1512
1492 1777
1494 1519
1495 1772
1497 1509
1500 1651
1501 1606
1502 1910
1503 1677
1503 1818
1505 1629
1505 1712
1505 1780
1506 1904
1511 1524
1511 1922
1512 1592
1513 1741
1514 1527
1514 1629
1514 1810
1515 1615
1516 1960
1521 1865
1525 1619
1529 1615
1530 1551
1533 1760
1534 1699
1534 1989
1535 1973
1536 1917
1536 1948
1537 1729
1539 1650
1539 1806
1539 1941
1541 1930
1545 1621
1545 1629
1545 1736
1547 1994
1548 1671
1550 1781
1553 1596
1553 1713
1554 1988
1558 1961
1562 1848
1563 1985
1564 1844
1564 1854
1566 1912
1567 1914
1569 1577
1571 1800
1577 1760
1580 1744
1580 1816
1584 1745
1586 1667
1592 1827
1599 1993
1601 1670
1602 1978
1603 1746
1604 1690
1605 1947
1608 1936
1610 1651
1610 1936
1611 1760
1615 1827
1621 1922
1622 1718
1622 1725
1622 1960
1624 1715
1625 1767
1625 1910
1625 1986
1630 1704
1635 1939
1636 1935
1637 1939
1644 1978
1645 1911
1646 1824
1646 1870
1648 1726
1648 1847
1650 1867
1651 1877
1653 1784
1654 1860
1655 1906
1655 1941
1659 1667
1660 1917
1663 1775
1667 1928
1673 1790
1674 1900
1676 1704
1676 1897
1678 1867
1682 1800
1683 1999
1685 1688
1691 1793
1697 1847
1699 1949
1702 1976
1703 1910
1705 1799
1711 1919
1713 1796
1718 1931
1718 1954
1719 1860
1722 1866
1726 1888
1726 1978
1729 1741
1729 1914
1730 1764
1731 1885
1731 1983
1733 1777
1734 1929
1738 1758
1738 1798
1740 1837
1741 1878
1741 1966
1746 1806
1749 1891
1752 1831
1752 1927
1752 1938
1756 1952
1758 1925
1761 1789
1767 1807
1767 1817
1767 1847
1768 1866
1768 1980
1775 1838
1777 1871
1777 1890
1782 1832
1787 1792
1791 1982
1793 1997
1794 1986
1799 1951
1802 1890
1803 1896
1804 1860
1805 1828
1815 1889
1816 1840
1824 1908
1824 1937
1827 1960
1836 1880
1837 1847
1843 1879
1843 1994
1850 1886
1853 1998
1860 1956
1860 1966
1871 1899
1880 1938
1901 1952
1908 1967
1911 1956
1920 1993
1942 1996
1944 1955
1959 1962
1972 1994
