2000 2913
42
1
23
62
96
49
61
27
90
72
41
65
19
55
28
54
79
34
42
28
74
90
44
15
67
21
66
1
94
86
64
98
83
36
60
42
67
20
5
64
52
55
17
51
73
20
20
35
60
48
4
81
64
83
37
22
87
49
85
47
48
24
16
38
72
74
27
29
18
49
53
47
52
14
40
9
9
86
77
83
62
77
5
45
80
85
2
81
29
77
67
86
15
34
20
35
67
79
23
33
62
14
45
88
2
95
34
74
17
37
16
50
4
87
4
60
22
31
63
91
85
32
62
75
38
9
69
20
78
48
44
5
60
60
72
38
96
44
28
12
60
65
90
69
79
47
80
86
37
16
36
88
27
96
63
80
78
57
100
48
22
95
11
38
79
84
12
25
67
92
80
34
1
25
7
17
28
8
77
86
40
5
89
1
18
54
79
2
23
44
40
99
56
69
35
41
17
26
75
58
76
64
67
73
61
22
9
38
12
41
24
38
28
11
82
59
55
77
19
87
100
17
44
92
33
66
11
8
55
81
55
11
34
5
30
40
78
24
1
13
24
5
82
61
44
9
15
15
43
73
22
81
94
74
73
51
44
76
16
94
69
14
71
80
53
61
36
69
46
2
9
40
13
10
53
10
24
11
16
35
37
50
6
11
52
44
9
7
98
77
36
75
62
89
72
2
93
14
26
25
40
41
51
76
32
38
32
52
30
90
26
5
35
1
51
41
92
73
47
56
18
75
35
64
96
73
25
31
11
77
82
7
40
2
54
85
39
68
95
47
86
92
29
54
3
53
99
31
4
11
98
56
77
27
68
58
19
97
81
61
85
95
11
61
36
87
85
91
56
88
34
40
84
2
1
63
31
64
57
58
31
93
45
80
39
15
10
94
86
61
77
30
88
90
26
47
53
39
55
86
93
14
74
79
66
90
98
63
55
50
77
16
67
26
8
78
99
52
97
47
28
58
73
91
48
38
13
80
34
6
7
56
46
98
32
6
27
22
48
86
45
29
43
27
83
70
69
14
85
53
99
41
46
69
34
78
16
77
79
19
100
23
70
39
97
4
85
46
22
77
50
66
94
46
45
98
11
51
62
38
88
28
47
31
57
49
13
24
75
17
88
74
25
95
13
47
45
32
69
88
98
5
13
42
62
20
41
38
81
9
98
11
58
70
21
7
47
11
96
39
51
11
31
96
2
38
51
15
87
47
54
12
65
90
32
80
13
53
76
36
77
49
69
25
47
94
6
12
79
95
65
31
13
18
47
22
1
2
20
93
5
62
56
34
61
68
22
19
9
47
15
71
63
42
11
9
84
75
71
84
84
69
16
99
38
60
30
72
43
7
37
99
87
12
82
3
2
29
75
81
61
84
17
93
34
90
96
66
1
28
81
71
61
57
77
81
98
100
69
53
84
74
43
43
95
91
85
47
6
28
97
12
28
50
99
29
31
89
71
68
94
66
84
62
96
6
58
90
46
98
2
84
66
65
81
73
15
46
66
43
48
70
38
9
66
88
87
85
36
76
41
45
56
93
92
72
14
85
5
71
89
58
79
39
58
44
16
1
66
5
16
54
26
70
64
1
99
94
16
46
89
56
92
21
62
43
67
9
73
2
88
38
89
28
26
52
97
6
62
56
48
36
31
86
30
47
87
23
88
68
89
91
9
99
88
66
53
23
25
69
22
69
83
51
71
4
31
29
65
81
84
11
50
34
8
100
9
31
64
96
84
47
49
90
3
5
94
13
21
33
2
89
16
78
23
10
33
36
84
8
73
53
82
96
76
68
32
96
69
64
8
12
5
64
37
94
29
67
36
52
21
56
72
55
45
45
51
39
62
78
55
77
100
44
19
16
86
81
30
16
94
87
83
50
68
75
97
32
91
38
65
13
38
60
73
93
7
11
6
72
76
98
39
6
20
1
57
21
47
45
24
3
65
34
60
30
44
22
89
26
22
49
54
56
85
93
74
100
93
99
17
90
67
63
92
60
48
14
78
5
30
47
72
58
13
57
18
51
72
67
86
15
45
62
90
41
62
58
4
3
12
29
35
58
47
100
65
26
73
96
18
30
42
54
7
57
34
55
3
3
31
4
38
44
15
39
97
51
45
99
70
92
53
18
66
99
34
32
20
51
62
82
90
80
75
9
16
43
41
34
6
34
16
58
11
66
55
52
8
81
11
89
58
77
30
3
44
5
73
43
45
9
10
67
23
84
36
87
51
32
41
32
48
60
3
1
74
3
59
42
14
63
12
18
44
42
21
89
19
75
44
48
70
44
32
73
37
88
90
35
65
64
10
67
1
2
20
10
37
69
20
96
36
32
17
16
100
20
75
83
15
21
7
13
45
13
76
21
81
77
49
34
44
22
41
39
79
78
71
51
4
49
5
48
57
42
64
75
33
14
49
91
1
7
10
37
56
78
38
60
72
12
74
56
2
69
49
15
93
52
16
31
30
87
11
74
100
59
18
85
99
82
37
33
60
88
48
15
94
68
6
1
55
11
19
61
73
93
71
5
70
14
32
85
45
85
55
56
55
46
53
59
43
6
63
63
81
97
19
30
89
74
71
80
73
42
76
15
44
99
39
28
76
71
73
34
1
43
56
13
56
37
74
53
32
43
20
93
43
37
20
95
93
96
32
86
49
6
23
21
56
30
30
97
92
33
22
81
53
11
43
24
21
20
22
59
54
72
97
25
95
61
30
2
68
71
79
69
61
24
62
91
41
32
93
80
72
7
81
99
63
55
68
10
55
41
48
14
83
10
49
70
5
58
91
83
82
44
97
43
41
53
33
45
78
96
68
39
10
11
61
12
100
70
63
13
40
26
39
56
28
3
74
65
51
33
100
17
88
14
14
25
34
79
31
65
93
7
29
20
50
44
96
23
30
59
1
14
92
65
33
21
81
86
28
54
99
73
28
30
78
55
99
92
33
60
50
25
10
47
78
52
49
72
8
4
72
82
36
51
25
100
19
79
100
55
23
13
36
79
66
15
77
17
32
35
29
37
27
63
41
64
83
39
38
58
16
50
8
98
84
94
8
15
77
25
33
83
26
27
62
56
64
93
38
3
72
5
58
43
99
80
13
61
27
59
45
65
12
30
44
72
76
82
50
77
90
43
86
47
12
16
47
53
57
100
98
79
46
83
98
24
30
75
66
5
57
75
4
45
20
46
3
71
78
23
54
74
1
61
4
42
24
88
45
41
35
39
77
36
65
37
66
11
71
11
5
6
81
78
9
23
82
77
75
13
19
89
19
32
93
24
44
100
97
75
56
78
55
48
53
55
9
94
25
82
66
55
100
35
93
86
99
72
90
80
4
89
31
53
53
44
34
10
56
78
52
13
52
66
11
58
69
27
68
1
80
38
37
77
78
69
55
98
84
52
3
18
99
40
62
18
24
88
47
49
38
82
92
49
79
89
61
99
8
33
1
68
94
47
59
93
83
83
58
94
34
22
11
92
11
47
63
75
52
12
23
74
94
9
71
50
79
73
28
50
51
96
30
82
21
70
57
8
69
27
75
22
72
72
18
1
74
16
44
19
77
3
35
53
100
63
9
22
82
1
23
98
45
83
8
42
70
38
99
71
17
2
53
74
99
41
87
88
21
24
38
14
8
10
80
86
91
34
12
70
63
90
75
32
56
75
27
69
61
73
28
78
60
65
61
63
28
77
38
91
100
23
90
77
1
99
6
3
91
46
79
85
35
2
52
42
61
23
51
14
62
21
89
53
85
79
43
34
92
66
82
88
2
28
9
39
16
41
49
38
6
20
27
90
22
14
79
50
100
15
44
40
38
41
20
48
37
10
44
23
7
20
9
44
32
12
93
4
3
100
32
12
9
66
77
46
90
73
40
53
94
64
34
50
83
71
22
42
5
71
69
22
80
71
23
65
52
55
86
31
100
77
87
53
46
10
37
14
7
41
27
91
90
33
68
63
96
88
74
77
65
14
13
25
66
11
40
7
61
59
94
73
20
60
16
67
49
58
81
59
81
22
15
89
36
20
6
47
18
40
65
49
36
99
5
31
75
83
89
68
17
67
15
74
93
28
25
70
61
15
30
70
53
79
43
42
33
42
11
31
49
36
79
74
32
57
64
78
58
4
19
74
91
24
99
34
83
68
55
62
23
44
37
61
88
95
97
70
100
19
34
100
37
56
90
45
76
92
90
68
100
31
28
34
65
19
11
93
20
3
97
100
14
75
15
55
6
50
28
34
18
91
13
40
66
74
29
31
50
39
93
59
85
97
9
12
49
3
50
55
19
47
42
89
35
11
99
75
74
8
2
87
71
69
98
2
22
68
17
66
30
92
73
64
69
69
91
29
98
30
1
89
17
79
100
50
93
58
26
5
72
77
20
3
44
72
96
48
52
1
58
74
72
17
55
89
23
70
74
61
55
17
73
35
51
50
52
47
21
24
60
28
28
64
1
6
32
17
24
73
93
92
26
30
50
19
44
23
21
30
3
14
27
83
7
42
18
26
96
99
90
26
30
92
55
15
72
95
81
79
73
57
12
87
0 543
0 1723
1 443
1 526
1 1334
1 1571
2 671
2 881
2 1587
2 1869
3 507
3 671
3 1037
3 1628
3 1642
3 1947
4 477
4 494
4 1504
5 299
5 1299
5 1700
5 1884
6 1036
6 1195
6 1265
7 455
7 499
7 920
7 959
7 1002
9 83
9 1332
10 329
10 1008
10 1222
11 50
11 107
11 706
11 731
11 807
11 1942
12 112
12 1258
12 1621
12 1954
13 105
13 668
13 1184
13 1767
14 680
15 162
15 827
15 861
15 907
15 1296
16 299
16 866
17 603
17 1568
17 1862
18 1206
18 1404
18 1532
19 421
19 1026
20 262
21 655
21 1428
21 1584
21 1741
22 169
22 542
22 1514
23 340
23 1146
23 1524
23 1900
24 100
24 1285
24 1524
24 1719
25 589
25 776
25 1204
25 1561
26 966
26 1558
27 930
27 1961
28 1477
29 1756
30 554
30 1485
31 172
31 418
31 1156
32 325
32 799
33 672
33 1256
34 999
34 1152
34 1670
34 1807
34 1983
35 594
35 976
35 1976
36 1577
37 173
37 1166
37 1296
38 790
38 1470
39 340
40 468
40 868
40 1861
41 283
41 1781
41 1974
42 563
43 266
43 345
43 1172
43 1444
43 1997
44 520
44 718
44 1788
44 1965
45 1953
46 1098
46 1177
47 262
47 1550
48 226
48 640
48 1839
49 120
49 1308
49 1820
51 204
51 291
51 345
51 583
51 645
51 652
51 716
51 859
51 983
51 1107
52 472
52 757
53 334
53 542
53 837
54 109
54 1333
54 1372
55 643
55 945
56 118
56 1352
57 435
58 249
58 548
58 903
58 1776
59 665
59 841
60 94
60 179
60 919
60 1163
61 333
61 718
61 759
61 1191
62 927
63 160
63 248
63 890
64 1823
65 392
67 492
67 1032
68 245
68 1068
68 1250
68 1521
68 1666
69 599
70 462
70 1923
71 1408
72 107
72 725
72 932
72 960
73 423
73 511
74 1390
74 1495
74 1537
75 664
75 767
75 813
75 1453
75 1665
76 318
76 1741
76 1742
77 1695
78 232
78 832
78 1622
79 163
79 1714
80 115
81 1585
81 1734
82 93
82 187
82 226
82 466
82 1027
82 1142
82 1622
82 1771
82 1842
82 1998
83 444
83 840
83 1476
84 536
84 1283
84 1336
84 1557
84 1630
84 1675
85 241
85 251
85 1453
86 171
86 1007
86 1534
87 324
87 510
88 1153
88 1568
89 299
89 1151
89 1552
89 1836
91 174
91 221
91 578
91 1463
92 126
92 1277
92 1386
92 1665
93 629
93 805
94 941
94 1198
94 1225
94 1558
95 174
95 215
95 1071
95 1124
95 1620
96 781
96 1498
96 1696
96 1839
97 595
97 689
98 141
98 236
98 1799
99 248
99 886
99 1587
100 101
100 1014
100 1039
100 1138
100 1644
100 1680
101 350
101 735
101 1545
101 1604
101 1835
102 476
102 486
103 646
103 970
103 1098
103 1593
104 1984
105 378
105 831
105 1208
106 556
107 1488
107 1664
108 224
108 359
108 383
108 612
109 340
109 755
109 1943
110 1517
110 1627
111 247
111 565
111 1882
111 1971
112 1085
112 1436
112 1655
113 346
113 1974
114 1651
115 1023
116 1706
117 712
117 926
117 1881
118 1176
118 1747
118 1848
119 160
119 1411
120 366
120 476
120 973
121 1595
121 1607
121 1696
122 1684
123 586
123 993
123 1429
124 669
124 1016
125 1410
125 1451
126 1485
126 1738
127 406
127 631
127 1423
128 686
128 1386
129 1381
129 1870
130 523
130 1193
130 1750
130 1882
131 178
131 294
131 966
131 1896
132 499
132 574
132 1646
132 1800
133 1757
134 372
134 962
134 1167
135 670
135 1224
135 1295
136 244
136 1730
137 633
137 781
137 1454
137 1647
137 1828
138 186
138 499
139 988
139 1720
140 459
140 695
140 1074
141 680
141 1893
142 288
142 358
142 743
142 768
142 1863
143 277
143 1862
144 355
144 448
144 590
144 720
144 957
145 203
145 1748
145 1779
146 954
146 1785
147 334
147 1044
147 1318
147 1929
148 1441
148 1800
149 843
149 912
150 158
150 1017
150 1061
150 1800
150 1931
151 1933
152 915
152 1755
154 700
154 718
154 882
155 526
155 867
155 895
156 245
156 1019
157 687
158 1277
158 1382
159 367
159 970
159 1189
159 1989
160 625
160 1071
160 1380
161 230
162 444
162 1741
163 264
163 636
163 1644
163 1996
164 195
164 655
164 1599
165 1510
166 484
166 594
166 971
166 1699
167 560
167 882
167 1925
168 469
168 726
168 943
168 1268
169 268
169 1369
170 1028
170 1889
171 535
171 1094
171 1449
171 1532
171 1867
171 1931
173 904
174 408
174 833
174 1184
177 464
177 1122
179 843
180 1708
181 498
181 649
181 934
181 1172
181 1895
182 267
182 724
182 1013
182 1691
182 1818
182 1889
183 683
183 1002
183 1224
183 1474
183 1530
184 1066
185 758
185 1001
185 1257
185 1343
187 299
187 1561
188 971
189 238
189 770
189 983
189 1127
189 1349
190 969
190 1633
190 1683
190 1951
191 323
191 1461
191 1477
192 979
192 1497
193 606
193 1420
194 709
195 539
195 942
196 412
196 1246
196 1630
197 304
197 1261
198 411
198 1846
198 1959
199 1341
199 1410
200 572
200 1013
200 1578
200 1824
201 1442
202 919
202 1566
203 920
203 1159
203 1286
205 439
205 605
205 1267
206 1010
206 1904
207 564
207 1505
208 1086
208 1624
208 1635
208 1977
209 224
209 648
209 834
209 1028
209 1474
211 1408
212 802
212 992
212 1706
213 898
213 1306
213 1611
213 1883
214 1446
214 1891
215 1268
215 1290
216 225
216 671
216 1208
216 1312
216 1567
217 594
217 858
218 465
218 1113
218 1442
219 1685
220 458
221 1549
221 1998
222 1811
222 1972
223 294
223 1204
224 260
224 1230
224 1250
224 1887
225 522
225 724
226 699
226 1155
226 1402
226 1786
227 511
227 963
227 1717
228 621
228 721
228 798
228 904
228 1779
228 1888
229 1812
230 1564
232 273
232 685
232 975
232 1107
232 1748
233 415
234 449
235 327
235 982
235 1735
236 813
236 1292
237 1459
238 1599
239 498
240 651
240 1559
240 1943
241 347
241 559
242 1358
242 1395
244 416
244 474
244 1356
244 1745
244 1885
244 1909
245 1343
245 1560
245 1667
245 1923
246 446
246 831
246 1339
247 931
247 1987
248 650
248 1897
250 1368
250 1491
250 1962
251 496
251 725
251 798
251 1271
251 1346
251 1380
251 1740
251 1845
252 1277
252 1442
252 1583
253 599
253 1541
254 1004
254 1216
254 1833
255 602
255 702
256 521
256 1046
256 1057
257 366
257 1407
257 1922
258 812
258 1163
259 770
259 1525
260 964
260 1828
260 1857
261 1240
261 1492
261 1529
262 1263
262 1330
263 1161
263 1281
263 1444
263 1986
264 640
264 1468
264 1933
265 1177
266 969
266 1018
267 1398
268 1986
269 1224
269 1587
270 989
270 1679
270 1708
270 1817
271 1667
272 1325
272 1728
273 444
273 934
273 1672
274 707
274 1069
274 1197
274 1365
274 1799
275 397
275 731
275 868
275 1037
275 1334
275 1384
275 1499
275 1776
277 921
277 1100
279 1158
279 1376
279 1624
279 1934
280 672
281 1203
281 1793
281 1927
282 356
282 845
282 951
283 573
283 1751
284 1234
284 1950
285 371
285 1034
285 1998
286 1651
287 446
287 1085
287 1428
289 461
290 828
291 1111
291 1248
291 1696
291 1756
292 529
292 697
292 1218
292 1637
292 1729
293 306
293 528
293 1291
294 607
294 912
294 1866
294 1964
295 952
296 457
296 845
296 887
296 988
296 1440
297 450
297 796
297 1051
297 1192
297 1438
297 1495
297 1528
298 322
298 1756
299 400
299 1073
299 1660
300 913
300 1160
300 1226
301 392
301 916
301 1241
302 841
303 417
303 1018
303 1403
304 631
304 945
304 1839
304 1930
305 1854
306 1090
307 453
307 1003
307 1873
308 415
308 636
308 1408
308 1926
309 969
309 1173
310 341
310 1892
311 411
311 660
311 1545
311 1853
311 1995
312 718
312 835
312 1086
312 1298
312 1544
314 631
314 1129
316 547
316 1783
318 468
318 481
318 491
318 706
318 1838
319 1149
320 1468
320 1749
321 1501
322 931
322 1127
323 396
323 541
323 1985
324 415
324 1007
324 1255
324 1266
324 1294
324 1401
325 765
325 894
325 1463
325 1981
326 573
326 1297
327 439
327 1214
327 1832
328 1264
328 1341
329 688
329 1353
330 785
330 846
330 1911
331 1172
331 1528
331 1650
332 1848
333 421
333 1458
334 762
334 1332
334 1531
335 921
336 999
337 916
337 967
338 994
338 1542
339 1418
339 1890
340 1142
340 1205
340 1832
341 854
341 1451
341 1659
342 1375
342 1477
343 965
344 666
344 715
344 852
344 1244
344 1310
345 890
346 464
346 701
346 971
346 1232
347 349
347 475
347 1276
347 1897
348 1750
348 1754
349 882
349 1164
351 629
351 640
352 508
352 1048
354 557
354 874
354 1174
354 1580
354 1593
355 1341
355 1650
356 545
356 870
357 1219
357 1331
357 1505
358 1023
360 641
360 1290
361 1133
361 1191
362 366
362 761
362 1267
362 1908
363 442
363 1006
363 1350
363 1758
364 448
364 1010
364 1393
364 1629
364 1723
364 1803
364 1897
365 952
365 1575
366 489
366 1048
367 548
367 1932
368 747
368 828
368 968
368 1524
368 1626
369 741
369 1113
369 1906
371 1743
372 723
372 926
372 1428
372 1777
372 1807
373 559
373 1027
374 1592
375 669
375 1084
375 1291
376 449
376 725
377 548
377 1451
378 894
378 1057
378 1208
379 995
380 1343
380 1581
381 461
381 712
381 1808
382 654
382 1576
382 1922
383 459
383 510
383 848
383 1095
383 1763
383 1920
385 1359
387 1792
388 1085
388 1149
390 1024
390 1626
391 1045
391 1814
391 1956
392 1340
393 1048
394 727
394 835
394 1742
395 856
395 1099
395 1689
396 613
396 661
396 1482
397 1049
397 1321
398 538
399 1354
400 477
400 1030
401 1307
401 1561
402 1928
403 438
403 1164
403 1375
403 1408
405 783
405 1368
406 1194
407 1123
408 1421
409 461
409 616
409 1363
410 1075
410 1428
411 1496
412 1482
412 1793
413 738
413 943
413 1120
413 1951
414 1805
416 731
416 947
416 1363
416 1699
417 630
417 953
418 910
418 1845
418 1949
419 974
419 1279
419 1831
420 1399
420 1722
421 562
421 683
421 1050
421 1054
421 1458
422 762
422 797
422 1582
422 1584
424 566
424 1607
425 871
425 1410
425 1685
426 1949
428 841
428 937
428 1276
430 734
430 1065
431 712
431 1013
431 1201
431 1886
433 539
433 790
433 1097
434 1253
434 1718
434 1883
435 1334
435 1430
436 841
436 934
437 1186
437 1436
438 1921
439 1924
439 1938
440 1268
440 1663
441 963
441 1577
442 569
442 1828
443 1833
444 1253
446 706
446 790
446 1765
446 1856
447 1100
448 633
448 878
448 1007
448 1041
448 1201
449 471
449 1348
450 861
450 1867
452 838
452 903
452 1213
452 1322
453 745
453 1567
454 963
454 1266
454 1589
455 684
455 718
455 908
456 1292
456 1929
458 506
458 1400
458 1645
459 1047
460 494
461 1397
462 804
465 1457
465 1679
466 598
466 934
466 1007
466 1410
468 1081
469 1332
470 1255
470 1422
471 938
472 800
472 1980
473 1882
474 703
474 1108
474 1377
475 704
475 1887
476 580
476 751
476 1093
477 940
477 1282
477 1991
478 1804
479 638
479 893
479 1180
480 940
480 1069
480 1512
481 897
481 1586
482 865
482 1568
483 1621
483 1830
483 1911
484 1878
485 1222
486 565
486 949
486 1463
487 1463
488 1107
488 1306
488 1406
489 850
489 1198
489 1290
489 1670
490 744
490 1142
490 1564
490 1715
490 1879
491 533
491 566
492 909
492 1503
492 1794
493 724
493 885
494 601
494 733
495 1133
495 1491
495 1937
496 774
496 893
496 1681
497 700
497 1305
497 1552
498 679
498 927
498 1987
499 1289
500 594
500 1099
500 1557
500 1822
502 629
503 1213
504 959
504 1997
505 907
505 1250
505 1342
506 1310
506 1411
506 1791
506 1938
507 1848
508 1359
508 1363
509 640
509 903
510 805
510 992
510 1147
511 773
512 1096
513 818
516 1277
516 1562
517 1144
518 639
518 748
520 877
520 1863
522 841
523 835
523 877
523 1799
524 998
524 1159
524 1318
524 1951
525 573
525 696
525 843
526 1203
526 1836
526 1998
527 804
527 867
527 1333
527 1470
527 1558
527 1839
528 571
528 797
528 966
529 1863
530 885
531 1345
531 1444
532 716
532 1159
532 1768
532 1925
533 622
534 885
534 904
534 1601
534 1829
534 1923
535 1272
535 1468
535 1990
536 639
536 1173
536 1992
537 1392
537 1814
538 671
538 1146
538 1519
538 1582
539 1003
539 1634
539 1889
540 669
542 1160
542 1371
543 1098
544 633
544 866
544 1469
545 647
545 1642
545 1835
545 1935
546 580
546 792
547 1147
547 1399
548 1030
548 1886
549 650
550 1100
550 1575
551 565
551 1046
551 1185
553 986
553 1950
554 997
554 1547
555 890
556 1244
556 1599
560 607
560 958
561 770
561 1441
562 1310
562 1501
562 1933
563 1539
564 1963
565 810
565 986
565 1076
567 1007
567 1044
567 1627
567 1665
569 1331
570 820
570 832
570 939
570 1934
571 1047
571 1700
572 1204
572 1412
573 1132
574 624
574 1450
575 1222
575 1361
577 580
577 876
577 1350
577 1494
578 704
578 750
578 1204
578 1723
578 1785
578 1999
579 1349
580 1558
580 1638
582 1358
583 846
583 1252
583 1990
584 1342
585 692
585 828
585 1482
586 1634
587 609
588 996
588 1340
589 939
589 1229
590 1671
590 1901
591 767
591 1927
592 1387
595 1406
596 656
597 688
597 1152
598 952
598 1075
598 1091
598 1970
600 1113
601 1612
601 1839
601 1884
602 1374
602 1475
602 1582
602 1640
603 1010
603 1114
604 1224
604 1791
605 1515
606 1275
606 1339
608 1371
608 1859
609 1551
610 769
610 890
610 950
610 1218
611 944
612 1085
612 1142
613 1542
614 727
615 1050
615 1515
615 1530
616 638
616 1046
617 819
617 1989
619 1161
621 686
621 1949
622 1487
623 765
623 945
623 1611
623 1712
624 820
624 1153
624 1283
624 1345
624 1369
624 1458
624 1466
624 1969
625 682
625 788
625 1099
625 1605
626 1658
627 1690
628 1256
628 1434
629 1112
629 1139
629 1507
630 655
630 774
631 680
631 901
631 930
631 942
631 975
632 1194
632 1625
635 1522
635 1571
636 829
637 669
637 738
637 1162
638 776
639 692
639 1520
640 1746
641 992
643 1266
643 1361
643 1431
644 1064
645 717
645 1874
647 1803
648 1274
648 1828
649 723
649 987
650 1055
651 1305
653 1429
654 1060
654 1654
654 1723
655 1443
655 1633
655 1812
655 1930
656 970
657 1095
657 1240
658 909
658 1118
658 1429
659 1036
659 1210
659 1542
661 1665
661 1834
661 1859
664 772
664 1480
665 890
665 1163
666 1684
667 1845
667 1876
667 1994
668 1071
668 1572
669 982
669 992
669 1407
669 1412
670 1845
671 955
671 998
672 1114
672 1153
672 1343
672 1493
672 1898
673 687
673 794
673 1023
674 1790
675 1949
676 880
676 1220
676 1669
677 1558
678 1547
679 1039
679 1393
679 1452
679 1757
679 1857
680 689
681 1333
682 843
682 1629
683 1443
683 1938
684 842
684 1366
684 1518
684 1855
684 1939
684 1941
685 1528
685 1805
685 1919
687 1734
687 1747
688 814
689 839
689 1915
690 735
690 849
690 1001
690 1550
690 1776
690 1949
691 1252
691 1404
691 1590
691 1606
691 1764
692 1665
693 1052
694 1068
694 1079
694 1187
694 1487
694 1520
695 1247
695 1672
695 1962
695 1995
696 1797
697 1282
697 1488
698 1269
698 1907
699 961
699 1233
699 1635
699 1883
700 1153
701 1256
701 1842
702 960
703 759
703 1225
703 1786
703 1832
703 1861
703 1975
704 1410
704 1900
705 1832
705 1896
706 948
706 1010
706 1045
706 1218
707 1005
707 1123
707 1645
708 723
708 726
708 1421
709 1058
710 851
711 1953
712 1541
714 1592
714 1620
715 726
716 841
716 1099
716 1637
718 756
718 1964
719 939
719 1536
720 1057
720 1468
720 1675
720 1763
722 891
722 1426
722 1434
723 1145
723 1576
724 1489
725 781
725 1382
725 1429
725 1988
726 1730
726 1970
727 941
727 1048
728 1971
729 742
729 878
729 1956
731 1212
731 1867
732 1051
732 1484
734 735
734 1086
734 1693
734 1831
735 967
735 1864
737 1479
738 884
738 1209
738 1548
738 1815
739 1887
739 1969
740 1058
740 1250
741 1466
744 896
744 1571
745 962
745 1031
745 1390
745 1436
746 1761
747 982
747 1400
749 1263
749 1552
749 1958
750 1800
751 1024
752 1295
752 1667
753 877
753 1250
753 1361
753 1485
754 1253
754 1567
755 1220
756 1029
757 1521
758 1309
758 1626
758 1679
758 1840
759 1760
761 974
762 766
763 1167
764 871
764 1578
764 1744
764 1940
765 1007
765 1203
765 1516
767 1341
769 1307
769 1444
769 1825
770 1116
770 1982
772 1234
772 1885
773 1504
773 1604
773 1732
775 1881
776 984
777 1054
777 1755
777 1931
777 1936
778 1030
778 1362
778 1377
779 995
779 1065
779 1584
779 1613
779 1652
780 801
780 1562
781 881
781 1884
782 1672
783 1694
784 1039
784 1574
784 1669
785 1201
786 1727
786 1778
788 1017
788 1974
789 1951
790 870
790 1022
790 1634
791 825
792 982
792 1548
794 1178
794 1215
794 1400
794 1699
794 1837
795 1245
795 1330
795 1692
796 1255
796 1333
796 1967
798 874
798 1552
799 848
799 1204
799 1249
799 1256
799 1707
799 1844
800 1043
800 1937
801 1829
802 1574
804 1189
806 1225
806 1931
806 1934
807 1402
808 1084
808 1455
809 1137
809 1978
810 837
811 1070
811 1189
811 1752
813 1596
813 1708
813 1821
813 1884
813 1958
814 934
814 1405
814 1437
814 1526
815 1153
815 1217
815 1399
815 1479
815 1497
815 1681
816 1635
817 1576
817 1880
818 1085
818 1431
819 1105
819 1483
820 1531
820 1547
821 1652
821 1984
822 901
822 1638
823 1739
823 1781
824 922
824 1335
825 914
825 1307
825 1741
826 1039
826 1371
827 980
828 885
828 1248
828 1297
828 1351
828 1521
828 1816
829 1001
829 1033
829 1863
829 1928
830 1637
832 1018
834 1002
834 1523
834 1832
835 1866
836 844
836 1896
837 1785
837 1932
838 888
838 955
838 1073
838 1444
842 979
842 1401
842 1499
842 1945
843 1046
843 1383
843 1721
844 1099
844 1163
844 1548
844 1757
844 1847
845 987
846 1535
848 1806
848 1875
849 868
849 1754
850 987
850 1401
850 1496
850 1859
850 1880
851 1795
852 1207
853 1865
854 1294
855 901
855 1228
856 961
857 1018
857 1132
857 1403
857 1702
857 1728
858 1060
858 1774
862 1255
862 1273
862 1279
862 1432
862 1586
862 1743
863 1136
864 1108
864 1832
865 1868
866 1571
866 1835
867 1886
867 1956
870 1110
870 1155
870 1797
871 907
871 1861
873 1001
874 1209
874 1643
874 1977
876 1102
876 1212
876 1545
876 1575
877 1880
878 1150
878 1745
879 1239
881 904
881 1910
882 917
885 907
885 1164
885 1759
886 1092
888 969
888 1179
888 1432
888 1454
890 1633
891 1953
891 1979
892 1111
893 1983
894 1227
894 1366
894 1854
895 975
895 1174
895 1288
895 1846
895 1912
895 1950
896 1474
896 1795
898 1344
898 1517
898 1687
899 1142
899 1281
899 1571
899 1716
900 1178
900 1605
902 1324
902 1932
903 1209
903 1602
904 1272
904 1800
906 1135
906 1236
906 1730
907 1219
907 1656
909 973
909 1001
909 1290
909 1406
909 1587
910 1345
910 1698
912 1081
912 1594
912 1751
913 1499
913 1804
914 1456
914 1998
915 1099
915 1134
915 1788
916 1087
916 1151
916 1471
918 1522
918 1573
919 1258
919 1547
919 1674
922 1744
923 1109
923 1784
923 1831
924 1732
925 1347
925 1610
925 1836
925 1857
929 1441
930 1007
930 1013
930 1297
931 997
931 1197
932 1175
932 1286
933 1884
934 1279
934 1641
935 1438
935 1665
935 1877
936 1588
936 1742
937 1243
938 1045
938 1054
938 1739
939 1900
940 1551
941 1033
941 1529
941 1713
941 1892
942 1799
942 1820
943 1626
943 1646
943 1706
943 1906
943 1936
944 1810
944 1844
945 1522
946 949
946 1913
949 1236
951 1466
952 1114
952 1626
952 1794
955 1511
957 1910
959 1448
959 1972
961 1131
961 1467
961 1652
962 1962
963 1119
963 1525
963 1807
964 1475
965 976
965 1033
965 1371
965 1726
966 1389
967 1073
967 1080
967 1250
967 1362
967 1614
968 1665
969 1757
970 1011
970 1713
971 996
971 1594
972 1725
974 1132
974 1251
975 1726
977 1479
978 1301
978 1532
978 1669
979 1494
981 991
981 1307
981 1462
981 1931
982 1208
982 1653
984 1288
985 1858
988 1102
988 1258
988 1285
988 1653
988 1731
989 1621
989 1834
990 1133
990 1687
991 1407
993 1109
994 1380
994 1668
995 1045
995 1071
995 1645
997 1772
998 1365
998 1977
999 1257
999 1431
1000 1816
1000 1818
1001 1163
1001 1451
1001 1502
1001 1511
1001 1821
1002 1203
1002 1204
1003 1498
1003 1754
1005 1325
1005 1698
1005 1907
1006 1565
1007 1112
1007 1656
1008 1619
1008 1919
1009 1274
1009 1411
1009 1592
1010 1137
1011 1421
1011 1623
1012 1508
1012 1646
1013 1836
1015 1385
1015 1707
1015 1911
1016 1931
1016 1936
1018 1184
1019 1288
1019 1846
1020 1500
1020 1726
1021 1963
1022 1268
1023 1252
1025 1424
1025 1827
1026 1952
1027 1230
1027 1688
1027 1913
1028 1177
1029 1222
1030 1097
1032 1057
1032 1722
1033 1246
1033 1545
1034 1530
1034 1612
1035 1108
1035 1705
1036 1301
1036 1802
1037 1605
1038 1914
1039 1153
1039 1261
1039 1875
1041 1818
1042 1332
1043 1854
1044 1371
1045 1117
1045 1279
1045 1687
1046 1261
1046 1432
1046 1439
1046 1454
1049 1309
1049 1683
1049 1785
1050 1582
1050 1883
1050 1914
1052 1657
1052 1787
1052 1858
1053 1570
1055 1544
1056 1231
1056 1553
1058 1844
1059 1652
1060 1063
1061 1715
1062 1416
1062 1471
1062 1880
1062 1942
1063 1283
1063 1914
1063 1915
1063 1966
1065 1828
1065 1852
1066 1722
1066 1891
1067 1075
1069 1339
1069 1622
1070 1440
1070 1537
1070 1742
1070 1893
1072 1667
1072 1787
1073 1376
1074 1248
1074 1258
1074 1298
1076 1374
1077 1777
1078 1206
1078 1524
1078 1934
1080 1610
1080 1809
1081 1545
1081 1880
1081 1937
1082 1548
1083 1154
1086 1708
1086 1946
1087 1832
1088 1490
1088 1528
1088 1851
1089 1253
1089 1412
1091 1452
1093 1345
1095 1791
1096 1387
1096 1602
1097 1867
1099 1208
1099 1285
1099 1302
1100 1119
1100 1167
1101 1489
1101 1821
1101 1851
1101 1919
1102 1752
1102 1870
1103 1940
1105 1378
1105 1868
1106 1439
1107 1540
1108 1678
1108 1898
1110 1845
1114 1589
1114 1596
1115 1677
1116 1752
1118 1497
1118 1585
1121 1565
1121 1647
1121 1911
1122 1265
1123 1370
1123 1425
1123 1490
1124 1444
1126 1283
1126 1870
1127 1221
1127 1820
1128 1307
1128 1666
1131 1203
1131 1365
1131 1746
1132 1546
1133 1155
1133 1228
1133 1720
1133 1796
1133 1880
1135 1146
1135 1198
1136 1716
1137 1256
1137 1831
1139 1361
1141 1435
1141 1744
1142 1835
1142 1886
1143 1547
1145 1707
1146 1409
1146 1520
1146 1954
1147 1347
1147 1743
1148 1480
1149 1344
1149 1473
1149 1596
1150 1890
1151 1969
1152 1190
1152 1692
1152 1854
1153 1383
1154 1206
1154 1707
1154 1901
1155 1383
1155 1470
1156 1525
1156 1648
1156 1984
1157 1389
1157 1490
1157 1657
1157 1971
1160 1302
1160 1518
1160 1874
1160 1985
1161 1191
1161 1896
1164 1448
1165 1472
1166 1192
1168 1445
1168 1471
1168 1685
1168 1884
1170 1379
1171 1788
1171 1857
1171 1907
1172 1975
1175 1677
1176 1886
1177 1564
1177 1585
1177 1854
1178 1462
1180 1838
1181 1449
1181 1498
1181 1862
1182 1493
1182 1932
1183 1663
1184 1596
1185 1978
1186 1563
1187 1510
1187 1847
1189 1408
1191 1518
1191 1736
1191 1875
1192 1826
1192 1900
1193 1353
1193 1475
1195 1397
1195 1762
1196 1698
1197 1485
1201 1420
1202 1641
1202 1820
1203 1443
1204 1206
1205 1278
1205 1489
1206 1252
1207 1883
1209 1377
1209 1654
1210 1556
1212 1340
1212 1776
1213 1670
1214 1882
1215 1441
1216 1355
1220 1253
1221 1460
1221 1997
1223 1901
1224 1253
1224 1628
1224 1891
1225 1676
1225 1706
1226 1709
1227 1931
1230 1825
1231 1543
1232 1788
1233 1985
1234 1412
1235 1419
1235 1432
1236 1262
1236 1475
1236 1640
1236 1935
1237 1452
1237 1711
1237 1735
1238 1576
1239 1346
1239 1501
1240 1315
1241 1741
1242 1596
1243 1345
1243 1448
1243 1653
1243 1976
1244 1597
1244 1699
1244 1717
1244 1760
1246 1469
1246 1594
1246 1850
1247 1320
1247 1778
1248 1296
1249 1668
1250 1591
1251 1474
1251 1594
1252 1368
1252 1712
1254 1434
1254 1937
1256 1645
1256 1989
1264 1581
1265 1710
1269 1653
1269 1812
1270 1381
1270 1522
1271 1284
1271 1711
1273 1676
1273 1918
1274 1664
1274 1750
1274 1871
1275 1305
1275 1708
1278 1755
1278 1762
1279 1374
1279 1658
1280 1639
1282 1575
1283 1729
1283 1972
1284 1566
1285 1868
1285 1943
1286 1425
1287 1339
1287 1583
1288 1827
1288 1901
1289 1489
1290 1668
1290 1834
1291 1681
1292 1637
1292 1753
1293 1802
1295 1932
1296 1417
1298 1728
1299 1783
1300 1903
1300 1950
1303 1639
1307 1409
1307 1464
1308 1969
1310 1478
1310 1795
1311 1654
1311 1790
1312 1900
1313 1641
1313 1897
1314 1342
1314 1570
1314 1870
1315 1495
1316 1495
1317 1359
1318 1547
1318 1760
1318 1773
1320 1852
1321 1569
1322 1535
1322 1633
1324 1536
1324 1609
1325 1913
1327 1893
1329 1378
1329 1610
1329 1898
1330 1988
1333 1349
1333 1407
1333 1817
1334 1564
1335 1772
1336 1495
1337 1381
1338 1934
1339 1736
1340 1794
1340 1978
1342 1873
1344 1839
1345 1531
1347 1393
1347 1817
1348 1517
1348 1524
1348 1565
1350 1940
1353 1453
1355 1393
1358 1905
1359 1712
1360 1611
1360 1615
1361 1572
1361 1717
1362 1517
1362 1962
1364 1486
1364 1541
1364 1687
1364 1875
1367 1411
1368 1537
1368 1605
1369 1592
1370 1398
1373 1908
1373 1946
1373 1947
1374 1666
1375 1574
1375 1615
1375 1653
1383 1754
1383 1904
1384 1989
1386 1738
1388 1522
1389 1641
1390 1549
1391 1591
1394 1710
1398 1445
1398 1952
1401 1549
1401 1812
1402 1590
1403 1741
1404 1437
1405 1711
1405 1745
1406 1913
1407 1865
1408 1731
1408 1762
1412 1798
1412 1936
1415 1585
1417 1634
1418 1983
1420 1584
1420 1812
1423 1573
1424 1564
1425 1484
1425 1533
1425 1638
1425 1705
1427 1508
1428 1791
1428 1994
1430 1831
1432 1907
1432 1959
1433 1630
1434 1633
1435 1478
1435 1542
1437 1512
1440 1786
1443 1519
1443 1906
1445 1805
1448 1566
1448 1666
1450 1913
1451 1784
1451 1946
1452 1664
1453 1719
1454 1503
1454 1578
1454 1682
1455 1627
1456 1751
1457 1542
1458 1570
1458 1959
1459 1649
1459 1697
1460 1603
1461 1797
1462 1850
1463 1697
1467 1509
1468 1510
1468 1890
1473 1944
1474 1975
1475 1513
1476 1550
1479 1620
1480 1928
1481 1545
1481 1727
1481 1830
1481 1989
1482 1591
1483 1841
1486 1910
1489 1780
1490 1634
1491 1965
1492 1844
1492 1952
1493 1510
1494 1547
1494 1676
1495 1645
1495 1809
1496 1566
1496 1617
1496 1670
1496 1832
1497 1709
1497 1892
1498 1766
1499 1536
1501 1928
1503 1535
1503 1545
1505 1965
1506 1746
1509 1576
1509 1857
1509 1929
1511 1817
1511 1898
1512 1533
1513 1865
1515 1796
1519 1875
1521 1579
1528 1910
1529 1977
1529 1985
1531 1585
1531 1606
1532 1998
1533 1710
1533 1871
1534 1592
1534 1800
1536 1628
1538 1594
1540 1578
1544 1964
1544 1970
1545 1651
1545 1766
1546 1843
1547 1608
1548 1982
1549 1624
1550 1763
1550 1834
1551 1841
1559 1626
1560 1892
1561 1644
1562 1963
1564 1583
1566 1651
1566 1900
1568 1731
1568 1876
1569 1935
1571 1752
1571 1948
1574 1892
1576 1846
1577 1901
1580 1949
1582 1978
1583 1870
1584 1614
1585 1959
1587 1722
1587 1746
1590 1899
1591 1618
1591 1729
1592 1825
1592 1970
1593 1849
1595 1614
1596 1902
1605 1665
1605 1757
1605 1899
1607 1819
1609 1675
1610 1713
1611 1766
1611 1793
1611 1867
1619 1894
1621 1703
1623 1662
1625 1743
1626 1935
1627 1641
1627 1781
1627 1909
1628 1838
1630 1818
1636 1677
1638 1769
1638 1857
1639 1689
1640 1916
1641 1687
1643 1741
1646 1790
1647 1866
1647 1975
1651 1738
1651 1947
1660 1742
1660 1847
1660 1864
1662 1991
1666 1819
1666 1943
1668 1958
1673 1971
1675 1883
1675 1976
1676 1921
1677 1940
1680 1908
1681 1769
1687 1788
1687 1837
1688 1784
1689 1693
1691 1981
1697 1739
1697 1753
1697 1866
1703 1835
1703 1846
1704 1942
1706 1898
1709 1767
1711 1774
1715 1762
1716 1731
1720 1759
1724 1895
1725 1748
1727 1910
1729 1888
1731 1937
1732 1735
1732 1798
1733 1957
1734 1780
1734 1980
1742 1873
1743 1940
1744 1895
1745 1911
1746 1931
1750 1797
1753 1806
1762 1785
1762 1887
1764 1836
1768 1963
1771 1784
1774 1904
1776 1974
1780 1968
1782 1869
1785 1813
1786 1929
1786 1935
1795 1986
1800 1901
1810 1811
1813 1889
1813 1890
1814 1916
1816 1970
1820 1870
1820 1894
1823 1857
1825 1872
1827 1946
1831 1994
1835 1853
1837 1900
1838 1951
1846 1851
1846 1852
1850 1974
1857 1931
1857 1955
1860 1871
1864 1888
1866 1997
1868 1904
1878 1955
1885 1921
1886 1919
1891 1910
1906 1928
1911 1937
1917 1946
1917 1986
1918 1969
1921 1923
1923 1979
1928 1937
1937 1972
1945 1957
1967 1982
