2000 3021
25
97
80
60
12
64
24
98
27
84
100
91
85
67
6
84
82
40
19
88
4
53
94
76
7
40
93
93
99
28
60
56
12
82
44
44
37
50
77
1
42
99
20
89
20
97
89
36
92
49
43
24
20
48
74
53
14
12
41
30
1
91
2
80
74
63
92
22
6
18
89
95
25
87
14
9
58
51
34
56
23
48
36
44
11
17
7
93
3
26
33
83
65
55
86
29
68
86
31
34
76
48
24
95
65
86
25
91
94
89
4
69
18
73
38
25
32
16
66
77
45
8
77
5
21
78
31
81
54
85
12
63
36
46
94
24
32
20
25
91
91
51
50
39
19
15
16
37
28
36
39
77
95
21
59
30
72
1
97
94
25
75
90
28
81
39
56
51
57
46
73
37
44
58
90
29
91
78
55
95
94
13
10
4
72
7
16
93
16
89
88
46
11
83
98
11
25
36
72
61
60
84
36
96
53
66
49
21
29
34
61
36
46
27
99
34
70
73
71
33
73
71
99
67
9
12
54
24
96
27
45
36
6
49
6
7
43
82
38
80
30
5
12
71
62
3
67
73
100
36
64
52
9
33
2
24
33
64
21
99
97
41
56
21
18
47
4
47
21
81
6
56
97
10
45
32
15
61
65
23
31
7
18
78
14
6
79
55
42
88
38
46
25
82
33
80
85
77
63
8
32
53
27
49
29
6
48
63
77
63
78
43
60
66
11
100
76
66
88
4
34
37
35
67
69
13
97
83
86
33
42
24
63
68
82
9
99
79
6
58
19
40
68
19
25
55
76
57
22
85
83
42
47
99
48
45
3
47
26
5
83
84
7
92
9
80
14
60
26
50
59
26
49
10
1
73
78
29
80
56
78
75
21
77
82
77
49
79
13
27
48
79
25
30
60
54
30
37
43
43
8
90
46
59
11
24
88
56
73
58
28
82
70
77
73
24
59
24
25
4
91
23
91
18
78
64
76
72
3
72
23
19
97
42
7
70
61
64
81
3
95
38
76
7
92
71
48
24
44
56
36
8
34
28
69
53
97
39
55
33
100
53
79
8
15
29
15
45
38
80
59
20
96
45
29
40
50
90
96
55
70
52
19
27
69
79
43
11
26
95
22
42
17
25
27
66
24
37
53
58
42
96
69
79
20
31
21
99
9
17
19
30
49
98
89
93
80
78
50
89
88
43
45
57
44
70
89
46
45
48
98
12
85
10
99
56
32
38
35
22
95
43
60
22
17
87
7
79
27
50
61
94
76
15
79
99
7
24
67
23
5
3
20
53
54
73
64
29
66
72
47
76
11
55
44
31
44
8
67
31
29
80
97
41
68
57
7
20
37
82
97
55
6
72
2
81
65
70
25
83
49
41
97
11
86
83
16
21
9
62
77
18
95
34
52
63
67
6
54
45
71
81
73
46
10
22
47
96
27
35
3
95
12
87
67
69
14
60
7
34
79
61
58
25
48
8
40
6
90
48
79
12
49
45
56
21
18
14
31
65
98
17
27
75
25
26
86
50
35
86
42
75
5
47
27
6
40
28
40
61
67
22
85
28
64
46
82
93
68
88
58
5
33
95
44
83
53
84
17
64
2
49
78
13
68
2
29
73
41
87
46
68
66
49
12
14
5
71
81
64
26
65
92
13
31
19
97
14
48
18
17
38
43
45
62
33
44
70
3
31
21
53
57
3
4
44
42
36
83
60
57
9
59
70
18
97
79
44
59
50
49
66
82
60
11
34
83
27
49
30
72
91
29
65
31
5
89
98
80
91
78
78
83
39
54
83
99
21
85
45
74
70
3
17
41
64
55
31
4
99
90
21
72
8
61
55
88
77
99
31
16
7
57
56
81
60
84
55
38
42
96
98
44
38
25
62
47
79
3
8
30
6
27
1
41
45
50
49
19
81
18
11
65
65
60
68
18
57
52
74
93
88
66
14
90
83
56
75
8
12
39
4
89
30
51
31
1
73
71
31
74
81
54
45
92
29
45
42
17
35
57
4
85
96
75
91
24
80
28
4
23
1
83
79
4
43
54
91
47
6
74
85
98
9
97
52
65
52
75
39
16
47
50
79
36
41
8
83
77
53
9
74
96
56
78
84
78
95
69
15
88
94
35
30
94
16
30
39
75
1
68
11
85
91
98
7
91
55
38
100
38
47
16
2
72
33
18
45
60
78
81
67
52
73
25
76
59
12
74
46
43
41
63
17
16
76
59
73
84
15
50
6
3
68
96
41
98
42
60
50
50
19
91
38
73
95
28
19
10
3
41
38
67
24
68
95
13
48
41
46
97
73
47
57
26
85
42
53
64
25
8
94
90
27
96
71
2
67
20
35
78
9
56
16
54
44
92
32
23
41
50
80
74
83
55
29
24
91
92
97
40
2
67
85
26
70
48
53
32
90
30
20
21
89
71
1
78
77
96
81
58
20
32
52
77
55
38
67
40
17
86
84
51
74
31
67
22
13
37
59
71
30
80
78
11
72
16
98
44
24
36
21
65
60
12
25
93
91
88
80
99
37
64
76
15
26
20
17
26
3
40
9
41
89
93
38
55
27
79
64
83
71
60
100
55
25
65
67
20
64
37
100
86
45
30
63
67
91
82
40
67
16
31
48
60
5
22
39
90
93
59
90
9
58
80
74
89
59
8
74
3
5
18
97
14
13
66
90
18
60
27
73
57
70
16
14
81
18
99
4
71
11
87
10
18
44
32
31
56
49
54
8
85
61
4
78
89
75
12
99
30
36
11
51
61
89
7
55
89
53
90
85
3
41
70
45
59
73
17
19
69
18
51
37
20
41
47
71
63
60
62
90
6
37
54
85
68
27
2
32
37
21
65
49
5
23
54
56
64
90
25
39
62
39
58
86
85
53
98
79
83
24
77
77
65
96
5
14
39
71
19
21
38
47
45
70
59
53
16
73
100
13
62
29
44
53
73
33
26
22
13
61
85
39
13
6
74
72
26
13
41
42
88
57
72
44
50
88
9
72
89
33
6
35
23
61
62
9
24
27
56
66
16
67
66
48
87
4
48
60
52
80
79
15
40
24
3
78
92
81
87
12
20
100
75
77
14
34
61
98
42
53
61
68
94
22
1
14
1
48
47
66
88
73
67
22
8
45
30
99
78
17
28
72
10
76
39
79
94
55
8
42
23
28
27
31
52
40
40
70
56
6
24
43
58
46
23
62
17
54
7
61
63
79
36
68
63
84
88
7
28
6
52
79
40
21
18
86
60
42
47
48
91
16
4
13
55
8
70
33
49
99
78
56
56
53
95
2
64
55
94
47
99
65
19
34
83
74
77
21
23
55
55
30
6
27
5
63
10
30
27
5
16
91
28
27
42
58
60
26
32
76
94
97
9
46
70
54
88
51
61
10
19
90
34
54
55
36
60
80
86
23
84
38
2
96
46
12
50
85
99
71
97
22
45
9
65
16
44
73
93
39
29
37
96
7
83
79
40
45
87
48
45
68
18
42
27
27
3
37
89
48
35
54
58
71
89
53
6
29
21
21
90
81
18
74
39
76
75
80
10
64
86
70
17
78
63
97
100
65
22
18
27
42
54
86
52
17
44
12
29
75
2
40
75
4
6
33
85
94
69
83
68
1
86
32
48
15
72
36
2
26
40
59
35
66
81
28
69
41
2
58
44
32
12
42
5
6
76
90
5
83
54
28
11
36
86
51
4
52
96
84
70
18
37
36
58
91
4
8
85
43
26
16
62
90
11
44
85
5
71
26
66
2
2
3
51
36
30
85
14
24
10
79
2
92
92
64
76
16
29
57
23
22
95
21
3
65
27
72
66
63
35
24
8
85
56
54
48
11
39
57
61
32
23
98
48
12
19
66
24
64
84
2
80
63
14
15
12
65
50
6
54
98
52
30
98
32
15
58
39
57
74
19
54
92
51
17
77
7
91
64
82
13
68
32
1
11
29
83
8
9
39
73
94
36
20
52
66
4
63
81
7
99
14
67
1
7
94
45
69
37
21
67
84
4
41
97
14
46
64
87
82
79
98
91
86
19
82
50
94
65
82
5
53
57
11
41
13
83
36
68
80
94
22
1
43
89
95
35
54
62
78
72
37
48
73
8
65
13
64
69
83
25
7
9
22
24
100
42
31
50
64
34
100
73
80
77
35
17
73
88
42
99
76
87
15
97
81
49
86
51
37
73
18
37
71
50
8
83
34
50
91
15
65
44
1
44
62
85
18
18
29
53
27
6
12
86
56
8
81
21
7
7
59
89
15
73
30
63
94
60
69
56
1
94
57
52
11
98
31
85
13
2
95
56
38
99
44
6
11
23
92
65
36
42
28
62
55
63
29
18
34
91
97
36
51
38
63
15
95
31
79
24
43
5
65
94
51
33
21
68
33
42
17
38
98
48
44
7
79
95
89
3
46
54
45
55
59
89
61
67
61
72
33
97
90
51
91
2
50
2
34
53
76
49
71
65
98
98
63
43
19
26
76
64
15
63
66
43
89
97
43
78
96
37
71
22
52
83
13
91
35
100
83
11
64
86
63
80
0 251
0 517
0 1067
0 1992
1 280
1 452
1 1513
2 573
3 432
3 565
3 735
4 289
4 320
4 655
4 1415
4 1744
4 1924
5 44
5 1107
5 1145
5 1163
6 118
6 1448
6 1554
7 1301
8 762
8 813
8 837
9 407
9 497
9 1435
10 1507
10 1638
11 143
11 558
11 832
11 1460
11 1662
12 199
12 718
12 1449
13 52
13 800
13 1957
14 578
15 131
15 652
15 1342
15 1799
16 778
16 1441
17 48
17 327
17 540
17 1430
17 1441
18 195
18 1124
19 609
19 1841
19 1871
20 693
21 856
21 1932
21 1991
22 1156
22 1334
22 1642
22 1699
22 1898
22 1899
23 562
23 1726
24 594
24 891
24 893
24 1910
25 141
25 1003
25 1476
25 1497
25 1530
26 1127
26 1786
26 1805
27 224
27 1507
27 1733
28 241
29 932
30 830
30 1444
30 1503
31 749
31 1587
31 1649
31 1900
32 237
33 249
33 456
33 989
33 1569
33 1750
33 1770
35 186
35 1251
36 161
36 238
36 924
36 1198
36 1488
37 258
37 645
37 1511
38 778
38 1839
39 84
39 618
39 1702
40 1889
41 239
41 813
41 1127
41 1683
41 1938
42 285
42 926
42 1450
43 97
43 108
43 257
43 500
43 599
43 1001
43 1552
44 139
44 647
44 1521
45 143
45 445
45 1216
46 486
46 1971
47 910
47 982
48 67
48 239
48 1961
49 231
49 329
49 1445
50 64
50 429
50 654
50 1558
51 719
51 803
51 1199
51 1431
52 612
53 226
53 713
53 1198
53 1665
54 387
54 851
54 1572
55 354
55 1039
55 1114
55 1553
56 1509
56 1741
57 815
57 1553
58 59
58 1451
59 329
59 1462
59 1477
60 973
61 181
61 910
61 949
62 65
62 276
62 1621
63 660
64 287
64 431
64 1476
64 1924
65 502
65 1803
66 676
66 1040
66 1178
66 1982
67 514
68 154
68 303
68 418
68 586
68 1763
68 1847
69 256
69 519
69 522
69 1912
69 1933
70 651
70 1361
71 496
72 114
72 427
73 1780
73 1891
74 909
74 1162
74 1315
74 1363
74 1978
75 456
75 1133
75 1402
76 1313
76 1477
76 1782
77 278
77 1735
77 1803
78 595
78 1195
79 225
79 326
79 615
79 880
79 1089
79 1219
80 421
80 1217
80 1605
80 1748
81 1867
82 415
82 683
82 842
82 1025
82 1387
82 1675
83 983
83 1082
84 806
84 1046
85 357
85 478
85 1413
86 123
87 147
87 347
87 631
87 1139
88 1383
89 846
89 1461
89 1532
90 318
91 599
93 481
93 1072
93 1957
94 113
94 635
94 1190
95 1168
95 1360
95 1552
95 1815
96 450
96 483
96 803
96 1201
96 1442
97 136
97 621
97 1767
98 454
98 1036
98 1129
98 1523
98 1721
99 742
99 1139
100 992
100 1409
100 1892
101 1235
102 1052
102 1983
103 453
103 761
103 764
103 904
104 256
104 718
104 820
104 1657
105 286
105 599
105 1037
105 1824
105 1899
106 1371
107 1268
107 1781
107 1869
108 206
108 585
108 847
108 1175
108 1771
109 137
109 991
109 1657
110 465
110 1189
110 1476
111 564
111 1074
111 1737
112 1175
112 1952
112 1976
113 1810
113 1845
114 513
114 575
114 977
114 1320
114 1933
114 1970
115 1544
116 696
117 244
117 277
117 1418
117 1421
118 469
118 654
118 1413
119 234
119 622
119 1587
120 464
120 860
120 1102
120 1298
121 791
121 1100
121 1162
121 1535
122 123
122 428
122 1450
122 1498
122 1634
123 346
123 1457
123 1481
123 1880
124 1326
125 300
125 544
125 609
125 1225
126 514
126 1634
127 217
127 348
127 1277
127 1695
127 1892
128 622
128 961
128 1326
129 1593
130 1961
131 381
131 665
131 772
131 828
131 882
131 1382
133 332
134 172
134 664
134 1788
135 395
135 1536
136 838
136 849
137 620
138 348
139 543
139 1156
139 1581
140 779
141 356
141 696
141 1638
142 690
142 1344
142 1876
142 1896
142 1983
143 413
143 957
144 1032
144 1139
144 1505
145 1020
145 1029
145 1660
146 910
147 434
147 1230
147 1441
147 1903
149 610
149 1271
149 1318
149 1328
149 1907
150 151
150 1473
150 1660
150 1901
151 210
151 305
151 1033
151 1563
151 1657
151 1806
152 981
153 345
153 874
153 996
154 445
154 1148
155 1177
155 1277
155 1765
156 346
156 1413
156 1983
157 205
157 316
158 749
159 871
159 1196
159 1607
159 1762
159 1988
160 319
160 1170
160 1955
161 607
161 658
162 1007
162 1480
163 1216
163 1581
163 1886
165 594
165 1599
166 775
166 993
167 389
167 1347
168 610
168 1945
169 799
169 1653
169 1828
170 245
170 916
170 1767
171 415
172 180
172 263
172 1344
173 434
173 1637
174 191
174 341
174 944
174 1531
174 1582
174 1872
174 1941
175 243
175 415
175 600
175 611
175 1355
175 1533
176 508
176 814
176 1039
176 1577
176 1836
176 1841
177 629
177 1134
177 1334
177 1395
177 1782
177 1987
178 798
178 1892
179 468
179 1458
179 1493
179 1734
180 990
180 1456
181 277
181 589
181 1493
181 1524
181 1537
183 642
183 1405
184 326
184 517
184 668
184 680
184 726
184 766
184 1781
185 422
185 1135
185 1259
186 704
186 1382
186 1770
186 1805
186 1985
187 464
187 1098
187 1605
187 1617
188 217
188 837
189 1151
189 1334
189 1722
189 1797
190 839
190 918
190 1067
190 1515
191 777
191 1318
191 1980
192 634
192 906
192 1337
192 1514
192 1942
192 1952
193 259
193 377
193 450
193 1174
193 1642
193 1963
194 512
194 645
194 692
194 1033
195 255
195 1460
196 545
196 1026
196 1831
197 237
197 1246
197 1346
198 874
198 946
198 1809
199 678
199 1670
200 891
200 1465
201 436
201 1430
201 1573
201 1999
202 855
202 1118
202 1938
203 1402
203 1441
203 1539
204 382
204 802
204 1490
205 409
205 1730
207 377
207 588
207 732
207 1943
208 425
208 752
208 1092
208 1172
210 254
210 306
210 1495
211 774
211 884
211 1189
211 1274
211 1855
212 1204
212 1836
213 1596
214 1341
214 1780
214 1798
215 344
215 1898
216 1693
217 268
217 501
218 1921
219 683
219 1231
219 1567
220 1676
221 639
221 1244
222 1119
222 1309
222 1400
222 1990
223 868
223 940
223 1536
223 1765
224 701
224 837
224 948
224 1904
225 877
226 306
226 1192
226 1356
226 1359
226 1509
226 1547
227 368
227 1360
227 1491
228 481
228 1675
229 1382
230 286
230 520
230 1702
230 1735
231 519
231 1223
231 1827
232 449
232 632
232 815
232 1179
233 836
233 1096
233 1319
233 1857
234 441
234 830
234 1134
234 1691
234 1837
235 712
237 1156
237 1577
238 537
238 1055
238 1288
238 1831
238 1868
238 1997
239 509
239 1221
239 1310
239 1353
239 1594
240 976
240 1094
241 370
241 685
241 1275
242 609
242 773
243 840
243 1037
243 1668
244 1259
244 1386
245 304
245 601
245 705
245 1595
245 1974
246 656
246 1467
246 1988
247 304
247 1027
247 1597
248 871
248 876
248 1164
248 1866
249 1386
249 1848
250 1100
250 1693
250 1724
251 327
251 1756
252 1145
252 1664
254 1369
254 1509
256 652
256 864
256 1047
256 1762
256 1985
257 492
257 671
257 708
257 1049
257 1950
258 1067
258 1242
258 1637
259 293
259 1846
260 954
260 1068
260 1360
260 1592
260 1651
261 553
261 1002
262 274
262 935
262 1126
262 1427
262 1832
263 616
263 926
263 1516
264 373
264 536
264 1347
265 839
266 441
266 720
266 749
266 1100
266 1342
266 1532
267 1058
268 698
268 1251
268 1291
268 1447
268 1713
268 1779
268 1904
269 567
269 577
269 1349
269 1497
269 1588
270 482
270 785
270 1183
270 1301
270 1334
271 706
271 922
271 1879
272 391
272 1191
272 1756
273 817
274 611
274 1722
275 1297
275 1527
275 1899
276 981
277 358
277 592
277 1155
277 1309
278 819
278 1380
279 1052
279 1464
280 1049
280 1975
281 338
282 957
283 1156
283 1419
284 420
284 511
284 1117
284 1832
285 831
285 1528
285 1689
287 1006
287 1649
287 1877
289 1243
291 294
291 615
291 986
292 399
292 693
292 1327
292 1507
293 722
293 1651
294 368
294 1375
294 1421
294 1602
294 1892
295 371
295 1833
295 1867
295 1914
296 853
296 909
296 1192
296 1237
296 1768
296 1842
296 1923
297 1735
297 1823
298 530
298 665
298 1162
298 1349
299 441
299 693
299 775
300 1742
301 1744
301 1978
303 709
303 919
304 707
304 860
304 1921
305 392
305 939
305 1302
305 1930
306 436
306 569
307 537
307 1255
307 1300
308 353
308 489
308 732
308 1243
309 966
309 1513
310 1122
310 1941
311 712
311 1016
311 1254
311 1313
311 1934
312 1050
312 1088
312 1473
313 581
313 821
313 1219
313 1490
314 724
314 1078
314 1216
314 1598
316 397
316 772
316 889
316 1087
316 1364
317 958
317 1246
318 920
318 1228
318 1347
319 478
319 691
319 1182
319 1878
320 922
320 1019
320 1795
321 360
321 676
322 604
322 1192
322 1779
323 1058
323 1874
324 330
324 562
324 615
325 1353
325 1585
325 1593
325 1854
326 896
327 1621
328 401
328 1134
328 1279
329 358
329 1168
330 1861
331 505
331 1020
331 1178
331 1220
331 1345
332 712
332 1559
333 371
333 1232
334 909
334 1133
334 1575
335 360
335 1272
335 1700
335 1732
335 1916
336 596
336 710
336 1416
336 1884
337 390
337 541
337 1075
337 1918
338 593
339 1446
339 1974
340 769
344 941
344 1970
345 1322
346 981
346 1342
346 1738
347 375
347 1071
348 573
348 1577
349 1005
349 1072
349 1258
350 1083
350 1272
350 1517
351 1602
351 1985
352 701
352 1694
352 1960
353 976
353 1003
354 638
354 806
354 836
354 1005
355 481
355 532
355 612
355 1570
356 1343
356 1737
357 909
358 473
358 1038
358 1908
359 397
360 1117
360 1320
361 381
361 752
362 750
362 1940
364 1254
364 1414
364 1639
364 1995
365 880
365 881
365 1110
365 1601
366 839
366 1073
366 1127
366 1909
367 1271
368 1228
368 1557
369 603
369 1528
369 1624
370 964
370 1068
371 855
372 548
372 1639
372 1930
373 1086
373 1613
374 761
376 748
376 1682
377 750
377 1221
377 1499
378 485
378 1066
379 384
380 703
380 992
381 1268
381 1917
382 454
382 774
382 784
382 1557
382 1883
382 1985
383 429
383 938
384 1936
385 415
385 613
385 974
385 1546
385 1829
386 964
386 1476
386 1741
387 583
387 910
387 1469
388 580
388 1078
389 462
389 935
389 1526
390 424
390 1878
390 1883
391 1133
391 1459
392 528
392 1627
392 1707
393 1567
394 534
394 609
397 460
397 1420
398 826
398 1651
399 1272
399 1423
399 1988
400 971
400 1073
400 1391
400 1573
400 1884
401 1010
401 1197
402 443
402 716
403 1524
404 1082
404 1597
404 1771
404 1874
405 561
405 658
405 862
406 539
406 1060
406 1070
406 1273
406 1633
407 886
407 968
408 608
408 1518
408 1696
409 1456
410 1731
410 1871
411 614
411 715
411 1693
413 606
413 988
413 1851
414 1534
415 1210
415 1452
416 634
416 944
416 1968
417 1449
417 1585
417 1680
418 1169
418 1991
419 726
419 806
419 1567
420 1315
420 1726
420 1882
421 626
421 881
421 1448
422 1988
423 944
423 1033
423 1940
424 621
424 904
424 1503
425 640
425 1280
425 1975
426 516
426 1026
426 1152
426 1743
427 550
427 624
427 643
427 1588
428 563
428 705
428 827
428 882
429 463
429 1362
429 1512
430 620
430 1268
430 1832
431 691
431 1082
431 1429
432 1807
433 937
433 1810
434 948
435 893
435 901
436 1511
436 1867
437 481
437 1241
439 956
439 1301
439 1844
440 580
440 1025
441 1793
442 1015
442 1560
442 1715
443 1069
444 1275
446 1072
446 1644
447 701
448 889
449 773
449 917
449 940
449 1340
450 911
450 1130
450 1252
450 1394
451 654
452 545
452 1401
453 773
453 1212
454 1336
454 1914
455 680
455 1247
456 535
457 1430
458 499
458 1341
458 1489
458 1680
459 971
460 1895
461 832
461 1796
462 531
462 1221
462 1458
462 1735
462 1955
463 710
464 890
464 1080
464 1854
465 989
466 1904
466 1967
467 1102
467 1173
468 1797
468 1949
469 1212
469 1469
470 679
470 1631
470 1979
471 1994
472 868
472 1936
473 668
474 1145
474 1158
474 1383
474 1627
475 1549
476 1945
477 540
477 766
477 873
477 874
478 1297
478 1362
478 1776
480 496
480 506
480 1517
481 818
481 1387
481 1541
482 1192
483 800
483 1233
484 1470
484 1626
484 1832
485 547
485 1715
485 1902
486 537
486 890
486 1051
486 1304
486 1579
486 1823
486 1834
487 602
488 761
488 949
488 1207
489 799
489 1192
489 1660
489 1781
490 693
491 662
491 731
491 1402
491 1464
492 844
492 1535
492 1909
493 718
493 1813
493 1960
494 516
494 786
494 1092
494 1728
495 1098
495 1217
495 1716
496 660
496 1249
497 755
497 1633
498 585
498 697
498 1655
499 1540
499 1653
500 1038
500 1067
501 594
501 668
501 954
501 1235
502 812
502 1168
502 1646
503 1247
503 1647
503 1910
504 875
504 1956
505 1128
505 1302
505 1629
506 832
506 1189
506 1260
506 1941
507 540
507 770
507 942
508 792
508 1657
509 1089
509 1508
509 1925
510 1525
511 723
512 1902
514 1279
515 1829
516 601
516 981
516 1807
517 763
517 1118
518 882
518 1040
518 1241
518 1358
518 1558
518 1568
519 1864
521 1656
522 803
522 1831
522 1902
523 1723
525 1952
526 1416
527 610
527 873
527 1941
529 748
529 1288
529 1516
529 1576
530 1134
532 566
533 936
533 968
534 1368
534 1492
534 1947
535 1958
536 1406
537 776
537 816
538 1513
538 1708
539 721
539 1128
540 959
540 1456
541 760
542 1808
543 624
543 1805
544 1122
544 1164
544 1218
544 1870
545 1087
545 1595
546 1526
546 1833
547 808
547 1112
547 1548
547 1635
548 1219
549 1447
551 1538
552 732
553 1489
553 1497
554 592
554 908
556 672
556 1448
556 1787
558 1275
558 1428
558 1977
559 1131
560 664
560 690
560 1739
561 1107
561 1777
562 625
562 1382
562 1985
563 1143
563 1891
564 714
565 848
565 1264
565 1511
566 573
566 839
569 1275
569 1342
569 1835
570 694
570 952
570 1470
570 1526
570 1724
571 839
571 985
572 907
572 1052
572 1157
573 1276
573 1471
573 1601
573 1998
574 688
574 1302
575 901
575 1827
576 1567
577 809
577 1838
578 868
578 1564
579 1594
580 631
581 1043
581 1313
581 1513
582 757
582 865
582 1015
582 1717
583 1954
585 886
585 1187
586 702
586 1223
587 1098
587 1549
587 1745
588 841
588 861
588 1351
589 963
590 1392
591 1436
592 945
592 1359
593 1969
594 1165
594 1172
596 1701
597 699
597 1345
597 1571
598 921
598 1565
598 1609
598 1612
598 1996
600 1480
600 1682
600 1945
601 826
602 1311
602 1390
603 805
603 1634
603 1875
604 1296
605 1016
605 1074
606 1266
606 1484
606 1565
606 1636
606 1954
607 1302
607 1879
608 820
608 1733
609 1700
610 1104
610 1189
610 1424
611 1053
611 1152
611 1397
612 918
612 1365
613 1102
613 1134
613 1138
614 1351
615 884
615 1334
615 1360
615 1374
615 1706
615 1766
616 1138
617 1744
618 970
618 1036
618 1926
619 757
619 1478
620 1615
620 1960
621 1207
621 1297
621 1337
621 1461
622 906
622 1281
623 802
623 804
623 1054
623 1170
623 1836
624 678
624 941
624 1099
624 1492
624 1639
625 1231
625 1592
625 1683
628 1610
628 1680
629 654
629 988
629 1056
630 772
631 1978
632 646
632 1196
633 1182
633 1587
633 1808
633 1896
633 1957
634 1243
635 738
635 761
635 1189
636 640
636 961
637 1582
637 1981
638 1372
638 1441
639 1203
639 1920
640 1134
640 1619
641 1177
641 1901
642 662
642 1125
643 1420
643 1817
643 1952
644 1189
644 1335
645 680
645 1442
645 1952
646 1354
646 1694
647 917
647 1250
647 1654
647 1774
648 870
648 1653
649 1081
649 1781
650 1625
650 1756
651 729
651 751
651 1928
652 1411
652 1672
653 1523
653 1726
654 1782
654 1862
655 836
655 909
655 1521
655 1721
656 983
656 1827
658 1264
658 1532
660 1016
660 1627
661 1117
661 1282
661 1649
661 1895
663 1436
664 1463
664 1711
664 1734
665 988
665 1437
665 1597
665 1602
666 1161
666 1291
666 1567
667 1238
668 827
669 798
669 1285
669 1731
670 966
671 754
672 1707
674 910
674 973
674 993
675 1353
675 1417
675 1433
675 1482
676 1432
677 1529
677 1829
679 768
679 1320
680 961
680 988
680 1799
681 1810
681 1945
682 865
682 1047
683 991
684 1801
685 810
685 1980
686 1422
688 1069
688 1224
688 1814
689 937
690 1693
690 1815
691 1863
692 883
692 895
692 1041
693 1535
693 1674
693 1743
694 1424
694 1896
695 757
696 1213
697 1222
697 1619
700 832
700 1419
702 1195
702 1682
704 840
704 1931
705 1623
706 720
706 1643
708 1198
709 975
709 1068
709 1091
709 1316
709 1525
709 1949
710 1771
711 1040
711 1967
712 1027
713 813
713 1376
714 868
714 1286
715 782
715 1539
715 1754
715 1850
715 1901
715 1953
716 1069
716 1225
716 1814
716 1916
717 1176
718 1864
719 825
719 941
719 1161
719 1474
719 1934
721 744
722 1296
723 1699
723 1786
723 1933
723 1947
724 1029
725 1137
725 1675
727 801
727 823
727 1138
727 1510
728 1132
728 1398
728 1888
729 1886
730 968
731 1142
731 1705
731 1886
732 891
732 958
732 1294
733 1291
733 1675
734 1164
734 1927
734 1952
735 736
735 766
737 1319
737 1447
738 1015
738 1280
738 1767
739 984
739 1828
740 1061
740 1788
741 1317
741 1321
741 1629
741 1948
743 1995
744 813
745 1144
745 1373
745 1797
745 1839
746 826
746 1743
748 1188
748 1805
749 1344
749 1442
749 1563
750 981
750 1579
750 1585
750 1893
752 1812
753 1943
754 812
754 1482
756 822
756 1368
757 1092
757 1141
757 1280
758 1021
758 1067
758 1137
759 994
760 960
760 1523
761 989
761 1532
762 1596
763 819
763 1917
763 1925
764 975
764 1430
764 1794
765 862
765 1890
766 982
767 1042
767 1328
767 1402
768 1015
768 1091
768 1139
768 1675
771 817
771 974
774 812
774 1094
774 1375
774 1571
775 993
775 1343
775 1784
775 1999
776 1646
776 1805
777 1749
780 1198
780 1906
782 1489
783 981
783 1301
784 1548
784 1685
785 1203
785 1317
785 1501
786 822
786 1117
786 1245
786 1461
787 1039
787 1797
788 1320
788 1694
789 963
790 1432
791 1486
791 1719
791 1724
792 1167
792 1862
792 1921
793 1497
794 822
794 1156
794 1329
794 1349
794 1812
795 1300
796 1417
796 1485
797 801
797 1024
797 1615
798 1100
798 1211
799 885
799 1105
799 1702
801 919
801 1804
802 890
802 1128
802 1175
802 1795
803 1738
804 933
804 977
804 1409
804 1760
805 840
805 1061
806 1407
808 1359
811 1194
812 1171
812 1293
812 1333
812 1425
812 1492
812 1579
812 1777
813 1916
815 1047
816 1825
817 1370
818 1546
818 1673
818 1952
819 1761
820 1492
821 996
821 1374
821 1478
822 883
822 1066
822 1230
822 1466
823 1832
824 1381
824 1717
824 1778
824 1986
825 1896
826 1256
827 1229
827 1332
828 1263
829 1135
829 1625
830 888
830 907
830 1443
831 1076
831 1998
832 834
833 1283
833 1565
833 1575
834 853
834 1703
834 1942
835 1083
835 1404
835 1770
835 1775
836 1064
836 1614
836 1866
836 1964
837 875
837 1338
837 1939
838 1098
838 1250
840 1547
840 1739
842 1627
843 1041
843 1277
843 1570
843 1963
844 1594
845 880
845 1566
847 934
847 1646
847 1857
848 858
848 1753
848 1873
849 1576
849 1787
850 920
850 935
851 920
851 1030
851 1648
852 896
852 920
852 1200
852 1987
853 1301
853 1311
853 1449
854 1141
854 1322
855 1158
855 1296
855 1427
855 1450
856 1743
858 1261
858 1335
859 1209
859 1502
860 1325
861 1257
861 1648
861 1825
862 1841
863 1053
863 1754
864 1317
864 1439
865 1610
866 1004
867 891
867 1419
867 1616
868 982
868 1244
868 1294
869 1879
870 1477
871 1673
871 1965
872 1358
874 1493
874 1611
875 1005
875 1015
876 931
877 924
877 1251
878 1437
878 1514
878 1683
879 1459
880 1264
881 1025
881 1330
882 1292
882 1649
883 1640
883 1679
884 1035
884 1266
885 887
885 939
885 1043
885 1245
885 1583
885 1598
886 899
886 1595
887 1116
887 1436
887 1883
888 912
888 1310
888 1466
889 1460
891 995
891 1294
891 1372
891 1678
892 980
892 1818
893 940
894 1973
895 972
898 1448
899 962
899 1111
899 1314
900 1520
901 1164
902 1282
902 1550
903 1845
904 1413
904 1443
904 1751
905 974
905 1699
906 1581
907 1189
908 1189
908 1334
909 910
910 979
911 1137
911 1781
912 1021
913 1850
914 937
914 1263
914 1855
915 960
915 1736
917 1279
918 1329
918 1619
919 1059
919 1393
919 1824
920 933
920 1107
920 1645
921 1331
922 1086
922 1567
923 1425
925 1596
925 1973
926 1323
927 1065
928 1607
928 1722
929 1464
930 951
932 934
932 1692
933 1237
934 1929
935 1130
935 1257
935 1266
935 1332
936 1590
936 1800
937 1328
937 1377
938 1019
938 1723
938 1881
939 1460
939 1844
941 1208
942 1957
943 1868
945 1034
945 1123
945 1632
946 1135
946 1506
947 1624
947 1851
948 1576
948 1816
951 989
951 1169
951 1524
952 1314
953 1169
954 986
954 1124
954 1398
955 962
957 1847
958 1485
958 1558
960 1001
960 1368
960 1778
960 1980
961 1241
961 1262
961 1783
962 1754
963 1458
963 1943
964 1160
965 1830
968 1569
968 1935
970 1570
970 1863
971 1494
972 1024
973 1776
975 1507
976 1955
977 1078
977 1695
978 995
978 1242
978 1866
979 1064
979 1360
980 1449
980 1770
981 1140
981 1523
981 1736
982 1214
982 1374
982 1724
983 1589
983 1793
984 1710
985 1233
985 1362
985 1421
987 1283
987 1798
987 1865
988 1094
988 1164
988 1294
990 1076
990 1375
990 1576
990 1766
991 1400
991 1407
991 1672
993 1094
993 1468
993 1718
994 1816
995 1009
995 1110
995 1854
998 1000
998 1190
1000 1423
1000 1655
1001 1158
1001 1220
1002 1080
1002 1087
1003 1010
1003 1416
1005 1338
1005 1925
1006 1240
1006 1276
1006 1840
1007 1059
1007 1521
1008 1382
1008 1398
1009 1722
1010 1647
1010 1756
1012 1488
1013 1449
1014 1253
1014 1357
1014 1379
1015 1256
1016 1266
1017 1256
1017 1265
1017 1606
1017 1799
1017 1952
1018 1511
1018 1958
1019 1149
1020 1406
1020 1441
1020 1580
1021 1520
1021 1931
1021 1957
1022 1515
1023 1608
1024 1371
1024 1727
1024 1988
1025 1164
1025 1199
1025 1534
1026 1302
1026 1313
1027 1452
1027 1877
1028 1062
1029 1356
1030 1268
1031 1335
1032 1232
1032 1403
1032 1475
1033 1297
1033 1481
1033 1831
1033 1942
1036 1374
1036 1998
1037 1127
1037 1351
1040 1111
1040 1123
1040 1408
1041 1044
1041 1116
1041 1376
1041 1555
1042 1432
1043 1267
1043 1732
1044 1367
1046 1496
1046 1810
1047 1070
1047 1126
1047 1180
1047 1189
1048 1067
1048 1262
1048 1819
1048 1870
1049 1168
1049 1640
1050 1826
1051 1412
1051 1569
1052 1249
1052 1517
1053 1668
1053 1915
1054 1646
1056 1881
1057 1646
1057 1755
1057 1984
1058 1208
1058 1423
1058 1997
1060 1413
1061 1109
1061 1708
1062 1534
1063 1277
1064 1685
1064 1949
1065 1999
1066 1564
1068 1963
1069 1212
1069 1239
1069 1402
1070 1808
1071 1355
1071 1362
1072 1225
1072 1768
1072 1845
1074 1529
1074 1682
1075 1223
1075 1688
1075 1968
1078 1496
1080 1985
1082 1294
1082 1573
1082 1607
1082 1874
1082 1969
1083 1684
1083 1729
1085 1634
1085 1813
1086 1576
1086 1749
1088 1756
1089 1498
1089 1500
1089 1641
1092 1201
1092 1639
1092 1657
1092 1807
1092 1913
1096 1213
1096 1822
1097 1565
1097 1648
1098 1386
1099 1158
1100 1399
1100 1752
1101 1107
1102 1918
1105 1612
1106 1416
1106 1612
1108 1155
1108 1196
1109 1360
1109 1718
1109 1790
1110 1166
1110 1238
1110 1426
1110 1452
1110 1617
1111 1914
1112 1339
1112 1422
1112 1635
1112 1753
1113 1957
1116 1233
1116 1285
1116 1411
1117 1232
1117 1279
1119 1391
1120 1529
1121 1986
1122 1436
1122 1653
1124 1402
1125 1434
1125 1442
1125 1483
1125 1576
1125 1910
1127 1206
1127 1426
1128 1410
1130 1810
1131 1906
1131 1958
1132 1271
1132 1370
1133 1401
1135 1391
1135 1728
1136 1361
1136 1613
1137 1235
1138 1180
1138 1364
1143 1911
1144 1982
1147 1290
1147 1474
1147 1554
1147 1806
1148 1560
1148 1997
1149 1930
1150 1213
1150 1253
1151 1457
1151 1942
1152 1882
1153 1782
1153 1937
1155 1247
1155 1402
1155 1419
1156 1832
1157 1910
1161 1639
1161 1890
1161 1908
1162 1325
1162 1396
1163 1688
1164 1318
1164 1746
1165 1719
1165 1873
1166 1947
1167 1310
1168 1474
1168 1714
1168 1863
1169 1641
1170 1240
1171 1410
1172 1400
1172 1944
1173 1428
1173 1611
1173 1750
1173 1808
1175 1733
1177 1267
1177 1789
1178 1311
1179 1409
1179 1874
1180 1909
1182 1431
1182 1470
1182 1982
1183 1628
1183 1652
1184 1561
1184 1730
1185 1981
1186 1625
1186 1717
1186 1721
1186 1961
1188 1802
1189 1405
1189 1493
1189 1772
1190 1411
1190 1682
1190 1721
1191 1965
1192 1375
1193 1676
1194 1992
1196 1294
1197 1528
1198 1367
1200 1365
1200 1390
1200 1708
1201 1225
1201 1654
1204 1439
1205 1962
1207 1682
1207 1979
1208 1384
1208 1707
1208 1893
1210 1565
1211 1325
1211 1327
1211 1594
1212 1446
1212 1822
1214 1511
1215 1726
1216 1536
1216 1816
1217 1570
1219 1804
1220 1573
1222 1301
1224 1383
1225 1397
1228 1241
1228 1445
1229 1649
1231 1660
1231 1731
1234 1448
1235 1444
1235 1953
1236 1370
1237 1393
1237 1545
1237 1602
1237 1801
1237 1881
1239 1594
1240 1390
1240 1663
1242 1632
1242 1910
1242 1924
1243 1627
1244 1270
1247 1642
1247 1962
1248 1402
1248 1693
1249 1349
1249 1623
1250 1308
1251 1617
1251 1754
1252 1366
1252 1746
1253 1312
1255 1372
1255 1380
1256 1336
1257 1585
1258 1547
1260 1589
1260 1936
1261 1811
1262 1633
1262 1690
1262 1735
1264 1598
1265 1713
1265 1751
1267 1501
1267 1997
1268 1367
1268 1827
1269 1944
1271 1275
1273 1354
1273 1537
1276 1668
1276 1897
1277 1665
1277 1867
1278 1766
1278 1789
1279 1879
1280 1723
1281 1465
1284 1431
1285 1674
1286 1900
1290 1675
1290 1752
1290 1794
1294 1344
1294 1871
1295 1594
1296 1394
1297 1502
1298 1819
1300 1385
1301 1976
1302 1322
1302 1483
1302 1705
1307 1983
1312 1699
1313 1524
1315 1672
1317 1373
1317 1480
1319 1934
1323 1914
1324 1584
1324 1845
1327 1540
1327 1542
1329 1378
1330 1723
1330 1896
1331 1633
1331 1974
1332 1418
1332 1939
1333 1776
1334 1494
1334 1594
1334 1617
1334 1966
1335 1523
1335 1732
1335 1992
1336 1512
1337 1352
1340 1993
1341 1618
1343 1416
1344 1602
1347 1753
1347 1969
1348 1763
1349 1650
1351 1704
1352 1418
1353 1864
1356 1679
1356 1846
1356 1897
1357 1608
1357 1784
1358 1475
1358 1670
1358 1847
1359 1628
1360 1678
1361 1577
1362 1915
1368 1437
1368 1452
1368 1467
1368 1555
1368 1779
1369 1429
1369 1619
1369 1622
1370 1577
1370 1752
1370 1841
1371 1610
1372 1550
1372 1778
1373 1551
1373 1581
1373 1814
1373 1956
1374 1519
1375 1553
1375 1952
1382 1947
1383 1944
1383 1999
1386 1668
1386 1946
1388 1520
1389 1674
1389 1779
1389 1807
1389 1942
1390 1443
1391 1976
1392 1445
1392 1512
1392 1553
1392 1587
1392 1593
1393 1488
1393 1874
1396 1405
1396 1681
1397 1896
1397 1968
1398 1857
1398 1978
1399 1781
1400 1466
1401 1822
1401 1830
1402 1510
1402 1533
1403 1611
1404 1586
1404 1770
1405 1530
1409 1617
1411 1465
1413 1481
1413 1681
1413 1784
1414 1418
1416 1603
1416 1821
1416 1949
1418 1729
1419 1850
1419 1982
1419 1995
1420 1783
1421 1934
1422 1713
1423 1791
1427 1741
1428 1452
1428 1792
1429 1762
1429 1868
1432 1658
1433 1813
1433 1850
1433 1941
1434 1659
1435 1908
1436 1781
1436 1800
1438 1847
1444 1663
1447 1662
1449 1517
1451 1662
1452 1744
1454 1622
1455 1989
1457 1662
1459 1891
1460 1728
1461 1651
1464 1721
1464 1987
1465 1771
1468 1504
1468 1876
1471 1480
1471 1664
1473 1823
1474 1883
1476 1977
1477 1605
1477 1724
1477 1878
1481 1767
1486 1672
1486 1820
1489 1996
1490 1980
1491 1544
1491 1833
1492 1676
1492 1680
1495 1624
1495 1921
1497 1733
1501 1939
1502 1833
1503 1601
1504 1583
1505 1515
1505 1620
1505 1744
1506 1759
1508 1734
1509 1708
1511 1661
1511 1913
1520 1618
1520 1886
1523 1616
1524 1567
1524 1813
1525 1789
1526 1843
1527 1646
1527 1756
1528 1998
1530 1885
1531 1992
1535 1673
1537 1687
1538 1630
1538 1733
1541 1778
1541 1873
1543 1887
1545 1673
1548 1794
1551 1832
1552 1758
1555 1924
1556 1572
1557 1591
1557 1631
1557 1753
1558 1798
1564 1598
1567 1868
1571 1622
1571 1895
1573 1843
1574 1754
1574 1865
1577 1685
1579 1917
1583 1794
1586 1655
1588 1600
1590 1985
1592 1810
1593 1792
1599 1993
1601 1828
1602 1839
1603 1654
1605 1766
1606 1823
1609 1937
1610 1856
1613 1857
1614 1833
1614 1984
1616 1725
1616 1769
1617 1955
1618 1885
1628 1934
1630 1802
1630 1948
1631 1722
1631 1755
1631 1900
1632 1915
1636 1903
1637 1705
1638 1883
1640 1774
1640 1926
1641 1765
1643 1952
1645 1805
1646 1655
1647 1890
1651 1686
1653 1776
1655 1936
1655 1994
1658 1821
1664 1771
1672 1695
1678 1723
1682 1838
1690 1837
1691 1753
1691 1856
1692 1876
1700 1734
1700 1991
1701 1905
1702 1733
1703 1895
1705 1980
1710 1723
1710 1903
1715 1805
1716 1897
1723 1974
1724 1769
1724 1873
1725 1950
1728 1847
1728 1998
1728 1999
1732 1828
1732 1869
1737 1908
1738 1945
1746 1831
1747 1830
1747 1976
1748 1847
1750 1963
1751 1856
1752 1984
1756 1983
1757 1890
1760 1859
1761 1784
1764 1871
1765 1950
1767 1776
1767 1837
1769 1801
1769 1951
1773 1990
1776 1830
1781 1801
1786 1898
1787 1944
1790 1811
1802 1850
1804 1993
1805 1904
1807 1941
1807 1987
1814 1932
1817 1884
1825 1915
1827 1846
1829 1841
1831 1962
1839 1894
1843 1860
1846 1924
1855 1865
1856 1984
1860 1998
1866 1984
1867 1887
1869 1972
1873 1906
1880 1925
1881 1917
1887 1912
1887 1981
1888 1930
1899 1993
1912 1934
1916 1926
1919 1989
1921 1957
1923 1953
1927 1950
1938 1969
1939 1956
1943 1986
1973 1978
