2000 2950
81
27
61
100
20
72
97
91
43
47
39
40
59
20
22
25
55
55
89
52
25
52
90
91
45
39
38
11
95
28
5
21
74
47
41
51
52
20
33
97
34
63
17
10
46
34
30
5
4
48
99
67
6
70
83
80
16
34
6
7
52
57
25
61
91
17
58
35
1
74
76
52
49
19
98
31
17
76
35
25
59
88
55
12
54
73
7
19
45
59
91
18
83
49
98
17
53
22
39
17
60
100
61
15
43
40
67
40
83
58
32
32
23
61
75
1
8
18
89
77
16
50
13
17
86
23
85
94
26
96
84
12
41
56
55
33
68
27
24
75
14
32
52
75
4
18
99
88
60
7
80
26
59
31
8
41
44
57
93
6
74
18
59
16
78
88
11
41
33
79
34
51
61
87
84
78
78
13
57
22
63
61
81
5
69
33
84
22
80
41
54
73
21
13
58
82
53
30
93
18
52
12
64
22
63
28
22
6
58
73
53
90
9
70
75
3
62
95
73
52
92
57
90
45
58
4
88
98
43
91
41
92
61
2
18
25
41
8
5
47
4
62
63
10
26
71
91
15
31
96
9
35
14
36
20
95
62
88
55
79
87
81
39
98
32
25
93
58
23
97
26
64
63
42
12
85
8
21
61
57
34
27
63
56
15
44
88
8
50
2
28
75
92
83
54
28
85
37
73
90
55
7
77
79
9
6
91
43
22
83
71
34
18
78
99
43
98
60
71
5
2
40
78
59
29
20
52
5
9
58
88
70
16
82
58
76
27
68
74
83
92
58
71
15
34
2
37
46
47
59
11
13
58
69
26
97
78
80
24
10
38
20
8
52
62
69
15
97
62
94
25
17
81
73
28
100
9
15
16
49
12
27
56
32
22
88
6
80
87
40
91
80
80
72
6
78
16
96
39
97
15
89
25
33
49
19
76
73
9
22
1
86
55
3
26
9
12
35
15
96
18
83
69
51
29
25
95
19
84
65
24
24
4
30
24
8
50
5
90
57
14
21
13
97
55
56
48
36
97
18
76
41
90
78
8
86
68
90
4
49
88
50
89
73
28
47
75
79
32
8
77
23
31
67
51
81
27
86
8
66
7
50
2
88
52
61
61
21
53
16
78
91
37
42
50
99
44
57
75
23
18
97
15
15
62
76
67
66
10
82
83
36
46
12
79
75
20
12
83
18
59
30
21
32
86
99
52
32
44
50
69
43
40
89
47
4
32
69
76
44
35
81
19
56
19
25
22
93
29
49
38
57
92
93
31
96
59
95
19
57
14
78
25
15
30
71
2
78
54
87
40
98
22
68
43
32
53
68
98
42
79
91
78
20
3
78
62
84
74
95
8
90
4
12
39
8
47
48
11
78
95
62
42
92
20
79
39
27
74
93
84
27
3
4
73
12
79
82
44
51
56
37
41
82
24
52
82
83
64
33
74
39
1
1
61
36
85
91
32
45
81
12
33
2
2
56
43
32
63
88
96
70
38
75
16
43
54
58
92
12
65
60
89
29
1
21
59
63
7
26
89
89
47
47
23
54
51
7
13
4
34
25
71
54
17
88
26
12
69
4
100
16
63
21
11
41
100
43
23
46
30
61
45
41
77
36
10
68
93
38
39
73
4
69
36
63
35
85
56
13
26
67
8
5
93
82
4
19
38
71
85
7
84
83
94
58
13
90
17
10
96
29
95
79
78
61
87
57
71
64
95
58
21
1
89
53
24
78
43
56
70
41
66
83
61
77
26
97
70
2
67
12
57
42
6
4
1
40
71
54
25
1
85
67
65
51
54
92
2
17
32
24
52
47
96
74
75
45
11
87
8
83
92
80
74
65
10
39
23
15
7
37
45
34
5
44
40
9
40
80
81
49
21
85
55
5
16
83
12
19
3
24
60
61
85
46
80
91
46
90
74
5
75
67
83
25
73
25
53
26
81
28
19
14
22
60
65
13
29
37
83
89
65
73
39
11
3
38
56
31
35
90
12
71
45
28
63
51
54
27
93
7
44
9
16
55
21
93
66
64
16
27
76
98
41
16
32
10
92
88
34
67
67
86
38
40
99
82
63
55
7
43
75
20
35
16
84
7
23
2
91
24
31
71
25
13
56
74
89
67
26
90
82
48
14
61
81
38
66
49
8
96
6
62
67
83
59
32
29
59
86
6
63
6
51
64
75
63
28
50
18
51
33
37
51
45
33
33
71
62
51
56
93
58
58
40
14
86
91
32
87
6
34
15
22
15
41
71
60
29
89
55
9
60
99
11
38
89
27
90
49
48
77
54
69
96
53
39
40
18
45
35
42
58
18
34
87
26
86
28
10
31
11
68
92
41
64
5
21
61
86
87
47
40
15
29
42
74
21
1
17
34
37
36
24
8
20
43
93
10
32
95
93
43
90
71
56
31
8
2
9
7
54
52
16
19
44
54
80
58
57
17
11
23
36
65
46
22
89
7
38
59
70
12
75
35
65
61
30
38
88
97
51
28
29
95
17
67
43
32
21
70
21
63
61
67
30
66
49
38
21
26
5
55
46
76
13
22
62
42
1
64
48
39
67
31
53
90
65
65
48
3
85
1
82
96
28
30
77
52
45
49
26
99
97
23
38
10
72
17
43
50
32
67
29
37
79
92
50
16
17
77
53
14
97
34
17
14
53
91
23
19
70
91
81
97
73
42
40
37
78
36
21
60
34
32
36
63
45
51
32
23
59
54
16
68
44
56
51
28
19
60
62
56
86
22
77
91
74
59
86
76
15
76
6
95
19
3
97
58
17
33
2
67
76
33
43
39
94
13
43
30
85
55
60
19
46
72
32
49
18
11
66
27
94
33
46
45
98
47
47
67
23
51
24
59
9
32
59
85
71
91
1
24
89
9
87
21
64
26
13
8
49
58
80
85
92
59
98
78
75
5
6
93
86
66
81
28
84
46
31
85
100
67
95
93
95
30
97
64
94
38
53
32
26
93
59
74
2
69
16
71
47
46
46
27
82
29
15
74
37
86
10
70
66
43
24
4
67
33
48
56
19
61
88
40
68
16
33
32
62
52
45
55
7
1
14
2
59
6
54
48
7
70
60
36
34
25
32
7
25
92
83
77
79
92
77
100
84
30
57
19
59
39
27
83
11
98
97
51
15
24
91
90
17
85
83
85
19
22
51
83
36
52
50
100
94
75
6
64
43
22
45
33
58
70
58
99
66
66
93
37
87
41
97
5
56
58
100
5
24
39
65
11
71
71
79
67
74
17
71
66
2
8
37
37
23
90
35
11
98
88
18
29
6
78
63
22
31
46
63
17
86
22
6
52
27
68
20
34
16
64
63
50
89
51
99
96
60
83
3
55
65
62
26
80
2
51
46
6
97
9
57
23
63
44
47
2
12
65
19
24
84
14
99
44
61
74
57
77
45
63
23
14
8
31
90
59
100
57
18
55
1
92
86
5
50
47
15
46
36
41
4
5
47
3
8
14
61
38
35
62
26
44
43
39
5
83
39
99
4
50
37
87
46
46
87
72
25
29
13
25
44
17
11
48
87
99
37
79
59
68
54
98
73
16
62
52
31
45
99
51
96
42
7
58
91
97
32
54
66
78
16
33
10
14
69
4
79
45
21
61
24
91
65
91
10
86
12
92
34
40
22
47
11
97
32
51
27
82
63
14
41
51
84
20
60
96
23
54
32
28
11
20
39
89
66
42
48
89
30
40
93
48
30
48
72
40
33
29
72
60
72
47
92
90
59
13
85
71
50
37
80
64
60
89
96
78
30
53
55
58
64
90
94
36
1
46
10
52
52
55
96
45
96
80
23
97
32
95
88
99
74
25
69
48
40
52
55
68
72
8
1
19
44
88
59
77
36
54
43
97
82
58
11
82
64
56
4
77
4
73
61
44
22
41
98
70
1
36
94
74
18
63
42
74
83
100
44
41
15
24
32
79
45
39
29
76
7
75
1
5
49
20
34
57
93
92
31
26
32
21
78
33
33
3
17
1
34
43
38
84
51
33
78
15
70
21
76
68
88
21
94
70
14
11
21
29
98
90
18
10
37
94
33
52
21
92
63
93
46
24
87
73
79
68
19
83
14
77
91
89
25
97
44
86
47
44
80
72
37
93
86
50
11
2
85
15
95
8
52
50
17
77
78
30
2
85
9
42
35
76
79
43
20
63
93
83
88
93
63
61
59
28
5
14
84
21
31
55
17
77
55
94
34
51
66
3
36
5
5
15
45
35
11
31
31
82
10
44
22
59
19
21
96
85
45
87
93
9
62
26
11
93
78
18
35
22
54
3
16
100
75
73
74
63
59
2
99
85
46
32
9
65
87
3
16
23
63
11
65
20
6
41
40
5
4
59
34
27
11
38
67
61
66
98
96
43
79
93
92
91
94
51
46
72
58
31
87
59
80
1
70
94
23
99
21
37
6
42
5
43
9
8
13
100
7
100
44
90
11
77
87
100
42
63
12
83
16
37
15
49
33
73
13
48
42
23
19
43
92
3
96
67
85
39
46
31
79
61
50
58
64
1
83
26
33
24
4
16
0 89
0 517
0 1131
0 1826
1 693
2 980
2 1296
2 1543
3 24
3 667
3 1184
3 1895
4 221
4 641
5 685
5 779
5 1147
5 1416
5 1871
6 464
6 1022
6 1658
6 1759
7 582
7 993
7 1148
9 323
9 1653
10 453
10 709
10 1130
10 1224
10 1485
11 224
11 531
11 536
11 774
11 1004
11 1018
11 1157
11 1358
11 1825
11 1840
13 1295
15 348
15 532
15 1266
15 1399
15 1647
16 828
16 929
16 1463
16 1503
16 1547
17 934
17 1479
18 1205
19 157
20 95
21 536
21 1032
21 1569
21 1926
21 1944
22 145
22 1824
22 1971
22 1977
23 1572
24 1759
25 504
25 597
25 974
25 1449
25 1556
26 467
26 739
26 891
27 1576
27 1684
27 1869
27 1999
28 824
29 535
29 1024
31 657
31 1159
31 1303
32 122
32 152
32 611
32 1235
32 1535
32 1901
33 881
33 1088
34 1132
34 1651
35 396
35 652
35 708
35 1561
35 1588
35 1613
35 1811
35 1911
36 474
36 701
36 1211
37 655
37 819
38 339
38 1131
38 1233
39 449
39 1810
40 383
40 818
40 848
41 873
41 1982
42 104
42 809
42 907
42 918
43 810
43 1070
44 349
44 744
44 830
44 1426
45 919
45 980
45 1078
45 1132
45 1152
45 1169
45 1309
45 1506
45 1516
45 1682
46 1384
48 247
48 461
49 74
49 201
49 1195
49 1480
49 1643
50 657
50 878
50 1348
50 1493
51 698
52 552
52 1401
52 1742
53 1092
53 1575
53 1726
53 1802
53 1974
54 84
54 733
54 1802
54 1975
55 1238
55 1643
55 1864
56 1562
57 267
57 767
58 406
58 1479
58 1512
59 231
59 548
59 740
59 1138
59 1142
59 1296
60 80
60 967
60 1100
60 1178
60 1763
61 147
61 201
61 403
61 1449
63 108
63 303
63 417
63 792
63 813
63 932
64 531
64 1001
64 1735
65 237
65 468
65 889
65 953
65 1906
66 829
67 707
67 1149
67 1514
67 1875
69 649
69 823
69 1574
69 1609
69 1737
70 744
70 1016
70 1441
71 176
71 204
71 773
72 199
72 691
72 1018
72 1219
72 1445
74 146
74 807
74 1477
74 1511
75 121
75 794
75 1005
75 1447
76 158
76 499
76 1132
76 1774
77 332
77 1076
78 791
78 958
79 701
79 1776
80 292
80 509
80 1027
80 1413
82 1644
83 1536
84 1408
84 1608
85 929
85 1020
85 1056
85 1459
86 640
86 684
86 1321
86 1326
86 1625
86 1929
88 693
88 876
88 1001
88 1202
89 650
89 1652
89 1829
90 1477
91 582
91 723
91 733
91 1247
92 459
92 1175
92 1436
92 1467
93 609
93 1648
94 493
94 1316
95 1262
95 1600
95 1738
95 1753
95 1772
96 1737
96 1771
97 1388
97 1849
98 440
99 937
99 1442
99 1554
100 377
100 578
100 1596
101 1743
102 656
102 916
102 1451
102 1673
102 1972
103 1698
103 1982
104 641
104 1585
104 1858
105 354
105 1454
105 1825
106 714
107 639
107 1144
107 1471
108 336
108 825
108 1229
108 1587
109 394
109 950
109 1134
109 1200
109 1889
110 319
110 365
110 629
110 652
110 1511
111 677
111 772
112 903
112 1090
112 1432
112 1527
112 1643
113 732
113 766
114 1720
114 1844
115 162
115 297
115 302
115 1640
115 1931
116 616
116 1982
117 234
117 783
117 1802
118 249
118 332
118 765
118 1299
118 1302
119 544
119 1182
119 1732
119 1882
120 647
120 1059
120 1304
121 775
121 973
121 1191
121 1881
122 843
122 1145
123 781
123 981
124 505
124 755
125 1642
125 1651
126 1305
126 1441
127 633
127 1236
127 1861
128 172
128 215
128 463
128 882
129 316
129 337
129 524
129 543
129 769
130 1715
131 270
131 285
131 639
131 1192
131 1498
131 1771
131 1841
132 705
132 847
132 1502
132 1736
132 1752
133 1367
133 1744
133 1757
133 1898
135 251
135 948
135 1546
135 1680
136 750
136 1275
136 1312
137 1010
137 1360
137 1614
137 1779
138 844
138 894
138 962
138 1617
139 1509
139 1921
140 332
140 1347
140 1598
141 754
142 1179
142 1290
142 1334
142 1585
142 1874
143 281
144 364
144 1839
145 966
145 998
145 1688
146 987
146 1355
146 1437
147 316
147 1117
148 1502
149 174
149 217
149 855
150 168
150 414
150 978
150 1562
151 664
151 1815
152 1402
152 1685
152 1928
153 227
153 248
153 609
153 1959
154 425
154 562
154 1565
154 1783
155 715
155 848
155 1415
155 1851
156 405
156 862
156 1086
156 1590
156 1915
157 395
157 424
158 513
158 648
158 1480
159 250
159 428
159 639
159 717
159 1184
159 1663
160 1892
161 413
161 782
161 1138
162 553
162 927
162 1307
162 1333
163 991
163 1513
163 1840
164 806
165 1214
166 263
166 1458
166 1873
167 402
167 544
167 653
167 1404
167 1649
168 904
168 1464
168 1880
169 1754
169 1771
170 172
170 431
171 300
171 361
171 864
172 661
172 1249
173 906
174 204
174 741
174 1505
175 1950
176 1621
177 364
177 387
177 690
178 569
178 1891
179 275
179 683
180 1032
180 1143
181 545
181 1359
182 1831
183 229
183 291
183 1544
184 495
184 669
185 545
186 1617
187 331
187 705
187 762
187 1307
187 1534
187 1678
188 1038
189 938
189 1622
190 491
190 1362
190 1873
190 1884
190 1932
191 272
191 533
191 773
191 835
192 243
192 1945
193 719
194 318
194 511
194 1576
195 247
195 524
195 1122
195 1200
195 1382
196 770
196 1198
196 1354
196 1858
197 364
197 741
198 279
198 688
198 795
198 1623
198 1810
200 494
200 1151
200 1291
200 1575
201 1830
202 420
203 249
203 367
204 231
204 979
204 1780
206 415
206 1341
207 1238
208 1013
208 1058
208 1775
208 1833
210 810
210 829
210 1097
210 1454
210 1787
210 1988
211 610
211 1137
211 1984
212 897
212 918
212 1133
212 1408
213 286
213 369
213 753
213 883
213 1304
214 317
214 851
215 268
215 1617
215 1865
216 226
216 769
216 1132
216 1229
216 1262
217 255
217 709
217 926
217 998
217 1663
217 1727
217 1960
218 356
218 481
218 1230
218 1387
219 1962
220 961
220 1326
220 1559
220 1889
221 873
221 996
221 1078
221 1598
222 1208
222 1246
222 1363
223 765
223 1834
224 833
224 867
224 1668
225 384
225 995
225 1084
225 1468
226 343
227 606
227 1865
228 1038
228 1170
228 1729
229 258
229 312
230 1357
230 1409
230 1781
230 1949
231 233
231 1415
231 1714
231 1824
232 1036
232 1381
233 539
233 955
234 1267
234 1957
234 1959
235 1413
236 448
236 626
236 850
236 1902
237 594
237 978
238 437
238 648
238 1911
239 281
239 712
240 1197
240 1214
240 1447
240 1691
240 1749
240 1752
241 523
241 834
241 1358
242 469
243 676
244 957
244 1342
244 1357
244 1675
245 1310
245 1969
246 857
248 709
249 441
249 452
250 1794
251 360
251 396
251 1422
252 410
252 1707
253 1327
253 1535
254 1246
254 1730
254 1846
254 1970
255 311
255 324
255 1003
255 1154
256 431
256 741
256 1028
256 1780
257 528
257 549
257 1190
258 1380
259 1591
259 1805
260 288
260 775
260 1307
260 1595
261 718
261 1058
261 1177
262 794
263 789
263 1609
264 512
264 833
264 1656
265 452
265 909
265 1763
265 1899
266 1317
266 1444
267 1670
268 654
269 616
269 676
269 931
269 1113
269 1667
269 1766
269 1853
270 330
270 452
270 481
270 573
270 1702
271 700
271 852
271 1388
271 1834
271 1991
271 1992
272 1018
272 1246
272 1325
273 1232
273 1501
274 801
275 1072
275 1689
276 1130
276 1371
276 1372
276 1926
277 601
277 740
277 741
278 903
279 1132
279 1409
279 1665
280 980
280 1349
281 488
281 659
281 681
281 775
281 854
281 1093
281 1206
281 1243
282 794
282 1016
282 1038
282 1045
283 1064
283 1874
284 604
285 1152
285 1709
285 1713
286 1148
286 1207
288 683
288 768
288 785
288 1967
290 1934
291 847
291 1418
291 1489
291 1517
291 1536
291 1722
291 1820
292 622
292 630
292 1711
293 400
293 1421
295 468
296 706
296 1115
296 1675
297 358
297 1173
298 696
298 748
298 1416
298 1749
298 1843
299 930
299 1025
299 1537
300 753
300 882
300 1085
300 1169
300 1344
301 558
301 1558
302 345
302 1457
302 1479
303 507
303 1615
304 577
304 1518
305 670
305 1036
305 1483
306 883
306 931
306 941
306 1081
306 1294
306 1867
308 357
308 1205
308 1524
309 603
309 1424
309 1457
310 1248
310 1342
311 1656
312 1967
313 553
313 931
313 964
314 700
314 1180
314 1628
314 1825
315 864
316 517
316 1836
317 404
317 1358
317 1786
318 1240
318 1601
318 1971
319 792
319 1542
324 474
324 608
324 1736
324 1921
325 540
325 1069
325 1297
325 1659
325 1670
326 345
326 687
327 688
327 814
327 1166
327 1539
327 1567
329 1039
329 1655
330 616
330 869
331 392
331 1110
331 1924
332 1535
332 1909
333 456
333 894
333 1611
334 450
334 1686
334 1904
334 1906
335 344
335 1738
336 479
336 1770
337 595
337 895
337 1583
338 573
338 1237
341 1175
341 1192
341 1907
341 1976
342 658
342 1978
344 1507
344 1638
344 1780
345 681
345 1804
346 533
346 1063
346 1112
346 1558
347 648
347 1799
348 420
348 452
348 960
348 1342
348 1866
349 457
349 699
350 1051
351 958
351 1057
351 1084
351 1304
352 1246
352 1626
352 1728
353 365
353 463
353 768
353 916
353 1385
353 1894
353 1993
355 540
356 1104
356 1533
356 1752
357 793
357 1401
357 1634
358 1272
358 1625
359 560
359 606
359 788
359 1206
360 526
360 1430
360 1563
360 1618
360 1854
361 700
361 1664
361 1678
362 1165
362 1557
363 1320
364 776
364 876
364 893
365 1591
365 1602
365 1867
366 1227
366 1782
367 1704
368 1502
369 1103
370 1355
370 1576
370 1721
370 1816
371 721
371 1380
371 1655
372 898
372 1023
372 1894
373 1906
374 1364
374 1448
375 1266
375 1570
376 1673
377 1172
377 1284
377 1453
379 409
379 414
379 499
379 1395
380 409
380 1109
381 660
381 661
381 1092
381 1683
382 478
382 870
382 1158
382 1772
383 1045
383 1388
384 797
384 1629
385 1191
385 1354
386 951
388 1229
388 1285
390 796
390 1016
390 1364
390 1485
390 1663
392 1450
393 775
393 1728
394 480
395 942
397 1227
397 1434
397 1844
398 1657
400 464
400 679
401 994
401 1918
402 460
402 831
403 684
403 1170
403 1943
404 1526
404 1834
405 827
405 1033
406 456
406 656
408 1181
408 1699
409 606
409 692
409 1220
409 1997
410 820
410 911
410 1341
410 1882
410 1983
411 818
411 982
411 1305
411 1442
411 1944
412 1751
413 517
413 710
413 1286
413 1613
414 988
414 1825
415 1131
415 1535
416 778
416 1099
416 1281
417 1847
418 943
418 1120
418 1872
421 681
421 891
421 1098
421 1468
421 1589
421 1867
422 424
422 1193
423 441
423 912
425 488
425 988
426 455
426 979
426 1822
427 913
427 1750
428 1331
428 1611
428 1614
429 1602
430 476
430 1237
430 1725
432 881
432 984
432 995
433 1089
433 1415
434 522
434 710
434 1173
434 1265
434 1748
436 684
436 1265
436 1738
437 786
437 1258
438 787
438 1073
439 1457
439 1614
439 1862
439 1932
440 886
441 1537
442 867
442 1038
442 1207
442 1973
443 555
443 581
443 952
443 1951
444 918
444 1702
445 848
445 1256
446 1492
447 610
447 1294
448 940
449 1211
450 1028
451 1112
451 1402
451 1925
452 1746
453 1042
454 510
454 786
454 1088
454 1218
454 1521
454 1821
455 487
455 819
455 1690
455 1936
456 1500
457 546
457 673
457 1844
457 1870
458 787
458 849
459 568
459 799
459 1043
460 1490
462 971
462 1759
462 1885
464 512
464 1070
464 1618
465 1391
465 1673
466 1925
468 483
468 859
468 1403
468 1616
469 1168
469 1320
469 1479
469 1616
469 1659
470 1231
471 778
473 1376
473 1682
474 979
474 1304
476 1096
476 1519
476 1676
476 1711
476 1790
477 1000
478 1784
479 629
479 1921
480 718
481 1194
481 1317
481 1969
481 1997
482 1203
483 703
483 1279
484 1732
484 1829
484 1990
485 915
485 1212
485 1532
485 1552
487 1039
488 744
488 799
488 819
488 1444
488 1476
488 1682
488 1829
489 1983
490 1554
491 814
491 1606
491 1900
492 1831
493 1963
494 828
494 1796
495 1318
495 1404
496 1427
496 1988
497 1836
498 1280
499 1360
499 1984
500 1468
501 800
501 1360
501 1444
501 1697
501 1817
502 538
502 1320
503 1321
503 1566
503 1970
504 540
504 603
504 879
505 741
505 1864
505 1916
506 622
506 630
506 853
506 1191
506 1721
510 737
510 877
510 942
511 1547
512 781
512 782
512 806
512 1434
512 1924
513 868
513 1158
513 1431
514 577
514 1509
515 971
515 1063
516 566
516 895
517 1125
517 1183
518 644
518 1860
519 1011
519 1877
520 661
520 826
521 549
521 1789
522 581
522 785
523 567
523 1081
523 1682
524 833
524 988
524 1748
525 951
525 1265
525 1506
526 1642
527 536
527 1878
527 1885
528 1481
528 1701
529 590
529 1115
529 1393
530 1270
530 1481
531 1534
531 1877
532 597
532 658
532 973
532 1916
532 1957
533 811
534 1312
534 1541
534 1938
535 795
535 1739
536 1203
537 1014
538 627
538 857
538 1576
539 621
539 1832
539 1919
540 1272
540 1487
541 1348
542 650
542 796
542 833
542 1943
543 552
543 1043
543 1439
543 1807
544 595
544 796
544 1182
544 1984
545 746
545 1161
546 589
546 1102
546 1476
547 901
547 913
547 982
547 1372
548 617
549 595
549 950
549 1115
549 1849
550 1954
551 599
551 1105
551 1689
551 1962
552 892
553 647
553 676
553 1272
553 1274
553 1509
555 1034
555 1282
556 1322
557 852
558 1913
559 861
559 1765
561 575
561 1463
562 871
562 1020
562 1584
563 1072
566 704
566 999
568 604
568 775
568 821
568 1339
568 1583
569 713
569 858
569 944
569 1894
570 1949
571 1369
571 1681
571 1955
572 956
572 1608
573 1478
574 632
575 1277
575 1480
575 1836
575 1949
577 603
577 778
577 1440
577 1750
577 1983
578 803
578 1667
579 1173
580 968
580 1030
580 1077
580 1503
581 756
581 866
581 1481
582 1315
582 1827
583 1437
585 667
585 705
586 1737
586 1760
586 1881
587 1366
587 1404
588 1884
589 1900
591 797
591 1218
591 1297
592 664
592 679
592 1544
593 1551
594 1033
595 906
595 1216
596 816
596 1425
596 1649
597 1190
597 1608
598 1544
599 1101
599 1139
599 1245
599 1727
599 1848
599 1958
600 1674
601 1768
601 1798
602 1550
602 1700
602 1732
604 1647
605 737
607 808
608 741
608 1655
608 1851
610 850
610 1235
611 1164
612 618
612 807
612 1558
612 1617
613 969
614 1048
614 1710
615 976
615 1389
615 1617
616 720
616 1694
617 1073
617 1832
618 1851
619 1534
619 1590
620 1306
621 1019
621 1717
622 1099
622 1767
622 1814
624 1888
625 1796
626 735
626 1456
626 1553
626 1841
627 1368
627 1480
627 1956
628 676
628 1107
630 955
630 1456
631 837
631 1088
631 1338
631 1591
631 1968
632 846
632 1047
632 1186
632 1425
633 638
633 1334
634 913
634 958
635 694
635 1142
636 738
636 955
636 1093
636 1906
637 1599
638 895
639 1391
640 955
640 1899
641 1136
641 1158
642 969
642 1492
642 1500
642 1756
643 788
643 1074
643 1517
644 683
644 1711
644 1745
645 955
645 1047
645 1080
645 1658
645 1768
645 1948
646 654
646 747
647 941
648 795
648 1072
648 1428
649 785
650 1882
651 1068
651 1804
652 1175
652 1198
653 726
653 1129
653 1605
653 1990
655 854
655 1286
655 1402
655 1523
656 891
656 1014
656 1508
657 1068
657 1275
657 1627
658 705
659 1352
659 1666
659 1880
659 1938
664 771
664 993
665 1072
665 1291
665 1601
666 787
667 1230
668 1533
668 1674
669 1476
669 1863
670 1458
670 1562
670 1686
671 1132
671 1242
671 1448
671 1706
671 1739
671 1940
672 748
672 1334
673 720
673 763
673 1980
674 1088
674 1469
676 902
676 1236
677 1153
678 1295
679 1038
679 1462
679 1506
680 1102
680 1282
680 1283
681 920
681 1282
683 1351
683 1373
684 859
684 1183
685 929
685 1116
686 1335
686 1454
686 1611
687 1699
688 704
688 774
689 1295
689 1369
689 1804
690 967
690 1323
691 748
692 1282
692 1616
693 1067
693 1458
695 763
695 1229
695 1768
696 922
696 1249
696 1427
696 1955
697 1372
698 1192
698 1365
698 1863
699 1113
699 1548
700 1268
700 1915
701 1019
701 1281
704 1246
705 1151
705 1189
705 1251
705 1273
705 1616
707 848
707 1714
707 1787
708 786
708 800
708 927
708 1388
708 1457
709 1209
709 1855
711 1411
711 1825
713 714
713 888
713 1193
714 1808
714 1832
715 1197
715 1335
717 1866
718 1906
718 1974
720 1482
720 1525
720 1755
721 736
721 1939
722 1511
722 1682
723 1070
725 1102
725 1328
725 1762
726 1224
727 1224
727 1885
727 1908
728 1589
728 1753
729 1384
729 1877
730 1875
731 821
731 1053
731 1257
731 1324
731 1466
731 1584
732 1010
732 1434
732 1882
732 1944
735 785
735 966
735 1925
736 1108
736 1542
736 1598
737 1079
737 1094
737 1764
737 1992
738 1152
738 1590
738 1646
738 1937
739 945
739 961
740 1352
740 1567
740 1654
742 1479
743 851
744 1479
745 1527
746 1170
747 1683
748 809
749 885
749 1030
753 1787
754 1872
755 1001
755 1609
756 852
756 1037
756 1363
756 1666
756 1720
756 1871
758 856
758 1957
759 864
759 1066
759 1868
760 1591
762 969
762 1046
762 1586
762 1761
764 1256
765 835
767 1705
767 1994
768 1352
768 1496
768 1957
769 786
769 1728
769 1911
770 1519
771 1329
771 1637
771 1783
772 1054
773 1924
774 783
774 1546
775 1156
775 1694
776 1402
776 1633
779 1838
779 1992
780 929
780 1056
780 1281
781 789
781 1338
781 1465
781 1960
782 1019
782 1025
784 1180
784 1351
784 1577
784 1760
786 1647
789 921
789 1774
790 925
791 793
791 892
791 1193
791 1974
792 1043
792 1144
792 1312
792 1744
793 1724
793 1922
794 1215
797 1599
797 1656
798 1018
799 1661
800 971
800 1122
800 1780
801 1753
803 808
803 1369
803 1984
804 1070
804 1138
804 1934
805 928
806 820
807 1187
807 1435
807 1812
808 904
808 1424
809 857
809 1198
810 923
810 1481
810 1706
811 910
811 1409
811 1542
812 1059
812 1282
812 1763
813 1100
814 1585
815 942
815 1195
816 1128
816 1536
817 945
817 1436
818 1216
818 1607
819 1593
819 1825
819 1924
820 1116
821 998
822 1772
823 1664
823 1890
824 946
824 1118
824 1765
824 1883
826 1760
827 1555
829 1599
830 1451
830 1537
831 843
831 1050
831 1408
832 1730
833 1104
833 1170
834 1879
836 1677
838 1202
838 1211
838 1546
838 1897
839 1335
840 1653
840 1723
841 1648
842 1349
842 1915
843 1700
843 1831
844 1459
845 856
846 1499
846 1668
847 1008
848 1512
848 1616
848 1737
850 1203
850 1205
850 1701
851 1789
852 1246
853 921
853 1728
854 1085
854 1765
855 1140
855 1578
856 882
856 1918
857 1315
858 1066
858 1355
858 1722
860 1103
860 1289
860 1658
860 1706
860 1873
862 888
862 1294
862 1380
862 1499
862 1522
863 1490
864 1539
865 1659
866 1644
866 1747
867 885
867 1627
867 1750
867 1752
867 1966
869 1404
869 1834
870 967
870 1282
870 1294
870 1645
871 1574
872 1214
872 1933
873 999
874 1781
875 924
876 1274
876 1593
878 963
878 1610
879 1665
879 1849
880 1124
880 1686
881 1249
881 1714
881 1780
882 1793
884 1066
886 1462
887 1414
887 1527
887 1971
888 1352
888 1515
889 990
889 1517
890 1419
890 1689
891 1434
891 1632
892 1317
892 1769
892 1923
893 1969
895 1636
899 1735
901 1478
901 1545
901 1633
902 905
902 1862
903 988
903 1442
904 1038
904 1724
904 1964
905 1104
906 1091
906 1765
906 1893
908 1590
909 1291
910 958
910 1116
910 1272
910 1458
910 1863
911 1616
911 1911
912 1440
912 1827
913 1077
913 1082
913 1879
914 1088
914 1139
916 1322
917 1190
917 1951
918 923
918 1423
918 1492
918 1830
919 1598
919 1877
920 1027
920 1621
921 1029
921 1147
924 1672
925 1679
926 1510
926 1827
927 1058
927 1577
927 1754
928 1335
929 953
929 1601
930 1278
930 1360
931 1143
932 1597
932 1699
934 1008
934 1054
934 1471
935 1269
937 1250
937 1882
938 1479
940 1464
940 1876
941 1954
941 1964
943 1100
944 1923
945 1330
949 1616
950 1419
950 1794
951 1015
951 1058
951 1613
952 1015
952 1131
952 1355
952 1860
952 1946
952 1953
953 1459
954 1276
954 1355
954 1662
955 1591
956 1521
956 1769
957 1048
961 1621
963 1139
963 1690
963 1691
966 1106
966 1186
969 1863
970 1283
970 1475
970 1945
971 1121
971 1362
972 1551
973 1021
973 1105
973 1618
973 1735
973 1809
973 1872
974 1427
974 1974
975 1500
976 1539
976 1705
976 1803
977 1433
978 1367
979 1072
980 1220
982 997
982 1238
982 1468
982 1553
985 1361
985 1739
987 1162
988 1404
989 1105
989 1204
989 1751
990 1859
990 1904
991 1113
992 1183
992 1353
993 1250
993 1410
995 1320
995 1717
995 1720
995 1814
998 1111
998 1381
998 1577
998 1779
998 1797
999 1495
999 1612
1001 1181
1001 1604
1002 1551
1003 1055
1003 1259
1003 1427
1003 1502
1004 1050
1005 1252
1005 1970
1006 1576
1006 1705
1007 1547
1007 1830
1008 1140
1010 1046
1010 1094
1010 1792
1010 1895
1011 1158
1013 1018
1013 1668
1016 1160
1016 1734
1016 1805
1017 1204
1017 1299
1017 1728
1018 1073
1018 1954
1020 1034
1020 1262
1022 1168
1022 1218
1022 1773
1022 1783
1023 1131
1024 1103
1024 1632
1024 1796
1025 1045
1025 1777
1026 1179
1026 1904
1027 1498
1027 1645
1029 1261
1029 1781
1030 1810
1031 1511
1032 1764
1034 1039
1034 1843
1034 1865
1035 1889
1035 1939
1036 1093
1036 1497
1036 1869
1038 1969
1039 1254
1039 1698
1040 1258
1040 1361
1041 1296
1041 1627
1041 1798
1042 1178
1042 1591
1043 1283
1044 1608
1045 1213
1045 1554
1046 1489
1046 1688
1047 1225
1048 1924
1049 1203
1049 1608
1050 1265
1050 1409
1051 1116
1051 1862
1052 1142
1052 1630
1053 1907
1055 1550
1057 1142
1057 1191
1058 1247
1059 1775
1060 1149
1060 1607
1061 1520
1061 1590
1062 1278
1062 1855
1062 1924
1064 1288
1065 1301
1065 1501
1066 1207
1067 1427
1068 1670
1068 1808
1068 1854
1069 1228
1069 1632
1070 1249
1070 1792
1071 1239
1071 1483
1073 1119
1073 1932
1075 1265
1076 1754
1077 1290
1078 1234
1078 1705
1079 1557
1079 1987
1080 1741
1081 1659
1082 1096
1082 1252
1083 1173
1084 1087
1084 1366
1087 1995
1088 1169
1088 1443
1088 1524
1088 1975
1090 1304
1091 1263
1091 1311
1092 1213
1092 1414
1093 1562
1094 1153
1095 1638
1096 1926
1097 1341
1097 1783
1098 1577
1098 1581
1098 1659
1099 1380
1102 1628
1103 1320
1103 1850
1105 1357
1105 1944
1105 1994
1107 1817
1107 1947
1108 1311
1110 1768
1111 1296
1112 1431
1113 1755
1114 1905
1115 1157
1115 1240
1115 1621
1115 1774
1115 1819
1116 1132
1116 1196
1117 1189
1117 1461
1117 1553
1118 1256
1118 1988
1121 1344
1122 1659
1123 1330
1124 1275
1124 1773
1125 1199
1125 1723
1125 1935
1126 1155
1126 1156
1126 1787
1126 1823
1127 1144
1127 1709
1127 1761
1128 1316
1129 1718
1130 1174
1130 1398
1131 1270
1131 1771
1132 1272
1132 1409
1132 1531
1134 1497
1134 1555
1134 1793
1135 1215
1135 1807
1136 1460
1139 1596
1140 1221
1140 1845
1141 1933
1142 1148
1142 1630
1142 1689
1145 1222
1145 1692
1146 1276
1147 1483
1148 1636
1149 1167
1149 1554
1150 1435
1150 1921
1151 1219
1151 1875
1153 1387
1153 1687
1153 1837
1153 1880
1154 1214
1154 1322
1155 1240
1155 1786
1156 1709
1157 1626
1158 1377
1158 1936
1159 1643
1160 1967
1161 1709
1161 1944
1162 1501
1162 1507
1162 1517
1164 1441
1164 1848
1165 1867
1167 1186
1167 1522
1167 1763
1168 1615
1168 1870
1173 1296
1173 1323
1174 1837
1174 1955
1175 1388
1175 1421
1176 1581
1178 1697
1178 1714
1179 1261
1179 1643
1179 1692
1180 1746
1182 1664
1184 1806
1185 1627
1186 1499
1189 1305
1189 1883
1191 1313
1192 1338
1193 1775
1193 1806
1193 1952
1193 1990
1194 1509
1194 1742
1195 1882
1197 1263
1197 1477
1197 1497
1198 1231
1199 1261
1200 1856
1200 1953
1201 1648
1202 1722
1203 1613
1204 1298
1205 1261
1206 1473
1206 1864
1207 1879
1209 1229
1209 1847
1210 1415
1210 1494
1210 1610
1210 1673
1210 1873
1210 1915
1210 1981
1211 1981
1216 1264
1217 1565
1218 1928
1218 1936
1219 1527
1219 1982
1219 1987
1220 1329
1220 1826
1220 1951
1223 1515
1224 1360
1224 1868
1225 1319
1225 1700
1226 1976
1227 1620
1227 1837
1228 1394
1228 1633
1229 1345
1229 1678
1229 1890
1230 1456
1232 1965
1234 1825
1235 1509
1237 1669
1238 1938
1239 1478
1240 1523
1241 1306
1241 1424
1241 1764
1242 1583
1243 1260
1243 1356
1244 1813
1244 1883
1245 1380
1245 1425
1247 1357
1247 1780
1248 1910
1249 1391
1249 1734
1251 1539
1251 1914
1252 1339
1252 1385
1252 1493
1254 1326
1254 1469
1254 1929
1254 1971
1256 1582
1257 1557
1257 1769
1258 1461
1259 1330
1259 1487
1259 1901
1260 1267
1261 1534
1264 1369
1266 1594
1266 1888
1267 1823
1267 1873
1269 1788
1269 1982
1271 1391
1271 1540
1271 1991
1272 1536
1273 1388
1274 1296
1274 1553
1274 1770
1277 1379
1277 1655
1278 1289
1279 1511
1279 1787
1281 1887
1282 1428
1282 1466
1283 1445
1284 1579
1284 1585
1285 1464
1285 1899
1285 1934
1286 1936
1288 1323
1289 1665
1290 1753
1292 1490
1295 1999
1297 1425
1298 1577
1300 1431
1300 1781
1301 1403
1302 1791
1302 1928
1304 1538
1305 1906
1305 1933
1306 1595
1306 1625
1306 1759
1307 1462
1307 1833
1307 1862
1308 1500
1309 1403
1309 1518
1309 1913
1310 1369
1312 1515
1313 1385
1313 1991
1314 1777
1316 1432
1316 1667
1317 1828
1318 1332
1319 1481
1319 1635
1321 1990
1322 1456
1323 1907
1324 1762
1325 1433
1327 1859
1332 1361
1334 1497
1335 1847
1335 1952
1336 1615
1336 1935
1337 1873
1338 1750
1339 1612
1343 1422
1343 1520
1343 1782
1344 1892
1346 1933
1347 1851
1347 1976
1348 1354
1349 1798
1350 1738
1352 1880
1353 1769
1353 1902
1354 1658
1355 1853
1357 1595
1358 1443
1358 1827
1360 1922
1362 1711
1362 1902
1366 1470
1366 1978
1367 1384
1367 1633
1368 1570
1368 1690
1368 1861
1369 1828
1371 1922
1372 1447
1372 1859
1375 1513
1375 1662
1377 1427
1377 1709
1377 1762
1379 1605
1379 1889
1380 1792
1382 1799
1383 1924
1384 1879
1386 1573
1386 1590
1387 1977
1388 1671
1388 1727
1390 1703
1390 1927
1392 1732
1393 1975
1393 1996
1394 1613
1395 1574
1395 1700
1396 1652
1397 1698
1397 1768
1398 1435
1399 1733
1400 1667
1400 1882
1402 1891
1404 1482
1409 1653
1409 1884
1410 1508
1411 1669
1412 1641
1414 1848
1415 1846
1416 1464
1416 1543
1416 1827
1418 1645
1419 1871
1419 1896
1419 1964
1420 1433
1420 1583
1420 1731
1423 1879
1426 1515
1426 1779
1426 1986
1432 1488
1433 1608
1433 1820
1433 1912
1435 1484
1435 1739
1436 1787
1437 1579
1438 1446
1439 1690
1440 1921
1441 1587
1442 1443
1443 1501
1444 1974
1445 1456
1445 1467
1445 1522
1445 1845
1452 1692
1455 1778
1456 1545
1457 1525
1457 1725
1459 1718
1459 1779
1463 1954
1464 1484
1466 1798
1467 1512
1467 1529
1468 1855
1468 1998
1472 1935
1474 1697
1474 1731
1476 1954
1477 1732
1478 1596
1479 1495
1479 1645
1480 1701
1480 1719
1481 1674
1481 1822
1483 1751
1484 1521
1487 1871
1490 1876
1492 1853
1492 1954
1494 1930
1502 1732
1504 1515
1504 1788
1504 1979
1506 1659
1508 1853
1509 1949
1510 1573
1510 1731
1511 1603
1511 1825
1513 1787
1517 1710
1524 1823
1524 1944
1526 1713
1527 1700
1532 1562
1533 1769
1536 1883
1538 1641
1539 1755
1539 1872
1540 1754
1541 1964
1542 1632
1544 1674
1545 1757
1547 1781
1549 1917
1550 1577
1550 1878
1552 1752
1553 1934
1555 1750
1556 1665
1559 1603
1560 1594
1560 1996
1561 1613
1563 1773
1565 1591
1565 1705
1567 1722
1568 1692
1568 1721
1568 1775
1568 1790
1569 1791
1573 1737
1573 1932
1574 1670
1574 1847
1579 1624
1582 1718
1582 1751
1583 1810
1584 1822
1587 1672
1590 1818
1591 1660
1592 1636
1595 1933
1597 1866
1600 1717
1601 1811
1604 1664
1606 1619
1607 1764
1611 1727
1612 1810
1615 1960
1616 1652
1618 1713
1618 1893
1619 1802
1619 1878
1620 1915
1621 1712
1625 1806
1625 1833
1625 1962
1627 1970
1630 1737
1634 1741
1635 1974
1636 1705
1638 1639
1640 1895
1641 1681
1641 1920
1642 1752
1644 1963
1647 1749
1651 1657
1651 1799
1651 1922
1655 1791
1656 1703
1657 1867
1662 1994
1667 1674
1672 1917
1673 1947
1674 1750
1676 1719
1677 1689
1682 1888
1684 1969
1686 1995
1689 1719
1690 1703
1690 1996
1691 1855
1691 1914
1692 1723
1692 1844
1696 1852
1697 1931
1698 1793
1699 1858
1701 1759
1707 1872
1711 1724
1712 1838
1712 1904
1713 1723
1714 1864
1715 1887
1722 1993
1724 1928
1724 1952
1734 1780
1737 1867
1738 1837
1740 1751
1743 1755
1743 1829
1744 1831
1748 1802
1750 1841
1750 1931
1753 1851
1756 1972
1757 1785
1760 1926
1763 1793
1763 1859
1763 1860
1769 1948
1769 1976
1771 1792
1771 1855
1776 1929
1778 1942
1781 1792
1785 1835
1785 1980
1789 1799
1789 1861
1790 1899
1796 1978
1804 1999
1805 1825
1810 1814
1810 1916
1834 1997
1837 1870
1837 1956
1840 1942
1847 1943
1851 1986
1853 1977
1862 1960
1866 1883
1881 1974
1890 1932
1890 1946
1907 1976
1914 1931
1914 1935
1917 1944
1933 1979
1970 1991
1983 1993
