2000 2964
8
18
65
83
1
70
15
83
20
1
25
64
37
52
98
17
51
17
74
18
96
69
24
7
20
100
46
62
81
21
87
68
86
58
100
93
74
65
46
86
27
81
22
44
5
10
92
46
96
56
40
52
31
24
22
1
55
71
23
87
62
60
8
74
100
100
14
26
80
78
84
54
32
63
19
75
91
46
71
37
2
9
3
98
87
45
77
54
62
34
30
86
41
93
32
29
68
52
72
20
75
82
56
19
80
21
30
63
15
69
91
84
48
75
59
77
42
100
13
6
65
38
20
8
5
99
84
38
19
72
53
64
35
82
89
82
40
34
21
2
49
58
37
93
3
1
90
71
40
5
58
19
33
40
46
91
77
46
34
54
6
24
79
89
26
6
25
22
45
3
46
26
94
14
70
12
42
22
32
88
90
42
52
98
12
11
56
10
64
26
80
61
96
22
23
61
69
93
44
33
10
68
77
31
71
92
86
8
65
26
89
36
21
32
84
99
77
90
34
42
29
73
74
27
26
25
89
4
43
22
47
79
47
11
80
17
7
99
60
5
30
100
40
46
1
9
29
16
62
11
50
31
10
51
38
26
40
100
21
5
20
39
52
85
71
90
40
19
1
82
9
4
52
72
39
37
54
49
55
74
94
84
25
14
1
83
16
33
3
20
13
23
69
83
20
28
7
49
60
10
70
34
50
81
43
99
22
83
36
35
27
23
47
32
35
24
28
18
58
66
18
4
77
23
58
84
12
27
98
51
50
66
100
25
98
62
71
28
91
26
55
98
8
70
92
53
97
10
88
96
78
72
37
40
1
27
48
44
18
90
26
58
43
26
14
3
65
31
12
96
11
3
69
3
63
64
27
51
100
85
41
3
92
17
7
9
15
88
25
49
19
96
32
16
50
17
5
24
2
89
86
54
92
7
20
42
96
54
81
6
43
90
71
47
6
70
8
92
43
38
7
47
84
17
12
94
15
36
22
37
89
2
60
21
52
71
84
98
31
90
87
80
10
50
56
28
99
90
21
55
13
36
55
91
32
30
98
4
65
13
16
47
22
20
12
37
74
36
43
22
62
63
44
57
8
60
72
56
33
98
16
47
17
25
18
45
13
49
45
99
29
34
63
5
87
55
18
19
44
57
22
44
85
83
37
40
27
70
95
79
11
42
1
60
31
96
32
35
73
4
1
36
28
87
89
70
58
34
19
36
29
94
82
23
27
49
18
85
97
56
81
60
72
26
8
90
65
91
40
69
10
96
51
87
34
93
24
74
46
92
96
98
89
7
18
43
98
80
87
75
53
51
80
60
24
54
28
19
1
88
58
85
39
21
37
25
41
75
30
1
48
34
100
26
84
23
89
28
7
33
42
15
59
10
30
97
58
25
6
94
3
60
93
72
85
23
26
67
13
80
24
72
30
14
76
9
86
63
92
46
12
59
23
44
86
57
85
70
35
89
6
44
85
64
53
61
83
59
35
70
80
21
93
34
11
82
97
54
79
50
44
44
61
88
35
95
58
79
2
42
87
25
10
56
44
7
73
37
21
32
61
19
10
5
77
45
76
79
99
6
81
52
82
19
65
82
10
70
90
46
23
14
40
16
44
29
5
74
78
11
9
52
40
46
89
67
38
6
97
96
14
38
90
41
88
91
53
4
84
15
51
57
54
66
1
3
29
42
48
1
90
55
29
98
58
49
3
29
62
56
70
65
52
37
85
16
80
84
87
71
24
35
67
40
63
5
54
32
28
35
17
70
55
26
45
4
19
16
17
41
64
17
15
91
67
19
55
46
93
56
95
63
91
33
60
30
87
1
1
87
15
17
4
44
99
5
13
50
34
44
60
68
22
49
69
71
60
94
17
91
90
41
89
75
66
55
80
58
29
75
7
90
3
10
49
25
16
43
24
49
88
28
71
23
88
70
37
46
66
27
55
18
63
14
58
77
64
40
52
9
13
41
39
24
93
79
21
3
67
43
34
97
44
91
2
52
16
9
51
72
45
91
76
44
51
1
7
65
79
57
75
40
68
65
47
51
37
74
86
51
59
87
10
63
33
93
67
48
38
83
19
41
9
59
11
38
29
60
33
35
22
71
12
32
15
12
11
72
84
51
78
71
97
10
51
28
65
65
65
40
95
13
65
33
1
67
65
7
43
65
45
5
58
29
8
88
97
52
67
48
90
90
67
57
46
37
42
22
10
70
58
80
94
14
40
8
30
13
11
96
54
96
93
61
95
33
98
97
63
6
5
43
98
91
4
60
46
27
49
10
15
87
55
81
26
98
61
34
97
69
20
94
100
97
28
43
51
71
24
69
8
21
60
6
87
32
55
95
83
95
55
25
57
76
19
95
67
95
62
27
56
12
41
20
26
73
17
51
19
26
79
24
26
54
43
73
72
20
89
61
6
4
22
76
52
32
6
9
74
65
52
38
5
7
78
33
60
6
76
71
35
57
67
77
55
53
57
1
80
51
54
48
20
38
75
16
45
73
6
37
55
70
75
1
24
32
44
73
41
69
1
62
52
48
59
8
69
49
97
45
38
58
65
3
8
34
28
71
63
61
81
62
25
19
98
21
53
87
5
4
56
79
88
27
43
26
87
24
82
55
59
63
43
83
63
51
56
28
32
60
55
43
44
76
41
33
78
3
59
28
75
5
5
48
21
98
10
53
22
65
71
97
73
65
20
52
76
77
53
86
56
95
60
62
15
52
3
19
53
93
68
65
54
38
95
67
48
57
73
10
6
99
18
83
47
72
42
92
56
26
9
12
24
4
77
16
50
7
61
22
94
55
85
67
71
33
76
81
90
67
84
98
9
32
81
23
25
91
52
36
70
45
35
55
8
21
77
16
66
16
77
19
53
63
27
7
49
35
39
16
39
51
75
50
2
66
87
48
77
37
89
75
50
53
39
96
94
97
47
68
68
41
70
34
1
19
82
57
87
84
68
83
7
89
93
85
88
15
48
95
80
35
63
14
24
86
94
60
34
12
45
96
3
77
11
89
59
42
79
91
22
58
11
56
28
7
57
10
25
93
87
88
79
98
56
27
95
25
52
27
24
38
36
72
69
59
89
45
46
10
74
72
96
13
3
66
47
59
23
43
65
98
63
20
4
18
73
84
68
79
24
5
42
90
60
73
32
85
74
39
62
8
92
83
84
20
79
96
30
47
39
32
22
51
1
4
41
65
93
59
19
18
3
7
20
99
13
95
46
85
73
20
57
46
80
25
45
32
18
27
37
58
98
61
4
61
21
32
75
63
72
47
58
98
71
77
67
3
49
70
31
70
39
91
70
30
100
79
89
30
91
36
29
53
49
7
9
40
34
63
4
39
63
87
23
73
33
100
33
58
28
63
80
91
94
69
40
82
2
39
32
66
33
75
71
94
31
92
78
11
54
40
2
62
86
10
55
69
77
82
50
48
50
57
17
42
6
65
68
42
71
11
9
56
99
88
59
42
95
95
89
1
69
63
71
14
27
94
11
38
32
43
3
88
77
85
36
39
57
35
54
15
95
57
86
9
65
96
41
91
99
29
18
71
30
43
42
74
56
55
30
68
41
1
99
25
51
21
48
17
52
77
7
24
62
57
69
91
36
72
61
5
69
77
54
66
64
50
75
23
48
91
74
20
4
60
5
76
51
41
45
11
33
67
34
7
62
62
86
100
65
96
31
22
1
76
93
17
36
36
15
74
36
82
71
83
39
21
13
8
26
13
40
72
92
55
27
63
35
49
88
43
51
76
3
35
6
65
87
81
68
79
6
47
3
20
23
28
65
33
35
74
98
51
89
63
86
2
35
45
63
55
16
68
8
27
84
52
3
85
67
95
40
27
66
38
17
56
77
25
64
85
34
52
28
59
44
13
62
9
22
62
8
77
73
39
67
51
69
56
53
95
80
39
97
67
2
8
39
78
51
65
67
33
88
59
59
6
3
66
19
54
98
22
92
24
51
95
16
25
25
38
66
98
100
13
95
77
41
30
66
12
65
55
35
80
27
93
34
20
35
42
71
18
25
7
74
43
8
4
57
45
93
95
3
93
31
9
39
46
64
86
29
21
100
47
16
94
27
39
12
44
32
3
46
92
7
61
44
64
90
40
24
66
61
18
37
100
75
8
63
66
13
20
77
95
59
14
64
68
6
20
66
48
69
6
67
80
50
85
78
43
22
98
95
4
35
87
92
10
76
99
56
53
12
20
42
62
63
80
14
51
31
37
6
97
53
15
43
14
81
89
58
74
68
43
89
68
30
94
43
69
76
16
16
53
76
27
41
66
64
31
40
61
73
69
64
62
51
74
2
54
100
88
4
51
49
82
11
52
59
39
62
49
51
13
59
11
91
96
97
74
48
31
64
20
48
17
99
32
1
35
23
53
70
100
16
68
99
63
48
43
92
78
53
37
67
37
19
91
71
90
10
3
74
42
84
56
83
22
99
6
31
58
14
84
95
43
12
38
5
59
44
42
22
96
58
25
40
14
70
4
15
27
66
96
27
67
92
87
27
49
78
38
8
25
27
89
11
52
0 616
0 853
1 443
1 650
1 907
2 166
2 576
2 845
3 220
3 1978
4 1007
5 196
5 266
5 495
5 645
5 833
6 389
6 398
6 1063
6 1935
7 276
7 536
7 667
8 53
8 415
8 490
8 918
9 1061
9 1854
10 435
10 507
11 110
11 283
11 381
11 1003
12 1336
12 1794
13 310
13 446
13 1043
13 1822
14 1232
14 1332
14 1476
14 1562
15 315
15 1264
15 1518
15 1674
15 1709
16 1290
16 1591
17 31
17 92
17 1271
17 1285
17 1753
18 640
18 652
18 1470
19 611
20 222
20 1804
20 1807
21 148
21 939
21 1801
22 145
22 234
22 1738
23 180
23 1173
23 1779
24 1686
24 1753
25 974
26 519
26 849
27 1685
27 1767
27 1821
28 54
29 992
30 510
30 845
30 1996
31 368
31 757
32 1741
32 1952
33 821
33 1592
33 1606
33 1656
33 1752
34 72
34 74
34 712
34 1075
34 1685
35 494
35 672
35 826
35 1598
36 376
36 1572
36 1591
37 683
37 779
37 1103
37 1111
37 1177
37 1354
38 709
39 220
39 1860
40 233
40 348
40 667
40 1303
41 1944
42 199
42 272
42 910
42 1984
43 1033
44 235
44 268
44 398
44 1265
44 1872
45 1735
46 281
46 1093
46 1960
47 77
47 127
47 476
47 1071
47 1143
47 1279
48 1238
49 1524
49 1875
50 79
50 1152
50 1238
50 1479
51 205
51 392
51 592
51 1811
51 1858
51 1876
52 597
52 1174
53 1159
54 790
54 1319
55 99
55 475
55 901
55 1798
55 1902
56 1756
57 202
57 505
57 710
57 1322
59 259
59 1398
59 1421
59 1902
60 1174
60 1809
61 198
61 1559
62 182
62 467
62 1229
63 228
63 1542
64 1440
64 1562
64 1740
64 1851
66 216
66 1945
67 554
68 1009
68 1164
68 1174
68 1266
68 1771
69 395
69 468
69 1783
70 326
70 1194
70 1201
70 1323
70 1336
70 1430
70 1913
71 1411
72 429
72 848
72 1363
73 1085
73 1301
73 1484
73 1819
73 1867
74 248
74 371
74 621
74 798
74 892
74 1670
75 537
76 85
76 139
76 226
76 579
76 674
76 720
77 341
77 720
78 208
78 1961
79 264
79 435
79 700
80 380
81 108
81 497
81 1427
81 1490
81 1675
82 277
82 383
82 455
82 1227
83 971
84 363
84 681
84 797
84 1210
84 1363
84 1430
85 481
85 1341
86 469
86 488
86 816
86 1383
86 1774
86 1880
87 421
87 680
87 699
88 149
88 892
88 1755
89 1153
89 1227
89 1845
90 574
90 1042
90 1787
90 1872
90 1898
91 1932
92 879
92 1124
93 1261
93 1576
94 823
95 715
95 1165
95 1793
96 377
96 675
96 1341
96 1636
97 577
97 628
97 716
97 1035
97 1654
98 223
98 1266
99 320
99 847
99 1005
99 1037
99 1172
99 1566
99 1837
99 1932
100 323
101 110
101 1013
101 1247
102 821
102 1021
102 1235
102 1966
103 846
103 961
103 1136
104 858
104 988
104 1184
104 1229
104 1538
105 525
105 1643
106 740
106 1394
106 1828
108 1853
109 836
109 1051
110 443
110 767
110 965
110 1552
110 1723
111 679
111 1121
112 1185
112 1267
112 1952
113 1662
114 496
114 1635
115 1028
115 1244
116 400
116 637
116 1058
116 1434
117 881
117 1040
118 842
118 1500
118 1756
119 396
119 425
119 1324
119 1442
119 1508
120 588
120 1495
121 1866
122 990
122 1401
122 1427
123 176
123 774
123 1059
123 1523
123 1933
124 899
124 970
124 1169
124 1674
125 311
125 1543
125 1986
126 152
126 326
126 432
126 681
126 1184
126 1841
127 269
128 189
128 442
128 1373
128 1541
128 1611
129 1046
130 1100
130 1397
130 1498
130 1990
131 132
131 390
131 760
131 803
131 1871
132 1173
133 1007
134 194
134 265
134 1693
134 1847
134 1961
135 619
135 1299
135 1708
136 1203
136 1432
137 726
137 1339
138 524
138 714
138 939
138 1024
138 1162
138 1239
138 1555
139 622
139 1574
140 156
140 171
140 618
140 959
140 1039
141 1256
141 1338
141 1459
141 1794
142 1058
142 1140
142 1632
142 1888
143 445
143 1893
144 671
144 1333
144 1427
145 1034
145 1131
145 1193
145 1567
146 570
146 1180
146 1610
147 1230
148 1707
148 1946
149 1724
150 1066
150 1596
151 513
151 745
151 1339
151 1354
151 1647
151 1801
152 578
152 792
152 1967
153 973
153 1028
153 1368
153 1581
154 471
154 771
154 790
154 951
154 1484
155 371
155 551
156 1117
156 1251
156 1302
157 1601
158 181
159 289
159 1816
159 1921
160 407
160 1115
160 1628
160 1944
161 261
161 607
161 925
161 1437
162 473
162 1704
162 1795
163 502
163 960
163 1579
164 322
165 591
165 789
165 828
165 1325
165 1472
165 1681
166 1096
167 847
167 882
168 452
168 591
169 180
169 885
169 927
171 1094
171 1398
171 1594
172 326
172 437
172 493
172 575
172 1007
172 1657
172 1767
173 1074
173 1740
173 1997
174 234
174 1244
175 990
175 1198
176 930
176 1665
176 1969
177 250
177 979
177 1806
177 1868
178 460
179 644
179 1745
180 1166
180 1953
181 293
181 1060
181 1777
181 1788
182 1253
183 211
183 482
183 598
183 994
183 1848
184 890
184 1522
185 516
185 1269
185 1457
185 1806
186 1913
188 385
188 840
188 1182
190 955
191 250
191 950
191 1537
191 1896
192 431
192 531
192 831
192 1483
193 290
193 393
194 287
194 492
194 899
194 1999
196 464
197 425
197 1194
197 1218
198 469
199 417
199 880
199 1104
199 1196
200 1550
201 593
201 693
201 1480
201 1528
202 536
202 772
202 1275
203 1020
203 1703
205 929
206 678
206 905
206 1453
206 1613
207 346
207 660
207 786
207 910
208 1499
209 1023
209 1199
210 354
210 617
211 298
211 551
212 1059
212 1967
213 1061
214 1195
214 1738
214 1990
215 308
215 1135
215 1240
216 400
216 453
216 1059
216 1715
217 814
217 1348
219 594
219 697
219 1575
220 595
221 727
222 491
222 893
222 975
223 525
223 685
224 958
224 1579
224 1595
224 1971
226 845
227 267
227 329
227 1032
227 1090
228 756
228 772
228 1446
229 492
230 778
231 375
231 1325
231 1811
232 1134
232 1952
233 671
233 679
233 1584
233 1815
234 302
235 465
235 1143
235 1172
236 499
236 1169
237 473
237 1189
237 1871
238 623
238 1749
239 780
240 301
240 579
240 828
241 354
242 893
243 420
243 429
243 462
243 605
243 996
244 989
245 528
245 766
245 1004
246 969
246 1605
246 1641
247 575
247 783
248 1033
248 1674
249 338
249 348
249 441
249 852
249 1033
250 598
250 976
250 1295
252 563
252 844
252 1407
252 1560
254 416
254 934
254 1360
254 1448
254 1900
255 1101
256 1057
256 1615
256 1976
257 710
257 1450
257 1582
258 1099
258 1106
258 1849
259 546
259 1388
259 1710
260 928
260 976
261 803
261 1394
263 1027
264 833
264 1686
264 1783
267 497
267 505
267 1484
268 918
269 948
269 1574
269 1817
270 638
270 949
270 1020
270 1704
272 1513
273 487
273 804
273 1366
274 375
274 682
274 1873
275 1471
276 305
276 1115
277 1122
277 1130
278 1591
278 1650
278 1653
278 1809
279 998
279 1989
280 447
280 1107
281 899
281 925
281 1917
283 1230
283 1702
284 818
284 1993
285 871
286 768
286 1799
287 870
287 1641
287 1719
288 429
288 1052
289 880
289 1400
289 1531
290 738
290 748
290 809
291 878
292 324
292 1949
293 1243
293 1331
295 538
295 612
295 1722
296 910
296 1271
296 1331
296 1817
296 1883
297 1847
298 649
298 746
299 1924
300 820
301 423
301 779
302 1413
304 1950
305 780
305 1227
306 489
307 1929
307 1957
308 1597
309 371
310 436
310 1750
311 941
311 1330
311 1866
312 508
312 644
312 869
312 1192
312 1381
313 1333
314 1638
315 384
315 437
315 1260
316 1166
316 1234
316 1596
316 1835
317 605
317 1730
317 1911
318 741
318 1098
318 1338
318 1433
319 635
319 646
319 1148
319 1319
319 1562
320 926
320 1499
320 1785
321 339
322 642
323 420
324 747
324 989
325 436
326 1531
327 887
327 1092
327 1409
327 1435
327 1461
327 1946
328 565
328 1737
329 902
329 1331
329 1620
330 1466
330 1679
332 707
332 1513
332 1905
332 1908
332 1922
333 642
333 1283
333 1445
333 1560
333 1859
334 360
334 924
334 1608
334 1773
334 1774
335 1725
336 721
336 1396
336 1498
337 789
337 841
338 385
338 841
338 897
339 780
339 854
340 1215
340 1224
341 675
342 737
342 1095
343 831
343 1249
344 418
345 1629
345 1834
346 883
349 1478
350 1500
350 1777
351 1503
352 1708
353 439
353 636
353 945
353 1039
353 1319
353 1330
353 1625
356 1853
357 1142
357 1370
357 1641
357 1825
358 805
359 655
359 782
359 1025
359 1168
359 1456
360 488
360 1372
360 1654
361 518
361 686
361 1324
362 721
362 1684
362 1710
363 1005
363 1186
363 1352
364 489
364 1481
364 1866
366 1692
367 941
367 1251
367 1724
367 1871
368 1381
369 541
369 1182
370 1511
370 1735
370 1753
371 1127
371 1582
372 1515
372 1658
372 1698
373 865
373 922
375 507
376 430
376 490
376 675
376 1168
376 1356
376 1888
378 797
378 1634
378 1668
378 1670
379 852
379 1135
379 1655
379 1908
379 1974
380 1069
381 710
381 886
381 1777
381 1853
382 406
382 523
382 654
382 677
382 1935
383 594
383 1916
384 1722
385 1065
386 609
386 663
386 789
386 893
386 921
387 493
387 1610
387 1620
387 1824
388 1139
388 1938
389 474
390 940
390 1528
391 1442
392 395
392 943
392 1019
392 1385
393 840
393 1165
393 1272
394 704
394 1097
394 1455
394 1712
395 644
395 983
395 1328
396 556
396 763
396 1203
398 495
398 1175
398 1380
398 1663
400 774
400 960
400 1182
401 1258
401 1430
402 656
402 1011
403 1177
403 1673
404 710
406 1000
406 1797
407 605
407 628
407 1103
408 846
408 960
409 597
409 1690
411 567
411 813
411 1481
411 1488
411 1856
412 834
412 1879
413 1245
413 1980
414 799
414 839
415 1027
415 1111
416 934
416 1221
417 632
417 1040
417 1481
418 424
418 1432
418 1867
419 659
419 771
419 857
419 1012
419 1124
420 571
420 1726
421 951
421 1117
421 1410
421 1662
422 855
422 1286
422 1510
423 1440
423 1988
424 666
425 1158
425 1426
426 877
426 1584
427 1574
427 1889
428 447
428 1200
428 1278
428 1684
428 1710
428 1957
429 1078
429 1333
429 1363
430 644
430 1052
431 592
431 771
431 1677
431 1915
432 983
432 1222
433 828
433 1577
433 1843
435 696
435 841
435 1169
435 1179
435 1431
436 653
436 1363
436 1827
437 583
437 860
437 1522
437 1824
438 544
438 1381
438 1686
438 1750
439 747
439 1913
440 576
440 1788
441 1492
441 1634
442 1141
443 462
443 507
443 794
443 1777
443 1881
444 524
444 702
444 805
444 835
445 551
445 792
447 1773
448 737
448 1261
448 1415
450 619
450 1488
451 626
452 570
452 1797
453 714
453 1272
454 524
454 535
454 576
454 771
454 793
454 1204
455 656
455 931
455 932
455 1542
456 653
456 1390
457 1709
458 737
458 868
458 957
458 1116
458 1248
459 1102
459 1585
460 901
462 464
462 1301
462 1905
463 1094
463 1230
464 821
464 1110
464 1467
465 739
465 936
465 1559
467 1989
468 1500
469 525
469 1339
469 1723
470 1532
471 968
471 1524
471 1951
472 1183
472 1218
472 1519
472 1810
473 499
473 1287
473 1732
474 1036
474 1254
474 1493
475 870
475 961
475 1349
476 1121
476 1454
476 1691
476 1859
476 1950
477 606
477 1173
477 1934
478 525
478 1322
478 1538
479 675
479 1926
480 949
480 1383
480 1581
480 1719
481 817
481 1064
481 1726
481 1872
482 861
483 595
484 664
484 1356
485 1005
485 1477
486 565
486 579
487 919
488 1573
489 1829
490 1001
490 1007
490 1620
490 1841
491 853
491 1237
492 1330
492 1495
493 856
493 1146
493 1418
493 1932
494 798
494 1341
494 1651
494 1919
495 933
495 954
495 1996
496 678
496 1074
496 1229
497 1836
498 1754
499 1342
499 1467
500 622
500 782
501 860
502 1323
502 1535
502 1725
503 613
503 893
503 1325
503 1618
503 1648
503 1822
503 1977
504 944
504 1499
504 1657
505 1349
505 1442
505 1597
506 1062
506 1373
506 1795
506 1971
507 1268
507 1816
508 721
508 975
508 1378
508 1840
510 623
510 832
510 1393
510 1559
511 812
512 581
512 733
512 1477
513 1880
514 790
514 1071
515 1004
515 1525
518 534
518 718
518 1928
519 1210
520 735
520 1145
520 1199
520 1391
521 723
521 1009
522 1139
522 1207
523 1623
524 582
524 1518
524 1869
525 1072
525 1709
526 1277
526 1947
527 1059
527 1566
528 733
528 1854
528 1972
529 747
529 1133
529 1299
529 1918
530 640
530 1378
530 1628
531 689
531 1172
532 1512
532 1584
533 576
533 1087
533 1095
533 1462
534 1338
534 1505
534 1929
536 1423
536 1679
537 1023
537 1480
537 1767
539 1379
539 1489
539 1512
540 834
540 965
541 1381
541 1408
542 733
542 910
542 1099
543 649
543 802
543 1386
546 687
546 1213
546 1257
546 1357
547 614
547 1623
547 1640
548 567
550 908
550 973
551 1014
552 1831
553 1865
554 1357
554 1958
555 641
555 780
555 1923
556 619
556 750
556 969
556 1001
557 696
557 1200
557 1495
557 1549
558 625
558 1424
558 1528
558 1646
559 1743
560 670
561 1039
561 1384
561 1551
561 1955
562 693
562 818
563 681
564 1298
564 1322
564 1353
564 1493
564 1604
565 1319
565 1815
568 990
568 1223
569 1235
570 1797
571 1875
572 1902
573 993
573 1077
573 1336
574 704
574 1362
575 1465
575 1543
575 1701
575 1902
576 936
576 1482
576 1643
577 1457
577 1481
577 1850
578 1311
578 1803
579 1117
579 1126
580 1877
581 1387
581 1647
583 1383
583 1595
583 1607
583 1958
584 1093
584 1133
586 1073
587 668
587 1664
587 1968
589 786
589 1629
590 981
590 1479
592 787
592 1390
592 1635
592 1791
593 1826
594 1035
594 1068
594 1520
594 1817
595 996
596 1048
596 1401
596 1652
596 1842
598 997
599 1282
600 1676
601 1245
601 1275
601 1868
602 893
602 1541
602 1619
603 1605
604 842
604 868
605 615
605 1443
605 1513
606 1443
606 1664
606 1810
607 929
607 1436
607 1711
608 915
608 1258
608 1995
609 1673
609 1713
610 777
610 1428
610 1472
611 687
611 951
611 1952
612 1189
612 1866
612 1927
613 666
613 1830
613 1928
614 733
614 988
614 1006
614 1299
615 1214
615 1241
615 1465
616 1450
616 1762
617 915
617 1078
618 947
619 749
619 1782
619 1864
620 1256
620 1513
620 1714
620 1943
621 1215
622 1739
623 1522
624 711
624 1140
624 1648
625 705
625 945
625 1483
626 779
626 1002
627 1170
627 1389
628 893
628 1378
629 692
629 699
629 933
630 1166
630 1524
631 1092
631 1841
633 1147
633 1262
633 1899
634 1165
634 1881
635 850
635 854
635 985
635 1075
636 1129
637 1350
637 1973
638 749
638 1541
639 1044
639 1495
640 851
640 900
640 1721
642 1057
642 1172
642 1520
642 1731
643 736
643 1749
643 1754
644 835
645 654
645 957
645 993
645 1070
646 1386
646 1963
647 1274
648 896
648 1363
648 1895
649 1213
650 922
650 1266
650 1638
650 1733
650 1865
650 1964
651 1712
652 1003
652 1041
654 1067
654 1077
654 1828
655 1336
655 1558
656 958
656 960
656 1250
656 1622
657 707
657 1422
658 1291
658 1472
658 1840
658 1944
659 1266
661 771
661 1016
661 1647
662 724
662 797
662 1070
662 1213
662 1394
662 1512
662 1700
663 681
663 745
663 1109
664 1111
664 1269
664 1643
664 1776
665 980
665 1622
665 1782
665 1949
666 1233
666 1974
667 1494
668 1102
668 1341
668 1823
668 1835
669 872
669 1096
669 1846
670 1893
672 905
672 1179
672 1367
673 936
673 998
673 1886
674 789
674 948
674 1022
674 1650
675 1076
676 1170
676 1287
677 1357
677 1934
679 712
679 821
680 816
680 1107
680 1869
680 1948
683 1042
683 1167
683 1710
684 726
684 1173
685 1012
685 1730
686 1883
687 1150
687 1416
687 1976
688 1271
688 1931
689 1430
689 1432
689 1660
690 1302
690 1327
691 1365
691 1897
691 1962
691 1976
693 852
693 943
693 1776
694 1322
694 1455
695 756
695 1188
695 1338
695 1362
696 1106
696 1940
697 952
697 1085
697 1133
698 971
699 1137
699 1372
699 1621
700 787
700 975
700 1431
701 1482
702 995
703 922
703 1212
703 1763
703 1848
704 1260
704 1594
704 1802
705 1617
706 879
706 972
707 1368
708 1639
708 1721
708 1835
709 983
709 1303
709 1316
709 1650
711 792
711 1340
711 1613
711 1780
713 798
714 1821
715 1061
715 1700
715 1948
715 1989
716 1055
717 1058
717 1522
717 1682
718 1709
718 1858
719 1238
719 1965
721 1129
721 1596
721 1861
722 1277
722 1278
723 863
723 1164
723 1307
723 1856
724 867
725 1146
725 1727
726 1556
727 1318
727 1850
728 810
728 1015
729 971
729 1057
730 1994
731 913
731 971
731 1166
731 1357
731 1401
731 1976
732 1218
732 1941
733 872
733 1216
733 1649
733 1909
734 1266
735 1164
736 980
736 1356
737 1274
737 1323
738 1843
738 1867
739 1096
740 1196
740 1754
740 1763
741 1750
742 1290
742 1548
743 1498
744 1229
744 1267
744 1446
745 845
745 1628
745 1843
746 1733
748 789
748 905
748 1301
748 1607
749 900
749 1511
749 1711
751 1522
751 1599
752 873
752 1549
753 1991
754 1493
755 1337
755 1517
755 1571
756 1680
756 1897
757 971
757 1661
757 1882
758 1887
759 1197
759 1239
759 1427
759 1472
760 1421
761 1639
761 1962
762 1546
762 1700
762 1776
763 833
763 1082
763 1492
763 1717
764 1803
766 1415
767 956
767 1764
768 1154
768 1168
768 1764
768 1915
770 1356
771 1313
771 1668
772 1812
773 801
773 1559
773 1638
774 1189
774 1446
775 996
775 1254
775 1462
775 1723
775 1895
776 1475
776 1500
777 986
777 1561
779 1603
780 1484
780 1559
780 1936
781 1040
781 1243
782 1493
783 1083
783 1822
784 862
785 1016
785 1404
785 1618
785 1851
786 949
786 1945
787 1029
787 1306
787 1747
788 1250
788 1370
788 1664
790 1695
790 1780
790 1813
791 957
791 1113
792 803
792 1008
792 1194
793 1198
793 1361
793 1631
793 1745
794 915
794 1005
794 1741
795 1217
795 1673
795 1862
796 1994
797 893
798 887
798 1535
799 1080
799 1358
799 1417
799 1515
800 968
800 1700
802 1129
802 1946
803 831
803 1215
803 1341
803 1875
803 1906
803 1973
804 1468
805 1497
806 1356
807 1355
808 1220
808 1566
809 1294
811 954
811 1478
812 1322
812 1718
814 1045
814 1476
816 1110
816 1299
817 1833
817 1868
818 880
819 1571
820 1035
820 1448
821 1109
822 1283
822 1803
823 886
823 1059
823 1419
823 1815
824 881
824 1470
824 1617
826 919
826 938
826 1468
826 1873
826 1898
827 1381
827 1413
827 1716
827 1934
828 1446
829 1468
830 1421
831 1213
832 1265
832 1482
833 1691
836 1383
837 991
838 1358
838 1871
839 993
839 1001
840 1010
840 1293
842 1654
843 1324
843 1575
844 1639
845 890
845 1428
846 1560
846 1876
847 1781
849 977
849 993
850 1263
850 1521
850 1578
851 1541
852 888
853 1100
853 1204
855 1323
857 899
858 1517
858 1686
858 1696
859 1543
860 984
860 1130
861 971
862 1126
863 1974
864 921
864 1307
865 963
865 1580
866 1644
866 1767
866 1914
867 1001
868 1239
868 1250
868 1601
869 1133
869 1171
869 1184
869 1520
869 1588
869 1646
870 1377
870 1816
871 1432
871 1574
872 905
872 1778
873 908
873 1594
873 1742
873 1827
874 1471
877 1163
878 1155
878 1694
880 1046
880 1484
880 1850
881 1489
882 1210
882 1759
883 1361
883 1649
883 1924
885 970
885 997
885 1031
885 1404
886 1014
886 1083
888 954
888 1466
888 1820
889 927
890 1788
891 1311
891 1572
892 1214
893 1481
894 1285
894 1302
897 1547
897 1815
897 1957
897 1976
898 907
898 1125
898 1148
899 1238
900 1388
901 1188
901 1682
902 918
902 935
902 1592
902 1854
903 978
903 1695
903 1859
904 1811
905 1455
905 1640
905 1725
905 1966
906 1539
906 1702
906 1894
907 1461
907 1904
908 1351
908 1829
909 985
909 1000
910 1606
910 1952
911 1693
912 1505
912 1600
913 1627
913 1969
915 995
915 1571
916 1024
916 1923
917 1001
917 1074
917 1168
917 1774
918 929
918 1453
918 1700
919 1207
919 1993
920 1116
921 1085
921 1766
922 1672
922 1841
923 1040
923 1261
923 1422
923 1616
925 1550
925 1628
925 1712
925 1801
926 1114
927 1182
927 1602
927 1887
927 1996
928 973
928 1003
928 1285
928 1810
928 1874
929 1334
929 1689
929 1843
929 1846
930 979
931 1837
931 1859
934 1130
934 1541
935 1038
936 1755
936 1765
937 1189
937 1344
937 1986
938 1056
938 1408
940 1570
942 1126
942 1786
944 1241
944 1378
945 1078
945 1715
945 1755
945 1943
946 1625
946 1701
947 1122
949 1929
950 1141
950 1723
951 1287
951 1749
952 1191
952 1684
952 1922
953 1306
956 1803
958 1723
958 1807
959 1060
959 1777
961 1408
962 1176
962 1502
963 1847
963 1900
967 1454
967 1514
970 1882
971 1009
971 1666
972 1104
972 1336
972 1625
972 1981
973 1023
974 1316
974 1996
975 1185
975 1718
976 1447
978 984
978 1325
980 1008
980 1841
981 1210
981 1257
981 1446
981 1512
983 1281
983 1755
984 1043
984 1594
985 1221
985 1980
986 1811
988 1935
989 1700
990 1118
991 1340
991 1562
991 1818
992 1038
993 1760
995 1209
995 1394
996 1235
997 1730
997 1907
998 1009
998 1427
998 1585
999 1679
1001 1476
1002 1320
1003 1393
1004 1312
1004 1715
1005 1281
1005 1410
1007 1521
1008 1054
1008 1259
1009 1270
1010 1285
1010 1566
1010 1832
1010 1954
1011 1546
1012 1354
1012 1358
1012 1526
1012 1788
1012 1817
1014 1399
1014 1403
1014 1576
1014 1971
1016 1382
1019 1783
1020 1197
1020 1644
1020 1648
1021 1030
1021 1091
1021 1491
1021 1642
1022 1208
1022 1382
1022 1918
1023 1059
1023 1467
1024 1943
1025 1748
1026 1083
1026 1324
1026 1492
1026 1900
1027 1151
1028 1346
1028 1406
1028 1652
1028 1667
1029 1493
1030 1801
1031 1104
1032 1105
1032 1584
1033 1655
1034 1599
1035 1093
1036 1327
1037 1317
1040 1122
1040 1173
1040 1870
1041 1767
1042 1869
1043 1717
1044 1967
1045 1830
1047 1335
1047 1676
1047 1736
1048 1484
1049 1869
1050 1823
1050 1895
1051 1319
1052 1823
1053 1458
1053 1520
1054 1910
1055 1554
1055 1888
1056 1325
1056 1807
1057 1203
1057 1578
1058 1850
1060 1857
1060 1956
1061 1687
1061 1721
1062 1208
1064 1477
1064 1897
1065 1354
1065 1737
1066 1553
1066 1899
1067 1746
1067 1883
1068 1730
1069 1397
1070 1765
1071 1292
1071 1688
1071 1786
1071 1810
1072 1303
1074 1525
1075 1663
1075 1739
1077 1144
1078 1408
1079 1312
1079 1653
1080 1558
1081 1381
1081 1449
1082 1978
1084 1271
1084 1464
1084 1834
1085 1618
1086 1982
1087 1930
1089 1265
1090 1131
1092 1146
1092 1924
1094 1797
1096 1536
1097 1185
1097 1754
1098 1714
1099 1277
1099 1448
1102 1309
1103 1828
1103 1917
1104 1739
1104 1754
1105 1747
1107 1417
1107 1870
1108 1569
1109 1224
1109 1762
1109 1884
1110 1149
1110 1201
1110 1552
1110 1579
1111 1345
1111 1518
1111 1957
1112 1170
1112 1231
1112 1859
1112 1865
1113 1164
1113 1714
1113 1799
1113 1864
1114 1584
1116 1339
1116 1361
1116 1368
1116 1668
1116 1780
1117 1137
1117 1837
1118 1800
1120 1393
1121 1396
1122 1286
1122 1632
1123 1645
1123 1951
1125 1840
1126 1500
1126 1512
1127 1265
1128 1458
1128 1998
1130 1504
1130 1698
1132 1428
1132 1920
1134 1412
1134 1453
1134 1837
1134 1925
1135 1316
1138 1260
1138 1783
1138 1858
1139 1489
1139 1658
1140 1464
1142 1152
1142 1209
1142 1591
1142 1606
1142 1702
1142 1963
1143 1527
1144 1338
1145 1375
1145 1827
1146 1600
1146 1694
1146 1996
1148 1358
1148 1574
1150 1818
1152 1333
1152 1772
1152 1914
1154 1156
1154 1239
1155 1874
1156 1466
1157 1371
1158 1238
1159 1345
1160 1349
1161 1181
1161 1856
1163 1499
1163 1886
1163 1963
1163 1990
1164 1481
1165 1470
1165 1796
1166 1858
1167 1475
1168 1920
1169 1334
1169 1436
1170 1182
1170 1440
1171 1333
1171 1691
1171 1741
1172 1216
1172 1580
1172 1909
1173 1674
1173 1824
1174 1300
1174 1709
1175 1532
1178 1279
1180 1944
1182 1306
1183 1745
1183 1838
1184 1269
1184 1306
1184 1501
1186 1809
1186 1857
1189 1354
1191 1576
1192 1315
1192 1643
1194 1814
1195 1795
1195 1898
1196 1686
1196 1769
1196 1979
1197 1406
1197 1769
1198 1798
1199 1342
1199 1465
1201 1345
1203 1501
1204 1664
1204 1741
1204 1849
1205 1230
1206 1553
1208 1548
1209 1285
1209 1990
1210 1626
1210 1996
1211 1473
1211 1596
1213 1668
1213 1968
1214 1610
1214 1777
1215 1367
1215 1913
1216 1353
1218 1884
1219 1310
1219 1690
1219 1764
1220 1621
1220 1691
1220 1865
1222 1465
1222 1826
1224 1564
1224 1846
1225 1924
1228 1811
1230 1272
1230 1815
1234 1750
1236 1975
1239 1603
1240 1569
1241 1934
1242 1665
1242 1933
1243 1299
1243 1828
1244 1420
1245 1360
1245 1607
1247 1322
1249 1531
1250 1884
1251 1956
1251 1993
1252 1692
1252 1763
1252 1903
1252 1950
1254 1730
1256 1638
1256 1694
1256 1822
1257 1445
1257 1775
1260 1465
1260 1701
1263 1535
1263 1617
1264 1805
1264 1965
1265 1871
1268 1762
1269 1398
1270 1636
1270 1814
1272 1303
1272 1475
1273 1602
1274 1625
1274 1654
1276 1413
1276 1931
1277 1403
1277 1630
1279 1670
1279 1786
1280 1826
1282 1704
1282 1805
1282 1892
1283 1289
1283 1481
1284 1473
1286 1377
1287 1512
1287 1618
1288 1720
1289 1784
1290 1901
1292 1705
1292 1973
1294 1379
1295 1399
1299 1950
1300 1938
1303 1322
1303 1351
1303 1629
1305 1307
1305 1654
1306 1872
1308 1493
1310 1855
1311 1981
1313 1323
1313 1836
1315 1768
1316 1473
1316 1606
1317 1560
1318 1518
1318 1855
1319 1377
1319 1968
1322 1873
1322 1958
1323 1435
1323 1966
1324 1667
1324 1781
1326 1799
1326 1806
1326 1832
1326 1981
1328 1390
1328 1860
1329 1451
1329 1644
1329 1885
1330 1997
1331 1655
1331 1733
1331 1740
1333 1754
1334 1875
1335 1511
1336 1997
1337 1896
1338 1964
1339 1377
1339 1480
1339 1702
1340 1794
1340 1840
1340 1865
1342 1571
1342 1890
1342 1923
1346 1451
1346 1487
1347 1583
1347 1665
1348 1364
1348 1553
1348 1839
1348 1887
1349 1537
1350 1643
1350 1759
1352 1443
1355 1597
1356 1462
1356 1539
1356 1891
1357 1763
1359 1755
1360 1363
1363 1389
1363 1673
1364 1874
1365 1772
1366 1516
1367 1426
1367 1477
1368 1917
1369 1460
1369 1480
1369 1746
1372 1948
1373 1638
1373 1892
1375 1566
1377 1819
1377 1996
1378 1568
1380 1592
1382 1852
1385 1486
1388 1542
1388 1701
1388 1708
1389 1644
1389 1648
1390 1539
1390 1611
1396 1562
1400 1575
1401 1949
1402 1646
1407 1517
1407 1616
1408 1475
1412 1672
1414 1825
1415 1654
1415 1983
1416 1842
1417 1435
1420 1935
1422 1711
1425 1520
1425 1660
1425 1669
1427 1605
1427 1707
1432 1524
1432 1810
1433 1460
1433 1941
1434 1686
1435 1616
1437 1780
1437 1979
1440 1709
1441 1688
1442 1686
1443 1446
1443 1788
1444 1519
1446 1450
1446 1517
1447 1898
1450 1968
1451 1573
1451 1727
1455 1836
1457 1533
1457 1663
1457 1924
1459 1819
1460 1552
1460 1793
1463 1964
1464 1867
1465 1571
1469 1920
1470 1817
1471 1813
1475 1610
1477 1925
1478 1615
1480 1526
1481 1516
1481 1728
1482 1599
1482 1947
1484 1884
1485 1731
1485 1751
1486 1729
1486 1877
1493 1999
1497 1768
1498 1988
1499 1618
1500 1870
1501 1799
1501 1983
1503 1630
1503 1828
1508 1609
1509 1584
1510 1636
1510 1965
1514 1714
1516 1620
1516 1669
1522 1743
1524 1829
1526 1896
1527 1859
1528 1918
1529 1615
1529 1663
1530 1547
1530 1574
1531 1994
1534 1703
1535 1836
1540 1799
1540 1937
1542 1757
1542 1841
1544 1764
1545 1644
1546 1899
1549 1724
1551 1619
1552 1685
1555 1881
1559 1594
1559 1664
1560 1642
1560 1975
1562 1640
1563 1660
1564 1596
1564 1682
1569 1737
1570 1794
1570 1893
1570 1995
1572 1962
1573 1686
1573 1891
1575 1768
1576 1663
1576 1891
1576 1895
1576 1975
1577 1803
1577 1821
1579 1837
1585 1596
1586 1957
1586 1991
1587 1790
1588 1863
1589 1735
1589 1738
1590 1875
1594 1703
1594 1979
1598 1798
1601 1712
1601 1825
1612 1622
1616 1835
1621 1653
1624 1677
1624 1881
1629 1993
1630 1975
1631 1715
1635 1661
1637 1638
1639 1697
1641 1687
1643 1699
1643 1805
1646 1764
1646 1899
1647 1753
1649 1732
1650 1870
1654 1918
1655 1814
1657 1914
1658 1882
1663 1736
1663 1871
1663 1953
1664 1869
1669 1932
1674 1713
1678 1739
1679 1748
1680 1790
1680 1909
1680 1942
1681 1745
1683 1958
1684 1946
1685 1693
1685 1960
1687 1880
1690 1737
1691 1821
1691 1956
1693 1850
1699 1987
1700 1727
1701 1955
1705 1939
1706 1788
1706 1840
1711 1888
1712 1751
1713 1953
1713 1955
1721 1838
1721 1853
1721 1905
1721 1938
1723 1834
1725 1982
1726 1729
1726 1870
1735 1957
1743 1918
1746 1811
1748 1801
1750 1823
1751 1917
1753 1876
1758 1991
1761 1984
1761 1986
1762 1915
1763 1790
1764 1944
1769 1923
1771 1855
1778 1923
1782 1954
1786 1843
1788 1814
1794 1969
1795 1816
1797 1935
1806 1989
1807 1927
1808 1942
1811 1834
1815 1908
1816 1839
1819 1937
1822 1843
1824 1948
1827 1967
1830 1846
1830 1957
1832 1971
1835 1902
1848 1934
1850 1895
1851 1903
1852 1903
1854 1867
1884 1921
1886 1909
1887 1994
1891 1954
1900 1949
1903 1987
1905 1933
1923 1965
1939 1951
1944 1947
1948 1998
1953 1968
1979 1995
1984 1994
1987 1993
