2000 2990
98
25
39
46
95
65
93
80
30
98
75
31
14
31
27
28
20
40
21
3
43
52
94
59
46
36
48
5
58
70
41
31
56
65
22
43
26
50
12
16
10
82
51
15
47
45
59
56
66
31
96
60
23
29
26
89
44
71
99
5
53
82
52
50
100
36
56
80
64
53
73
29
48
17
11
50
57
50
1
47
56
53
21
32
32
66
47
96
89
25
50
84
48
2
20
96
7
60
68
80
59
35
45
94
18
9
49
39
39
3
97
25
82
33
43
31
88
80
53
70
57
86
43
58
93
85
61
58
40
90
32
72
78
35
47
97
55
28
86
75
12
73
66
96
9
25
93
37
58
57
12
6
18
37
18
26
99
27
37
32
14
91
76
97
19
84
27
56
49
97
27
18
76
14
46
41
50
53
11
80
18
35
90
27
30
27
10
16
33
78
72
10
13
87
19
77
30
77
60
13
65
99
69
37
61
68
93
94
57
100
48
47
12
50
98
74
56
95
58
89
57
95
71
79
23
23
76
20
73
66
53
15
76
68
45
83
82
4
61
9
5
76
28
41
65
73
10
52
20
58
86
72
69
80
58
35
39
36
25
74
63
75
72
45
55
27
14
55
54
55
35
97
80
73
47
31
37
79
25
43
40
27
57
44
53
98
11
34
34
44
74
23
21
87
71
15
87
77
20
75
76
97
87
27
40
70
59
65
8
65
46
95
13
11
94
19
48
45
56
88
9
19
76
23
90
31
77
67
10
53
10
78
58
13
9
4
96
19
79
69
93
93
76
71
85
21
65
25
47
90
28
81
19
16
11
94
48
93
20
62
16
27
58
53
60
26
69
22
57
86
80
98
86
59
70
82
23
20
89
54
55
34
57
77
63
1
71
8
31
19
60
62
28
87
59
66
15
93
21
47
18
77
7
74
24
17
30
44
26
25
88
6
1
60
49
13
20
80
70
36
67
83
57
31
49
50
70
85
86
9
78
93
31
50
3
74
61
74
63
83
74
1
35
26
46
9
76
3
35
94
36
33
4
36
4
10
90
87
96
63
53
97
62
47
65
49
49
36
7
71
6
99
34
72
66
37
95
29
95
33
48
38
5
39
7
1
43
45
75
58
12
27
41
5
68
8
57
90
19
11
69
39
32
24
7
39
51
42
48
3
62
51
66
28
81
29
88
51
78
21
92
94
69
73
84
67
66
32
31
28
12
95
10
54
48
64
84
29
31
95
42
21
90
34
31
16
79
78
66
90
59
66
95
15
96
50
39
33
41
56
38
51
68
69
47
90
19
49
49
74
51
90
61
49
38
65
19
26
68
18
16
19
95
76
40
29
86
51
80
25
59
94
14
17
23
72
43
74
77
46
4
51
16
41
56
69
30
63
40
25
84
36
54
22
71
10
48
24
52
65
24
45
75
49
24
73
94
1
63
2
41
89
60
47
14
18
58
46
31
47
88
48
9
72
31
2
2
41
91
13
16
32
36
62
82
28
79
65
77
32
10
76
14
82
89
35
18
18
41
100
22
100
74
58
72
60
94
73
12
96
13
88
2
55
70
80
37
74
20
31
2
10
58
13
25
53
92
30
15
8
9
47
58
40
49
9
49
12
74
79
81
18
89
91
75
93
14
64
32
3
64
86
15
6
64
46
92
36
13
76
77
69
90
98
84
90
30
92
6
48
85
2
90
25
59
57
95
71
10
82
1
50
58
13
40
15
40
80
12
18
76
93
14
72
88
9
40
46
80
98
21
98
62
36
88
69
52
94
32
82
15
59
53
58
72
23
61
31
63
31
3
84
67
46
17
38
96
87
81
90
97
81
11
98
44
20
84
39
2
64
28
69
25
40
59
11
52
18
24
14
75
75
77
38
75
25
10
93
27
72
21
31
94
50
42
59
7
23
88
36
70
22
93
77
62
47
7
85
40
55
70
2
7
91
58
49
17
97
49
38
64
14
63
65
47
30
38
46
84
6
44
10
79
51
27
40
65
95
58
15
22
69
32
15
91
40
31
92
74
58
51
20
66
54
64
7
93
12
49
46
90
92
28
84
64
34
88
20
2
73
48
53
28
23
45
63
86
14
89
85
59
95
1
74
5
7
37
79
15
41
13
58
83
40
99
87
2
47
63
32
88
96
1
50
34
84
18
14
64
94
48
63
5
33
32
38
35
47
38
26
76
5
42
43
76
3
94
1
100
36
23
81
82
2
64
28
12
15
52
70
15
64
53
78
35
86
73
9
11
44
68
41
49
51
77
37
41
28
2
76
36
75
28
65
75
10
32
79
90
63
19
61
87
36
47
65
44
20
30
71
94
24
81
65
1
96
100
34
14
11
16
40
39
17
70
58
96
40
81
60
2
8
85
20
10
99
3
52
45
55
99
55
56
26
79
95
28
66
79
60
24
7
62
40
9
64
51
75
100
10
62
29
96
88
3
76
51
28
38
30
31
94
39
53
24
35
54
1
43
44
21
82
71
34
54
64
5
63
8
91
1
92
48
30
46
51
43
26
34
71
89
92
32
65
56
17
66
1
32
92
16
2
60
61
22
100
83
76
93
70
59
100
89
22
58
79
28
93
89
21
59
92
24
75
28
77
87
78
17
50
39
14
95
83
59
94
98
50
49
77
88
38
46
46
32
89
24
77
7
87
28
83
7
78
26
24
83
30
47
48
29
31
21
45
72
33
93
54
11
50
11
79
26
1
3
59
49
47
62
89
26
1
92
80
69
20
70
25
43
9
1
35
60
38
34
20
71
34
43
40
46
25
80
25
35
97
88
100
89
34
48
98
27
100
55
68
55
73
14
34
85
51
27
33
4
92
45
96
48
3
16
5
90
41
79
52
30
73
11
72
14
90
95
55
12
19
59
90
58
98
34
40
39
86
27
56
54
67
86
11
68
84
54
94
64
31
79
91
3
58
7
71
40
46
62
48
32
86
62
55
20
13
48
9
67
69
2
73
2
74
10
12
77
71
20
86
82
90
75
98
56
86
47
3
98
77
62
45
61
45
18
50
4
23
44
72
60
41
47
24
48
56
92
5
33
67
89
38
37
16
19
41
46
55
45
51
13
94
74
64
6
90
95
74
99
20
19
28
64
86
17
84
85
31
100
59
33
15
60
26
53
59
86
38
82
31
48
4
50
98
94
36
75
96
20
61
75
68
16
37
48
18
57
29
42
88
87
38
95
91
15
24
28
76
19
55
98
59
77
80
38
44
62
86
39
15
12
29
77
65
35
51
73
4
83
23
28
93
89
90
76
89
17
91
12
20
24
47
48
57
24
51
46
43
93
26
41
98
65
8
30
65
5
45
92
56
26
7
42
21
41
41
68
90
66
80
72
63
97
63
16
3
98
18
88
73
77
41
69
2
48
68
82
41
35
81
3
74
91
54
96
62
84
99
16
96
100
41
76
78
53
89
69
91
90
35
73
41
40
22
64
93
37
54
81
9
30
25
99
99
74
94
88
45
3
11
35
27
22
59
60
12
42
24
24
30
77
55
84
8
15
72
35
26
98
22
82
27
69
37
59
40
44
59
81
88
49
75
85
71
4
61
78
82
9
11
84
48
18
41
13
28
25
58
17
10
66
29
36
44
89
13
11
97
32
35
4
23
16
56
84
27
89
8
29
39
2
25
70
3
65
34
7
46
1
71
98
64
17
84
60
84
18
51
88
83
80
10
68
28
92
60
27
24
38
30
91
79
51
68
55
75
67
99
53
3
32
76
62
87
90
49
22
22
86
21
89
60
39
56
96
58
98
27
2
67
62
78
62
8
38
73
24
10
91
26
21
33
77
51
39
2
78
63
26
83
24
34
53
58
28
31
39
11
86
77
78
83
74
98
86
13
92
51
6
42
28
65
21
87
93
39
57
75
96
83
3
19
13
95
41
52
15
94
81
67
100
38
9
69
58
45
40
67
57
1
53
76
36
77
38
89
75
40
70
12
98
37
50
91
31
47
96
43
73
67
84
94
96
78
96
56
72
71
66
66
29
82
64
38
13
23
68
89
85
39
36
69
33
21
90
97
94
38
3
55
57
74
78
71
80
56
56
82
67
11
55
26
35
22
91
68
10
28
28
32
6
23
91
69
10
53
31
72
81
36
48
71
67
91
5
68
11
82
44
95
82
70
31
62
37
53
5
37
40
50
7
47
30
85
9
8
21
4
80
51
84
94
12
11
67
34
73
94
80
56
24
39
83
54
68
30
97
74
91
75
45
7
85
30
40
68
4
24
40
92
91
95
12
97
17
12
76
32
55
20
22
37
42
54
4
91
54
96
57
77
33
49
36
49
23
10
62
78
27
7
81
11
74
99
77
37
77
90
47
15
16
66
26
32
82
2
1
29
98
88
61
100
62
70
71
17
48
88
35
96
85
55
83
47
32
75
22
36
90
88
48
42
87
63
91
75
73
16
2
68
37
45
38
24
79
39
53
12
14
33
89
96
72
67
24
18
81
71
27
32
82
93
9
97
13
38
50
33
56
94
41
26
85
2
51
14
18
41
59
85
23
97
76
82
0 73
0 201
0 692
1 1372
2 1378
2 1409
3 206
3 340
3 668
3 826
3 1273
3 1567
3 1871
4 667
4 1101
4 1284
4 1846
4 1860
5 806
6 278
6 302
7 309
7 757
7 851
7 1035
7 1901
8 24
8 1208
9 1091
9 1681
10 419
10 536
10 810
10 1169
10 1259
10 1326
10 1533
10 1655
11 244
11 566
12 1887
13 649
13 1313
14 933
14 976
14 1091
14 1146
14 1434
14 1828
15 622
15 1031
17 1879
18 385
18 533
19 832
20 1351
21 531
21 819
22 1112
22 1688
23 1483
23 1743
24 717
24 784
24 1362
25 574
26 751
27 100
27 758
27 862
27 1546
27 1843
28 1097
28 1513
28 1791
28 1934
28 1943
29 1736
30 180
30 744
30 1231
31 147
31 1696
31 1905
33 207
33 1150
34 950
34 1061
35 54
35 1129
35 1261
35 1484
36 714
36 727
36 1459
36 1609
36 1665
36 1835
37 746
37 929
37 1328
37 1944
38 83
38 628
38 734
38 1073
38 1352
39 399
39 948
39 1029
39 1221
39 1401
39 1772
39 1931
40 1873
41 514
41 1646
41 1992
42 386
44 1440
44 1472
44 1569
44 1817
44 1887
45 999
45 1096
45 1130
45 1970
45 1997
46 74
46 827
46 1137
46 1725
46 1919
47 913
47 990
47 1303
48 215
48 237
48 651
48 1396
48 1881
48 1893
49 1422
50 180
50 1240
53 1660
54 359
55 898
55 995
56 608
56 1211
56 1228
56 1669
56 1864
57 1804
58 616
58 1368
59 85
59 1012
59 1313
59 1976
60 1804
60 1817
62 588
62 798
62 947
62 1123
62 1189
62 1733
63 98
63 326
63 1273
63 1638
63 1718
64 680
64 793
64 965
64 1215
65 171
65 1921
65 1988
66 1655
66 1730
66 1952
66 1982
67 210
67 734
67 1346
67 1924
68 1182
68 1542
69 781
70 367
70 427
70 566
70 1003
70 1083
70 1676
71 555
71 638
71 1886
71 1889
72 674
73 1050
73 1695
73 1821
74 1392
75 514
75 1398
75 1804
76 476
76 1557
77 247
77 305
77 904
77 1434
77 1987
78 277
78 1515
79 1568
79 1769
79 1902
80 685
81 694
82 448
82 677
83 500
83 724
83 1187
84 363
84 1589
84 1946
85 328
86 456
86 685
86 1730
86 1920
87 229
87 869
87 1312
87 1836
88 179
88 216
88 705
89 1972
90 345
90 1200
90 1346
90 1888
91 365
91 435
91 655
91 732
92 155
92 538
93 201
93 849
93 867
94 314
94 587
95 680
95 1674
96 897
96 1652
97 445
97 1246
98 190
98 712
98 955
98 1865
100 527
101 527
101 604
101 1518
102 266
102 576
103 426
103 1792
103 1813
104 923
104 1831
105 172
106 1279
107 1786
108 1206
109 1679
110 255
110 1038
110 1353
111 372
111 688
111 1014
111 1235
112 586
112 1441
112 1613
112 1828
112 1970
113 906
113 1429
114 1602
114 1909
115 180
115 838
115 992
116 212
116 636
116 984
117 691
117 1124
117 1529
118 876
118 1197
119 551
120 664
120 1978
121 608
121 940
122 1943
123 334
123 788
123 917
123 1209
124 1413
125 1309
126 1139
126 1567
127 1367
127 1888
128 1348
129 307
129 1111
129 1830
130 137
130 1395
130 1441
131 336
131 983
131 1621
132 462
132 918
132 1390
132 1922
132 1980
133 558
133 1304
133 1558
134 1234
134 1644
135 571
135 1416
136 273
136 670
136 702
137 627
137 1664
138 165
138 470
138 657
138 739
138 1130
138 1613
139 362
139 507
140 1760
140 1791
141 384
141 466
141 1257
142 353
143 232
143 624
143 842
143 884
143 1079
143 1084
143 1457
143 1894
144 274
144 461
144 840
145 1023
146 166
146 979
146 1374
146 1752
147 1162
147 1233
149 1051
149 1788
150 807
150 837
150 1942
151 567
151 878
151 1949
152 176
152 392
152 516
152 728
152 1228
152 1357
153 268
153 1204
153 1345
153 1869
154 208
154 1150
154 1498
154 1609
154 1827
154 1923
155 696
155 922
155 1920
156 1115
157 513
157 1938
158 684
158 1264
160 1615
160 1673
161 1672
162 182
162 726
162 1480
163 328
163 344
163 952
163 1630
164 428
164 817
164 882
165 277
165 522
166 700
166 911
167 366
167 1722
168 451
168 1059
168 1335
169 941
170 870
170 1023
171 414
171 877
171 1166
172 539
172 1430
173 300
173 431
173 612
173 789
173 908
173 1148
173 1176
173 1249
174 715
174 1141
174 1719
174 1800
174 1911
175 619
176 563
176 772
176 837
176 1057
176 1237
176 1734
176 1760
176 1794
176 1914
177 913
177 1990
178 906
178 1661
179 960
179 1103
179 1588
180 958
180 1303
181 369
181 829
181 913
181 1359
182 291
182 865
183 1132
183 1556
184 851
185 1504
186 361
186 749
186 804
186 1430
186 1724
186 1848
187 203
188 251
188 1202
188 1287
190 380
190 1798
192 549
192 968
192 1603
193 433
193 1493
194 574
195 364
195 421
195 507
195 540
195 748
196 262
196 388
196 465
196 621
196 660
196 1982
197 758
197 1948
198 581
198 732
198 1997
199 343
199 427
199 1155
199 1928
200 496
200 688
200 923
200 1931
201 940
202 253
202 836
202 1397
203 1125
203 1189
203 1867
204 1305
205 609
206 1517
206 1603
207 1061
207 1330
208 367
208 893
208 1559
209 934
209 1217
209 1516
209 1690
210 271
211 736
211 772
212 574
212 1032
212 1381
213 593
213 813
214 902
214 961
214 1313
214 1712
214 1877
215 1272
216 789
216 900
216 1007
216 1380
216 1401
217 1508
218 450
218 475
218 585
219 1173
219 1377
220 535
220 1858
220 1923
221 510
221 578
221 1970
222 980
223 515
223 1305
224 768
225 969
225 1697
225 1882
226 1225
226 1927
227 1372
228 283
228 341
229 273
229 668
229 976
229 1214
230 983
230 1370
230 1482
230 1892
231 801
231 845
231 1064
231 1454
231 1653
232 670
232 995
232 1520
233 392
234 1397
234 1954
236 691
236 736
236 1309
236 1330
236 1801
237 1315
237 1602
237 1729
237 1800
237 1907
238 902
238 1312
239 716
239 912
239 1346
239 1478
239 1900
240 910
241 369
242 646
242 1756
243 688
243 862
243 1209
244 1183
244 1974
245 502
245 587
245 1580
245 1586
245 1629
245 1957
246 814
246 1767
247 913
247 995
248 353
248 922
248 1219
249 352
249 967
249 1824
250 368
250 680
250 1048
251 322
251 1134
251 1960
252 385
252 550
252 1027
252 1979
254 306
254 742
255 392
255 1618
255 1770
256 422
256 968
256 1519
257 326
257 525
259 1307
259 1489
259 1867
260 378
260 572
260 836
260 1355
260 1858
260 1897
261 1157
261 1201
261 1808
262 601
262 823
262 1724
263 306
263 337
263 577
263 1419
263 1474
263 1511
263 1701
264 780
264 953
265 1648
265 1944
266 1485
266 1978
267 960
267 1174
267 1601
267 1633
268 304
268 804
268 939
268 1302
269 483
269 965
269 1243
269 1428
270 308
270 696
270 1872
271 483
271 879
271 1086
272 1186
272 1265
272 1421
272 1527
273 302
273 416
273 750
274 422
275 1441
275 1953
276 879
276 1108
276 1864
277 878
277 897
277 1092
278 547
278 1597
279 841
280 434
281 617
281 991
281 1765
283 1040
283 1069
284 1060
284 1691
285 1368
285 1555
285 1651
286 427
286 925
287 473
287 1171
287 1173
288 385
288 502
288 631
289 783
290 460
290 857
290 1679
291 399
291 749
291 1013
291 1090
291 1129
291 1456
292 708
292 1140
292 1397
293 1454
293 1601
293 1814
294 1689
294 1869
295 483
295 512
295 532
295 1049
295 1169
295 1433
295 1994
296 643
296 902
296 967
296 1191
297 494
297 511
297 1765
298 375
298 1178
299 529
299 1147
300 320
300 938
300 1351
300 1563
301 390
301 644
301 757
301 1009
301 1302
301 1499
302 464
302 526
302 668
302 1139
303 637
303 751
303 1734
304 1449
305 1244
305 1657
305 1789
305 1904
306 1212
307 1461
307 1620
307 1676
308 825
308 1054
308 1474
310 522
310 1230
310 1307
310 1524
310 1579
310 1593
311 770
312 546
312 795
312 1639
312 1858
313 550
313 1121
314 939
314 1542
314 1660
314 1756
314 1891
315 1778
315 1875
316 327
316 560
316 1143
317 1415
318 537
318 655
318 1053
318 1123
318 1494
319 545
319 645
319 1940
320 1608
320 1660
321 1195
322 1033
322 1078
323 383
323 1707
324 1545
325 786
325 1115
325 1528
326 651
326 872
327 423
327 472
327 510
327 886
327 994
327 1258
327 1581
328 938
329 766
329 1395
329 1945
330 456
330 886
330 1129
330 1443
330 1529
330 1695
330 1870
331 745
331 1167
332 1446
333 552
333 691
333 1648
333 1710
333 1809
334 974
334 1296
334 1496
334 1515
335 1959
336 502
336 1014
336 1333
337 1208
338 1156
338 1659
339 441
339 492
339 1267
339 1332
340 838
340 1097
341 947
341 1203
341 1244
342 947
342 1446
343 1602
344 377
344 532
344 1809
345 1746
346 444
346 592
346 805
346 1598
346 1975
347 506
348 691
348 1118
348 1409
348 1608
349 1334
349 1781
350 556
350 1292
350 1974
351 591
352 1322
353 471
354 464
354 812
354 1148
354 1288
355 1111
356 771
356 917
356 994
356 1724
357 450
358 543
359 731
359 1312
360 740
360 1328
360 1459
360 1593
361 1131
361 1711
362 871
362 1464
363 1298
363 1477
363 1919
364 819
364 1183
364 1580
365 844
366 447
367 1568
368 1332
368 1439
368 1445
368 1522
368 1736
369 610
369 933
370 423
370 696
370 721
371 460
372 1897
372 1996
373 436
373 547
373 1335
373 1756
373 1995
374 562
375 526
375 865
375 923
375 1018
375 1103
375 1565
376 846
376 1466
376 1650
377 544
377 998
377 1164
378 1229
378 1293
378 1711
379 851
379 1758
381 850
381 1358
381 1938
382 545
382 998
382 1804
383 719
384 980
384 1136
384 1761
385 413
385 443
385 1702
387 683
387 1244
388 1310
389 680
389 1099
389 1216
390 1038
391 704
391 1558
392 857
393 1853
394 1138
394 1297
394 1401
394 1712
395 899
395 1096
396 525
396 1406
396 1961
397 712
397 873
397 958
397 1723
398 1842
398 1970
399 1198
399 1786
400 480
400 906
400 1519
400 1635
400 1749
401 1061
402 578
402 1331
402 1390
404 1266
404 1554
405 1958
405 1971
406 425
406 821
406 1009
406 1782
406 1847
407 761
407 894
407 1216
407 1249
408 1090
408 1906
408 1976
409 1533
410 848
410 916
410 1766
410 1890
411 652
411 769
412 1389
413 595
413 1312
413 1818
414 559
414 940
414 1041
414 1446
415 1392
415 1606
417 508
417 1151
417 1573
418 1158
419 751
420 673
420 738
420 1164
421 831
421 906
422 751
422 1854
422 1961
423 479
423 714
423 1699
424 1473
426 573
426 1084
426 1759
427 1560
428 738
428 953
428 1330
429 830
429 1960
430 600
430 611
432 526
432 771
433 1165
433 1681
433 1692
433 1740
433 1919
434 1104
434 1931
435 1530
436 716
436 1397
436 1797
436 1887
436 1925
437 443
437 793
437 980
437 1495
438 1936
439 1731
440 1894
441 624
441 1850
442 700
442 870
442 937
442 1366
442 1569
442 1761
442 1763
443 496
443 1218
443 1270
443 1493
443 1781
444 1332
444 1991
445 1487
445 1744
447 670
447 1025
448 708
449 1333
449 1810
450 725
450 1171
451 1611
452 526
452 535
452 845
452 907
452 1587
453 851
453 1069
454 1124
454 1208
454 1624
454 1772
454 1834
454 1968
455 716
455 1265
455 1837
456 835
456 912
456 1204
456 1240
456 1328
456 1367
456 1601
457 1039
457 1070
457 1802
458 1107
458 1323
458 1779
459 1344
459 1360
460 1888
461 863
461 928
462 1842
463 1433
464 983
464 1111
465 611
466 513
466 1094
466 1230
466 1471
467 1434
468 744
468 773
468 871
468 1772
469 603
469 1044
469 1160
469 1194
469 1530
471 789
471 1723
472 1495
473 701
473 1148
473 1284
473 1809
476 719
476 1180
476 1372
477 1575
477 1602
478 624
478 648
478 1314
479 581
479 1327
479 1570
479 1589
480 1423
480 1730
481 488
481 1027
481 1498
482 659
482 1666
483 1271
483 1349
484 583
484 1421
484 1475
485 949
485 1207
486 1010
486 1909
487 547
487 769
487 932
488 949
488 1369
489 835
489 946
490 1195
490 1627
491 1318
491 1410
491 1433
492 729
492 1909
492 1938
492 1966
492 1979
493 938
493 1256
493 1471
494 1180
494 1494
495 630
495 1194
495 1632
495 1847
496 514
496 904
496 1473
497 1325
497 1883
497 1908
498 1115
498 1627
498 1901
499 1013
500 603
500 728
500 1067
500 1118
501 1266
501 1337
501 1751
501 1989
502 1367
503 1143
503 1320
504 630
504 1554
505 835
505 1390
505 1427
507 592
507 679
507 827
507 947
507 1927
508 966
508 1895
509 1863
510 695
510 955
510 1784
510 1962
511 1220
511 1420
511 1906
512 1963
513 1280
513 1814
514 1164
514 1921
514 1954
515 726
515 1646
517 1465
517 1970
519 1309
520 1328
520 1595
520 1954
521 1838
521 1956
522 636
522 909
522 1838
523 677
523 1380
523 1751
524 1106
525 954
525 1120
525 1126
525 1646
526 1220
526 1399
526 1828
526 1888
527 1442
527 1969
528 656
528 1871
529 1130
532 543
532 1401
532 1562
533 708
533 1793
533 1913
534 1487
534 1548
534 1619
534 1676
535 643
535 1754
535 1896
536 1044
537 630
538 1148
538 1955
539 714
539 805
539 1076
539 1612
539 1830
540 1724
540 1996
542 839
542 1217
542 1853
542 1893
543 1333
543 1649
543 1993
544 1666
544 1728
545 718
545 1905
546 638
546 796
546 1814
547 1606
547 1723
548 592
548 940
548 1067
548 1099
548 1845
550 605
551 599
551 932
552 1400
553 860
553 974
555 1202
556 766
556 793
557 1847
558 772
558 824
558 888
558 1047
558 1213
558 1575
558 1777
559 1084
559 1972
561 1106
562 782
562 1942
563 1554
564 709
564 1787
564 1816
565 1032
565 1160
567 1539
568 809
568 854
568 1999
569 955
569 1108
569 1358
570 1710
570 1946
573 948
573 1255
573 1443
573 1496
573 1499
573 1719
573 1956
574 709
574 886
574 1006
574 1227
574 1475
574 1506
574 1795
574 1996
575 745
575 812
575 1124
575 1473
575 1474
576 828
576 1562
577 694
577 1297
577 1430
578 700
578 806
578 1787
579 804
579 1326
580 1606
581 1001
582 1085
583 1349
583 1821
584 789
584 1188
585 771
585 1834
586 1285
587 1089
587 1144
589 601
589 1567
589 1865
590 904
591 667
591 1501
591 1610
591 1635
591 1866
592 1608
592 1905
593 916
593 1910
594 1092
594 1467
595 1086
595 1488
595 1559
596 1717
596 1945
597 1111
597 1384
598 720
598 1824
600 1496
600 1646
601 1613
601 1731
602 1425
603 1005
603 1031
603 1074
604 1152
605 756
605 1427
605 1830
606 1766
607 831
607 878
608 846
608 995
608 1201
609 1201
610 1033
610 1533
612 1233
612 1552
612 1745
612 1845
613 1225
613 1262
613 1772
615 1152
615 1695
615 1708
617 1654
617 1852
617 1859
618 788
618 1021
618 1364
618 1418
618 1713
619 753
620 1831
621 1289
622 1551
622 1991
622 1996
624 1036
624 1983
625 1778
626 932
626 1468
626 1635
627 1245
628 1358
628 1877
629 963
630 651
630 1550
631 913
631 1160
631 1725
632 1043
632 1479
633 1853
634 1752
635 719
635 834
635 1200
635 1224
636 1100
636 1369
636 1568
636 1800
636 1873
637 692
637 1053
637 1175
637 1697
638 1367
638 1476
638 1502
639 702
639 801
639 1576
639 1841
640 929
640 1742
641 994
641 1666
642 844
642 1490
642 1986
643 1456
644 911
644 1992
645 1297
646 1700
646 1843
647 960
647 1151
647 1514
648 672
648 1229
648 1419
649 1878
650 1606
650 1786
651 1040
652 739
652 1092
652 1506
652 1597
652 1848
653 1246
653 1340
653 1399
654 1114
654 1363
654 1663
655 1058
655 1185
655 1629
656 674
656 1246
656 1335
656 1712
657 1714
657 1722
658 1214
658 1520
658 1614
658 1852
659 1099
659 1602
660 1381
661 1823
662 1235
663 1671
664 1682
665 1225
665 1641
665 1671
666 1489
666 1533
667 911
667 985
667 1195
668 834
668 1339
669 992
669 1647
672 677
672 1325
672 1923
673 866
674 1084
674 1247
675 965
675 1328
675 1499
675 1601
675 1727
675 1956
676 701
676 1358
676 1794
676 1934
677 1016
677 1452
677 1721
678 900
678 1442
679 1634
680 712
681 1068
681 1149
681 1898
682 1042
683 1700
684 1068
684 1462
684 1769
684 1904
686 792
686 1776
686 1999
687 1394
689 1260
690 1912
691 913
691 1822
692 1066
692 1227
692 1820
693 1185
693 1798
694 980
694 1889
695 1703
695 1913
696 867
696 1761
697 775
697 1450
698 729
698 1154
698 1255
698 1278
698 1869
699 1467
699 1930
701 1876
701 1897
702 1049
703 923
703 1366
703 1960
704 1260
705 1297
705 1301
705 1464
705 1570
705 1591
705 1785
705 1844
706 892
706 1267
706 1528
707 1660
708 818
708 1092
709 1239
709 1413
710 1122
711 990
711 1525
712 1177
713 995
714 909
714 1070
714 1169
714 1919
715 1505
716 1140
716 1717
717 1662
718 1338
718 1349
718 1455
718 1527
719 1798
720 1280
721 996
721 1500
721 1930
722 776
722 1315
722 1592
722 1602
723 881
723 1082
724 837
724 1150
724 1911
726 1991
729 1533
730 740
731 1506
732 1183
732 1653
733 1172
733 1551
733 1798
733 1823
734 1952
735 1146
735 1745
736 1150
739 1478
740 894
741 867
741 1837
742 782
742 938
742 1334
742 1898
743 1180
744 1198
744 1722
745 1381
745 1543
745 1934
746 777
746 1608
746 1915
747 1570
747 1991
748 1102
749 842
749 1895
750 1645
750 1871
751 909
753 1595
753 1729
754 1521
755 1042
755 1077
756 1697
758 965
758 1563
758 1567
759 946
759 1463
759 1501
759 1975
760 926
760 1030
760 1729
761 1072
761 1975
762 942
762 1033
762 1253
763 977
763 1283
765 999
765 1089
766 1188
767 1820
767 1981
768 845
768 1387
769 1039
769 1116
770 918
770 1024
770 1216
770 1348
771 1284
772 1536
773 999
774 1146
775 1198
775 1311
777 982
777 1068
777 1872
779 871
780 1297
781 865
784 1263
784 1359
785 1298
785 1870
786 1067
786 1555
787 836
788 797
788 926
789 1424
790 1005
790 1103
790 1527
790 1536
792 797
792 1321
793 1695
795 1030
795 1207
795 1992
797 1079
797 1092
797 1985
798 960
799 1484
799 1548
801 1134
801 1641
802 1240
802 1648
807 1169
808 1079
809 1237
810 1089
811 974
811 1558
812 1538
813 1295
813 1687
813 1776
813 1952
813 1994
814 1809
815 1340
815 1455
815 1871
816 1223
816 1704
817 1240
818 1159
819 873
819 1043
819 1460
819 1464
819 1939
820 1439
820 1443
820 1958
821 1720
821 1948
822 1054
822 1137
822 1305
824 1303
824 1559
825 1067
825 1238
826 914
826 1238
826 1439
827 990
828 1274
828 1429
828 1476
828 1876
829 1039
829 1314
830 1744
831 1353
831 1850
831 1965
832 1400
832 1577
833 840
833 986
834 1429
834 1649
835 1497
836 1148
837 1226
837 1398
838 1344
838 1608
839 919
839 977
839 1094
839 1369
839 1514
840 1523
840 1996
842 1160
843 1693
846 1765
848 881
848 1929
849 1046
850 1604
851 1262
852 1068
852 1174
852 1938
853 1979
854 942
854 958
855 902
855 1775
856 1915
857 1168
857 1599
857 1612
857 1696
857 1964
858 903
860 1422
860 1901
860 1922
862 881
862 919
863 1022
863 1032
863 1168
864 909
864 1348
864 1533
865 886
865 1633
865 1954
866 896
866 988
867 1509
869 1082
870 1319
870 1802
870 1849
871 899
871 1535
872 1486
873 1394
874 1296
874 1360
876 920
876 1209
876 1975
877 1181
877 1607
879 1441
879 1790
880 910
880 933
880 1124
880 1287
880 1625
881 1067
881 1211
882 1968
883 1163
883 1197
883 1266
883 1373
884 1365
884 1979
885 1699
886 1573
886 1978
887 1110
887 1783
887 1793
887 1820
887 1914
888 1838
888 1984
889 940
890 1126
890 1359
891 1129
891 1206
891 1338
891 1595
891 1785
892 1369
892 1533
892 1611
892 1902
893 967
894 1194
894 1285
895 1820
896 1013
897 1502
898 1305
898 1421
899 1467
899 1717
899 1738
899 1971
900 1671
901 1582
901 1711
903 987
903 1427
905 1108
905 1665
906 1530
907 1433
908 984
908 1086
908 1432
909 1468
910 1835
912 1611
912 1702
915 1232
915 1373
915 1555
916 1577
916 1589
917 1287
919 971
919 1331
919 1540
920 1519
920 1814
920 1968
920 1974
921 1061
921 1893
922 924
922 1612
922 1969
923 1090
923 1231
923 1524
923 1697
923 1863
924 1164
924 1264
925 1119
925 1219
925 1341
925 1365
926 949
926 1462
926 1509
927 1042
927 1556
928 1741
929 995
929 1634
929 1639
930 1041
930 1192
931 1888
932 1003
932 1614
932 1932
933 1925
934 1747
935 1033
936 1036
936 1147
936 1786
936 1865
937 1228
937 1925
938 1573
940 1373
942 1411
942 1474
944 1854
945 1255
946 1102
946 1374
947 1011
947 1435
947 1731
948 1683
950 1329
950 1794
950 1922
951 1152
952 1965
953 1266
954 983
954 1122
954 1546
955 1544
956 1063
956 1274
956 1691
957 1041
957 1098
959 1245
959 1338
960 1217
960 1943
961 1404
961 1918
961 1988
962 1625
962 1728
962 1874
963 1346
964 1545
965 1270
965 1527
965 1644
968 1120
968 1583
969 1094
969 1442
969 1884
970 1165
970 1543
972 1340
972 1830
973 1439
973 1776
973 1954
974 1502
974 1736
976 1839
977 1211
977 1486
977 1759
977 1964
978 1778
979 1314
979 1566
979 1774
980 1841
980 1903
982 1253
983 1186
983 1307
983 1717
984 1438
985 1141
985 1595
986 1699
986 1762
987 1377
987 1386
987 1677
987 1834
988 1141
989 1693
992 1262
992 1312
992 1345
992 1565
993 1020
993 1427
993 1979
993 1982
995 1223
995 1267
995 1280
996 1392
996 1848
998 1192
998 1434
998 1703
998 1837
999 1197
999 1390
1000 1998
1001 1030
1001 1141
1002 1191
1002 1536
1004 1605
1005 1387
1006 1080
1006 1806
1006 1819
1007 1357
1009 1025
1009 1832
1009 1926
1010 1014
1010 1626
1010 1912
1011 1811
1012 1965
1013 1494
1013 1633
1013 1695
1014 1610
1015 1604
1016 1399
1016 1879
1017 1260
1017 1655
1020 1135
1021 1392
1022 1840
1023 1037
1023 1499
1023 1573
1024 1102
1024 1184
1024 1965
1025 1121
1026 1894
1027 1341
1027 1855
1029 1062
1029 1219
1029 1241
1029 1290
1029 1560
1030 1565
1030 1663
1030 1853
1030 1885
1031 1636
1032 1119
1032 1400
1032 1439
1033 1938
1034 1250
1035 1420
1035 1821
1037 1738
1037 1784
1039 1277
1040 1540
1041 1538
1042 1099
1042 1595
1042 1718
1043 1260
1045 1082
1047 1656
1048 1071
1048 1766
1048 1938
1049 1069
1049 1896
1050 1083
1051 1100
1051 1387
1053 1842
1055 1782
1056 1244
1056 1730
1057 1081
1057 1145
1058 1373
1060 1459
1060 1497
1060 1609
1060 1769
1060 1870
1062 1078
1063 1441
1063 1860
1065 1475
1066 1521
1067 1575
1067 1756
1068 1594
1068 1813
1069 1709
1070 1206
1071 1169
1071 1745
1072 1345
1072 1838
1074 1435
1074 1673
1075 1648
1076 1280
1076 1365
1077 1176
1077 1618
1080 1676
1081 1596
1081 1641
1082 1218
1082 1838
1084 1304
1084 1395
1085 1197
1085 1660
1087 1121
1087 1970
1088 1277
1088 1606
1088 1707
1089 1566
1094 1192
1094 1625
1095 1222
1095 1419
1095 1659
1096 1261
1096 1371
1096 1377
1096 1704
1097 1365
1097 1820
1099 1684
1100 1240
1100 1653
1102 1611
1103 1805
1104 1900
1106 1697
1107 1697
1108 1124
1108 1349
1108 1595
1110 1486
1111 1238
1113 1274
1113 1569
1114 1892
1115 1819
1117 1674
1120 1434
1121 1178
1122 1968
1123 1981
1124 1197
1124 1400
1124 1519
1125 1165
1125 1424
1125 1796
1126 1721
1127 1234
1127 1805
1128 1835
1129 1590
1130 1707
1131 1492
1131 1670
1135 1731
1136 1406
1136 1632
1136 1684
1138 1594
1138 1657
1138 1748
1138 1879
1138 1936
1139 1329
1139 1673
1140 1158
1142 1549
1142 1970
1143 1307
1143 1409
1143 1610
1145 1207
1145 1924
1146 1256
1146 1334
1149 1503
1151 1627
1152 1420
1154 1218
1154 1435
1154 1803
1154 1953
1155 1236
1155 1515
1155 1637
1155 1912
1156 1233
1156 1301
1158 1597
1159 1467
1161 1246
1162 1435
1162 1445
1162 1698
1163 1332
1163 1964
1164 1240
1165 1526
1166 1195
1166 1302
1166 1869
1166 1885
1168 1344
1169 1454
1169 1675
1171 1678
1171 1824
1172 1746
1172 1960
1173 1337
1173 1439
1174 1880
1175 1821
1176 1463
1176 1841
1177 1622
1177 1731
1178 1808
1179 1688
1179 1896
1181 1203
1182 1303
1183 1577
1184 1839
1185 1534
1187 1194
1187 1384
1187 1386
1188 1992
1188 1995
1192 1469
1193 1470
1193 1934
1194 1570
1195 1722
1196 1374
1197 1244
1197 1594
1197 1791
1197 1893
1198 1401
1198 1731
1199 1962
1201 1577
1201 1860
1201 1971
1203 1582
1204 1227
1205 1672
1205 1701
1206 1636
1207 1229
1207 1599
1208 1522
1209 1767
1209 1921
1210 1597
1210 1791
1211 1313
1212 1747
1212 1955
1214 1631
1215 1663
1215 1980
1216 1417
1217 1345
1217 1388
1218 1482
1218 1959
1220 1724
1221 1331
1222 1660
1223 1457
1223 1866
1224 1326
1224 1381
1224 1435
1224 1682
1225 1737
1226 1469
1226 1797
1228 1296
1228 1368
1233 1351
1233 1478
1233 1519
1234 1747
1236 1248
1236 1348
1236 1383
1236 1587
1236 1613
1237 1439
1238 1637
1239 1242
1239 1357
1241 1350
1241 1976
1242 1531
1243 1883
1244 1352
1244 1881
1245 1938
1247 1588
1248 1813
1248 1995
1249 1524
1249 1591
1249 1747
1250 1544
1250 1811
1250 1946
1251 1402
1251 1489
1251 1616
1252 1347
1253 1501
1253 1677
1254 1502
1254 1936
1255 1305
1255 1336
1256 1415
1256 1591
1256 1676
1256 1865
1257 1300
1257 1471
1258 1486
1258 1690
1261 1721
1261 1817
1262 1591
1262 1793
1263 1384
1266 1486
1267 1436
1267 1498
1268 1553
1269 1454
1269 1746
1270 1341
1271 1798
1271 1902
1273 1875
1273 1992
1274 1330
1275 1929
1277 1378
1277 1700
1277 1742
1278 1409
1278 1776
1279 1307
1279 1386
1279 1507
1279 1533
1279 1691
1279 1741
1279 1944
1280 1340
1280 1786
1281 1502
1282 1624
1285 1612
1286 1658
1287 1288
1289 1388
1289 1857
1289 1977
1290 1362
1290 1675
1290 1861
1291 1377
1292 1649
1294 1396
1294 1611
1295 1555
1295 1841
1298 1497
1301 1341
1301 1496
1305 1963
1306 1313
1306 1971
1307 1326
1307 1484
1307 1661
1308 1537
1308 1919
1308 1923
1308 1968
1309 1762
1311 1411
1312 1700
1312 1800
1313 1762
1314 1569
1314 1854
1319 1729
1320 1555
1322 1360
1323 1418
1323 1444
1325 1469
1325 1493
1326 1566
1326 1747
1326 1870
1327 1973
1329 1812
1330 1338
1330 1363
1330 1675
1331 1863
1334 1923
1339 1631
1339 1652
1342 1760
1343 1842
1343 1983
1344 1709
1344 1754
1345 1959
1346 1600
1346 1721
1346 1821
1348 1831
1348 1925
1351 1471
1351 1717
1356 1474
1356 1505
1356 1878
1356 1920
1358 1389
1359 1502
1361 1688
1362 1727
1365 1615
1366 1976
1367 1560
1367 1990
1370 1812
1370 1905
1372 1388
1372 1389
1372 1912
1373 1722
1376 1591
1376 1859
1377 1396
1379 1488
1379 1568
1379 1756
1380 1550
1382 1817
1385 1432
1388 1559
1388 1784
1389 1786
1390 1913
1393 1758
1394 1579
1394 1752
1397 1464
1397 1700
1397 1883
1398 1507
1398 1778
1399 1568
1400 1906
1401 1635
1403 1811
1403 1830
1403 1889
1403 1899
1404 1953
1406 1879
1408 1903
1410 1666
1411 1565
1413 1957
1415 1506
1415 1639
1416 1964
1417 1817
1417 1875
1421 1427
1422 1833
1425 1589
1425 1642
1427 1496
1430 1709
1432 1502
1434 1789
1436 1925
1437 1473
1440 1980
1442 1460
1442 1497
1443 1721
1444 1693
1444 1694
1445 1842
1446 1601
1446 1753
1446 1966
1448 1732
1449 1961
1450 1777
1450 1873
1453 1714
1453 1719
1453 1792
1454 1716
1455 1735
1455 1821
1456 1840
1457 1605
1459 1572
1460 1968
1462 1486
1464 1799
1465 1867
1465 1980
1468 1508
1469 1807
1470 1963
1471 1534
1471 1776
1472 1901
1474 1487
1474 1566
1474 1772
1475 1749
1476 1656
1476 1702
1478 1579
1478 1809
1479 1642
1480 1820
1481 1779
1483 1807
1484 1498
1485 1678
1485 1694
1486 1596
1487 1966
1489 1706
1491 1959
1495 1564
1496 1997
1497 1596
1497 1601
1497 1670
1499 1903
1500 1627
1503 1543
1503 1716
1505 1958
1506 1721
1508 1651
1509 1975
1510 1878
1511 1586
1512 1980
1513 1735
1514 1573
1515 1650
1515 1741
1516 1783
1518 1811
1520 1642
1520 1983
1524 1591
1524 1633
1524 1819
1527 1788
1528 1940
1529 1952
1530 1909
1533 1834
1535 1888
1540 1600
1542 1640
1542 1933
1544 1866
1545 1547
1545 1564
1545 1575
1545 1943
1546 1801
1547 1976
1550 1839
1552 1855
1552 1925
1553 1677
1554 1648
1554 1942
1557 1893
1558 1626
1562 1752
1564 1627
1566 1989
1569 1829
1570 1714
1571 1991
1572 1971
1579 1663
1582 1623
1582 1753
1583 1893
1584 1608
1584 1819
1585 1786
1592 1709
1594 1706
1594 1932
1598 1907
1600 1816
1600 1820
1600 1962
1601 1829
1602 1760
1602 1829
1603 1719
1605 1712
1606 1832
1611 1624
1611 1777
1614 1950
1618 1906
1619 1649
1619 1897
1623 1650
1623 1739
1623 1828
1625 1973
1627 1810
1629 1784
1629 1812
1629 1831
1631 1961
1632 1641
1634 1929
1634 1948
1634 1994
1640 1698
1643 1683
1647 1653
1648 1912
1649 1667
1649 1856
1655 1773
1655 1957
1657 1830
1659 1919
1661 1842
1667 1913
1667 1997
1668 1865
1668 1872
1673 1842
1675 1727
1675 1771
1679 1719
1685 1812
1692 1970
1695 1730
1695 1795
1697 1728
1697 1768
1697 1894
1698 1797
1699 1701
1699 1768
1699 1916
1700 1850
1705 1799
1708 1721
1710 1951
1710 1993
1711 1860
1712 1759
1712 1956
1714 1754
1715 1943
1721 1837
1721 1935
1727 1773
1732 1735
1734 1748
1737 1929
1739 1886
1740 1837
1740 1849
1741 1953
1749 1902
1750 1810
1750 1883
1751 1893
1758 1793
1759 1868
1762 1913
1765 1921
1766 1929
1767 1780
1771 1777
1774 1837
1777 1801
1785 1946
1785 1954
1786 1877
1787 1877
1791 1819
1793 1879
1804 1951
1810 1983
1819 1844
1823 1868
1829 1954
1830 1935
1835 1914
1843 1875
1845 1853
1861 1925
1861 1939
1864 1913
1876 1909
1878 1983
1881 1956
1891 1913
1895 1950
1921 1973
1922 1939
1938 1942
1985 1992
