2000 3009
64
80
88
89
91
9
33
73
92
27
41
26
46
69
35
31
71
88
89
10
73
86
70
69
90
55
58
77
89
55
28
100
8
10
93
3
38
21
93
21
95
30
11
96
76
48
89
30
14
93
95
58
92
88
59
31
22
2
12
51
94
69
68
34
5
49
80
70
99
49
38
51
93
41
13
27
47
51
91
29
52
31
29
74
83
70
100
61
64
12
17
90
23
21
47
77
32
84
53
75
18
24
24
32
44
92
5
52
72
50
20
9
86
98
89
15
88
35
35
92
75
76
67
70
85
10
61
12
51
7
43
17
38
79
29
42
88
48
7
49
83
47
63
5
52
73
50
35
1
30
64
58
66
66
53
77
34
60
44
72
96
65
60
23
55
19
65
62
98
6
61
52
99
12
10
4
31
25
54
54
67
54
38
5
77
23
54
94
11
97
82
43
26
80
2
12
21
95
53
10
86
74
75
7
18
23
8
36
11
3
6
39
68
82
100
56
54
96
1
74
85
72
91
38
78
14
49
40
17
1
63
4
68
39
66
54
5
63
51
36
43
73
82
34
42
29
1
38
18
57
23
9
75
33
27
20
90
28
79
69
45
4
70
12
39
91
44
9
3
28
21
29
67
4
64
67
43
35
99
31
15
59
71
91
83
32
66
64
7
83
93
24
8
31
11
42
86
19
55
86
17
76
46
51
71
19
97
33
85
26
68
35
40
75
58
33
40
35
5
49
65
15
1
49
41
9
21
100
99
97
57
54
4
45
92
19
57
92
59
77
71
3
85
67
40
63
12
8
38
58
97
95
99
74
40
79
55
21
51
2
53
97
9
57
4
19
17
29
14
83
6
58
54
72
44
4
25
100
100
90
14
16
84
5
7
13
36
70
20
38
90
89
78
39
76
68
62
96
23
2
44
57
74
20
28
66
99
2
76
21
75
3
63
90
55
35
3
7
48
98
80
33
14
29
32
18
4
82
42
43
71
63
63
50
62
22
35
17
49
46
99
64
58
52
49
77
45
72
95
54
61
59
40
9
62
91
83
5
66
55
66
26
95
95
26
42
88
18
1
1
25
3
40
56
71
55
23
16
19
56
74
10
81
31
44
31
16
88
84
16
15
65
82
25
58
14
10
85
29
74
16
91
8
33
56
55
95
65
54
30
33
74
39
61
88
81
68
80
95
82
91
98
85
93
42
56
72
51
86
22
55
72
6
86
31
48
13
15
59
98
64
60
64
88
100
44
75
49
87
23
70
40
46
80
22
26
28
70
98
62
33
36
25
26
97
88
23
12
2
52
12
85
83
1
71
74
7
52
9
16
40
35
2
37
46
25
4
93
25
73
13
13
64
92
10
94
84
54
56
18
71
23
40
15
35
6
20
56
12
18
56
42
26
80
94
80
70
96
36
54
34
20
31
38
85
73
39
89
97
68
51
2
48
29
60
68
37
42
10
94
39
70
37
54
12
8
41
60
99
30
12
94
69
29
41
82
1
35
73
34
83
45
17
27
14
66
15
19
34
50
64
83
70
43
77
67
87
9
81
77
7
66
50
74
87
31
37
48
43
34
6
86
82
1
14
22
32
100
8
68
65
68
50
5
22
48
7
1
60
37
42
36
23
96
63
20
62
80
66
5
91
39
72
54
52
30
18
91
29
35
94
25
86
91
52
91
70
15
12
20
84
83
93
40
30
78
41
38
89
76
44
84
64
77
86
29
20
46
13
86
79
13
23
7
99
19
47
76
59
91
32
36
40
74
70
74
33
60
40
85
36
28
38
5
27
48
66
13
9
34
20
34
77
75
50
32
11
15
29
50
6
15
77
40
18
8
21
65
10
55
40
94
74
77
11
92
32
62
37
91
31
42
28
80
10
51
68
86
19
22
17
77
84
100
22
17
60
95
6
25
58
47
15
79
51
5
97
16
97
54
14
58
8
83
17
74
91
15
88
56
62
25
56
42
42
55
42
45
57
15
42
98
74
22
89
28
61
96
61
40
44
100
31
95
92
37
94
79
7
4
25
70
62
16
7
63
68
12
10
87
40
28
86
47
89
51
60
18
4
99
36
7
2
98
66
42
91
12
84
69
30
9
45
30
30
70
66
6
40
90
79
67
53
54
88
10
92
42
79
14
33
74
19
15
13
71
7
89
13
51
67
68
87
70
62
100
76
95
75
47
57
99
54
63
69
67
42
75
91
58
18
93
38
18
34
94
46
61
47
60
46
1
4
46
6
70
1
24
92
47
50
99
79
16
73
87
81
6
86
29
33
56
78
46
80
93
63
2
16
34
17
13
99
87
43
44
36
91
59
79
12
49
35
25
8
19
3
28
86
43
35
59
99
43
6
74
84
51
18
62
70
10
7
70
30
91
33
60
71
59
45
12
94
1
71
98
19
35
40
41
27
11
89
38
85
88
36
30
90
19
62
26
10
93
39
24
29
38
27
15
57
92
69
85
97
15
85
93
47
44
38
92
73
91
60
49
45
78
60
78
91
74
47
48
36
83
41
60
77
64
81
33
44
82
81
91
15
83
10
51
8
47
98
49
8
11
71
23
43
61
58
79
87
56
59
50
20
18
44
40
13
77
79
42
13
97
77
78
32
82
82
12
9
49
38
18
36
31
27
54
75
34
89
73
32
80
50
95
83
95
64
79
96
65
25
52
89
74
61
63
46
7
65
71
32
7
56
89
20
61
10
89
100
92
69
61
84
23
11
9
87
90
66
64
18
51
36
73
41
12
73
32
30
90
72
99
17
92
94
30
69
77
24
44
87
75
85
99
48
22
55
59
59
23
16
1
93
29
93
51
24
55
52
29
99
60
98
85
32
59
58
35
39
34
80
27
18
33
56
2
64
15
97
44
97
59
94
40
93
42
24
20
54
38
96
98
49
79
25
76
21
71
25
70
99
46
95
38
8
93
79
47
22
80
11
61
7
67
54
57
63
47
70
87
9
86
24
31
86
16
96
77
80
53
72
59
70
93
27
80
48
53
32
32
58
77
7
90
99
65
48
96
57
5
82
59
57
79
96
78
66
67
4
52
31
28
10
34
30
94
41
43
34
98
94
9
82
47
54
42
100
82
77
43
24
8
4
24
31
18
17
19
46
8
30
86
51
9
34
97
15
57
54
29
20
13
11
60
66
58
22
33
1
44
3
41
28
71
8
3
16
32
27
43
23
40
62
73
60
40
75
30
64
52
78
58
36
21
42
81
45
8
46
64
4
29
70
88
43
92
68
99
83
40
29
48
11
68
57
31
10
33
49
38
55
98
14
61
100
92
69
31
38
45
94
21
95
72
67
29
50
31
26
75
21
1
23
2
56
69
20
100
64
90
71
90
78
60
67
96
83
57
62
81
29
89
7
12
68
35
63
90
54
94
34
21
82
95
63
57
75
100
35
96
100
20
53
84
55
83
50
92
62
89
57
67
72
11
43
53
67
22
42
75
27
42
68
59
50
16
49
4
70
58
75
77
25
29
96
20
28
51
61
51
9
70
93
90
4
68
100
52
20
77
10
77
55
75
9
86
59
24
12
22
8
19
1
55
66
26
73
66
80
76
86
35
18
51
62
55
79
56
50
40
98
77
25
3
77
49
72
34
87
41
98
39
8
96
28
88
86
51
4
68
97
88
44
97
12
46
71
35
72
29
51
54
67
70
15
39
61
77
40
63
55
65
94
22
56
82
36
26
100
26
67
3
74
66
65
61
18
3
11
74
74
18
24
67
76
20
84
21
1
37
94
96
8
84
30
77
90
29
23
8
27
11
61
80
47
77
63
5
58
49
98
13
24
17
98
33
46
3
55
2
88
70
84
11
89
100
36
95
49
73
30
55
91
81
85
60
47
20
80
31
90
94
75
17
36
88
35
74
50
28
83
15
34
7
66
86
95
55
49
95
11
23
7
6
98
90
95
14
18
15
41
10
48
43
67
57
18
38
69
69
44
28
99
86
93
79
22
36
37
35
4
9
6
94
37
47
70
29
14
31
31
4
22
50
21
39
97
66
82
27
25
80
20
25
31
29
67
34
97
30
48
44
81
98
58
43
59
51
83
61
19
18
77
34
43
74
94
79
76
32
73
18
89
88
100
38
27
68
1
74
51
17
79
56
8
80
64
55
95
52
75
50
19
21
9
81
14
31
54
95
70
18
62
13
87
61
49
51
77
91
63
5
24
95
41
29
53
73
44
8
92
43
69
14
70
49
83
26
17
86
62
80
71
56
25
9
5
80
8
60
65
48
76
89
41
93
81
90
96
27
19
35
74
50
91
49
87
20
95
27
63
3
66
80
72
82
15
76
43
57
58
87
92
53
80
67
27
97
47
36
89
46
57
83
25
90
48
35
35
63
72
92
25
6
63
4
4
65
84
18
75
48
12
91
62
10
59
67
92
7
53
74
35
100
57
22
22
36
83
18
100
3
67
26
76
26
4
87
29
2
83
92
43
79
50
77
44
63
73
42
2
73
79
79
21
61
52
9
85
23
64
68
4
29
43
6
13
30
73
75
31
69
22
64
36
72
0 150
0 532
1 2
1 1204
1 1315
2 315
2 1050
3 143
3 929
3 1149
3 1682
5 77
5 1051
5 1347
6 1497
6 1794
7 348
7 534
7 1472
7 1918
8 270
8 1435
8 1946
9 486
9 918
9 1017
9 1046
10 184
10 830
11 1786
12 164
12 256
12 666
12 1006
13 805
13 1062
13 1194
13 1679
14 454
14 680
14 1278
14 1848
15 1203
15 1591
15 1812
16 397
16 640
17 1039
18 102
19 80
19 644
19 1750
20 1022
21 1327
21 1383
21 1573
21 1678
21 1812
21 1831
22 165
22 265
22 305
22 726
22 753
22 1500
22 1929
23 91
23 911
23 972
23 1128
23 1212
24 1721
24 1782
25 868
26 359
26 722
26 796
26 1896
26 1919
27 920
28 808
28 1163
28 1531
28 1867
29 342
29 654
29 873
29 1285
30 554
30 1210
30 1245
31 369
31 1299
31 1547
32 103
32 339
32 463
32 1470
32 1677
33 561
33 825
33 1131
34 406
34 568
34 986
34 1066
34 1291
34 1460
35 672
35 1046
35 1125
35 1447
35 1980
36 418
37 182
38 179
38 218
38 235
38 1357
38 1979
39 318
39 800
39 828
39 851
39 1629
40 1099
40 1479
40 1804
41 218
41 1490
41 1716
42 527
42 634
42 1477
42 1560
42 1950
43 1110
44 742
44 795
44 970
44 1675
44 1749
45 912
45 1137
46 603
46 1363
46 1404
46 1434
47 439
47 1324
47 1565
49 1058
50 1034
50 1837
51 645
51 1736
52 1199
52 1755
52 1863
53 92
53 135
53 155
53 184
53 361
53 1661
54 920
54 922
55 464
56 688
56 966
56 1088
57 596
57 1499
57 1918
58 769
58 1773
59 1261
59 1543
60 716
60 821
60 1244
60 1597
60 1739
61 360
61 885
61 1118
61 1266
61 1369
61 1529
61 1901
62 72
62 162
62 340
62 1405
63 907
63 1120
63 1338
63 1415
63 1806
63 1892
64 107
64 248
64 507
64 823
64 1339
64 1410
65 981
65 1244
66 808
66 1177
66 1756
66 1831
67 90
67 171
67 422
67 516
67 699
67 1225
67 1363
67 1522
67 1947
67 1998
68 575
68 712
69 146
70 545
70 583
70 1283
71 703
71 1474
71 1863
72 783
72 859
72 1781
74 282
74 1266
75 1134
75 1725
75 1746
75 1839
76 1256
78 616
78 1697
78 1834
78 1909
79 422
79 664
79 1455
80 1705
80 1846
81 694
81 1743
82 198
82 683
82 799
82 973
82 982
83 1037
83 1311
84 392
84 569
85 1853
86 684
86 1043
86 1274
86 1351
87 480
87 1683
88 1444
88 1631
88 1870
89 233
89 582
89 607
89 941
89 1181
89 1958
90 520
90 764
90 1596
90 1604
91 278
91 1364
92 265
92 366
92 1035
92 1102
92 1211
92 1360
93 736
93 1747
93 1768
94 340
94 423
94 1138
94 1554
95 453
95 978
95 1736
96 362
96 812
97 571
97 923
97 1419
97 1592
97 1698
99 908
100 861
100 881
101 942
101 1704
101 1929
102 721
103 958
104 204
104 1016
104 1250
104 1450
104 1861
104 1982
105 1618
105 1970
106 910
106 1676
106 1824
106 1917
107 464
107 916
107 1086
107 1969
108 435
108 1165
109 276
109 822
109 957
109 1611
109 1778
110 311
110 1102
110 1517
110 1925
111 183
111 1664
111 1668
112 1029
113 245
113 471
113 574
113 791
114 174
114 785
114 839
114 996
114 1688
115 179
115 1146
115 1528
115 1675
115 1969
116 165
116 833
116 1758
117 659
117 1057
119 764
120 1309
120 1401
120 1425
120 1495
120 1781
121 377
121 700
121 1397
121 1752
122 211
122 1032
122 1579
122 1609
123 703
123 1210
123 1460
123 1607
124 1883
125 924
125 1326
126 539
126 596
126 1491
126 1801
127 251
128 669
128 854
128 1506
129 1620
130 830
130 1828
131 1173
131 1182
132 375
132 1863
133 974
134 293
134 597
135 314
135 547
135 1050
136 575
136 1105
136 1690
137 325
137 889
137 1209
137 1255
138 686
138 1033
139 694
139 1005
140 1013
140 1583
142 701
142 1068
142 1144
142 1337
143 332
143 777
143 1244
143 1853
144 201
144 1171
144 1294
144 1329
144 1458
144 1633
144 1663
145 1164
145 1881
146 198
146 1814
146 1869
146 1899
147 391
147 599
147 893
148 1953
149 693
149 1430
150 456
150 662
150 1506
150 1806
152 1065
153 948
153 1994
154 378
155 194
155 832
155 978
155 1082
155 1550
155 1573
155 1663
155 1686
156 1300
157 409
157 572
157 741
157 1146
157 1430
158 838
158 1714
159 354
159 528
159 1076
159 1407
160 1679
160 1909
161 711
161 837
161 1012
161 1314
161 1397
162 233
162 395
162 492
162 788
162 820
162 1391
165 1137
166 499
166 1065
166 1291
166 1684
166 1917
167 1436
167 1467
167 1639
167 1686
168 649
168 820
168 840
168 1075
168 1751
169 340
169 696
169 1340
169 1984
170 431
170 547
170 779
170 847
170 1172
171 193
171 924
172 398
172 1913
173 1739
174 341
174 568
174 681
174 795
174 1220
175 1378
175 1732
177 879
177 933
177 989
178 1923
179 393
179 941
179 1092
179 1291
180 499
180 1115
180 1411
180 1668
180 1715
180 1820
180 1964
181 860
181 1360
181 1843
184 245
184 839
184 893
184 1506
184 1863
184 1932
185 513
185 592
185 782
185 1250
185 1658
185 1723
186 255
186 291
186 849
186 1381
186 1475
186 1893
187 409
187 1630
187 1855
188 722
188 742
188 1236
191 487
191 721
191 1103
191 1320
191 1732
192 565
192 630
193 258
193 1290
193 1655
193 1660
193 1672
193 1955
194 474
195 998
195 1036
195 1473
196 869
197 901
197 1988
198 1507
198 1794
199 374
199 1667
199 1910
200 463
200 1087
201 677
201 703
201 828
201 1057
203 1448
203 1920
204 874
204 1331
204 1653
204 1919
205 249
205 1122
206 804
207 1890
208 209
208 1221
209 297
209 671
209 1057
210 732
210 1857
212 1511
213 514
213 1067
213 1570
213 1588
213 1912
214 271
214 595
215 830
215 972
215 1574
216 793
216 797
216 871
216 1399
217 563
217 1206
219 686
219 747
220 227
220 663
220 906
220 1428
221 234
221 510
222 558
222 620
222 1203
222 1257
222 1421
222 1637
223 388
224 238
224 1174
224 1341
225 760
225 879
225 1945
226 249
226 362
227 572
227 889
227 1325
227 1973
228 472
228 1554
229 407
229 424
229 490
229 719
229 1531
229 1609
229 1656
229 1924
230 373
230 437
230 559
230 1046
230 1131
230 1262
230 1869
232 1059
232 1285
233 1201
233 1484
233 1931
234 1347
234 1653
234 1807
234 1971
235 1345
235 1396
235 1927
236 935
236 981
237 822
237 998
237 1959
238 542
238 1461
238 1480
239 620
240 250
240 808
240 1613
241 287
241 451
241 1036
241 1448
242 1105
242 1316
242 1814
243 1227
243 1515
244 945
244 1506
244 1509
245 1752
246 564
246 620
247 1907
248 687
248 890
248 1119
248 1707
249 463
249 811
250 699
251 967
251 1143
251 1211
251 1278
251 1663
251 1906
252 1041
252 1552
253 324
253 345
253 973
254 1320
254 1722
255 262
255 794
256 352
256 851
256 1877
257 362
257 650
257 1342
258 1890
258 1924
259 638
259 1030
260 711
260 992
260 1187
261 508
261 1808
261 1834
263 1533
264 319
264 402
264 545
264 721
264 1187
264 1227
265 777
265 1463
266 621
266 812
267 713
267 1789
268 446
268 746
268 1326
269 306
269 768
269 1925
270 525
270 772
270 1080
270 1632
271 775
271 974
271 1078
272 449
272 1107
272 1996
273 1500
273 1584
274 1833
276 804
276 1189
276 1834
276 1942
278 457
279 1597
279 1599
279 1711
280 497
281 577
282 474
282 944
282 1675
283 1608
284 600
284 1396
285 619
285 1268
286 377
286 998
286 1991
287 479
288 1025
288 1250
289 479
289 1417
289 1605
289 1850
289 1951
290 745
290 1244
291 306
291 840
291 1103
291 1269
291 1427
292 993
292 1894
293 374
293 1015
293 1489
293 1623
293 1632
294 1266
294 1402
294 1406
294 1502
295 623
295 1098
295 1147
295 1195
295 1275
295 1575
295 1677
296 1365
297 427
297 1381
297 1859
298 1256
299 401
299 570
299 892
299 1574
300 993
300 1615
300 1859
301 307
301 502
301 622
301 903
301 1749
302 305
302 452
302 1883
303 748
303 857
303 1462
304 1460
304 1703
305 673
305 983
305 1211
306 1005
306 1249
306 1502
307 640
309 315
309 957
309 1208
309 1597
309 1718
310 527
311 1398
311 1549
311 1690
311 1932
312 893
313 1188
313 1270
313 1495
314 393
314 606
314 1155
314 1845
315 569
316 423
316 770
316 1081
316 1461
316 1923
317 780
317 1381
319 715
319 854
319 1216
319 1349
319 1711
320 515
320 1101
322 358
322 1108
322 1490
323 346
323 640
323 838
323 1126
323 1310
323 1618
324 1394
325 598
325 867
325 1133
325 1357
325 1747
326 1177
326 1733
326 1876
326 1910
327 1171
327 1317
327 1610
328 529
328 733
328 1768
329 1595
329 1621
330 699
330 1584
330 1797
331 1882
332 410
332 910
332 1006
332 1817
333 543
333 1702
333 1907
333 1924
334 339
334 411
334 1179
335 481
335 552
335 1034
336 695
336 1024
336 1203
336 1687
337 704
337 1157
337 1320
337 1556
337 1889
338 605
338 851
338 1501
338 1788
339 558
339 1104
339 1701
339 1805
339 1816
340 1996
341 617
341 875
341 1966
342 811
342 1193
343 1442
344 1653
344 1752
345 375
345 637
346 772
346 826
347 814
347 1025
347 1254
348 418
348 1092
349 514
349 1022
349 1046
349 1909
350 1862
351 1763
351 1902
352 1567
352 1803
353 821
353 1224
353 1353
353 1485
353 1545
353 1674
354 1114
354 1136
354 1171
354 1190
355 1313
356 851
356 1223
357 1373
360 563
360 1902
361 1103
362 1288
362 1533
362 1571
363 1217
364 1187
364 1785
365 505
365 848
365 1619
366 1188
366 1638
367 902
367 1878
369 467
369 1808
370 1766
371 448
371 577
371 663
371 1229
371 1565
372 430
372 1202
372 1924
373 515
374 525
375 1593
375 1942
376 457
376 937
376 1082
376 1598
377 404
377 472
377 1019
378 524
379 507
379 1880
380 381
380 1838
381 627
381 925
381 1034
381 1237
381 1551
382 490
383 1452
383 1823
384 816
384 836
385 388
385 459
385 1022
385 1401
386 1287
387 421
389 755
389 1647
390 506
390 1775
391 974
391 1550
393 1489
394 736
394 808
394 843
394 1013
394 1033
394 1111
394 1493
395 728
395 1579
395 1686
396 464
396 841
396 1029
397 482
397 1030
397 1680
398 472
398 481
398 1623
398 1989
399 446
399 694
399 1281
399 1337
399 1552
400 502
400 1594
400 1955
401 1036
401 1120
402 706
402 828
402 1546
402 1795
403 693
403 1168
404 1542
404 1648
404 1664
404 1697
404 1758
404 1804
405 591
405 610
405 624
405 846
405 1325
405 1707
406 758
406 980
406 1158
406 1616
408 633
408 786
408 885
409 861
409 1029
409 1413
410 969
410 1509
410 1610
411 1482
411 1835
411 1898
412 983
413 763
413 1055
415 785
415 1316
415 1689
416 427
416 1632
417 502
417 505
417 1355
418 1044
418 1282
418 1371
418 1720
418 1733
419 532
419 551
419 820
419 1072
419 1332
419 1610
420 898
421 961
421 1058
422 467
423 600
423 722
423 1242
423 1382
424 623
425 823
426 851
426 1875
427 556
427 1876
428 1221
429 454
429 1615
429 1636
429 1704
429 1755
430 1292
430 1764
431 564
431 1222
432 1150
432 1396
432 1725
433 496
433 757
433 1360
434 437
434 727
434 734
434 1066
435 1531
435 1969
436 919
436 998
436 1050
436 1630
437 786
438 1411
438 1592
439 672
439 790
439 815
439 818
439 1207
439 1532
440 1293
440 1460
440 1890
441 1576
441 1756
442 1585
442 1875
443 705
443 1465
444 1593
444 1868
445 563
445 817
446 544
446 604
446 906
446 1507
447 520
447 1183
447 1788
448 457
448 953
450 504
451 659
451 1128
452 833
452 1040
452 1898
453 808
454 1506
455 808
456 765
456 1124
456 1473
456 1654
456 1680
457 1020
458 1447
458 1453
458 1635
458 1958
459 546
459 1007
459 1128
459 1174
461 946
461 1992
462 518
463 1594
463 1776
464 535
464 858
464 982
464 1154
465 909
465 1569
465 1774
466 1198
466 1425
466 1906
467 1761
467 1893
467 1967
468 722
468 1072
468 1083
468 1418
469 1732
469 1772
470 884
470 1332
470 1775
471 879
474 789
474 1338
475 1501
476 1153
477 1374
477 1594
478 1030
479 892
479 1923
480 1291
480 1730
480 1751
480 1833
481 1751
481 1983
482 1224
482 1366
482 1372
483 1760
483 1799
483 1841
484 742
484 996
484 1933
488 631
488 1540
489 766
489 1202
489 1404
490 1201
490 1703
490 1946
491 1405
492 697
492 1069
492 1670
492 1820
494 505
494 835
495 1505
496 1554
497 1186
499 1899
500 1931
501 1066
501 1175
502 1005
502 1899
503 1618
504 1108
505 1115
505 1404
505 1533
505 1984
507 1458
508 828
508 958
509 1920
510 688
510 1738
511 692
511 1752
511 1756
512 871
512 1021
513 1881
514 544
514 970
514 1286
515 873
515 994
516 703
516 1505
517 667
517 851
517 1102
517 1921
518 733
518 991
518 1465
519 1109
519 1424
520 584
520 1482
520 1632
520 1905
521 739
521 1128
521 1354
521 1369
522 1275
522 1600
523 625
523 797
523 1022
524 1755
525 898
525 1001
526 661
526 1146
526 1394
527 1401
527 1683
528 1318
528 1949
528 1983
530 618
530 936
530 949
530 1039
530 1262
530 1363
530 1636
531 1540
531 1585
532 668
532 1395
532 1525
533 631
533 1543
534 1493
535 1049
535 1402
535 1525
535 1647
535 1909
536 658
537 664
537 965
539 1783
540 591
540 1533
541 807
541 1535
541 1728
543 681
543 1185
543 1196
544 568
544 874
544 1558
544 1691
545 567
545 664
545 1710
547 753
548 803
548 936
548 1201
548 1283
548 1527
548 1558
549 1541
549 1713
550 599
550 921
550 1915
551 1500
551 1849
551 1886
552 735
552 918
554 678
554 681
555 1364
555 1392
556 1409
557 1206
559 666
559 1397
560 1079
560 1223
560 1669
561 959
561 1422
561 1531
561 1932
562 1052
563 1983
564 667
564 752
564 1472
564 1636
564 1706
565 1469
565 1708
566 828
566 1172
568 1046
568 1419
568 1682
569 1023
571 780
571 1136
571 1248
572 1419
572 1451
572 1505
572 1738
572 1792
573 1837
574 1517
574 1987
575 1973
576 1509
576 1988
577 919
577 1486
577 1718
578 840
580 628
581 1331
583 702
583 1079
584 1134
584 1931
585 1796
585 1817
587 746
587 976
587 1199
588 662
588 1890
588 1959
589 674
589 1103
590 1051
590 1126
590 1196
591 611
594 1896
595 1143
595 1185
596 1195
596 1618
596 1773
597 1594
597 1745
598 718
598 731
598 1934
599 606
599 1543
600 1757
601 714
601 978
601 1001
601 1218
601 1239
602 608
602 803
603 783
603 1062
603 1094
604 1189
605 858
606 830
606 1073
606 1465
607 1220
608 1479
608 1664
609 1563
610 1255
610 1600
610 1835
611 856
611 918
611 958
611 1654
611 1692
612 766
612 1407
612 1592
612 1981
613 860
613 1781
614 966
614 1430
615 776
615 1117
617 921
617 924
617 1181
617 1263
618 1325
618 1677
618 1766
619 986
619 1323
619 1675
620 694
620 1669
620 1758
620 1805
621 1911
622 772
622 816
622 977
622 1264
623 959
623 978
625 780
625 907
625 982
625 1007
625 1498
625 1894
626 785
629 1417
629 1558
630 1223
630 1664
631 1193
632 1576
633 739
633 1229
634 1002
634 1237
634 1367
634 1431
634 1759
635 1649
635 1986
636 864
636 1298
638 1539
639 817
639 1293
639 1326
639 1646
639 1898
640 665
640 1047
640 1152
640 1466
640 1486
642 800
642 889
642 1036
642 1732
643 737
643 1777
643 1974
644 1495
644 1798
645 1356
645 1992
647 1017
647 1403
647 1939
648 688
648 1846
649 925
649 1683
649 1945
650 1393
650 1589
651 949
651 1422
651 1556
652 805
652 1245
652 1430
652 1628
653 1135
655 1471
656 1511
657 1391
657 1456
657 1933
657 1992
658 843
659 955
659 1098
660 784
660 1165
660 1186
660 1417
661 1744
661 1918
662 1866
662 1916
663 792
663 1080
664 1691
665 736
665 1121
665 1437
666 1561
666 1604
666 1725
667 1625
667 1833
668 1112
668 1788
669 711
669 1290
669 1685
669 1790
670 883
670 998
670 1151
670 1469
674 1164
674 1647
674 1935
675 702
675 900
676 1210
677 1053
677 1273
677 1731
678 849
680 1076
680 1778
680 1989
681 702
681 779
681 831
681 893
681 1152
681 1459
681 1605
683 686
683 1928
684 1161
685 1921
686 852
686 1516
687 1073
687 1150
687 1171
688 1644
689 1200
691 859
691 999
691 1140
691 1675
691 1955
692 1624
692 1776
693 806
693 1334
693 1949
694 1243
697 838
697 904
698 997
698 1819
699 931
701 1886
702 1024
702 1040
702 1486
703 934
703 1599
703 1722
704 934
704 1677
705 726
705 1300
705 1335
706 1582
706 1759
707 794
708 744
708 1523
708 1872
709 1207
709 1811
709 1988
710 759
710 1414
710 1957
712 1949
712 1988
714 1440
714 1983
715 1775
715 1826
716 1241
716 1820
716 1921
718 822
718 912
720 729
720 766
720 1227
720 1824
721 734
722 854
722 1283
722 1348
723 1014
723 1535
723 1555
723 1636
724 1065
724 1120
724 1728
725 860
725 1841
726 1893
727 858
728 1502
728 1604
729 935
729 1007
729 1510
730 1317
731 1634
732 779
732 1180
732 1652
733 1177
733 1599
734 1032
735 1183
735 1626
737 1285
738 1068
738 1290
738 1450
738 1492
739 1455
740 898
740 934
741 805
741 1700
742 842
742 1556
743 1633
744 1832
745 1468
746 1611
747 812
747 927
747 1180
748 1962
748 1963
750 1818
752 911
752 1280
753 1451
754 926
754 995
755 987
755 1020
755 1242
756 794
756 1222
756 1232
756 1315
756 1700
758 1294
758 1589
758 1674
759 938
759 1028
759 1630
760 1450
760 1695
760 1700
761 1945
762 1379
762 1418
762 1760
763 1836
765 1681
766 1401
766 1873
767 1001
767 1306
767 1570
767 1664
767 1674
767 1845
767 1943
768 1600
769 864
769 1197
769 1998
770 898
770 1299
770 1722
771 1373
771 1950
771 1982
772 1047
772 1388
773 1596
774 1637
774 1961
774 1984
775 1566
776 1375
776 1758
777 1058
778 999
778 1311
778 1552
779 972
779 1428
780 1205
780 1704
780 1842
781 1693
782 1204
784 1089
784 1430
785 1418
785 1723
786 1139
786 1224
786 1251
786 1919
787 816
787 960
787 1214
787 1579
788 1017
788 1295
788 1929
789 1344
791 1586
792 1304
792 1968
793 988
793 1225
793 1461
793 1946
794 880
795 1109
796 825
796 961
796 1017
796 1607
798 1410
798 1514
799 866
799 1337
799 1369
799 1538
799 1863
801 1097
801 1712
802 1246
802 1740
803 1161
805 1443
806 1108
806 1457
807 1211
807 1251
807 1886
808 1060
808 1923
809 1063
809 1289
809 1310
809 1316
810 965
810 1800
811 1154
811 1250
811 1384
811 1615
811 1922
812 1085
814 1488
815 830
818 1038
818 1106
819 1271
819 1440
819 1594
820 1269
821 835
821 1173
823 826
823 1103
823 1159
823 1236
824 839
824 1078
824 1513
824 1569
824 1615
824 1755
825 871
825 1216
825 1291
825 1858
828 1261
829 1883
831 1044
833 866
833 1809
834 1697
836 880
836 936
836 1201
837 1439
837 1653
837 1998
838 1063
838 1458
838 1567
839 1376
839 1551
839 1803
840 1167
841 1617
842 1028
842 1410
842 1519
842 1847
843 1007
844 1429
844 1712
845 1841
846 1029
847 851
847 1612
847 1782
848 925
848 1463
848 1612
849 1583
851 1190
852 1305
852 1944
853 993
853 1072
854 1966
855 1046
855 1960
856 1879
857 1706
857 1710
862 1309
863 1171
863 1931
864 1450
864 1652
865 938
867 1294
867 1407
867 1956
868 972
868 1394
868 1918
869 1723
870 1784
871 1132
872 1659
873 960
873 1585
873 1928
875 1489
876 1085
877 1165
877 1441
877 1446
877 1529
879 1110
880 1082
882 1501
882 1801
883 1079
885 1234
885 1760
886 1703
886 1774
887 921
887 1337
888 1243
889 920
889 1516
890 1094
890 1675
890 1864
891 1452
893 1586
893 1681
896 1194
897 1236
897 1843
897 1849
897 1854
898 1558
899 1141
899 1478
900 1169
900 1487
900 1776
900 1959
901 1225
902 1567
903 1282
903 1717
904 1037
904 1709
906 1540
907 1208
909 926
910 1572
910 1929
911 991
913 1861
914 1484
914 1998
915 1022
915 1085
915 1609
916 1570
917 1254
918 1685
918 1697
919 1293
919 1352
919 1485
919 1818
919 1925
920 1013
920 1235
920 1499
921 974
921 1341
922 1431
922 1683
924 1560
925 972
925 1960
926 1441
926 1998
927 1459
928 1666
928 1770
929 1836
930 1015
930 1553
930 1657
930 1683
931 1169
931 1457
931 1774
931 1925
933 1280
933 1466
933 1557
933 1582
934 1032
934 1166
934 1427
934 1983
935 1388
936 1186
936 1837
936 1921
937 1037
938 1284
939 967
940 1979
941 1765
942 1050
942 1096
942 1518
943 1195
943 1358
943 1808
944 1542
944 1871
944 1995
945 1657
946 1350
947 1889
948 1021
948 1439
949 1184
950 1632
950 1806
951 965
951 1081
951 1420
951 1663
952 1366
952 1611
952 1682
952 1802
952 1961
952 1995
953 1034
954 1501
954 1520
954 1837
954 1868
956 1140
956 1212
956 1830
957 1539
958 1497
959 1086
960 1933
961 1012
961 1101
961 1305
961 1741
962 1067
962 1224
962 1603
964 1661
964 1687
966 1380
966 1408
966 1973
967 1129
968 1418
970 1123
970 1320
970 1453
971 1081
971 1226
971 1228
971 1858
972 1506
973 1474
974 1018
976 1806
976 1831
977 1784
980 1854
981 1591
982 1321
982 1793
983 1493
983 1601
984 1306
984 1689
985 1285
985 1384
985 1426
985 1867
985 1967
986 1861
987 997
991 1127
991 1229
991 1304
992 1555
994 1644
994 1670
995 1336
996 1079
996 1290
996 1788
997 1292
998 1102
998 1268
998 1450
999 1258
1000 1500
1000 1556
1001 1887
1002 1115
1003 1291
1003 1528
1004 1113
1004 1596
1004 1763
1006 1543
1006 1998
1008 1101
1008 1544
1010 1046
1010 1084
1010 1339
1010 1354
1010 1556
1011 1112
1011 1222
1011 1401
1011 1470
1011 1976
1013 1863
1014 1099
1014 1834
1014 1862
1014 1982
1014 1985
1015 1349
1016 1188
1016 1534
1016 1809
1016 1992
1017 1160
1018 1042
1018 1548
1020 1065
1020 1932
1021 1096
1022 1449
1023 1039
1023 1086
1023 1460
1024 1304
1025 1702
1026 1280
1026 1462
1026 1550
1027 1314
1027 1488
1028 1873
1028 1943
1028 1953
1029 1034
1029 1279
1029 1301
1029 1388
1029 1426
1030 1676
1030 1996
1031 1618
1031 1676
1032 1767
1033 1204
1033 1934
1034 1642
1035 1879
1036 1232
1037 1218
1037 1450
1039 1302
1039 1538
1039 1757
1040 1878
1041 1222
1041 1239
1041 1366
1041 1882
1043 1793
1043 1939
1043 1956
1045 1878
1046 1424
1046 1538
1048 1523
1049 1058
1049 1199
1049 1789
1050 1405
1051 1444
1051 1773
1052 1850
1054 1310
1054 1803
1055 1667
1055 1788
1056 1428
1056 1739
1057 1493
1058 1205
1058 1721
1059 1377
1059 1390
1059 1755
1060 1314
1060 1331
1060 1953
1060 1994
1061 1110
1061 1281
1061 1651
1062 1922
1063 1214
1063 1382
1065 1144
1067 1671
1068 1155
1068 1605
1068 1955
1069 1171
1069 1631
1069 1809
1070 1880
1071 1346
1071 1629
1073 1199
1073 1204
1075 1330
1075 1486
1075 1519
1076 1697
1077 1080
1077 1317
1078 1191
1078 1513
1078 1649
1078 1668
1079 1347
1080 1432
1080 1448
1082 1187
1082 1379
1082 1680
1083 1856
1084 1826
1085 1637
1086 1098
1088 1179
1088 1378
1088 1464
1088 1803
1088 1819
1089 1230
1089 1242
1091 1232
1092 1439
1093 1279
1094 1283
1096 1125
1096 1571
1096 1956
1098 1738
1099 1435
1099 1544
1100 1356
1102 1220
1103 1292
1103 1394
1103 1684
1105 1362
1106 1273
1106 1425
1106 1435
1110 1145
1110 1566
1114 1815
1115 1419
1116 1148
1117 1864
1118 1156
1118 1923
1119 1445
1119 1490
1119 1622
1119 1979
1120 1348
1120 1370
1120 1458
1121 1853
1122 1488
1122 1809
1124 1921
1125 1733
1126 1200
1126 1492
1128 1196
1128 1937
1129 1191
1130 1252
1130 1307
1130 1395
1130 1540
1131 1520
1131 1700
1133 1881
1134 1139
1135 1148
1135 1523
1136 1235
1136 1265
1136 1465
1136 1619
1136 1870
1137 1611
1138 1521
1142 1424
1142 1515
1142 1878
1143 1224
1143 1595
1143 1700
1143 1722
1146 1717
1146 1807
1146 1880
1147 1992
1148 1328
1148 1625
1148 1838
1149 1638
1150 1156
1150 1622
1150 1841
1151 1220
1152 1194
1152 1701
1154 1672
1155 1519
1156 1546
1158 1378
1158 1738
1158 1753
1159 1891
1159 1904
1160 1613
1160 1749
1162 1804
1163 1277
1163 1972
1164 1495
1164 1741
1164 1787
1164 1846
1166 1303
1168 1365
1168 1784
1169 1535
1170 1197
1170 1813
1172 1220
1172 1723
1173 1748
1173 1783
1174 1832
1175 1357
1175 1371
1175 1722
1177 1740
1177 1832
1178 1519
1178 1754
1179 1955
1180 1525
1183 1493
1186 1384
1187 1202
1187 1666
1188 1811
1189 1791
1190 1224
1190 1256
1190 1840
1191 1940
1192 1337
1192 1950
1193 1528
1195 1420
1196 1915
1197 1656
1197 1863
1198 1973
1199 1985
1200 1801
1201 1295
1201 1337
1201 1668
1203 1470
1204 1538
1204 1662
1205 1758
1205 1851
1208 1401
1209 1764
1209 1857
1210 1664
1210 1753
1211 1260
1211 1557
1211 1900
1212 1778
1214 1507
1217 1399
1219 1242
1220 1720
1221 1688
1221 1770
1222 1555
1223 1364
1223 1775
1225 1439
1228 1376
1230 1826
1232 1520
1232 1745
1233 1454
1233 1546
1233 1615
1235 1314
1236 1335
1237 1261
1239 1616
1239 1772
1239 1876
1243 1884
1244 1544
1244 1810
1245 1354
1245 1677
1246 1977
1247 1587
1249 1572
1249 1788
1250 1896
1252 1461
1252 1704
1253 1331
1254 1564
1254 1742
1256 1319
1257 1403
1257 1909
1258 1271
1258 1474
1260 1428
1263 1630
1269 1580
1270 1761
1270 1778
1270 1945
1271 1602
1275 1432
1275 1639
1275 1956
1277 1620
1277 1711
1278 1308
1278 1332
1278 1938
1279 1857
1280 1416
1280 1928
1280 1978
1281 1300
1282 1623
1284 1430
1286 1393
1288 1970
1290 1712
1291 1731
1292 1417
1292 1679
1295 1469
1295 1632
1296 1679
1297 1640
1298 1564
1299 1850
1301 1608
1303 1309
1303 1766
1303 1967
1304 1423
1304 1954
1304 1971
1305 1337
1308 1317
1308 1362
1308 1883
1311 1582
1311 1640
1311 1832
1312 1368
1312 1578
1313 1649
1314 1356
1314 1389
1316 1461
1316 1684
1316 1877
1320 1863
1321 1398
1321 1463
1321 1573
1321 1640
1321 1792
1322 1752
1322 1806
1323 1704
1323 1716
1324 1839
1325 1779
1326 1906
1328 1349
1329 1588
1329 1752
1331 1463
1331 1516
1331 1850
1333 1525
1333 1553
1334 1854
1335 1953
1337 1653
1339 1903
1340 1884
1340 1948
1342 1761
1345 1917
1347 1403
1347 1978
1350 1905
1351 1819
1356 1518
1356 1697
1357 1569
1357 1757
1358 1760
1358 1987
1360 1403
1360 1941
1361 1810
1362 1673
1362 1809
1362 1965
1363 1800
1364 1445
1364 1917
1365 1445
1368 1502
1368 1738
1369 1651
1369 1821
1370 1988
1372 1873
1374 1414
1375 1797
1376 1869
1378 1838
1379 1719
1379 1825
1380 1717
1381 1591
1381 1886
1382 1385
1382 1989
1383 1427
1385 1788
1387 1767
1387 1842
1389 1896
1390 1631
1390 1967
1392 1876
1392 1976
1393 1599
1397 1561
1400 1586
1401 1643
1402 1830
1403 1499
1406 1510
1406 1539
1409 1588
1409 1998
1411 1524
1411 1940
1412 1945
1415 1515
1416 1592
1417 1610
1417 1674
1417 1878
1417 1963
1418 1622
1418 1706
1418 1720
1418 1776
1419 1523
1419 1933
1421 1504
1421 1888
1422 1744
1422 1906
1423 1518
1423 1921
1424 1526
1425 1955
1426 1653
1427 1521
1428 1618
1430 1587
1431 1635
1431 1903
1432 1874
1434 1807
1436 1751
1437 1582
1437 1583
1437 1588
1437 1633
1438 1507
1438 1509
1438 1539
1438 1966
1439 1689
1440 1573
1440 1724
1441 1502
1441 1647
1442 1920
1446 1589
1446 1772
1446 1912
1446 1915
1447 1547
1449 1630
1450 1682
1452 1803
1453 1786
1455 1624
1458 1707
1458 1870
1461 1544
1461 1552
1461 1726
1461 1775
1463 1499
1463 1665
1465 1565
1466 1677
1467 1548
1469 1531
1469 1555
1469 1600
1471 1816
1472 1953
1474 1716
1476 1497
1476 1708
1477 1577
1478 1577
1479 1671
1479 1673
1486 1532
1486 1849
1486 1881
1490 1776
1490 1900
1493 1566
1493 1920
1493 1984
1495 1850
1498 1659
1498 1894
1499 1657
1502 1682
1503 1844
1504 1651
1506 1581
1506 1657
1508 1556
1511 1648
1512 1884
1513 1656
1513 1711
1513 1729
1515 1747
1517 1556
1517 1698
1518 1802
1520 1963
1521 1787
1521 1899
1522 1728
1523 1652
1525 1734
1527 1600
1527 1786
1529 1679
1530 1583
1532 1704
1532 1993
1534 1792
1537 1843
1537 1988
1538 1635
1538 1852
1539 1894
1543 1653
1545 1685
1546 1647
1548 1873
1549 1550
1553 1634
1555 1886
1557 1702
1557 1792
1558 1585
1558 1719
1563 1602
1565 1868
1566 1720
1568 1738
1571 1593
1573 1656
1574 1992
1575 1732
1581 1735
1583 1615
1587 1666
1591 1681
1592 1722
1594 1936
1596 1749
1597 1969
1598 1604
1599 1973
1600 1863
1601 1719
1602 1609
1603 1642
1606 1783
1614 1764
1615 1790
1616 1755
1618 1699
1620 1982
1621 1979
1630 1986
1632 1747
1633 1670
1633 1905
1635 1993
1636 1778
1638 1843
1639 1664
1639 1821
1639 1854
1640 1916
1641 1989
1642 1860
1645 1917
1646 1881
1647 1767
1647 1895
1648 1714
1651 1863
1651 1955
1653 1686
1653 1779
1658 1812
1659 1942
1665 1778
1669 1677
1670 1720
1672 1906
1675 1759
1677 1905
1679 1953
1681 1874
1682 1817
1684 1904
1687 1702
1688 1922
1689 1709
1690 1775
1694 1924
1695 1749
1695 1754
1696 1864
1699 1739
1702 1903
1704 1732
1706 1828
1710 1767
1710 1813
1711 1787
1712 1751
1713 1789
1714 1851
1714 1957
1722 1854
1729 1922
1730 1834
1732 1915
1736 1973
1738 1923
1743 1841
1745 1757
1745 1937
1748 1795
1749 1839
1753 1767
1754 1861
1756 1987
1765 1779
1766 1790
1770 1864
1771 1782
1771 1882
1779 1943
1779 1973
1780 1906
1783 1808
1784 1908
1785 1800
1789 1794
1793 1948
1795 1869
1798 1884
1798 1913
1800 1863
1801 1981
1805 1819
1805 1965
1815 1867
1815 1922
1826 1964
1839 1921
1846 1927
1849 1998
1854 1964
1863 1921
1864 1981
1871 1943
1874 1906
1888 1979
1919 1952
1923 1984
1928 1988
1929 1980
1943 1993
1951 1957
1957 1962
1968 1971
