2000 3095
32
42
52
5
5
77
75
56
67
75
97
64
18
68
87
87
15
50
14
37
73
21
24
95
26
94
49
28
88
50
67
45
76
38
64
25
52
18
26
76
4
89
37
7
89
56
99
55
44
57
66
94
48
51
73
38
49
4
21
56
9
37
81
78
91
17
17
67
4
61
11
3
43
43
46
93
3
33
31
55
25
94
89
100
54
6
87
64
50
57
17
19
37
28
59
43
20
78
79
66
95
25
89
78
94
28
25
81
90
61
89
57
21
62
31
40
62
6
60
67
88
56
19
6
58
34
48
95
72
26
71
42
12
39
96
94
53
37
59
85
5
35
17
78
31
37
7
33
88
70
50
99
9
32
75
75
9
4
39
17
79
3
73
15
30
24
81
49
12
9
76
58
65
78
66
66
97
72
52
2
38
19
55
56
37
60
64
41
3
48
35
71
68
29
63
11
58
53
21
27
99
97
63
68
92
12
96
35
75
36
17
69
61
19
5
93
70
20
76
100
32
97
16
19
68
86
83
7
42
85
50
87
19
40
36
14
40
13
19
39
11
8
6
24
2
27
47
83
2
62
93
86
77
2
64
26
86
26
87
64
94
45
44
17
46
94
54
72
67
93
21
34
21
48
11
36
37
3
36
23
83
66
82
3
49
52
24
62
41
66
71
21
14
3
23
53
81
12
26
59
27
1
51
55
62
77
44
7
26
52
17
74
10
12
63
31
68
42
56
100
49
46
78
75
33
82
17
69
22
97
31
60
97
73
74
51
7
10
52
38
78
11
13
7
70
55
81
8
88
80
45
69
48
63
16
6
4
67
18
20
51
54
89
78
7
63
21
69
14
60
38
29
5
17
13
85
99
57
82
33
19
71
49
63
97
10
33
10
85
62
36
93
72
69
60
27
91
41
65
21
56
82
95
8
85
80
62
83
31
94
33
90
42
66
94
83
35
62
8
31
7
50
98
12
82
3
66
92
21
4
89
96
76
22
91
18
60
37
39
17
88
1
100
54
95
44
42
63
87
86
2
56
67
78
65
32
11
95
31
12
74
30
90
4
39
62
62
44
46
77
50
46
10
77
36
58
32
10
7
91
57
73
53
7
71
98
90
26
44
53
61
54
50
75
8
30
19
44
14
78
59
47
47
8
44
12
87
57
46
65
52
13
61
65
20
20
35
50
67
22
60
20
30
22
43
33
27
99
93
70
76
20
87
80
9
77
10
35
32
82
99
51
25
59
7
19
69
37
59
91
63
81
100
21
57
58
81
50
24
42
42
19
45
12
1
79
21
48
25
68
48
96
85
10
22
96
66
14
13
85
77
17
22
29
87
80
2
3
76
76
43
47
30
23
12
93
38
98
85
10
88
67
63
95
33
20
96
4
67
93
100
46
19
67
98
41
20
6
53
77
65
58
16
34
45
100
11
40
88
60
86
16
34
40
23
20
75
74
49
80
96
81
96
53
39
85
82
24
91
99
98
46
95
14
85
71
24
80
38
3
51
33
53
94
92
20
38
21
77
59
20
70
80
74
96
94
20
2
74
100
27
95
59
33
78
57
54
69
100
99
16
98
55
47
36
73
88
17
33
93
100
19
2
45
42
6
45
48
95
61
43
96
49
54
55
98
5
86
85
77
5
8
66
53
89
7
33
19
48
80
49
99
40
42
81
98
91
42
45
19
79
54
5
70
78
41
13
4
88
5
38
10
40
35
48
11
53
63
77
3
99
81
52
32
63
89
24
65
52
63
95
75
26
56
25
43
60
59
18
56
83
16
87
32
64
49
8
95
68
2
95
62
22
63
61
32
41
24
56
10
60
34
49
94
18
94
1
45
75
47
66
58
69
52
87
94
20
72
33
53
57
85
7
78
69
78
77
48
28
43
56
1
73
33
2
98
75
100
96
95
69
70
26
86
18
69
59
34
5
64
3
72
2
37
62
87
10
11
30
54
50
18
25
70
7
68
91
64
69
32
53
98
74
24
54
83
2
21
43
95
72
60
31
54
88
29
61
86
19
63
7
68
54
4
31
79
48
29
38
39
66
5
65
44
28
48
85
75
3
47
36
65
7
23
45
56
12
6
19
22
2
15
28
19
80
57
86
100
28
74
2
73
22
48
96
54
26
77
83
6
13
90
83
70
71
60
62
46
20
13
95
63
25
32
2
57
60
22
58
77
11
89
26
10
44
12
29
9
36
48
56
80
32
92
89
83
22
99
56
6
26
80
27
28
91
3
51
10
70
41
23
42
92
44
61
83
2
13
90
86
73
33
72
38
30
35
24
100
34
52
98
86
39
9
82
28
78
17
98
56
48
97
97
58
75
36
14
65
7
59
28
80
4
1
42
9
55
78
45
45
59
55
62
42
99
18
92
11
64
45
78
16
31
33
19
50
19
94
63
83
13
33
13
70
58
81
46
30
1
47
7
64
32
62
5
57
31
15
59
69
37
49
22
32
29
54
33
92
74
4
48
97
99
77
37
21
83
15
76
24
21
94
99
88
56
11
83
93
30
23
57
28
14
90
7
50
30
37
18
90
70
31
33
58
34
6
50
98
97
98
44
74
84
14
81
16
91
51
79
64
52
38
4
20
41
54
20
85
69
34
66
79
46
18
25
30
16
19
98
75
2
82
71
24
41
30
76
11
97
14
51
41
23
14
84
87
100
91
8
25
96
87
5
18
56
4
91
25
64
12
31
74
39
47
25
39
63
6
70
98
4
44
47
80
40
12
86
8
42
31
3
58
66
65
92
61
65
58
24
46
36
20
72
75
93
87
44
54
73
33
93
3
63
67
24
83
85
39
62
91
35
7
74
69
23
83
6
8
33
95
8
25
86
85
30
73
59
88
100
31
90
7
26
98
15
66
73
7
46
56
59
16
78
24
80
87
93
66
31
19
48
83
5
22
17
20
65
95
15
86
87
81
10
29
27
27
38
5
26
30
54
39
76
73
79
35
22
22
81
12
21
24
44
84
70
35
48
88
66
43
17
63
56
82
60
86
47
69
87
69
83
10
79
56
93
12
94
37
21
23
17
48
64
41
59
89
56
22
21
33
36
60
31
19
18
33
6
29
95
67
16
12
5
84
90
67
17
94
33
6
37
78
78
16
60
54
2
10
35
77
12
83
2
41
90
33
11
96
90
31
26
31
28
66
37
13
5
45
2
25
98
33
92
69
77
12
58
85
70
88
62
90
36
40
56
88
6
20
19
84
80
84
29
62
54
24
84
23
55
42
96
79
22
42
5
18
36
39
84
4
58
43
38
52
46
84
85
48
29
4
52
59
74
100
4
77
81
72
32
45
66
55
45
10
74
98
41
7
87
69
43
9
10
37
9
25
19
67
91
52
36
97
40
94
14
83
60
43
65
64
46
13
14
38
45
34
46
81
12
88
97
19
8
77
15
60
38
19
46
65
79
13
35
88
34
45
74
79
36
25
8
18
19
17
45
28
51
22
16
43
41
33
36
95
58
41
23
61
3
58
66
35
31
71
100
50
24
69
54
27
97
65
63
85
72
67
41
22
68
32
49
16
21
60
75
54
39
45
55
8
93
89
45
74
69
25
34
87
60
33
62
50
43
13
9
21
19
18
93
41
79
21
14
22
50
15
18
35
66
67
12
56
82
23
19
35
35
88
18
54
18
96
93
24
91
1
39
51
54
4
27
98
73
77
93
50
55
67
8
61
3
26
90
22
1
21
33
70
83
45
81
14
83
27
2
19
67
32
100
22
84
77
17
98
46
46
1
13
8
2
18
72
94
100
94
2
62
47
14
52
81
20
13
56
43
7
66
14
87
43
14
80
63
69
97
1
55
76
51
5
92
10
48
44
16
54
60
43
59
94
63
51
2
79
61
60
51
87
91
66
84
70
26
15
56
60
6
50
10
58
26
95
53
96
70
96
100
97
37
24
8
8
60
43
3
54
97
34
86
56
100
88
40
17
81
25
99
29
28
91
50
48
95
90
19
70
20
18
23
85
39
67
62
85
1
24
96
11
72
25
10
74
4
38
48
43
3
86
14
54
55
42
92
79
43
36
75
8
55
53
6
92
13
54
90
72
6
76
97
98
70
20
82
84
15
15
43
15
49
3
55
41
10
91
68
31
55
53
29
73
23
64
51
65
48
44
55
74
9
29
53
16
18
51
33
84
56
15
79
59
71
63
61
15
67
52
85
95
1
27
3
97
72
76
82
2
45
59
19
63
60
40
71
34
99
6
25
24
55
41
89
39
75
44
93
14
60
22
85
16
88
74
6
33
34
75
38
62
75
96
5
78
18
82
6
75
91
22
62
40
99
31
96
78
39
48
1
69
53
38
92
57
65
93
59
51
33
88
66
62
14
29
49
58
78
50
13
14
42
48
36
38
33
42
4
100
11
57
42
20
50
81
96
72
46
87
49
99
54
70
31
70
72
84
85
66
34
13
62
33
47
71
2
64
71
59
71
35
41
66
83
54
62
91
59
64
51
97
93
58
64
63
79
15
71
24
86
98
23
34
45
16
59
61
28
23
94
25
59
41
0 299
0 1026
0 1989
1 266
1 540
1 1899
2 587
2 692
2 1572
3 752
4 1217
5 115
6 160
6 244
6 468
7 302
7 435
7 781
8 444
8 547
8 633
8 1096
9 140
9 1092
9 1270
9 1282
10 550
10 1610
11 1244
11 1825
11 1930
12 22
12 547
12 557
12 678
12 846
12 1422
13 316
14 24
14 865
14 1098
14 1600
15 576
15 756
15 846
16 255
16 498
16 1397
17 79
17 134
17 165
17 247
17 378
17 540
17 726
17 1719
17 1791
18 296
18 876
18 924
18 1176
18 1291
18 1648
18 1832
19 301
19 806
19 1525
19 1564
19 1892
20 76
20 729
20 834
20 1758
21 42
21 1656
22 51
22 82
22 250
22 519
22 1092
22 1348
24 130
24 298
24 1986
25 151
26 182
26 1800
26 1902
27 1043
27 1076
28 71
28 813
28 1819
29 1030
29 1506
29 1513
31 293
31 645
31 1128
32 1057
33 1147
33 1485
33 1666
33 1905
33 1939
34 739
34 1014
35 419
35 579
35 1066
36 1357
36 1890
36 1975
37 94
37 220
37 566
37 759
37 1587
37 1808
38 285
39 945
40 1138
41 272
41 1263
41 1526
41 1796
42 472
42 815
42 1583
42 1751
43 79
43 152
43 644
43 868
43 897
43 1931
44 708
45 557
45 671
45 1463
46 521
46 896
46 1461
46 1523
46 1580
46 1835
47 374
47 734
47 917
47 1126
47 1185
48 568
48 748
48 1424
48 1438
48 1964
49 599
49 1045
51 524
51 1156
51 1985
52 231
52 516
52 882
52 1992
53 91
53 295
53 414
53 721
53 806
54 144
54 217
54 347
54 660
54 805
55 377
56 247
56 927
56 1236
56 1352
56 1393
56 1558
56 1594
57 83
57 726
57 1519
57 1606
57 1913
58 131
58 148
58 353
59 542
59 1137
59 1759
60 251
60 1217
60 1795
61 242
62 129
62 257
62 1081
63 986
63 993
63 1893
64 835
64 967
64 1118
64 1206
65 184
65 603
66 118
66 982
66 1593
66 1705
66 1850
66 1904
67 269
67 1726
67 1761
67 1997
68 122
68 322
68 450
68 657
69 1347
70 983
71 156
71 985
71 1133
71 1863
72 239
72 766
73 1526
73 1729
74 260
74 431
74 1598
76 140
76 523
76 565
76 572
76 755
76 1174
77 276
77 368
77 1732
78 235
78 263
78 1152
78 1554
80 597
80 1710
81 1134
81 1266
81 1421
81 1588
82 342
82 974
82 1650
83 721
84 1013
84 1622
84 1758
85 95
85 394
85 1480
86 104
86 1000
86 1576
87 652
88 296
88 1617
88 1996
89 267
89 639
89 926
89 1066
90 448
90 1247
91 755
92 1184
92 1395
92 1486
92 1762
92 1942
93 267
93 1504
93 1874
93 1973
94 129
94 1173
95 425
95 471
95 743
95 1178
95 1306
95 1396
96 643
96 1299
97 555
97 1290
98 802
98 875
98 1743
99 1207
101 420
101 523
101 1241
101 1329
101 1848
103 437
103 989
103 1444
106 299
106 404
106 673
106 797
106 1972
107 619
107 768
107 1764
108 188
109 1060
109 1509
110 795
110 1064
110 1860
110 1862
110 1959
111 384
111 1105
111 1281
111 1644
111 1741
112 760
113 594
113 1052
113 1199
113 1209
114 1259
115 281
115 1329
116 587
116 1528
116 1833
118 1135
118 1263
119 261
119 1339
119 1929
120 1043
120 1251
120 1491
120 1962
121 750
121 943
121 1004
123 499
123 705
123 1975
124 1149
124 1805
125 470
125 617
125 1937
126 242
126 1280
126 1965
127 134
127 1155
128 1295
128 1691
128 1732
129 251
129 687
129 1643
129 1672
130 1284
132 307
132 364
132 680
132 763
132 1941
133 324
133 421
133 606
133 829
133 835
134 680
135 666
135 752
135 1336
136 276
136 1225
137 198
137 904
137 1001
137 1403
137 1800
138 531
138 572
138 696
138 1308
138 1452
139 833
139 1309
139 1484
140 257
140 1343
141 246
141 762
141 1099
141 1740
142 467
142 882
142 1124
142 1202
142 1913
143 1335
143 1892
145 473
145 572
145 1524
145 1586
146 383
146 468
146 698
146 1401
146 1679
147 249
147 721
147 1571
147 1700
148 922
148 1718
148 1804
149 759
150 352
150 499
150 1277
150 1805
151 1289
151 1925
152 468
152 1449
152 1586
153 192
153 312
154 614
154 641
154 918
154 1044
154 1702
154 1739
154 1753
154 1773
155 352
155 913
155 1849
156 407
156 1057
156 1631
157 177
157 1868
157 1946
158 483
158 608
158 741
158 745
158 1141
158 1252
159 796
160 251
160 519
160 699
160 944
160 1059
160 1152
160 1375
160 1772
161 473
161 786
161 1041
161 1097
161 1345
161 1512
161 1706
162 349
163 1570
163 1857
164 1614
165 358
165 472
165 870
167 1246
167 1907
168 1048
168 1946
169 346
170 201
170 1394
170 1902
171 259
171 718
171 734
171 1244
172 327
172 1006
172 1596
173 244
173 912
173 1402
173 1516
173 1934
174 654
174 1377
174 1769
175 653
175 1417
176 320
176 1479
176 1574
176 1974
177 450
177 1175
177 1981
178 818
178 1417
178 1486
178 1915
179 375
179 1161
179 1204
180 248
180 1570
181 388
181 987
181 1293
181 1666
181 1956
182 696
183 703
183 1211
185 406
185 1473
186 1568
187 1189
188 1368
189 1240
189 1271
189 1775
190 926
190 956
191 345
191 1140
191 1250
191 1276
191 1295
191 1680
191 1942
193 445
193 835
193 1714
194 733
194 759
194 1583
194 1636
195 869
195 954
196 1725
197 1973
198 791
198 1171
199 703
199 1112
199 1530
200 1084
200 1795
201 664
201 1316
201 1856
201 1884
202 221
202 293
202 715
203 955
203 1520
203 1884
203 1903
204 1615
204 1652
204 1801
205 216
205 691
205 868
205 980
205 1931
206 956
206 1642
206 1844
207 1361
208 570
208 755
208 922
208 1077
208 1358
208 1738
208 1908
209 269
209 1225
209 1317
210 1840
211 246
211 342
211 754
211 1554
211 1797
212 1225
212 1933
213 1019
213 1922
214 1281
214 1908
215 405
215 1391
215 1433
215 1999
216 348
216 404
216 492
216 795
216 1628
217 1728
218 786
218 1898
218 1960
219 827
219 1164
219 1315
221 261
221 558
221 1691
222 694
222 738
222 1091
222 1805
222 1839
223 733
224 1085
225 540
226 1134
226 1180
226 1609
227 770
227 907
227 1477
227 1563
228 317
228 628
228 889
228 1200
228 1574
228 1583
228 1797
229 868
229 946
229 1244
231 554
231 1527
232 516
232 561
232 1053
232 1092
233 297
233 898
233 1295
234 854
234 1278
234 1492
236 1026
236 1675
236 1689
237 1355
237 1420
237 1429
238 264
238 479
238 1873
239 372
239 640
239 1152
239 1624
239 1885
239 1988
240 827
241 532
241 908
241 1378
241 1870
242 570
243 1399
244 1049
244 1131
244 1889
245 1117
245 1148
246 1497
246 1787
247 1339
247 1543
248 251
248 1991
249 651
249 1373
249 1653
250 568
252 685
252 1467
252 1819
253 272
253 723
253 1953
254 474
254 586
254 688
254 933
254 1819
255 1052
255 1237
255 1524
256 1550
256 1560
256 1573
256 1934
257 268
257 488
257 1802
258 1462
258 1658
259 405
259 483
260 752
260 983
260 990
260 1538
261 1265
262 1408
262 1444
263 520
263 642
263 989
263 1948
265 313
265 893
265 1196
266 288
266 1775
267 358
267 1706
269 540
269 1230
269 1663
270 531
270 862
270 1013
270 1777
271 1299
271 1496
271 1636
272 642
272 1155
272 1664
272 1921
273 430
273 456
273 819
273 1260
273 1296
273 1328
273 1573
274 683
274 1847
275 634
275 873
275 1125
275 1521
275 1794
275 1997
276 1464
276 1752
277 334
277 943
277 959
277 1727
278 654
278 667
279 1629
280 717
280 721
280 1038
280 1219
280 1355
280 1765
281 895
281 1517
281 1951
281 1960
282 1342
282 1418
283 917
283 937
284 1589
285 379
285 1037
285 1946
285 1973
286 585
286 1216
286 1818
287 992
287 1020
288 319
288 1143
290 453
290 693
291 1024
292 336
293 1596
294 896
294 1146
295 312
295 980
295 1345
295 1794
295 1986
296 648
296 689
296 1513
296 1834
297 827
297 920
298 324
298 368
298 730
298 912
299 1480
301 648
301 1204
301 1720
302 758
302 870
302 901
302 1375
303 1700
303 1793
304 377
304 796
304 1145
304 1405
304 1691
305 666
305 801
305 1486
305 1995
306 790
306 1035
306 1419
306 1619
306 1723
306 1791
306 1999
307 480
307 634
308 848
308 1159
310 348
310 1552
310 1647
310 1660
310 1964
311 659
311 1673
312 817
313 430
313 881
313 1275
313 1651
313 1962
314 351
314 534
314 1002
314 1514
315 1459
316 646
316 657
316 921
317 791
317 1215
318 438
319 1154
319 1310
319 1603
320 350
320 1242
321 1427
321 1595
322 904
322 1379
323 388
323 653
323 1318
323 1527
323 1799
324 629
324 910
324 1431
324 1435
324 1707
324 1725
324 1740
325 676
325 1221
325 1679
326 682
326 1007
327 638
327 815
327 1141
327 1496
327 1721
327 1745
328 496
328 735
328 937
328 1678
328 1908
329 506
329 1715
330 437
330 963
330 1051
331 1212
331 1311
331 1672
331 1913
332 571
332 1504
333 416
334 959
334 1264
334 1396
334 1706
335 1593
335 1966
336 573
336 836
336 1652
337 424
337 1115
337 1284
337 1582
338 1390
338 1532
338 1787
339 582
339 593
339 1382
339 1464
340 1928
342 1358
342 1972
343 1414
343 1841
344 674
345 673
345 1073
345 1509
345 1695
346 594
346 1043
346 1833
346 1945
346 1955
347 365
347 1219
347 1911
349 481
349 765
349 1486
349 1703
350 1553
351 535
351 659
352 530
352 560
352 1200
352 1979
353 1679
354 745
354 1091
354 1376
355 1451
355 1779
355 1881
356 1067
357 946
357 1050
357 1408
357 1708
358 1044
358 1762
359 650
359 788
359 1204
359 1256
359 1743
361 538
361 635
361 1397
361 1829
362 622
362 929
363 1376
364 772
364 1632
365 753
365 1484
366 924
366 1602
366 1729
366 1860
367 1939
367 1996
368 895
368 1303
369 487
369 856
369 1440
369 1756
370 1210
370 1362
371 1499
371 1939
372 951
372 1096
372 1548
372 1766
374 1088
375 512
375 1252
376 774
376 844
376 1317
376 1705
377 795
377 1253
377 1458
377 1465
378 489
379 431
379 1213
380 1069
380 1615
380 1676
381 624
381 789
381 1531
381 1714
381 1841
382 710
383 450
383 544
383 546
383 794
383 1582
383 1841
384 587
384 909
384 1523
385 1006
385 1344
386 1305
386 1744
387 1257
387 1551
389 1204
389 1614
390 1702
391 399
391 1992
392 1332
392 1525
393 1271
393 1876
394 520
395 506
395 1159
396 410
396 1354
397 884
397 1408
397 1668
397 1960
398 771
399 748
399 1718
400 1709
401 962
401 1850
401 1995
402 1396
403 919
403 1674
403 1746
404 1975
405 433
405 1311
405 1380
405 1467
406 981
406 1311
406 1625
406 1919
407 1284
408 1522
408 1699
409 774
409 846
410 433
410 484
410 638
410 1133
410 1414
412 505
412 1509
413 544
413 1012
413 1252
414 535
414 672
414 974
414 996
414 1692
415 810
415 814
415 1110
416 1297
417 1982
418 734
419 1802
420 1687
421 1310
422 940
422 1173
422 1588
423 469
424 500
424 508
424 966
424 1159
424 1595
424 1786
425 507
425 890
425 914
426 935
427 1822
428 1217
428 1534
429 944
429 1229
430 1763
431 586
431 1305
431 1673
431 1952
432 793
432 1673
432 1949
434 647
434 1666
435 944
435 1394
435 1667
435 1896
436 716
436 1330
437 593
437 1947
438 1129
439 1011
440 1525
440 1630
440 1870
441 521
441 787
441 1001
441 1365
442 531
442 621
442 1488
442 1737
443 530
443 1157
444 519
444 1864
446 1132
446 1141
446 1389
446 1406
447 578
447 1224
447 1264
447 1459
447 1930
448 1302
449 616
449 1381
449 1851
449 1935
450 919
450 1017
450 1283
450 1300
451 690
451 803
451 821
451 1411
451 1544
452 525
453 859
454 488
454 1902
455 1558
457 526
457 917
458 675
458 1991
459 700
459 879
459 960
459 1238
459 1337
459 1401
459 1625
459 1860
460 698
460 952
460 1527
460 1572
460 1647
461 1177
461 1479
461 1507
462 615
462 631
462 1410
462 1562
463 571
463 892
463 1346
463 1401
463 1641
464 546
464 553
464 1065
464 1438
464 1476
466 1705
468 1648
469 568
469 1983
470 1585
470 1953
471 1333
471 1795
471 1908
471 1930
472 780
472 784
472 1311
472 1341
472 1417
472 1885
473 656
473 1387
474 544
474 983
474 1255
474 1472
475 701
475 809
475 946
475 1434
475 1609
475 1998
476 505
476 1031
477 1255
477 1597
478 618
478 1934
479 651
479 1006
479 1122
479 1249
480 628
480 995
480 1287
480 1631
481 1036
481 1614
482 866
483 508
483 984
483 1016
483 1072
483 1658
484 858
484 1122
485 1128
486 1502
486 1560
486 1602
486 1657
486 1831
488 699
488 746
488 1441
489 1541
490 850
491 1320
491 1610
491 1884
492 662
492 1724
493 1404
494 714
494 1321
494 1447
494 1943
494 1955
495 538
495 1687
496 1105
496 1385
497 1375
498 597
498 721
498 862
498 1981
499 1618
500 952
502 1588
502 1608
502 1787
502 1790
503 840
503 1108
503 1285
503 1302
504 993
504 1212
504 1550
505 881
506 779
506 1007
507 519
507 935
507 1610
507 1923
508 1055
508 1272
509 1448
510 1227
510 1230
511 684
513 1840
514 1107
514 1508
515 1065
515 1101
515 1318
516 1385
516 1632
517 1732
518 1031
519 523
519 665
519 708
519 1766
520 1044
520 1273
520 1497
521 621
521 1698
521 1843
522 1634
523 552
523 1745
524 1155
524 1509
524 1519
525 848
525 1269
525 1538
525 1795
525 1819
526 1102
526 1666
526 1721
527 1556
527 1779
528 700
528 725
528 1657
528 1964
529 1022
529 1208
529 1682
529 1737
531 682
531 1716
532 692
533 592
533 1085
534 1045
534 1048
534 1152
534 1645
535 688
535 1336
536 824
536 1358
536 1704
537 705
537 1213
537 1584
538 794
539 1630
541 949
541 1669
541 1888
542 1577
543 558
543 1248
543 1619
544 1710
545 1603
546 804
546 924
547 1866
548 725
549 739
549 1089
549 1447
549 1885
550 1826
551 963
551 1681
552 1332
553 740
553 1183
553 1279
553 1353
553 1929
553 1960
554 1112
555 937
556 1963
557 1453
558 1734
558 1872
559 900
559 1091
559 1371
559 1697
560 773
560 1334
561 1169
562 1003
562 1010
562 1224
562 1717
562 1779
562 1849
562 1877
563 784
563 1291
563 1606
564 962
564 999
564 1737
566 640
566 788
566 1930
567 899
567 1074
567 1786
568 1314
570 819
570 1164
570 1227
570 1250
571 1731
572 918
572 1075
572 1357
573 1478
574 620
574 1491
575 1246
575 1407
575 1721
576 1793
577 761
577 1177
577 1590
577 1982
578 837
578 1344
578 1416
581 1764
582 1506
583 1266
583 1267
583 1966
584 1224
585 881
585 1317
585 1664
586 592
587 797
587 1435
587 1519
587 1765
588 843
588 1839
589 1532
590 803
590 1130
590 1192
591 794
591 812
591 1152
592 695
592 1018
592 1765
593 606
593 717
593 1245
593 1856
594 1321
594 1564
595 1509
595 1560
596 681
596 1634
597 961
597 986
597 1123
597 1675
597 1943
598 770
598 1026
598 1773
598 1853
599 1847
600 1126
600 1200
600 1968
601 603
601 1607
602 754
602 1547
602 1590
603 967
603 1752
604 628
604 992
604 1168
605 715
605 911
605 1292
605 1482
605 1499
606 834
606 993
606 1302
607 912
607 1219
607 1366
608 1147
608 1847
609 1131
609 1316
609 1739
610 681
610 1932
611 1407
611 1614
612 1648
612 1902
613 1674
613 1699
614 904
614 1537
616 867
616 1066
616 1205
618 1742
618 1966
618 1998
619 1234
619 1296
619 1464
619 1625
621 1699
622 1715
622 1812
622 1870
622 1965
623 1780
625 668
625 1262
625 1280
625 1950
626 1321
626 1633
627 1768
628 681
628 720
628 1618
628 1850
629 971
629 1130
629 1376
630 1013
630 1503
630 1631
631 647
631 1051
631 1381
631 1889
633 1462
634 1010
634 1297
635 1817
636 1517
637 1881
637 1994
638 808
638 1360
639 1845
640 820
640 1827
640 1860
640 1895
641 1365
641 1634
642 789
642 1904
643 933
643 1420
644 733
644 1295
644 1430
645 1454
645 1636
646 655
646 710
647 657
647 1200
647 1203
647 1619
647 1740
647 1766
647 1886
648 843
648 1393
648 1583
648 1645
648 1859
649 1265
649 1535
650 1882
650 1884
651 1071
651 1219
651 1267
651 1720
651 1743
651 1950
652 1730
652 1759
653 1359
653 1506
653 1610
654 1484
654 1841
655 836
656 1069
656 1175
656 1820
657 741
657 920
657 1119
657 1574
657 1639
657 1879
657 1932
658 1803
659 1282
660 1347
661 998
661 1738
663 933
663 1313
663 1557
664 704
664 1021
664 1259
664 1382
664 1493
664 1880
665 846
665 892
665 1550
665 1872
666 694
666 1326
666 1383
666 1962
668 906
668 1735
669 1330
669 1499
669 1509
669 1952
670 964
670 1636
671 1907
672 1515
673 805
673 990
673 1108
673 1228
673 1246
673 1552
674 841
674 1005
674 1387
674 1753
676 1031
676 1649
677 955
677 1258
677 1974
679 1470
679 1771
680 964
682 696
682 1652
682 1665
682 1897
683 769
683 1340
684 1142
685 927
685 991
686 1202
686 1473
687 989
688 969
688 1649
688 1928
690 1193
690 1762
691 1111
691 1408
691 1714
691 1977
692 728
692 948
692 1241
692 1283
692 1524
692 1542
693 1126
694 914
694 1227
695 1549
696 894
696 1795
698 978
698 1126
698 1233
698 1318
698 1319
698 1635
698 1664
699 1188
699 1643
700 1408
701 1393
701 1599
702 1064
702 1665
703 877
703 912
705 719
705 851
705 1617
707 1343
707 1372
708 1361
708 1432
708 1456
709 732
709 1224
710 1705
710 1758
710 1900
710 1971
711 1591
712 1096
712 1358
712 1722
713 950
713 1107
714 1037
715 1037
715 1781
716 751
716 1002
717 754
717 1540
717 1711
718 901
719 1153
719 1868
721 947
722 1343
722 1809
722 1853
725 987
726 1321
727 1734
730 1335
730 1801
730 1833
731 894
731 1328
731 1504
731 1611
732 1606
734 1022
735 749
735 1365
738 931
738 1168
738 1923
739 1069
739 1896
740 1404
741 983
742 747
742 986
742 1053
742 1592
744 1393
744 1481
745 798
745 964
745 1054
745 1706
747 1855
748 1943
750 1219
750 1254
750 1675
751 1074
751 1084
751 1336
751 1494
751 1664
752 1291
752 1417
752 1625
752 1896
753 1828
754 1137
756 1187
756 1220
756 1637
756 1731
758 993
758 1027
758 1393
758 1652
758 1705
759 1234
760 1226
760 1727
760 1968
761 1874
762 808
762 1157
762 1654
762 1812
763 1061
766 850
766 973
767 849
767 913
768 1378
770 962
770 1605
771 1835
772 1072
772 1852
773 867
773 1496
773 1601
773 1841
774 798
774 1022
775 1046
775 1381
775 1567
775 1998
777 1066
777 1472
778 831
778 1265
778 1382
779 1584
780 1548
781 1099
781 1388
781 1437
781 1472
781 1851
782 1063
782 1534
782 1577
782 1826
784 943
785 1991
786 1327
786 1900
787 843
787 1149
787 1515
789 1702
790 1008
790 1442
790 1567
790 1702
790 1857
791 1167
791 1746
792 1925
793 1550
793 1578
794 1748
795 887
796 1354
797 860
797 1373
798 1552
798 1636
798 1852
799 1182
799 1234
799 1577
799 1636
799 1893
800 1805
801 1365
802 947
802 1487
802 1608
803 804
803 1529
804 906
805 1092
806 1029
807 1037
807 1068
807 1070
808 1725
809 874
809 1655
809 1665
810 1247
811 1957
812 1710
812 1834
812 1873
812 1875
813 1419
813 1667
814 1962
815 1268
816 1266
816 1720
816 1932
817 1189
817 1704
818 992
819 1254
820 1202
820 1213
820 1471
821 1043
821 1674
821 1820
822 1147
822 1819
823 1051
823 1273
823 1428
825 1185
825 1280
825 1328
826 1577
826 1748
827 920
827 1142
827 1339
827 1361
828 1780
829 854
829 1364
830 1991
831 1091
831 1466
833 1186
833 1727
835 989
835 1839
835 1958
836 853
836 1164
836 1419
837 854
837 1408
837 1614
838 876
838 1339
839 917
839 1117
843 1954
844 897
844 1038
844 1716
844 1848
845 986
845 1677
845 1882
846 938
846 1265
847 1679
847 1914
848 1811
848 1931
849 921
849 1353
850 1740
851 1346
851 1763
852 1266
853 1835
854 990
854 1986
855 1419
855 1476
856 1996
857 923
858 1059
858 1180
859 979
859 1118
859 1303
860 1077
860 1401
860 1590
860 1659
862 1791
863 1341
865 956
865 1862
866 874
866 1866
867 1586
867 1653
867 1837
869 1060
869 1965
870 892
870 1693
871 1417
871 1907
872 1291
873 1157
873 1323
875 1158
875 1258
875 1521
875 1741
875 1961
876 1320
877 1245
878 1103
878 1447
878 1692
881 1357
881 1727
883 1175
884 1723
885 1190
885 1250
885 1628
885 1926
886 1877
888 1346
889 1219
889 1291
889 1650
890 951
890 1458
891 1247
891 1389
891 1936
892 1082
893 1480
894 1149
894 1849
895 1099
895 1994
896 937
896 941
896 969
896 1259
896 1539
896 1946
897 1591
899 1305
899 1851
900 1475
901 1068
901 1130
901 1711
901 1781
902 1411
902 1988
903 942
903 1861
904 1476
905 1701
905 1781
905 1976
906 930
907 1559
908 1125
908 1582
908 1782
909 1152
909 1680
910 1173
911 1745
913 1021
914 1014
915 1923
917 1778
918 992
918 1266
918 1632
918 1633
919 1371
919 1380
919 1734
919 1797
920 1038
920 1310
920 1496
920 1642
921 1532
921 1580
922 1620
923 1311
925 1064
925 1139
926 930
926 984
926 1450
926 1667
927 1656
928 1211
929 985
930 1619
930 1946
931 950
932 1321
932 1479
932 1542
933 1518
934 1022
934 1114
935 1235
935 1403
935 1798
936 1971
938 1058
938 1180
938 1366
938 1459
939 1876
940 1523
940 1955
943 1445
943 1502
944 1021
945 1042
945 1055
945 1404
945 1521
945 1686
945 1716
945 1958
945 1995
947 1039
947 1155
947 1861
950 1273
950 1355
950 1379
952 1027
952 1566
952 1591
953 1270
955 1178
955 1302
955 1651
955 1760
956 1399
956 1429
956 1883
957 1577
957 1973
960 1859
961 1671
961 1696
961 1738
963 1086
963 1750
963 1763
964 1158
964 1395
964 1883
965 1263
965 1526
966 1434
967 1151
967 1196
967 1493
967 1862
968 1193
968 1486
969 1680
970 1251
972 1528
973 1265
974 1681
974 1804
974 1836
974 1895
975 1000
975 1572
976 1269
976 1306
976 1538
976 1630
978 1535
979 1225
979 1411
979 1671
980 1841
981 1624
983 993
984 1557
985 1268
986 1164
986 1351
987 1405
987 1413
989 1071
989 1771
991 1283
991 1954
992 1700
993 1313
994 1537
995 1201
996 1844
997 1962
998 1242
1000 1058
1000 1529
1001 1139
1003 1550
1004 1595
1004 1936
1005 1042
1006 1720
1006 1798
1006 1902
1007 1978
1008 1408
1009 1595
1009 1672
1010 1056
1010 1220
1010 1647
1010 1905
1011 1848
1012 1106
1012 1537
1014 1517
1015 1766
1016 1417
1017 1108
1020 1932
1021 1685
1022 1297
1022 1870
1022 1992
1023 1379
1023 1889
1024 1194
1025 1812
1026 1123
1027 1068
1027 1662
1028 1963
1029 1673
1030 1610
1030 1749
1030 1752
1030 1757
1031 1620
1033 1222
1033 1478
1033 1591
1036 1393
1036 1567
1036 1894
1039 1097
1039 1223
1039 1266
1040 1156
1040 1730
1041 1581
1041 1663
1043 1866
1044 1239
1044 1255
1045 1513
1046 1196
1046 1276
1046 1724
1047 1129
1047 1455
1047 1776
1047 1961
1049 1207
1049 1517
1049 1845
1050 1135
1051 1194
1051 1951
1052 1079
1052 1108
1053 1229
1053 1481
1054 1089
1054 1340
1055 1745
1056 1510
1056 1610
1057 1402
1057 1450
1057 1647
1058 1534
1059 1491
1061 1300
1062 1732
1063 1713
1064 1810
1064 1914
1064 1992
1065 1288
1067 1075
1067 1309
1067 1329
1067 1648
1068 1187
1068 1531
1070 1111
1070 1954
1070 1971
1071 1615
1071 1679
1072 1625
1073 1246
1073 1252
1073 1917
1074 1387
1075 1235
1075 1370
1076 1089
1076 1189
1076 1929
1077 1520
1078 1365
1079 1138
1079 1267
1079 1528
1079 1596
1080 1110
1080 1420
1080 1821
1081 1400
1082 1807
1082 1943
1084 1264
1085 1875
1087 1798
1090 1227
1090 1322
1091 1203
1091 1375
1092 1646
1093 1745
1094 1321
1094 1695
1095 1113
1095 1216
1095 1656
1096 1665
1098 1596
1098 1778
1098 1963
1099 1145
1100 1729
1100 1903
1101 1259
1102 1349
1104 1263
1104 1635
1104 1649
1106 1185
1106 1365
1106 1804
1108 1174
1109 1509
1109 1887
1110 1367
1110 1440
1110 1651
1110 1667
1110 1669
1110 1836
1111 1132
1111 1261
1111 1327
1111 1606
1111 1803
1112 1759
1112 1861
1112 1885
1113 1395
1113 1585
1115 1970
1116 1899
1117 1157
1117 1710
1118 1240
1118 1337
1118 1399
1118 1669
1121 1187
1121 1515
1124 1383
1124 1665
1127 1416
1127 1463
1127 1491
1127 1652
1128 1543
1128 1946
1129 1548
1129 1707
1129 1974
1130 1262
1133 1994
1134 1652
1135 1882
1135 1968
1136 1506
1136 1639
1137 1659
1137 1698
1138 1702
1138 1963
1138 1996
1139 1833
1140 1282
1143 1360
1144 1341
1145 1236
1145 1503
1145 1534
1145 1714
1145 1847
1146 1330
1146 1477
1149 1459
1149 1732
1149 1773
1150 1708
1150 1773
1150 1924
1151 1313
1151 1477
1151 1772
1151 1773
1151 1924
1152 1709
1153 1787
1154 1698
1154 1783
1154 1988
1155 1178
1156 1831
1158 1186
1158 1297
1158 1337
1158 1667
1158 1815
1159 1528
1159 1898
1160 1370
1161 1651
1161 1667
1163 1547
1164 1970
1165 1341
1165 1650
1165 1869
1166 1876
1168 1242
1168 1478
1168 1684
1170 1457
1170 1673
1171 1395
1172 1494
1173 1913
1174 1951
1176 1552
1178 1460
1179 1953
1180 1284
1180 1697
1181 1654
1182 1322
1182 1554
1182 1838
1183 1249
1183 1550
1184 1690
1185 1538
1185 1622
1186 1831
1187 1938
1189 1546
1190 1697
1191 1335
1191 1711
1191 1737
1191 1848
1192 1742
1192 1743
1192 1992
1193 1234
1193 1940
1195 1540
1196 1705
1197 1919
1197 1971
1198 1393
1198 1768
1198 1952
1199 1383
1200 1261
1201 1845
1202 1616
1202 1814
1202 1914
1202 1926
1203 1729
1204 1634
1205 1793
1207 1823
1207 1935
1208 1338
1208 1590
1208 1835
1210 1406
1210 1535
1211 1526
1211 1666
1212 1459
1212 1630
1213 1319
1213 1769
1213 1793
1214 1645
1215 1555
1215 1565
1219 1973
1220 1269
1220 1454
1220 1670
1220 1721
1221 1659
1222 1632
1222 1968
1224 1350
1224 1943
1225 1321
1225 1613
1228 1328
1229 1555
1230 1511
1231 1599
1233 1484
1233 1682
1233 1797
1233 1999
1236 1455
1236 1818
1237 1638
1237 1716
1237 1755
1240 1895
1241 1657
1244 1263
1244 1704
1248 1998
1249 1965
1250 1304
1250 1901
1251 1381
1251 1653
1252 1412
1252 1795
1253 1527
1254 1732
1256 1987
1257 1512
1257 1586
1258 1966
1259 1467
1260 1321
1260 1701
1261 1678
1261 1868
1263 1349
1266 1381
1266 1833
1267 1280
1268 1370
1270 1683
1273 1535
1273 1567
1273 1775
1274 1607
1275 1411
1275 1970
1277 1634
1277 1649
1278 1680
1279 1995
1280 1324
1280 1704
1280 1759
1280 1932
1281 1821
1281 1984
1281 1986
1282 1656
1282 1974
1283 1809
1283 1810
1285 1577
1286 1748
1287 1976
1288 1704
1288 1977
1290 1515
1290 1693
1291 1805
1293 1952
1294 1362
1294 1722
1294 1999
1296 1646
1298 1793
1299 1319
1299 1473
1301 1634
1302 1380
1302 1442
1303 1803
1303 1827
1307 1794
1307 1852
1308 1504
1310 1965
1311 1349
1311 1522
1312 1491
1313 1316
1315 1471
1316 1699
1318 1630
1319 1984
1320 1433
1320 1883
1321 1768
1321 1975
1323 1395
1326 1527
1327 1554
1327 1980
1328 1990
1329 1895
1331 1818
1335 1352
1336 1557
1337 1777
1339 1451
1339 1658
1340 1563
1340 1725
1340 1757
1343 1583
1343 1954
1345 1374
1345 1563
1346 1563
1347 1592
1348 1710
1349 1370
1353 1597
1356 1390
1356 1447
1356 1970
1357 1968
1358 1808
1360 1801
1361 1615
1363 1698
1364 1428
1364 1908
1365 1523
1366 1630
1368 1604
1370 1507
1371 1565
1371 1948
1371 1988
1373 1965
1374 1792
1375 1570
1376 1510
1376 1679
1376 1743
1377 1632
1378 1542
1379 1427
1379 1430
1379 1960
1382 1582
1383 1782
1384 1494
1385 1413
1386 1995
1388 1612
1390 1473
1390 1585
1390 1630
1392 1689
1392 1941
1392 1948
1394 1525
1394 1597
1395 1609
1395 1793
1397 1550
1398 1704
1400 1827
1401 1769
1401 1979
1402 1580
1404 1683
1404 1829
1405 1430
1407 1733
1407 1743
1408 1982
1410 1464
1411 1465
1411 1633
1411 1902
1413 1712
1414 1861
1417 1551
1418 1421
1420 1648
1420 1694
1420 1966
1421 1794
1421 1937
1422 1591
1425 1489
1425 1599
1426 1490
1426 1521
1426 1720
1427 1666
1427 1965
1429 1740
1430 1795
1432 1602
1432 1739
1433 1914
1434 1610
1435 1886
1436 1988
1439 1680
1439 1984
1441 1945
1442 1947
1443 1777
1444 1629
1445 1573
1447 1679
1448 1796
1452 1773
1454 1564
1454 1787
1459 1959
1460 1608
1462 1976
1463 1804
1464 1914
1466 1828
1467 1683
1468 1686
1470 1813
1470 1973
1471 1865
1473 1536
1473 1802
1473 1945
1475 1778
1476 1634
1477 1654
1477 1947
1480 1575
1480 1968
1481 1674
1485 1597
1485 1848
1486 1695
1487 1912
1491 1746
1491 1831
1492 1767
1494 1834
1495 1774
1496 1759
1497 1702
1497 1856
1498 1714
1498 1976
1499 1907
1501 1609
1501 1974
1502 1837
1504 1625
1506 1528
1506 1735
1506 1778
1507 1567
1507 1694
1509 1551
1509 1582
1510 1757
1510 1897
1512 1662
1513 1951
1516 1631
1516 1959
1519 1797
1522 1933
1526 1574
1528 1668
1528 1758
1529 1624
1530 1810
1531 1845
1533 1959
1534 1766
1535 1992
1536 1848
1538 1689
1540 1590
1540 1870
1541 1900
1542 1629
1542 1872
1543 1608
1544 1672
1550 1820
1550 1832
1553 1947
1555 1800
1555 1930
1557 1586
1557 1662
1558 1776
1560 1578
1560 1860
1561 1645
1561 1804
1561 1988
1563 1766
1564 1673
1567 1584
1567 1672
1568 1939
1569 1701
1571 1895
1575 1808
1576 1845
1577 1681
1577 1995
1578 1780
1580 1851
1581 1936
1584 1652
1585 1877
1585 1890
1587 1795
1594 1908
1597 1638
1598 1650
1600 1860
1603 1626
1606 1734
1606 1852
1608 1734
1608 1909
1610 1624
1611 1847
1612 1924
1616 1621
1616 1946
1620 1841
1623 1847
1624 1718
1626 1659
1626 1685
1626 1697
1626 1734
1629 1959
1637 1677
1637 1858
1639 1936
1640 1970
1640 1999
1646 1981
1649 1807
1653 1903
1658 1761
1663 1957
1663 1970
1664 1902
1664 1991
1666 1687
1666 1951
1667 1761
1675 1677
1675 1873
1676 1884
1677 1872
1678 1686
1679 1726
1684 1824
1686 1876
1688 1901
1689 1717
1689 1803
1689 1955
1692 1832
1696 1887
1702 1784
1702 1799
1705 1730
1707 1879
1710 1860
1710 1885
1713 1831
1713 1891
1714 1933
1719 1858
1724 1929
1724 1989
1725 1947
1726 1955
1728 1910
1728 1962
1729 1844
1734 1775
1734 1793
1734 1965
1735 1988
1736 1772
1742 1855
1747 1855
1748 1890
1749 1811
1750 1880
1750 1983
1753 1911
1754 1821
1760 1919
1762 1819
1764 1983
1767 1994
1768 1896
1772 1874
1774 1874
1774 1928
1776 1972
1779 1986
1781 1926
1782 1823
1784 1809
1784 1879
1789 1950
1794 1879
1794 1886
1808 1951
1810 1965
1824 1973
1835 1843
1837 1846
1840 1889
1846 1913
1854 1874
1861 1864
1862 1890
1862 1954
1865 1949
1865 1979
1871 1876
1873 1899
1877 1954
1880 1964
1883 1927
1886 1992
1924 1999
1930 1980
1937 1987
1942 1951
1952 1967
1966 1994
1973 1996
1990 1991
