2000 3074
89
55
86
1
44
25
24
87
45
92
41
40
74
51
56
85
69
53
91
19
98
7
9
67
94
74
55
72
66
32
29
72
74
44
51
3
30
74
92
70
36
72
76
59
66
73
31
30
7
64
14
59
47
44
97
60
76
63
53
90
21
61
54
22
5
29
36
93
68
48
27
50
72
94
94
66
15
38
79
66
37
87
68
72
36
86
21
49
67
34
59
56
86
46
26
73
79
27
97
39
23
48
24
42
42
41
25
81
32
3
93
30
36
20
38
6
52
70
68
13
2
30
6
65
59
10
37
22
13
61
70
58
80
65
88
99
87
73
4
32
21
33
77
5
66
89
2
75
5
100
74
93
93
20
97
8
20
69
39
36
4
92
13
4
40
22
84
93
1
52
40
23
58
68
20
3
91
73
19
41
17
75
25
51
74
21
54
61
63
79
51
26
94
68
60
75
20
94
90
44
44
48
48
2
97
89
66
86
28
99
25
35
43
33
13
44
59
70
15
84
35
85
89
76
36
11
25
2
96
49
46
46
16
81
85
39
44
93
68
5
32
96
72
68
46
56
10
96
68
24
79
51
72
77
22
46
64
89
48
47
76
99
89
52
37
12
5
60
98
32
38
52
37
25
86
48
8
65
7
41
60
68
63
50
98
86
7
87
57
43
5
13
10
6
70
15
47
70
43
52
32
21
89
69
20
70
21
72
17
40
52
96
25
93
35
52
45
46
25
49
64
97
19
74
81
76
82
72
84
6
33
5
80
34
21
89
45
4
50
16
10
94
81
61
40
41
25
69
95
76
48
38
73
66
93
37
18
5
66
4
63
43
33
41
99
74
93
64
91
56
43
40
77
89
86
77
100
93
87
90
46
23
68
73
35
12
25
56
85
16
88
12
8
61
94
37
15
50
86
26
54
34
86
10
8
80
55
10
44
69
48
72
58
84
98
43
74
4
26
1
30
30
92
48
2
95
20
14
79
25
82
6
80
85
66
20
26
8
15
88
93
26
56
86
16
12
46
99
96
16
38
24
90
9
93
63
12
72
92
90
34
28
76
29
42
87
94
55
83
81
39
59
34
13
13
21
14
30
65
9
16
78
56
4
89
91
69
37
57
77
31
52
75
8
1
59
11
79
65
24
50
53
25
11
86
23
58
49
73
85
94
36
62
46
41
39
4
67
75
10
44
15
54
28
21
26
47
92
42
13
46
61
23
71
27
82
77
18
2
46
59
71
1
94
43
90
37
14
84
90
100
82
99
4
35
91
10
74
22
97
91
71
27
2
38
83
4
67
57
46
49
48
11
8
92
1
55
22
29
28
61
61
49
52
99
50
89
58
21
14
51
15
90
64
16
14
100
99
23
80
85
18
15
29
47
51
87
11
47
68
36
35
56
92
34
25
13
85
14
78
91
9
94
64
98
30
54
52
69
78
42
23
68
78
11
32
20
46
55
43
84
59
92
41
47
64
12
14
8
6
63
1
41
77
22
23
16
69
16
45
95
77
92
43
5
92
3
93
48
38
39
41
62
100
95
62
78
21
77
8
18
80
23
69
31
41
72
69
24
5
67
47
61
87
12
37
41
96
88
59
29
5
78
24
55
78
43
55
82
81
69
9
87
55
22
81
95
81
94
87
1
97
2
35
44
4
60
48
95
74
100
58
77
45
14
68
36
52
14
55
54
87
86
91
34
55
48
1
7
1
94
14
27
11
44
15
60
72
75
16
22
67
72
80
91
75
48
95
79
91
45
89
52
15
95
24
92
53
84
52
17
86
7
60
96
48
39
18
96
41
2
28
93
60
29
33
35
57
25
14
3
70
33
6
72
35
5
78
82
93
1
20
58
57
34
100
76
17
43
81
21
80
30
22
80
6
54
75
47
73
84
13
10
80
63
12
27
64
37
93
36
63
98
62
8
86
98
9
95
25
28
48
19
92
68
36
75
38
11
4
23
63
12
17
62
74
85
67
35
31
41
25
39
26
22
49
54
13
70
53
58
90
50
62
10
40
36
55
69
36
26
52
57
42
55
35
27
64
63
93
64
70
7
37
16
44
41
98
55
67
89
78
58
96
29
18
7
33
64
47
60
26
29
18
32
43
65
94
32
82
51
90
5
52
23
25
33
57
33
67
14
38
20
75
9
27
6
16
17
31
68
65
78
53
62
98
18
98
21
35
31
71
89
39
26
43
14
40
53
36
92
65
90
90
64
8
34
47
82
94
1
68
52
50
36
75
35
18
65
43
78
89
4
45
69
46
80
19
81
28
44
25
31
34
11
55
51
48
41
8
44
79
89
36
13
44
75
33
93
87
64
51
10
5
38
36
30
7
10
88
24
91
10
31
24
28
15
44
41
62
70
28
39
69
95
96
42
9
8
94
45
67
46
58
66
49
80
2
89
99
79
81
76
92
22
45
97
86
28
81
76
28
37
36
9
31
67
79
33
54
21
30
74
91
51
32
29
77
52
56
8
90
59
1
46
25
17
54
49
30
12
93
69
52
69
72
91
3
32
7
46
37
14
68
16
4
74
32
67
36
42
68
26
66
52
4
34
26
17
67
89
57
56
26
18
5
96
94
93
29
82
85
97
7
28
81
92
13
10
29
25
94
76
34
96
20
62
86
16
53
6
42
37
36
70
31
64
68
12
65
64
16
35
83
14
50
27
12
18
98
27
55
30
5
53
84
32
56
51
89
70
57
30
82
7
78
92
27
95
41
62
22
7
2
3
24
31
96
56
98
22
42
98
53
78
92
95
40
57
11
42
86
74
17
65
52
91
72
94
80
81
63
59
30
29
41
80
54
64
79
13
85
21
24
82
60
66
45
11
99
33
83
37
70
53
80
96
4
37
6
28
37
25
25
44
56
40
34
34
4
23
69
57
98
42
42
15
34
95
91
74
58
86
33
1
18
11
19
59
39
11
29
17
3
95
22
7
36
98
6
90
30
16
8
5
31
2
47
98
84
68
22
13
73
21
86
14
36
40
3
53
70
32
7
28
42
71
56
85
97
15
57
43
62
10
61
30
76
6
96
35
62
45
63
79
13
31
55
58
34
24
20
29
40
14
34
38
43
51
9
80
57
23
24
4
78
62
95
76
36
46
79
25
25
35
35
1
9
47
74
12
30
41
37
9
45
41
94
94
92
80
36
73
32
81
68
59
98
78
59
10
23
34
38
63
89
86
65
93
24
80
79
59
67
36
19
91
28
34
79
75
58
85
68
10
88
37
10
63
34
82
68
71
26
12
36
82
2
81
74
14
22
7
78
3
30
21
99
1
69
69
10
100
17
14
12
7
55
68
67
1
100
11
41
14
61
51
97
50
72
64
30
75
13
19
31
93
3
16
33
53
53
46
3
93
98
39
20
50
6
36
45
14
31
22
15
14
62
91
46
26
51
73
67
90
46
75
11
94
75
38
37
46
6
69
44
71
84
68
100
35
24
54
61
45
81
48
31
72
22
40
54
77
85
28
47
56
16
88
94
4
59
64
33
7
22
24
74
78
80
55
96
19
11
37
62
59
22
91
27
53
28
51
30
11
75
92
30
55
85
6
25
30
33
56
78
83
16
48
63
99
4
21
23
13
6
84
84
93
84
27
17
19
80
29
62
91
48
59
71
50
31
55
71
61
53
25
28
4
42
29
82
65
75
8
42
34
4
19
82
97
60
53
95
76
99
45
100
97
98
91
15
21
94
44
39
19
69
49
98
70
39
44
20
34
46
71
95
1
17
50
91
26
85
83
22
98
10
20
66
37
4
37
24
70
65
46
28
25
85
68
15
59
52
46
2
92
12
84
42
23
23
18
52
13
22
61
36
85
46
51
57
80
100
26
23
18
31
64
7
33
57
21
81
96
64
61
75
1
24
66
15
64
76
26
80
31
39
39
24
21
39
49
94
42
10
77
38
52
70
82
90
5
55
40
68
79
90
60
32
62
32
8
24
94
44
59
79
69
62
89
6
46
42
59
54
74
41
30
15
20
38
40
81
58
37
16
7
99
99
34
66
89
75
79
21
56
62
59
80
2
50
80
15
99
34
44
92
43
31
18
98
4
64
32
94
25
51
84
80
47
99
53
97
23
59
16
61
25
59
65
96
45
12
81
64
32
9
78
71
95
89
51
6
81
62
15
49
29
25
8
23
47
71
65
24
2
29
84
38
100
39
77
20
83
35
54
5
4
14
72
58
51
53
25
66
13
55
8
65
34
63
78
91
89
72
1
82
93
89
13
81
79
98
72
85
43
66
25
3
33
44
93
13
25
4
33
92
47
97
65
38
98
85
10
1
38
72
53
94
42
13
32
84
93
46
85
64
94
3
54
14
48
83
48
18
48
32
55
5
54
69
60
91
57
45
79
10
79
2
99
58
65
4
65
73
39
8
52
49
38
77
13
52
67
64
30
33
37
47
80
55
47
93
60
49
93
57
1
20
24
20
100
95
43
7
24
17
52
46
83
82
1
28
87
66
51
66
19
10
98
60
79
74
38
2
47
73
32
77
59
89
69
16
98
94
75
16
6
44
0 1173
1 1867
2 1269
3 151
3 1209
4 188
4 216
4 1757
5 288
5 504
5 1806
6 716
6 833
6 1466
7 228
7 1346
8 1076
8 1512
8 1652
8 1741
9 1258
10 139
10 383
10 721
10 830
10 1175
11 653
11 1088
12 64
12 1081
13 272
13 927
14 1363
14 1529
15 352
15 457
15 755
15 1465
15 1656
15 1866
16 27
16 585
16 1535
17 1560
17 1778
17 1850
18 596
18 1722
19 420
19 504
19 731
19 1071
19 1222
19 1277
19 1742
19 1983
20 836
20 1339
20 1767
21 518
21 851
21 968
21 1710
21 1826
22 101
22 709
23 282
23 434
24 180
24 529
25 86
25 163
25 297
26 1180
27 145
27 545
29 422
29 1249
29 1560
29 1929
30 126
30 323
30 1085
31 73
31 1390
32 1018
32 1817
33 519
34 458
34 520
34 1457
36 1159
36 1526
37 416
37 1245
38 1033
38 1542
38 1943
38 1976
39 603
39 1839
40 64
40 650
40 805
40 1567
41 925
41 930
41 1890
41 1892
42 351
42 409
42 1416
43 1094
43 1930
44 1511
45 55
45 307
45 847
45 1171
45 1870
46 1773
47 753
47 786
47 987
47 1723
48 1226
48 1860
48 1878
49 413
49 1634
49 1915
50 229
50 601
50 1017
50 1124
51 1192
51 1492
51 1775
51 1903
51 1961
52 327
52 1554
52 1750
53 156
53 890
53 892
54 262
54 272
54 874
54 1030
55 738
55 1003
56 523
56 715
56 882
56 978
56 1462
56 1578
57 645
59 400
59 645
59 946
59 1665
60 872
60 1446
61 129
61 468
61 692
61 900
62 439
62 1581
62 1821
62 1974
63 1168
63 1613
63 1752
63 1965
64 106
64 742
64 1726
64 1767
65 655
65 761
65 1736
66 233
66 740
66 772
66 1624
66 1981
67 202
68 1106
68 1483
69 559
69 618
69 1417
69 1947
70 1059
70 1411
71 942
71 1515
72 1238
73 128
73 1608
74 1610
75 365
75 745
75 747
75 1199
76 868
76 1271
77 553
77 783
77 1080
77 1296
77 1806
78 423
78 640
78 922
78 1949
79 119
79 827
80 928
80 1379
81 103
81 247
81 1428
81 1743
82 182
82 232
82 563
82 1872
83 1082
83 1555
84 437
84 659
84 1878
85 91
85 1089
85 1106
85 1966
86 683
86 1068
86 1340
86 1995
88 450
89 195
89 402
89 443
89 1880
90 177
90 515
90 1594
91 698
91 1073
91 1833
92 133
92 1176
92 1277
93 604
93 628
93 1323
93 1576
94 1226
94 1822
95 1094
96 291
96 1347
96 1437
96 1908
97 102
97 731
97 1088
97 1372
97 1665
97 1772
98 971
98 1641
99 968
99 1648
99 1814
101 994
101 1365
102 855
102 1044
102 1388
102 1640
103 324
103 611
103 1669
103 1703
104 1305
104 1669
104 1984
105 275
105 533
105 658
105 1471
106 1280
106 1414
106 1612
107 675
107 922
108 200
108 786
108 1145
108 1348
108 1706
108 1726
109 401
109 1268
110 411
110 1393
110 1450
111 1046
111 1403
112 435
112 1690
113 171
113 260
113 795
113 1371
113 1401
113 1526
114 799
114 1102
114 1123
115 222
115 875
115 1349
115 1623
115 1826
116 162
116 764
117 416
117 588
117 752
117 1725
118 247
118 1153
119 737
120 1734
121 131
121 1085
121 1598
122 916
122 985
122 1029
122 1203
122 1660
123 631
124 246
124 1363
124 1505
124 1732
126 673
126 1486
126 1976
127 317
127 524
127 538
127 872
127 907
127 1163
127 1768
128 298
128 314
128 919
128 1321
128 1416
129 1188
129 1867
130 1356
131 902
131 1429
132 493
132 523
132 999
132 1175
134 1491
135 167
135 704
135 935
136 563
136 601
136 1854
137 1038
137 1716
138 343
139 173
139 351
139 1048
139 1615
139 1692
140 1124
140 1707
141 448
141 1040
141 1225
141 1349
142 1125
142 1148
143 283
143 559
143 1246
145 383
145 441
145 1768
146 701
147 1038
148 253
148 309
149 377
149 1121
149 1333
150 322
150 825
151 166
151 673
151 700
151 1809
151 1989
152 488
152 944
152 1411
152 1669
153 392
153 409
153 595
153 977
153 1333
154 609
154 748
154 833
154 1289
154 1753
154 1959
155 233
155 788
155 1159
156 394
156 1210
157 544
157 1002
157 1269
157 1392
157 1475
158 703
159 223
159 1301
159 1682
160 643
160 937
161 376
161 1006
161 1045
162 501
162 932
162 1723
162 1777
163 826
163 1602
163 1761
164 461
164 896
164 1004
165 475
165 1392
165 1892
166 333
166 677
167 650
168 889
168 1355
168 1700
169 411
169 429
170 1395
171 895
171 957
172 678
172 716
172 1069
172 1357
172 1887
172 1989
173 440
173 583
173 1500
173 1668
174 646
174 849
174 1496
174 1652
174 1828
175 1473
175 1629
175 1706
176 1175
177 1898
178 942
179 1027
179 1842
179 1847
180 341
180 605
180 1425
181 965
181 1539
182 540
182 1288
183 1034
183 1312
184 369
184 906
184 1155
184 1612
185 1178
186 235
186 240
186 1074
187 371
188 252
188 744
188 1346
188 1844
189 847
189 1129
189 1415
190 634
190 767
190 1206
190 1921
191 1292
191 1379
191 1469
191 1492
192 723
192 1207
192 1897
193 1013
193 1371
194 287
195 331
196 1660
196 1933
197 1244
197 1272
197 1507
197 1815
198 1799
198 1918
199 553
199 611
199 699
199 1689
199 1961
200 658
200 1805
201 799
201 1052
201 1621
202 205
202 1165
203 598
204 1233
205 535
205 1193
206 711
206 1069
207 478
207 559
207 956
207 1479
208 558
208 722
208 724
208 1215
209 585
210 1250
210 1998
211 261
211 562
211 1015
212 549
212 1479
213 631
213 917
214 975
214 1473
214 1796
214 1886
215 868
215 932
215 1358
215 1392
216 1415
216 1775
217 1462
218 637
218 1095
218 1686
219 342
220 225
220 735
220 1137
220 1233
220 1814
221 877
221 1629
222 738
222 1563
224 698
224 768
224 1125
224 1647
225 982
225 1196
225 1480
225 1507
225 1931
226 729
226 1033
226 1869
226 1874
227 665
227 757
228 327
228 866
228 1345
228 1442
229 1030
229 1532
229 1548
230 848
230 1319
230 1890
231 752
232 283
232 786
233 1703
233 1774
234 636
234 1007
234 1381
234 1574
235 582
235 1582
236 465
236 1067
236 1292
236 1562
237 1131
237 1995
238 537
238 1111
239 986
239 1273
239 1394
240 485
241 716
241 1072
241 1210
242 556
242 994
242 1633
242 1658
243 363
243 684
243 756
243 1592
244 634
244 650
244 1868
244 1952
245 709
246 814
246 1081
246 1650
247 399
248 1188
248 1295
248 1686
249 741
249 1363
249 1514
250 714
250 742
250 780
250 1688
250 1698
251 490
251 973
251 1080
251 1640
252 563
252 1030
252 1947
253 980
254 765
254 1514
254 1682
254 1981
255 547
255 940
255 1033
255 1550
255 1804
256 1667
257 815
257 1391
258 603
258 1103
260 1514
261 698
261 1801
261 1822
262 291
262 842
262 1224
262 1225
262 1692
263 602
263 686
263 783
263 1922
264 1104
264 1455
265 663
265 926
266 401
266 1105
266 1697
267 680
267 1043
267 1979
268 1558
269 460
269 1144
269 1726
270 809
270 1151
271 376
271 671
271 888
271 1542
272 426
272 1240
272 1393
272 1577
273 681
274 1492
274 1884
275 550
276 1095
276 1743
276 1806
276 1842
278 685
278 1111
278 1250
278 1816
279 1223
279 1863
280 1889
281 595
281 1319
281 1363
281 1820
282 613
282 1238
282 1896
283 556
283 752
283 996
284 626
284 1687
284 1772
285 426
285 647
285 690
285 1292
286 527
286 798
286 1252
286 1936
286 1973
287 791
287 1440
287 1928
288 496
288 1114
289 446
289 1873
290 502
290 573
290 1155
290 1175
291 991
293 1946
294 466
296 474
296 689
296 958
296 1819
297 300
297 575
297 728
297 754
297 1721
297 1967
298 508
298 812
298 1318
298 1519
299 1121
299 1719
299 1741
300 325
300 1276
301 568
302 433
302 554
302 1258
302 1706
303 1182
303 1227
303 1411
303 1431
304 772
304 1089
305 714
305 1297
305 1684
305 1823
306 445
306 1325
306 1988
307 1253
307 1460
309 1154
309 1576
310 717
310 1523
311 1185
311 1266
311 1406
311 1482
312 1581
313 1262
314 476
314 1095
314 1349
314 1722
315 1152
316 382
316 647
316 842
316 1139
316 1654
316 1913
317 619
317 1000
318 627
318 673
318 1005
318 1524
318 1808
318 1974
319 552
319 853
319 1278
319 1639
320 854
320 1361
321 423
321 680
321 1792
321 1807
323 1137
323 1172
323 1596
324 1131
324 1653
324 1849
325 1098
325 1654
325 1697
326 399
326 854
326 883
326 1359
327 624
327 940
327 1707
327 1863
328 613
328 823
328 1036
329 796
329 1254
330 554
330 868
330 1535
331 654
331 1242
331 1802
332 563
332 1346
332 1556
333 350
334 1431
334 1596
335 1533
335 1851
336 340
336 1033
336 1335
336 1532
336 1899
337 527
338 464
338 1813
338 1822
339 865
339 1565
340 936
340 1246
340 1355
341 443
342 572
342 1835
343 505
343 668
344 883
345 1106
345 1456
346 784
346 1269
347 854
347 872
348 538
348 1970
349 1088
349 1863
350 676
350 773
350 1152
350 1738
351 886
351 1355
351 1456
352 651
353 598
353 978
353 1298
354 1337
355 701
355 717
355 923
355 1112
356 501
356 1126
358 1879
359 656
359 1739
360 921
360 1197
360 1664
361 715
361 732
361 1939
361 1952
362 380
362 928
362 1013
362 1926
363 1012
363 1523
364 403
364 489
365 967
365 1079
365 1328
366 1190
366 1499
367 829
367 1327
368 869
368 1715
369 487
369 1306
370 810
370 832
370 1184
370 1736
370 1911
371 1254
372 814
372 1089
372 1685
373 946
373 1213
375 542
375 566
375 832
375 1286
375 1722
375 1794
376 1265
376 1952
377 1208
378 473
378 723
379 905
379 1352
379 1583
379 1710
379 1851
380 694
380 714
380 1684
380 1761
380 1777
380 1988
382 1140
382 1503
382 1901
383 618
383 1226
384 448
385 986
386 1118
386 1300
387 638
387 803
387 1370
388 970
388 1325
389 1369
389 1822
390 1000
390 1134
390 1211
390 1333
390 1599
391 413
391 1347
391 1638
392 440
392 638
392 863
392 1109
393 721
393 849
393 977
393 1285
393 1938
394 672
394 819
394 1362
394 1400
394 1452
394 1922
395 594
395 913
395 941
395 1279
395 1315
396 1315
397 607
397 922
398 686
398 851
398 1909
398 1986
399 815
399 987
399 1151
399 1420
399 1882
400 429
400 970
401 1381
401 1399
401 1514
401 1720
402 433
402 512
403 519
403 988
403 1755
403 1861
404 435
404 1416
405 627
405 889
405 978
406 727
406 777
406 788
406 1313
406 1547
407 815
408 742
408 1044
408 1189
409 1693
409 1886
410 614
410 1041
410 1208
410 1918
412 1206
413 1449
414 867
414 1263
416 530
416 751
416 1529
417 1667
417 1817
418 805
418 893
418 1730
418 1951
419 1490
419 1822
420 1433
420 1913
421 1111
421 1484
422 465
422 1024
423 433
423 466
423 745
423 1177
424 1557
425 1325
425 1378
425 1972
426 646
426 919
426 1387
427 1214
427 1356
427 1951
428 574
428 847
428 1084
428 1150
428 1535
428 1664
428 1691
429 435
429 478
429 909
429 1221
429 1496
430 931
431 1691
431 1776
432 705
432 766
432 1674
433 1199
434 1187
434 1580
435 1677
436 500
436 1180
436 1907
436 1997
437 883
437 1144
437 1149
437 1755
437 1920
438 1378
438 1947
439 1170
440 556
441 767
441 914
441 1294
441 1334
441 1421
441 1745
442 512
442 1132
442 1892
443 586
443 1321
444 510
444 569
444 1166
444 1891
445 1639
445 1945
446 945
446 1117
446 1353
446 1730
447 739
447 1192
447 1497
448 1045
448 1359
449 603
449 1009
450 1003
450 1672
451 1063
453 1080
453 1404
454 1790
455 1390
455 1692
455 1842
456 525
456 1485
457 1219
457 1669
457 1972
458 471
458 1199
458 1773
459 1615
459 1643
460 1785
461 1636
461 1812
462 1261
462 1988
463 1190
464 983
464 1510
466 609
466 695
467 823
467 1808
467 1944
468 522
468 1424
468 1978
469 1046
470 794
470 1261
470 1533
470 1953
471 703
471 789
471 1631
472 645
472 1295
472 1517
474 706
475 717
475 829
475 1896
476 609
476 622
476 913
476 1618
477 1544
477 1836
478 1303
478 1594
478 1624
478 1894
479 812
479 1623
479 1681
479 1933
480 551
481 987
481 1667
481 1722
481 1749
481 1918
483 793
483 816
484 1294
485 727
485 1064
485 1223
485 1738
486 1949
487 1294
487 1576
487 1632
487 1697
488 1816
488 1983
489 584
489 730
491 736
491 818
491 1334
491 1647
492 1117
492 1467
493 790
494 1567
494 1609
494 1776
495 867
496 1169
496 1785
497 1212
497 1655
497 1814
497 1977
497 1987
498 909
498 1022
498 1379
498 1851
499 616
500 950
500 1254
500 1277
500 1872
501 1105
501 1731
502 642
502 678
502 1932
503 1585
503 1858
507 1027
507 1106
507 1388
508 1334
508 1339
508 1633
509 1025
510 569
510 1107
510 1581
511 605
511 1123
512 1230
512 1393
512 1863
513 1630
513 1641
513 1684
513 1843
515 550
515 606
515 999
515 1461
515 1839
515 1970
516 1400
516 1519
517 757
518 628
518 826
518 1128
519 567
519 676
519 695
519 1296
519 1697
519 1825
520 1194
521 989
522 1309
524 1266
524 1632
524 1687
525 646
525 650
525 670
525 1123
526 685
526 959
527 607
527 612
527 687
527 974
527 1674
528 1112
528 1434
529 1998
530 918
530 1188
530 1517
530 1773
530 1846
530 1859
531 1299
531 1926
533 1313
534 740
534 1415
534 1551
535 620
535 1799
536 967
537 560
538 1938
538 1946
539 863
539 904
539 1086
540 624
540 932
540 1858
540 1903
541 1066
541 1493
541 1574
541 1718
542 629
542 670
542 1775
543 791
543 913
543 1314
544 1078
545 642
545 721
545 782
545 1240
545 1581
546 1693
547 865
547 1117
548 966
548 1629
549 1290
549 1380
549 1540
551 758
552 651
552 1501
552 1706
552 1941
553 1284
554 913
554 1105
554 1118
554 1538
557 670
558 622
558 680
558 715
558 830
558 1016
558 1041
558 1526
558 1884
559 715
559 820
559 1248
559 1685
560 626
560 876
560 1030
560 1178
561 1021
561 1040
561 1445
561 1769
562 1055
562 1477
563 1645
563 1871
563 1962
564 826
564 1185
564 1788
565 1071
565 1274
565 1869
566 753
566 1587
566 1919
567 1644
568 940
568 969
568 1404
568 1435
568 1927
569 1246
569 1614
570 1336
571 897
571 1736
572 1484
572 1930
573 1152
573 1323
573 1408
574 910
574 927
575 1412
575 1874
576 1478
577 843
577 1220
577 1512
578 688
578 1017
578 1649
579 1059
579 1067
579 1168
580 669
580 917
581 769
581 803
581 1062
581 1403
581 1769
581 1784
581 1893
582 1020
582 1145
582 1384
583 665
583 752
583 915
583 1262
583 1327
584 630
584 1599
584 1618
584 1700
584 1775
584 1892
585 943
586 999
586 1955
587 1164
587 1213
587 1474
588 1862
588 1991
589 754
589 1693
590 1691
591 1109
591 1343
592 1033
592 1440
592 1654
593 1772
594 920
594 1318
594 1415
594 1518
595 1399
595 1983
597 1321
598 1796
599 1411
599 1696
600 771
600 1580
601 1100
602 1900
603 897
604 917
604 1571
604 1824
605 649
606 1811
606 1836
607 1769
608 956
608 1661
608 1883
609 814
611 1617
611 1810
612 990
613 983
613 1165
613 1381
614 1512
614 1543
614 1755
615 1612
615 1935
616 984
617 984
617 1529
618 620
618 666
618 1121
618 1131
619 987
620 1415
621 1315
623 789
623 1019
623 1366
624 1369
624 1646
625 822
625 1190
626 1005
626 1409
627 1227
627 1380
627 1819
629 1176
629 1545
630 763
630 1418
630 1904
631 765
631 897
631 973
631 1312
632 664
632 939
632 1082
633 693
633 968
633 1080
634 715
634 863
634 1757
635 1508
635 1838
636 754
636 986
636 1086
636 1240
637 1076
637 1527
637 1653
637 1984
638 642
638 777
638 837
638 1867
639 1012
639 1369
639 1839
640 1036
641 1667
642 1321
643 1006
644 990
644 1504
646 952
646 1842
647 1247
647 1382
647 1740
647 1892
649 842
651 867
652 926
653 1671
653 1682
654 1328
654 1739
655 1464
655 1804
656 941
656 1260
656 1749
658 895
658 1455
659 1464
660 955
660 1132
661 1617
661 1812
662 1574
662 1683
663 782
663 1400
663 1469
663 1683
663 1885
664 1448
664 1680
664 1704
665 1862
666 757
666 821
666 890
666 1063
666 1945
668 1057
669 1096
669 1152
669 1288
669 1631
669 1729
670 1198
671 916
671 1424
671 1882
672 1060
673 683
673 1406
674 717
674 1023
674 1195
674 1856
674 1961
675 914
675 1437
675 1664
676 886
676 1030
676 1229
676 1867
677 1160
677 1623
677 1669
678 941
679 1139
679 1188
679 1255
680 1154
680 1651
681 1687
682 1425
683 969
683 1217
683 1852
684 1391
685 1346
685 1459
686 1406
687 1500
687 1555
687 1711
688 741
688 1547
688 1878
689 1928
690 995
690 1773
691 873
691 1073
692 1408
693 1370
694 1453
694 1637
694 1760
695 731
695 1743
696 829
696 1047
696 1138
697 1067
697 1525
697 1564
697 1694
698 1952
700 1904
700 1980
702 875
702 1563
702 1822
704 1192
704 1517
704 1528
705 721
705 1239
706 941
707 1585
707 1739
707 1831
708 1211
708 1476
708 1829
709 869
709 1209
709 1673
710 759
710 1290
710 1353
711 1023
712 1093
712 1467
712 1855
713 964
713 1710
714 802
715 1019
715 1255
716 717
716 1468
716 1956
716 1989
718 1155
718 1728
718 1751
718 1778
719 1076
719 1673
719 1788
720 1914
721 1026
722 1442
723 732
723 1617
724 755
724 1047
724 1708
725 739
725 1962
726 1652
726 1898
727 1355
727 1870
728 1397
729 849
729 1203
729 1956
730 1268
731 761
731 878
731 1426
731 1585
731 1945
732 1308
732 1752
734 1473
734 1586
734 1996
735 1363
735 1997
736 1087
736 1517
737 1627
738 890
738 1833
739 960
740 1210
740 1770
741 1022
741 1319
742 1429
742 1438
744 1172
744 1419
745 935
745 1025
745 1364
746 771
746 1116
747 1333
747 1358
747 1840
748 1703
749 963
749 1475
749 1857
749 1924
750 792
750 895
751 1756
752 1330
752 1684
753 825
753 841
753 1003
753 1355
753 1962
754 904
755 1453
755 1898
756 1019
756 1166
756 1827
757 872
757 1823
760 1294
761 769
761 1071
762 1669
763 1405
763 1971
764 1265
766 1386
768 1145
768 1213
769 784
769 1048
769 1889
769 1916
770 1401
770 1947
771 1497
771 1941
773 804
773 1387
773 1734
773 1811
774 1673
776 1341
776 1617
777 1148
777 1899
778 1745
779 951
779 1333
779 1512
779 1552
780 1515
781 974
781 1265
781 1599
781 1883
782 1265
782 1391
783 1010
783 1027
784 1433
784 1630
785 918
787 904
788 1363
789 1301
789 1605
789 1843
790 829
790 1132
790 1618
790 1620
790 1622
791 825
791 1180
791 1225
791 1446
791 1490
792 922
792 1128
792 1173
792 1318
792 1880
792 1939
792 1954
794 876
794 1342
795 812
795 1134
795 1438
796 1896
797 853
797 864
797 948
797 1258
797 1681
797 1880
799 1320
799 1527
802 888
804 1412
805 1287
805 1323
806 839
806 1452
806 1786
806 1971
807 1295
809 1089
809 1391
810 824
811 1650
811 1744
811 1775
812 896
812 995
812 1613
812 1753
814 956
814 1775
814 1882
815 1923
817 947
817 1022
817 1093
817 1758
817 1775
818 1151
818 1377
819 1006
819 1659
819 1903
820 1409
821 843
821 1720
823 1294
823 1586
824 1605
825 1218
825 1731
826 1067
826 1110
826 1242
827 980
828 853
829 1363
830 1490
831 937
831 1737
832 1717
834 977
834 1940
835 992
835 1309
836 1740
837 1239
837 1520
837 1642
837 1671
838 1173
838 1609
840 1295
840 1758
841 1019
842 1951
843 1152
844 939
844 1219
844 1327
844 1580
844 1887
844 1903
845 1315
846 964
846 1364
847 989
847 1160
847 1321
847 1890
848 1131
848 1771
848 1789
849 1153
849 1419
849 1446
849 1654
849 1883
851 927
851 928
851 1356
853 1491
854 1933
855 1754
855 1997
856 1216
856 1240
856 1355
856 1798
856 1893
857 1417
857 1961
858 1043
858 1396
859 919
859 1518
860 1021
861 1659
861 1712
861 1714
861 1801
862 991
862 1913
863 1099
865 964
865 1063
866 1110
866 1577
866 1867
867 1273
868 1778
869 1522
869 1750
869 1792
869 1955
870 1142
870 1439
870 1504
871 884
871 1175
872 1053
872 1558
872 1785
873 901
873 1846
873 1946
874 1709
875 1559
875 1714
876 930
877 983
878 1028
878 1057
880 1046
880 1414
881 949
883 898
884 1916
885 1519
886 977
886 1076
886 1928
887 1158
887 1715
888 1909
889 1107
889 1199
889 1962
890 1533
892 1288
892 1312
892 1495
893 1227
894 1435
895 1461
895 1697
896 1708
896 1716
897 1334
897 1391
897 1661
898 1211
899 1256
899 1482
900 1306
900 1382
900 1695
901 1625
902 1103
902 1464
904 1315
905 1176
906 1032
906 1588
907 1057
908 1630
909 1548
909 1799
910 1094
910 1294
911 1243
911 1300
911 1333
911 1871
912 1357
913 1020
913 1816
914 1270
914 1415
914 1753
915 1617
916 1506
916 1891
917 1077
917 1228
917 1873
918 1505
919 1284
919 1573
919 1794
921 1327
922 1526
926 1056
926 1361
928 1032
928 1235
928 1427
928 1549
930 951
930 966
930 1220
930 1357
930 1466
930 1829
931 1082
931 1395
931 1503
932 1041
932 1645
932 1948
934 1076
934 1648
935 1260
936 1403
937 1087
937 1874
939 1204
940 1996
941 1226
942 1103
942 1486
943 1594
943 1850
944 1055
944 1065
944 1097
945 1285
946 1671
946 1726
948 1025
948 1187
948 1416
948 1646
949 1642
949 1886
950 1215
950 1347
950 1670
950 1748
951 1035
951 1270
951 1969
954 1355
955 1046
955 1787
958 1490
959 1063
959 1590
960 1791
961 1938
962 1701
963 1141
963 1838
964 1829
966 1254
966 1788
967 1034
967 1604
969 1110
970 1852
972 1613
973 1186
973 1277
973 1435
974 1222
974 1394
974 1459
975 1059
975 1229
975 1561
976 994
976 1297
976 1930
977 1776
977 1857
977 1897
979 1313
980 1425
981 1539
982 1249
982 1378
982 1893
982 1995
984 1309
984 1335
985 1455
985 1511
986 1168
986 1803
987 1233
987 1890
989 1714
990 1095
990 1213
990 1232
990 1254
991 1106
992 1147
992 1315
993 1013
993 1577
993 1864
999 1052
1000 1372
1000 1380
1001 1059
1002 1424
1002 1594
1002 1598
1004 1398
1006 1570
1007 1221
1007 1563
1009 1213
1009 1831
1010 1246
1011 1763
1012 1463
1013 1748
1014 1110
1014 1212
1014 1752
1015 1978
1016 1178
1018 1401
1018 1679
1018 1838
1020 1089
1020 1098
1020 1682
1021 1544
1023 1777
1024 1981
1027 1544
1027 1663
1027 1923
1028 1354
1028 1813
1028 1874
1029 1307
1031 1280
1033 1950
1033 1978
1034 1409
1034 1455
1035 1293
1035 1389
1035 1816
1036 1068
1036 1302
1036 1745
1037 1651
1037 1919
1038 1104
1038 1614
1039 1585
1039 1925
1040 1469
1040 1687
1041 1124
1041 1385
1041 1792
1042 1814
1043 1074
1043 1393
1046 1788
1046 1821
1046 1980
1050 1678
1052 1665
1052 1843
1053 1839
1054 1965
1055 1310
1056 1257
1057 1949
1058 1807
1059 1980
1062 1991
1063 1295
1063 1435
1065 1087
1065 1689
1065 1998
1066 1184
1067 1808
1068 1549
1069 1460
1072 1137
1073 1200
1073 1363
1073 1456
1074 1245
1075 1247
1075 1567
1076 1281
1077 1200
1077 1814
1077 1850
1077 1889
1078 1917
1079 1221
1079 1417
1079 1660
1080 1648
1081 1244
1081 1678
1081 1768
1082 1201
1082 1787
1083 1817
1084 1485
1084 1535
1086 1130
1088 1402
1088 1489
1089 1595
1090 1350
1090 1683
1091 1327
1093 1571
1093 1682
1093 1785
1094 1265
1094 1396
1095 1359
1095 1861
1095 1952
1096 1266
1096 1632
1097 1156
1097 1245
1097 1840
1098 1837
1099 1877
1102 1163
1102 1191
1102 1909
1103 1530
1103 1617
1104 1493
1104 1523
1104 1976
1105 1225
1105 1239
1105 1743
1106 1518
1106 1660
1107 1204
1107 1261
1108 1131
1108 1579
1108 1699
1109 1319
1109 1510
1109 1879
1109 1953
1110 1658
1110 1762
1110 1887
1111 1137
1111 1301
1113 1251
1114 1739
1114 1811
1115 1184
1115 1403
1115 1501
1116 1470
1116 1741
1116 1841
1118 1415
1118 1844
1120 1298
1120 1358
1120 1846
1121 1504
1121 1839
1122 1454
1122 1666
1123 1433
1123 1953
1124 1272
1124 1689
1126 1378
1127 1367
1127 1538
1128 1469
1129 1881
1131 1367
1131 1497
1133 1710
1134 1564
1135 1499
1135 1592
1137 1157
1137 1210
1137 1215
1137 1307
1138 1539
1138 1560
1141 1256
1141 1826
1141 1980
1144 1266
1146 1780
1147 1443
1148 1297
1148 1909
1149 1842
1152 1162
1154 1782
1155 1533
1155 1590
1156 1241
1156 1249
1157 1525
1157 1754
1157 1864
1157 1970
1158 1396
1158 1751
1158 1835
1159 1559
1159 1640
1159 1835
1160 1307
1161 1297
1162 1355
1162 1797
1162 1897
1163 1480
1166 1826
1167 1890
1167 1962
1168 1521
1169 1311
1170 1580
1171 1707
1173 1983
1174 1681
1175 1840
1177 1447
1177 1552
1178 1594
1178 1719
1179 1312
1179 1373
1181 1636
1181 1765
1182 1292
1182 1650
1182 1918
1183 1211
1184 1383
1185 1782
1186 1569
1187 1564
1187 1781
1188 1625
1189 1279
1189 1692
1190 1472
1191 1320
1192 1961
1193 1321
1194 1202
1195 1225
1196 1734
1196 1970
1197 1980
1198 1594
1199 1346
1199 1401
1201 1289
1201 1880
1202 1969
1203 1434
1203 1659
1205 1214
1207 1608
1207 1783
1209 1748
1210 1324
1210 1484
1210 1503
1210 1862
1211 1503
1212 1639
1213 1494
1214 1245
1215 1336
1215 1562
1216 1370
1218 1495
1218 1496
1219 1490
1221 1516
1222 1682
1223 1661
1224 1466
1225 1923
1228 1292
1228 1703
1229 1401
1234 1457
1235 1917
1236 1375
1237 1383
1238 1326
1239 1904
1240 1414
1241 1808
1241 1816
1242 1685
1243 1592
1244 1331
1244 1702
1244 1772
1244 1853
1245 1314
1246 1277
1246 1317
1249 1593
1250 1434
1250 1676
1251 1608
1251 1856
1252 1736
1253 1377
1253 1501
1253 1981
1255 1552
1255 1765
1256 1340
1256 1352
1257 1291
1257 1292
1257 1345
1257 1400
1258 1283
1260 1523
1260 1874
1261 1754
1262 1413
1262 1454
1262 1591
1262 1653
1264 1417
1264 1451
1266 1999
1267 1734
1268 1513
1268 1520
1269 1473
1269 1537
1269 1593
1269 1706
1270 1275
1271 1423
1272 1295
1272 1603
1275 1329
1276 1785
1276 1864
1277 1630
1277 1656
1280 1590
1281 1387
1282 1488
1283 1982
1284 1586
1284 1669
1284 1690
1285 1330
1286 1841
1286 1893
1287 1677
1288 1540
1288 1629
1289 1331
1289 1711
1289 1853
1290 1416
1291 1774
1294 1353
1294 1799
1294 1846
1294 1935
1295 1464
1297 1338
1297 1669
1298 1324
1298 1544
1298 1830
1300 1973
1303 1435
1303 1700
1303 1790
1304 1379
1304 1417
1305 1307
1305 1447
1307 1395
1308 1588
1309 1458
1311 1323
1312 1490
1313 1402
1313 1737
1314 1779
1315 1385
1315 1654
1316 1422
1317 1359
1317 1382
1318 1653
1319 1538
1320 1572
1321 1732
1321 1882
1324 1385
1325 1679
1327 1468
1327 1551
1328 1405
1328 1759
1329 1597
1330 1461
1330 1606
1331 1933
1332 1921
1332 1943
1335 1446
1335 1545
1336 1740
1337 1839
1337 1848
1338 1855
1339 1557
1340 1565
1342 1386
1342 1573
1342 1757
1344 1604
1344 1614
1344 1744
1344 1894
1346 1699
1347 1760
1348 1898
1348 1985
1349 1416
1351 1900
1352 1583
1352 1715
1353 1502
1353 1671
1354 1690
1354 1741
1355 1395
1356 1490
1356 1751
1358 1413
1361 1652
1361 1740
1361 1981
1363 1707
1366 1373
1366 1448
1366 1543
1366 1544
1367 1942
1368 1980
1369 1499
1373 1677
1373 1864
1373 1918
1374 1611
1374 1998
1375 1449
1377 1985
1378 1387
1378 1594
1378 1815
1379 1518
1379 1565
1380 1623
1381 1775
1381 1908
1382 1402
1382 1822
1386 1549
1386 1733
1386 1814
1390 1856
1391 1769
1391 1886
1392 1776
1393 1488
1393 1937
1394 1759
1395 1775
1395 1894
1396 1627
1397 1472
1397 1824
1397 1937
1398 1453
1399 1984
1400 1512
1400 1570
1403 1661
1406 1490
1406 1700
1408 1563
1408 1850
1409 1512
1409 1525
1409 1849
1410 1703
1414 1838
1415 1844
1416 1841
1417 1614
1417 1882
1420 1941
1421 1956
1423 1731
1423 1950
1424 1698
1425 1792
1426 1625
1426 1735
1427 1994
1428 1812
1428 1881
1429 1919
1430 1663
1431 1576
1433 1505
1434 1931
1435 1993
1436 1653
1439 1465
1439 1680
1439 1996
1440 1447
1440 1526
1440 1903
1441 1492
1442 1517
1444 1499
1445 1803
1447 1682
1448 1572
1448 1595
1449 1812
1451 1953
1453 1696
1455 1666
1455 1875
1458 1573
1458 1819
1459 1749
1459 1759
1460 1507
1460 1566
1460 1752
1461 1605
1461 1899
1464 1609
1464 1862
1465 1720
1468 1728
1468 1841
1468 1941
1469 1526
1471 1572
1472 1536
1472 1597
1472 1965
1473 1765
1473 1787
1476 1867
1476 1868
1477 1586
1477 1637
1477 1736
1480 1913
1483 1543
1484 1772
1486 1739
1488 1698
1488 1820
1489 1950
1490 1698
1493 1637
1493 1702
1493 1780
1493 1807
1498 1656
1502 1647
1506 1712
1506 1809
1508 1641
1508 1782
1508 1827
1509 1751
1510 1517
1511 1633
1511 1887
1512 1831
1515 1739
1515 1918
1517 1647
1519 1822
1520 1968
1522 1974
1527 1701
1527 1720
1528 1672
1528 1743
1532 1966
1533 1651
1534 1715
1537 1809
1538 1778
1540 1798
1542 1652
1543 1702
1543 1781
1547 1943
1548 1744
1549 1652
1551 1750
1553 1802
1556 1848
1558 1587
1559 1647
1559 1723
1563 1679
1565 1713
1565 1796
1565 1837
1566 1875
1567 1642
1567 1913
1569 1589
1570 1661
1571 1812
1573 1603
1574 1806
1576 1949
1577 1815
1582 1963
1585 1762
1585 1786
1592 1735
1593 1625
1595 1734
1598 1730
1598 1760
1600 1711
1601 1766
1602 1894
1603 1895
1605 1889
1610 1843
1612 1945
1613 1750
1614 1652
1614 1674
1614 1925
1618 1864
1619 1765
1622 1858
1622 1873
1624 1682
1627 1776
1627 1971
1628 1721
1629 1714
1629 1816
1632 1753
1634 1868
1635 1717
1639 1734
1640 1831
1640 1926
1641 1759
1642 1812
1646 1885
1648 1826
1649 1957
1651 1778
1651 1969
1652 1691
1656 1686
1660 1886
1661 1850
1661 1921
1662 1847
1666 1956
1669 1842
1670 1740
1671 1690
1672 1872
1673 1921
1675 1953
1678 1727
1678 1819
1678 1835
1678 1915
1683 1758
1683 1910
1684 1922
1685 1820
1689 1883
1692 1947
1694 1812
1696 1972
1698 1834
1699 1898
1700 1768
1705 1968
1706 1891
1710 1972
1712 1766
1712 1974
1715 1898
1715 1928
1720 1846
1723 1747
1723 1769
1723 1906
1725 1864
1728 1837
1731 1961
1732 1830
1732 1874
1734 1819
1735 1869
1743 1975
1748 1839
1755 1994
1756 1957
1758 1869
1760 1925
1771 1976
1773 1879
1782 1909
1782 1952
1785 1808
1786 1792
1794 1962
1796 1827
1803 1906
1808 1819
1811 1860
1813 1844
1814 1878
1819 1987
1821 1842
1821 1899
1825 1871
1828 1915
1828 1993
1836 1992
1840 1861
1844 1893
1854 1951
1862 1887
1868 1881
1869 1898
1873 1928
1878 1885
1880 1992
1883 1913
1884 1890
1886 1962
1900 1927
1900 1963
1909 1982
1918 1919
1919 1953
1920 1987
1931 1965
1938 1965
1943 1949
1958 1960
1962 1997
1965 1996
1975 1990
