2000 2941
10
26
57
17
19
11
34
85
89
66
13
1
91
15
77
74
79
94
1
96
90
20
51
8
67
78
79
31
48
77
52
33
7
82
4
38
92
73
69
55
21
24
93
32
69
43
91
34
88
22
10
35
51
44
32
94
59
39
85
48
27
32
65
83
84
47
59
34
97
94
65
50
42
80
13
4
99
48
29
24
17
19
33
38
17
59
20
48
50
45
46
30
27
5
96
12
40
5
60
56
2
57
10
28
56
18
92
36
51
7
40
60
43
73
32
88
23
13
5
23
59
97
39
43
39
100
59
99
45
62
15
47
50
76
78
79
85
36
25
66
88
14
85
9
16
21
94
37
47
34
10
88
100
84
61
17
53
46
70
85
34
15
97
57
92
67
49
99
38
36
35
87
69
23
75
95
38
3
49
20
2
60
66
35
88
86
57
13
35
39
38
7
62
54
54
44
98
39
34
46
76
32
49
65
54
9
84
13
78
95
33
92
28
86
67
67
85
14
77
52
1
38
26
28
87
57
35
23
36
68
16
11
88
57
19
1
38
22
47
49
93
81
36
57
27
71
78
19
49
3
99
60
60
96
70
38
87
10
9
35
11
61
24
7
36
65
53
58
52
77
67
36
100
14
12
100
61
8
37
49
89
14
86
13
29
75
37
36
84
48
47
48
7
41
2
47
64
79
88
75
20
80
40
25
76
99
41
28
80
100
36
32
44
48
86
74
19
61
41
16
44
20
43
90
76
11
79
95
31
82
66
19
18
5
86
55
81
56
70
8
84
29
73
23
80
10
67
88
19
58
68
26
98
93
89
30
28
69
14
83
100
22
16
99
2
22
7
97
56
73
29
5
53
95
19
39
9
6
3
6
84
30
30
54
80
10
29
81
23
7
93
29
68
73
51
44
1
37
49
68
89
21
74
38
37
65
12
22
73
84
87
76
42
58
19
62
29
77
81
16
57
54
84
98
35
32
41
88
97
72
3
78
33
6
22
1
24
65
96
3
60
34
99
55
12
98
11
7
6
94
91
68
74
98
35
62
24
99
66
15
5
72
35
3
68
79
100
4
64
67
14
33
72
81
45
60
44
5
38
92
38
45
72
70
66
37
36
27
42
10
65
43
78
58
67
81
96
16
67
9
7
89
54
78
97
44
17
8
3
83
33
43
1
98
38
39
99
20
46
3
91
83
98
61
17
64
67
81
8
14
91
22
11
51
95
11
50
43
31
14
60
15
95
33
93
79
92
32
27
76
58
93
66
25
4
40
94
77
41
54
92
45
75
13
78
7
72
5
41
99
98
61
84
96
43
17
51
36
56
31
89
36
60
32
1
54
7
78
52
34
1
85
51
17
94
39
94
34
77
8
65
59
29
41
37
18
34
62
24
59
62
9
51
57
59
3
24
19
59
82
41
4
52
22
68
27
99
6
89
98
11
55
79
44
20
72
90
59
24
81
96
98
79
46
35
23
82
31
96
84
24
1
9
11
22
61
75
46
78
12
81
34
72
39
94
96
82
68
89
49
75
84
17
19
36
99
67
58
17
68
58
44
29
92
24
42
25
11
69
38
75
93
99
7
25
78
18
56
81
91
20
92
58
35
61
21
16
73
11
100
3
23
28
66
96
66
5
18
48
37
94
87
90
75
70
43
91
19
21
6
36
86
71
100
5
8
38
73
28
47
51
96
21
18
79
14
70
72
21
20
15
9
59
12
2
17
58
25
84
27
85
76
20
97
10
75
97
67
9
100
50
56
30
35
10
58
75
91
81
53
35
86
62
41
6
38
30
11
95
39
54
37
64
29
66
59
77
21
59
25
95
91
32
91
98
18
22
13
41
87
4
83
19
82
34
9
96
98
60
57
86
85
87
25
3
18
80
32
27
82
58
46
69
52
26
74
91
97
2
94
35
5
50
63
50
5
39
59
83
88
80
47
75
55
78
15
28
50
79
23
45
5
16
11
68
87
67
36
20
72
9
18
82
6
26
72
79
45
20
61
17
94
25
30
45
33
3
16
1
66
84
87
14
38
38
86
65
24
51
6
28
48
58
21
23
25
82
48
65
28
70
24
50
68
78
61
7
5
35
92
17
70
20
34
88
56
52
37
55
41
83
12
27
96
36
80
87
84
36
43
34
97
72
98
3
2
31
87
67
100
58
20
92
37
8
76
30
81
21
71
68
97
31
39
62
67
68
78
51
49
6
96
81
53
93
49
74
91
25
7
33
77
49
34
16
26
72
5
69
91
97
90
68
78
15
18
99
59
54
15
11
9
52
60
47
26
67
86
37
21
84
100
74
76
55
52
7
4
2
1
69
38
57
67
34
92
32
74
90
12
66
20
63
66
51
48
9
31
12
63
71
62
91
6
2
29
2
72
52
41
19
24
97
22
98
64
55
65
41
34
66
78
49
16
34
89
94
75
91
13
35
81
14
84
88
16
27
23
91
25
39
66
8
98
29
18
5
51
78
26
69
24
23
60
70
35
5
84
19
70
34
92
11
94
63
5
62
39
50
52
96
32
89
81
21
61
6
44
55
37
3
23
25
81
56
18
65
63
34
41
100
16
8
74
6
33
14
12
69
100
19
5
5
79
95
5
71
32
90
84
34
25
33
95
53
68
32
55
60
56
16
22
1
32
36
6
19
81
59
47
72
79
2
61
30
83
83
3
92
30
22
42
63
38
12
89
77
76
68
90
58
48
26
99
70
39
67
36
39
37
41
1
100
96
39
76
74
24
74
54
41
87
70
99
68
23
7
28
66
25
26
54
38
69
21
60
48
16
50
15
82
77
68
88
48
3
20
24
18
50
6
9
25
76
76
67
51
10
55
80
91
7
29
49
64
15
17
33
46
89
75
30
64
11
19
14
11
10
89
30
52
99
46
56
1
75
82
91
67
37
90
80
76
40
68
30
47
47
36
42
30
77
41
45
99
26
54
79
60
36
17
88
4
52
39
49
45
22
88
10
48
100
96
89
57
85
30
41
6
61
94
91
33
90
30
43
48
3
42
2
27
2
8
6
86
84
91
74
2
65
69
61
29
57
90
47
2
66
97
21
47
30
40
51
37
26
55
61
8
38
9
93
39
5
71
36
50
32
75
68
65
25
20
6
79
55
90
41
67
22
43
23
67
26
25
38
87
26
56
32
36
73
83
7
50
35
63
97
3
75
69
77
59
33
78
3
68
90
48
4
65
97
29
69
99
72
51
79
93
17
77
25
27
12
88
99
2
10
70
96
98
51
72
69
22
57
77
20
1
15
59
84
92
1
61
85
31
81
46
35
89
76
29
69
82
93
31
14
21
16
60
5
35
50
84
44
68
99
39
86
7
51
94
7
84
96
82
16
69
57
21
82
88
78
14
2
38
60
48
77
96
13
85
60
92
80
44
64
93
14
77
49
71
12
10
20
69
84
49
55
7
4
84
8
43
22
30
43
90
70
40
69
84
13
16
39
8
31
33
13
35
42
81
72
67
86
52
43
81
83
71
22
62
29
37
17
96
30
99
86
51
65
15
76
73
12
100
36
98
9
95
51
30
77
52
12
1
76
28
95
54
62
80
44
85
70
56
69
27
6
88
54
43
46
74
7
30
19
54
36
19
1
38
98
32
86
66
92
57
85
93
37
4
18
52
19
16
81
41
28
50
95
93
99
10
48
43
43
21
18
65
6
19
24
98
3
35
21
70
73
2
100
70
60
39
59
75
34
76
27
3
36
27
24
1
39
21
84
75
54
38
83
39
60
36
39
76
77
44
59
19
82
83
9
41
9
21
57
46
24
4
13
90
87
5
31
14
68
60
93
95
36
10
77
9
15
2
14
17
55
79
29
37
99
36
24
79
6
58
73
95
85
80
92
15
56
54
71
7
71
65
93
46
84
10
18
24
96
59
95
55
14
56
17
93
89
40
75
77
18
89
78
34
66
64
65
30
59
42
60
98
38
51
51
64
97
90
66
42
6
36
94
88
4
14
61
31
27
66
66
71
95
1
50
99
95
25
88
96
42
96
40
14
90
80
22
56
18
94
69
87
28
39
13
64
97
71
40
38
89
12
77
32
1
12
46
82
97
89
23
68
86
38
18
78
29
12
7
48
95
84
70
66
82
69
86
78
89
12
15
95
10
61
44
1
90
90
66
9
69
64
27
58
61
62
52
72
61
15
38
59
9
63
8
75
29
22
9
83
99
48
36
95
53
80
20
39
76
58
15
64
73
68
23
23
73
66
11
94
21
35
73
55
73
73
35
59
77
70
47
42
51
52
53
51
63
30
52
13
79
62
2
43
72
16
32
52
66
91
56
36
91
59
6
61
99
67
60
88
66
10
43
81
1
98
28
33
18
54
78
21
90
43
100
6
99
27
20
12
44
68
60
26
2
75
98
2
3
48
49
100
28
88
16
38
15
70
56
30
70
18
7
98
11
66
66
28
96
59
73
9
56
47
20
48
49
60
39
35
72
17
85
27
19
9
46
64
62
3
84
72
52
46
68
11
93
60
82
42
80
30
20
84
63
34
99
86
98
16
3
0 61
0 131
0 1759
0 1919
0 1929
1 561
1 573
1 706
1 908
1 1543
2 131
2 1152
2 1672
3 396
3 587
3 959
3 1991
4 91
4 93
4 244
4 798
4 974
4 1096
6 280
6 978
6 1315
7 96
7 1475
8 669
8 1736
9 376
9 1167
10 574
10 1930
11 75
11 250
11 395
11 835
11 861
11 1011
12 412
12 499
12 691
12 989
12 1412
13 121
13 378
13 383
13 417
13 1161
14 1630
15 597
15 1099
16 317
16 1032
17 648
17 878
17 1160
18 290
18 1836
19 43
19 324
19 499
19 617
19 1660
20 404
20 819
21 313
21 1901
21 1950
22 747
22 1001
23 74
23 1738
24 30
24 1051
24 1122
25 67
26 1300
26 1395
27 1798
28 646
28 1804
29 287
29 313
30 288
31 405
31 1190
31 1313
31 1592
31 1750
32 617
32 637
32 845
32 1440
33 561
33 1499
33 1981
34 102
34 1043
35 80
35 398
35 538
35 561
35 1846
36 401
36 580
36 799
36 1277
36 1706
37 666
37 1785
38 475
38 1004
38 1719
39 89
39 144
39 191
39 282
39 1532
40 884
40 1628
41 67
41 514
41 1012
42 1844
43 72
43 499
43 570
43 975
43 1375
44 616
44 812
44 1558
44 1973
45 407
45 479
45 659
45 1726
45 1849
46 378
46 1035
46 1531
47 1264
47 1324
47 1346
47 1655
47 1656
47 1880
47 1966
48 845
48 857
48 1059
48 1790
49 833
49 1084
50 163
50 338
50 531
50 784
50 1201
51 1707
52 592
52 1352
53 1688
54 879
54 889
55 610
55 703
55 1227
55 1678
56 918
56 926
56 1454
57 640
57 654
57 797
58 1003
59 115
59 223
59 488
59 1143
59 1870
61 993
61 1113
61 1353
61 1667
61 1871
62 1613
63 1079
63 1817
64 1737
64 1837
65 1611
65 1837
66 773
67 106
67 381
67 1145
68 434
68 721
68 1432
69 448
69 911
69 1046
69 1491
69 1798
70 330
70 1348
70 1453
71 308
71 1200
71 1616
72 1143
73 407
73 1066
73 1939
74 266
74 360
74 674
75 238
75 919
75 1113
75 1509
77 108
77 673
77 1071
77 1482
78 151
78 436
78 583
78 766
78 1723
79 129
79 1415
80 358
80 649
80 715
80 1240
80 1351
80 1873
81 323
81 399
81 614
81 1198
81 1455
81 1707
82 1040
82 1056
82 1378
83 136
84 514
84 802
84 1544
85 199
85 292
85 342
85 966
85 1052
85 1690
86 1218
87 1648
88 361
88 818
88 820
89 932
89 1033
89 1593
89 1641
90 1368
90 1488
90 1720
91 740
91 1341
92 283
92 473
92 669
92 813
92 1835
93 370
93 533
94 205
94 429
94 514
94 1127
94 1885
95 536
95 649
95 1498
95 1538
96 936
97 217
97 811
98 184
98 1722
98 1790
99 656
100 506
100 644
100 673
100 1635
100 1906
101 407
102 322
102 383
102 1156
102 1805
104 811
104 1079
104 1145
104 1911
105 331
105 984
105 987
105 1121
106 762
106 765
106 805
107 430
107 605
107 1031
108 171
109 1001
109 1173
109 1850
109 1997
110 778
110 1693
110 1753
111 1027
111 1078
111 1520
111 1638
112 715
112 853
112 1163
112 1165
112 1923
113 219
114 1498
115 587
115 998
116 797
117 1867
118 614
118 1242
119 492
120 1240
120 1967
121 1248
121 1612
122 132
122 537
122 538
123 641
123 1391
124 1214
124 1868
125 1443
125 1848
126 194
126 1399
126 1586
127 1000
127 1139
127 1853
128 303
128 354
128 1185
129 714
129 1238
129 1264
129 1536
130 426
131 363
131 507
131 1193
132 1342
132 1654
133 134
133 911
133 1248
133 1574
133 1587
133 1674
134 237
134 555
134 1679
135 365
135 809
135 1223
135 1339
135 1426
136 390
136 792
136 1045
136 1456
137 636
138 228
138 1898
139 659
139 1398
139 1892
140 640
140 1148
141 633
141 699
141 1556
141 1602
143 322
143 1616
143 1907
144 594
144 607
144 1056
144 1487
144 1672
145 594
145 1206
145 1609
146 257
146 1075
147 325
147 1548
147 1794
148 883
148 1007
148 1058
148 1408
148 1934
149 501
150 621
150 1235
151 486
151 1719
151 1765
152 188
152 1583
153 931
153 1100
153 1504
154 300
154 435
154 899
155 812
156 265
156 552
156 658
156 1403
157 963
157 1355
157 1808
159 233
159 454
159 914
159 1361
159 1396
160 257
160 390
161 1741
162 906
162 1848
163 1533
164 1342
165 384
165 720
165 921
165 1255
166 564
166 997
166 1125
166 1862
167 1704
168 497
168 1387
168 1824
169 1959
170 732
170 866
170 1361
171 526
172 420
172 895
172 1194
172 1220
172 1490
173 195
173 997
174 627
174 1465
174 1546
175 1511
175 1702
175 1806
175 1904
175 1933
176 596
176 715
176 1111
177 325
177 336
177 1628
177 1766
177 1825
178 1014
178 1250
178 1361
179 1058
179 1445
179 1682
180 811
180 1876
181 426
181 453
181 763
181 1840
185 480
185 720
185 1046
186 521
186 566
186 630
186 703
186 1922
187 195
187 320
187 1003
187 1293
187 1445
187 1829
188 190
188 266
188 529
188 642
188 662
188 1193
188 1291
189 899
189 1270
190 769
190 1747
191 1644
191 1752
192 690
192 1791
193 1037
194 428
194 903
194 1089
194 1167
194 1295
194 1324
195 526
195 610
195 1465
195 1919
196 428
196 564
196 1240
197 821
197 1121
198 341
198 407
198 1290
199 465
199 613
199 1057
199 1295
199 1909
200 282
201 208
201 1080
202 879
202 882
202 1740
202 1873
203 370
203 637
203 1590
205 488
205 617
205 1150
205 1372
205 1532
206 243
206 512
207 369
207 794
207 1828
208 1090
208 1329
209 404
209 901
209 1627
209 1643
209 1665
209 1928
210 1143
210 1569
210 1623
210 1642
211 244
211 1282
211 1720
212 445
212 543
212 1612
214 330
214 1063
214 1134
214 1237
214 1396
214 1840
214 1977
215 1499
217 1362
217 1388
218 230
218 316
218 1297
218 1463
218 1908
219 265
219 606
219 1219
219 1382
219 1817
220 517
220 570
220 793
220 1328
220 1588
222 406
222 905
222 1765
222 1879
223 494
223 1752
224 420
224 444
224 1423
225 1369
226 253
226 299
226 500
227 317
227 1369
228 331
228 647
228 1489
228 1522
229 1188
229 1356
229 1748
229 1911
230 285
231 672
232 1841
233 1776
233 1842
234 366
234 652
235 310
235 706
236 1701
237 380
237 1456
238 843
238 890
238 1446
238 1674
239 515
239 586
240 344
240 1712
241 1759
241 1907
242 431
242 695
242 999
243 840
243 1561
244 1348
245 437
246 1157
246 1889
247 442
247 557
248 795
248 1525
249 438
249 696
249 741
250 1121
250 1161
250 1674
250 1765
251 690
251 1103
251 1194
251 1633
252 574
252 954
252 1486
252 1546
253 378
253 866
253 1505
255 509
255 564
255 1396
255 1574
255 1726
256 405
256 1529
256 1657
257 455
257 1584
257 1810
258 638
258 760
258 1016
259 690
259 692
259 1629
261 1174
261 1690
261 1773
262 326
263 657
263 1747
263 1761
264 708
264 1998
265 704
265 1548
266 303
266 463
266 1185
266 1227
266 1648
267 298
267 883
267 1188
267 1193
268 313
268 504
268 825
269 382
269 406
269 1497
270 698
270 1010
270 1153
270 1879
271 1790
271 1841
272 1516
273 1501
275 296
275 795
275 1315
276 961
277 367
277 1479
277 1584
279 860
279 1090
280 299
280 1502
280 1626
281 912
282 433
282 723
282 1323
283 960
283 1180
284 440
284 604
284 1089
284 1758
285 519
285 1090
286 550
286 597
286 1368
287 1234
287 1744
289 492
289 1060
290 987
290 1541
290 1909
290 1981
291 933
291 1096
291 1178
291 1427
291 1610
292 1573
293 370
293 1471
294 961
294 1038
295 1675
296 797
296 1469
296 1681
296 1779
296 1965
297 856
297 1023
298 399
298 458
298 1792
298 1991
299 1101
299 1251
302 639
302 1092
302 1605
303 480
303 1444
303 1641
304 1099
306 1793
307 550
307 1350
307 1379
307 1453
308 955
308 1937
309 461
309 629
309 1507
309 1731
309 1744
310 1728
311 968
312 1022
313 856
313 1127
313 1933
315 398
315 1314
315 1595
316 1125
316 1302
317 403
317 483
317 671
317 1257
317 1346
318 736
318 1036
318 1971
319 1038
319 1423
320 330
321 1175
321 1513
322 573
322 722
322 1200
322 1941
323 909
324 469
324 842
324 1616
324 1718
325 541
325 1158
326 744
326 1282
326 1509
327 1628
328 647
328 825
329 374
329 1369
330 476
330 1500
330 1563
331 545
331 576
331 1290
331 1861
333 1324
333 1629
334 589
334 1241
335 446
335 1364
337 1327
337 1328
338 366
338 745
338 1211
339 1643
340 1800
341 1398
341 1691
343 960
343 1967
345 1053
345 1223
346 1633
346 1957
347 444
347 748
347 1883
349 609
349 984
350 1255
352 480
352 754
352 897
352 1258
352 1645
353 476
353 1561
353 1562
353 1708
353 1866
354 396
354 998
354 1254
354 1805
355 436
355 599
355 1975
356 554
356 1154
356 1182
356 1261
356 1624
356 1683
356 1883
357 460
357 833
358 528
359 501
359 692
359 1251
360 1341
361 378
361 872
361 1614
362 1065
362 1491
362 1693
362 1999
363 479
363 529
363 1693
364 872
364 1742
364 1913
365 397
365 417
365 548
365 1420
365 1454
366 1489
366 1546
369 607
369 1018
370 1487
370 1804
371 470
371 1594
371 1697
371 1755
372 1370
374 1676
375 1186
375 1357
375 1940
376 950
376 1046
376 1632
376 1983
377 710
377 1489
378 1290
381 487
381 720
381 1124
381 1252
382 528
382 778
382 1749
383 1542
384 492
384 651
384 1082
384 1192
384 1963
385 526
385 685
385 729
385 1988
386 489
386 1998
387 545
387 1118
387 1265
387 1584
389 412
389 1822
390 447
390 610
390 1258
390 1836
391 1215
392 531
392 1299
392 1621
392 1810
392 1963
393 931
393 1278
394 633
394 965
394 991
394 1364
394 1417
394 1612
394 1947
395 984
395 1636
396 1237
396 1510
397 860
397 1916
398 579
398 869
398 1239
398 1820
400 547
400 1629
400 1738
401 1158
402 1009
402 1643
403 540
403 934
403 1270
404 1654
405 1408
405 1733
407 554
407 1149
407 1509
407 1782
407 1956
408 663
408 665
408 1353
408 1363
409 1554
410 781
410 1236
410 1361
411 841
411 1414
411 1813
413 668
413 757
413 767
413 1343
413 1421
416 641
416 1960
417 834
418 922
418 1296
418 1696
419 1993
420 448
420 1023
421 1412
421 1609
423 486
423 848
423 1278
424 841
425 427
425 991
425 1243
426 653
426 1931
427 1080
428 697
428 1426
429 1521
430 1768
430 1831
431 941
431 1289
431 1878
431 1967
432 1173
432 1375
432 1872
433 1185
434 1401
434 1847
435 734
436 1224
436 1244
436 1258
436 1666
437 1220
438 1410
439 483
439 863
439 1196
440 1118
441 1695
441 1737
442 583
442 1527
443 1145
443 1303
443 1735
444 490
444 1049
444 1188
444 1850
444 1957
445 790
445 1016
445 1034
445 1486
445 1963
446 940
447 993
448 874
448 1259
448 1385
448 1415
448 1593
448 1976
449 1074
449 1698
449 1893
450 965
450 1056
450 1347
451 568
451 657
451 1083
451 1201
451 1491
453 670
453 1118
453 1186
453 1198
453 1414
454 602
454 621
454 687
454 1920
455 1981
457 964
457 1244
457 1358
457 1740
457 1921
458 1233
458 1583
458 1826
459 1048
459 1449
459 1698
460 675
460 756
460 905
461 925
461 1168
461 1680
462 1260
462 1512
462 1972
463 682
464 791
464 836
464 1098
465 1433
465 1550
465 1805
466 747
466 890
466 1303
466 1589
467 1930
467 1992
468 594
469 494
469 1092
470 847
470 863
471 533
471 705
471 1732
472 1392
472 1404
472 1986
473 1094
473 1236
474 1398
474 1910
475 644
475 1878
476 918
476 1133
476 1172
477 588
477 916
478 812
478 1137
478 1658
478 1819
478 1996
479 494
479 1006
479 1077
480 647
480 1159
480 1305
480 1831
481 732
481 1491
482 751
482 1401
482 1430
482 1480
482 1901
483 868
483 1469
483 1797
484 760
484 812
486 971
487 1254
487 1464
488 1713
488 1930
489 961
489 1062
489 1326
490 1233
490 1504
491 1217
491 1959
491 1964
492 830
492 1437
492 1522
493 1311
496 1339
496 1756
496 1913
498 1432
499 1092
499 1328
499 1841
500 868
500 1569
501 1095
502 758
502 1657
502 1675
502 1802
502 1925
502 1945
503 1096
503 1245
503 1393
504 877
504 1702
504 1951
505 958
505 1148
506 1385
506 1865
507 606
507 1082
507 1542
508 1278
508 1672
510 631
511 874
511 890
511 1762
511 1962
512 719
512 886
513 1927
514 1093
515 1611
515 1658
515 1661
516 725
517 631
517 1193
517 1883
518 994
518 1610
519 1544
519 1937
520 522
521 1410
522 1967
523 558
523 649
523 1290
523 1558
523 1591
525 895
526 1273
527 791
527 1729
529 841
529 1720
530 1105
530 1403
531 622
531 1344
532 1112
532 1454
532 1840
533 905
533 985
533 1481
534 933
534 1959
535 834
535 1364
536 748
536 808
536 1683
537 1182
537 1186
538 1439
540 640
540 1480
540 1780
540 1907
541 837
541 1197
542 1277
543 566
543 1038
545 761
545 1089
545 1414
546 1258
546 1338
546 1385
547 856
548 557
548 856
548 1081
548 1298
548 1409
549 1272
550 569
550 695
550 741
550 953
550 1679
551 978
551 1651
552 561
552 782
552 1245
552 1943
553 757
553 1924
553 1969
554 686
554 697
554 1462
555 596
555 649
557 1096
559 946
560 1147
563 1497
563 1981
564 992
564 1119
564 1512
565 813
565 1344
565 1545
565 1549
566 1075
566 1250
566 1999
567 1538
569 1728
570 679
570 1078
570 1691
571 1112
572 977
572 1225
572 1677
572 1850
573 1364
573 1494
574 1103
576 800
576 1043
576 1166
576 1733
576 1918
577 1483
578 615
578 1042
578 1995
580 1703
582 1755
583 1131
583 1168
584 1324
584 1617
584 1736
587 1242
587 1410
587 1847
588 1242
588 1479
588 1975
589 827
589 1253
590 804
590 961
590 1930
591 993
591 1834
592 601
592 773
592 1161
592 1355
593 854
594 825
595 784
595 1123
595 1785
596 1075
596 1285
597 844
597 1219
597 1817
597 1994
598 1145
598 1255
598 1642
599 804
599 1050
600 1777
600 1823
600 1905
601 782
602 910
602 1127
603 1133
604 994
604 1156
604 1692
605 1616
605 1982
606 900
606 1284
606 1739
607 1298
607 1307
607 1416
607 1530
608 1250
608 1273
608 1459
608 1555
608 1756
609 752
609 850
609 1203
610 1732
611 974
611 1167
611 1648
612 620
612 913
612 1793
612 1965
613 665
613 1278
613 1487
614 630
614 783
614 877
615 897
615 1358
616 957
616 1505
616 1720
617 1123
617 1393
617 1422
617 1582
618 936
619 722
619 1049
619 1523
620 1107
620 1557
620 1997
621 1780
622 1110
622 1817
623 781
623 788
623 935
623 1259
623 1262
626 819
626 949
626 1336
627 936
628 1026
628 1500
628 1610
629 999
630 731
630 1370
630 1903
631 1087
631 1451
632 1455
633 808
633 1147
633 1320
633 1454
634 1840
635 724
635 1129
635 1249
636 1196
637 1649
638 646
638 1058
638 1120
640 1116
640 1292
641 1786
642 993
643 799
643 1242
643 1398
643 1794
643 1804
643 1879
644 903
646 753
646 1897
646 1929
649 864
650 1326
650 1719
651 1535
653 782
653 1005
653 1113
653 1727
653 1776
654 1141
655 1290
657 1019
657 1412
657 1910
658 709
658 1718
658 1721
658 1731
658 1951
659 1534
659 1663
659 1751
660 1745
661 1963
662 819
662 1715
662 1829
663 1125
663 1176
664 1291
665 1172
665 1258
665 1717
666 1220
667 1526
667 1896
668 1589
669 750
669 1235
669 1482
671 1198
671 1262
671 1796
671 1900
672 1867
672 1992
673 698
673 852
673 1895
674 915
674 1180
674 1218
674 1442
674 1462
674 1635
675 765
676 866
677 1963
678 1382
678 1824
679 864
679 1370
680 1202
680 1893
681 1439
681 1658
681 1953
683 1209
683 1389
683 1965
684 841
684 1669
684 1794
684 1847
685 1156
685 1715
686 761
686 1662
686 1760
687 1491
688 1640
689 1961
690 906
690 937
690 1219
690 1761
691 1989
692 1626
693 1148
693 1821
694 713
694 748
694 830
695 816
695 1053
695 1937
696 779
696 1646
697 1277
698 1326
698 1584
698 1726
699 957
699 1296
699 1326
699 1346
699 1582
700 1984
701 1377
701 1657
701 1725
701 1740
701 1888
702 1686
702 1996
704 1244
704 1366
704 1720
706 864
707 1428
707 1641
708 976
709 1812
710 1197
710 1603
710 1628
710 1654
711 1320
711 1741
712 796
713 1109
713 1166
714 1022
715 970
716 1506
716 1933
717 1088
717 1759
718 1164
718 1324
718 1647
719 1983
720 1353
721 899
721 1009
723 992
724 1744
725 802
725 1079
725 1233
725 1404
728 1055
728 1087
729 1031
729 1265
729 1292
730 1030
730 1850
730 1915
731 767
731 905
731 1116
731 1316
734 1081
734 1616
735 1878
735 1879
736 770
736 1165
736 1954
737 1169
738 1039
738 1630
738 1838
739 833
739 859
740 1173
740 1218
740 1972
741 888
741 1392
742 803
742 984
742 1236
742 1397
743 1619
744 959
744 1142
744 1586
744 1840
745 912
747 929
747 1004
747 1818
748 1380
749 1026
750 1009
751 934
751 1860
752 1359
752 1710
753 1092
753 1452
754 1437
756 814
756 1146
756 1428
756 1921
757 1918
758 885
758 1000
758 1112
758 1543
758 1991
759 1350
759 1554
760 978
761 1424
763 1921
764 957
764 996
764 997
764 1249
764 1336
764 1940
765 1131
766 1733
770 1116
770 1479
770 1744
771 990
772 1427
772 1438
772 1459
775 1112
776 1038
776 1445
776 1564
777 982
777 1473
777 1591
778 1322
778 1555
779 1100
779 1299
779 1716
780 943
780 1377
780 1760
781 883
782 866
782 990
782 1049
782 1473
782 1539
782 1815
783 806
783 862
783 1411
783 1720
784 1230
785 993
785 1475
785 1978
786 1897
788 1263
788 1304
789 947
789 1182
789 1633
790 1232
791 1047
792 1298
792 1529
793 1500
793 1537
794 1027
795 1323
795 1392
796 1247
796 1483
796 1899
797 1574
797 1585
799 1325
799 1365
799 1657
799 1961
801 838
801 1226
802 1380
803 1237
803 1680
803 1734
803 1744
804 1313
805 1228
806 1248
806 1252
806 1560
806 1667
806 1995
807 1440
809 901
809 999
809 1794
810 1035
810 1782
811 1561
812 1511
812 1669
812 1900
813 1004
813 1090
813 1509
813 1870
814 913
814 936
815 1528
816 1212
816 1788
816 1824
818 1528
818 1741
818 1752
819 1929
820 1099
820 1516
820 1535
820 1595
821 1500
821 1663
821 1756
822 1941
823 1520
825 826
825 1108
825 1396
825 1998
826 882
829 1898
830 842
830 1016
831 1048
832 1101
834 934
834 1215
835 919
835 1377
836 920
836 1422
837 1623
837 1890
838 1605
838 1890
839 1403
839 1775
839 1969
840 890
840 1866
841 1354
841 1816
842 1305
843 1768
844 891
845 873
845 905
846 914
846 1560
847 879
847 905
847 1233
847 1809
849 850
849 1296
849 1828
850 1222
850 1985
851 949
851 1807
852 1505
853 1821
853 1983
854 1041
854 1057
854 1293
855 1127
855 1240
856 883
856 1244
856 1337
856 1375
856 1956
857 1568
858 957
858 1872
858 1921
859 946
859 1486
859 1517
861 1168
863 1041
863 1622
863 1731
863 1834
863 1942
863 1963
864 1351
864 1639
864 1787
864 1923
865 898
865 902
865 958
865 1797
866 867
866 902
867 1154
867 1496
868 1850
868 1907
869 965
869 1492
869 1985
871 1064
872 1043
875 1640
876 1130
876 1589
877 1206
877 1333
877 1965
879 1996
881 1258
881 1619
881 1968
882 1262
882 1611
883 1529
883 1618
883 1838
884 1494
884 1546
884 1947
885 1257
885 1710
886 980
887 1823
888 1318
888 1368
889 969
889 1010
889 1973
890 1517
890 1980
891 1296
891 1468
892 1186
892 1729
893 1187
894 1482
894 1811
894 1827
894 1829
895 1578
896 1764
897 1102
898 1670
898 1924
899 1614
900 908
900 1632
901 1085
901 1198
901 1272
902 1017
902 1539
902 1698
903 1064
903 1650
903 1887
904 1349
906 1518
908 1920
909 1095
911 997
911 1494
911 1816
912 1010
912 1842
913 1469
913 1942
913 1950
914 1275
914 1417
914 1886
915 1523
915 1935
916 1594
917 1447
918 984
918 1383
918 1813
919 1211
919 1506
920 1297
921 944
921 1050
921 1055
921 1118
921 1695
923 1203
923 1892
924 1117
924 1835
925 995
925 1027
926 1721
927 944
927 1135
927 1266
927 1896
928 938
928 1185
928 1536
929 1488
930 983
930 1423
930 1502
931 1730
932 1630
932 1887
933 1607
935 1035
935 1125
935 1317
935 1787
937 1000
937 1302
938 1320
940 1375
940 1578
940 1812
941 944
941 1005
942 985
942 1333
942 1580
944 1259
944 1531
944 1622
945 981
945 1879
946 1704
948 1250
948 1730
949 1013
949 1206
949 1660
950 1063
950 1242
950 1296
950 1786
951 1634
951 1946
952 1448
952 1879
953 1264
953 1348
955 1635
956 1617
957 1520
958 1879
959 1709
959 1969
961 1645
962 1476
962 1778
963 1973
966 1185
966 1222
967 1568
967 1951
969 1434
969 1480
971 1111
971 1613
972 987
972 1438
972 1977
973 1448
973 1455
973 1492
973 1657
973 1846
974 1052
974 1906
975 1086
975 1672
977 1692
978 984
978 1326
978 1382
978 1781
979 1282
979 1585
979 1764
980 1811
981 1776
981 1965
982 1412
982 1838
983 1551
983 1975
984 1118
985 1641
986 1536
987 1777
988 1488
991 1069
991 1655
992 1240
992 1587
994 1041
994 1119
994 1215
994 1612
994 1678
994 1899
994 1948
996 1216
996 1766
997 1748
997 1949
1000 1462
1001 1249
1001 1629
1001 1848
1002 1694
1003 1131
1003 1782
1004 1592
1004 1596
1005 1988
1006 1857
1007 1133
1007 1207
1007 1333
1007 1622
1009 1426
1009 1431
1009 1912
1009 1962
1010 1516
1012 1104
1012 1504
1013 1066
1013 1242
1013 1635
1013 1981
1014 1399
1014 1543
1015 1083
1015 1802
1016 1032
1016 1251
1016 1515
1019 1460
1020 1099
1022 1679
1023 1275
1023 1893
1024 1673
1025 1377
1025 1381
1025 1775
1026 1697
1027 1151
1027 1707
1028 1544
1029 1467
1029 1614
1029 1989
1030 1560
1031 1337
1032 1206
1032 1806
1033 1171
1034 1581
1036 1373
1036 1411
1036 1619
1038 1238
1038 1694
1039 1376
1040 1497
1040 1935
1045 1138
1045 1726
1046 1307
1046 1642
1046 1794
1046 1962
1047 1820
1047 1865
1047 1932
1048 1132
1048 1315
1048 1646
1050 1077
1050 1431
1050 1488
1053 1122
1053 1150
1053 1405
1055 1256
1055 1781
1055 1883
1056 1382
1056 1750
1056 1758
1057 1208
1058 1062
1058 1522
1058 1887
1059 1906
1060 1389
1060 1567
1060 1997
1061 1080
1061 1128
1061 1519
1061 1668
1062 1068
1063 1807
1064 1429
1064 1434
1064 1792
1065 1217
1065 1310
1065 1879
1067 1133
1067 1860
1068 1183
1070 1379
1070 1824
1070 1977
1073 1693
1073 1712
1074 1247
1074 1335
1074 1580
1076 1131
1076 1194
1078 1405
1079 1241
1080 1745
1081 1710
1082 1303
1082 1618
1083 1286
1083 1631
1085 1705
1085 1710
1087 1324
1088 1501
1089 1838
1090 1725
1092 1103
1092 1360
1093 1358
1094 1501
1094 1883
1094 1923
1095 1860
1097 1454
1097 1526
1097 1568
1097 1612
1098 1439
1099 1228
1099 1560
1099 1725
1100 1613
1101 1459
1101 1854
1102 1297
1103 1807
1104 1296
1104 1327
1105 1353
1105 1769
1106 1189
1106 1448
1107 1574
1108 1742
1109 1862
1112 1113
1112 1997
1114 1303
1114 1617
1114 1905
1115 1216
1116 1295
1116 1841
1117 1280
1118 1618
1118 1644
1118 1646
1118 1661
1118 1858
1119 1525
1119 1648
1119 1701
1120 1587
1121 1298
1123 1378
1124 1867
1126 1794
1127 1643
1127 1942
1129 1525
1129 1646
1129 1700
1129 1829
1132 1446
1133 1339
1133 1808
1135 1509
1136 1151
1137 1920
1137 1959
1139 1174
1140 1574
1141 1274
1141 1351
1141 1766
1141 1984
1142 1559
1142 1838
1143 1383
1144 1810
1144 1845
1145 1207
1145 1842
1146 1190
1146 1465
1147 1547
1147 1861
1147 1973
1147 1984
1149 1893
1150 1380
1151 1528
1153 1690
1154 1675
1155 1400
1155 1481
1157 1200
1157 1529
1157 1777
1159 1575
1160 1492
1160 1641
1161 1656
1161 1658
1161 1914
1162 1203
1162 1220
1164 1699
1165 1673
1166 1366
1167 1255
1168 1517
1168 1880
1169 1257
1169 1488
1169 1546
1169 1811
1169 1814
1172 1357
1172 1643
1173 1344
1173 1438
1175 1340
1175 1917
1175 1938
1178 1342
1178 1823
1180 1413
1181 1296
1181 1828
1182 1845
1183 1839
1184 1536
1184 1594
1184 1721
1184 1906
1185 1884
1186 1329
1186 1629
1187 1831
1187 1933
1192 1602
1193 1336
1194 1212
1195 1833
1198 1564
1200 1360
1200 1567
1200 1960
1201 1215
1201 1518
1201 1876
1202 1444
1203 1253
1203 1602
1203 1901
1204 1449
1204 1789
1205 1593
1205 1841
1206 1912
1207 1733
1210 1444
1210 1831
1212 1232
1212 1367
1212 1680
1213 1483
1214 1581
1214 1643
1215 1692
1215 1930
1218 1385
1219 1422
1219 1453
1219 1500
1219 1582
1219 1686
1219 1859
1220 1541
1222 1487
1223 1818
1224 1292
1224 1912
1226 1732
1228 1270
1229 1386
1229 1817
1229 1942
1230 1844
1231 1273
1231 1504
1232 1489
1232 1600
1233 1466
1233 1853
1236 1619
1236 1779
1238 1861
1241 1621
1241 1764
1244 1727
1245 1362
1245 1660
1246 1925
1247 1335
1247 1709
1247 1933
1248 1942
1250 1616
1253 1335
1253 1862
1255 1274
1255 1491
1256 1966
1258 1829
1259 1924
1262 1289
1262 1877
1263 1634
1264 1467
1264 1824
1265 1429
1266 1933
1267 1597
1267 1946
1268 1472
1268 1642
1271 1357
1271 1399
1271 1418
1272 1577
1272 1633
1273 1596
1273 1723
1273 1873
1274 1293
1275 1468
1277 1422
1279 1807
1280 1591
1280 1820
1281 1812
1282 1853
1284 1348
1288 1416
1288 1515
1289 1961
1290 1541
1290 1690
1290 1819
1292 1297
1292 1626
1292 1739
1293 1912
1294 1707
1295 1903
1296 1579
1296 1805
1297 1359
1297 1372
1297 1730
1298 1934
1299 1628
1299 1969
1300 1555
1300 1611
1301 1305
1301 1743
1302 1870
1303 1433
1304 1883
1306 1869
1309 1332
1309 1503
1309 1533
1310 1903
1311 1553
1313 1511
1315 1786
1315 1792
1316 1402
1317 1739
1317 1942
1318 1959
1320 1442
1320 1949
1321 1722
1321 1822
1321 1877
1323 1462
1325 1456
1327 1602
1327 1637
1327 1878
1328 1608
1328 1731
1331 1663
1333 1751
1334 1585
1335 1644
1335 1814
1339 1540
1343 1892
1346 1418
1347 1491
1348 1765
1350 1708
1352 1521
1352 1950
1357 1464
1358 1397
1358 1917
1359 1456
1359 1649
1360 1717
1360 1868
1361 1865
1362 1750
1364 1970
1365 1965
1366 1726
1366 1781
1368 1536
1369 1409
1372 1481
1372 1548
1373 1883
1374 1726
1375 1924
1379 1879
1380 1391
1383 1864
1385 1648
1387 1597
1388 1590
1388 1690
1389 1647
1390 1754
1395 1765
1395 1828
1396 1582
1396 1642
1398 1686
1399 1788
1400 1991
1401 1685
1401 1975
1402 1770
1405 1457
1405 1842
1407 1835
1408 1700
1408 1916
1411 1923
1412 1495
1415 1674
1415 1997
1416 1687
1422 1821
1422 1852
1423 1550
1424 1579
1424 1988
1426 1427
1426 1715
1430 1507
1430 1740
1432 1437
1432 1939
1434 1724
1434 1895
1434 1966
1436 1550
1437 1516
1437 1631
1439 1635
1439 1719
1439 1967
1442 1627
1443 1607
1444 1936
1445 1518
1447 1970
1449 1838
1450 1997
1451 1721
1453 1686
1454 1781
1455 1735
1456 1657
1461 1504
1461 1712
1461 1935
1462 1728
1463 1573
1464 1893
1465 1922
1467 1948
1468 1674
1468 1735
1469 1715
1469 1779
1470 1919
1472 1516
1472 1864
1473 1736
1473 1910
1476 1683
1481 1505
1487 1773
1489 1870
1490 1675
1495 1541
1497 1506
1498 1618
1498 1941
1500 1962
1501 1742
1501 1989
1505 1712
1505 1972
1506 1555
1507 1580
1507 1985
1509 1803
1510 1727
1511 1728
1512 1919
1512 1993
1513 1700
1513 1985
1514 1595
1514 1618
1514 1863
1515 1885
1516 1758
1517 1823
1518 1611
1521 1579
1521 1708
1521 1784
1521 1786
1521 1859
1521 1899
1525 1972
1526 1940
1530 1698
1533 1736
1533 1809
1533 1815
1533 1935
1534 1874
1537 1696
1537 1770
1538 1577
1539 1870
1540 1794
1542 1822
1543 1779
1548 1644
1551 1841
1553 1623
1553 1866
1554 1573
1555 1854
1557 1603
1557 1693
1558 1666
1559 1954
1561 1572
1561 1589
1561 1639
1562 1897
1562 1930
1563 1720
1567 1638
1568 1648
1569 1681
1570 1927
1574 1678
1576 1781
1576 1825
1578 1852
1578 1888
1579 1725
1580 1875
1581 1717
1583 1814
1583 1972
1586 1588
1589 1780
1595 1823
1595 1931
1599 1615
1599 1954
1601 1765
1603 1831
1606 1946
1610 1651
1610 1693
1612 1823
1614 1620
1614 1826
1616 1936
1617 1949
1618 1933
1627 1661
1628 1634
1628 1835
1628 1899
1632 1977
1634 1780
1643 1831
1648 1891
1652 1655
1652 1844
1654 1910
1658 1855
1663 1855
1666 1768
1668 1888
1671 1808
1673 1935
1673 1972
1675 1933
1683 1694
1684 1707
1684 1781
1684 1932
1686 1792
1689 1713
1689 1910
1690 1705
1690 1812
1697 1700
1700 1929
1707 1791
1708 1760
1709 1737
1710 1717
1711 1719
1714 1945
1715 1804
1716 1961
1717 1790
1717 1878
1720 1960
1722 1834
1726 1904
1727 1921
1731 1985
1732 1804
1732 1898
1733 1738
1734 1762
1735 1781
1739 1829
1742 1922
1745 1841
1749 1858
1752 1787
1752 1938
1757 1922
1758 1964
1761 1837
1762 1764
1765 1936
1767 1780
1767 1991
1768 1838
1774 1816
1778 1920
1779 1813
1779 1920
1781 1802
1786 1913
1788 1938
1789 1967
1790 1968
1793 1951
1795 1978
1796 1930
1806 1861
1810 1838
1811 1873
1815 1848
1818 1862
1820 1821
1822 1876
1824 1944
1826 1890
1830 1845
1830 1880
1832 1926
1835 1892
1858 1903
1866 1928
1866 1960
1867 1892
1869 1960
1876 1931
1888 1995
1893 1963
1911 1991
1914 1930
1920 1978
1933 1980
1975 1979
