2000 3099
86
26
65
50
91
5
92
93
39
57
35
44
81
69
29
7
23
16
21
24
1
70
14
95
56
25
39
85
94
51
26
22
48
80
36
91
40
12
70
79
44
31
35
62
67
80
9
49
4
39
83
67
98
37
89
64
29
35
94
67
73
56
43
26
19
18
13
3
44
22
18
73
28
55
14
38
83
59
42
56
58
45
29
22
22
74
65
49
75
30
28
66
53
10
28
39
90
38
24
73
78
35
77
51
35
31
92
71
42
53
1
75
78
29
27
19
75
58
91
19
25
82
75
73
38
91
72
93
34
89
88
55
85
98
52
25
31
44
3
2
9
55
41
93
16
34
77
29
48
80
29
77
51
32
93
2
37
85
55
93
36
42
52
44
71
44
39
23
27
75
73
45
80
29
51
98
26
10
11
75
39
84
75
37
70
80
15
98
100
99
19
40
76
87
75
57
43
53
28
61
59
23
43
84
3
80
72
45
69
12
94
14
37
43
27
63
29
7
76
32
50
71
39
70
53
6
29
27
93
56
81
9
53
77
24
98
86
98
60
7
88
2
19
94
86
28
6
60
37
54
21
19
14
55
47
28
56
97
93
69
70
52
73
9
21
89
88
92
73
45
77
28
37
15
54
28
70
88
53
1
43
39
75
23
97
90
73
53
96
25
14
58
80
51
63
32
42
55
59
37
52
67
38
84
52
63
18
63
29
9
57
32
70
72
54
47
5
53
71
27
2
87
7
86
93
63
33
50
5
70
17
17
11
44
42
50
26
16
100
79
41
29
94
63
84
99
28
17
28
97
58
75
40
50
91
85
82
64
52
99
81
7
24
99
54
100
9
49
66
62
82
15
9
57
65
17
39
75
2
29
50
93
36
53
95
62
32
85
33
47
98
10
46
82
97
63
98
48
9
9
93
38
36
25
64
31
89
99
46
40
33
25
94
34
86
48
96
69
95
10
18
65
71
69
25
70
29
82
35
59
8
47
7
74
78
95
23
82
35
79
99
50
43
93
10
55
61
39
86
72
88
48
8
64
10
40
2
2
57
76
10
57
76
100
87
94
52
97
65
56
90
11
3
61
14
81
30
35
85
5
95
68
69
34
99
70
68
87
48
80
35
7
31
40
75
89
77
91
47
10
51
17
49
48
48
46
43
76
34
77
70
52
57
1
35
85
33
77
69
66
94
21
80
66
97
11
81
82
65
80
53
13
65
19
13
30
82
83
53
64
36
51
37
7
85
46
17
66
29
13
33
90
23
11
48
14
100
97
74
45
92
87
84
98
33
50
96
28
48
89
88
4
73
4
91
79
52
47
91
73
27
7
73
39
10
50
36
16
94
20
66
96
71
58
53
47
33
73
80
65
21
50
78
66
75
64
94
66
59
53
62
39
7
39
74
86
86
26
59
46
54
33
68
30
75
80
22
47
10
94
44
88
46
32
15
91
66
23
55
57
4
92
37
4
83
48
44
88
88
7
26
2
3
27
27
66
95
28
15
60
83
54
67
11
80
37
50
84
47
60
13
89
31
95
63
84
53
59
28
78
29
75
4
23
45
39
88
92
21
71
2
65
17
28
42
49
87
63
2
69
54
84
89
47
51
100
29
27
45
21
72
96
22
52
74
92
74
74
70
27
26
51
80
73
62
50
11
36
37
48
23
41
71
61
49
56
98
89
77
13
7
24
32
7
40
99
85
22
80
97
67
86
18
72
46
95
54
20
92
43
34
69
45
87
65
25
7
72
95
7
19
36
96
47
78
31
5
68
26
59
46
50
33
33
67
64
51
5
53
7
69
64
95
91
23
18
53
27
43
84
53
73
23
49
9
6
23
52
100
82
59
23
74
92
19
90
17
47
36
65
59
29
49
100
84
42
20
87
54
16
10
4
48
12
21
100
10
63
44
45
34
81
78
57
39
90
95
26
29
68
48
72
67
87
38
2
71
69
56
37
100
75
29
59
37
65
85
14
3
80
58
43
15
37
81
14
39
47
90
16
6
81
88
94
76
55
57
54
6
76
72
81
67
4
11
96
4
25
93
62
6
52
59
93
91
57
21
1
42
66
3
22
53
39
18
24
94
81
84
36
97
48
97
7
87
98
43
17
93
18
5
28
18
27
88
14
3
75
74
11
58
36
12
67
84
80
2
54
51
77
9
65
61
52
36
89
27
47
68
44
30
8
3
44
75
16
31
89
100
69
47
50
38
77
46
27
31
64
43
9
87
10
58
49
82
64
94
17
97
71
22
88
4
43
97
68
7
65
33
65
48
30
6
88
91
47
98
92
56
97
46
41
47
45
87
30
7
5
49
70
3
60
71
28
8
89
36
74
80
56
14
10
5
38
78
9
91
94
49
80
79
87
94
60
53
82
17
18
6
65
7
82
43
4
43
95
61
36
61
63
2
10
24
41
52
41
57
31
75
42
37
22
87
76
75
61
70
24
24
51
32
43
13
81
47
91
37
78
80
47
82
63
34
15
77
69
12
94
89
11
18
6
82
6
45
28
46
76
41
97
18
15
83
57
31
51
8
51
64
95
24
46
93
70
62
49
40
25
59
55
34
7
64
15
78
98
65
70
10
17
100
28
22
79
32
12
69
92
2
23
19
37
60
9
66
100
5
58
47
1
35
48
84
9
77
52
27
76
36
48
62
28
34
36
21
46
93
9
94
13
6
39
32
51
4
62
29
49
88
3
74
97
69
17
32
25
15
9
14
57
100
36
44
60
20
55
89
17
9
91
92
97
2
37
24
34
79
4
32
1
5
87
4
49
84
38
45
50
10
48
78
60
1
16
13
12
6
44
25
2
2
13
80
99
83
87
70
74
71
37
81
51
6
50
3
82
96
76
21
90
34
66
56
84
6
54
33
63
30
59
31
41
42
15
86
100
18
34
92
10
75
53
11
92
38
78
12
59
84
47
16
80
69
76
47
71
15
47
15
23
5
25
29
51
89
91
31
68
36
28
92
56
37
90
17
76
11
25
11
39
36
51
100
15
71
76
83
9
44
17
13
64
39
71
63
97
69
77
10
88
19
51
80
65
7
22
46
69
32
7
2
30
17
12
19
6
57
10
17
74
76
22
43
76
79
93
57
83
20
25
60
3
76
4
12
40
14
31
88
51
24
45
23
52
54
20
79
89
34
83
38
83
71
49
98
90
49
70
25
90
15
33
38
14
20
66
39
97
45
1
54
75
2
96
26
78
30
98
84
29
33
23
11
72
82
26
81
25
16
45
84
88
48
57
43
31
28
6
31
3
11
24
32
26
39
46
24
89
10
22
20
29
76
18
92
3
6
30
6
97
47
39
26
65
57
4
83
6
76
54
56
7
44
7
63
21
99
15
6
87
83
32
3
69
9
94
47
28
79
5
73
47
34
100
49
17
46
51
49
56
42
68
94
79
81
24
73
37
50
98
65
92
92
8
83
51
96
75
69
30
38
45
93
34
91
40
1
46
57
70
77
54
31
16
23
50
71
21
28
39
54
73
33
14
32
36
62
18
64
78
21
19
92
18
44
40
87
69
91
70
66
14
92
62
22
20
48
63
34
91
73
20
18
77
31
65
9
88
93
64
6
33
1
27
40
71
93
33
81
85
2
33
23
52
73
23
19
47
27
22
77
3
20
61
91
5
85
97
53
54
28
43
58
26
39
7
92
1
46
37
77
92
10
100
51
19
84
45
94
68
93
82
70
49
1
91
71
57
74
38
26
33
24
16
89
34
97
64
8
7
13
14
45
29
76
73
32
44
83
81
7
87
23
15
96
17
82
11
61
85
8
87
42
58
53
38
72
27
1
79
21
19
56
93
39
20
5
48
76
72
4
2
42
33
17
65
46
99
8
20
34
96
71
72
43
4
87
74
30
52
3
9
88
6
37
59
19
86
68
91
39
26
51
55
66
47
60
12
87
63
90
3
98
40
42
84
10
23
85
5
25
70
65
5
29
58
67
39
27
57
76
78
68
55
73
46
100
14
11
37
65
19
83
72
40
61
95
44
33
33
31
37
96
3
60
89
48
56
55
91
40
43
86
27
76
92
6
59
88
80
12
86
91
20
27
8
55
5
53
75
34
65
27
37
49
3
70
53
51
79
51
29
94
16
47
65
29
77
53
56
57
38
12
49
24
54
42
72
78
42
70
57
16
65
66
90
40
36
97
14
18
70
66
85
36
36
77
78
56
44
71
30
72
10
88
5
55
78
94
1
28
21
11
5
49
64
91
47
68
74
9
10
77
98
8
33
17
72
26
55
27
87
76
3
38
95
45
93
86
25
2
83
50
38
36
10
37
92
13
80
17
3
1
56
1
43
46
77
74
99
26
16
80
74
86
74
83
56
2
70
39
48
88
72
53
60
67
62
68
64
5
3
100
70
38
100
8
70
7
32
21
25
70
63
28
14
13
7
73
78
23
61
80
20
84
48
75
64
73
36
98
96
51
39
55
75
23
69
35
94
80
96
94
88
15
16
68
28
100
98
89
50
62
39
6
37
5
1
84
12
17
46
15
36
34
82
74
76
56
40
0 269
0 1280
0 1742
1 197
1 926
1 1593
2 1604
3 98
3 305
3 498
3 1137
3 1874
3 1999
5 1412
5 1706
6 195
6 369
6 806
7 391
8 275
8 1020
8 1229
8 1802
9 1063
9 1525
10 87
10 632
10 1364
11 105
11 500
11 1653
11 1971
12 1280
12 1542
12 1659
13 808
13 1360
14 483
15 349
15 533
15 618
15 1444
16 490
16 562
16 1250
16 1359
16 1443
16 1861
16 1952
16 1953
17 1202
17 1557
17 1626
17 1854
18 352
18 491
18 1749
19 872
19 1451
20 91
20 320
20 1266
20 1343
21 30
21 196
21 1723
21 1811
21 1935
22 95
22 1598
23 300
23 461
23 621
23 1194
24 659
24 976
24 1083
24 1439
24 1601
24 1766
24 1877
25 675
25 1438
26 1758
27 672
27 942
27 1622
27 1827
28 312
28 410
28 501
28 675
29 876
29 1280
30 488
30 1507
30 1562
30 1578
30 1795
30 1828
31 443
31 1898
31 1950
32 52
32 173
32 608
32 1110
33 249
33 504
33 640
33 910
33 1163
34 390
34 478
34 1153
35 223
35 1305
35 1978
36 537
36 888
36 1128
36 1243
36 1323
36 1907
38 68
38 477
38 1373
38 1471
39 982
39 1211
40 223
40 522
40 558
40 1102
40 1336
40 1906
41 461
41 1097
41 1294
41 1414
42 562
43 1035
44 59
44 223
44 1161
44 1193
45 1069
45 1206
46 934
46 968
46 978
46 1209
46 1361
46 1594
47 628
47 727
47 1338
47 1905
48 81
48 846
48 1267
49 119
49 511
49 551
49 949
49 991
50 432
50 776
50 1180
50 1716
50 1778
50 1941
51 70
51 522
51 1137
51 1342
52 1512
52 1879
53 934
53 1973
54 909
54 1340
55 337
55 866
55 1159
55 1671
55 1715
56 78
56 702
56 787
56 1571
56 1744
58 273
59 132
59 613
59 1050
60 115
60 437
60 1199
60 1864
61 71
61 121
61 210
61 252
61 1434
61 1599
61 1967
62 1243
62 1647
62 1870
62 1908
63 1191
64 722
64 928
64 1112
65 599
65 1068
65 1518
66 892
67 1581
68 604
69 686
69 819
69 1553
70 172
70 757
70 1576
70 1715
71 461
71 1148
71 1346
71 1875
72 824
72 943
72 1149
73 850
73 1117
73 1147
74 207
74 509
74 547
74 891
74 1484
74 1605
74 1699
74 1969
75 164
75 615
76 296
76 1214
77 264
78 1762
79 333
79 1782
79 1832
80 192
80 632
80 879
80 1180
80 1479
81 634
81 669
81 767
81 1436
81 1574
81 1709
82 212
82 278
82 298
82 908
82 1396
82 1582
82 1762
83 586
83 681
83 1382
83 1628
84 902
84 1027
84 1130
84 1433
85 370
85 669
86 120
86 969
86 1962
87 241
87 1048
87 1445
88 1203
89 1464
90 232
90 268
90 708
90 721
90 1254
90 1816
91 473
92 117
92 1320
92 1859
93 307
93 324
93 1099
93 1908
95 857
95 942
95 1084
95 1338
96 1850
97 878
97 1130
98 1497
99 276
99 808
99 987
99 1902
100 1280
100 1692
100 1705
100 1881
100 1914
101 912
101 1128
101 1800
102 172
102 1070
102 1107
102 1678
103 467
103 1136
103 1394
104 377
104 856
104 1677
104 1794
104 1821
105 126
106 1518
106 1698
106 1889
107 134
107 224
107 305
107 899
107 957
107 1716
107 1729
108 1340
109 163
109 238
109 1242
110 755
110 1189
110 1365
110 1565
111 194
111 275
111 510
111 914
111 1096
113 186
113 455
113 657
113 907
113 1263
113 1577
114 176
114 1726
115 489
116 199
116 377
116 1119
116 1855
117 129
117 247
117 316
117 1554
117 1607
117 1726
118 174
118 495
118 1222
118 1440
119 753
119 1770
120 710
120 889
120 957
120 1254
120 1465
121 946
121 1553
122 203
122 1506
122 1909
123 290
123 944
123 1475
123 1652
124 176
124 879
124 1263
124 1362
125 1235
126 300
126 608
126 1003
127 952
128 323
128 1234
129 698
129 1066
129 1582
129 1962
130 991
130 1166
130 1760
131 810
131 854
131 1242
131 1363
132 802
132 1381
132 1850
133 343
133 1296
133 1937
134 382
134 1309
134 1974
135 195
136 614
136 633
137 523
137 535
137 788
137 879
138 374
138 532
138 727
138 762
138 984
138 1106
138 1271
138 1287
139 298
139 879
139 928
140 308
140 926
140 1656
140 1681
141 255
141 649
141 844
141 1240
141 1267
142 231
142 808
142 981
142 1834
143 1307
144 1810
145 446
145 1022
145 1225
145 1279
145 1568
145 1738
145 1745
145 1914
146 572
146 1217
146 1424
146 1979
147 1397
147 1450
148 770
148 1505
149 470
149 1650
150 896
150 1204
150 1600
151 460
151 1039
151 1971
152 602
152 696
152 1687
154 1415
154 1711
155 328
157 214
157 442
158 333
158 343
158 855
159 1439
160 831
161 1021
161 1285
162 1474
163 336
164 894
164 1164
165 1123
165 1244
165 1293
165 1349
165 1622
165 1940
165 1968
166 395
167 290
167 547
168 310
168 475
168 913
168 1437
168 1580
169 479
169 546
169 1071
169 1651
169 1877
170 1380
171 1236
173 493
173 1812
174 1721
174 1839
175 245
175 360
175 582
175 1180
175 1471
175 1625
175 1868
175 1935
176 191
176 917
177 292
177 1061
178 565
178 773
178 1746
179 427
179 1051
179 1072
180 564
180 761
180 1225
181 943
181 1104
181 1451
182 193
183 1548
183 1916
184 952
184 1746
184 1835
184 1882
185 444
185 1527
185 1836
187 1319
188 385
188 400
188 1817
189 251
189 1700
190 1135
190 1823
191 1219
191 1993
193 449
193 916
193 1038
193 1931
194 491
194 979
194 1001
194 1104
195 421
195 636
195 1347
196 571
196 910
196 1038
196 1190
197 1760
198 758
198 1556
199 620
199 854
199 1199
199 1429
199 1459
199 1771
199 1981
200 209
200 589
200 1140
201 361
201 439
201 1036
201 1366
201 1641
201 1757
201 1807
202 1352
203 1445
204 214
204 1770
205 760
205 1374
206 383
206 892
206 1633
207 666
207 1641
208 1716
209 1726
210 323
210 1734
211 225
211 565
211 1020
212 358
212 610
212 1040
212 1501
213 1986
214 757
215 542
215 1054
215 1267
216 640
216 661
216 1030
216 1659
217 577
218 379
218 817
218 917
218 1614
219 433
219 665
219 1959
220 269
220 1050
220 1129
220 1565
221 354
221 734
221 1044
221 1345
222 857
222 1174
222 1999
223 228
223 1151
224 239
224 1015
224 1902
225 389
225 687
225 1933
226 960
226 1162
226 1292
226 1626
227 408
227 796
227 1082
228 655
228 1084
228 1194
229 356
230 242
230 716
230 721
230 1360
230 1960
231 236
231 407
232 940
233 1328
234 750
234 1245
234 1963
235 977
235 1039
235 1336
236 1107
237 298
238 697
238 1729
238 1772
239 276
240 1580
240 1937
241 1003
241 1720
242 327
242 754
242 770
242 802
242 1558
242 1609
243 1037
243 1099
243 1529
243 1987
244 384
244 550
244 591
244 1272
244 1744
245 425
245 905
245 938
245 1457
246 787
246 792
246 1380
246 1761
248 991
249 488
249 751
249 1849
250 1474
250 1806
251 1026
252 1153
252 1316
252 1531
252 1767
253 713
254 796
254 1270
254 1858
255 397
255 448
255 1321
256 368
256 480
256 1385
256 1695
257 1015
258 841
260 1096
261 344
261 1051
261 1481
262 415
262 1579
262 1776
263 482
263 588
263 639
264 1262
264 1319
264 1574
264 1928
265 1289
265 1426
265 1485
265 1740
265 1831
265 1949
266 688
266 1621
267 322
268 656
268 1243
268 1266
268 1456
268 1529
269 499
269 564
269 1084
269 1085
270 1491
270 1754
270 1773
271 800
271 850
271 1089
271 1143
271 1595
272 536
272 1891
272 1912
272 1920
273 974
273 1753
274 325
274 1879
275 1061
275 1569
276 511
276 1428
276 1777
277 638
277 729
277 1160
278 742
280 455
280 675
281 1358
281 1486
282 425
282 674
282 1446
282 1729
282 1819
283 428
283 1913
284 1249
284 1884
285 1156
285 1215
285 1706
286 646
286 1323
287 504
287 622
287 1481
287 1990
288 915
288 1258
288 1583
289 472
289 1365
289 1421
290 1226
290 1361
290 1421
290 1764
291 803
291 891
292 329
292 570
292 1041
292 1245
293 1038
293 1152
293 1501
294 1695
295 315
295 1136
296 1124
296 1833
296 1835
297 384
297 452
297 872
298 1476
298 1583
299 629
300 1482
301 549
301 1661
302 1860
303 858
304 578
304 892
304 905
304 1574
305 824
305 1096
306 1891
306 1905
307 1091
307 1483
307 1797
308 1697
309 1359
309 1399
310 338
311 1420
311 1651
312 1199
312 1373
313 510
313 1161
313 1205
313 1362
313 1559
313 1684
314 360
314 376
314 1099
314 1985
315 448
315 515
315 591
315 776
315 1901
316 1217
316 1334
316 1487
316 1571
316 1803
317 1198
317 1739
318 398
318 529
318 927
318 932
318 1876
318 1987
319 960
319 1535
321 725
321 839
321 1064
321 1705
322 422
322 1129
322 1864
322 1983
323 349
323 911
324 1782
325 854
326 657
326 1562
326 1648
327 853
327 905
327 1191
327 1327
328 844
329 1081
330 1265
331 1638
331 1887
332 1114
332 1475
332 1631
332 1965
333 1076
333 1552
333 1754
334 1024
334 1664
336 1199
336 1471
337 837
338 1308
339 605
339 773
339 1072
339 1529
339 1854
340 676
340 1070
340 1617
340 1868
341 1157
341 1931
342 924
342 1446
342 1790
342 1925
342 1936
343 1502
345 452
345 899
345 1195
346 559
346 1813
347 1484
347 1838
349 377
349 582
349 596
349 643
349 760
349 1211
350 722
350 1051
351 388
351 1414
352 1364
352 1549
353 660
353 783
353 1544
353 1788
354 966
354 1462
355 502
356 1196
358 1733
359 488
359 893
359 1050
359 1214
360 888
360 1516
361 781
361 1120
362 1987
363 431
363 518
363 1471
363 1724
365 1065
365 1202
365 1433
365 1978
366 650
366 660
366 900
366 1008
367 936
367 1296
367 1343
367 1576
367 1600
369 542
369 546
369 971
369 1574
370 592
370 647
371 667
372 888
372 1571
373 475
373 585
373 891
373 972
373 1421
374 1688
375 642
375 1128
376 1476
376 1650
376 1754
376 1780
376 1990
378 951
378 1079
379 1520
379 1956
380 1288
380 1584
381 1444
381 1612
382 695
382 1192
382 1222
383 493
383 602
383 1770
384 467
384 1475
384 1761
385 618
385 703
385 1477
385 1711
386 500
386 1346
386 1635
387 571
387 1558
387 1860
387 1969
388 921
388 1661
389 691
389 1194
389 1208
389 1245
389 1579
389 1870
390 839
390 1228
390 1970
391 515
391 899
391 1140
391 1306
391 1438
392 544
392 1304
393 890
393 1390
393 1868
394 1485
395 1192
395 1244
395 1830
396 445
397 503
397 645
397 1907
399 411
399 767
399 1009
400 820
400 1362
400 1530
401 817
401 1819
401 1831
402 652
402 938
402 1134
402 1224
402 1816
404 498
404 558
404 701
404 1241
404 1761
404 1918
405 910
405 1210
405 1922
406 477
406 735
406 1350
407 1798
409 679
409 1631
410 655
410 977
410 1501
412 487
412 823
412 878
412 1132
412 1406
413 753
414 1092
414 1919
415 454
415 1000
415 1362
416 533
416 680
416 1357
418 456
418 778
418 892
419 518
419 723
420 630
420 915
420 1115
420 1152
420 1842
420 1999
421 1546
422 1264
423 1921
424 699
424 987
424 1516
425 779
425 1882
426 1387
427 1473
427 1725
428 616
428 1108
428 1182
428 1738
428 1744
429 1045
430 519
430 1739
431 1483
431 1576
432 448
432 904
432 1368
432 1404
432 1883
433 499
433 1327
435 922
435 1226
435 1231
435 1874
436 1127
436 1237
437 1331
437 1907
438 624
438 654
438 896
438 952
438 1524
440 675
440 1180
440 1382
440 1478
440 1911
441 781
441 926
441 1104
441 1539
441 1895
442 639
442 1109
442 1537
443 1248
443 1441
444 1804
445 1248
445 1256
446 1316
446 1352
447 566
447 956
447 1148
447 1934
448 1506
448 1769
448 1989
449 872
450 716
450 1309
450 1672
450 1971
451 472
452 486
452 677
452 1089
452 1167
453 827
453 1601
454 684
454 1336
455 728
456 531
456 832
456 1623
457 1071
457 1196
457 1716
458 506
458 592
458 1833
458 1850
458 1979
458 1997
459 841
459 1170
459 1798
460 483
460 983
460 1091
461 897
461 1019
462 566
462 640
463 1211
463 1316
463 1824
464 563
464 829
464 831
464 1645
464 1693
465 851
466 1666
467 759
467 1926
469 1126
470 542
470 644
470 881
471 1949
472 870
472 1357
472 1536
472 1541
473 960
473 1497
473 1679
474 1049
474 1538
474 1675
474 1982
475 945
477 741
477 775
477 1449
477 1497
478 495
478 1279
478 1347
478 1793
479 622
479 884
479 1197
479 1398
479 1511
479 1792
480 820
480 1473
480 1973
481 1173
481 1562
481 1896
482 1254
482 1315
482 1818
483 780
483 873
484 1192
484 1285
484 1624
484 1820
485 1028
485 1181
486 769
487 518
487 1271
488 808
488 811
488 1127
488 1387
488 1465
489 513
489 651
489 850
489 1919
491 1684
492 887
493 899
494 1305
494 1499
495 1079
495 1850
496 1963
497 1364
497 1529
498 1044
498 1962
500 1037
500 1752
501 1918
502 997
502 1251
503 875
503 1734
503 1934
504 626
504 1441
505 843
505 1899
506 724
506 934
506 1767
506 1773
507 568
507 896
507 1396
507 1563
507 1842
507 1878
507 1973
509 860
509 1091
509 1566
509 1997
510 753
511 1075
511 1508
511 1628
513 520
514 1014
514 1061
514 1468
514 1529
514 1776
515 652
515 1867
516 536
516 543
516 1562
516 1647
517 582
518 896
519 1114
519 1410
519 1808
519 1981
519 1986
520 686
520 731
520 1905
521 610
521 1052
521 1329
521 1594
522 1696
522 1778
523 790
523 1379
523 1482
523 1686
524 937
524 1604
525 1286
525 1799
526 648
527 1122
528 1666
529 1219
529 1773
529 1875
530 574
530 932
530 1495
530 1778
530 1849
531 1058
531 1432
531 1437
531 1599
531 1789
533 583
535 1440
536 738
537 978
537 1398
537 1586
539 824
539 1371
539 1423
540 1061
540 1182
540 1662
541 1291
541 1947
543 1287
543 1385
544 1677
544 1956
545 1197
545 1316
546 1318
546 1759
546 1768
546 1952
547 1320
547 1704
548 891
548 1113
548 1347
548 1534
548 1873
549 1912
550 594
550 733
553 1424
553 1753
554 758
554 1517
555 1054
556 693
556 737
556 1978
557 1447
557 1534
557 1658
558 877
558 1359
559 1139
559 1470
560 820
560 1116
562 897
562 1032
562 1354
562 1662
563 909
563 1947
564 788
564 1602
564 1727
565 1981
566 822
566 1919
566 1989
568 576
568 918
568 1193
568 1393
569 1641
570 656
570 1318
570 1340
570 1733
570 1939
571 1333
571 1396
572 890
572 970
572 1303
573 708
573 1916
574 1377
574 1845
574 1915
575 588
575 1029
575 1556
575 1662
575 1991
576 1258
576 1350
576 1395
576 1736
577 1072
577 1150
577 1349
577 1650
578 1316
578 1480
579 1471
579 1595
580 1250
580 1555
581 1113
581 1610
581 1772
581 1965
582 912
582 1779
582 1846
583 782
584 995
584 1256
584 1258
584 1379
584 1636
584 1651
586 876
586 983
586 1217
586 1911
587 762
587 964
590 688
590 1342
591 1276
591 1559
591 1867
591 1997
592 982
592 1366
592 1777
593 1232
593 1655
593 1675
593 1768
595 791
595 833
595 1059
595 1572
596 805
596 1227
598 1392
599 1919
600 801
600 839
600 1167
601 787
601 1433
601 1724
601 1926
602 977
604 1122
604 1389
604 1430
604 1837
606 994
606 1148
606 1734
607 732
607 858
607 882
607 1465
608 1241
608 1411
608 1615
609 731
609 1528
609 1776
610 636
610 1188
611 824
611 1892
612 1740
614 902
615 1220
616 697
616 820
617 778
618 1119
618 1231
618 1351
619 932
619 1348
619 1547
620 1217
621 1259
621 1768
622 1113
622 1204
623 907
623 1410
623 1862
623 1867
624 1047
625 1066
625 1605
625 1628
626 945
626 1570
627 858
627 998
627 1337
627 1491
628 1138
628 1429
628 1499
628 1973
629 1275
629 1296
629 1816
631 667
631 1151
631 1502
631 1519
632 1463
633 701
633 1257
633 1681
634 1178
634 1302
634 1600
636 744
637 805
637 1271
637 1423
637 1825
638 997
639 1015
639 1453
639 1606
640 1448
640 1497
640 1560
640 1581
640 1752
640 1754
640 1796
641 661
641 1076
641 1429
642 1330
643 918
643 1958
644 1656
644 1789
645 818
645 1293
645 1536
645 1731
646 1031
647 1046
647 1132
647 1849
647 1896
648 1175
648 1324
649 806
649 818
649 1434
650 1447
650 1985
651 1061
651 1457
651 1760
652 881
652 994
652 1322
653 856
653 1941
654 1420
655 1109
655 1553
656 765
656 1662
658 986
658 1235
658 1353
658 1628
659 696
659 1231
659 1254
660 664
660 1263
660 1603
662 680
663 852
664 1208
664 1771
664 1826
664 1830
665 1066
666 914
666 1167
666 1491
667 1497
667 1992
668 793
668 1067
670 1579
670 1940
670 1981
671 1144
671 1306
671 1833
672 1330
672 1738
673 732
673 1038
674 1478
675 692
676 808
676 1103
676 1425
676 1608
676 1890
677 1812
677 1888
678 1082
678 1156
680 1580
681 1470
682 710
682 1060
682 1675
683 1378
684 1331
684 1410
684 1747
684 1751
685 799
685 878
686 888
686 1193
686 1280
686 1527
686 1714
687 890
687 920
687 1058
687 1134
687 1643
687 1894
688 1260
688 1386
689 729
689 813
689 1197
689 1198
690 1274
690 1338
690 1493
690 1895
690 1906
691 812
691 819
691 857
691 1015
691 1184
691 1803
691 1805
692 1197
692 1337
692 1662
693 1267
694 1507
696 955
697 924
697 1703
698 1869
699 921
699 1281
699 1400
700 806
700 1716
701 890
701 902
701 972
701 1028
701 1185
701 1582
702 889
702 1526
702 1571
703 1106
703 1546
703 1857
706 1341
707 1182
708 1009
710 1175
710 1840
711 901
711 921
711 1629
712 1166
713 1996
714 865
714 1418
715 1226
715 1361
715 1530
716 767
716 845
716 891
716 1164
716 1257
717 832
717 1802
719 937
721 754
721 1039
721 1514
722 1306
724 1328
725 895
726 1069
726 1235
727 1645
728 829
729 1188
729 1798
730 1555
730 1585
731 850
731 1358
731 1552
732 1425
733 1458
733 1630
734 1244
735 1405
735 1454
736 1362
737 841
738 1018
739 958
739 1304
740 919
741 1613
741 1901
742 1757
743 1296
743 1593
744 1118
744 1370
745 1082
745 1278
745 1688
746 901
746 1062
746 1258
748 858
748 915
748 1537
749 796
749 1887
750 1645
750 1716
752 772
752 873
752 1707
753 1186
753 1242
754 826
754 907
755 1251
756 903
756 1600
756 1740
757 1135
757 1144
758 1945
759 1558
760 1661
761 1245
761 1586
761 1604
761 1927
762 1851
762 1897
764 901
766 1880
767 972
767 1808
768 1516
770 967
770 1080
770 1425
770 1703
771 874
771 1028
771 1499
772 990
772 1235
772 1732
773 927
773 1211
773 1342
773 1541
774 1332
774 1567
774 1598
775 1047
775 1273
775 1606
776 1055
778 1031
778 1230
778 1344
778 1393
778 1541
779 1212
779 1308
779 1560
779 1789
780 1283
780 1326
780 1785
781 1264
781 1569
782 1083
782 1416
783 883
783 1349
783 1695
784 1534
784 1580
784 1969
785 1603
786 1741
787 892
788 1264
788 1660
789 1125
789 1709
790 1622
791 1313
791 1715
792 1610
792 1823
792 1935
793 1271
793 1838
793 1895
793 1999
794 1986
795 926
795 1418
795 1553
795 1733
795 1893
797 1478
798 1508
800 1568
800 1623
801 1691
801 1770
801 1889
803 868
803 903
803 1920
804 1580
808 1927
809 1417
810 998
810 1517
811 1218
811 1442
811 1741
811 1946
814 1114
816 1580
817 909
817 1010
817 1954
818 879
819 1200
820 1209
820 1981
821 897
821 1060
821 1203
822 1126
822 1324
823 935
823 1596
823 1779
823 1945
824 1173
824 1880
825 969
825 1419
826 1289
827 1491
829 967
829 1278
829 1529
830 1168
830 1412
830 1612
830 1954
830 1999
832 968
832 1015
832 1594
834 1405
835 1078
835 1886
836 941
836 1852
837 1118
838 1258
838 1442
839 1062
839 1687
840 1921
842 865
842 1989
843 899
843 1128
844 921
844 1799
844 1932
845 1460
845 1622
845 1660
846 1329
847 1545
848 1153
848 1338
850 1331
851 1215
851 1218
852 1157
853 1317
853 1640
855 1629
857 935
857 1380
857 1398
857 1883
858 1261
858 1520
859 1137
859 1165
859 1508
860 882
860 1652
862 878
862 894
862 1325
863 939
863 1642
863 1712
864 1343
864 1352
864 1658
864 1929
866 1095
866 1646
866 1998
867 1871
868 1768
868 1842
869 1415
869 1744
869 1962
870 1216
871 1022
871 1096
871 1608
871 1953
876 997
876 1570
876 1998
877 1141
877 1536
878 1734
880 1760
881 963
881 1056
881 1801
882 1555
882 1833
883 931
885 1044
886 919
886 1395
887 1037
888 1598
890 1501
890 1927
891 1765
892 955
892 1149
893 914
894 1548
894 1562
896 1141
897 1068
897 1158
897 1322
897 1373
898 1250
900 965
900 969
900 987
900 1440
900 1480
901 1171
901 1389
902 1865
903 1782
903 1839
904 952
904 1017
904 1443
905 1072
906 1292
908 1111
908 1173
908 1313
908 1532
908 1747
909 980
909 1326
910 1282
910 1408
911 1711
913 1303
913 1537
914 1192
914 1648
915 1064
915 1940
916 1553
916 1782
917 1261
918 1836
920 1381
922 1164
922 1254
922 1625
922 1627
922 1787
923 1001
923 1918
923 1933
924 1633
927 1748
927 1863
930 1726
930 1906
930 1997
931 1386
931 1732
931 1747
933 1143
933 1194
933 1991
934 1067
935 1720
936 1317
937 1266
938 1064
938 1089
938 1535
938 1686
938 1832
939 1180
941 1344
942 1173
942 1679
943 1034
943 1332
944 1707
944 1802
945 999
945 1305
945 1786
946 1442
947 1503
947 1634
947 1798
949 1054
949 1165
950 1237
951 1992
952 1905
953 1123
953 1370
953 1685
953 1821
954 1166
954 1355
954 1573
954 1701
954 1789
958 1080
958 1380
959 973
959 1773
961 1579
961 1841
962 1047
962 1273
962 1958
963 1524
964 1142
964 1378
965 1406
966 1034
966 1212
966 1918
966 1993
967 1458
967 1645
968 1033
969 1057
969 1538
969 1908
970 1005
971 1346
973 1133
973 1141
973 1696
973 1725
973 1860
974 1041
974 1444
974 1865
976 1749
977 1154
977 1962
977 1982
978 1072
978 1296
978 1412
979 1933
980 1401
983 1071
983 1324
983 1786
985 995
987 1913
988 1477
988 1727
989 1148
989 1264
989 1635
990 1676
991 1670
992 1548
993 1231
993 1627
994 1929
996 1476
997 1280
997 1640
998 1093
998 1935
999 1348
999 1623
999 1925
1001 1202
1001 1561
1001 1878
1002 1345
1003 1986
1003 1989
1004 1449
1005 1453
1006 1917
1007 1760
1008 1862
1009 1293
1010 1114
1011 1469
1012 1703
1013 1249
1013 1252
1014 1355
1015 1859
1015 1870
1015 1914
1016 1033
1017 1022
1017 1070
1018 1608
1018 1610
1019 1314
1019 1696
1019 1846
1020 1420
1021 1093
1023 1470
1023 1539
1024 1228
1026 1748
1029 1293
1030 1194
1030 1913
1030 1960
1031 1524
1031 1527
1031 1891
1032 1110
1034 1140
1036 1501
1036 1799
1037 1561
1037 1868
1038 1816
1040 1234
1040 1462
1041 1421
1042 1927
1044 1653
1045 1688
1048 1864
1049 1842
1051 1496
1051 1614
1052 1164
1052 1933
1053 1375
1054 1155
1055 1486
1056 1337
1057 1191
1057 1244
1059 1174
1059 1469
1059 1803
1060 1427
1061 1819
1061 1847
1062 1801
1062 1923
1063 1158
1064 1338
1064 1730
1065 1565
1065 1739
1067 1264
1067 1345
1067 1811
1068 1289
1068 1794
1069 1963
1070 1657
1072 1447
1072 1452
1072 1809
1073 1177
1073 1183
1073 1452
1073 1932
1074 1489
1074 1734
1074 1767
1075 1814
1076 1538
1076 1954
1078 1285
1078 1385
1078 1652
1080 1439
1081 1588
1081 1805
1082 1565
1082 1943
1083 1281
1084 1844
1085 1494
1086 1166
1086 1584
1087 1385
1087 1616
1087 1718
1088 1121
1088 1137
1088 1656
1090 1904
1090 1943
1091 1312
1091 1989
1092 1763
1092 1880
1094 1362
1094 1908
1096 1612
1096 1629
1097 1633
1097 1862
1098 1235
1099 1529
1099 1858
1100 1594
1100 1608
1101 1262
1101 1651
1101 1813
1102 1496
1107 1365
1107 1399
1109 1114
1109 1709
1109 1720
1111 1166
1112 1368
1112 1752
1113 1114
1113 1866
1114 1464
1114 1876
1116 1470
1117 1244
1117 1290
1117 1675
1117 1815
1117 1855
1118 1890
1119 1211
1119 1951
1120 1219
1120 1781
1120 1823
1120 1941
1121 1461
1121 1844
1122 1424
1122 1431
1123 1338
1124 1173
1124 1270
1124 1290
1124 1529
1125 1277
1127 1583
1128 1166
1129 1435
1129 1839
1129 1902
1131 1579
1132 1277
1132 1545
1132 1654
1132 1938
1133 1384
1133 1595
1133 1702
1133 1826
1134 1157
1134 1925
1136 1336
1136 1350
1137 1441
1137 1755
1137 1904
1138 1632
1139 1279
1139 1527
1139 1706
1142 1768
1143 1367
1143 1522
1143 1994
1144 1785
1147 1366
1147 1603
1147 1638
1148 1679
1149 1409
1151 1538
1152 1751
1152 1894
1153 1305
1153 1634
1153 1697
1153 1715
1154 1495
1154 1705
1154 1923
1155 1933
1156 1878
1157 1222
1157 1598
1157 1833
1158 1314
1159 1566
1159 1880
1160 1282
1161 1271
1161 1327
1161 1801
1162 1736
1163 1422
1163 1960
1164 1192
1164 1304
1164 1321
1164 1686
1165 1963
1166 1352
1166 1511
1167 1243
1167 1691
1168 1323
1168 1961
1171 1730
1172 1736
1175 1771
1175 1817
1176 1550
1176 1995
1177 1748
1177 1970
1179 1186
1179 1861
1180 1386
1180 1527
1180 1877
1181 1199
1181 1751
1182 1994
1183 1464
1189 1476
1189 1678
1189 1722
1190 1853
1191 1705
1192 1696
1194 1401
1195 1597
1195 1763
1196 1464
1196 1776
1196 1854
1197 1654
1197 1917
1198 1255
1198 1612
1198 1614
1199 1273
1201 1226
1201 1244
1201 1838
1203 1668
1204 1339
1204 1690
1206 1323
1206 1590
1207 1824
1208 1699
1208 1708
1209 1376
1210 1362
1210 1383
1210 1759
1211 1262
1211 1542
1211 1776
1212 1573
1212 1798
1214 1432
1215 1402
1215 1816
1215 1896
1216 1669
1216 1769
1218 1934
1219 1383
1219 1479
1219 1690
1219 1921
1219 1961
1222 1305
1222 1522
1224 1925
1225 1802
1226 1763
1226 1894
1227 1512
1228 1998
1230 1796
1232 1890
1233 1277
1233 1843
1234 1286
1235 1532
1237 1450
1237 1580
1237 1614
1237 1683
1238 1274
1239 1360
1239 1486
1242 1445
1243 1294
1243 1429
1243 1803
1244 1428
1245 1281
1245 1628
1245 1816
1246 1271
1246 1624
1246 1962
1247 1571
1249 1693
1250 1390
1252 1833
1254 1583
1254 1962
1255 1636
1256 1279
1256 1850
1257 1318
1257 1542
1258 1315
1260 1287
1260 1692
1261 1625
1263 1562
1263 1591
1264 1396
1265 1568
1266 1455
1266 1646
1267 1837
1268 1772
1268 1811
1269 1867
1274 1357
1279 1824
1280 1544
1282 1454
1282 1775
1283 1717
1284 1331
1284 1453
1284 1912
1285 1288
1287 1622
1287 1882
1288 1869
1289 1393
1291 1867
1294 1573
1295 1346
1295 1735
1295 1775
1296 1695
1296 1996
1300 1811
1300 1949
1303 1346
1303 1358
1303 1839
1303 1847
1305 1382
1306 1744
1308 1330
1309 1976
1310 1735
1311 1696
1311 1812
1311 1869
1312 1376
1318 1476
1318 1707
1318 1779
1319 1671
1321 1509
1322 1779
1324 1389
1325 1373
1326 1364
1326 1613
1326 1768
1326 1771
1329 1511
1330 1877
1333 1818
1333 1852
1333 1887
1333 1978
1335 1390
1336 1381
1336 1643
1338 1706
1339 1501
1340 1569
1340 1721
1341 1452
1341 1668
1342 1398
1344 1364
1345 1923
1346 1820
1347 1385
1347 1772
1348 1592
1348 1931
1350 1481
1352 1755
1354 1717
1356 1593
1357 1872
1357 1981
1360 1578
1361 1549
1362 1797
1365 1443
1365 1753
1366 1760
1366 1984
1367 1601
1368 1512
1369 1792
1370 1935
1372 1769
1375 1647
1377 1752
1377 1803
1378 1468
1380 1775
1382 1821
1383 1542
1385 1636
1386 1433
1386 1579
1386 1647
1390 1444
1390 1574
1391 1570
1391 1982
1392 1464
1392 1842
1394 1850
1394 1924
1395 1547
1398 1480
1399 1430
1399 1497
1399 1861
1399 1926
1401 1456
1404 1559
1404 1952
1405 1655
1405 1931
1406 1895
1407 1650
1408 1423
1408 1628
1408 1777
1409 1485
1409 1687
1410 1417
1410 1828
1411 1527
1411 1969
1411 1984
1412 1569
1414 1524
1414 1656
1415 1419
1415 1516
1420 1569
1420 1946
1423 1616
1424 1923
1425 1705
1426 1484
1426 1912
1427 1542
1428 1656
1429 1583
1429 1679
1429 1815
1429 1950
1431 1993
1432 1692
1432 1841
1435 1567
1437 1834
1438 1532
1439 1764
1439 1882
1440 1453
1440 1536
1441 1590
1442 1603
1443 1524
1443 1613
1443 1763
1444 1744
1446 1680
1446 1832
1447 1514
1447 1893
1450 1733
1450 1826
1450 1896
1451 1551
1452 1884
1454 1663
1454 1777
1454 1943
1456 1792
1457 1530
1457 1849
1457 1968
1458 1961
1460 1518
1462 1715
1463 1624
1465 1881
1466 1677
1467 1765
1468 1663
1468 1860
1471 1485
1471 1738
1471 1853
1472 1512
1472 1916
1473 1674
1473 1784
1475 1611
1477 1582
1477 1783
1478 1781
1479 1622
1479 1672
1480 1807
1482 1614
1482 1981
1484 1523
1484 1820
1484 1949
1485 1577
1485 1660
1486 1695
1486 1842
1487 1691
1487 1840
1487 1921
1491 1639
1492 1540
1494 1521
1495 1959
1496 1890
1496 1954
1501 1908
1504 1848
1505 1546
1506 1719
1506 1960
1508 1875
1509 1695
1510 1838
1511 1943
1514 1518
1518 1610
1519 1566
1520 1748
1522 1563
1523 1937
1525 1956
1526 1708
1528 1705
1529 1876
1530 1599
1530 1731
1531 1595
1531 1657
1531 1705
1531 1798
1532 1805
1534 1929
1535 1859
1535 1906
1539 1546
1539 1627
1539 1783
1540 1604
1540 1814
1543 1807
1545 1604
1546 1819
1548 1677
1549 1720
1549 1863
1551 1913
1552 1598
1552 1767
1552 1802
1553 1710
1553 1975
1554 1861
1554 1918
1556 1620
1557 1762
1557 1903
1558 1825
1559 1852
1561 1642
1563 1581
1563 1661
1566 1708
1566 1860
1567 1570
1568 1750
1569 1881
1570 1716
1571 1752
1573 1731
1574 1794
1576 1788
1579 1995
1581 1994
1585 1940
1588 1722
1590 1790
1592 1655
1592 1805
1593 1753
1594 1892
1595 1785
1595 1818
1596 1815
1596 1985
1597 1838
1601 1605
1602 1611
1602 1663
1603 1632
1603 1657
1603 1688
1603 1960
1606 1828
1608 1766
1608 1778
1609 1617
1609 1953
1612 1699
1613 1791
1614 1642
1615 1770
1617 1754
1617 1841
1619 1667
1619 1684
1623 1966
1631 1886
1632 1921
1633 1773
1633 1856
1634 1956
1635 1731
1636 1660
1638 1692
1638 1867
1639 1906
1640 1998
1641 1939
1644 1693
1644 1774
1645 1728
1646 1807
1646 1950
1646 1985
1648 1680
1650 1854
1653 1680
1657 1688
1658 1693
1659 1731
1661 1750
1664 1775
1668 1791
1669 1706
1673 1723
1675 1690
1675 1697
1688 1812
1688 1839
1689 1815
1690 1900
1691 1885
1697 1750
1697 1840
1697 1966
1698 1967
1699 1950
1700 1873
1702 1712
1704 1787
1709 1830
1714 1789
1715 1789
1718 1727
1726 1791
1727 1841
1727 1995
1734 1831
1741 1884
1745 1767
1751 1913
1753 1843
1755 1875
1756 1787
1759 1944
1762 1813
1763 1968
1766 1868
1770 1897
1772 1993
1773 1846
1775 1814
1778 1856
1783 1903
1785 1949
1794 1821
1796 1942
1798 1877
1803 1861
1803 1991
1806 1844
1807 1864
1807 1957
1812 1813
1813 1897
1824 1962
1831 1939
1831 1993
1832 1840
1833 1978
1835 1854
1837 1859
1845 1984
1848 1970
1849 1890
1850 1884
1851 1887
1857 1890
1857 1893
1861 1982
1875 1908
1881 1916
1882 1911
1885 1908
1886 1914
1886 1986
1891 1950
1895 1944
1906 1919
1913 1957
1931 1961
1955 1959
1963 1982
1967 1997
