2000 3012
29
77
99
74
84
4
21
48
40
87
4
93
43
81
75
57
38
9
65
78
5
61
92
94
21
30
94
10
49
79
38
21
3
12
8
10
7
17
4
28
25
95
75
8
25
89
65
52
26
74
37
64
97
43
84
79
56
74
32
59
20
93
97
53
86
51
3
16
33
9
23
60
89
93
64
83
78
38
48
89
79
35
8
42
85
78
9
67
60
48
28
18
81
16
21
31
9
43
78
87
82
34
32
84
71
11
14
72
79
77
81
76
36
10
21
15
93
61
58
80
56
41
41
50
84
58
72
22
36
24
44
35
51
92
100
39
16
42
51
95
44
9
7
8
10
47
5
100
31
35
21
26
21
84
5
53
77
92
32
4
43
36
6
34
45
45
17
59
11
27
17
92
90
55
16
4
86
61
92
48
68
58
81
9
30
70
44
60
57
24
34
26
41
65
97
1
22
56
32
90
72
78
95
7
18
76
2
97
18
31
57
100
11
93
45
52
59
41
90
24
94
42
94
95
98
4
2
3
89
22
90
93
78
75
15
24
64
10
96
66
67
95
75
21
12
26
64
95
79
84
64
100
3
54
84
11
8
44
21
20
71
67
8
27
29
69
61
20
48
31
9
70
29
29
80
36
37
77
95
14
86
52
65
62
95
21
47
63
58
68
25
59
3
17
79
82
9
20
36
3
84
4
2
93
14
93
70
86
83
36
35
6
22
73
11
2
53
27
1
63
13
44
66
46
26
28
34
69
35
23
49
55
89
93
79
11
84
52
71
19
64
13
31
67
10
98
46
18
87
27
3
97
43
67
43
83
13
85
61
30
2
19
77
87
1
56
49
34
30
93
29
14
16
3
55
39
61
40
62
68
92
16
59
1
55
67
65
70
44
54
64
32
32
29
21
83
45
65
62
22
87
66
86
9
45
23
4
37
59
87
76
31
37
53
90
84
50
19
94
3
93
40
96
54
92
97
35
78
70
29
97
84
93
68
47
22
57
68
11
48
89
79
40
9
7
15
87
15
9
31
55
30
47
42
2
57
2
18
89
97
86
91
53
79
31
26
100
25
85
66
53
74
8
8
20
22
77
16
29
82
66
21
63
66
73
67
67
38
19
42
76
27
15
88
68
100
32
58
63
79
9
88
3
48
17
73
60
10
74
33
95
17
54
92
76
40
56
15
1
28
87
35
62
45
20
95
14
47
95
34
11
3
20
92
64
66
5
39
63
87
68
54
32
21
89
55
91
71
7
31
64
6
37
90
8
29
28
95
62
31
20
15
82
73
81
80
54
99
19
76
63
47
75
28
63
60
72
63
49
64
2
29
44
93
73
14
91
12
64
7
14
65
97
44
26
89
78
44
4
59
97
90
79
88
44
44
3
94
89
19
94
34
86
55
91
8
39
10
76
63
35
70
10
40
78
78
29
97
11
98
19
73
53
3
42
39
34
37
64
61
60
46
89
27
84
8
75
80
49
48
19
7
96
33
9
16
83
70
23
11
25
90
22
18
75
75
95
94
38
33
4
33
70
14
61
65
60
43
32
49
8
44
93
12
5
53
57
71
49
19
88
53
99
12
92
36
79
39
1
15
79
98
4
57
6
47
95
15
81
79
84
94
92
34
21
17
83
23
52
6
46
77
20
76
100
35
24
95
1
35
27
59
80
48
92
42
11
75
94
8
42
94
73
20
28
74
61
75
74
55
68
56
38
74
36
94
27
50
30
63
99
42
35
44
82
1
56
78
81
86
12
48
36
18
17
3
25
42
34
59
31
21
5
7
77
29
64
68
38
95
49
40
17
5
84
76
2
89
9
63
34
88
1
8
29
98
56
11
83
33
37
87
84
72
31
52
15
76
31
49
73
36
89
80
78
6
31
88
53
21
36
74
47
89
98
89
83
95
78
56
90
2
94
95
37
60
85
94
6
87
68
20
40
21
8
24
68
40
87
28
39
20
41
7
32
73
24
61
85
63
38
100
23
19
22
61
34
5
46
66
66
33
40
83
91
66
3
27
40
52
63
1
28
20
77
69
76
11
51
72
67
76
19
52
54
13
29
98
82
100
79
47
14
87
94
50
2
51
96
12
13
59
30
14
83
14
98
39
26
65
36
36
29
98
66
25
19
79
1
26
43
19
23
52
5
18
95
80
82
34
18
89
55
90
8
96
33
99
15
37
78
71
1
32
14
94
66
19
90
7
4
75
90
18
32
33
3
100
64
37
80
5
42
64
46
36
42
18
74
52
97
54
99
37
78
63
83
74
86
61
44
80
52
67
48
97
73
66
8
48
66
24
27
14
67
60
1
8
5
62
57
37
65
7
42
79
48
41
63
96
58
64
97
78
16
69
31
79
58
10
91
27
50
65
31
61
100
25
34
11
68
78
33
31
94
50
82
18
10
72
92
3
46
31
65
79
55
10
86
22
60
10
43
70
30
6
40
44
99
39
28
95
88
55
56
57
9
85
19
76
10
79
44
63
45
7
86
50
83
86
44
9
84
97
64
30
42
77
16
1
51
19
25
91
88
23
83
66
61
18
72
93
36
86
43
50
51
15
44
49
14
24
82
69
69
33
23
38
13
60
71
2
41
65
78
94
90
32
98
66
18
90
49
3
85
65
1
18
7
77
23
32
86
64
72
53
29
41
67
96
71
27
74
66
80
29
74
47
92
25
51
87
78
62
35
98
47
46
53
52
64
96
50
82
59
18
97
38
14
88
48
87
32
51
31
71
67
33
93
27
70
38
76
13
6
43
59
21
8
20
80
41
40
87
38
24
49
74
36
71
12
67
100
83
52
95
19
77
8
46
95
25
58
74
37
35
4
53
57
9
77
96
59
16
66
18
69
72
67
87
35
2
87
97
84
26
18
71
61
94
82
81
53
53
98
40
46
12
96
58
66
17
20
38
100
62
6
89
24
53
34
31
35
53
15
16
93
80
64
30
85
16
48
58
29
33
31
20
55
64
51
64
91
68
21
48
72
56
65
69
35
73
44
47
67
79
5
59
25
97
93
88
74
30
16
98
66
44
4
15
33
25
9
99
60
70
17
32
45
16
84
71
85
81
21
2
26
11
60
72
4
89
84
83
30
41
18
100
49
26
56
23
75
41
56
58
5
12
31
82
80
73
82
44
97
93
38
84
19
95
34
65
48
48
81
61
46
42
35
37
55
37
60
60
30
61
12
80
4
79
92
88
37
49
61
99
93
16
70
8
74
29
41
19
89
30
82
81
14
64
20
14
14
83
99
71
39
82
43
29
5
86
82
15
54
69
74
58
22
55
70
72
47
65
89
61
16
16
92
46
59
17
74
53
31
16
49
18
44
56
94
67
99
81
54
57
58
95
5
76
73
59
96
7
12
58
39
10
2
39
31
36
70
74
89
92
39
6
90
8
19
48
73
12
82
7
74
51
20
90
50
71
93
65
49
32
74
71
6
13
52
10
34
14
2
58
57
84
13
52
2
92
73
6
46
30
56
43
41
55
34
11
16
8
14
78
83
44
86
87
26
14
17
89
30
88
1
37
25
1
31
34
15
12
92
51
50
88
89
94
23
81
57
63
69
87
36
70
16
61
25
1
52
22
53
56
4
97
13
99
43
92
14
40
63
45
10
38
87
39
25
47
55
61
57
58
27
36
97
10
21
4
84
8
93
91
73
30
40
93
92
31
31
13
91
34
81
85
11
60
8
5
59
44
85
48
92
40
19
16
73
93
10
14
71
20
25
4
96
84
18
73
5
79
80
32
51
33
36
76
85
48
31
84
27
35
50
92
3
88
8
4
34
33
56
10
49
45
70
47
60
19
96
39
59
63
30
73
34
18
9
73
58
14
19
7
27
8
11
3
82
32
46
24
39
25
88
15
9
23
17
44
41
83
46
97
52
49
85
72
8
3
59
63
64
87
84
88
19
45
23
65
37
77
1
35
10
23
58
61
62
66
19
78
73
35
41
33
68
86
44
78
74
63
19
38
12
65
18
71
64
59
24
65
6
93
99
5
16
92
40
41
58
79
15
69
92
76
58
28
10
42
35
60
99
34
11
34
92
86
14
92
10
85
5
88
27
2
29
27
90
42
53
76
12
61
83
97
42
7
87
84
46
5
22
14
65
42
81
25
36
54
95
66
86
73
89
48
1
89
51
38
10
74
56
25
86
3
67
84
98
65
22
62
13
5
73
70
59
81
53
83
67
58
13
50
39
31
35
45
23
29
100
28
54
44
37
58
28
31
50
89
66
49
8
87
92
84
44
64
32
95
49
96
13
29
5
33
65
51
46
1
85
63
15
6
59
56
23
79
14
86
4
83
39
94
66
20
10
18
60
91
73
19
55
18
64
98
19
24
40
65
64
94
16
59
72
83
99
94
57
13
84
69
34
10
46
5
23
38
98
59
1
58
6
10
33
77
71
6
88
55
39
47
77
49
55
18
1
28
13
10
25
23
60
75
73
8
30
12
62
100
14
16
82
91
84
14
32
61
94
39
85
20
66
47
22
4
63
37
85
63
63
7
42
94
95
14
36
46
1 245
1 1167
2 1704
2 1922
3 249
3 1218
4 714
4 1030
4 1855
5 471
5 1278
5 1842
6 289
6 1006
7 471
7 732
7 1422
7 1803
8 153
8 364
9 1078
9 1300
9 1432
9 1723
9 1852
10 1420
11 606
11 754
11 1247
11 1661
12 902
12 1101
12 1305
12 1605
14 105
14 1455
14 1489
14 1787
14 1817
15 121
15 141
15 1983
16 168
16 1985
17 409
17 933
17 987
17 1551
18 58
18 217
18 444
18 1448
19 437
19 763
20 982
20 1752
21 678
21 710
21 1403
21 1514
22 39
22 280
22 1324
22 1690
23 873
23 1009
23 1983
24 620
24 1071
25 133
25 1920
25 1931
26 59
26 1587
27 320
27 1139
27 1275
27 1844
28 355
28 536
29 683
31 45
31 117
31 1520
31 1774
32 402
32 1501
33 92
33 1034
33 1231
34 78
34 407
34 510
34 825
34 878
34 1152
34 1214
34 1322
34 1920
36 602
36 880
36 1105
36 1346
36 1465
37 843
37 1419
37 1661
38 1894
39 733
39 1280
39 1296
39 1405
39 1922
39 1925
39 1945
40 48
40 478
40 522
40 1142
40 1805
41 918
41 1517
41 1690
42 406
42 435
42 552
42 568
42 692
42 1289
43 259
43 1037
43 1924
44 664
44 748
44 752
45 164
45 697
45 1926
45 1982
46 126
46 1265
46 1910
46 1943
47 387
47 671
47 1539
48 91
48 860
48 919
48 1246
48 1834
49 442
49 452
49 577
49 1076
49 1764
50 1209
50 1410
51 78
51 883
51 1716
52 595
52 692
52 783
53 919
53 1837
54 681
54 1220
55 1112
56 219
56 1019
57 509
57 575
58 508
58 1268
58 1497
58 1790
59 452
59 1605
59 1637
60 612
60 1028
60 1466
61 1005
63 1208
64 1875
66 1470
67 533
68 604
68 742
68 1221
68 1313
69 98
69 234
69 844
69 874
69 1239
69 1516
69 1565
70 221
70 223
70 351
71 194
71 1736
72 426
72 542
72 554
72 893
72 1021
72 1469
73 649
73 1233
73 1423
74 805
74 1927
75 248
75 1469
76 564
76 1640
76 1791
77 122
77 1105
77 1113
78 615
78 954
78 961
79 230
79 261
80 934
81 267
81 889
81 1415
81 1579
82 1241
82 1667
83 638
83 684
83 1208
84 588
85 500
86 517
87 807
87 1763
88 190
88 687
88 948
88 955
88 1478
89 791
90 1268
90 1278
91 636
91 1277
92 1041
92 1384
92 1484
93 167
93 922
93 1032
94 528
94 704
94 1049
95 1669
95 1919
96 756
96 1141
96 1968
97 513
97 1652
97 1662
98 109
98 1212
98 1343
98 1695
99 345
99 1708
99 1906
100 416
101 1949
102 365
102 601
102 1724
103 698
103 1445
103 1725
103 1962
104 408
104 1449
104 1489
105 902
106 532
106 610
106 639
106 1739
106 1889
107 1063
107 1818
108 757
109 235
109 503
109 750
109 864
110 210
110 347
110 427
110 703
110 744
110 1031
111 1278
111 1848
112 322
112 622
113 186
114 514
114 1059
114 1125
114 1349
114 1411
115 244
115 1342
115 1762
115 1769
116 542
116 914
116 982
116 1047
116 1057
116 1985
117 1087
118 158
118 1183
118 1554
118 1637
118 1792
119 504
119 978
119 1764
119 1888
120 1223
120 1419
120 1785
122 1473
122 1661
123 1573
123 1895
124 1192
124 1658
125 408
125 981
126 661
126 1140
126 1357
126 1832
126 1995
127 410
128 422
128 955
128 1187
128 1705
128 1753
129 987
129 1255
129 1295
130 592
130 1980
131 211
131 943
131 1877
132 679
133 156
134 616
134 633
134 728
134 1476
134 1714
134 1736
136 405
136 583
137 401
137 690
137 1523
137 1543
138 566
139 1111
140 366
140 1436
141 225
141 890
141 1163
142 719
142 789
142 869
142 1589
142 1912
143 1286
144 166
144 388
145 1260
145 1907
146 862
146 863
146 1351
146 1523
146 1663
147 429
147 464
147 655
147 1163
148 750
148 801
148 861
148 1208
148 1581
149 213
149 456
149 582
149 1142
149 1492
149 1764
150 1031
150 1347
151 255
151 862
151 1192
152 253
152 342
152 385
152 680
152 1103
152 1226
153 574
153 1620
153 1857
154 665
155 287
155 761
155 786
155 979
155 1235
155 1559
156 178
156 1707
156 1786
157 495
157 1156
157 1719
158 770
158 1419
158 1668
159 248
159 1510
159 1754
160 406
161 258
161 889
162 360
162 1326
163 1286
163 1762
163 1808
164 516
164 1653
165 1072
165 1256
165 1629
167 168
167 240
167 247
167 331
167 1108
167 1372
167 1547
167 1841
168 228
168 489
168 961
168 1882
170 1207
171 343
171 637
172 1003
172 1359
173 729
173 1559
173 1567
173 1917
173 1943
174 296
174 686
174 1271
175 498
175 1451
175 1719
175 1753
176 263
176 551
176 771
176 1820
177 805
177 1976
178 1294
178 1940
179 219
179 969
180 241
180 813
180 1095
180 1148
181 447
181 574
181 831
181 1501
181 1546
181 1947
182 1740
183 274
183 638
183 1418
184 1389
184 1845
185 532
185 819
185 950
185 1470
186 1712
187 713
187 1252
187 1486
187 1669
188 313
188 413
188 1828
189 1156
189 1269
189 1416
190 554
190 631
190 1183
190 1587
190 1972
191 512
191 861
191 1821
192 1439
193 213
193 465
193 934
193 1965
194 627
194 987
194 1450
194 1485
195 724
196 1108
196 1180
197 607
197 1239
198 243
198 1995
199 527
200 767
200 940
200 1054
200 1636
201 283
201 929
201 1701
203 487
203 774
203 1762
205 830
205 923
205 1734
206 325
206 1513
207 674
207 912
207 1476
207 1531
207 1597
208 580
208 1893
209 667
210 450
210 945
210 1214
210 1471
211 389
211 599
211 1246
211 1713
212 595
212 702
212 878
214 308
214 374
214 599
214 1249
214 1422
214 1678
215 1249
215 1969
216 242
216 688
217 514
217 1396
218 304
218 1841
218 1997
219 1618
219 1900
221 1848
222 1098
222 1377
222 1666
223 414
223 1156
224 1351
225 1241
225 1985
226 906
226 1583
227 929
227 1059
228 620
228 668
228 1388
228 1430
228 1524
229 1572
229 1951
230 512
230 1238
230 1831
231 1758
231 1930
232 673
233 813
233 840
233 1060
233 1246
233 1252
235 1163
235 1546
236 1095
236 1130
236 1760
237 1462
238 1086
239 1332
239 1340
240 867
240 1700
240 1707
241 1067
241 1285
241 1668
241 1735
242 355
242 537
242 1073
242 1084
242 1719
243 953
243 1592
244 1442
245 1430
245 1857
246 743
247 253
247 921
247 1213
247 1326
247 1421
247 1893
248 422
248 470
248 552
248 1907
249 414
249 547
249 823
249 1834
250 1037
251 262
251 398
251 1281
251 1323
251 1997
252 521
252 523
252 701
252 1413
252 1485
253 611
254 685
254 757
254 1476
254 1482
254 1805
255 415
255 472
255 511
255 1001
255 1426
255 1770
256 493
256 866
256 1215
256 1741
257 898
257 1430
257 1511
258 538
258 1788
258 1895
258 1962
258 1993
259 1303
259 1656
259 1716
260 549
260 1180
260 1297
260 1673
261 818
261 1747
262 474
262 736
263 715
263 1880
264 424
264 1198
265 314
265 568
265 1502
265 1950
266 637
266 1552
266 1601
267 1312
267 1634
267 1678
267 1679
267 1884
268 1212
269 776
269 950
269 1047
269 1126
269 1152
269 1973
270 394
270 461
271 377
271 1226
271 1541
272 633
272 1026
272 1603
272 1718
272 1794
273 374
273 446
273 641
273 1056
273 1557
273 1724
274 676
274 1167
274 1810
275 1496
276 335
276 727
276 991
276 1492
277 445
277 647
278 285
278 620
278 844
278 1084
278 1918
279 346
279 1356
279 1566
280 413
280 975
280 1476
281 307
281 400
282 627
282 717
282 1328
282 1813
283 907
283 1436
283 1484
283 1849
284 1089
284 1093
285 465
285 546
285 884
285 1284
285 1344
285 1548
286 318
286 858
286 899
286 1587
287 926
288 393
288 999
288 1271
288 1286
288 1366
289 1298
289 1681
289 1787
290 394
290 872
290 1157
291 1484
292 1215
292 1639
293 659
293 1421
293 1559
294 992
295 972
296 993
297 1567
298 343
298 773
298 1574
298 1719
299 1101
299 1592
299 1716
299 1751
300 847
302 602
302 1581
303 1032
303 1458
303 1793
304 330
304 859
304 945
304 1435
306 506
306 1669
307 999
308 1072
308 1305
309 1122
309 1283
309 1422
309 1605
310 453
310 1415
310 1674
311 399
311 805
311 864
311 1976
312 692
312 824
313 567
313 1222
313 1388
313 1898
315 1357
315 1559
315 1637
315 1825
317 764
317 863
317 1285
319 613
319 760
320 882
320 935
320 1027
321 1668
321 1791
322 577
323 987
323 1369
323 1782
324 878
324 1403
324 1438
325 331
325 1368
327 367
327 932
328 689
328 826
328 887
329 661
329 735
329 869
330 706
330 1232
330 1980
331 1228
332 1058
332 1441
332 1521
333 371
333 1361
333 1494
333 1501
333 1626
334 1217
335 632
335 657
335 1116
335 1568
336 389
336 529
336 648
337 941
337 1074
337 1664
337 1891
338 571
338 1267
338 1766
339 396
339 1868
340 681
340 922
340 1260
341 403
341 481
342 480
342 1443
343 404
343 1307
343 1690
345 1231
345 1766
346 1463
347 972
347 1924
348 1697
349 1138
349 1296
349 1366
350 1027
350 1263
350 1827
350 1894
350 1943
351 801
351 842
351 1304
351 1685
351 1718
351 1926
352 675
352 905
352 1851
353 771
353 968
353 1895
354 1026
354 1133
354 1559
355 413
355 508
355 861
356 803
357 537
357 833
357 1184
357 1286
357 1313
357 1820
358 1158
359 810
359 1709
360 1351
360 1367
362 862
362 1885
363 653
363 765
363 1055
363 1755
363 1777
364 493
364 1617
364 1633
365 778
365 1160
365 1596
365 1878
366 434
366 1289
366 1473
366 1859
367 597
368 1027
369 1089
369 1422
370 748
371 551
371 869
372 463
372 752
372 1520
373 635
373 1258
373 1363
373 1832
376 804
377 1203
378 466
378 971
379 404
379 408
379 427
379 1741
380 1113
380 1326
380 1706
381 521
381 855
381 1518
382 1072
383 393
383 426
383 530
383 604
383 612
383 1944
384 1057
384 1764
384 1963
385 663
385 1524
385 1710
385 1744
386 1786
387 739
388 1173
388 1995
389 791
389 1033
389 1116
390 1135
390 1186
390 1393
390 1723
391 1280
391 1320
391 1424
392 1285
393 1211
393 1687
393 1775
394 537
394 612
394 769
394 1758
395 448
395 719
395 895
395 1052
395 1509
395 1983
396 1725
397 401
397 561
397 972
398 679
398 1288
399 800
399 1109
399 1999
400 462
400 846
401 1560
402 654
402 1586
403 741
403 1368
404 1358
404 1684
404 1858
405 462
405 485
405 715
406 1046
406 1834
406 1949
406 1958
407 796
407 1106
407 1160
407 1188
407 1516
407 1774
408 1214
408 1415
408 1462
409 508
409 794
411 793
411 1478
412 1678
413 1801
414 475
414 723
414 1800
415 680
415 725
415 1434
415 1464
415 1536
416 712
416 731
416 1057
417 1391
418 431
418 472
418 584
418 1839
419 537
420 534
420 916
420 1068
420 1158
420 1206
420 1308
421 1220
422 682
422 985
423 777
423 1284
423 1407
424 934
424 1118
424 1329
424 1943
425 477
425 632
426 876
427 869
427 925
427 934
427 964
427 1629
428 919
428 1231
429 583
429 904
429 1120
429 1397
430 1440
430 1588
432 1664
432 1811
432 1933
433 1361
434 1257
435 1088
435 1269
436 1121
436 1589
436 1805
437 700
437 906
437 1014
438 602
438 741
439 525
439 914
440 760
440 1599
441 752
441 1681
442 741
442 1356
443 1764
444 919
444 1634
445 1428
445 1715
446 551
446 1049
446 1199
446 1398
446 1829
447 540
447 1178
447 1330
448 499
448 758
448 1294
448 1356
449 697
449 932
449 1720
449 1867
451 707
451 1286
452 1155
454 1380
454 1727
455 743
455 1504
456 1168
456 1352
458 859
458 1421
459 521
459 583
459 1189
459 1276
459 1742
460 905
461 765
462 943
462 1113
462 1160
463 1161
463 1772
464 686
464 1010
466 672
466 1161
466 1372
466 1719
467 630
467 1282
467 1343
467 1732
469 781
469 1776
470 580
470 712
470 1122
470 1392
470 1747
470 1927
471 1026
471 1395
471 1853
472 613
472 931
472 1513
473 489
473 940
475 547
475 1082
475 1131
475 1684
475 1906
476 1324
476 1790
477 532
477 1109
477 1512
477 1753
477 1863
478 1406
479 522
479 687
479 1086
479 1257
479 1418
480 1149
480 1406
481 1881
482 715
482 916
482 1381
482 1658
483 1699
484 1027
485 910
485 1124
485 1578
486 1260
486 1676
486 1755
487 1539
487 1916
488 626
488 714
488 1009
488 1193
488 1992
489 512
489 808
490 581
490 1621
491 1771
492 732
493 663
494 602
495 852
495 1389
495 1667
495 1846
496 533
496 1655
497 1142
497 1723
498 1398
498 1537
499 567
499 951
499 1099
499 1325
500 972
501 651
501 1087
502 660
502 1503
502 1681
503 608
503 1411
503 1537
503 1686
503 1771
504 1276
504 1722
504 1859
504 1884
505 1420
506 1428
507 1536
507 1732
508 581
509 1692
510 1025
511 1011
511 1665
512 730
512 1376
512 1529
512 1596
512 1841
512 1894
513 848
513 890
514 706
515 961
515 1862
516 960
516 1070
516 1164
517 557
517 1104
518 561
518 1008
518 1159
518 1365
518 1427
519 710
519 872
519 904
520 943
520 1068
520 1175
520 1576
520 1584
520 1686
520 1733
521 1265
522 1223
522 1585
523 610
523 1397
524 1330
524 1512
527 913
527 1485
528 991
528 1090
529 1468
529 1607
530 1634
531 1601
532 673
532 1742
533 905
533 1954
534 579
534 1840
535 815
535 1284
535 1831
536 1872
536 1888
537 1100
537 1880
538 1381
539 920
539 998
540 718
540 1527
541 798
542 1525
543 964
543 1202
543 1207
543 1400
544 1535
545 587
545 1230
546 1235
546 1982
547 679
547 1610
547 1854
548 724
548 1234
549 618
549 1212
550 731
550 1223
550 1728
550 1844
551 964
551 1788
552 650
552 750
552 1731
552 1870
552 1950
554 834
555 569
555 580
556 1193
557 1063
557 1535
558 1384
559 1147
560 572
560 635
560 766
560 1330
561 1289
561 1322
562 661
563 1273
563 1294
564 857
564 1594
565 1614
566 1509
567 1085
567 1154
567 1551
567 1754
567 1903
568 1008
569 1490
569 1600
570 612
570 1110
571 1567
572 1736
572 1933
573 1176
573 1399
573 1501
573 1535
574 749
574 753
574 828
574 1269
574 1366
575 1893
576 935
576 1474
577 941
577 1250
578 1910
578 1918
579 1043
579 1718
580 648
580 1531
580 1719
580 1783
581 723
581 1766
582 586
582 1286
583 914
584 1739
584 1938
585 983
585 1305
585 1600
585 1827
586 1783
587 1820
588 644
588 907
588 1492
589 759
589 1193
590 1092
591 1411
591 1631
592 685
592 827
592 1370
593 1232
593 1253
593 1635
593 1636
593 1795
593 1816
593 1849
594 757
594 1871
595 1532
596 813
596 1120
597 683
597 1979
598 1249
598 1446
600 1791
601 1229
602 1228
603 1411
604 674
604 1383
605 803
605 1452
605 1649
605 1858
606 1226
606 1705
606 1954
607 765
607 1301
607 1472
608 1419
608 1438
608 1726
609 736
609 911
609 1514
610 677
610 814
610 1485
611 933
611 1352
611 1460
611 1686
612 723
612 731
613 1929
614 1322
614 1489
615 1224
615 1232
615 1731
616 1139
616 1466
617 750
617 821
618 1874
619 1623
619 1724
620 724
620 1574
621 653
621 1166
623 1481
623 1588
624 1401
624 1404
624 1791
625 634
625 726
625 742
625 1099
625 1801
626 1268
626 1277
626 1608
627 1010
628 1984
629 1212
629 1225
629 1605
630 676
630 1151
631 633
631 811
632 1024
632 1311
633 952
633 1069
633 1585
634 751
634 1467
635 1486
635 1731
636 1530
636 1823
637 1511
638 927
638 1207
639 1306
639 1727
640 752
640 829
641 675
641 1017
641 1674
642 1151
644 1363
644 1471
645 1985
646 1021
646 1120
647 681
647 1146
647 1571
648 1167
648 1849
649 1759
649 1840
650 658
650 833
651 1420
651 1978
652 1498
653 1588
654 824
654 1029
654 1547
655 661
655 1308
655 1324
655 1371
655 1479
655 1854
656 752
656 1457
660 916
660 1695
660 1892
661 1187
662 1167
662 1527
663 870
663 877
664 683
664 733
664 1935
665 1763
666 708
666 925
667 1287
667 1705
667 1885
668 1364
669 743
670 1128
670 1764
671 767
671 1224
671 1818
673 983
676 854
676 1236
676 1894
677 1707
677 1708
678 1070
678 1314
678 1368
679 1611
679 1809
680 904
680 1467
680 1493
680 1526
681 896
682 1261
682 1345
682 1385
684 1552
684 1634
684 1895
685 1003
686 1091
686 1204
687 929
687 1935
689 1080
691 1685
692 1238
692 1295
692 1361
693 728
693 1147
693 1202
693 1411
694 972
694 1759
694 1848
694 1868
695 850
695 1428
696 699
697 1211
697 1338
698 1025
698 1757
699 789
699 859
699 914
699 1027
699 1176
699 1865
699 1926
701 712
701 801
701 1415
701 1747
701 1895
702 1073
702 1100
702 1242
703 713
703 1249
703 1593
703 1813
703 1925
704 1278
704 1653
704 1686
704 1801
704 1964
705 751
707 778
707 1244
707 1381
707 1632
708 1056
709 1441
709 1535
709 1591
710 1210
710 1250
710 1450
710 1562
712 1132
712 1646
713 1856
715 1347
715 1361
715 1891
716 953
716 1614
716 1874
717 891
717 1526
718 1139
718 1149
718 1303
718 1770
718 1930
719 973
719 1342
720 1438
721 753
721 986
722 1382
722 1890
723 832
723 1951
724 787
724 1004
725 1629
727 1014
727 1081
727 1347
727 1842
729 1956
731 1545
731 1730
732 1410
732 1491
733 931
733 1244
734 1756
734 1833
735 1419
736 883
736 1503
736 1612
736 1666
737 756
737 859
737 1492
737 1744
738 990
739 743
739 889
739 928
740 1195
742 752
742 786
743 978
743 1328
743 1386
743 1584
743 1987
744 1371
744 1403
744 1588
744 1736
745 1314
747 968
748 1423
748 1449
748 1454
749 1465
750 1445
752 1108
752 1778
752 1804
752 1837
753 1061
753 1773
754 925
754 1377
754 1390
754 1455
755 957
756 855
756 1272
757 1192
757 1206
758 1271
758 1650
759 1514
759 1543
762 1930
763 887
763 1091
763 1270
763 1576
763 1693
765 1414
765 1650
767 1633
767 1854
768 995
769 1746
770 1539
770 1970
772 787
772 1602
773 801
773 997
773 1831
774 1457
774 1937
775 903
777 845
777 1303
778 1714
779 1644
779 1777
779 1957
780 863
780 868
780 1919
782 926
782 960
782 1907
782 1916
783 998
784 1065
785 885
785 1197
785 1295
787 1370
787 1989
788 1330
788 1639
789 796
790 823
790 836
790 1484
790 1795
791 865
793 848
793 993
793 1586
795 1873
797 1698
797 1811
798 946
799 927
799 1311
800 1580
801 1196
801 1306
803 958
804 1974
805 873
805 1025
805 1750
808 872
809 853
809 950
809 1364
810 1146
811 1457
812 1077
812 1242
812 1492
812 1573
812 1682
814 1857
815 1292
815 1485
815 1524
816 1675
816 1814
816 1866
817 1272
817 1541
817 1713
817 1833
818 860
818 1413
818 1462
818 1615
818 1908
820 1577
821 1201
821 1608
821 1782
822 1343
822 1631
823 1664
823 1977
824 960
824 1074
824 1303
824 1902
826 992
826 1152
826 1155
827 990
827 1799
829 967
829 1440
830 992
830 1202
831 1925
832 1606
832 1773
833 1846
833 1937
834 1315
835 1784
836 876
836 1212
837 1581
837 1780
838 1073
838 1442
838 1690
839 995
840 937
840 1444
841 1489
842 1165
842 1267
843 1178
843 1320
844 1361
846 1453
846 1573
848 931
848 1285
848 1286
848 1876
849 1173
849 1383
849 1415
850 1446
850 1706
851 986
851 1190
852 1236
852 1429
852 1559
852 1821
854 1217
855 1416
856 995
856 1113
858 1239
858 1722
859 1342
860 1114
860 1220
861 881
862 1678
862 1725
862 1817
863 988
863 1046
863 1812
865 1141
865 1535
865 1695
865 1897
865 1989
866 1158
867 1552
867 1701
867 1717
868 1965
869 918
870 1179
870 1514
870 1814
872 1089
872 1167
872 1348
873 962
873 1985
874 1925
875 1912
876 956
876 1594
876 1863
877 954
877 1361
878 1816
881 939
881 1864
882 1082
882 1390
883 1480
883 1556
883 1704
883 1948
884 1561
885 1673
886 1057
886 1323
888 1060
888 1631
888 1903
888 1957
889 1171
889 1941
890 1736
891 906
891 1487
892 1323
892 1394
893 1511
894 1048
894 1308
894 1584
895 1400
896 1856
897 1619
898 1732
898 1764
899 1122
899 1343
899 1794
899 1842
900 1948
900 1959
901 1757
901 1771
902 1725
902 1737
903 1057
903 1330
904 1398
904 1595
904 1867
905 1454
905 1586
906 1113
906 1217
906 1894
908 1898
909 1064
909 1732
910 1183
910 1572
910 1894
911 1131
913 994
913 1638
913 1678
914 1230
914 1692
916 1814
918 1835
919 1125
919 1898
919 1994
920 968
922 1046
922 1436
922 1640
924 950
924 965
924 1856
925 1045
926 1573
927 1304
927 1425
928 1552
929 1013
929 1892
931 1958
932 958
932 1165
932 1239
933 1295
934 1171
934 1848
935 956
935 1134
935 1336
939 986
939 1553
941 1270
941 1972
942 1369
942 1738
942 1919
943 1171
945 1751
946 1653
946 1851
947 1039
947 1392
947 1434
947 1448
947 1736
947 1990
948 1358
949 1388
949 1507
949 1571
952 1186
952 1532
953 1659
954 1397
955 1454
955 1564
957 1669
959 1159
959 1190
959 1787
960 1982
962 970
962 1639
962 1829
963 1003
963 1279
964 985
966 1097
966 1760
967 1227
967 1901
968 1454
968 1739
968 1894
969 1596
969 1675
969 1778
970 971
970 1111
971 1221
972 1442
972 1480
972 1505
972 1806
972 1978
973 1814
973 1815
974 1122
974 1352
974 1654
977 1429
978 1072
978 1534
978 1737
979 1566
979 1924
980 1721
981 1308
981 1457
981 1919
982 1008
982 1231
985 1460
986 1165
986 1540
986 1688
987 1177
987 1476
987 1757
989 1384
989 1743
989 1951
990 1209
990 1648
991 1638
992 1614
993 1139
994 1295
994 1554
994 1644
994 1915
997 1060
997 1070
997 1365
997 1949
998 1010
998 1401
1000 1319
1001 1432
1002 1192
1004 1063
1004 1774
1005 1335
1005 1542
1005 1653
1006 1219
1006 1362
1007 1099
1007 1306
1007 1312
1008 1331
1008 1784
1009 1300
1009 1620
1011 1206
1012 1159
1012 1224
1012 1626
1013 1459
1013 1845
1014 1359
1014 1511
1015 1198
1015 1200
1016 1056
1018 1208
1018 1344
1018 1400
1019 1219
1020 1911
1021 1234
1021 1272
1021 1725
1021 1910
1023 1055
1024 1185
1025 1058
1025 1934
1026 1165
1026 1624
1028 1489
1028 1525
1028 1699
1029 1233
1029 1493
1030 1135
1031 1443
1033 1313
1033 1857
1034 1478
1035 1644
1037 1138
1037 1253
1038 1273
1039 1231
1040 1394
1040 1987
1041 1287
1041 1805
1041 1819
1042 1971
1043 1458
1044 1727
1045 1444
1045 1684
1046 1447
1047 1813
1047 1837
1048 1277
1051 1391
1052 1573
1052 1888
1053 1826
1054 1335
1055 1147
1055 1593
1055 1743
1055 1858
1055 1876
1055 1919
1056 1354
1056 1387
1058 1367
1058 1806
1059 1372
1059 1594
1059 1824
1061 1228
1061 1496
1061 1572
1062 1492
1062 1558
1062 1639
1062 1766
1062 1812
1062 1878
1063 1120
1063 1233
1063 1265
1063 1488
1063 1940
1064 1553
1064 1758
1065 1377
1066 1671
1068 1571
1068 1619
1069 1216
1071 1373
1072 1227
1075 1935
1076 1471
1076 1791
1079 1200
1080 1268
1081 1592
1081 1626
1082 1099
1082 1427
1083 1593
1084 1173
1084 1506
1085 1809
1087 1378
1087 1605
1088 1154
1088 1239
1089 1719
1090 1463
1092 1113
1092 1359
1092 1417
1094 1115
1094 1313
1097 1130
1097 1293
1097 1296
1098 1331
1098 1358
1098 1577
1099 1796
1100 1102
1100 1444
1102 1367
1102 1951
1103 1953
1104 1373
1104 1563
1105 1575
1105 1583
1108 1885
1109 1625
1111 1139
1111 1534
1112 1323
1112 1985
1113 1476
1114 1336
1114 1369
1116 1516
1116 1895
1117 1165
1117 1437
1119 1243
1119 1706
1120 1520
1120 1799
1121 1580
1122 1128
1122 1162
1122 1204
1123 1193
1123 1492
1123 1815
1123 1968
1126 1517
1126 1886
1127 1259
1129 1185
1130 1339
1130 1716
1131 1864
1133 1165
1133 1802
1133 1995
1134 1668
1135 1177
1135 1965
1138 1784
1140 1829
1143 1790
1143 1978
1146 1597
1146 1709
1147 1398
1147 1976
1149 1263
1150 1233
1150 1419
1151 1823
1153 1506
1155 1290
1155 1552
1156 1934
1157 1603
1157 1885
1157 1905
1158 1495
1160 1459
1160 1505
1161 1769
1161 1770
1161 1950
1162 1666
1163 1412
1163 1762
1164 1511
1164 1547
1164 1590
1165 1172
1165 1821
1166 1230
1166 1415
1166 1874
1169 1817
1170 1374
1170 1437
1171 1513
1173 1188
1174 1330
1175 1289
1175 1394
1175 1967
1175 1988
1176 1575
1176 1985
1178 1184
1178 1458
1178 1503
1179 1269
1181 1253
1181 1280
1181 1713
1183 1439
1185 1510
1185 1667
1187 1297
1189 1197
1189 1290
1191 1408
1191 1616
1191 1750
1192 1316
1192 1400
1192 1724
1194 1643
1194 1817
1196 1410
1196 1475
1197 1780
1198 1284
1199 1519
1201 1649
1203 1856
1204 1662
1204 1759
1204 1876
1205 1638
1206 1675
1206 1749
1207 1560
1207 1629
1208 1214
1208 1537
1208 1602
1211 1251
1211 1541
1212 1387
1212 1650
1213 1518
1214 1294
1214 1705
1214 1797
1215 1480
1215 1540
1216 1551
1218 1761
1221 1274
1221 1766
1222 1618
1222 1690
1223 1373
1223 1688
1223 1952
1225 1598
1225 1735
1228 1387
1229 1329
1229 1932
1231 1327
1232 1291
1233 1273
1233 1276
1233 1939
1234 1444
1234 1602
1235 1824
1235 1980
1236 1317
1236 1519
1237 1285
1239 1257
1239 1373
1243 1267
1243 1462
1243 1769
1244 1834
1245 1448
1246 1716
1248 1717
1249 1748
1249 1763
1250 1551
1251 1464
1253 1307
1253 1430
1253 1686
1253 1826
1257 1281
1257 1426
1258 1487
1258 1622
1258 1679
1259 1296
1259 1819
1259 1970
1260 1753
1261 1731
1262 1724
1265 1405
1266 1442
1266 1641
1269 1353
1270 1674
1271 1925
1272 1429
1273 1295
1273 1643
1273 1912
1274 1291
1274 1430
1276 1797
1279 1804
1280 1505
1280 1879
1281 1918
1282 1353
1283 1361
1283 1468
1283 1511
1283 1828
1285 1312
1285 1794
1286 1360
1286 1628
1286 1861
1286 1987
1289 1326
1289 1440
1290 1810
1290 1930
1291 1497
1291 1780
1293 1864
1294 1612
1294 1676
1295 1330
1295 1338
1295 1555
1296 1729
1297 1579
1297 1999
1299 1377
1300 1362
1300 1930
1301 1440
1301 1628
1303 1342
1303 1994
1305 1341
1305 1672
1306 1988
1308 1568
1308 1710
1309 1349
1309 1363
1309 1554
1309 1584
1311 1374
1311 1475
1311 1866
1312 1418
1314 1687
1316 1519
1316 1530
1317 1703
1321 1457
1323 1888
1326 1400
1326 1814
1327 1334
1327 1708
1327 1809
1329 1459
1329 1559
1329 1646
1329 1879
1330 1715
1331 1846
1332 1781
1333 1431
1338 1895
1339 1419
1340 1968
1341 1642
1342 1425
1343 1651
1344 1488
1344 1591
1344 1743
1345 1469
1346 1853
1347 1951
1350 1369
1351 1934
1352 1857
1354 1659
1354 1809
1355 1461
1355 1940
1356 1459
1356 1648
1357 1811
1358 1707
1358 1899
1360 1406
1360 1597
1361 1632
1361 1787
1361 1869
1362 1469
1363 1867
1364 1983
1364 1986
1366 1637
1367 1847
1368 1374
1369 1483
1369 1593
1369 1666
1369 1963
1369 1967
1370 1446
1370 1948
1372 1453
1373 1952
1374 1453
1376 1519
1376 1607
1376 1967
1377 1622
1380 1448
1380 1738
1381 1618
1383 1895
1383 1930
1384 1561
1384 1630
1386 1627
1387 1890
1389 1406
1390 1773
1391 1746
1393 1433
1393 1442
1394 1532
1394 1559
1394 1670
1395 1828
1398 1767
1399 1430
1399 1798
1399 1803
1401 1430
1401 1726
1402 1440
1402 1576
1402 1621
1404 1501
1404 1534
1404 1549
1406 1809
1408 1965
1409 1968
1410 1591
1410 1631
1412 1903
1413 1554
1413 1584
1413 1920
1415 1733
1416 1434
1416 1664
1417 1550
1420 1637
1421 1576
1421 1786
1421 1897
1424 1852
1424 1940
1425 1986
1426 1711
1427 1972
1428 1966
1430 1456
1430 1555
1431 1455
1433 1842
1434 1988
1435 1971
1442 1920
1443 1683
1443 1911
1444 1911
1448 1722
1449 1892
1450 1711
1452 1520
1459 1562
1459 1863
1459 1967
1461 1813
1463 1662
1466 1472
1466 1502
1466 1623
1467 1985
1469 1996
1470 1774
1471 1742
1471 1988
1473 1893
1473 1925
1474 1725
1474 1930
1475 1674
1477 1705
1477 1937
1477 1986
1478 1501
1478 1852
1479 1956
1481 1800
1485 1641
1486 1676
1486 1872
1488 1553
1489 1506
1489 1964
1490 1921
1491 1584
1491 1815
1493 1799
1493 1810
1494 1904
1495 1716
1496 1632
1498 1956
1499 1827
1499 1963
1501 1776
1502 1908
1503 1978
1505 1906
1510 1764
1510 1969
1514 1550
1515 1962
1516 1807
1518 1731
1520 1981
1522 1531
1525 1995
1528 1745
1528 1935
1529 1684
1535 1907
1537 1830
1538 1758
1539 1933
1541 1941
1546 1788
1546 1852
1547 1839
1548 1858
1551 1692
1551 1884
1552 1886
1553 1932
1554 1801
1554 1860
1557 1725
1560 1813
1564 1694
1567 1620
1568 1651
1568 1751
1568 1766
1569 1871
1570 1867
1573 1606
1574 1775
1579 1681
1579 1982
1581 1665
1583 1715
1583 1749
1583 1942
1587 1601
1588 1798
1590 1625
1591 1999
1592 1909
1593 1722
1594 1834
1596 1620
1596 1749
1599 1680
1599 1707
1599 1983
1601 1939
1601 1962
1602 1830
1605 1719
1606 1837
1608 1937
1611 1901
1612 1981
1614 1672
1614 1814
1616 1851
1617 1631
1619 1960
1620 1864
1627 1697
1628 1827
1629 1719
1630 1733
1630 1955
1634 1744
1634 1941
1637 1690
1638 1885
1638 1959
1639 1902
1639 1953
1641 1753
1641 1791
1643 1740
1643 1827
1644 1835
1645 1747
1645 1967
1649 1654
1649 1881
1650 1841
1651 1792
1655 1859
1656 1687
1656 1838
1657 1918
1658 1859
1659 1684
1659 1738
1663 1844
1665 1958
1666 1920
1667 1834
1668 1728
1669 1889
1672 1927
1676 1778
1681 1757
1681 1810
1682 1819
1683 1945
1687 1778
1689 1955
1692 1746
1693 1938
1696 1841
1699 1821
1701 1726
1702 1844
1703 1714
1703 1907
1704 1886
1704 1893
1704 1943
1706 1938
1708 1754
1712 1919
1713 1832
1714 1958
1716 1893
1720 1749
1721 1834
1722 1913
1725 1872
1735 1736
1739 1830
1741 1963
1745 1862
1749 1899
1749 1930
1750 1894
1750 1950
1755 1800
1755 1878
1756 1971
1758 1983
1762 1972
1763 1985
1764 1830
1766 1907
1777 1927
1781 1795
1782 1977
1783 1979
1784 1987
1786 1984
1791 1828
1792 1884
1801 1865
1801 1974
1802 1929
1811 1983
1815 1916
1819 1844
1823 1968
1846 1860
1849 1945
1859 1895
1863 1982
1874 1937
1889 1924
1899 1944
1908 1925
1917 1936
1929 1961
1932 1976
1936 1957
1938 1949
1945 1966
1964 1977
