2000 2888
34
98
21
23
1
8
15
95
27
37
95
81
45
90
57
90
70
2
24
23
52
22
83
95
98
61
36
80
24
51
42
34
17
28
41
56
16
17
1
22
87
81
19
64
70
87
8
66
52
80
83
80
40
15
12
10
55
94
8
90
30
29
71
7
62
30
13
100
85
12
52
91
74
96
60
54
39
62
51
28
27
69
72
50
34
67
5
86
23
30
44
27
10
31
4
17
79
15
83
3
57
83
43
82
30
35
65
82
15
2
84
55
2
2
96
93
74
80
57
85
56
26
64
71
94
86
20
94
100
58
34
38
91
76
34
89
26
86
3
73
48
7
10
38
88
37
45
85
61
56
95
45
44
58
70
61
37
61
30
23
30
67
54
12
55
47
86
13
11
93
29
97
39
96
83
3
60
37
12
44
94
96
5
60
60
70
86
49
40
89
65
72
98
21
17
15
67
24
23
92
17
10
75
42
44
89
73
61
48
98
64
30
59
83
7
60
58
44
29
27
25
8
64
6
76
61
71
88
11
25
20
31
45
97
16
28
79
1
29
97
3
58
59
82
51
63
93
53
31
27
58
13
48
64
54
92
33
93
45
86
38
71
22
22
77
35
5
93
92
85
11
53
25
58
64
57
99
85
85
59
40
7
21
23
32
26
18
87
88
3
80
71
67
56
50
76
57
8
35
65
43
71
79
34
43
58
77
61
44
50
5
90
69
61
11
66
23
49
3
32
9
9
58
98
29
5
23
2
28
70
22
94
40
73
65
79
71
17
35
37
1
75
82
25
15
90
13
18
20
44
20
52
39
70
52
92
27
48
39
30
90
88
59
9
28
94
95
7
46
82
85
96
66
17
42
69
38
28
12
20
88
65
8
97
99
79
100
96
58
30
98
98
8
84
46
46
66
50
27
88
71
75
76
19
45
16
24
2
45
97
20
37
37
32
45
81
19
41
30
89
9
99
28
47
39
19
34
38
36
69
87
58
35
34
10
76
94
40
26
29
59
4
21
45
65
72
79
16
16
92
57
87
33
82
52
51
10
56
95
78
71
57
18
81
41
48
50
94
32
40
34
59
20
91
76
75
87
95
97
34
93
75
88
48
16
33
37
51
6
99
100
22
32
22
77
80
17
28
71
86
57
90
14
87
45
77
43
94
80
96
19
78
31
7
23
44
98
91
33
3
85
54
78
83
29
36
20
59
72
21
66
40
30
73
82
97
8
16
27
95
30
97
56
86
45
47
89
26
41
62
82
66
9
89
40
61
62
96
88
62
14
42
75
84
53
63
96
52
89
82
63
20
42
54
95
89
11
28
18
6
22
30
52
8
63
16
83
57
70
90
91
27
66
100
52
84
93
72
24
66
37
52
49
40
100
80
37
48
49
19
33
49
25
42
5
4
26
64
86
84
77
46
41
59
3
89
87
12
34
28
21
35
90
33
45
30
12
72
43
9
44
59
27
81
92
12
63
60
55
19
31
51
25
12
90
96
38
65
6
36
18
37
15
51
30
39
99
59
77
54
80
13
46
31
65
77
62
9
33
43
96
78
77
92
40
84
38
67
99
31
99
10
1
80
79
18
25
53
76
21
63
62
4
4
62
21
98
48
45
39
56
100
57
35
21
79
70
1
98
67
43
50
19
44
69
65
90
99
13
50
52
99
39
79
40
96
6
96
52
81
68
93
61
50
3
13
8
46
31
5
89
44
76
30
24
5
20
31
1
18
71
14
98
44
86
58
69
77
55
9
38
31
4
20
70
63
53
7
4
94
65
13
51
71
32
30
10
23
22
98
67
60
75
95
43
30
99
5
73
29
41
3
33
30
8
66
37
7
15
25
31
56
6
76
40
1
92
55
72
39
49
21
92
20
88
5
48
47
49
41
8
22
34
23
40
20
59
19
37
79
64
80
95
82
52
35
61
67
49
96
59
27
23
77
55
97
83
17
74
21
98
92
85
98
8
32
83
93
78
90
84
82
88
99
33
76
96
69
95
15
16
97
79
29
95
15
92
99
6
52
65
53
31
79
43
9
14
5
36
5
77
99
68
54
79
47
80
87
47
71
81
53
29
84
20
62
12
49
83
79
48
28
58
66
94
54
37
76
42
22
81
25
22
62
91
13
77
74
94
75
56
62
54
65
44
55
14
93
89
66
90
38
65
72
15
65
51
25
60
41
17
73
96
98
1
13
1
42
70
83
28
57
67
70
47
9
53
8
14
74
90
32
97
9
67
1
87
50
33
92
67
25
32
37
70
3
31
91
3
65
21
5
56
94
96
21
51
93
61
89
88
64
12
90
96
78
33
50
6
94
92
60
59
8
18
86
52
46
64
24
24
84
49
77
47
9
32
62
53
23
45
9
9
2
72
81
13
93
4
21
7
6
67
70
10
4
98
62
51
1
99
16
1
19
19
42
62
94
24
29
90
66
90
92
34
35
42
33
19
22
60
76
17
92
99
83
82
20
14
80
15
77
92
15
14
25
52
16
95
31
4
23
49
62
97
55
37
63
38
33
7
86
90
11
6
33
91
93
21
76
31
35
53
49
60
79
73
53
65
83
99
82
4
81
28
74
8
68
47
57
51
26
71
51
94
94
73
73
6
10
23
72
79
78
1
30
98
60
72
69
13
34
83
25
29
33
2
99
27
62
77
96
27
92
42
63
22
11
39
38
4
51
9
76
18
19
89
66
13
49
65
62
82
36
54
9
72
1
84
52
31
95
93
72
69
98
72
29
22
28
34
91
91
31
37
10
65
58
31
90
57
49
87
57
74
46
94
70
79
89
85
60
54
16
59
85
23
18
48
56
90
7
38
81
70
46
32
37
81
90
39
87
25
43
67
40
53
37
49
45
89
86
47
54
66
88
99
65
1
71
56
47
92
46
62
75
79
75
6
89
80
2
75
71
36
57
14
73
58
17
68
36
50
57
61
24
24
59
51
85
24
56
57
65
16
14
79
12
31
12
71
58
13
84
29
18
36
29
58
43
95
39
41
88
84
70
57
57
86
39
99
35
98
51
38
55
20
40
75
72
80
76
57
25
100
65
2
68
27
38
1
70
45
79
7
52
59
66
56
95
82
89
78
41
45
4
79
27
21
9
25
48
94
76
29
21
36
46
70
84
84
5
13
72
5
33
20
83
83
70
41
20
31
81
14
65
59
52
15
25
34
78
9
24
39
8
18
99
85
66
49
67
12
62
48
47
59
48
3
73
74
59
89
16
46
57
82
74
21
44
37
81
93
24
99
46
41
70
77
28
66
30
79
96
63
69
84
28
92
19
65
89
23
9
35
39
35
77
27
84
43
73
31
64
6
23
41
27
93
10
76
7
63
5
28
54
49
94
56
67
33
100
83
13
89
27
12
30
22
89
4
8
82
82
20
17
5
41
43
11
93
40
57
79
39
95
62
73
71
86
55
76
79
6
73
35
69
18
1
51
24
52
98
62
14
43
60
87
62
77
30
82
48
25
45
37
89
63
6
40
4
85
47
68
7
96
67
90
43
98
97
29
12
89
11
56
10
82
70
75
67
20
89
83
79
71
47
22
63
98
100
36
99
63
30
93
100
51
11
37
83
65
36
77
69
54
23
7
14
95
48
80
12
57
95
65
33
90
51
7
92
35
40
29
30
16
28
11
38
7
99
90
36
28
27
89
88
96
87
67
83
56
29
6
96
22
85
64
91
36
20
64
31
20
91
7
6
44
27
37
16
65
29
35
67
79
58
50
27
66
65
42
13
67
46
37
68
5
24
16
54
37
85
89
33
86
87
23
98
91
43
2
99
76
39
89
8
90
93
42
12
70
94
84
73
68
55
2
12
15
30
71
75
67
96
86
78
67
92
81
14
50
55
21
43
5
74
52
22
96
16
46
88
14
37
55
57
77
4
30
9
70
3
18
63
76
74
61
9
66
32
37
78
40
2
93
23
67
16
65
45
95
18
95
78
11
86
15
53
9
75
43
63
3
53
64
6
52
77
81
95
100
32
78
33
32
68
36
73
72
42
15
64
36
19
63
70
11
54
21
90
53
46
62
55
39
31
68
58
24
9
95
85
99
50
100
90
91
88
58
32
87
89
64
12
85
100
45
49
93
57
41
45
61
80
47
28
30
20
8
59
21
41
15
79
35
9
81
7
61
93
69
98
92
86
60
93
7
70
19
36
38
94
52
69
94
54
16
96
26
79
16
47
2
26
93
41
94
81
59
59
41
53
42
2
99
69
98
32
24
44
42
56
23
92
14
83
61
83
75
5
80
72
41
73
3
38
56
34
89
74
75
42
96
10
23
35
9
54
6
65
13
28
37
51
29
56
47
86
94
8
6
43
87
7
62
86
41
10
77
98
37
5
89
47
47
92
55
3
52
36
84
72
54
20
15
1
17
45
4
28
9
44
29
24
84
52
62
78
23
57
63
50
22
65
23
42
98
47
50
33
30
98
16
37
67
14
62
15
7
57
99
40
2
98
36
20
71
60
57
27
42
71
43
77
93
29
18
4
27
25
49
32
71
79
57
6
92
49
91
1 459
1 908
1 984
1 1036
1 1168
1 1303
1 1482
1 1506
2 1540
4 602
4 657
4 689
4 819
4 1189
5 59
5 1386
5 1481
6 880
6 1156
6 1701
7 1339
7 1375
7 1844
8 75
8 896
8 1908
9 188
9 291
9 1333
10 890
11 566
11 693
11 991
11 1244
11 1317
11 1706
11 1725
11 1784
12 133
12 244
12 1326
13 155
13 672
14 1179
14 1646
15 1594
15 1961
17 148
17 474
17 543
17 1202
18 1076
18 1709
18 1788
18 1960
20 1985
21 1733
22 29
22 181
22 344
22 1196
22 1197
22 1419
22 1726
23 205
23 309
23 602
23 621
23 1301
23 1310
23 1830
24 1367
25 563
25 1877
26 118
26 401
26 522
26 534
26 1068
26 1464
27 77
27 969
27 1810
28 36
28 1014
28 1093
28 1228
29 353
29 669
29 695
29 1635
29 1980
30 89
30 349
30 902
31 386
31 1470
32 485
32 701
32 1300
32 1396
33 1397
33 1921
34 118
34 404
34 700
34 1033
35 537
35 1234
35 1577
36 680
36 1862
37 358
37 778
37 1248
37 1304
38 923
39 211
39 564
40 1107
41 540
41 675
41 1467
41 1605
42 1331
44 342
44 559
44 718
44 1593
44 1638
44 1819
45 725
45 1114
46 729
46 949
46 1254
46 1804
46 1954
47 153
47 635
47 692
47 1326
47 1394
48 279
48 363
48 1078
48 1298
48 1620
48 1838
49 1353
49 1893
50 884
51 939
51 1272
52 144
52 1767
52 1796
53 572
53 715
53 1054
53 1174
54 686
55 1214
55 1786
56 1589
56 1644
57 248
57 679
58 754
58 1754
58 1857
59 582
59 665
59 693
59 1365
59 1963
60 1711
60 1751
60 1871
62 1134
62 1157
63 214
63 1506
63 1781
66 200
66 1074
66 1445
66 1483
67 1122
67 1542
67 1810
68 1294
68 1358
68 1395
69 135
69 1681
70 434
70 585
71 1088
71 1461
71 1997
72 666
72 1982
73 795
73 1474
73 1488
74 293
74 381
74 802
74 864
74 1555
74 1636
74 1802
75 1121
76 1402
76 1759
77 1235
77 1559
78 261
78 942
78 1631
79 352
79 1912
80 446
81 1343
81 1438
82 405
83 463
83 647
85 1679
86 174
86 683
88 349
88 537
89 344
89 639
89 1473
90 955
90 1525
90 1806
91 447
92 944
92 1479
92 1625
93 1385
94 1791
95 466
95 731
96 190
96 621
97 269
97 1473
98 1337
99 1918
100 1115
100 1671
100 1765
100 1939
101 256
101 1658
101 1877
101 1997
102 583
102 594
102 934
103 719
103 1291
103 1755
104 303
104 1697
105 116
105 144
106 296
106 748
106 836
107 173
107 252
107 384
107 715
108 1177
108 1450
109 965
109 1394
109 1486
109 1654
110 1467
110 1962
111 1467
111 1750
111 1820
112 181
112 732
112 960
112 1934
113 120
113 1773
114 266
114 600
114 624
114 671
114 976
114 1026
115 581
115 764
115 1630
115 1752
116 270
116 866
116 1154
116 1313
116 1638
117 1795
117 1893
118 1184
118 1187
118 1903
119 608
119 712
119 929
119 1433
119 1533
121 1621
121 1762
122 264
123 148
123 472
123 764
123 1130
123 1319
123 1983
124 307
124 1578
124 1591
124 1632
124 1957
125 257
125 293
125 894
125 1259
125 1908
125 1998
126 685
126 1339
126 1973
127 377
127 1317
127 1382
129 142
129 885
129 1113
129 1288
129 1602
129 1954
130 1113
131 780
131 930
131 972
132 232
132 348
132 1735
132 1884
133 1323
134 837
134 958
135 938
135 1884
136 1159
137 1110
137 1349
137 1398
137 1816
138 481
138 1563
138 1723
139 656
140 292
142 563
142 647
142 740
142 1170
142 1384
143 396
143 605
143 676
144 287
144 309
144 365
144 479
144 1100
144 1531
144 1589
145 1457
146 170
146 545
146 1155
147 312
147 909
147 1272
148 501
148 714
148 1258
148 1692
149 537
149 1005
149 1386
149 1785
149 1829
150 1729
151 1191
151 1348
152 700
152 1052
152 1583
153 154
153 519
153 1803
153 1874
154 162
154 973
155 211
155 939
155 1463
155 1631
155 1634
155 1773
156 313
156 1941
157 1315
157 1880
158 628
158 876
158 1047
158 1064
158 1622
158 1678
158 1731
158 1752
159 806
159 1414
159 1929
160 222
160 950
160 1558
161 1707
162 234
162 674
162 682
163 1947
164 345
164 1456
164 1578
165 723
165 1118
165 1342
165 1541
166 1399
166 1847
168 432
169 913
169 1197
170 325
170 501
170 715
170 1297
170 1682
171 1402
171 1432
171 1452
171 1629
172 316
172 534
173 1162
173 1192
173 1643
173 1922
175 230
175 1783
175 1849
176 414
176 699
176 1806
176 1996
177 306
177 395
177 587
177 1170
177 1325
177 1800
178 611
178 1592
178 1753
179 584
180 372
180 1179
181 412
182 1170
183 194
183 1070
184 1080
184 1501
185 1688
186 619
186 1662
187 328
187 1932
188 780
188 1127
188 1364
188 1827
189 269
189 549
189 954
189 1395
191 380
191 1205
191 1759
192 371
192 945
192 1275
192 1433
192 1598
193 490
193 763
193 787
193 1071
193 1611
194 434
194 472
194 1452
196 197
196 495
196 1577
196 1582
197 1288
197 1460
197 1699
199 1083
199 1180
200 380
200 723
200 848
201 637
202 1169
202 1916
203 1037
203 1703
204 1978
207 1000
207 1793
207 1832
208 665
208 1189
208 1827
209 213
209 960
209 1080
210 1207
210 1865
211 356
211 1460
211 1853
212 483
212 938
213 456
213 849
213 859
214 1072
214 1309
215 992
216 397
216 805
217 1709
218 908
218 1008
218 1178
218 1189
218 1468
219 675
219 762
219 1251
219 1290
219 1915
220 1805
221 545
221 1187
221 1372
221 1522
221 1681
222 260
222 576
223 1092
223 1782
224 751
224 1674
224 1681
224 1759
225 329
225 751
225 1401
226 302
226 498
226 579
226 708
227 609
227 1755
228 555
228 901
229 549
229 1936
231 242
233 470
233 1276
233 1418
233 1427
233 1537
234 319
235 453
235 605
236 1230
236 1883
237 669
238 444
238 832
238 840
239 1840
240 1079
240 1491
240 1567
241 820
241 1340
242 255
242 625
242 1211
242 1473
243 257
244 726
244 1859
245 1623
246 807
246 1119
246 1356
246 1696
247 939
247 1618
247 1869
248 604
249 397
249 1883
250 557
250 696
250 716
250 1041
250 1089
250 1101
250 1640
250 1756
250 1832
250 1917
251 614
251 1395
252 950
252 1305
252 1387
252 1587
252 1882
252 1925
253 1340
253 1394
253 1399
253 1482
253 1806
254 410
254 578
254 942
254 1442
254 1576
255 923
255 1024
255 1430
255 1704
255 1713
256 265
256 633
256 1256
257 544
257 700
257 1068
257 1369
258 1488
259 1643
260 996
260 1735
260 1951
261 836
262 435
262 1006
263 280
263 406
263 1381
263 1617
263 1634
263 1859
264 431
264 581
264 1255
266 726
267 828
268 791
268 1255
269 473
269 1307
269 1497
269 1517
269 1675
270 392
270 1251
270 1674
270 1716
271 900
271 1514
272 531
272 658
272 805
272 1279
273 1163
274 614
274 1523
276 325
276 1113
276 1688
277 847
277 967
278 658
278 714
278 1402
279 760
279 1250
280 680
280 1511
280 1713
281 381
281 803
281 977
281 1804
283 693
283 1354
284 402
284 1863
285 903
285 1079
285 1194
285 1503
285 1524
285 1576
285 1954
287 473
288 606
288 1107
288 1870
289 622
289 1819
289 1882
290 673
290 716
290 1080
290 1718
291 1387
291 1446
291 1537
291 1561
291 1678
292 1082
292 1153
293 1685
294 735
294 1292
294 1367
294 1685
295 1300
296 394
296 487
296 597
296 843
296 1648
296 1801
297 1025
297 1476
298 328
298 1135
298 1259
299 478
299 790
300 758
300 1884
301 531
301 1939
302 1872
302 1892
303 378
303 1824
304 568
304 1067
304 1309
304 1786
304 1852
305 688
305 1631
306 728
306 1326
306 1462
307 863
307 1529
308 1144
308 1548
308 1643
309 557
309 894
309 1071
310 334
310 1355
311 1172
312 331
312 1051
312 1675
312 1757
312 1835
314 889
314 1924
315 735
315 1369
315 1979
316 664
316 928
316 1152
317 644
317 1234
318 553
318 570
318 899
318 1620
319 1484
320 389
320 550
320 605
320 1280
320 1872
321 1601
321 1769
323 1358
325 478
325 609
325 1224
325 1683
325 1726
326 984
326 1323
326 1916
327 1634
327 1826
328 533
328 1108
329 865
329 1442
329 1443
329 1567
330 539
331 1272
332 1219
333 353
333 1674
334 477
335 435
335 704
335 1149
335 1398
336 1189
337 1057
337 1867
338 351
338 796
338 1487
338 1976
341 380
341 1737
341 1868
342 1430
342 1652
342 1857
343 1209
343 1605
344 1253
345 382
345 469
345 561
345 994
345 1701
346 423
346 488
346 1281
347 441
347 799
347 1198
347 1386
347 1559
347 1784
347 1859
348 517
348 1435
348 1627
348 1800
348 1862
349 595
349 900
349 1232
349 1924
349 1945
350 856
350 1062
350 1500
351 571
351 573
351 1261
351 1611
352 922
354 591
354 1059
356 796
356 861
356 1405
356 1727
356 1797
357 1398
357 1470
357 1920
358 437
359 911
359 1361
359 1854
360 1350
360 1635
361 494
361 594
361 1064
362 673
362 1062
362 1160
363 599
363 759
363 972
363 1380
363 1844
363 1853
364 1094
365 800
365 1247
365 1377
366 885
366 1361
366 1372
367 434
367 1530
368 564
368 1210
368 1805
369 1497
369 1565
370 1202
370 1515
370 1705
371 830
372 1025
372 1650
373 1813
373 1837
374 1195
375 391
375 761
376 413
376 674
376 1922
377 668
377 1997
378 566
378 1838
379 664
379 1485
380 1491
381 470
381 576
381 1017
381 1346
381 1533
381 1588
381 1855
382 1110
383 1776
384 1241
384 1836
385 655
386 1903
387 676
387 1344
387 1494
388 715
388 854
389 768
389 1471
390 985
390 1437
391 1170
393 873
394 1817
396 1051
396 1555
396 1698
397 1614
398 789
399 579
399 721
399 744
399 1580
399 1704
400 1016
400 1583
401 1460
402 1609
402 1624
402 1803
403 498
403 795
403 1349
403 1964
404 618
404 931
404 1810
405 445
405 749
405 983
405 1018
405 1738
405 1751
405 1894
406 522
406 1087
406 1336
406 1360
406 1606
408 1262
409 1378
409 1410
409 1473
410 1348
411 1412
412 1337
412 1768
413 841
413 989
413 1182
414 442
414 1072
414 1998
415 1070
415 1558
415 1564
416 1148
416 1451
416 1819
417 1035
417 1617
418 541
418 696
418 1032
418 1276
418 1520
419 933
419 994
420 581
420 840
420 1314
420 1582
421 425
421 570
421 1618
422 429
422 514
422 761
422 861
422 1068
422 1772
423 1275
424 906
424 1983
425 1113
425 1812
426 725
426 1954
427 760
428 1179
429 1301
429 1697
430 1176
430 1273
431 855
431 1360
431 1735
431 1814
432 1899
433 1544
433 1598
433 1792
434 535
434 1634
435 1097
437 1029
438 755
438 1784
438 1913
439 1208
439 1503
440 594
440 641
440 890
440 1119
440 1543
441 570
441 645
441 1025
441 1280
441 1357
441 1977
442 583
442 885
442 1320
442 1961
443 753
443 1621
443 1747
443 1789
444 562
444 1241
444 1529
444 1619
445 520
445 1657
446 1656
446 1759
447 458
449 718
449 1228
449 1238
449 1764
451 741
451 835
451 1304
452 1180
453 715
453 1277
453 1403
453 1724
454 555
455 961
455 1643
456 1245
457 564
457 1477
457 1942
458 789
459 707
459 772
459 1343
459 1586
459 1595
460 580
460 723
460 1177
460 1678
461 667
461 1731
461 1990
462 1155
462 1418
462 1459
463 552
463 1074
463 1406
464 681
464 1051
464 1535
464 1622
464 1941
465 1254
466 1772
467 1033
467 1249
468 598
468 1113
468 1345
469 616
469 1180
469 1254
470 1330
470 1764
471 698
471 976
471 1311
471 1449
471 1474
472 494
472 1225
472 1268
472 1578
472 1884
473 813
473 1245
474 595
474 706
474 1396
474 1828
475 496
475 585
475 1920
476 653
476 877
476 1999
477 633
477 1325
478 1935
480 626
480 1065
480 1743
481 982
481 1421
482 969
482 1158
482 1258
483 673
483 1246
483 1676
483 1725
483 1962
484 687
484 823
484 1229
484 1608
485 1541
485 1573
486 579
486 1330
487 726
487 1132
487 1828
488 844
488 1839
488 1846
488 1966
490 667
490 986
490 1659
491 1145
491 1524
492 1213
494 519
494 1501
494 1808
496 940
497 947
497 1148
497 1869
498 662
498 1535
498 1973
499 1694
500 1305
500 1782
501 941
501 1243
501 1286
502 743
502 748
503 608
503 740
503 1147
503 1201
503 1577
504 1375
504 1589
505 1148
505 1796
505 1804
506 777
506 1130
506 1526
507 852
507 1363
507 1399
507 1501
507 1534
507 1697
508 1263
508 1291
508 1726
509 725
509 1157
509 1222
509 1540
509 1808
510 570
511 1351
511 1474
511 1633
512 770
512 901
512 1268
513 760
513 968
513 1058
513 1430
513 1774
513 1870
514 606
514 1551
515 732
515 1050
515 1133
515 1898
516 1985
516 1990
517 937
517 1803
518 838
519 530
519 1053
519 1465
519 1626
519 1730
520 740
520 1345
520 1432
520 1468
520 1648
520 1739
521 902
521 1127
521 1258
522 523
522 1185
522 1748
522 1775
523 1479
523 1717
523 1766
524 1476
524 1811
525 799
525 1234
525 1328
525 1907
526 872
527 673
527 996
527 1674
528 545
528 593
528 959
529 855
529 1229
529 1830
530 1075
530 1648
531 1716
531 1780
533 1255
534 730
535 1083
535 1554
536 655
536 1294
536 1484
536 1768
537 939
537 1748
539 571
539 1085
540 541
540 1031
540 1364
542 715
543 1109
543 1299
543 1755
545 889
546 702
546 1819
547 557
547 1603
547 1865
548 1258
548 1580
549 736
549 1365
549 1791
550 1289
551 1436
552 896
552 1377
553 563
553 962
553 1350
555 1225
556 770
556 1752
558 1186
558 1458
558 1480
559 572
559 1112
559 1710
561 1721
561 1837
561 1923
562 1183
562 1396
562 1543
562 1645
563 926
563 1171
564 1053
565 904
565 1412
565 1545
565 1569
566 1388
567 580
567 828
567 1203
567 1785
568 742
568 790
568 1057
568 1221
569 640
569 689
569 972
570 876
570 1638
571 697
571 726
571 1336
573 794
573 886
573 889
574 1549
574 1744
574 1916
575 729
575 991
575 1102
575 1610
575 1705
576 603
576 905
576 1830
577 781
577 1050
578 1836
580 1926
581 866
581 1265
582 1655
583 1056
584 1209
584 1840
585 626
585 748
585 825
586 991
586 1530
586 1673
587 614
587 1461
587 1632
587 1840
587 1882
588 836
588 1263
588 1903
589 911
589 1759
590 626
590 956
590 1573
591 1044
591 1240
592 915
592 1248
593 706
594 1088
596 1590
596 1958
597 1374
598 933
598 1275
598 1968
599 857
599 1707
600 955
600 1143
600 1358
600 1609
601 1096
603 1492
604 847
604 1332
606 1777
607 886
607 1040
607 1141
607 1781
608 703
608 813
608 1105
608 1432
608 1805
609 1135
609 1183
609 1361
610 705
611 1535
611 1836
611 1854
612 634
612 748
612 1471
612 1533
613 891
614 824
614 1182
615 1715
616 1002
616 1704
617 642
617 1268
617 1700
617 1912
619 1134
619 1524
619 1924
620 970
620 1305
620 1673
620 1822
621 1428
621 1944
622 890
622 1029
622 1202
622 1619
623 741
623 1416
624 669
624 1628
624 1907
625 1626
626 1171
626 1342
628 1017
629 863
629 977
629 1810
630 1579
631 1695
632 714
632 1344
633 1350
633 1540
633 1762
633 1932
634 642
634 1026
634 1277
634 1984
635 1480
635 1756
636 826
636 1800
637 909
637 1874
638 646
638 931
638 1038
638 1357
638 1360
638 1743
639 1195
639 1484
639 1879
640 1551
641 840
641 1172
641 1367
641 1431
641 1739
642 1885
643 739
644 874
644 1304
644 1386
644 1546
645 655
645 906
645 1455
645 1555
647 1014
647 1446
647 1824
648 792
648 943
648 1739
649 955
649 1234
649 1791
649 1847
650 831
650 1999
652 699
653 848
653 1316
654 1289
654 1467
655 830
655 1301
655 1378
655 1734
656 744
656 968
656 1339
657 891
657 953
657 1059
657 1676
657 1807
658 787
659 1281
659 1287
660 1652
661 882
661 1238
662 679
662 871
662 910
662 1096
663 1026
663 1703
664 949
664 1582
664 1843
665 707
665 742
665 1827
666 1198
666 1350
666 1524
666 1704
666 1837
667 1184
667 1596
668 1755
669 792
669 807
669 1039
669 1188
670 702
671 1195
671 1875
672 959
673 1368
674 1160
675 1751
676 1055
676 1151
676 1299
676 1574
677 841
677 939
677 1286
678 1496
679 821
679 1290
679 1896
680 1112
680 1477
682 1193
682 1470
682 1748
682 1844
683 1478
684 1554
686 833
686 1091
686 1768
687 1307
688 1061
689 1223
690 1128
691 782
691 1538
692 1251
692 1710
692 1817
692 1857
693 1544
693 1783
693 1994
694 1794
694 1875
695 1108
695 1412
696 1358
696 1617
697 1200
698 737
699 1650
699 1666
699 1672
700 734
701 1091
701 1319
701 1679
701 1889
702 1167
702 1820
702 1955
703 798
703 1843
704 867
704 1027
704 1659
705 871
705 934
705 1164
705 1697
706 814
706 1694
707 1504
707 1657
708 1194
708 1563
708 1574
709 1488
710 1075
710 1147
711 1117
711 1146
712 1417
713 895
714 1359
714 1912
715 1391
715 1953
715 1998
716 749
716 1045
716 1250
717 1385
717 1409
718 746
718 1228
719 1442
719 1722
720 1765
721 1885
722 1268
723 1080
723 1336
723 1345
723 1425
723 1814
724 959
724 1176
724 1288
725 904
726 886
726 1462
726 1648
726 1739
727 728
727 1328
727 1460
728 855
728 1034
728 1961
729 889
730 988
730 1421
730 1686
731 1075
731 1494
731 1913
732 1106
732 1735
733 986
733 1801
733 1995
734 1292
734 1834
735 1855
738 1540
739 1256
739 1480
739 1570
740 1232
740 1715
742 948
743 1859
744 849
744 1168
744 1416
744 1699
745 912
745 1200
745 1923
747 1181
748 1883
749 903
749 1257
749 1411
749 1666
750 823
750 994
750 1208
751 1219
752 921
752 1063
753 1196
753 1800
753 1893
755 892
755 1622
756 1928
759 1475
759 1727
759 1907
759 1920
760 973
760 1441
760 1499
761 774
762 995
762 1455
762 1957
763 788
763 1900
764 851
764 865
764 1013
764 1825
765 915
765 1038
766 1394
767 859
767 1637
767 1643
768 1090
768 1130
768 1175
768 1755
769 1287
770 1364
771 1873
773 846
773 1426
773 1869
774 999
774 1556
774 1906
775 1516
777 885
778 810
778 1625
779 1712
780 1449
780 1986
781 1036
781 1120
781 1945
782 1736
784 941
784 1353
784 1526
785 1947
786 1831
787 1258
787 1390
787 1567
788 1575
788 1937
789 1900
791 1895
792 1199
793 1683
794 1911
795 1327
796 1445
797 1346
797 1802
799 1033
799 1723
800 1471
801 811
801 1277
801 1421
801 1752
802 1104
802 1946
803 999
803 1380
803 1624
803 1887
804 1989
805 1563
806 1164
806 1565
806 1824
806 1944
808 1133
808 1495
808 1551
808 1909
809 1087
809 1155
810 853
812 1594
813 1139
814 1187
814 1346
815 883
815 898
815 1265
815 1316
816 1455
819 1198
819 1723
819 1955
819 1987
820 1669
821 1050
821 1190
822 1634
822 1708
823 1414
824 1160
824 1812
825 861
825 1642
827 1205
828 980
828 1076
828 1261
828 1314
828 1706
829 1075
829 1916
830 1280
830 1684
831 1446
831 1757
833 1219
833 1948
834 846
834 1058
834 1291
835 998
836 949
836 1307
837 1058
839 983
839 1280
839 1309
839 1727
840 1929
841 1825
842 1764
842 1778
844 904
844 1135
846 1908
847 1410
848 936
848 1618
848 1815
849 1257
849 1459
851 1387
851 1468
852 1778
852 1937
853 983
853 1298
853 1610
855 916
855 1692
855 1927
856 1486
857 1461
857 1950
858 1984
861 1565
862 1127
862 1188
862 1195
862 1777
862 1962
863 1348
863 1380
864 1245
864 1936
865 1136
865 1977
866 1019
866 1312
867 1925
868 1184
869 957
869 1067
870 1246
870 1409
870 1435
871 1368
871 1579
871 1745
873 1142
874 1768
875 1619
875 1888
877 1470
877 1522
878 1138
878 1665
880 1197
880 1485
881 1174
881 1652
883 1126
883 1415
885 969
885 1159
885 1262
885 1633
887 1328
887 1969
889 1017
889 1310
889 1626
890 1050
891 1250
891 1780
892 1498
892 1549
893 952
893 1314
894 1624
895 1016
895 1241
896 1243
896 1272
897 1560
897 1649
897 1669
897 1695
897 1826
898 1331
899 1262
899 1510
900 994
900 1356
900 1502
901 1787
902 1126
902 1781
903 1101
904 1122
904 1185
904 1348
906 1017
906 1345
906 1596
907 913
907 1205
907 1523
908 1822
908 1824
910 1301
911 1047
912 1003
912 1310
914 1160
914 1161
914 1269
914 1739
914 1823
915 1101
915 1964
916 958
916 984
916 987
916 1181
917 1396
923 1414
925 1043
925 1746
926 1244
927 1138
927 1815
929 1591
930 1490
930 1608
932 950
932 1419
932 1594
933 1406
934 1354
934 1977
935 1856
935 1902
936 1173
936 1769
937 1743
938 1736
940 1042
941 959
942 1465
943 1206
944 1443
945 976
945 1921
946 1117
946 1965
947 1977
948 1452
950 971
950 1743
951 1119
952 1037
952 1441
952 1859
953 1808
953 1879
955 1084
955 1255
957 1077
957 1305
959 1355
959 1513
961 1363
961 1479
963 1320
963 1941
964 1376
965 1497
966 1225
966 1341
966 1719
967 1808
968 1024
968 1405
969 988
969 1788
970 1899
972 1986
974 1826
976 1333
976 1347
976 1916
978 1597
979 1225
981 1899
982 1554
983 1046
983 1638
984 1136
984 1338
985 1133
985 1841
985 1978
987 1431
988 1559
990 1961
990 1972
991 1104
991 1184
991 1329
992 1580
992 1661
993 1310
994 1796
995 1707
998 1145
998 1299
998 1323
998 1636
999 1892
1000 1308
1000 1663
1001 1886
1002 1380
1002 1889
1005 1658
1006 1128
1006 1227
1006 1269
1006 1346
1006 1743
1006 1758
1007 1472
1008 1031
1008 1037
1008 1286
1008 1464
1012 1215
1012 1519
1014 1017
1014 1707
1015 1048
1015 1291
1015 1458
1016 1085
1016 1451
1017 1504
1018 1182
1018 1261
1018 1777
1018 1974
1019 1253
1019 1328
1021 1471
1022 1504
1023 1175
1024 1880
1025 1919
1026 1850
1027 1733
1028 1057
1028 1991
1029 1122
1029 1771
1031 1369
1031 1905
1032 1307
1032 1690
1033 1060
1033 1240
1033 1630
1034 1419
1034 1432
1035 1682
1036 1848
1036 1977
1036 1996
1037 1847
1037 1852
1038 1219
1038 1604
1039 1866
1043 1363
1043 1700
1044 1153
1045 1585
1045 1670
1047 1555
1047 1569
1050 1085
1050 1361
1052 1072
1052 1503
1053 1972
1054 1187
1054 1332
1055 1169
1055 1698
1055 1796
1056 1426
1056 1582
1057 1199
1058 1108
1060 1438
1060 1646
1060 1749
1060 1973
1062 1513
1062 1866
1063 1193
1063 1344
1063 1976
1064 1532
1065 1364
1066 1994
1067 1070
1067 1081
1068 1309
1068 1819
1070 1585
1070 1895
1071 1118
1071 1189
1073 1868
1074 1242
1075 1336
1077 1905
1078 1498
1078 1605
1078 1914
1080 1544
1080 1990
1082 1936
1084 1905
1086 1220
1086 1541
1086 1714
1086 1730
1087 1804
1088 1345
1089 1726
1089 1910
1090 1104
1091 1191
1091 1828
1092 1755
1093 1234
1093 1729
1093 1761
1095 1416
1096 1570
1098 1510
1099 1581
1100 1170
1100 1179
1101 1741
1101 1886
1102 1941
1103 1733
1105 1959
1106 1574
1107 1893
1109 1314
1109 1327
1109 1411
1109 1782
1109 1978
1111 1201
1111 1811
1111 1947
1112 1403
1112 1986
1113 1341
1115 1270
1115 1413
1116 1142
1116 1541
1117 1316
1120 1845
1123 1191
1123 1277
1123 1293
1123 1671
1125 1514
1126 1214
1127 1504
1128 1325
1128 1417
1128 1620
1128 1984
1130 1645
1131 1396
1132 1213
1134 1329
1134 1848
1134 1875
1135 1948
1136 1392
1136 1539
1138 1514
1138 1836
1139 1928
1140 1583
1141 1745
1141 1837
1142 1232
1142 1304
1142 1712
1142 1739
1142 1982
1143 1190
1143 1238
1144 1972
1146 1194
1146 1276
1146 1475
1146 1726
1147 1264
1148 1750
1148 1820
1149 1231
1151 1346
1152 1275
1154 1191
1154 1351
1154 1491
1154 1536
1155 1516
1155 1750
1158 1282
1160 1552
1161 1531
1161 1653
1161 1739
1163 1237
1163 1477
1164 1474
1165 1185
1165 1403
1167 1491
1167 1849
1170 1296
1170 1575
1170 1952
1171 1387
1172 1477
1174 1321
1174 1872
1177 1702
1179 1346
1181 1544
1181 1923
1183 1516
1183 1959
1184 1723
1186 1679
1186 1810
1188 1245
1190 1468
1190 1489
1190 1700
1192 1265
1192 1324
1192 1869
1193 1363
1193 1854
1195 1202
1197 1563
1197 1632
1198 1230
1198 1469
1198 1766
1199 1484
1199 1918
1199 1943
1203 1895
1204 1998
1205 1222
1205 1584
1206 1732
1206 1736
1208 1480
1209 1563
1209 1640
1209 1875
1210 1414
1210 1607
1214 1310
1214 1493
1214 1512
1214 1584
1215 1669
1216 1429
1216 1765
1217 1673
1218 1344
1219 1228
1219 1765
1221 1466
1222 1734
1222 1875
1223 1877
1227 1617
1230 1674
1232 1403
1232 1723
1233 1701
1233 1882
1235 1310
1235 1579
1235 1831
1236 1636
1236 1978
1239 1763
1240 1836
1241 1413
1241 1473
1242 1429
1242 1621
1242 1653
1242 1898
1243 1960
1244 1271
1244 1523
1246 1305
1246 1333
1246 1435
1246 1473
1247 1729
1249 1589
1253 1480
1255 1677
1256 1405
1256 1663
1256 1768
1256 1972
1257 1638
1258 1347
1259 1564
1259 1626
1260 1280
1262 1556
1262 1689
1263 1596
1267 1717
1268 1573
1268 1720
1269 1522
1269 1690
1271 1815
1272 1676
1275 1517
1276 1530
1278 1627
1279 1618
1280 1411
1283 1542
1283 1644
1283 1799
1284 1780
1284 1953
1286 1658
1288 1532
1288 1560
1290 1596
1291 1613
1292 1775
1293 1451
1296 1561
1296 1834
1298 1717
1298 1798
1300 1478
1300 1700
1301 1501
1305 1438
1305 1648
1306 1357
1306 1495
1306 1885
1307 1622
1307 1968
1307 1973
1312 1582
1312 1932
1313 1626
1313 1824
1314 1465
1314 1650
1315 1318
1315 1760
1316 1822
1319 1705
1320 1689
1322 1771
1325 1485
1327 1708
1328 1389
1328 1500
1330 1623
1331 1713
1334 1818
1335 1898
1336 1506
1336 1863
1337 1687
1338 1511
1338 1617
1338 1706
1339 1484
1339 1754
1339 1789
1340 1494
1342 1493
1342 1735
1342 1980
1345 1617
1345 1774
1345 1874
1346 1573
1347 1453
1348 1948
1349 1908
1350 1839
1352 1562
1352 1713
1353 1477
1354 1937
1354 1997
1356 1422
1356 1676
1358 1440
1358 1883
1358 1954
1360 1371
1363 1519
1363 1594
1363 1603
1364 1467
1364 1536
1366 1541
1368 1752
1368 1782
1370 1468
1370 1708
1371 1449
1372 1432
1372 1884
1373 1687
1375 1579
1376 1675
1377 1835
1378 1955
1380 1834
1382 1725
1383 1998
1384 1682
1386 1759
1387 1857
1389 1921
1391 1566
1392 1644
1393 1606
1393 1611
1394 1458
1394 1977
1399 1619
1399 1621
1402 1444
1404 1893
1409 1913
1410 1701
1412 1475
1416 1757
1416 1853
1418 1460
1421 1596
1421 1646
1421 1688
1421 1703
1421 1775
1422 1608
1422 1673
1423 1882
1427 1901
1429 1450
1430 1651
1430 1659
1430 1986
1432 1438
1433 1498
1434 1809
1435 1614
1435 1738
1436 1995
1437 1500
1438 1590
1439 1995
1442 1770
1446 1675
1447 1507
1447 1746
1453 1667
1455 1640
1455 1742
1456 1672
1457 1689
1457 1916
1459 1846
1461 1502
1461 1604
1461 1801
1461 1956
1467 1798
1468 1713
1474 1622
1477 1785
1478 1712
1482 1738
1484 1750
1486 1507
1486 1968
1487 1709
1489 1529
1490 1520
1490 1554
1491 1596
1493 1639
1493 1873
1494 1834
1495 1636
1497 1580
1497 1920
1503 1798
1504 1894
1507 1729
1507 1843
1508 1887
1508 1888
1512 1962
1513 1684
1513 1804
1513 1908
1514 1663
1514 1748
1515 1753
1517 1698
1517 1872
1518 1621
1518 1822
1518 1836
1519 1818
1523 1698
1523 1877
1525 1854
1526 1606
1526 1994
1531 1892
1532 1690
1532 1757
1533 1651
1533 1728
1535 1880
1536 1770
1537 1663
1537 1792
1538 1587
1539 1598
1542 1555
1542 1770
1542 1854
1545 1968
1549 1910
1550 1753
1553 1901
1557 1645
1557 1969
1559 1762
1559 1935
1560 1714
1563 1897
1564 1948
1565 1916
1566 1860
1571 1795
1571 1932
1572 1801
1573 1713
1574 1995
1578 1883
1580 1671
1580 1728
1580 1920
1581 1834
1582 1848
1582 1867
1582 1974
1585 1614
1585 1654
1586 1690
1592 1652
1592 1830
1592 1968
1595 1820
1597 1626
1598 1872
1603 1814
1604 1943
1604 1981
1606 1860
1608 1927
1615 1859
1622 1764
1624 1685
1624 1909
1625 1863
1630 1654
1630 1676
1633 1815
1636 1818
1637 1813
1643 1967
1645 1867
1648 1939
1650 1713
1657 1866
1663 1939
1668 1957
1669 1859
1671 1678
1672 1871
1674 1858
1674 1953
1674 1976
1679 1892
1685 1874
1685 1949
1688 1909
1691 1852
1697 1792
1700 1829
1704 1844
1705 1821
1707 1778
1710 1826
1712 1843
1712 1882
1714 1853
1720 1978
1725 1896
1727 1870
1730 1796
1731 1737
1731 1801
1740 1864
1744 1814
1745 1749
1747 1824
1747 1834
1756 1773
1759 1856
1760 1884
1761 1783
1764 1889
1765 1882
1774 1952
1776 1980
1780 1799
1780 1821
1785 1824
1786 1967
1789 1838
1793 1939
1795 1880
1797 1925
1806 1979
1812 1873
1813 1902
1813 1913
1816 1851
1817 1878
1823 1839
1830 1909
1833 1868
1834 1855
1837 1992
1839 1918
1847 1954
1878 1957
1886 1967
1887 1971
1892 1920
1894 1903
1898 1958
1908 1925
1919 1955
1922 1928
1926 1949
1930 1961
1932 1954
1934 1978
1938 1944
1940 1990
1957 1971
1964 1969
1968 1985
1973 1976
