2000 2954
10
87
82
34
93
58
62
44
75
68
80
32
58
78
37
28
22
59
87
74
30
21
56
78
53
6
24
89
46
73
52
70
38
5
95
82
18
80
31
61
88
12
32
23
1
46
76
84
97
24
36
3
38
7
17
63
99
23
56
26
73
80
53
100
18
42
72
2
46
83
30
24
27
37
72
93
53
84
16
10
12
48
88
85
10
74
48
99
26
28
57
61
84
12
30
38
70
53
31
32
37
58
67
31
23
58
16
22
21
51
15
82
16
60
1
84
89
21
38
41
54
66
96
86
33
22
62
22
94
12
24
69
80
19
56
88
53
90
52
98
31
2
9
23
9
1
18
51
25
71
12
51
75
32
13
3
6
60
81
25
100
32
82
56
68
48
35
35
56
93
62
30
59
70
28
30
100
95
72
19
77
27
35
38
93
16
78
62
84
88
31
21
8
89
93
17
79
82
39
22
80
57
98
27
51
64
60
50
6
36
93
55
23
69
73
30
26
79
78
50
42
49
80
43
69
39
47
50
1
47
58
73
19
20
39
35
49
92
100
80
27
94
68
17
31
22
74
1
8
71
63
72
58
8
63
93
5
28
75
12
88
27
85
19
40
59
43
30
20
26
35
1
92
89
80
41
37
76
26
42
58
89
1
6
23
77
50
11
42
82
62
31
42
45
22
29
44
30
5
2
77
99
98
2
27
75
70
73
46
15
15
51
13
77
30
97
8
96
25
41
33
90
64
13
25
54
37
81
45
44
77
37
39
48
85
83
1
78
77
92
81
65
11
65
68
10
68
52
86
55
40
52
34
95
59
28
7
79
16
24
44
56
45
69
81
58
46
61
84
29
30
77
35
64
57
23
69
33
63
28
14
84
35
48
46
31
15
35
4
66
82
32
33
73
45
71
66
31
81
29
69
62
90
60
38
21
17
13
55
70
76
67
10
60
19
64
76
91
88
92
81
45
51
17
48
40
93
9
39
16
100
63
37
25
80
35
11
35
70
69
77
16
100
72
95
70
89
14
50
39
29
47
55
91
64
61
10
12
97
37
98
30
36
76
18
26
99
79
13
64
65
87
81
1
73
42
58
55
81
8
70
90
9
66
7
95
63
66
27
86
99
27
8
34
10
71
56
53
24
66
1
75
50
14
52
99
77
28
88
79
2
2
6
74
90
47
97
41
20
51
41
23
90
36
49
45
5
80
61
76
74
57
15
70
50
8
85
38
8
66
28
62
90
19
64
27
13
26
45
2
27
13
37
100
61
91
99
100
11
82
14
20
74
94
86
25
75
81
19
49
95
58
43
35
23
71
8
79
95
53
21
35
25
25
100
3
16
38
57
43
2
100
15
40
97
2
68
87
40
18
26
3
33
91
46
55
43
70
25
25
40
94
99
84
89
73
19
53
79
17
72
84
28
40
97
33
8
46
26
56
30
74
37
67
91
72
56
1
14
59
66
18
76
88
89
41
9
88
81
66
57
24
33
86
59
97
31
26
8
10
37
95
19
5
8
79
5
30
45
15
53
68
75
44
7
98
37
40
70
37
93
50
13
60
43
49
16
32
33
39
29
79
1
75
76
3
53
58
12
12
51
41
47
57
2
78
39
46
12
8
76
58
76
81
37
13
23
12
50
90
92
73
4
72
18
90
55
3
99
49
50
98
80
26
34
70
53
90
52
38
66
97
1
25
65
83
21
27
30
81
78
76
59
72
33
43
47
4
58
14
36
49
47
5
59
2
34
25
93
85
43
48
100
27
65
16
94
54
40
80
69
45
25
49
79
49
64
66
78
85
82
18
35
19
4
28
8
55
84
40
93
32
2
100
65
18
19
61
94
2
35
30
69
43
30
20
11
35
93
97
34
66
29
22
41
46
69
1
5
68
19
65
10
1
65
68
65
55
90
72
8
65
82
24
59
18
11
86
88
8
23
27
73
86
26
68
8
81
35
24
54
27
59
22
58
73
76
66
31
76
64
85
52
1
67
5
51
95
4
28
75
57
47
25
37
15
34
83
59
40
21
76
11
3
84
83
6
22
50
99
25
75
70
6
12
43
98
13
79
91
75
90
38
88
62
84
76
69
10
18
19
15
80
87
98
55
40
59
75
82
48
81
12
81
69
75
75
14
98
4
72
64
97
4
8
31
12
47
58
91
78
64
38
93
39
97
75
42
4
36
74
25
62
22
54
43
10
76
65
22
59
35
94
97
84
58
69
59
89
27
64
99
5
92
77
84
43
1
75
98
13
95
10
41
76
1
93
57
27
59
95
65
4
84
52
94
7
48
21
17
6
13
1
41
38
30
61
45
67
63
100
60
36
73
39
75
97
25
38
18
38
89
62
25
28
11
69
86
25
22
2
35
45
49
82
32
7
32
41
4
60
15
41
79
37
61
1
7
57
1
93
15
83
99
31
5
45
13
95
53
17
51
26
73
85
12
85
79
18
70
99
67
49
69
54
85
67
31
90
55
45
59
34
52
19
69
71
6
100
64
66
9
87
66
39
100
84
76
15
60
81
42
6
82
22
29
73
62
34
26
2
37
87
15
62
85
80
27
75
1
74
5
49
41
79
16
25
14
66
61
46
33
94
75
17
50
29
36
94
74
78
14
23
63
83
65
50
10
59
3
9
45
17
64
45
61
88
32
16
88
9
84
82
57
67
17
57
39
88
42
48
88
56
86
10
72
92
13
10
80
28
24
53
78
96
56
8
79
66
78
29
34
67
52
61
58
45
28
57
98
4
25
93
49
98
92
60
44
41
16
29
9
22
93
67
36
68
72
39
39
9
13
100
57
66
30
66
50
38
48
32
41
13
5
82
40
74
54
80
72
18
34
95
100
29
91
16
12
89
24
46
20
40
51
9
91
64
99
72
40
44
29
34
88
64
39
96
84
43
14
83
7
28
42
59
24
87
55
11
66
81
3
92
49
20
24
5
6
32
12
9
86
23
18
33
15
59
79
90
62
19
59
21
15
61
73
54
40
60
80
73
65
64
7
91
24
83
21
43
35
20
52
57
42
69
84
56
24
55
8
31
51
62
44
30
23
91
63
95
51
89
12
24
94
43
83
49
52
93
51
80
2
47
8
26
58
83
30
26
9
35
76
27
46
76
30
42
38
98
42
64
53
56
7
27
95
34
77
62
48
22
24
86
25
68
10
6
40
22
47
100
45
44
46
89
42
50
79
54
63
18
72
24
94
69
28
60
53
69
74
16
51
29
36
12
56
29
47
8
55
76
12
84
66
19
79
39
57
94
96
13
1
48
14
14
42
52
56
51
51
72
46
66
36
32
10
13
37
14
39
76
96
58
51
76
39
55
81
37
44
53
78
24
73
4
78
65
86
89
32
69
27
32
73
71
75
41
67
7
28
36
65
52
7
69
90
44
5
33
59
9
31
91
39
97
6
77
9
75
67
96
71
70
23
94
53
42
4
40
47
40
37
81
61
10
45
75
55
84
9
83
29
32
90
66
81
5
90
48
94
37
92
62
8
60
77
83
87
67
95
56
50
45
3
58
80
83
19
99
95
69
60
26
74
51
29
14
5
8
25
92
3
13
66
73
7
22
45
76
23
39
57
79
96
73
37
42
43
27
84
91
50
57
37
27
6
25
34
13
98
97
62
39
88
35
54
25
69
46
57
79
18
29
100
36
18
8
60
13
3
12
80
32
51
15
3
87
7
3
96
41
30
12
70
15
94
67
81
70
98
63
24
45
72
56
98
74
19
35
87
9
63
20
68
66
73
14
92
18
67
8
100
87
56
89
99
57
45
27
28
64
21
53
99
61
92
2
73
31
10
45
64
67
92
20
88
16
2
48
48
56
81
54
49
75
26
8
75
2
73
100
17
78
95
10
4
49
85
87
76
81
53
24
33
80
54
49
58
45
85
64
28
98
82
24
10
86
27
85
18
16
96
37
82
86
84
3
84
73
14
26
31
63
82
24
21
21
19
5
32
59
52
30
8
88
86
23
53
58
38
18
61
91
30
71
49
11
48
88
13
74
24
58
19
99
89
80
42
60
5
62
16
30
100
85
91
2
31
90
85
36
59
91
47
86
48
34
17
59
76
3
27
19
41
81
50
36
16
50
83
25
67
36
43
21
47
43
98
45
92
82
24
50
10
70
61
13
97
67
8
23
22
56
42
99
13
39
83
81
20
41
22
11
45
69
9
11
13
69
77
85
42
18
63
74
81
17
83
12
49
5
13
93
9
5
23
27
21
49
54
97
77
69
73
60
91
19
59
20
56
35
76
70
46
19
92
94
66
56
43
57
4
46
46
9
64
74
55
69
24
65
42
2
60
77
13
53
25
11
74
20
22
71
84
52
93
90
36
98
26
68
30
24
99
65
24
28
96
70
75
62
8
14
46
57
21
57
14
54
59
69
57
9
38
18
85
72
96
4
55
32
41
98
75
55
58
80
88
53
50
26
38
55
96
53
55
46
36
96
56
84
8
23
100
25
92
75
83
20
48
60
9
39
54
57
54
21
12
25
37
9
97
16
67
68
81
22
6
57
76
0 1529
0 1537
0 1666
0 1781
0 1918
1 599
1 1104
2 41
2 74
2 1282
2 1520
3 102
3 260
3 857
3 1222
3 1294
3 1453
4 836
4 1520
5 895
5 1314
5 1967
6 553
7 745
8 656
8 865
8 1003
8 1675
9 51
9 153
9 940
9 1648
10 181
10 426
11 702
11 712
11 882
11 1522
11 1980
12 1086
12 1268
13 293
13 596
13 1700
14 869
14 1160
15 322
15 1002
15 1733
16 125
16 577
16 1359
16 1477
17 546
17 725
17 789
17 1188
18 706
18 873
18 1265
18 1730
18 1902
19 249
19 292
19 514
19 1493
19 1779
20 284
20 1356
20 1928
21 50
21 1153
21 1365
21 1463
21 1502
22 157
22 1374
23 437
23 858
23 972
24 151
24 965
24 1716
25 108
25 147
25 317
25 1895
25 1960
26 84
26 1145
27 259
28 677
28 951
28 1258
28 1855
29 180
29 500
29 682
29 843
29 1192
29 1248
29 1463
29 1722
30 210
30 1076
30 1768
31 118
31 302
31 726
32 990
32 1057
33 337
33 376
33 844
33 1307
34 666
34 1698
35 528
35 888
36 1129
36 1276
37 240
37 525
38 611
38 1471
38 1569
38 1605
39 494
39 1529
39 1624
39 1885
40 902
40 1382
40 1816
41 1569
42 720
43 79
43 415
43 947
43 1477
44 643
44 1442
45 879
45 911
45 1885
45 1913
46 387
46 1632
46 1937
47 672
47 1010
47 1375
47 1382
48 1266
49 88
49 576
49 758
49 846
50 1748
51 348
51 831
51 1352
51 1512
52 161
52 955
53 396
53 541
53 618
53 821
54 238
55 1198
56 391
56 1474
57 1637
57 1866
58 769
58 916
59 229
59 779
60 1394
61 766
61 1353
62 842
62 1158
62 1897
63 614
63 1769
63 1906
63 1955
64 189
64 200
64 1372
64 1415
64 1638
64 1817
65 374
65 724
65 807
65 1780
66 621
67 238
67 291
67 748
68 177
68 1999
69 306
69 817
69 1440
69 1766
70 315
70 1090
70 1711
71 472
71 546
71 736
71 1014
71 1729
72 332
72 542
72 1124
72 1314
72 1440
72 1847
73 526
73 880
73 1120
73 1581
74 972
75 390
75 1797
76 461
76 750
77 681
78 740
78 1202
78 1798
79 855
79 1223
80 1250
80 1458
80 1572
81 92
81 447
81 1028
81 1358
82 190
82 414
82 1409
83 355
83 701
84 508
84 514
84 1665
84 1735
86 116
86 461
86 1132
87 189
88 1040
89 1200
89 1347
89 1561
90 860
90 1073
91 972
92 314
92 437
92 936
92 1712
93 1653
93 1929
95 1693
95 1993
96 190
96 389
96 631
96 1796
97 155
97 1300
98 486
98 762
98 1175
99 216
99 333
99 566
99 1440
99 1553
99 1812
100 254
100 1072
100 1351
100 1367
100 1560
101 1386
101 1872
102 998
102 1758
103 138
103 443
103 952
103 988
103 1927
104 567
104 703
104 1947
105 112
105 225
105 466
105 584
105 1274
105 1456
105 1946
106 792
107 365
107 449
107 1546
107 1913
108 805
108 1872
109 291
109 591
109 1088
110 708
110 1293
110 1913
111 508
112 668
112 1192
112 1246
113 1644
114 251
114 767
114 1466
114 1811
115 683
116 502
116 1175
117 188
117 815
117 891
117 1228
117 1307
117 1415
118 177
118 404
118 487
118 1442
119 806
119 939
119 1015
119 1537
120 133
120 496
120 1610
121 161
121 281
121 878
121 1166
123 873
123 1030
123 1763
124 461
124 747
124 1343
124 1604
126 406
126 924
126 975
126 1353
126 1695
127 565
127 1825
127 1877
128 176
128 830
128 1102
128 1416
129 1566
130 158
130 643
131 298
131 1177
131 1585
131 1649
132 182
132 310
132 326
132 1764
132 1876
132 1882
133 645
133 885
133 1020
133 1350
134 427
134 480
134 551
134 853
134 1246
134 1501
135 485
135 667
135 1259
136 559
136 915
136 1152
136 1681
137 1712
138 150
138 267
138 628
138 1221
138 1597
139 579
140 1891
140 1944
141 1667
142 618
142 901
142 1176
142 1508
143 1333
143 1919
144 581
144 635
144 1705
145 947
145 1974
146 568
146 996
146 1004
146 1519
146 1700
146 1802
147 1425
147 1705
148 247
148 303
148 348
148 1505
148 1651
149 396
149 502
149 838
149 873
149 1141
149 1352
150 155
151 218
151 1123
151 1881
152 383
152 519
152 941
152 1297
152 1571
153 302
153 886
154 428
154 764
154 1366
154 1519
154 1983
155 921
155 1492
156 680
156 1231
156 1298
156 1406
156 1541
157 549
157 1655
158 430
159 742
159 1024
159 1727
159 1834
160 943
160 1476
161 268
161 325
161 1315
161 1377
161 1591
162 528
162 622
162 1851
163 185
163 538
163 763
163 954
163 1328
163 1488
163 1845
163 1855
164 753
165 662
165 829
165 944
165 1726
165 1745
166 479
166 650
166 658
166 849
167 235
168 377
168 697
168 1717
169 435
169 658
169 1272
169 1519
171 379
171 416
172 550
172 1135
172 1229
172 1727
174 920
174 1299
174 1517
175 755
175 1234
175 1256
176 1461
176 1496
177 299
177 1278
177 1378
177 1608
179 1145
179 1543
179 1886
180 394
180 1610
181 274
181 326
181 681
181 1020
181 1608
182 974
182 1397
182 1531
182 1534
182 1635
182 1864
183 314
183 323
183 608
183 810
184 769
184 1556
185 1703
185 1899
186 756
186 1214
187 393
187 397
187 605
187 842
187 1080
187 1194
188 683
188 1332
189 1590
190 599
190 1496
190 1858
191 707
191 783
192 777
192 1933
193 1971
194 216
194 1580
194 1731
195 736
195 889
195 1528
196 774
196 859
197 240
197 335
197 1696
197 1721
198 391
198 408
198 1983
199 614
199 815
199 997
199 1476
199 1676
200 1813
201 446
201 476
201 478
202 288
202 764
202 776
202 782
202 1729
202 1903
203 411
203 1776
204 318
204 386
204 548
204 1790
205 1238
206 527
206 639
206 765
206 1071
206 1713
206 1814
206 1880
207 306
207 701
207 826
207 870
207 1058
207 1569
208 1735
209 787
210 1319
210 1361
210 1710
211 1277
211 1296
212 983
212 1378
214 868
214 1351
215 1347
215 1360
216 307
216 1119
216 1545
216 1745
216 1838
216 1994
217 254
217 331
217 464
217 1015
218 806
218 1549
219 328
219 687
220 568
220 1170
220 1288
220 1888
221 618
221 1891
222 1150
222 1362
222 1844
223 437
223 583
223 1577
224 510
224 827
228 807
228 1071
228 1080
229 535
229 1139
229 1858
230 1013
231 1004
231 1649
232 1023
233 707
233 1942
233 1955
234 246
235 257
235 700
236 902
236 1394
237 1597
237 1670
237 1783
238 1021
239 1030
239 1256
240 1672
241 866
241 948
241 1941
242 264
242 1646
243 1500
243 1965
244 1020
244 1183
244 1910
244 1930
245 1085
246 846
246 1207
246 1224
247 1573
248 788
248 1252
248 1346
249 754
249 1926
250 1192
250 1385
251 425
251 825
251 1229
252 718
252 1547
252 1585
253 684
253 1137
253 1844
253 1973
254 403
254 692
254 841
254 991
255 888
256 640
256 1672
257 1585
257 1687
258 1106
258 1392
258 1522
258 1691
259 642
259 766
260 990
260 1469
261 1815
262 310
263 659
263 1820
264 357
264 814
264 1118
264 1238
264 1336
264 1361
264 1822
264 1988
265 806
265 985
266 1560
266 1603
266 1829
267 360
267 1335
267 1570
268 1211
268 1374
269 757
269 948
269 1176
269 1274
269 1870
270 564
270 645
270 1686
270 1939
271 743
271 793
272 555
272 1189
274 485
274 828
274 1264
274 1501
275 326
275 862
275 1593
276 1197
278 830
278 929
278 1739
278 1820
279 319
279 959
279 1632
280 470
280 959
280 1740
281 880
281 1873
282 924
282 1309
282 1665
283 594
283 1051
283 1324
283 1637
284 792
284 1387
285 537
285 761
285 857
285 1780
286 1210
287 579
288 626
288 732
288 1037
288 1063
288 1289
288 1343
288 1425
289 436
289 590
289 1312
290 1014
290 1458
291 302
291 1762
292 367
292 861
292 1804
293 1698
294 317
294 1727
295 443
295 996
295 1914
296 1046
296 1613
296 1722
296 1833
297 737
297 765
297 1111
298 450
298 1369
299 813
299 1890
299 1973
301 1395
301 1445
302 541
302 882
302 1848
303 1210
304 501
304 560
305 457
305 756
305 1906
306 600
306 863
306 1946
307 949
307 1506
307 1633
307 1862
308 653
308 1845
308 1890
311 553
312 1055
313 1218
313 1277
313 1597
313 1783
314 395
314 408
314 1125
314 1763
314 1930
315 887
315 1417
315 1696
315 1868
316 585
316 1272
317 425
317 661
317 1522
317 1852
318 918
318 1306
318 1454
318 1930
319 886
319 1869
320 600
320 1272
321 1139
322 816
322 869
322 1489
322 1919
322 1995
323 803
324 492
324 1220
324 1604
324 1920
325 915
325 1126
325 1510
325 1684
326 633
326 1332
327 1615
327 1723
327 1798
328 1473
328 1580
328 1854
329 1516
329 1799
330 1475
330 1971
332 1822
332 1876
332 1917
334 459
335 340
335 687
335 1134
335 1178
335 1572
335 1806
336 1984
337 400
337 982
337 1231
337 1995
338 683
338 941
338 976
339 1378
339 1689
340 948
340 1391
341 807
341 1092
341 1607
342 371
343 1667
343 1860
344 598
344 1468
344 1736
345 764
345 1267
345 1280
345 1657
345 1814
346 915
346 1151
346 1463
346 1531
346 1565
346 1874
346 1941
346 1960
347 468
347 737
347 741
347 1511
347 1964
348 354
348 974
348 1347
348 1478
349 371
349 964
349 1104
349 1521
349 1792
352 524
352 1461
352 1679
353 382
353 1120
353 1201
353 1985
354 524
354 938
354 1015
355 647
355 1077
355 1234
356 860
356 1483
356 1761
357 449
357 690
357 1079
357 1496
358 434
358 958
358 1453
358 1980
359 1313
360 874
360 1856
361 914
362 483
362 1039
362 1575
363 1032
363 1446
363 1475
364 785
365 506
366 1123
366 1318
368 687
368 1645
370 435
370 907
371 1835
372 523
373 762
373 1768
374 394
374 570
374 1797
375 1425
375 1501
375 1756
376 670
377 593
378 564
378 1154
378 1275
378 1481
378 1522
378 1935
379 711
379 801
380 1231
380 1280
380 1422
380 1733
380 1893
381 1381
381 1646
382 1074
382 1124
382 1407
382 1629
383 1936
384 452
384 663
384 1255
384 1468
385 969
385 1143
385 1938
386 456
386 945
386 1211
386 1985
387 962
387 1336
388 1671
389 1305
389 1307
389 1609
389 1855
389 1899
390 1577
391 901
391 908
391 1207
391 1699
391 1819
393 853
393 1472
393 1818
393 1832
393 1872
395 578
395 1586
396 818
396 1021
396 1127
397 922
397 1188
397 1553
398 597
398 787
398 1358
398 1557
398 1973
399 1361
399 1526
400 1189
400 1223
401 433
401 794
402 452
402 674
402 920
402 1964
403 445
403 891
403 1095
403 1721
404 1391
404 1500
404 1599
405 769
405 1963
406 623
406 1579
406 1739
407 717
408 785
408 881
408 1184
408 1636
409 1285
410 1621
410 1693
411 497
411 1103
412 1618
413 1301
413 1812
415 770
415 965
415 1839
416 1040
417 788
418 1004
418 1617
419 1027
419 1610
420 823
420 1054
420 1235
421 1549
422 715
422 972
422 1049
422 1427
422 1766
423 1125
424 1428
424 1989
425 1243
425 1402
426 1130
428 673
428 792
428 1363
428 1466
429 1474
429 1805
429 1945
429 1997
430 1936
431 1335
431 1690
433 692
433 712
434 1677
435 1565
435 1643
435 1864
435 1977
436 483
436 840
436 873
436 1071
436 1277
436 1696
438 616
438 1377
438 1946
439 566
439 1746
440 1285
440 1509
440 1526
440 1537
441 527
441 1555
441 1563
441 1686
442 900
444 733
444 1026
444 1300
445 629
445 956
445 1323
447 555
447 1620
447 1869
448 937
448 1837
449 942
449 1832
449 1856
450 1242
451 760
451 1668
452 1467
453 1892
454 741
456 665
456 1146
456 1401
456 1704
457 1250
458 1199
458 1257
458 1585
458 1638
459 980
459 1103
459 1517
459 1776
459 1879
460 789
460 1441
460 1498
460 1581
460 1652
462 1881
463 492
463 1887
464 603
464 1276
464 1405
465 1722
466 1094
466 1895
467 514
468 1918
469 798
470 895
471 1214
471 1804
472 709
472 1628
473 878
473 1309
473 1427
473 1950
474 1102
474 1356
474 1793
475 892
475 1296
475 1751
475 1986
476 549
476 848
476 1448
476 1865
478 626
478 949
478 1022
478 1576
478 1620
478 1651
479 583
480 595
480 848
480 859
480 1391
481 1635
482 697
483 598
483 1329
483 1467
483 1907
484 1276
485 717
485 779
485 1875
486 807
486 1536
487 1952
489 1641
490 700
490 1017
490 1081
491 1357
491 1890
491 1961
492 697
493 785
493 1419
493 1463
494 804
494 836
494 942
494 1009
494 1121
494 1329
497 1985
498 739
498 782
498 797
498 1757
498 1813
499 976
499 1395
499 1684
500 1432
501 819
501 860
501 1579
502 1098
502 1283
502 1313
503 608
503 1365
503 1399
504 981
504 1558
505 1114
505 1117
505 1544
506 761
506 922
506 1664
506 1891
507 912
508 1517
508 1650
508 1681
509 913
509 1082
510 1273
510 1489
511 512
511 1499
511 1782
512 1109
512 1243
512 1716
512 1727
513 1637
513 1726
514 716
514 1328
515 1620
517 830
518 1554
519 747
519 796
519 1048
519 1210
520 1420
520 1614
521 729
522 1047
522 1738
523 931
523 1291
523 1403
524 1665
524 1823
525 1277
526 1082
526 1388
526 1978
527 552
527 1224
527 1275
527 1539
527 1908
529 681
529 733
530 1728
531 1348
531 1517
531 1610
531 1883
532 1008
532 1556
532 1580
533 1482
533 1594
533 1964
534 563
534 666
534 1472
535 620
535 677
535 989
536 1038
536 1184
537 856
538 1233
538 1851
540 990
540 1248
540 1670
540 1744
541 1094
542 946
542 1489
542 1765
543 664
543 988
543 1001
543 1117
543 1170
543 1228
543 1570
544 895
544 1522
545 564
545 1555
545 1769
546 1247
546 1485
546 1603
547 1483
548 1492
548 1841
550 628
550 1812
551 911
551 1133
551 1980
552 1229
552 1236
553 702
553 1757
555 841
555 865
555 1898
557 619
557 1272
557 1786
557 1856
558 1242
558 1443
559 1072
559 1090
559 1267
559 1390
559 1803
560 570
561 716
561 1382
561 1772
561 1990
562 639
562 1147
562 1946
563 1439
564 785
566 1407
567 822
567 1693
567 1923
568 1058
568 1275
568 1874
569 1537
570 929
570 1246
570 1680
570 1939
571 851
571 1000
572 1764
573 975
573 1344
573 1906
574 599
575 969
575 1234
575 1432
575 1768
576 885
577 1009
579 677
579 812
579 987
579 1034
579 1267
579 1431
579 1682
582 1577
583 1133
583 1471
583 1510
584 978
584 1134
584 1486
585 1473
586 1486
587 638
587 1379
587 1458
587 1915
588 1334
588 1417
588 1700
588 1759
589 816
589 950
589 1579
590 1267
590 1954
591 1473
591 1475
591 1725
592 1815
594 785
594 808
594 1050
594 1457
594 1744
594 1959
595 901
595 1669
595 1880
596 1738
598 718
598 1119
598 1685
599 1320
599 1616
600 864
600 1480
601 914
601 1268
601 1670
601 1696
602 1728
605 811
605 1570
605 1600
605 1848
606 1564
606 1716
607 1832
608 629
608 1665
609 696
609 1707
610 898
611 1119
612 1282
613 1443
613 1705
613 1961
614 920
614 1272
615 706
615 958
615 1469
615 1751
616 704
619 821
619 1874
620 1863
621 1720
622 722
622 752
622 1643
623 1572
624 1247
624 1435
626 928
626 1107
626 1473
626 1680
626 1777
629 1625
629 1658
629 1694
630 1999
631 735
631 909
632 776
632 1194
632 1840
633 1052
634 1038
634 1047
634 1381
635 679
635 1027
637 790
638 801
639 1097
639 1366
640 860
640 871
641 735
641 1666
641 1840
641 1975
642 690
642 1126
642 1522
642 1550
642 1963
643 805
643 1505
643 1685
644 1078
645 700
645 959
645 1225
645 1806
647 1137
647 1312
648 665
648 842
648 1047
649 1639
650 1802
651 1312
652 1418
653 1929
654 1000
654 1117
654 1219
654 1251
654 1322
654 1812
655 812
655 1624
655 1884
656 1345
658 785
659 1130
659 1437
659 1512
660 718
660 802
661 1471
663 904
663 1116
663 1170
664 1430
664 1851
667 683
667 1385
667 1601
668 911
668 1510
669 1059
669 1089
669 1097
669 1120
669 1319
669 1488
669 1685
672 1297
672 1337
673 760
673 925
673 1288
674 1081
674 1637
677 958
677 1272
678 1226
678 1233
678 1536
679 688
679 910
680 1965
681 785
681 1804
682 1326
683 1331
684 1357
684 1514
684 1735
685 1340
686 702
686 1371
686 1574
686 1862
687 1919
688 706
689 935
690 1009
692 877
693 1354
694 731
694 917
694 1276
694 1366
695 1329
695 1695
698 1351
698 1747
699 1199
699 1545
699 1736
700 712
702 1919
702 1947
703 1116
703 1643
704 929
704 1948
705 770
705 994
706 885
706 1440
707 733
707 1508
707 1770
708 919
709 912
709 960
709 1052
709 1410
709 1808
710 1106
710 1132
711 752
711 797
711 1331
711 1752
712 888
712 1108
712 1502
713 800
713 1045
713 1298
713 1437
713 1811
714 1154
714 1556
715 921
715 1846
717 979
717 1215
718 984
718 1004
718 1469
719 848
719 956
719 1783
720 1618
721 762
721 1075
721 1499
722 735
722 850
724 1374
724 1425
724 1494
727 1532
727 1903
728 1326
728 1706
728 1937
729 762
729 1419
729 1784
729 1808
730 737
731 861
731 1488
731 1689
731 1748
732 1927
733 912
733 1641
735 1076
735 1169
736 1307
736 1742
736 1757
736 1935
737 1113
737 1379
737 1449
738 1568
739 1088
739 1149
739 1808
740 1830
742 983
742 1544
742 1807
743 874
744 1011
744 1706
744 1979
745 1471
746 1508
746 1897
747 1390
747 1551
747 1772
749 915
749 1072
749 1887
749 1970
750 784
750 1499
750 1867
751 886
751 1658
751 1886
752 1507
754 1282
754 1599
754 1957
755 997
755 1126
755 1159
756 1203
757 981
760 786
761 1874
762 970
762 1940
763 1121
763 1836
764 1113
764 1166
764 1356
764 1565
765 1012
765 1451
765 1878
766 790
766 1104
766 1955
767 860
767 1864
768 1048
768 1462
768 1776
769 1440
769 1455
770 1537
770 1685
771 1427
771 1829
772 1056
772 1822
775 1618
776 1678
777 783
777 1741
777 1945
778 1257
778 1465
778 1587
780 1068
780 1176
780 1477
780 1650
781 830
782 787
782 1313
783 1160
783 1570
783 1781
784 1440
787 1436
788 1547
788 1725
789 1463
791 1784
792 1479
794 1293
795 815
795 1587
795 1931
796 1160
796 1887
796 1903
797 1250
798 1305
799 1860
800 1203
801 1526
801 1732
801 1890
802 1035
803 1020
804 1104
804 1154
804 1317
804 1387
806 1628
806 1652
806 1985
807 1242
807 1310
807 1473
808 951
809 1837
809 1857
810 1971
811 1051
811 1059
812 1341
812 1394
813 1329
813 1441
814 1670
815 1130
815 1506
816 1106
817 1045
818 1116
819 1460
821 1410
822 1213
822 1642
823 922
823 1035
823 1227
824 1821
825 1090
826 1077
827 1368
827 1747
828 1422
828 1609
829 1825
830 1921
831 845
831 876
833 1298
833 1666
833 1769
834 919
834 1764
835 1144
835 1944
835 1947
837 1279
837 1576
837 1727
837 1739
838 895
838 1364
838 1807
839 1534
839 1579
840 873
840 1273
840 1389
840 1506
842 1620
842 1726
842 1754
843 922
843 1405
844 1106
844 1442
845 931
845 1336
845 1550
846 1018
846 1528
847 1874
848 868
848 1337
848 1674
848 1848
849 1055
849 1107
850 917
850 1047
851 857
851 1558
852 1583
852 1716
853 1067
854 1265
854 1594
855 1382
856 1251
856 1692
856 1893
856 1961
858 1794
859 1177
859 1895
863 1081
863 1518
864 990
864 1433
864 1608
864 1785
865 1931
865 1983
866 1244
866 1359
867 908
867 1493
868 1268
868 1954
871 1597
871 1772
873 1368
874 963
874 1193
874 1582
875 1574
876 1896
877 1782
877 1784
878 1247
878 1598
878 1612
878 1787
879 1862
880 990
882 1916
883 1045
884 1476
884 1584
884 1625
885 1492
886 1159
886 1280
886 1318
886 1404
886 1977
887 1798
888 1360
888 1363
889 1087
890 1151
890 1153
891 1640
892 1391
892 1530
892 1817
894 1245
894 1601
894 1665
894 1803
894 1852
894 1986
896 912
896 920
896 1102
896 1620
896 1743
897 1280
897 1399
897 1814
898 938
898 1533
899 951
899 1409
900 906
900 1041
900 1659
901 1845
901 1979
903 1649
903 1728
904 1881
907 1975
910 1972
911 1504
912 1073
912 1655
913 1192
915 1614
915 1656
916 1523
916 1532
916 1797
917 1489
918 1152
918 1902
918 1944
920 1205
921 1100
921 1160
922 1258
922 1265
922 1557
923 1083
923 1193
924 1636
925 1178
925 1498
925 1719
926 1015
926 1835
927 1155
927 1495
927 1565
928 1480
928 1622
930 1085
930 1966
931 1692
931 1910
933 1016
933 1545
934 1560
936 1888
937 1524
937 1678
939 1647
939 1693
940 1262
940 1333
941 1060
942 1536
942 1636
943 1003
943 1159
943 1875
945 991
945 1618
946 1983
948 1368
948 1841
949 1297
949 1755
951 1599
952 1114
953 1704
954 1233
954 1953
955 1215
955 1360
955 1809
955 1882
957 1455
958 1769
958 1974
958 1979
959 1860
960 1229
960 1300
963 1987
964 1050
964 1448
965 1105
965 1133
965 1763
967 1640
967 1658
967 1916
968 1673
969 1392
970 1083
973 1878
975 1301
975 1398
975 1627
975 1990
976 1391
976 1467
976 1652
977 1327
977 1777
978 991
978 1473
978 1724
978 1885
979 1199
979 1432
979 1445
980 1318
981 1426
981 1502
981 1926
982 1138
982 1540
984 1924
985 1017
985 1252
985 1659
985 1915
985 1977
986 1004
986 1330
986 1508
987 1561
988 1937
989 1539
989 1545
990 1428
991 1044
991 1261
991 1610
992 1119
992 1173
992 1978
994 1133
994 1456
994 1819
995 1377
996 1628
998 1155
998 1371
998 1443
1000 1416
1000 1434
1001 1290
1002 1182
1002 1631
1003 1129
1003 1493
1004 1804
1005 1471
1005 1543
1005 1595
1005 1755
1005 1914
1008 1689
1008 1748
1009 1296
1009 1642
1011 1497
1011 1925
1012 1252
1014 1656
1014 1666
1014 1888
1015 1156
1016 1858
1017 1193
1017 1221
1017 1863
1019 1179
1019 1372
1019 1881
1021 1065
1021 1682
1021 1742
1022 1076
1022 1701
1022 1839
1023 1302
1025 1455
1025 1713
1025 1803
1026 1219
1026 1258
1027 1560
1027 1732
1028 1692
1029 1187
1029 1390
1030 1159
1030 1685
1031 1379
1031 1702
1032 1624
1034 1262
1034 1299
1034 1564
1035 1779
1036 1628
1037 1143
1038 1075
1038 1398
1038 1647
1039 1237
1039 1361
1039 1844
1040 1426
1041 1411
1041 1705
1043 1501
1045 1238
1045 1441
1046 1057
1046 1230
1046 1648
1048 1565
1049 1559
1049 1590
1049 1676
1050 1378
1050 1382
1050 1497
1051 1215
1051 1740
1051 1892
1052 1195
1053 1610
1054 1422
1054 1473
1054 1525
1054 1743
1054 1823
1055 1948
1056 1151
1056 1511
1056 1739
1056 1896
1057 1239
1057 1384
1058 1490
1059 1126
1059 1597
1060 1190
1060 1197
1060 1331
1060 1551
1061 1731
1061 1828
1063 1614
1064 1688
1064 1859
1064 1915
1065 1109
1065 1187
1065 1438
1065 1927
1066 1502
1066 1856
1069 1129
1070 1617
1071 1476
1071 1734
1071 1969
1072 1519
1073 1505
1074 1988
1074 1990
1075 1534
1078 1925
1078 1926
1080 1956
1081 1496
1082 1095
1082 1430
1083 1506
1083 1628
1084 1161
1084 1209
1085 1875
1086 1156
1086 1251
1086 1588
1086 1628
1086 1928
1088 1819
1089 1956
1090 1674
1091 1706
1093 1375
1094 1430
1094 1934
1095 1422
1095 1457
1095 1921
1097 1958
1098 1254
1098 1402
1098 1886
1099 1125
1099 1328
1099 1623
1099 1978
1102 1858
1103 1266
1103 1631
1104 1510
1104 1696
1104 1975
1104 1995
1105 1121
1106 1239
1106 1546
1107 1801
1109 1287
1110 1194
1110 1624
1110 1948
1111 1503
1111 1582
1111 1670
1111 1939
1112 1645
1114 1255
1114 1698
1115 1952
1116 1820
1116 1944
1117 1245
1117 1356
1118 1947
1119 1142
1119 1252
1119 1524
1119 1927
1120 1230
1120 1314
1120 1360
1120 1432
1122 1648
1123 1442
1125 1258
1125 1368
1125 1636
1126 1188
1127 1423
1129 1641
1129 1903
1130 1222
1130 1562
1131 1250
1131 1736
1132 1246
1133 1196
1133 1826
1135 1811
1136 1592
1137 1553
1138 1501
1140 1211
1142 1677
1142 1820
1143 1276
1143 1387
1143 1958
1144 1225
1144 1925
1145 1604
1145 1912
1146 1226
1146 1531
1147 1591
1148 1644
1149 1837
1151 1309
1151 1679
1151 1808
1152 1617
1153 1764
1153 1780
1154 1271
1154 1308
1154 1731
1155 1765
1157 1683
1157 1718
1158 1682
1158 1842
1159 1795
1160 1672
1160 1963
1162 1330
1164 1536
1164 1767
1165 1835
1166 1909
1167 1472
1170 1260
1171 1741
1173 1520
1173 1633
1175 1208
1175 1767
1178 1271
1178 1610
1178 1896
1181 1195
1181 1781
1181 1922
1182 1318
1182 1392
1183 1814
1184 1493
1185 1685
1187 1670
1188 1249
1188 1706
1188 1923
1189 1766
1189 1773
1190 1609
1191 1506
1192 1537
1194 1196
1194 1519
1194 1592
1194 1868
1195 1450
1195 1506
1195 1782
1195 1814
1196 1753
1196 1776
1197 1897
1198 1379
1198 1631
1200 1783
1200 1785
1201 1320
1202 1658
1203 1287
1203 1692
1204 1446
1206 1732
1207 1293
1207 1715
1208 1715
1209 1419
1209 1498
1209 1704
1210 1233
1210 1355
1210 1862
1210 1924
1211 1252
1211 1290
1213 1773
1214 1501
1214 1811
1215 1287
1216 1649
1218 1352
1218 1478
1218 1968
1219 1371
1219 1654
1219 1772
1220 1565
1221 1764
1221 1808
1221 1861
1222 1291
1222 1701
1222 1712
1223 1274
1223 1324
1225 1667
1225 1724
1228 1482
1230 1547
1231 1258
1231 1941
1234 1989
1235 1447
1236 1439
1237 1504
1239 1463
1239 1587
1239 1669
1242 1359
1242 1522
1242 1642
1242 1725
1243 1362
1243 1758
1244 1814
1245 1919
1247 1568
1248 1267
1248 1562
1248 1655
1248 1983
1249 1477
1249 1745
1250 1338
1250 1957
1251 1999
1252 1466
1252 1524
1254 1978
1255 1715
1256 1703
1257 1717
1259 1568
1259 1579
1259 1628
1260 1648
1261 1987
1263 1553
1263 1662
1264 1342
1265 1382
1268 1269
1268 1291
1269 1611
1269 1785
1273 1427
1273 1638
1273 1742
1273 1960
1274 1915
1276 1908
1277 1927
1278 1971
1280 1741
1282 1580
1282 1586
1282 1594
1283 1869
1286 1475
1287 1532
1287 1833
1288 1401
1291 1919
1292 1574
1292 1917
1294 1703
1296 1478
1299 1756
1299 1847
1300 1564
1301 1375
1303 1304
1305 1741
1306 1433
1306 1622
1307 1484
1307 1723
1307 1839
1307 1910
1308 1324
1309 1698
1309 1821
1310 1748
1311 1829
1311 1912
1313 1582
1313 1585
1315 1369
1315 1747
1315 1868
1316 1613
1317 1335
1317 1780
1317 1887
1320 1417
1320 1644
1322 1438
1325 1693
1329 1594
1330 1420
1330 1434
1330 1579
1332 1498
1332 1971
1333 1687
1334 1807
1334 1840
1335 1414
1335 1444
1336 1636
1336 1725
1337 1407
1337 1738
1338 1628
1340 1502
1341 1841
1343 1578
1344 1425
1344 1428
1344 1755
1347 1546
1348 1792
1349 1745
1349 1931
1350 1426
1350 1958
1354 1793
1356 1503
1356 1857
1357 1531
1357 1628
1358 1892
1359 1671
1360 1367
1360 1390
1361 1591
1361 1789
1363 1943
1364 1435
1364 1828
1364 1965
1365 1866
1368 1588
1369 1538
1369 1824
1369 1833
1371 1737
1372 1410
1372 1502
1375 1638
1376 1838
1378 1469
1378 1854
1382 1880
1383 1907
1384 1893
1389 1471
1389 1707
1390 1470
1390 1718
1393 1433
1393 1953
1395 1577
1396 1797
1396 1913
1397 1655
1397 1909
1397 1925
1399 1812
1402 1859
1404 1673
1412 1950
1413 1498
1414 1945
1415 1880
1420 1644
1420 1835
1421 1637
1422 1744
1423 1799
1425 1610
1426 1688
1428 1681
1429 1576
1429 1771
1430 1578
1433 1591
1433 1730
1435 1614
1435 1849
1436 1937
1437 1877
1440 1767
1443 1839
1444 1627
1445 1913
1447 1728
1447 1780
1451 1534
1451 1885
1452 1521
1452 1723
1452 1861
1453 1742
1454 1800
1455 1691
1456 1542
1456 1851
1458 1700
1460 1473
1460 1828
1461 1595
1463 1672
1465 1558
1465 1617
1468 1924
1472 1699
1472 1895
1477 1591
1477 1718
1478 1788
1480 1952
1480 1996
1482 1737
1482 1840
1482 1973
1483 1611
1483 1937
1485 1942
1490 1824
1491 1504
1492 1712
1494 1564
1494 1668
1494 1681
1494 1818
1496 1964
1497 1775
1499 1836
1499 1907
1499 1962
1500 1997
1502 1921
1503 1993
1509 1629
1509 1683
1510 1856
1511 1715
1513 1605
1513 1825
1515 1697
1515 1733
1516 1576
1516 1932
1517 1680
1518 1730
1518 1976
1519 1638
1523 1889
1523 1997
1527 1665
1529 1891
1529 1905
1531 1669
1534 1569
1535 1770
1537 1989
1541 1884
1543 1706
1544 1566
1545 1580
1551 1622
1552 1996
1555 1973
1558 1634
1560 1635
1560 1780
1561 1648
1562 1608
1564 1929
1565 1838
1567 1841
1568 1604
1568 1839
1569 1649
1569 1828
1572 1633
1572 1948
1573 1933
1573 1960
1575 1689
1584 1705
1585 1695
1587 1627
1587 1794
1589 1932
1592 1932
1594 1781
1603 1780
1603 1937
1606 1988
1609 1863
1614 1797
1615 1671
1617 1645
1618 1997
1624 1938
1625 1779
1628 1700
1629 1679
1632 1762
1633 1978
1636 1683
1640 1746
1642 1961
1643 1925
1644 1659
1644 1920
1648 1734
1649 1747
1649 1813
1650 1970
1652 1885
1653 1716
1653 1859
1653 1921
1655 1684
1657 1872
1659 1746
1659 1940
1661 1900
1661 1903
1665 1841
1667 1673
1667 1983
1669 1748
1673 1705
1673 1798
1675 1924
1677 1963
1678 1982
1679 1751
1682 1800
1683 1932
1687 1780
1688 1968
1691 1857
1692 1801
1692 1875
1696 1739
1706 1851
1707 1884
1713 1734
1715 1782
1722 1792
1724 1739
1728 1841
1738 1895
1743 1797
1746 1889
1746 1917
1750 1787
1753 1964
1756 1872
1758 1963
1769 1844
1771 1818
1773 1778
1776 1824
1777 1986
1779 1857
1782 1966
1783 1860
1791 1797
1801 1981
1805 1955
1806 1892
1808 1977
1813 1915
1816 1931
1818 1845
1820 1851
1823 1968
1827 1907
1828 1963
1831 1995
1858 1948
1862 1904
1867 1962
1871 1907
1875 1952
1876 1995
1878 1922
1878 1944
1881 1907
1890 1979
1892 1984
1898 1962
1907 1991
1923 1964
1946 1947
1980 1997
