2000 3078
52
51
79
1
5
87
43
18
3
21
53
2
70
48
68
18
45
96
60
74
13
43
21
97
66
30
55
18
48
7
47
15
59
19
59
42
66
50
61
4
61
8
35
31
96
85
74
94
71
15
100
23
20
71
52
92
32
99
66
10
26
47
48
7
76
99
56
39
91
33
70
64
2
73
28
99
40
42
25
24
33
95
52
16
45
89
91
1
59
93
24
69
35
72
96
63
67
35
39
72
100
25
95
34
3
14
38
32
11
46
29
71
23
21
85
76
30
95
23
16
65
54
24
86
90
71
25
97
23
86
15
1
100
56
9
64
35
30
88
74
34
98
15
43
48
78
24
91
32
75
15
73
28
5
22
11
9
45
73
13
76
90
93
30
30
5
39
71
9
72
58
85
47
58
16
89
76
47
66
35
28
1
91
94
20
18
100
98
38
4
7
55
99
56
62
37
41
28
6
73
29
84
81
86
14
53
82
87
39
98
57
86
69
88
65
28
50
33
95
53
80
24
49
20
69
37
13
3
27
47
50
10
42
41
85
36
87
77
22
16
87
94
40
49
35
53
80
64
21
17
87
87
12
100
63
55
17
36
95
99
14
22
70
8
48
42
9
57
28
11
66
66
72
94
95
57
8
5
48
39
96
72
33
66
16
51
80
40
87
79
50
21
4
15
82
92
84
43
74
78
60
22
56
72
10
41
56
69
31
85
8
77
38
26
74
76
58
34
36
17
60
11
1
66
28
92
9
30
11
54
34
1
18
72
40
1
36
87
41
79
76
46
56
98
9
22
60
53
78
67
10
89
72
14
30
62
27
81
10
44
70
29
49
11
12
36
21
51
64
69
24
28
76
94
5
64
20
94
81
14
53
50
29
29
89
9
59
86
61
4
18
99
84
65
55
84
53
77
32
80
28
31
38
56
92
98
43
3
42
76
88
60
16
65
27
58
20
69
62
91
17
35
38
73
94
89
45
85
66
56
86
40
100
90
25
52
3
46
66
32
3
90
38
38
50
58
53
93
95
67
67
46
97
63
29
62
80
90
71
51
56
61
21
67
66
91
65
87
59
68
56
86
34
5
6
74
34
39
64
78
54
6
25
12
82
2
4
69
85
97
44
11
14
99
97
40
30
61
5
91
8
36
1
39
55
13
3
51
22
43
83
91
90
83
80
6
90
4
78
80
8
68
15
98
91
36
3
39
21
39
27
75
85
95
31
53
80
52
76
2
60
50
82
5
93
84
77
93
83
21
100
17
85
5
13
62
95
96
77
18
71
38
43
31
37
43
41
55
35
99
79
80
63
61
14
8
2
73
30
36
18
22
23
94
100
21
72
35
6
97
99
6
44
62
45
84
84
77
22
62
14
61
85
42
17
47
78
24
95
33
73
29
57
75
60
3
47
7
38
26
95
84
66
85
97
72
38
47
90
13
69
75
3
11
85
90
21
100
81
9
77
59
86
94
12
6
19
17
72
43
50
17
80
54
28
34
40
70
34
17
48
49
81
38
46
37
77
68
89
17
89
69
73
63
89
92
15
69
94
10
51
90
90
48
66
2
52
18
49
2
86
49
31
79
87
4
90
94
52
64
78
87
36
94
91
50
27
4
52
10
61
22
31
5
14
15
90
84
71
38
38
84
26
77
39
47
30
10
73
59
32
74
58
32
31
11
81
93
71
69
25
32
10
30
15
64
90
36
57
37
48
13
88
60
95
39
66
95
2
81
43
19
6
71
83
74
69
56
98
76
26
41
53
81
80
70
91
48
15
9
16
57
54
22
25
42
34
41
75
33
39
33
13
97
34
82
70
33
45
83
13
95
14
55
86
5
31
11
8
81
50
62
13
100
65
70
66
88
6
24
4
70
15
22
27
86
69
16
65
17
18
3
56
47
21
12
43
69
17
89
30
80
12
99
65
18
14
10
13
21
60
36
16
10
100
8
21
12
70
44
94
71
73
54
29
25
28
19
48
40
55
79
98
89
28
76
47
13
69
14
23
49
26
23
74
32
29
65
6
75
77
78
2
15
62
76
2
72
93
65
24
34
44
62
3
82
43
6
47
79
36
71
37
16
4
35
100
40
86
89
5
3
50
20
56
60
6
4
28
45
18
55
53
59
19
40
97
12
16
18
27
72
48
50
48
1
56
54
69
23
31
72
62
91
37
28
91
53
1
93
83
84
13
71
4
21
87
57
62
26
39
18
92
5
16
99
87
31
87
12
82
15
27
53
81
55
49
51
41
70
91
80
53
17
91
51
69
97
100
10
30
19
77
58
38
34
28
22
89
7
55
81
93
18
18
30
7
44
49
97
55
64
85
29
42
16
74
100
33
9
4
14
45
25
100
60
72
33
24
49
73
51
67
88
57
69
67
97
53
13
8
9
9
51
29
72
20
84
47
97
97
62
15
39
26
20
40
64
25
11
67
93
30
9
26
65
79
47
94
37
23
83
44
29
24
19
96
24
59
89
65
51
89
46
32
55
23
97
72
25
30
25
38
94
67
77
24
47
97
38
91
48
86
82
65
22
92
70
49
50
2
28
49
11
44
29
46
41
45
34
79
17
52
73
51
30
61
90
5
90
6
64
81
94
33
19
92
81
36
28
7
41
33
42
54
59
55
1
30
11
82
93
49
20
49
84
80
71
13
91
16
79
13
19
4
23
78
54
31
85
87
66
28
4
55
11
34
77
64
24
14
36
45
97
69
65
7
72
40
57
42
84
80
58
46
32
92
29
55
26
72
28
41
68
64
65
94
39
77
27
37
97
25
68
53
66
38
52
19
96
30
34
78
76
8
45
34
33
12
61
13
70
59
49
87
84
27
67
15
86
40
14
8
9
20
38
73
81
42
75
93
8
100
67
46
61
7
32
8
57
15
31
41
20
54
74
95
28
1
51
58
21
10
80
39
28
31
25
33
7
91
9
33
39
61
33
24
35
89
81
29
65
17
96
63
26
48
71
56
26
58
100
65
64
96
40
46
47
35
100
48
75
44
33
33
65
14
57
65
33
86
65
59
94
96
15
49
4
92
73
80
81
61
68
11
97
39
90
23
6
69
12
74
53
5
87
23
70
20
50
70
50
35
53
86
6
75
90
67
99
50
15
51
25
93
8
6
9
2
27
46
16
17
45
64
52
23
94
30
16
50
34
82
85
47
4
99
13
66
66
23
3
50
60
39
60
62
43
16
14
78
39
63
44
75
12
83
34
19
78
70
62
82
66
81
99
3
82
44
78
38
96
15
51
94
12
75
46
9
28
13
48
83
35
99
45
34
96
59
58
62
46
96
99
40
74
39
5
60
50
86
53
63
5
14
42
99
94
34
41
30
57
55
34
60
23
51
90
79
92
11
14
32
82
62
5
67
84
24
3
38
29
90
43
89
18
48
65
45
54
71
56
3
34
69
10
8
38
69
74
62
86
42
82
47
87
92
16
60
13
81
92
92
58
95
16
62
27
17
88
55
8
56
93
2
11
91
13
3
64
93
49
49
46
57
50
79
43
17
50
74
93
99
16
57
7
89
60
69
40
2
66
99
99
50
96
47
46
12
33
72
37
87
11
27
91
45
38
35
49
26
23
27
94
29
68
49
31
73
51
46
63
37
75
42
39
6
41
72
56
2
23
44
13
75
48
93
18
70
82
96
23
93
88
38
34
48
18
100
5
76
40
35
99
50
73
74
14
44
92
55
19
9
4
19
18
21
23
42
38
49
69
30
81
87
65
42
89
89
14
88
10
36
45
25
58
6
62
88
47
35
89
32
42
3
38
68
93
34
73
68
59
66
23
7
85
89
58
92
30
76
21
20
84
53
99
4
83
97
38
89
8
41
92
79
22
75
91
14
44
97
14
13
37
64
87
26
42
45
84
13
86
5
6
6
41
54
9
91
54
35
48
24
18
24
49
20
65
24
91
58
46
12
48
82
61
100
53
89
14
29
23
87
87
39
23
19
76
84
26
37
79
15
35
82
89
24
1
83
7
6
54
94
74
28
56
19
70
45
19
70
14
72
51
78
70
49
100
3
25
5
14
10
45
30
35
71
79
30
18
41
8
97
15
28
35
14
5
71
39
31
50
81
45
74
15
48
98
29
51
20
90
90
79
55
40
53
73
64
63
85
16
86
99
70
21
11
85
83
21
57
73
95
53
59
48
83
6
29
62
54
3
26
17
7
66
36
28
76
37
13
9
5
14
66
31
54
74
31
60
73
43
15
16
72
33
96
15
17
58
68
33
65
20
24
84
63
5
99
36
100
36
18
68
96
42
16
84
69
21
14
95
52
81
14
75
78
46
95
20
61
2
88
99
69
29
95
25
6
35
53
19
1
93
60
74
33
42
81
100
87
45
6
23
90
1
5
37
72
67
36
49
21
69
44
53
48
78
74
98
25
7
84
81
11
43
67
50
29
18
40
59
23
92
60
36
57
99
98
2
59
51
81
68
21
74
82
45
73
29
49
84
30
54
74
13
1
59
92
74
34
58
2
12
13
31
75
93
67
83
27
15
14
26
32
67
58
70
47
3
0 738
0 934
1 428
1 1741
2 366
2 435
2 1206
2 1385
3 657
4 971
4 1403
4 1412
4 1583
6 89
6 863
6 886
6 1296
6 1432
6 1686
7 454
7 1033
7 1558
8 494
9 515
9 1042
9 1115
11 804
12 56
12 971
13 352
13 796
13 1107
13 1899
14 607
14 627
14 647
14 1400
14 1520
15 679
15 1126
15 1134
15 1583
16 232
16 565
16 1168
16 1249
16 1479
16 1838
17 30
17 187
17 913
17 998
17 1068
17 1466
17 1497
18 44
18 102
18 133
19 363
19 1463
19 1792
19 1837
20 57
20 725
20 1346
21 454
21 1057
21 1238
21 1962
22 766
22 1597
22 1726
23 689
23 930
23 968
23 1831
23 1848
23 1859
24 824
24 1535
26 611
26 756
26 824
26 1037
26 1242
26 1249
27 379
27 539
27 1753
28 295
28 917
28 1159
28 1841
29 264
29 1789
29 1798
30 750
30 1156
30 1928
31 854
31 1345
31 1884
32 187
32 1411
32 1821
33 142
33 596
33 630
33 1285
33 1901
34 983
34 1751
35 268
35 515
35 802
35 1319
36 141
36 456
36 754
36 869
36 900
36 1597
36 1741
36 1789
37 120
37 797
38 868
38 1696
39 829
39 1377
39 1412
40 853
40 1901
40 1947
41 209
41 264
41 443
41 1686
41 1794
41 1813
42 1928
43 209
44 420
44 769
44 1634
44 1992
45 280
45 561
45 1975
46 114
46 179
46 1358
47 454
47 892
47 1415
49 81
49 337
50 462
50 692
50 728
50 1965
51 423
51 689
51 1329
52 592
52 1028
52 1486
53 581
53 697
54 1837
55 791
56 1533
56 1729
57 236
57 250
57 559
57 1003
57 1395
58 193
58 567
58 908
59 667
59 903
60 127
60 514
60 1064
60 1346
60 1506
61 327
61 338
61 544
61 550
61 642
61 1495
61 1580
61 1884
62 243
62 315
62 473
62 1416
62 1626
62 1779
63 339
63 393
63 493
63 775
63 1285
63 1326
63 1763
64 697
64 1233
65 1090
65 1382
65 1667
65 1680
65 1838
66 355
66 548
66 593
66 1700
66 1967
67 112
67 917
67 1265
67 1373
68 238
68 735
68 992
68 1188
68 1434
68 1729
69 984
69 1983
70 603
70 625
70 1069
70 1371
71 222
71 468
71 1035
71 1118
73 375
74 517
74 555
74 1331
74 1734
75 208
75 551
75 810
75 853
75 1177
76 942
77 123
77 576
78 1624
79 374
79 1368
79 1611
80 689
80 1735
81 753
81 1463
83 1487
84 363
84 696
84 993
84 1618
85 380
85 534
85 1187
85 1489
85 1583
85 1727
85 1866
87 311
87 334
87 494
87 1300
89 455
89 652
89 1786
89 1905
90 616
90 743
91 276
91 1178
91 1727
92 615
92 1631
92 1870
93 824
93 943
93 1675
93 1805
94 526
94 658
94 1601
94 1983
95 189
95 873
96 587
96 911
96 1423
96 1531
96 1547
97 1751
98 154
98 298
98 668
98 1297
99 544
99 615
99 955
99 1573
99 1648
100 611
100 653
100 1201
100 1626
102 739
102 988
102 1074
104 886
104 1229
105 729
105 1302
105 1775
106 191
106 466
106 543
106 784
106 1262
106 1370
106 1923
107 640
107 885
107 971
107 1517
108 605
108 775
108 1262
109 451
109 620
109 1064
109 1390
109 1967
110 902
110 1353
110 1420
110 1814
111 579
111 676
111 1648
112 479
112 1867
113 1272
113 1534
113 1876
114 128
114 338
114 594
114 801
114 1981
115 772
115 1040
115 1534
116 891
117 792
117 902
117 1832
118 530
118 1963
119 534
119 1055
119 1632
121 214
121 1912
122 438
122 624
122 1203
122 1313
122 1734
123 518
123 639
123 829
124 199
124 209
124 701
124 1453
124 1704
125 1409
126 1468
127 512
127 870
127 1499
127 1609
128 411
128 893
128 1006
128 1481
128 1609
128 1979
128 1999
129 1972
130 353
130 568
130 572
130 941
130 1041
130 1301
130 1362
131 664
131 1027
132 305
132 1028
132 1129
132 1550
133 862
133 982
134 679
134 1329
135 487
135 758
135 1083
136 465
137 221
137 413
137 1680
137 1819
138 391
138 1618
138 1918
139 239
139 597
139 1119
139 1581
140 418
140 789
140 1467
140 1996
141 607
141 793
141 1161
141 1573
142 785
142 812
143 503
143 1256
143 1385
143 1653
143 1776
144 550
144 1266
144 1643
145 617
145 1668
146 1906
147 596
147 1013
148 550
148 676
148 1790
149 446
149 1499
150 1097
150 1450
150 1522
151 612
151 783
151 1443
152 212
152 243
152 1588
153 897
153 1042
153 1764
153 1794
154 215
154 532
154 709
155 575
155 1103
155 1646
156 183
156 326
156 625
156 1403
156 1821
157 298
157 727
157 1530
157 1789
158 188
158 898
158 1150
159 248
159 550
159 968
159 1660
161 861
161 973
161 1113
161 1138
161 1184
162 273
162 531
162 634
162 1088
162 1425
163 566
163 1693
163 1910
164 813
164 921
164 1493
166 1253
166 1499
166 1701
167 609
167 704
167 887
167 1729
168 1310
168 1524
168 1541
168 1817
168 1839
168 1932
169 255
169 730
169 1475
169 1616
170 1522
170 1919
171 543
171 591
171 1607
172 552
172 846
173 249
173 1402
173 1923
174 200
174 508
174 750
175 1269
175 1280
176 1118
176 1414
176 1561
177 335
177 518
177 1308
177 1401
177 1613
178 351
178 455
178 975
178 1771
178 1787
178 1956
179 550
179 637
179 1066
179 1514
179 1771
180 991
180 1112
180 1305
180 1689
181 1119
181 1230
182 376
182 1058
182 1852
183 219
183 366
183 502
183 655
183 919
183 1460
183 1600
183 1695
184 299
184 1646
185 1417
186 718
186 858
186 1390
187 313
187 788
187 865
187 887
187 980
187 1199
187 1829
188 476
188 1034
188 1265
188 1520
188 1625
189 319
189 949
189 1934
190 354
190 562
190 963
190 1647
191 1648
192 1611
192 1947
193 721
193 1149
193 1665
193 1957
194 1327
195 338
196 258
196 597
196 956
196 1399
196 1676
197 758
197 1231
198 1010
198 1050
198 1071
198 1668
198 1682
198 1712
199 804
200 1088
201 311
201 1664
202 247
202 1564
203 204
203 404
203 477
203 574
203 1425
203 1770
204 218
204 430
204 719
204 895
204 1101
204 1398
204 1918
205 824
206 1118
206 1270
207 479
207 526
209 1637
209 1745
209 1946
210 1907
210 1914
211 306
211 1704
212 260
212 920
213 414
213 1721
213 1722
214 417
214 1144
214 1175
214 1435
215 794
215 1760
216 569
218 250
218 525
219 387
219 518
219 548
219 1862
219 1944
220 904
220 1064
220 1219
220 1646
221 405
221 602
221 861
221 1582
222 1131
222 1645
223 1543
223 1603
223 1772
224 1126
224 1525
224 1930
225 327
225 765
225 894
225 1841
226 464
226 864
226 1534
227 1729
228 587
230 1281
230 1302
230 1374
230 1725
230 1757
230 1969
232 1829
233 353
233 971
233 1376
234 248
234 551
234 960
234 1005
234 1729
235 252
235 453
235 472
235 1074
235 1574
236 1150
236 1453
236 1849
236 1995
237 1057
237 1846
238 1383
239 618
239 1645
240 1460
240 1697
242 368
242 1600
243 850
243 1551
243 1653
243 1669
244 1020
244 1927
245 1193
246 390
246 1166
247 1302
247 1673
247 1791
248 781
248 1509
249 572
249 580
249 833
249 1527
250 325
250 374
252 256
252 1037
252 1851
253 643
253 1124
253 1367
253 1702
254 1745
255 1826
255 1865
256 586
256 797
256 1024
256 1077
256 1340
257 1608
257 1779
258 464
259 382
259 522
259 978
259 1272
259 1802
260 840
260 1477
260 1953
261 389
261 564
262 810
262 812
263 729
263 1949
264 978
264 1463
264 1536
264 1705
265 1262
266 1704
266 1868
267 376
267 1231
267 1234
267 1662
268 403
268 1255
268 1271
269 1087
269 1652
270 697
270 1381
270 1420
270 1802
271 468
271 497
271 767
273 1027
273 1737
274 496
274 1546
276 787
278 1232
278 1298
278 1888
278 1987
279 1145
279 1571
279 1982
280 645
280 837
280 1191
281 519
281 1550
282 306
282 1741
283 1828
285 614
285 844
285 1231
285 1467
286 294
286 435
286 1927
286 1981
287 1074
287 1477
287 1765
288 499
289 482
289 1215
290 645
290 1078
290 1244
290 1613
290 1732
290 1752
290 1910
291 774
291 861
291 1278
292 607
292 913
292 934
293 584
294 710
294 830
294 1232
295 614
296 538
296 1309
296 1989
297 449
297 741
297 971
297 1342
297 1454
297 1863
298 482
299 494
299 972
299 1505
299 1680
299 1876
300 532
300 1164
300 1670
301 658
301 871
301 1423
301 1495
301 1685
302 355
302 699
302 768
302 982
303 726
303 930
304 768
304 1040
304 1119
305 1490
305 1893
306 1015
306 1767
306 1928
307 586
307 979
307 1795
308 840
309 419
309 499
309 1137
309 1786
310 1825
310 1911
311 1610
311 1780
311 1851
311 1949
313 509
314 423
314 911
314 1094
314 1386
314 1791
314 1914
314 1988
315 451
315 1212
316 1159
316 1733
316 1972
317 327
317 574
317 1389
317 1548
317 1866
320 1250
320 1344
320 1642
321 545
321 720
321 1372
321 1686
322 1519
323 864
324 929
324 1804
325 730
325 748
325 831
325 1329
325 1635
326 1260
327 1533
328 635
329 449
329 532
329 863
329 1621
329 1874
330 1060
330 1428
331 883
333 387
333 607
333 1891
334 1282
334 1606
335 692
335 712
335 938
336 390
336 517
336 1280
337 670
337 1893
338 586
338 825
338 1418
338 1502
338 1612
340 1049
341 871
341 1564
342 366
342 1266
343 612
343 1025
343 1543
344 590
344 1064
345 641
345 990
345 1735
346 519
346 591
346 890
346 1289
346 1808
347 475
347 847
347 1405
348 752
348 753
348 1333
348 1762
348 1781
348 1967
349 1387
350 451
350 527
351 923
352 836
352 849
352 1631
352 1800
353 869
353 1960
354 1080
354 1256
355 784
355 1790
356 1029
357 557
357 767
357 1393
357 1535
357 1967
358 1124
359 389
359 1404
359 1421
360 609
360 815
360 891
360 1113
360 1676
360 1868
361 806
362 1792
362 1887
363 892
363 1089
363 1206
364 764
364 1942
365 733
366 980
366 1304
367 717
367 1450
369 748
369 1156
369 1977
370 466
371 675
371 1689
371 1850
372 789
372 1083
372 1882
373 1390
373 1584
374 784
374 868
374 873
374 1224
374 1804
374 1911
375 397
375 1862
375 1912
376 591
377 844
377 1876
378 1982
380 1014
380 1235
380 1383
380 1652
381 486
381 792
381 995
381 1853
381 1970
382 424
382 688
382 1215
382 1382
382 1623
383 840
384 751
385 1486
386 1381
386 1686
386 1702
387 924
387 1119
387 1364
388 974
389 939
389 1165
389 1217
389 1281
389 1454
390 1150
391 624
391 1589
391 1911
392 1729
392 1790
392 1876
394 549
394 966
394 1426
394 1793
394 1877
395 1040
395 1078
395 1083
395 1338
395 1849
396 802
396 1463
397 1332
397 1734
398 514
398 566
398 1811
399 521
399 527
399 1108
399 1531
399 1830
399 1899
400 1447
400 1635
401 664
401 773
401 1090
401 1214
401 1806
401 1971
402 965
402 1026
402 1297
402 1417
402 1684
403 731
403 1788
404 1224
404 1320
404 1371
405 1042
405 1118
405 1142
406 470
406 505
406 1521
408 693
408 1421
409 817
410 740
410 1977
411 1336
411 1758
412 1477
413 1910
414 513
415 1011
416 1469
416 1623
416 1976
417 969
419 931
419 1679
420 1480
420 1747
421 804
421 960
421 1648
422 534
422 882
422 1362
422 1378
422 1782
422 1965
423 568
423 987
423 1686
423 1748
424 664
424 1143
424 1625
425 561
425 1250
425 1968
426 1643
428 515
428 1434
429 1553
430 1600
431 763
431 1306
432 663
432 1047
432 1638
433 484
433 1890
434 890
434 1134
434 1248
435 1620
435 1951
436 489
436 1076
437 821
437 1467
437 1520
438 725
440 578
440 836
440 1848
441 1958
442 1029
442 1062
442 1241
443 897
443 1512
443 1539
444 758
444 810
444 818
444 1097
444 1257
444 1297
444 1618
444 1688
445 1314
445 1567
446 1363
447 1202
447 1617
447 1850
448 729
448 952
449 1267
449 1527
449 1552
449 1555
450 1616
450 1690
451 653
451 1608
451 1976
451 1996
452 604
452 1692
453 1831
454 667
454 874
455 1456
455 1558
456 505
456 769
456 1289
456 1313
456 1406
456 1859
457 1439
459 1511
459 1868
459 1968
460 729
461 511
461 655
461 1169
461 1500
462 818
462 923
462 1939
463 1008
463 1546
463 1633
463 1702
463 1972
464 962
464 1928
465 1080
465 1437
465 1929
466 1726
467 1284
467 1347
468 658
468 827
468 1569
469 817
469 1048
469 1936
470 1424
471 656
471 669
472 927
472 982
473 1400
473 1799
475 506
475 1719
476 702
477 798
478 627
478 1474
479 616
479 809
479 1663
480 1028
480 1839
481 570
482 1906
483 1129
483 1565
483 1981
484 585
484 1632
485 486
485 836
485 1180
485 1568
486 1507
486 1567
486 1841
487 589
488 1522
488 1526
488 1777
490 1058
490 1140
490 1195
490 1241
491 647
491 1837
492 760
492 1500
492 1775
493 1338
494 1327
494 1722
494 1825
495 1978
495 1997
496 1560
497 957
497 1929
498 1184
498 1495
499 796
499 909
500 1449
500 1733
500 1828
501 1554
502 701
502 1848
503 751
503 823
503 1107
503 1447
504 1049
505 1489
506 765
506 857
506 1415
507 668
507 670
507 1202
508 1622
509 1445
509 1532
510 552
510 593
510 607
510 1476
510 1801
511 1249
511 1480
512 820
512 1467
512 1808
513 845
513 1368
513 1548
514 600
514 912
514 1127
514 1757
514 1937
515 552
516 1316
516 1634
517 1334
517 1483
517 1863
518 1067
518 1824
519 812
519 1068
519 1197
520 834
520 1133
520 1852
521 1010
521 1700
523 1876
523 1986
524 647
525 1330
526 1352
526 1378
526 1578
526 1981
527 1203
528 984
528 1358
528 1860
529 1289
529 1449
529 1514
529 1636
530 801
530 1627
532 946
534 822
534 846
534 1170
534 1187
534 1323
534 1566
536 1106
536 1131
536 1550
537 1366
537 1478
537 1898
537 1986
538 756
538 875
538 1059
538 1318
538 1980
539 1797
540 1085
540 1598
540 1794
541 1321
543 1023
543 1785
544 643
544 865
545 1192
545 1389
546 579
546 1865
547 779
547 904
547 1700
548 962
548 1011
548 1402
548 1638
548 1864
549 1854
550 1032
550 1135
550 1391
551 1606
551 1653
552 903
552 1014
553 567
553 664
553 1806
554 726
554 1071
555 695
556 733
556 1063
556 1753
557 688
558 934
558 1105
558 1244
559 1523
559 1767
560 1022
560 1340
560 1811
561 1173
561 1723
561 1900
562 815
562 913
564 923
564 1964
565 676
565 842
565 1390
566 985
566 1096
566 1882
567 1003
569 1900
570 678
570 1113
570 1772
572 869
572 1552
572 1803
572 1924
573 1169
573 1257
573 1548
573 1921
574 581
574 1196
575 1984
576 814
576 1598
576 1788
576 1967
577 1559
578 1866
579 638
579 1419
579 1711
580 952
580 1246
581 844
581 1592
581 1827
582 969
582 1732
583 685
583 1364
585 708
585 1067
587 1605
588 1121
590 1638
591 1468
592 748
592 883
592 1113
592 1169
592 1652
592 1795
594 904
594 1993
595 1241
596 939
596 1926
596 1948
597 636
597 1457
597 1481
597 1830
598 767
598 1023
598 1167
599 806
599 1785
600 645
600 1402
601 891
601 1850
602 1030
604 655
604 848
604 1598
605 725
605 867
605 1254
605 1373
605 1980
606 1971
606 1974
607 696
607 750
607 1799
608 891
608 919
608 1742
609 884
610 1865
611 804
611 976
611 1344
611 1524
611 1665
611 1806
611 1939
612 924
612 1532
612 1619
613 1086
613 1469
613 1631
614 1138
614 1914
614 1931
615 728
615 788
615 1052
615 1483
616 838
616 1613
617 747
617 883
617 1308
617 1419
617 1550
617 1926
618 1440
618 1696
618 1907
619 1303
619 1314
619 1699
621 1052
622 1610
623 1473
624 1057
624 1103
625 1062
625 1305
625 1578
626 1372
626 1919
627 1503
628 880
628 1325
628 1751
630 880
630 1176
632 1617
634 701
634 797
635 921
635 1808
636 1185
637 943
638 849
638 1378
638 1596
638 1904
639 1003
639 1191
640 1794
641 1448
642 1719
643 1713
644 1964
645 807
645 850
645 1246
646 895
647 1542
648 1790
648 1850
649 660
649 680
650 1093
651 716
651 1380
652 1442
652 1546
653 926
653 1984
654 1798
655 822
657 1364
657 1415
658 1069
659 1755
659 1933
660 778
660 1181
660 1932
661 1267
661 1327
661 1368
664 1799
664 1894
665 735
665 978
665 1702
667 1234
668 763
668 1331
668 1533
668 1551
668 1691
669 848
669 1137
669 1353
669 1372
669 1387
670 758
670 865
670 1011
670 1432
670 1445
670 1536
671 974
671 1515
671 1671
671 1715
672 677
672 747
672 845
672 1353
672 1528
672 1529
673 1226
673 1566
674 1038
674 1935
675 852
675 1260
676 1650
677 1371
678 1399
679 1952
680 744
680 994
681 1576
682 1737
683 1635
684 1183
684 1586
685 998
685 1522
685 1697
686 791
686 1467
686 1553
687 1871
689 1034
691 737
692 854
692 1290
692 1768
693 832
693 1427
694 1699
695 935
695 1087
695 1317
696 1010
696 1569
696 1603
696 1974
697 1191
698 1888
699 936
699 1247
700 900
700 1234
700 1659
701 1352
701 1556
702 930
702 1554
704 880
704 1064
704 1630
704 1770
705 1226
705 1301
705 1784
706 813
706 988
706 1583
707 951
708 841
708 985
709 1608
710 1283
710 1347
711 994
711 1166
711 1675
712 1140
712 1770
712 1925
713 1330
713 1403
713 1797
714 1745
714 1983
715 1593
715 1673
716 1456
716 1554
717 954
717 1340
717 1464
717 1696
718 1018
718 1034
719 825
719 1428
721 1681
722 1547
722 1603
722 1874
722 1878
723 834
723 1099
723 1277
723 1385
723 1396
723 1501
723 1551
724 905
724 1008
724 1768
724 1981
726 1917
727 1605
727 1660
727 1939
727 1982
728 1163
728 1217
729 840
729 1560
731 1118
731 1385
731 1529
731 1706
732 1520
732 1760
733 1579
733 1941
734 995
735 1142
735 1389
735 1975
736 1091
736 1098
737 1284
737 1755
738 870
738 1165
738 1235
738 1709
739 1496
739 1805
739 1964
740 1806
741 816
741 1245
741 1574
742 1565
744 937
745 1612
745 1733
746 1048
747 1324
747 1500
749 1135
752 783
752 872
752 1412
753 1377
754 1729
755 1138
755 1491
756 955
756 1383
756 1386
757 843
757 1185
758 802
758 1641
759 779
760 1156
760 1680
760 1706
761 1134
761 1906
762 1031
762 1175
762 1806
763 911
764 1543
764 1910
764 1936
765 1237
766 1264
766 1556
767 1023
767 1154
767 1661
767 1690
768 1042
768 1174
769 943
769 969
769 1420
769 1640
769 1860
770 1082
770 1203
771 1013
771 1118
771 1421
771 1444
771 1522
771 1839
773 869
773 1230
774 805
774 1613
774 1841
774 1872
775 919
775 1703
776 1811
777 1480
778 1630
780 897
780 1285
780 1412
780 1811
781 1473
781 1635
781 1979
783 1288
783 1646
784 940
784 1237
784 1296
784 1303
784 1939
785 1221
785 1280
785 1973
786 1284
786 1325
787 1351
787 1950
789 1731
790 1124
791 1222
791 1268
792 1776
793 865
793 873
794 1925
796 1302
796 1378
796 1626
796 1630
797 1764
798 942
798 1356
798 1808
798 1984
799 1311
800 1296
800 1583
801 944
801 1463
803 1849
804 850
804 856
804 869
804 1556
804 1603
804 1899
805 966
805 1361
805 1894
806 1840
806 1891
806 1898
807 1239
807 1703
808 1086
808 1190
809 1219
810 1764
810 1787
811 1602
811 1692
811 1956
812 987
812 1501
813 1128
813 1379
814 844
814 1076
814 1231
814 1264
815 843
815 1223
815 1644
816 1160
817 1766
818 890
818 1635
819 994
819 1270
819 1476
820 824
820 1288
821 1113
822 985
822 1002
823 1063
823 1838
824 1205
824 1824
827 1039
827 1187
827 1318
828 1339
828 1377
828 1514
828 1550
828 1556
829 1351
829 1562
829 1812
830 1229
831 1876
832 1495
832 1653
833 1397
833 1852
834 1440
835 1149
836 957
837 941
838 1086
841 1154
841 1369
842 1525
842 1820
843 1827
846 934
848 997
849 1268
849 1795
850 1897
850 1934
851 1126
851 1197
851 1210
851 1699
851 1715
852 1630
852 1920
853 907
853 1248
853 1344
854 1458
854 1799
855 1232
856 1773
857 1062
857 1250
857 1659
858 931
858 1453
858 1551
859 1213
859 1316
859 1650
859 1780
860 1324
861 1580
863 1172
863 1564
863 1981
864 1502
864 1513
864 1537
864 1605
865 987
865 1450
865 1742
865 1953
866 1421
867 1193
867 1204
868 902
868 1571
869 917
870 1059
870 1231
870 1904
872 964
872 1915
873 1190
873 1258
874 953
875 1499
875 1800
876 1923
876 1952
877 1473
878 1370
879 1192
879 1353
881 1131
881 1870
882 1371
882 1914
883 972
883 1023
883 1241
883 1765
883 1832
884 1268
884 1490
886 1455
886 1841
886 1860
887 1398
887 1566
888 1068
889 1139
889 1276
890 934
890 1035
890 1340
890 1627
892 1394
894 1648
894 1675
896 1193
896 1924
897 1911
898 1903
899 1568
899 1747
899 1977
900 1241
900 1420
901 972
901 1239
901 1446
901 1836
902 1801
903 1338
903 1569
904 1243
904 1480
904 1729
905 1636
906 1266
906 1325
906 1949
907 1235
908 1019
910 1621
910 1647
910 1793
911 915
913 1162
913 1222
914 1613
914 1820
914 1990
916 980
917 931
917 1143
918 1287
918 1646
918 1982
919 1343
919 1556
920 1018
920 1407
920 1744
921 1393
923 1042
923 1552
923 1772
924 1549
925 1395
925 1712
925 1868
925 1935
925 1954
925 1984
926 1246
926 1253
926 1557
926 1603
927 1011
929 1113
931 1044
931 1637
931 1839
932 1167
932 1301
932 1625
932 1772
933 1842
935 1032
935 1123
935 1466
936 1006
936 1465
936 1820
937 1704
937 1917
938 975
938 1956
939 1523
939 1824
941 1703
941 1863
942 1021
942 1991
943 1199
944 1058
944 1432
944 1810
945 1778
947 1022
949 1093
949 1437
951 1377
951 1728
951 1784
952 1186
953 1649
954 1179
954 1387
955 1174
955 1496
955 1499
955 1602
956 1639
960 1007
960 1860
962 1181
962 1541
963 1140
964 1560
965 1938
966 1988
967 1877
967 1903
967 1925
968 1499
968 1537
972 1512
972 1760
972 1958
973 1488
974 1394
976 1076
976 1869
977 1383
978 991
978 1617
978 1991
979 1276
979 1638
979 1896
979 1931
980 990
980 1600
981 1518
981 1712
982 1077
982 1435
982 1956
984 1781
985 1062
985 1773
985 1889
986 1364
986 1562
986 1753
986 1983
987 1045
987 1103
987 1369
990 1175
990 1610
990 1839
991 1012
991 1031
991 1361
991 1951
992 1315
992 1992
993 1284
993 1739
994 1534
995 1531
996 1923
997 1631
998 1167
998 1184
998 1535
998 1574
998 1736
999 1021
999 1502
999 1555
1000 1224
1000 1892
1000 1965
1001 1441
1002 1694
1003 1374
1004 1426
1005 1895
1007 1394
1008 1639
1009 1449
1010 1406
1010 1803
1011 1824
1012 1448
1012 1581
1012 1712
1012 1980
1013 1300
1013 1463
1013 1559
1014 1125
1015 1312
1015 1844
1016 1127
1016 1699
1016 1922
1016 1978
1017 1603
1018 1258
1018 1348
1019 1152
1019 1852
1020 1963
1020 1984
1023 1385
1023 1506
1024 1061
1024 1098
1024 1273
1024 1281
1024 1555
1024 1725
1026 1686
1028 1048
1030 1164
1030 1205
1030 1486
1030 1783
1031 1143
1031 1551
1032 1277
1032 1644
1033 1834
1034 1568
1036 1163
1036 1245
1036 1723
1036 1876
1036 1901
1039 1607
1040 1068
1040 1292
1040 1557
1041 1271
1041 1948
1042 1214
1042 1890
1043 1390
1043 1441
1046 1385
1046 1975
1048 1504
1049 1406
1050 1070
1050 1563
1052 1961
1053 1090
1053 1139
1053 1243
1053 1484
1053 1974
1054 1594
1056 1256
1057 1955
1058 1659
1058 1791
1058 1956
1059 1094
1059 1637
1059 1827
1060 1309
1060 1315
1060 1739
1060 1750
1064 1773
1065 1819
1066 1594
1067 1098
1067 1153
1067 1870
1068 1144
1070 1286
1070 1618
1070 1927
1071 1091
1072 1782
1073 1330
1073 1630
1073 1950
1075 1233
1075 1528
1078 1695
1078 1958
1079 1527
1080 1637
1080 1715
1081 1573
1081 1762
1082 1147
1083 1904
1084 1146
1084 1332
1085 1216
1086 1088
1086 1852
1087 1712
1088 1551
1088 1654
1088 1985
1090 1438
1090 1629
1091 1373
1091 1813
1092 1594
1093 1283
1093 1332
1093 1374
1093 1663
1093 1680
1093 1828
1097 1475
1097 1938
1097 1994
1099 1907
1100 1236
1100 1404
1102 1267
1102 1815
1103 1574
1104 1563
1104 1649
1105 1307
1105 1390
1105 1914
1107 1393
1108 1188
1109 1581
1110 1189
1110 1856
1111 1787
1112 1146
1113 1364
1114 1777
1117 1153
1117 1385
1118 1150
1118 1285
1118 1461
1119 1436
1119 1772
1119 1991
1120 1501
1121 1227
1122 1676
1123 1591
1123 1769
1124 1463
1124 1570
1126 1942
1127 1556
1128 1208
1128 1591
1128 1705
1129 1750
1130 1212
1130 1846
1133 1351
1135 1183
1136 1273
1136 1299
1136 1677
1137 1410
1138 1761
1139 1214
1139 1573
1140 1246
1141 1916
1142 1739
1143 1232
1144 1860
1144 1931
1145 1457
1145 1743
1146 1184
1149 1220
1149 1388
1149 1796
1149 1948
1150 1199
1150 1538
1150 1760
1151 1434
1151 1499
1152 1472
1153 1236
1153 1834
1154 1921
1155 1387
1156 1178
1156 1206
1156 1946
1157 1178
1157 1689
1159 1764
1159 1953
1162 1304
1163 1476
1165 1882
1166 1268
1166 1410
1166 1701
1166 1758
1166 1843
1168 1252
1168 1602
1168 1632
1169 1209
1169 1548
1169 1921
1170 1645
1171 1248
1171 1388
1171 1416
1171 1597
1172 1679
1172 1734
1172 1914
1174 1872
1174 1936
1177 1929
1178 1273
1179 1187
1181 1242
1182 1637
1183 1251
1184 1238
1184 1326
1185 1396
1185 1662
1186 1201
1186 1409
1186 1768
1187 1601
1187 1842
1189 1548
1190 1203
1191 1369
1191 1499
1194 1305
1195 1651
1198 1684
1200 1758
1201 1415
1201 1483
1202 1804
1203 1674
1206 1480
1207 1517
1208 1443
1209 1726
1210 1520
1210 1835
1210 1902
1212 1297
1212 1621
1214 1967
1215 1394
1215 1797
1215 1900
1218 1819
1218 1852
1222 1739
1223 1362
1223 1436
1223 1675
1225 1301
1227 1628
1228 1355
1228 1519
1228 1766
1230 1527
1230 1894
1231 1776
1233 1582
1233 1969
1236 1427
1237 1573
1237 1614
1239 1491
1241 1384
1241 1921
1242 1575
1243 1765
1245 1246
1245 1418
1245 1648
1245 1924
1246 1780
1246 1828
1246 1996
1247 1420
1247 1706
1248 1323
1248 1350
1248 1707
1249 1478
1251 1849
1251 1887
1254 1305
1254 1323
1255 1491
1256 1467
1256 1614
1257 1703
1258 1265
1258 1570
1258 1770
1258 1828
1260 1337
1261 1981
1262 1516
1262 1666
1262 1682
1262 1820
1263 1421
1264 1683
1264 1794
1264 1936
1265 1383
1265 1443
1265 1704
1266 1961
1267 1803
1270 1447
1271 1434
1273 1391
1273 1947
1273 1995
1277 1414
1278 1406
1278 1440
1280 1658
1281 1751
1282 1693
1285 1866
1286 1640
1287 1357
1287 1507
1287 1848
1289 1313
1289 1445
1291 1425
1294 1752
1296 1355
1298 1354
1298 1379
1300 1326
1300 1433
1301 1632
1302 1486
1303 1516
1304 1474
1305 1460
1306 1367
1307 1710
1307 1966
1308 1353
1308 1620
1309 1377
1310 1420
1310 1636
1310 1930
1311 1480
1311 1946
1312 1417
1314 1872
1314 1944
1316 1626
1316 1651
1322 1932
1325 1373
1326 1413
1326 1459
1326 1574
1327 1596
1328 1681
1330 1922
1332 1607
1333 1539
1333 1540
1334 1539
1334 1574
1334 1755
1335 1619
1335 1816
1336 1925
1337 1995
1339 1441
1340 1605
1340 1958
1341 1817
1342 1577
1342 1754
1343 1875
1344 1418
1347 1774
1350 1627
1350 1726
1350 1753
1351 1361
1352 1903
1355 1390
1355 1463
1357 1493
1358 1371
1359 1970
1361 1880
1362 1544
1362 1882
1367 1703
1367 1865
1368 1505
1368 1594
1368 1787
1368 1840
1368 1991
1371 1405
1371 1486
1374 1580
1376 1530
1376 1948
1377 1836
1378 1441
1378 1923
1381 1423
1381 1456
1381 1891
1382 1600
1382 1869
1382 1871
1383 1427
1385 1445
1386 1601
1386 1858
1386 1961
1387 1596
1388 1544
1388 1690
1390 1516
1390 1942
1390 1949
1395 1483
1398 1828
1401 1929
1402 1580
1403 1495
1404 1536
1405 1623
1406 1964
1408 1495
1408 1674
1408 1961
1409 1506
1412 1537
1412 1887
1415 1974
1415 1985
1416 1512
1416 1601
1417 1488
1417 1511
1417 1889
1420 1462
1420 1829
1425 1555
1425 1915
1429 1484
1429 1545
1429 1559
1430 1495
1430 1499
1431 1490
1431 1509
1432 1618
1433 1812
1434 1665
1435 1558
1438 1667
1438 1703
1440 1808
1441 1728
1444 1708
1444 1864
1445 1776
1447 1993
1449 1833
1450 1565
1450 1707
1451 1660
1453 1500
1454 1505
1454 1997
1455 1518
1456 1724
1457 1587
1457 1817
1458 1814
1460 1592
1461 1520
1463 1853
1465 1643
1473 1870
1473 1996
1474 1682
1474 1784
1479 1778
1480 1824
1482 1530
1485 1809
1486 1740
1487 1672
1487 1835
1488 1680
1488 1902
1489 1735
1489 1969
1490 1954
1491 1728
1493 1553
1493 1627
1494 1570
1494 1682
1497 1807
1497 1934
1498 1531
1499 1528
1499 1841
1506 1924
1507 1569
1507 1716
1508 1623
1511 1696
1515 1853
1515 1890
1517 1833
1518 1767
1518 1907
1523 1570
1523 1787
1524 1746
1527 1922
1528 1587
1528 1690
1529 1835
1535 1605
1535 1788
1535 1833
1536 1589
1540 1947
1541 1640
1541 1922
1541 1989
1542 1708
1543 1544
1543 1905
1543 1994
1544 1735
1545 1574
1545 1898
1546 1801
1548 1744
1549 1575
1549 1726
1551 1574
1551 1872
1552 1574
1552 1956
1555 1696
1555 1938
1558 1618
1559 1883
1561 1591
1562 1795
1564 1968
1566 1693
1570 1798
1570 1817
1572 1609
1573 1722
1573 1742
1576 1595
1578 1636
1578 1852
1579 1836
1579 1889
1580 1675
1581 1633
1582 1949
1583 1618
1583 1636
1584 1705
1585 1953
1586 1713
1587 1756
1589 1781
1590 1993
1591 1618
1595 1739
1596 1632
1596 1858
1600 1688
1601 1834
1601 1949
1607 1629
1613 1662
1613 1842
1615 1662
1615 1950
1617 1887
1618 1800
1619 1772
1621 1673
1623 1673
1630 1960
1631 1986
1635 1891
1638 1961
1641 1786
1643 1871
1648 1863
1648 1922
1649 1656
1651 1871
1651 1914
1652 1775
1652 1926
1654 1798
1656 1663
1659 1950
1662 1675
1662 1687
1662 1755
1662 1803
1663 1737
1664 1712
1664 1910
1665 1712
1666 1842
1670 1690
1670 1759
1678 1914
1680 1995
1682 1801
1685 1941
1689 1856
1690 1836
1690 1940
1692 1830
1693 1962
1698 1903
1698 1980
1701 1713
1703 1804
1703 1976
1704 1728
1704 1889
1705 1944
1715 1886
1717 1912
1718 1925
1719 1874
1720 1849
1720 1926
1722 1989
1724 1888
1726 1849
1726 1917
1731 1793
1731 1997
1732 1944
1735 1738
1736 1769
1740 1772
1740 1794
1746 1969
1746 1989
1747 1778
1752 1841
1752 1849
1752 1930
1760 1828
1763 1806
1766 1839
1766 1929
1776 1867
1780 1834
1780 1853
1783 1785
1783 1959
1785 1870
1786 1800
1787 1794
1796 1965
1797 1953
1799 1909
1799 1968
1800 1905
1805 1990
1810 1895
1818 1927
1822 1929
1826 1884
1826 1984
1833 1841
1833 1934
1836 1956
1840 1962
1841 1884
1842 1900
1848 1941
1849 1902
1855 1873
1855 1974
1858 1878
1858 1908
1861 1867
1865 1906
1865 1993
1877 1997
1879 1935
1880 1958
1889 1923
1890 1952
1899 1904
1901 1924
1903 1932
1922 1972
1926 1944
1926 1992
1926 1994
1950 1971
