2000 3089
100
99
98
40
58
56
9
14
9
40
69
64
61
32
78
8
40
100
60
99
47
90
96
36
49
46
51
21
62
64
1
22
40
14
74
67
76
34
44
81
30
97
95
85
26
99
44
8
68
67
56
21
51
50
28
11
67
31
70
98
9
52
42
76
78
57
24
27
78
29
71
31
60
64
34
13
99
68
83
23
60
53
12
66
55
20
32
95
78
36
86
50
37
52
40
36
41
40
63
21
57
46
24
11
68
95
50
38
44
96
32
2
49
79
22
22
58
44
71
55
69
83
87
76
17
86
30
46
17
5
6
90
18
79
12
13
43
14
34
52
98
66
32
90
14
17
17
77
79
30
71
8
28
20
78
45
60
87
91
90
48
85
21
73
16
30
25
43
82
71
73
27
87
52
51
91
95
55
49
84
3
18
29
100
71
41
21
52
66
98
28
80
95
31
18
91
21
21
30
47
46
46
64
94
11
28
18
78
11
12
51
27
96
70
1
44
35
3
56
74
79
60
5
56
81
89
69
28
38
71
50
67
1
13
71
80
95
9
61
26
28
57
95
18
64
99
47
60
84
14
45
40
19
3
78
72
12
34
55
9
13
99
87
45
42
95
64
78
63
5
3
97
3
57
87
56
13
69
64
14
32
14
84
79
4
80
94
97
47
2
50
48
26
78
99
12
68
52
19
10
88
41
80
97
85
57
75
12
34
40
67
74
2
62
33
60
19
40
51
4
32
62
85
31
82
84
38
13
52
3
96
13
85
62
29
63
94
54
84
65
99
55
73
2
75
45
57
23
7
48
71
85
73
95
61
51
53
21
28
50
11
30
73
43
80
96
93
26
40
83
98
93
50
5
43
11
28
70
28
41
55
53
15
78
30
72
73
10
6
34
92
41
99
18
22
38
38
33
68
69
63
90
46
97
29
10
88
82
22
68
65
42
53
36
94
59
23
65
21
54
49
59
58
56
82
9
83
19
13
60
51
74
83
92
49
56
8
34
51
38
73
85
43
14
72
15
77
26
23
16
88
56
29
81
2
71
1
30
99
50
71
13
52
63
89
63
9
24
69
29
28
22
88
15
99
55
15
80
80
13
66
75
100
95
38
88
100
25
12
96
8
6
86
10
86
61
37
39
1
26
98
14
54
27
69
30
98
86
93
31
83
33
52
75
24
17
90
15
31
75
19
5
65
39
45
25
51
63
84
67
22
85
19
69
46
83
50
59
72
94
50
60
69
22
35
91
97
74
85
90
46
87
50
42
37
32
88
20
82
9
52
30
14
91
85
73
73
95
71
98
94
34
9
94
4
91
73
27
19
53
84
6
81
24
99
11
20
66
29
74
21
7
16
2
87
84
7
100
100
54
79
97
36
26
58
23
39
50
38
57
26
9
9
49
32
59
20
59
40
99
33
23
79
71
43
11
25
70
22
73
46
11
49
50
84
71
86
77
48
62
37
74
100
82
60
39
14
15
82
53
18
80
22
100
45
45
11
6
60
81
50
36
79
98
24
11
25
58
40
32
86
16
91
69
84
77
22
74
37
53
40
84
61
68
22
97
49
10
6
89
32
97
66
40
75
78
35
68
67
60
89
15
55
22
33
59
18
17
80
21
79
53
6
49
59
2
54
77
39
50
28
21
74
12
24
85
24
18
79
28
28
30
46
38
42
21
57
22
91
91
48
22
40
54
47
66
85
96
12
25
89
86
30
40
72
93
7
77
9
46
56
62
63
67
61
54
53
63
53
50
95
62
26
49
5
40
67
42
5
23
95
72
84
67
86
7
48
96
100
98
34
94
25
15
20
82
48
5
61
97
54
33
88
77
76
78
44
5
83
99
9
36
52
48
62
45
78
57
51
92
57
77
44
2
97
53
17
42
73
11
49
4
62
47
72
94
89
12
20
38
92
63
8
92
4
71
87
38
100
53
42
16
83
87
3
73
51
69
1
49
88
97
17
73
95
58
67
65
61
17
3
22
22
32
53
75
39
33
100
4
59
69
82
21
41
49
9
38
71
60
83
31
48
14
2
58
41
56
53
71
99
70
11
18
16
34
84
74
37
4
87
75
73
49
51
10
22
16
67
75
45
34
31
9
74
27
56
20
17
60
7
27
62
76
90
31
21
56
42
58
89
22
4
20
88
6
28
12
8
22
33
94
14
44
53
79
37
54
65
85
94
57
43
26
77
63
15
6
14
20
69
79
5
32
9
27
63
76
14
7
48
31
50
36
47
71
41
38
82
35
42
85
84
62
39
57
65
7
25
26
80
87
40
97
82
82
91
25
1
67
3
92
36
16
25
20
49
29
23
22
23
27
18
22
51
91
39
1
10
74
6
63
41
71
49
39
3
25
7
63
12
39
23
40
83
12
1
34
81
82
87
17
86
99
4
68
34
78
38
83
95
1
71
4
69
59
26
56
40
89
29
12
86
40
53
14
34
63
16
46
55
43
16
75
12
79
75
91
77
77
81
51
9
9
89
80
84
84
69
35
38
90
44
21
91
2
81
74
30
32
93
96
72
36
68
69
85
40
31
70
98
6
36
92
58
29
28
58
40
9
33
19
81
32
6
90
54
44
43
5
15
74
91
6
10
15
95
77
87
49
55
51
82
22
49
59
35
83
7
62
66
63
39
57
18
17
15
55
42
47
26
32
22
3
55
66
14
3
38
46
34
10
53
87
24
87
28
32
39
45
67
37
13
17
7
53
13
67
9
63
49
41
39
37
45
19
16
31
2
44
33
65
33
50
3
34
31
22
11
29
57
90
72
78
15
62
39
56
82
3
33
95
46
47
51
48
81
79
73
19
8
97
51
8
36
44
52
78
95
61
84
9
95
41
45
70
24
47
76
53
46
95
15
70
100
52
36
60
98
36
40
23
14
4
76
1
41
1
38
49
68
81
68
72
64
64
66
77
60
61
12
95
17
39
28
87
61
29
14
31
22
8
93
80
9
62
63
63
62
27
29
34
13
56
44
79
56
51
40
59
31
34
36
92
17
60
99
23
40
70
66
31
67
92
23
16
84
34
18
9
75
73
46
25
21
8
91
62
67
4
48
45
67
38
98
40
32
69
44
51
26
37
21
81
18
43
90
8
90
19
84
18
77
5
57
77
25
76
84
67
65
10
80
45
47
17
33
43
22
8
40
78
69
68
74
36
58
78
26
42
92
100
56
25
47
7
22
68
45
70
99
43
94
27
86
41
10
41
43
42
15
1
50
65
72
61
6
94
27
85
56
80
52
19
19
8
52
32
97
73
25
92
82
14
54
72
95
61
33
96
60
10
54
54
90
80
95
41
67
18
10
9
99
90
12
22
34
15
60
54
83
91
80
62
1
59
49
13
57
12
96
53
92
98
46
52
96
46
97
32
34
98
89
3
98
92
88
12
75
80
35
67
69
12
28
88
30
41
33
96
18
2
61
13
98
72
56
54
64
86
93
82
96
22
84
21
72
61
31
23
99
37
71
94
78
1
52
85
16
5
82
100
23
63
7
9
98
49
85
14
33
98
17
69
72
70
34
22
90
79
48
91
22
21
32
77
35
57
82
13
64
13
20
11
24
71
67
9
4
8
29
32
67
77
48
18
43
78
99
36
24
20
80
27
1
64
64
49
63
64
12
14
11
6
96
21
75
77
52
65
98
16
9
35
19
80
31
44
60
74
63
2
14
16
85
91
43
93
71
39
67
23
61
92
13
38
24
50
21
45
43
53
37
99
48
28
63
14
96
72
66
35
99
84
97
33
44
17
66
50
37
36
45
76
28
41
15
86
45
60
53
15
38
31
83
30
35
30
24
86
8
80
33
16
93
41
9
76
96
22
6
61
26
30
20
48
53
24
12
18
90
67
16
14
21
78
87
84
6
72
52
51
19
98
25
80
79
42
23
32
20
55
68
79
92
36
10
87
97
71
41
56
81
25
81
20
48
99
5
13
64
19
48
78
86
50
27
68
4
36
99
57
58
37
73
89
23
22
72
62
45
50
12
71
93
57
16
30
4
60
42
61
2
30
73
99
61
58
48
43
80
75
76
39
5
30
50
79
53
15
32
51
13
38
24
73
70
97
89
20
59
61
49
81
81
10
10
87
73
67
85
56
10
13
28
79
11
81
19
70
45
9
44
51
49
76
85
4
21
70
30
30
22
24
69
73
48
74
2
57
7
82
27
28
100
66
52
4
16
63
47
52
6
85
68
54
63
23
1
91
67
78
38
70
57
13
2
19
88
45
1
16
67
21
76
64
37
12
31
83
24
24
4
91
63
66
98
57
90
7
80
24
29
40
44
86
100
12
72
96
63
43
97
8
46
34
23
32
45
49
96
45
53
59
43
24
69
26
91
50
35
68
4
14
34
55
7
47
66
30
47
52
85
51
55
24
88
47
85
12
86
56
42
12
71
11
19
79
68
3
23
95
11
2
10
48
40
25
8
60
65
69
92
14
24
70
58
83
90
24
96
67
82
82
27
77
31
99
24
32
75
47
86
48
39
77
35
86
49
64
87
34
25
92
72
32
33
57
99
77
0 76
0 714
0 718
0 869
1 788
1 1065
1 1172
1 1313
2 91
2 1674
3 1622
4 129
4 1564
5 682
5 1573
6 173
6 543
6 922
7 160
7 607
7 1243
7 1376
7 1590
7 1666
8 548
8 1453
8 1558
8 1692
9 13
9 932
10 1486
11 221
11 1095
11 1308
11 1452
12 573
12 1376
12 1407
12 1896
13 323
13 455
14 138
14 318
14 677
14 1935
15 348
15 395
15 1057
15 1079
15 1503
16 161
16 742
16 837
16 1826
17 769
17 1527
18 438
18 777
18 849
19 212
19 1610
19 1978
20 154
20 563
20 995
20 1193
21 380
21 1912
22 410
22 649
22 850
22 973
22 1943
23 171
23 500
23 1364
23 1706
24 980
24 1060
24 1440
24 1872
25 112
25 450
25 636
25 719
25 742
25 1582
25 1604
26 275
26 791
27 747
27 830
27 1825
27 1879
28 33
28 1122
28 1658
30 467
30 707
30 1104
32 455
32 849
32 1791
33 1901
34 469
34 639
34 1845
35 195
35 707
35 960
35 1766
36 45
36 1354
37 143
37 244
37 1504
38 124
39 770
39 1453
39 1760
40 340
40 1652
40 1810
41 74
41 1269
41 1564
41 1630
42 849
42 1566
43 562
43 1160
43 1198
44 555
44 1714
45 1414
46 1045
46 1296
46 1649
48 1601
49 102
49 148
49 1137
49 1358
50 1138
50 1164
50 1344
50 1624
50 1828
50 1937
51 72
51 413
51 1047
51 1133
51 1629
52 460
52 620
52 1094
53 166
53 343
53 1574
54 245
54 650
54 856
54 1177
54 1780
55 1799
55 1987
56 1547
56 1703
57 1410
57 1465
58 818
58 1621
58 1754
58 1998
59 140
59 282
59 441
59 521
59 528
59 557
59 1836
59 1914
59 1915
60 1527
61 532
62 1537
62 1676
62 1859
62 1999
63 278
63 560
63 916
64 466
64 1591
64 1724
64 1863
65 619
65 914
66 69
68 599
68 1258
68 1572
70 481
71 525
71 687
71 1050
71 1387
72 810
72 1383
72 1512
73 200
73 727
73 789
73 1217
73 1268
73 1689
74 158
74 1630
74 1719
74 1939
75 609
75 904
75 1541
76 392
76 437
76 487
77 501
78 838
78 1007
78 1684
79 546
79 1594
79 1987
80 648
80 793
80 955
80 1571
81 460
81 1085
81 1858
82 1991
83 400
83 491
83 510
84 1510
85 965
85 1257
85 1606
86 543
86 1425
87 1443
87 1592
88 264
88 839
88 1018
89 558
89 851
89 1543
89 1880
90 913
90 1412
91 242
91 372
91 723
91 1845
92 1358
93 1128
94 267
94 851
94 1506
95 1344
95 1561
96 264
96 744
96 1264
97 161
97 643
97 1248
98 555
98 1168
98 1760
99 431
99 598
99 689
99 847
100 855
100 1581
100 1888
101 586
101 623
101 996
101 1163
101 1408
102 587
102 1190
102 1308
103 950
103 1962
104 763
104 788
104 1187
104 1508
105 244
105 454
105 870
105 1036
105 1069
106 899
106 1103
106 1185
106 1871
107 563
107 1040
108 894
108 1023
108 1197
108 1314
108 1767
109 1758
110 1792
111 636
111 705
111 1294
111 1631
112 899
112 1452
113 1048
113 1476
114 1610
115 378
115 1449
115 1472
116 145
116 285
116 537
116 796
116 1314
117 364
117 475
118 1036
118 1495
118 1676
119 1051
119 1540
120 692
120 1230
120 1892
121 588
121 667
122 616
122 1075
122 1561
123 422
123 735
123 1147
123 1613
123 1776
123 1852
125 464
125 831
125 928
125 1262
125 1823
126 135
126 730
126 828
126 1461
126 1654
127 1884
128 1477
129 1063
130 356
130 426
130 1126
131 433
131 1255
131 1676
132 193
132 1424
132 1804
133 191
133 1227
133 1573
133 1793
134 845
134 1106
134 1125
134 1350
134 1886
135 508
136 932
136 1261
137 393
137 1922
138 440
138 645
138 1126
138 1304
138 1536
139 265
139 497
140 166
140 816
140 1120
140 1407
141 991
141 1076
141 1780
141 1908
142 505
142 871
143 150
143 1207
143 1974
144 576
144 717
144 1051
144 1714
144 1906
145 915
145 1239
145 1349
146 688
146 789
146 1136
146 1431
146 1959
147 1032
147 1305
147 1819
148 1433
149 358
149 1156
149 1203
149 1510
149 1952
150 571
150 1002
150 1070
150 1103
150 1519
151 403
152 1311
153 690
153 1520
153 1862
154 556
154 904
154 1016
155 865
157 427
157 1698
158 313
158 473
158 1718
158 1763
159 391
159 585
159 1489
160 1134
160 1192
161 536
161 1697
161 1764
162 432
162 890
162 1314
163 451
163 662
163 836
163 1439
164 307
164 752
164 1253
165 845
166 502
167 247
167 301
167 363
167 1973
168 194
168 734
168 1350
168 1541
168 1776
170 824
170 1610
171 1208
171 1272
171 1681
172 1909
173 744
173 987
173 1635
174 212
174 333
175 1142
175 1371
176 343
176 1763
176 1832
177 552
177 802
177 1466
177 1620
177 1743
178 334
178 772
178 1245
178 1587
178 1984
179 298
179 877
179 1984
180 331
180 1516
181 407
181 497
181 651
181 668
181 1051
181 1234
181 1825
182 205
182 919
183 327
183 740
183 1141
183 1811
184 186
184 408
184 1378
184 1553
185 536
186 729
186 873
186 1771
187 460
187 823
187 1206
188 191
188 258
190 1134
190 1221
190 1440
191 385
191 1165
192 507
192 1455
192 1784
193 611
193 881
193 1858
193 1976
194 578
195 1088
195 1131
195 1869
195 1988
196 751
196 966
196 1106
197 877
198 1142
198 1779
199 1091
199 1469
199 1547
202 737
202 765
202 855
203 848
203 921
203 1282
203 1689
204 239
204 903
205 246
205 275
205 389
205 494
205 884
205 920
205 1172
205 1839
206 1121
206 1581
207 248
207 719
207 1096
207 1178
208 385
208 391
208 768
208 1060
208 1328
209 445
209 1334
210 727
210 1229
210 1327
210 1402
210 1834
211 253
211 307
211 1625
211 1778
213 580
214 321
214 1107
214 1218
214 1339
214 1515
215 476
215 1299
215 1407
215 1754
216 1201
216 1784
216 1952
217 1216
217 1284
217 1734
218 333
218 739
219 1316
219 1386
219 1971
220 347
220 580
220 1147
221 589
221 739
222 796
222 1700
222 1973
222 1994
223 1690
224 877
225 927
225 973
226 791
226 824
227 670
227 956
227 1353
227 1386
228 959
228 1715
228 1946
229 283
229 401
229 1177
229 1222
229 1432
230 1396
230 1945
231 328
231 1064
231 1966
232 340
233 1035
233 1040
233 1340
233 1369
234 1715
235 561
235 1456
236 586
236 836
236 1556
236 1559
236 1600
237 282
237 651
237 1435
238 1172
238 1534
238 1544
238 1801
239 907
239 1361
239 1374
239 1429
240 406
240 760
240 1777
242 252
242 1556
243 629
243 1081
243 1734
244 1977
245 679
245 920
245 1490
246 509
247 367
247 372
247 400
247 1315
248 670
248 1005
248 1125
248 1411
249 776
249 1543
250 265
250 1300
251 1706
251 1739
251 1996
252 338
252 1920
253 366
253 1240
253 1781
254 439
254 635
254 984
254 1898
254 1957
255 853
255 922
255 1575
255 1920
258 500
258 1910
259 465
259 1053
259 1651
259 1698
259 1819
260 336
260 496
260 907
260 1032
260 1046
260 1698
260 1746
261 1231
261 1635
261 1994
262 638
262 831
263 1311
263 1712
263 1971
264 763
264 1430
264 1663
265 424
265 565
266 556
266 557
267 385
267 1217
268 1351
268 1422
269 1541
269 1586
270 401
270 528
270 1061
270 1879
271 746
271 1099
271 1164
271 1697
271 1758
272 1375
272 1724
272 1914
272 1923
273 1243
273 1881
274 418
274 1375
274 1425
275 1393
275 1830
276 595
276 673
276 684
276 878
276 1603
276 1964
277 773
277 997
277 1868
278 528
278 671
278 863
278 1983
279 967
279 1068
279 1676
280 314
280 336
280 1346
281 745
281 901
281 1529
282 493
282 1168
282 1710
283 888
283 965
283 1221
283 1551
283 1583
284 1471
284 1911
285 742
285 1905
286 786
286 893
286 1070
286 1200
286 1437
286 1519
287 1480
288 1140
288 1747
289 1227
289 1237
290 638
290 700
290 975
290 1087
291 1279
291 1377
291 1406
292 392
292 1056
292 1128
292 1303
292 1421
295 1032
295 1052
295 1181
296 338
296 891
296 924
296 1180
296 1443
296 1501
296 1829
297 634
297 923
297 1311
297 1526
298 771
298 1776
299 1973
299 1992
300 1337
301 1311
301 1901
302 850
303 348
303 505
303 1306
304 393
304 1525
304 1823
304 1981
305 1062
305 1809
305 1837
305 1877
306 459
306 519
306 1247
306 1331
306 1822
307 1465
308 1546
308 1672
308 1901
311 631
312 547
312 1411
312 1857
313 614
313 1342
313 1603
314 600
314 1176
314 1253
314 1435
314 1563
314 1613
315 1253
315 1272
315 1379
316 1213
317 374
317 1920
318 451
318 943
318 1712
319 453
319 799
319 1833
320 325
320 1407
321 513
321 1110
321 1600
321 1836
322 852
322 1878
323 965
323 1744
323 1912
325 565
326 516
326 958
326 968
326 1190
326 1401
326 1602
327 748
327 1450
328 874
329 1100
329 1278
329 1592
329 1600
330 579
330 1208
330 1729
331 1183
331 1694
333 658
334 531
334 750
334 827
334 1041
335 530
335 660
335 1126
335 1954
336 1140
336 1331
336 1882
338 1075
339 397
339 1260
339 1421
339 1546
340 1219
340 1628
340 1682
341 943
341 1388
342 853
342 1107
342 1487
343 655
343 1110
343 1441
343 1809
343 1905
344 617
344 772
344 1141
344 1423
344 1799
345 760
346 455
346 1244
346 1777
347 453
347 507
347 514
347 1071
347 1355
347 1792
347 1932
347 1957
348 1718
349 998
349 1029
349 1469
349 1510
350 613
350 1291
351 1245
351 1853
352 1028
352 1030
352 1045
352 1204
352 1266
352 1365
353 782
353 1402
353 1418
354 1517
355 1749
355 1887
356 511
356 1688
357 598
357 853
358 568
358 590
358 905
359 501
359 1765
359 1782
361 797
361 1267
361 1570
361 1747
361 1769
363 1759
363 1850
364 372
364 442
364 743
365 664
366 1102
366 1799
367 664
367 893
367 1087
367 1402
368 783
368 1467
368 1802
369 549
369 659
370 382
370 671
371 1101
371 1967
372 1892
372 1981
373 964
373 1161
373 1358
374 553
374 1131
374 1383
374 1547
374 1572
374 1759
374 1764
375 1067
375 1780
376 492
376 1198
376 1741
377 645
377 1287
378 1094
378 1431
378 1488
379 939
379 1172
380 450
380 1587
380 1596
381 632
381 1114
381 1306
381 1686
383 1439
383 1652
384 771
384 1080
384 1449
386 934
386 969
386 1176
386 1592
387 786
387 801
388 1385
389 1797
390 1326
391 1661
391 1727
391 1758
392 1325
392 1440
393 737
395 558
395 1218
395 1926
396 767
396 966
396 1996
397 1092
397 1321
397 1938
398 971
398 1226
398 1945
399 1286
399 1706
400 1782
400 1873
401 403
401 706
401 1381
402 1382
403 464
403 966
403 1269
404 671
404 974
404 1994
405 469
408 1022
408 1680
409 1579
410 788
410 909
411 603
411 1180
411 1399
411 1914
411 1997
413 845
413 1001
413 1010
414 673
414 678
414 1148
414 1934
415 1812
416 1800
417 871
417 1357
418 846
418 1530
419 709
419 990
419 1912
420 424
420 1164
420 1169
420 1760
421 688
421 1103
421 1217
421 1324
422 482
422 668
422 793
422 846
422 1903
422 1953
423 1160
424 934
424 983
424 1490
425 1083
425 1656
425 1850
426 463
426 754
426 998
426 1537
426 1657
426 1803
428 786
429 495
429 859
429 934
429 1137
430 769
430 1016
430 1516
431 811
431 839
432 597
432 734
432 1017
432 1864
433 550
433 675
433 1031
433 1059
433 1637
434 828
434 1640
435 645
435 850
436 1045
436 1324
437 667
437 711
437 1141
437 1560
437 1673
437 1940
438 733
438 1261
438 1517
438 1648
439 1217
439 1484
440 564
440 915
440 1714
440 1755
440 1792
441 1197
442 668
442 1252
442 1961
443 484
443 1082
443 1220
443 1517
444 596
444 1684
446 626
446 706
446 876
446 914
447 515
447 770
447 1204
447 1427
448 560
448 1234
449 1645
450 711
450 862
450 888
451 1165
451 1608
451 1673
452 498
452 1233
453 1371
453 1625
453 1808
454 462
454 1136
454 1394
454 1567
454 1617
454 1797
455 975
456 885
456 1566
456 1759
458 969
458 1136
458 1197
459 1052
461 1171
461 1199
461 1305
461 1944
462 1526
462 1665
463 810
463 1078
463 1871
465 750
466 537
466 1612
467 629
467 741
467 928
468 606
468 840
469 1637
471 978
471 1517
471 1619
472 936
472 1709
472 1946
474 1081
474 1106
474 1818
475 708
475 784
477 1113
477 1770
478 1479
478 1609
478 1791
479 1897
480 1036
480 1110
481 577
481 1150
482 1275
483 515
483 1633
484 1164
484 1440
484 1655
485 534
485 1381
486 1035
486 1151
486 1414
487 761
487 1577
487 1895
488 672
488 1749
488 1753
488 1937
489 1023
489 1541
490 609
490 1146
490 1192
491 603
491 1136
491 1608
492 916
492 1164
493 990
493 1405
494 1742
496 1595
497 608
497 726
497 973
497 1301
498 718
498 1312
498 1885
499 667
499 1754
500 607
500 661
500 1403
502 790
502 1129
502 1391
503 1383
503 1647
503 1960
504 835
504 1243
504 1585
505 635
505 758
505 1007
505 1923
506 714
506 1308
506 1345
508 636
508 894
508 989
508 1120
508 1691
509 575
509 846
509 1618
510 931
510 1485
510 1844
511 834
511 1103
511 1537
511 1814
512 994
512 1330
512 1412
513 1280
513 1682
513 1977
514 1184
514 1200
514 1211
514 1273
514 1595
515 964
515 1348
516 1696
516 1824
518 1506
520 813
520 1919
523 1694
524 1143
524 1848
525 1490
525 1717
526 641
526 786
526 1827
527 982
529 605
529 774
529 935
529 1695
530 1229
531 1491
533 915
533 1110
534 1141
534 1592
534 1963
535 1515
535 1665
536 1222
536 1633
536 1641
538 1057
538 1307
539 1970
540 1328
540 1700
541 647
541 1881
542 713
542 718
542 1217
542 1775
543 1466
543 1781
544 1175
544 1390
544 1605
544 1910
544 1960
545 1698
545 1865
545 1977
546 767
546 898
546 900
546 953
547 650
547 1146
547 1169
547 1230
547 1518
548 912
548 1192
548 1576
549 654
549 1660
551 645
552 570
552 1976
553 870
553 1635
553 1873
554 1572
554 1913
556 1055
556 1610
556 1874
558 986
559 1949
560 1174
560 1354
560 1462
561 834
561 1980
562 705
562 1251
562 1995
563 773
563 1111
563 1725
564 1848
565 815
565 956
565 1777
566 630
566 1074
566 1514
568 1221
569 1770
570 1242
570 1852
571 617
571 1674
572 676
572 1019
572 1504
573 720
573 1401
573 1925
574 600
574 813
574 1344
575 714
575 1942
575 1956
576 1109
576 1393
576 1766
577 1228
577 1630
577 1722
578 593
578 629
579 1200
580 1285
582 1995
583 1941
583 1988
584 696
584 1280
584 1415
585 1863
586 590
586 851
586 1265
586 1347
586 1535
586 1944
587 791
587 921
587 1802
588 1677
588 1785
589 737
590 1009
590 1707
591 654
591 961
591 975
591 1045
591 1643
592 1068
592 1202
592 1910
593 897
594 784
594 1708
595 796
595 1210
595 1634
595 1703
595 1819
595 1885
596 1859
597 1486
597 1823
599 1116
600 1284
601 620
601 1701
602 1650
602 1850
603 736
603 1375
603 1381
605 634
605 1978
606 1005
606 1318
606 1381
606 1556
607 922
607 1346
608 825
609 843
611 695
611 1413
612 639
612 1041
612 1790
613 1127
613 1958
614 739
614 1292
614 1407
615 1440
615 1667
615 1804
616 913
617 1280
617 1991
618 1546
621 685
621 1496
622 1205
622 1291
622 1465
622 1791
623 1452
623 1472
623 1944
624 1157
625 759
625 1377
627 1337
628 1209
628 1886
629 1581
629 1716
629 1916
630 1653
631 1017
632 717
632 1200
632 1214
633 1993
635 963
635 1659
635 1717
635 1768
635 1815
636 1216
636 1253
637 897
637 1104
637 1955
638 1765
639 1114
640 931
640 1408
641 726
641 787
641 1760
641 1786
642 999
642 1707
642 1846
644 813
644 1612
644 1655
644 1919
645 735
645 816
645 918
646 883
646 896
646 1067
646 1279
646 1535
646 1801
647 830
647 1962
648 739
649 923
649 1009
649 1498
649 1543
650 1032
650 1642
650 1774
651 684
652 1802
653 1281
653 1737
654 663
654 1749
655 874
656 1128
656 1527
656 1716
657 1515
658 848
660 949
661 1226
661 1286
662 681
662 1174
662 1890
663 1465
663 1885
663 1969
663 1979
664 1192
665 1364
665 1713
666 1335
666 1428
666 1806
667 1610
667 1714
668 908
668 965
668 1559
670 1804
671 1122
671 1276
671 1317
671 1532
671 1826
671 1965
672 757
672 908
672 1865
673 732
674 941
674 991
674 1316
674 1573
675 813
675 1078
675 1159
675 1393
677 829
677 1989
678 1102
678 1329
678 1538
679 1173
679 1845
680 1252
680 1451
680 1941
682 1868
683 1037
683 1868
685 1061
685 1675
686 754
686 1084
687 1882
688 1526
688 1531
688 1753
689 1210
689 1684
690 1779
690 1985
691 1072
691 1206
691 1838
692 824
692 941
692 1821
693 1031
693 1499
694 1064
694 1072
695 1655
695 1900
696 1087
696 1117
698 1331
698 1385
699 818
699 1607
700 1338
700 1846
700 1894
701 705
701 951
701 1730
701 1757
702 1242
702 1738
703 953
703 1980
706 1144
706 1347
706 1771
706 1992
707 826
708 759
709 817
709 912
709 1459
709 1775
710 959
710 1800
711 898
711 1152
712 1290
712 1686
713 1222
713 1718
713 1731
715 744
715 1232
716 918
717 1350
717 1471
718 1087
718 1795
720 976
720 1477
721 1707
722 1010
723 885
724 1658
724 1880
725 901
725 1501
727 1978
728 771
728 1230
728 1981
729 909
729 1272
730 969
731 1639
732 1028
732 1740
733 1006
733 1053
734 984
734 1253
734 1631
734 1897
735 1152
736 1022
737 1617
737 1686
737 1860
738 793
738 835
738 1319
738 1360
738 1373
739 795
739 1381
740 1157
740 1177
740 1307
741 747
742 1518
742 1694
743 1874
744 1863
744 1955
744 1961
744 1995
745 946
745 1861
745 1981
747 1501
748 757
748 901
748 1898
749 779
749 817
749 887
749 931
749 1080
749 1365
749 1556
749 1732
749 1959
750 1140
750 1664
751 873
751 1290
752 1349
752 1972
753 1619
754 1828
754 1996
755 1952
756 961
756 1297
756 1753
757 1978
758 1574
760 1535
760 1771
761 1153
761 1167
761 1703
762 1702
763 1566
763 1684
765 1759
766 1066
767 1077
768 1041
768 1056
768 1337
768 1850
769 814
769 1230
770 926
771 1713
771 1897
772 902
773 777
773 953
774 1087
775 967
775 1899
776 1008
776 1651
778 943
778 1702
779 978
779 1114
779 1175
779 1925
780 1200
780 1774
780 1870
781 958
781 1117
782 984
782 1074
782 1676
786 879
786 1365
786 1700
787 1120
787 1556
788 1680
789 1039
789 1893
790 1530
791 927
791 1764
792 945
792 1044
792 1085
792 1452
792 1965
793 1644
794 1523
794 1622
795 998
795 1405
795 1691
796 1254
796 1537
796 1635
796 1712
797 1178
797 1505
798 881
799 1065
799 1852
800 1122
800 1992
801 1038
801 1864
802 1366
803 1236
803 1601
803 1832
804 882
804 1531
805 1263
805 1399
806 823
806 1098
807 1354
807 1921
809 1347
810 1647
811 1205
811 1723
812 1777
813 1454
813 1655
815 1065
815 1471
815 1591
817 917
817 1221
817 1587
818 1192
818 1932
820 1073
820 1572
821 1230
821 1565
821 1868
822 1756
823 1080
824 1153
824 1513
825 1310
825 1330
825 1993
826 1517
826 1673
827 828
827 1509
828 1491
828 1764
832 1353
832 1481
832 1742
832 1746
832 1875
833 1037
833 1834
835 1159
835 1385
835 1849
836 1148
836 1794
836 1826
838 1467
839 1438
839 1693
840 1074
840 1450
840 1810
840 1862
842 1042
842 1470
842 1748
843 1438
843 1732
844 1082
845 1792
847 1142
847 1703
847 1767
848 861
848 1497
848 1537
848 1743
848 1982
849 1423
849 1525
849 1619
850 1308
850 1364
850 1400
853 1179
854 973
854 1018
854 1686
854 1819
855 1339
856 1934
857 1027
858 1208
858 1319
858 1675
861 1770
862 1622
862 1687
862 1998
863 1154
863 1233
863 1977
864 1155
864 1480
864 1862
865 1197
865 1336
866 935
866 1044
866 1512
866 1700
866 1973
867 1445
868 1169
868 1886
870 1531
872 893
872 1177
872 1406
874 1138
874 1156
874 1803
875 1602
876 1289
877 1270
877 1590
877 1715
879 1208
880 1406
881 1796
882 1612
883 1067
883 1219
883 1621
884 1083
884 1652
884 1859
885 925
885 1435
885 1515
886 1145
887 1352
887 1574
888 1693
888 1806
888 1879
889 1977
890 992
890 1548
892 1111
892 1126
892 1715
892 1845
892 1974
893 911
893 1129
894 1625
895 1039
895 1170
895 1235
895 1287
895 1991
898 997
898 998
898 1807
899 1975
900 1332
900 1476
901 1305
901 1365
901 1613
902 1466
902 1984
903 1259
903 1950
903 1992
904 1224
906 929
906 1455
907 1772
908 1515
909 1263
909 1303
909 1872
910 1287
910 1546
912 1349
913 1094
913 1907
915 978
915 1302
915 1438
916 1622
917 1641
917 1797
917 1961
918 1084
918 1417
918 1498
919 991
919 1045
919 1211
920 947
920 990
920 1612
920 1901
921 1656
922 1782
923 932
923 940
923 1909
924 1830
926 1483
927 1431
927 1484
929 1017
930 1062
930 1870
931 981
931 1443
932 1015
932 1318
933 954
936 1214
936 1259
936 1770
937 962
937 1692
939 967
939 1379
940 1040
940 1188
940 1302
940 1427
940 1669
940 1811
941 1059
941 1647
941 1705
941 1731
941 1746
942 948
942 1629
943 1197
944 1960
947 1247
947 1964
949 1141
950 1697
950 1703
950 1917
950 1961
951 1116
951 1586
951 1739
951 1915
952 1496
952 1722
952 1977
953 963
953 1351
953 1601
953 1820
953 1908
954 1204
954 1722
956 1427
958 1854
959 1055
962 1526
963 1399
963 1427
963 1756
963 1849
964 977
964 1609
964 1617
964 1633
965 1008
965 1277
965 1788
965 1796
965 1898
966 1604
966 1693
966 1800
968 1242
968 1386
969 1052
969 1174
969 1265
970 1080
970 1186
972 1231
972 1328
972 1507
972 1995
973 1191
974 1306
974 1720
974 1939
976 1390
976 1582
977 1024
977 1063
977 1308
979 989
979 1291
980 1058
980 1162
980 1356
981 1860
983 1449
983 1759
984 1276
984 1406
984 1672
985 1043
985 1330
985 1799
986 1506
987 1241
987 1473
987 1560
987 1568
987 1901
988 1521
989 1520
990 1389
990 1790
991 1234
992 1954
993 1687
993 1835
996 1051
996 1991
997 1001
998 1258
999 1810
1001 1010
1002 1147
1002 1788
1004 1487
1005 1043
1007 1452
1008 1778
1009 1292
1009 1891
1009 1903
1010 1076
1010 1596
1011 1063
1012 1040
1012 1784
1013 1770
1013 1991
1014 1130
1015 1494
1015 1640
1015 1904
1016 1131
1017 1351
1017 1603
1018 1597
1019 1251
1019 1296
1019 1535
1019 1697
1020 1040
1020 1566
1021 1253
1022 1142
1024 1575
1024 1893
1025 1153
1026 1671
1027 1185
1027 1706
1028 1786
1029 1110
1029 1495
1029 1646
1029 1665
1030 1257
1030 1472
1031 1082
1031 1375
1031 1481
1031 1821
1032 1546
1034 1335
1034 1832
1034 1903
1035 1618
1035 1745
1036 1700
1036 1811
1037 1955
1037 1964
1038 1303
1038 1330
1038 1737
1039 1456
1040 1061
1040 1126
1041 1912
1041 1998
1042 1757
1043 1941
1044 1968
1045 1549
1045 1997
1046 1315
1046 1834
1047 1336
1049 1249
1049 1269
1049 1412
1049 1502
1049 1608
1049 1818
1049 1842
1050 1065
1051 1397
1052 1454
1052 1528
1053 1270
1053 1686
1053 1988
1054 1273
1054 1641
1056 1205
1058 1190
1059 1492
1060 1194
1061 1785
1062 1388
1062 1973
1064 1927
1065 1104
1065 1755
1065 1817
1066 1444
1066 1461
1067 1700
1068 1127
1068 1394
1069 1720
1070 1225
1070 1425
1070 1570
1070 1626
1071 1197
1072 1436
1072 1734
1072 1907
1072 1937
1073 1620
1073 1719
1074 1310
1075 1921
1076 1158
1077 1308
1077 1647
1077 1727
1078 1719
1078 1894
1079 1867
1080 1978
1082 1307
1082 1830
1084 1494
1085 1664
1085 1726
1085 1962
1086 1169
1086 1520
1086 1984
1087 1647
1088 1506
1089 1476
1089 1894
1090 1437
1090 1580
1090 1655
1091 1116
1091 1507
1092 1149
1092 1337
1092 1376
1093 1427
1094 1432
1095 1320
1096 1191
1097 1382
1098 1285
1098 1287
1098 1561
1099 1101
1099 1292
1101 1299
1102 1234
1103 1563
1103 1772
1104 1975
1105 1240
1105 1302
1105 1778
1107 1442
1109 1761
1111 1892
1113 1499
1114 1296
1114 1478
1115 1753
1118 1250
1118 1996
1120 1329
1120 1850
1121 1461
1121 1646
1121 1661
1121 1913
1122 1140
1123 1205
1124 1430
1125 1945
1126 1492
1126 1494
1127 1286
1128 1651
1131 1208
1131 1439
1131 1545
1131 1563
1131 1917
1133 1715
1133 1824
1135 1274
1135 1388
1135 1803
1136 1901
1138 1216
1139 1739
1140 1947
1141 1428
1143 1276
1143 1307
1144 1556
1144 1717
1145 1441
1145 1732
1146 1553
1146 1608
1147 1749
1147 1882
1148 1757
1151 1265
1151 1464
1151 1608
1151 1655
1152 1383
1153 1272
1154 1318
1154 1341
1154 1477
1156 1519
1156 1846
1156 1957
1157 1543
1158 1974
1159 1910
1160 1877
1160 1898
1161 1646
1161 1709
1162 1318
1164 1445
1164 1631
1165 1262
1167 1940
1168 1802
1169 1474
1170 1684
1170 1943
1171 1182
1171 1197
1173 1921
1174 1455
1174 1706
1175 1245
1176 1620
1177 1644
1178 1901
1178 1903
1180 1311
1180 1587
1183 1532
1183 1607
1184 1766
1185 1551
1186 1608
1187 1219
1187 1945
1188 1582
1190 1319
1191 1662
1192 1708
1193 1590
1193 1992
1195 1331
1195 1810
1199 1284
1200 1405
1201 1303
1201 1842
1202 1516
1202 1545
1203 1824
1203 1949
1204 1419
1206 1617
1208 1797
1208 1957
1209 1352
1209 1353
1210 1521
1211 1399
1212 1293
1212 1445
1212 1637
1212 1907
1213 1427
1213 1854
1214 1215
1214 1662
1215 1529
1216 1929
1217 1271
1220 1258
1220 1692
1222 1231
1222 1932
1225 1369
1225 1457
1226 1439
1227 1644
1227 1737
1228 1965
1229 1309
1229 1493
1229 1577
1229 1917
1231 1418
1231 1876
1232 1241
1232 1833
1233 1873
1236 1412
1237 1280
1237 1819
1237 1966
1239 1535
1239 1574
1239 1960
1240 1341
1240 1429
1240 1698
1240 1733
1240 1765
1241 1621
1241 1677
1241 1850
1241 1890
1242 1463
1243 1404
1243 1542
1244 1620
1244 1935
1244 1969
1246 1455
1246 1617
1246 1635
1246 1765
1247 1675
1248 1959
1249 1560
1250 1275
1253 1756
1256 1814
1257 1387
1257 1589
1259 1604
1260 1630
1261 1863
1263 1403
1263 1535
1264 1970
1265 1580
1266 1684
1266 1828
1267 1920
1269 1423
1272 1594
1273 1826
1274 1367
1275 1812
1276 1672
1276 1749
1276 1778
1278 1805
1279 1783
1279 1813
1280 1691
1281 1915
1282 1685
1286 1347
1287 1849
1287 1968
1288 1964
1289 1511
1291 1400
1291 1518
1291 1872
1293 1919
1294 1395
1294 1889
1295 1367
1296 1410
1296 1724
1296 1947
1299 1946
1301 1807
1302 1332
1302 1771
1302 1811
1303 1468
1303 1711
1304 1899
1304 1974
1305 1408
1307 1351
1307 1440
1307 1797
1308 1501
1308 1543
1309 1357
1309 1701
1312 1392
1313 1642
1313 1685
1314 1322
1314 1348
1314 1505
1315 1691
1316 1606
1316 1695
1318 1548
1318 1739
1319 1860
1319 1925
1321 1559
1321 1869
1321 1878
1321 1968
1325 1609
1326 1850
1327 1328
1328 1601
1328 1631
1331 1635
1331 1844
1332 1957
1333 1401
1333 1993
1337 1485
1337 1770
1337 1886
1338 1583
1339 1564
1339 1919
1339 1978
1341 1493
1343 1774
1344 1679
1345 1635
1346 1371
1346 1611
1347 1433
1347 1486
1348 1418
1348 1737
1348 1767
1349 1463
1350 1609
1350 1783
1350 1844
1350 1976
1352 1817
1357 1574
1359 1687
1360 1539
1363 1443
1363 1452
1363 1605
1363 1833
1364 1946
1365 1513
1365 1957
1366 1877
1369 1745
1375 1414
1375 1864
1377 1481
1377 1661
1378 1903
1379 1530
1379 1793
1380 1720
1380 1821
1383 1407
1383 1539
1384 1629
1385 1495
1386 1814
1387 1443
1387 1764
1389 1571
1389 1648
1390 1987
1391 1657
1391 1684
1391 1901
1392 1828
1392 1854
1394 1735
1395 1469
1397 1594
1398 1444
1398 1589
1398 1762
1398 1785
1398 1968
1399 1583
1400 1488
1400 1606
1400 1690
1403 1698
1406 1690
1406 1726
1406 1730
1408 1479
1408 1502
1408 1818
1410 1694
1411 1451
1411 1546
1414 1628
1415 1753
1416 1858
1417 1804
1419 1647
1420 1504
1422 1777
1425 1522
1426 1610
1429 1841
1431 1559
1434 1710
1435 1524
1436 1469
1437 1521
1437 1668
1437 1776
1437 1861
1442 1938
1443 1716
1444 1621
1444 1656
1444 1944
1445 1634
1445 1976
1446 1748
1447 1528
1448 1786
1449 1731
1449 1882
1450 1603
1452 1870
1453 1602
1453 1731
1456 1702
1456 1961
1457 1965
1460 1474
1460 1542
1460 1954
1462 1854
1462 1858
1462 1874
1463 1842
1467 1750
1467 1954
1471 1585
1474 1477
1475 1694
1475 1753
1477 1789
1477 1970
1481 1704
1481 1820
1481 1888
1485 1847
1485 1994
1486 1549
1486 1599
1486 1766
1486 1861
1488 1777
1489 1733
1490 1714
1490 1756
1491 1953
1491 1998
1492 1498
1492 1538
1492 1600
1494 1884
1495 1765
1496 1674
1498 1500
1498 1759
1499 1976
1506 1580
1506 1798
1506 1971
1506 1992
1507 1998
1508 1638
1508 1705
1509 1797
1509 1916
1511 1742
1511 1873
1514 1710
1514 1793
1514 1889
1514 1907
1515 1568
1517 1669
1520 1605
1520 1928
1521 1704
1530 1746
1538 1578
1541 1670
1542 1897
1545 1640
1553 1664
1556 1595
1557 1866
1558 1802
1558 1915
1559 1724
1560 1907
1563 1753
1568 1600
1568 1902
1568 1914
1572 1881
1573 1639
1573 1808
1574 1879
1575 1716
1575 1979
1576 1758
1576 1764
1576 1878
1578 1913
1580 1809
1580 1812
1583 1987
1584 1951
1585 1625
1589 1641
1590 1722
1594 1826
1596 1837
1597 1788
1598 1723
1598 1726
1602 1647
1603 1681
1604 1672
1607 1963
1608 1931
1609 1715
1609 1973
1610 1809
1610 1918
1611 1836
1612 1622
1612 1747
1614 1825
1615 1913
1616 1917
1617 1917
1618 1643
1618 1654
1618 1696
1621 1832
1622 1913
1623 1851
1624 1743
1628 1971
1629 1823
1630 1710
1631 1766
1631 1891
1632 1717
1633 1826
1635 1770
1635 1876
1639 1922
1639 1977
1640 1832
1642 1973
1643 1881
1643 1918
1645 1770
1646 1733
1647 1803
1649 1664
1649 1692
1649 1724
1651 1750
1652 1820
1652 1946
1652 1949
1654 1688
1656 1749
1656 1786
1658 1678
1659 1848
1660 1668
1663 1712
1664 1683
1666 1692
1669 1794
1672 1898
1674 1687
1674 1963
1675 1760
1675 1974
1678 1956
1679 1861
1687 1894
1687 1985
1691 1692
1691 1707
1691 1785
1691 1805
1695 1820
1697 1727
1697 1832
1698 1761
1698 1799
1698 1955
1699 1777
1701 1731
1702 1914
1706 1839
1712 1972
1713 1998
1715 1901
1716 1869
1723 1851
1726 1803
1726 1921
1729 1894
1729 1997
1732 1834
1733 1762
1747 1825
1753 1918
1754 1926
1756 1969
1757 1851
1758 1781
1758 1950
1759 1851
1767 1814
1771 1788
1772 1862
1772 1999
1773 1842
1779 1935
1779 1972
1780 1911
1787 1855
1791 1866
1792 1807
1792 1983
1793 1870
1796 1843
1798 1958
1800 1828
1805 1856
1806 1872
1810 1915
1811 1943
1816 1992
1822 1918
1823 1886
1835 1975
1836 1863
1837 1858
1837 1871
1845 1904
1846 1977
1851 1939
1856 1929
1859 1960
1861 1964
1866 1925
1866 1944
1867 1928
1868 1903
1869 1961
1875 1888
1876 1926
1895 1908
1902 1988
1912 1991
1915 1935
1924 1985
1927 1932
1934 1952
1937 1989
1961 1973
1972 1973
1974 1986
1977 1983
1989 1997
