2000 2969
94
28
70
23
56
28
82
51
19
15
41
65
7
1
70
36
3
89
25
62
79
79
85
28
74
87
57
78
5
91
42
11
27
9
73
44
23
88
29
48
89
70
39
19
40
40
69
82
61
38
32
64
61
35
19
75
68
50
9
57
92
61
72
45
10
96
88
90
84
52
45
68
79
21
93
61
30
78
57
35
76
81
49
85
70
8
46
45
47
38
49
5
99
73
30
52
85
79
2
75
15
1
47
55
42
68
73
54
56
83
27
18
10
58
40
2
96
75
82
82
1
55
82
68
79
85
54
78
55
85
56
27
11
99
75
53
93
5
44
27
94
20
50
55
45
41
48
89
43
81
19
23
40
76
14
60
4
10
38
59
20
52
41
72
39
15
27
37
3
95
19
94
36
79
40
47
88
55
32
96
7
92
73
49
43
45
81
67
61
64
40
33
96
84
38
53
71
48
71
36
90
27
20
78
57
68
65
26
96
22
68
3
80
61
25
2
58
19
75
45
80
25
25
45
97
21
11
50
49
91
98
75
58
85
46
37
49
83
51
38
90
90
90
99
5
28
93
29
49
95
7
20
67
16
24
33
78
89
12
85
36
60
50
26
52
35
42
91
79
38
16
27
67
30
51
98
82
73
55
5
2
13
78
89
22
90
34
80
7
84
23
92
37
4
1
4
66
75
55
34
2
73
26
29
48
81
58
97
90
34
13
83
3
97
91
1
70
54
34
84
46
70
12
94
84
12
48
46
25
94
76
13
84
65
91
97
93
9
86
93
15
40
76
52
21
1
25
64
67
96
92
55
43
62
58
93
43
73
93
2
95
10
14
96
36
67
44
31
77
12
90
71
31
49
59
92
91
1
9
29
66
43
8
83
69
46
62
8
8
77
97
10
6
60
64
41
24
99
98
92
62
20
16
77
33
60
70
41
26
78
7
85
2
82
14
3
10
82
8
67
14
36
37
60
24
80
76
21
95
10
36
72
12
86
82
65
87
93
76
41
46
25
88
46
10
35
82
75
64
17
39
75
72
95
51
90
2
45
44
77
47
44
74
85
20
90
88
81
64
26
32
69
49
89
11
64
43
37
57
86
41
74
13
58
1
50
2
33
73
28
41
75
72
41
84
12
80
27
8
41
22
45
68
49
97
19
61
29
7
73
5
67
23
22
40
97
67
76
14
97
23
18
24
49
14
77
90
87
63
72
28
82
16
1
96
57
44
55
19
52
23
54
23
33
6
64
79
23
11
7
79
5
72
14
71
61
35
33
4
83
42
84
93
13
77
88
51
24
46
58
68
40
10
93
74
24
100
4
52
79
48
68
48
28
69
1
58
32
50
80
45
78
26
48
83
66
12
29
16
23
89
76
69
15
53
76
65
42
19
21
99
43
23
33
29
3
64
30
17
68
11
93
39
25
84
90
27
100
60
19
57
50
15
52
72
89
93
44
100
49
94
60
10
78
2
95
56
12
33
13
93
78
76
89
44
69
49
12
1
8
69
78
20
8
46
35
59
97
90
91
52
23
39
37
100
85
36
40
95
47
40
38
16
59
94
27
17
24
5
52
42
13
10
27
49
15
43
28
98
63
23
84
53
11
54
25
21
92
26
91
65
62
19
17
5
79
28
4
53
44
48
12
3
92
1
21
5
77
34
8
66
77
5
67
1
92
56
58
8
30
95
63
90
46
43
59
25
39
58
41
76
52
35
3
77
93
94
12
100
74
74
98
67
93
53
62
81
32
11
33
55
69
27
8
18
14
69
95
91
29
72
80
28
63
77
44
83
17
93
22
90
84
17
39
44
98
89
60
36
68
11
70
75
61
96
29
13
60
76
30
3
7
2
40
96
59
97
38
52
61
84
13
47
23
83
61
18
25
40
38
19
24
9
54
12
23
24
70
28
72
28
93
39
63
86
90
19
4
44
61
55
42
60
63
28
99
63
28
5
34
95
18
50
13
47
6
84
43
66
80
95
33
79
89
65
70
41
2
89
86
10
14
79
27
13
50
29
29
93
1
58
7
53
3
4
10
91
21
65
49
78
67
52
100
46
83
67
71
79
4
47
59
68
82
63
37
8
57
40
79
92
3
72
100
100
66
51
9
10
83
31
12
40
39
39
90
93
60
68
97
62
35
19
32
55
36
98
49
98
11
99
55
19
53
28
87
5
18
81
79
80
95
42
69
90
99
2
94
51
35
31
15
17
36
63
22
28
71
34
10
63
96
61
87
21
7
43
6
18
13
4
93
34
2
54
48
51
67
99
80
88
47
33
62
10
52
44
18
73
83
94
18
69
65
41
94
67
57
94
87
32
42
38
78
59
99
99
39
5
42
100
47
4
74
31
20
78
60
46
45
65
18
27
59
74
51
84
81
71
9
36
75
72
56
55
48
95
91
41
67
43
44
86
71
81
92
84
5
49
86
78
3
19
87
96
73
33
68
60
32
71
74
36
9
20
32
12
23
83
54
9
46
70
27
80
47
24
17
69
75
49
78
9
62
81
87
91
89
29
85
97
84
60
64
55
13
24
51
85
22
46
14
67
55
16
4
87
46
65
5
12
31
44
40
76
41
39
74
83
54
88
58
20
23
12
98
3
39
31
3
79
93
72
59
83
5
91
58
79
99
70
81
87
12
10
74
51
39
79
12
30
63
73
77
66
85
53
45
99
63
35
42
86
35
54
24
93
27
41
67
33
100
78
21
43
66
40
73
31
75
48
74
6
25
53
89
93
52
74
92
55
69
30
95
23
79
55
88
86
65
97
64
56
43
62
57
1
8
13
57
22
20
86
48
72
100
44
68
12
77
78
86
43
83
3
95
14
37
96
61
67
42
31
30
52
6
35
43
67
66
78
90
16
78
35
19
5
91
95
87
32
17
34
89
92
55
46
81
68
39
31
30
17
80
11
72
35
61
100
52
7
48
84
18
20
81
40
65
85
72
42
22
2
98
90
5
50
79
7
69
67
56
62
85
71
43
51
81
81
58
7
43
94
16
94
11
95
11
51
13
91
78
91
85
29
98
95
1
15
76
95
22
92
7
92
12
47
66
73
88
52
9
10
97
23
84
41
26
28
56
33
4
71
9
11
16
71
4
63
96
47
39
2
66
20
27
1
15
20
51
66
64
89
81
36
5
36
50
44
69
69
46
13
68
5
67
65
29
25
53
3
98
70
26
77
70
56
81
88
100
62
66
78
75
9
11
78
18
90
85
57
46
29
69
79
51
84
30
66
56
94
78
22
77
37
32
14
6
80
28
34
96
15
56
29
66
68
17
33
5
48
92
38
39
57
28
39
52
36
42
5
21
57
56
52
83
9
48
72
25
55
87
96
65
33
83
62
75
14
58
88
45
53
72
4
84
6
79
22
4
69
96
79
42
13
25
32
12
43
8
51
36
24
54
66
90
62
9
67
70
14
61
17
84
83
23
51
94
76
52
60
29
74
99
71
60
49
42
45
1
58
10
27
88
99
45
42
50
65
100
8
56
10
21
50
97
54
80
96
27
25
27
35
37
41
64
6
60
17
9
37
45
84
92
57
81
5
93
57
43
68
50
45
42
13
8
73
36
95
41
62
7
68
41
8
19
32
69
3
10
92
20
96
89
70
36
62
14
28
17
59
55
65
9
60
16
44
9
41
100
32
80
61
79
10
96
32
100
29
79
44
79
30
88
28
24
4
23
78
29
23
36
5
35
93
72
85
37
32
77
5
48
85
89
97
22
77
14
99
23
80
8
98
99
7
77
82
18
54
66
23
59
39
73
34
27
38
12
50
13
93
90
6
35
79
57
15
38
9
14
84
3
51
84
20
19
17
1
30
39
13
29
6
19
97
88
85
15
2
58
57
38
37
7
94
9
52
71
21
46
90
20
76
98
94
70
74
42
83
17
69
59
14
35
27
88
98
47
7
89
49
24
64
30
59
5
92
24
3
60
22
9
19
48
88
36
79
18
93
13
45
14
86
80
80
3
27
95
58
65
77
73
65
54
52
71
7
27
35
3
59
18
44
17
51
38
49
6
84
76
7
91
1
60
66
64
22
17
64
29
58
8
85
81
80
53
46
26
23
12
74
64
10
89
35
77
47
83
61
42
57
38
27
95
69
23
97
32
17
80
72
88
74
3
12
24
24
35
31
96
84
51
17
28
28
50
82
9
89
50
90
27
41
17
6
49
1
48
53
100
59
15
56
79
27
13
4
33
83
1
21
15
54
2
49
31
2
5
29
58
34
39
71
67
13
60
16
15
89
37
71
43
97
92
50
70
50
22
62
79
98
10
13
81
70
60
91
69
62
96
84
1
72
63
21
24
2
36
48
22
60
85
82
49
65
51
64
3
8
19
29
3
46
40
98
18
37
25
48
31
61
10
47
26
25
100
96
16
3
46
68
94
49
28
40
5
69
29
82
13
32
25
88
73
90
78
25
20
83
50
83
31
37
11
13
78
8
65
1
75
67
19
23
33
82
66
50
46
31
61
74
10
55
94
56
24
98
8
86
3
99
73
91
46
89
60
98
17
30
66
0 124
0 1864
1 3
1 1689
2 680
2 1108
3 1120
3 1288
4 1198
5 166
5 296
5 1774
6 1380
7 1000
7 1031
7 1119
8 352
8 597
8 1095
9 1237
9 1768
10 82
10 292
10 910
10 1325
11 675
11 774
11 1527
11 1648
12 1077
12 1725
13 1062
13 1072
14 155
14 186
14 1946
15 381
15 1331
15 1468
16 880
16 925
16 1342
17 154
17 215
17 616
17 871
17 1883
18 657
18 1552
19 394
19 1875
20 91
20 495
20 532
20 573
20 1387
20 1405
21 166
21 457
21 526
21 1017
22 198
22 471
22 607
22 869
22 898
22 1008
22 1147
22 1358
22 1800
23 1812
24 652
24 1895
24 1972
24 1986
25 476
25 516
25 1820
25 1822
26 217
26 228
26 237
26 378
27 1318
27 1343
27 1555
29 36
29 468
29 849
29 1441
31 1178
31 1261
33 1743
33 1988
34 786
34 983
34 1298
34 1379
34 1751
35 57
35 1049
35 1965
36 66
36 1353
37 608
38 655
38 749
38 976
38 1086
39 937
39 1439
39 1441
40 1211
41 304
41 491
41 583
41 1895
42 223
42 1213
43 1464
43 1884
43 1979
44 1097
44 1608
44 1818
44 1995
45 1048
45 1537
45 1805
46 184
46 589
46 595
47 602
47 974
47 1708
48 165
48 610
48 845
48 866
48 1925
49 924
49 932
50 179
50 992
50 1057
50 1817
50 1835
50 1944
51 952
52 1340
52 1491
52 1862
53 1329
54 324
54 385
54 565
54 939
54 1630
54 1831
55 215
55 338
55 1237
55 1419
56 795
57 329
57 1261
57 1519
58 425
58 1923
58 1985
59 190
59 393
59 849
59 1523
59 1851
60 1498
61 495
61 1786
64 111
64 1280
64 1825
65 185
65 205
65 244
65 834
65 836
66 1263
66 1496
67 141
67 1209
67 1323
67 1381
67 1912
68 737
68 821
68 858
68 1000
68 1540
69 1182
69 1575
69 1619
70 198
70 238
70 420
70 422
71 804
71 813
71 1546
72 246
72 1068
72 1893
73 1307
74 1094
74 1766
75 1059
75 1517
77 338
78 781
79 339
79 916
81 1845
82 300
82 1988
83 279
83 1157
83 1681
83 1892
85 352
85 1535
86 654
86 1754
87 314
87 826
87 1111
87 1948
88 424
88 810
89 853
89 1531
89 1578
91 1844
93 776
93 1538
93 1578
94 437
94 760
94 1971
95 359
95 1529
95 1647
96 670
96 1821
97 728
97 914
97 1901
97 1918
98 200
98 592
99 1187
99 1623
100 1186
100 1244
100 1318
101 752
101 942
101 1888
102 156
102 566
102 1678
103 645
103 1070
103 1144
103 1266
103 1330
103 1528
103 1868
104 465
105 148
106 332
106 532
106 956
107 276
107 375
107 1812
108 459
108 1606
108 1660
108 1862
109 368
109 437
109 680
109 825
109 1821
110 315
110 1460
111 239
111 714
111 1129
111 1447
112 571
112 1147
113 1223
113 1738
115 561
115 1877
116 431
116 1560
116 1838
117 200
117 779
117 967
117 1688
117 1713
117 1727
118 155
118 1662
119 841
119 843
120 812
120 965
120 1406
120 1581
120 1660
120 1936
121 543
121 754
121 1309
121 1808
121 1852
122 532
122 882
122 1437
122 1497
123 193
123 1585
123 1653
124 218
124 261
124 1475
124 1617
125 447
126 1172
127 153
127 1557
128 165
128 884
128 1220
128 1900
129 233
129 754
129 978
129 1408
129 1745
130 1203
131 676
131 765
131 1712
132 181
132 703
132 1281
132 1463
132 1664
133 1050
133 1153
133 1594
135 972
136 375
136 1167
136 1849
137 1769
138 1041
138 1100
138 1414
140 180
140 410
140 843
140 1443
141 580
141 962
141 967
141 1542
142 243
142 1286
142 1454
143 956
144 1090
144 1232
144 1992
145 438
145 1027
145 1638
145 1913
146 285
146 1174
146 1213
146 1424
146 1626
146 1937
147 1595
148 398
148 476
148 1092
148 1488
148 1675
149 1758
149 1904
151 1298
151 1784
152 1202
152 1316
153 345
153 829
153 1480
153 1578
153 1808
154 723
154 979
156 672
157 1965
158 392
158 544
158 1461
158 1681
158 1703
159 837
159 1250
160 641
160 1111
160 1290
161 1634
161 1837
162 463
162 1661
162 1721
164 924
165 267
165 314
165 370
166 1172
166 1555
167 217
167 914
167 1575
167 1670
168 253
168 269
168 473
168 908
168 1084
168 1444
168 1491
168 1762
169 931
169 1267
169 1676
170 1146
170 1210
171 579
171 1581
172 303
172 1097
172 1354
172 1583
172 1636
173 464
173 652
173 673
173 742
173 898
173 1261
173 1589
174 242
174 583
174 784
174 1704
176 598
176 905
177 329
177 401
177 1052
177 1165
178 953
178 1654
179 862
179 1397
180 297
180 544
180 804
180 1328
181 749
181 1077
181 1490
182 242
183 695
183 1034
183 1303
183 1765
184 573
184 1538
185 746
186 703
186 1201
187 587
187 628
187 1925
188 747
188 1927
189 239
189 1037
189 1442
189 1851
190 829
190 1175
190 1497
190 1547
190 1549
190 1877
191 624
191 693
191 1712
191 1851
192 629
192 1463
193 333
193 1056
193 1594
193 1810
194 644
194 927
194 1257
194 1389
194 1640
196 913
196 1447
197 1039
197 1059
197 1189
198 1446
199 222
199 1314
200 448
200 1136
200 1703
201 544
201 1120
202 316
202 370
202 669
202 752
202 888
202 1297
202 1373
202 1408
202 1985
203 373
203 728
203 1988
204 294
204 780
204 974
204 1274
204 1392
204 1654
204 1861
205 504
205 803
205 1602
206 380
206 993
206 1275
206 1931
207 341
207 1071
207 1131
207 1157
209 765
210 263
210 479
210 1117
210 1312
210 1359
210 1519
210 1970
211 320
211 603
211 939
211 1938
212 362
212 462
212 761
212 815
212 906
212 1777
213 420
213 675
213 705
214 565
214 609
214 704
215 323
215 1840
216 549
216 1078
216 1314
216 1714
216 1818
218 690
218 1414
219 754
219 1673
219 1693
219 1814
220 452
220 556
220 823
220 1220
222 445
222 1031
223 1390
224 603
224 889
224 946
224 1408
224 1718
225 646
225 1148
226 1528
227 499
227 1574
227 1758
227 1900
228 641
228 728
228 1298
228 1304
229 351
229 858
230 307
230 971
231 391
233 278
233 387
233 1103
233 1230
234 1650
235 791
236 1226
237 482
237 836
237 1441
237 1489
238 914
239 599
239 1401
239 1780
240 273
240 326
240 1377
241 1275
241 1954
242 749
243 809
243 1491
243 1602
243 1719
243 1876
244 271
244 989
244 1461
244 1509
244 1777
245 589
245 1955
245 1965
246 487
246 741
247 600
248 1515
248 1642
248 1948
250 322
250 564
250 667
250 1117
251 622
251 1428
251 1507
252 472
252 902
252 1587
252 1746
252 1942
253 978
253 1111
253 1300
253 1822
254 464
254 562
254 832
254 1034
254 1779
255 1042
255 1263
256 318
256 1439
256 1847
257 1887
258 462
258 1806
258 1896
258 1897
259 644
259 856
259 1208
259 1455
260 1770
261 575
261 1492
261 1841
262 426
262 570
262 571
263 550
265 699
265 1554
265 1964
267 1002
267 1563
268 651
268 1211
268 1324
269 607
269 1357
270 872
271 548
271 724
271 842
271 1335
271 1699
271 1912
272 515
272 1380
273 400
273 1121
273 1225
273 1788
273 1844
273 1953
274 518
274 1700
274 1871
275 289
275 786
275 1227
277 680
277 1131
277 1461
279 1089
279 1967
280 568
280 1455
280 1887
281 578
282 1469
282 1668
283 711
283 1517
283 1887
284 1219
285 367
285 1734
286 563
286 1312
287 875
287 901
287 1310
288 1439
288 1820
291 700
292 546
292 877
292 942
295 363
295 838
295 1563
295 1847
295 1953
297 371
297 580
297 1031
297 1375
298 391
298 420
298 1090
298 1206
299 587
299 789
299 971
299 1115
299 1499
299 1614
299 1709
299 1721
300 1250
300 1353
301 562
301 695
301 1548
301 1703
302 379
302 693
302 1027
302 1416
302 1673
303 689
303 857
303 1215
303 1691
304 588
304 1136
305 400
305 1300
305 1302
305 1370
306 311
306 981
306 1019
306 1389
306 1459
306 1478
307 652
308 353
308 418
308 457
308 475
308 829
308 1325
309 1313
309 1538
309 1601
309 1865
310 870
310 1176
310 1355
311 617
312 670
312 1433
312 1876
313 1423
313 1461
314 848
315 539
315 1347
315 1741
316 620
316 1025
317 438
317 1842
318 635
318 1325
318 1503
320 1912
321 497
321 786
321 871
321 1059
321 1075
321 1122
321 1609
321 1983
322 1474
322 1498
323 869
323 920
323 1749
323 1928
324 598
324 877
324 1252
325 612
325 733
326 374
326 1861
327 580
327 1445
328 898
328 971
328 1655
329 608
329 1828
330 340
330 1647
330 1677
331 460
331 1119
332 363
332 676
332 1201
332 1611
332 1819
332 1969
333 1109
334 489
334 1235
334 1937
335 1061
336 629
336 1246
337 408
337 1399
337 1640
337 1645
337 1742
338 350
338 1728
339 661
339 708
339 761
339 868
339 1256
339 1493
340 353
340 1669
342 1466
342 1728
343 1599
343 1605
344 1754
345 1167
346 640
346 842
346 1542
346 1703
347 727
348 441
349 1043
349 1248
349 1411
349 1533
351 1403
352 473
352 1199
352 1280
352 1497
353 638
353 799
353 1729
354 857
354 1929
355 616
355 1442
356 1029
356 1357
356 1404
356 1546
357 423
358 1148
358 1276
358 1829
359 1135
360 460
360 1433
361 1250
361 1996
362 1034
362 1694
362 1973
363 652
364 1016
364 1625
365 1506
366 383
366 391
366 1278
366 1993
367 593
368 732
368 1945
369 958
369 1900
370 1398
371 951
371 1579
372 913
372 1152
372 1395
373 655
373 1520
373 1729
374 491
374 1737
375 803
375 832
376 380
376 915
376 1864
378 1150
379 859
379 1164
379 1166
381 434
382 633
382 1275
383 537
383 958
384 535
384 1824
385 1327
385 1637
386 867
386 1385
387 1966
388 1893
389 661
389 1876
390 1241
390 1652
390 1841
391 482
391 1607
392 845
392 1116
392 1267
392 1377
393 592
393 803
393 1150
394 417
394 756
394 1050
396 632
396 1987
397 1839
398 1126
398 1172
398 1833
399 1829
400 763
400 1303
400 1521
401 943
401 1491
402 491
402 1911
403 1652
403 1793
404 531
405 751
406 523
407 751
407 776
407 1069
407 1207
408 1288
408 1732
409 787
409 1544
410 631
411 1212
412 503
412 566
412 1879
413 870
413 1026
414 757
414 1226
414 1790
414 1843
414 1938
416 892
416 1195
417 1450
418 911
418 1298
419 1726
420 779
420 1032
420 1233
421 474
421 1350
422 447
422 665
422 1252
422 1288
422 1334
422 1816
423 856
423 1848
423 1866
423 1893
424 747
424 1539
426 502
426 1096
426 1412
427 1887
428 638
428 1044
428 1230
428 1507
430 469
430 586
430 671
430 1648
432 886
432 1137
432 1841
434 1360
434 1433
434 1740
435 1787
436 439
436 1434
436 1704
437 1223
437 1255
437 1985
438 1150
439 745
440 536
440 855
440 1754
441 1253
443 1535
443 1556
443 1758
444 1799
445 1232
445 1515
445 1620
446 738
446 1714
448 1048
448 1307
449 462
449 881
449 1527
450 1774
451 1927
451 1946
452 508
453 746
453 752
453 981
453 1625
454 1982
455 543
455 1027
455 1131
455 1747
455 1977
456 541
456 589
456 645
456 657
456 1050
456 1112
456 1781
457 492
457 526
458 1559
458 1730
459 1164
460 820
462 996
462 1205
462 1214
462 1406
464 545
464 1351
464 1737
464 1870
465 533
465 1063
465 1465
465 1873
466 957
466 1088
467 1948
467 1981
468 501
468 800
468 895
468 1021
468 1040
468 1877
469 511
470 1046
470 1125
470 1524
470 1564
471 585
471 958
472 1091
472 1173
472 1261
472 1676
473 760
473 844
474 863
474 1132
474 1360
475 1254
475 1940
476 909
476 987
477 541
478 1071
478 1331
478 1394
479 912
479 1317
479 1587
480 1589
480 1815
480 1903
481 714
481 830
481 1203
482 700
482 880
482 1263
482 1740
483 964
483 1065
483 1569
483 1991
484 1011
484 1730
485 526
485 1017
485 1025
485 1102
486 1248
486 1879
486 1890
487 1507
487 1998
488 1031
488 1856
489 976
489 1401
490 746
490 1539
490 1707
492 1692
492 1790
492 1895
494 845
494 1692
495 602
495 940
495 1644
496 591
496 824
496 1020
497 1763
497 1850
497 1951
498 646
498 1116
498 1467
498 1951
499 672
499 942
499 956
500 742
500 965
500 1256
500 1440
500 1448
500 1703
502 748
503 1241
503 1737
503 1988
505 576
505 1220
505 1797
506 1053
506 1710
507 897
507 956
507 1186
508 1099
508 1697
508 1736
509 1913
510 1163
510 1303
510 1877
510 1902
511 1124
512 1268
512 1530
513 648
513 677
513 768
513 800
513 837
513 989
513 1360
513 1408
513 1583
513 1660
513 1819
513 1958
515 575
516 1044
517 713
517 1528
518 1578
519 1415
519 1737
520 874
520 1216
520 1686
521 849
521 1332
522 978
522 1777
523 1355
523 1655
524 1305
524 1605
525 906
525 986
525 1855
525 1946
525 1996
526 735
526 1714
526 1788
528 594
528 1562
529 1196
530 814
530 1896
530 1900
531 565
531 1868
533 1423
534 1060
534 1390
535 611
535 1196
536 867
536 1493
537 1464
537 1781
537 1870
538 606
539 1152
540 814
540 1430
541 1170
541 1315
541 1621
541 1975
542 1046
542 1287
542 1599
542 1657
543 1051
543 1099
543 1974
545 887
546 684
547 1595
548 1046
548 1433
548 1579
548 1845
549 1008
549 1465
549 1473
549 1941
550 1328
550 1612
554 682
554 1283
554 1808
556 1609
557 722
557 918
557 944
557 1317
557 1972
558 1215
559 840
560 997
560 1389
561 684
561 1675
562 1336
562 1900
563 857
564 953
564 1781
565 695
565 1141
566 1180
567 656
567 693
567 798
567 1073
567 1474
568 1294
568 1419
568 1425
568 1679
569 589
569 905
572 956
572 1593
573 653
573 1646
574 715
574 734
574 960
574 1236
575 688
575 1142
576 1595
577 1309
578 1110
578 1392
578 1771
579 925
579 1527
581 680
582 673
582 1117
582 1924
583 884
583 1618
584 673
586 774
586 1843
587 723
587 1506
588 1132
589 1053
589 1517
589 1718
590 822
590 898
590 1655
590 1838
591 1421
591 1999
592 1442
592 1774
594 844
595 1263
595 1847
596 706
596 1411
596 1588
597 850
597 1813
598 829
598 975
599 1431
600 1364
600 1675
601 954
601 1824
603 1367
604 702
604 1633
606 1056
606 1696
607 952
608 1102
610 1902
611 1075
611 1090
611 1197
611 1715
611 1900
612 1311
613 1451
613 1511
613 1517
614 761
614 1334
614 1892
615 958
615 1053
616 1639
617 1676
617 1717
618 1040
618 1994
620 650
621 663
621 1075
621 1732
621 1877
622 1726
623 1172
623 1732
624 954
624 1634
624 1695
625 675
625 1138
626 1124
627 709
627 716
627 1077
627 1150
627 1420
628 1709
629 975
630 1022
630 1031
630 1083
630 1198
631 803
631 1735
633 906
633 1827
634 644
634 701
634 978
634 1213
635 724
635 1097
635 1998
636 906
636 1345
636 1655
638 1289
639 1186
639 1954
640 870
640 1356
641 1192
641 1758
642 656
642 1308
642 1945
643 1435
643 1594
643 1935
644 740
644 1610
646 753
647 743
647 937
647 1115
647 1569
647 1630
648 1436
649 839
649 1122
650 678
650 1057
650 1870
651 1516
651 1728
651 1757
654 1761
655 1203
656 989
656 1052
656 1627
657 1226
657 1571
658 1074
658 1513
659 1494
659 1679
660 1970
661 693
661 1652
662 1009
663 710
663 1178
663 1443
663 1658
664 678
664 1367
664 1546
665 914
666 1307
666 1354
666 1370
667 682
667 1272
667 1870
668 855
668 1059
668 1901
669 1742
669 1987
670 761
670 1430
670 1621
671 1321
672 1108
672 1759
673 1113
673 1142
673 1636
673 1690
674 1347
675 1069
675 1495
676 915
677 1302
678 1109
678 1303
678 1456
680 827
681 1118
681 1125
681 1206
681 1238
681 1814
682 952
682 1520
682 1703
683 1236
684 1169
684 1184
684 1842
686 1237
686 1967
687 1133
688 1226
688 1522
688 1989
689 1211
689 1912
690 1225
690 1438
690 1846
691 1322
693 877
695 927
695 1923
697 1190
697 1386
697 1800
698 769
699 1043
699 1108
699 1294
699 1526
699 1535
700 1199
701 1482
701 1605
703 742
703 1067
703 1211
703 1470
703 1907
704 713
704 1812
704 1932
705 1375
705 1677
705 1684
706 1205
706 1405
706 1971
707 796
707 1658
707 1775
708 1278
708 1380
709 747
710 951
710 1569
710 1831
711 957
711 1469
712 1394
713 1897
714 1199
714 1262
714 1286
714 1845
715 1560
715 1598
717 1037
718 827
720 1134
720 1195
720 1841
721 828
721 1446
721 1596
723 727
723 909
723 1228
723 1242
723 1825
724 927
725 1265
725 1350
725 1559
725 1687
726 1323
728 1407
729 1195
729 1441
729 1831
730 1520
731 1854
733 1585
734 1255
734 1326
735 1637
735 1864
736 1196
736 1783
737 762
737 1133
738 899
738 1055
739 1893
740 1617
740 1808
740 1908
741 799
742 1097
742 1243
742 1844
744 836
745 914
746 1999
747 800
747 851
748 1139
748 1918
748 1943
750 1377
750 1430
751 881
751 1109
751 1408
751 1846
752 1831
752 1887
754 1249
754 1274
754 1508
756 1914
757 1016
757 1063
757 1086
757 1245
758 771
758 1543
758 1568
758 1683
759 764
759 1078
759 1522
760 785
760 835
760 1173
762 1139
763 1812
763 1961
764 1551
764 1607
766 1226
768 866
768 899
769 1505
769 1784
770 1180
770 1710
771 987
772 1497
772 1499
773 905
773 969
773 1051
773 1640
774 925
774 1099
774 1413
774 1562
776 1090
776 1989
777 859
777 1482
777 1816
778 977
779 1812
779 1965
780 1006
780 1687
781 1688
782 1256
783 1495
783 1612
784 890
784 1116
784 1200
784 1802
785 1020
785 1679
785 1800
786 996
786 1010
786 1957
787 1337
787 1527
787 1821
788 1161
788 1218
788 1902
789 1969
790 1182
790 1400
790 1884
792 1393
792 1546
793 1825
793 1857
794 1102
794 1407
794 1666
795 1707
797 1178
797 1302
797 1901
798 917
798 1590
798 1625
798 1773
799 813
799 1373
799 1940
800 1063
800 1901
801 1526
802 1184
802 1724
802 1976
803 941
803 1371
803 1438
804 1063
804 1105
804 1823
805 906
805 1610
806 1065
807 1812
808 1159
808 1505
809 1107
809 1522
810 1577
811 1616
811 1937
812 1322
812 1376
813 909
814 1195
814 1235
814 1241
817 1005
817 1167
818 1727
819 898
819 1156
819 1405
819 1774
820 1418
821 1428
822 1246
823 1053
823 1479
824 1721
824 1883
825 1036
825 1179
825 1263
825 1330
826 1770
827 1364
828 1351
828 1996
829 1029
829 1058
829 1697
830 1822
831 918
831 1200
832 1741
833 1624
833 1775
834 906
834 1533
834 1715
834 1738
836 969
838 1106
838 1525
838 1557
838 1615
838 1633
839 1289
839 1705
839 1904
840 1168
840 1315
840 1727
842 1253
843 1406
844 1356
844 1792
844 1849
844 1881
845 1178
846 1775
847 1201
847 1400
848 905
848 1778
849 1792
850 1771
850 1905
852 1233
852 1628
853 978
853 1642
854 1522
854 1677
854 1863
855 986
855 1342
856 1324
857 1002
857 1873
859 882
859 1197
860 1264
860 1416
861 945
862 1014
863 1885
864 892
864 970
864 1283
864 1505
865 1702
866 1223
866 1302
866 1984
867 925
868 1980
870 1614
870 1872
870 1912
871 1749
871 1852
872 1971
874 1082
874 1437
874 1637
875 1470
876 1026
876 1625
876 1659
876 1866
876 1923
876 1979
878 882
878 1542
879 927
879 1869
879 1893
880 1422
880 1525
881 1249
881 1454
881 1564
882 1101
882 1262
883 1031
883 1778
884 1712
884 1763
885 1813
886 1658
889 1883
889 1914
889 1997
890 941
892 1707
894 1451
895 1138
895 1310
896 1222
896 1973
897 1556
897 1935
898 1299
898 1539
898 1807
898 1856
900 949
900 1257
901 1622
901 1947
902 1394
902 1752
903 1498
903 1912
904 1704
905 1494
905 1586
906 1883
907 962
908 935
908 1437
908 1439
911 1201
911 1410
911 1564
912 1282
912 1456
912 1581
913 1446
913 1502
913 1680
913 1779
914 1599
917 1008
917 1377
918 970
918 975
918 1639
918 1804
919 1446
919 1737
920 1470
922 1097
923 986
923 1101
923 1737
924 1707
926 1012
927 1201
927 1703
927 1731
928 970
928 1703
929 1341
930 1763
931 1721
931 1879
933 1318
933 1871
934 1197
934 1462
935 1910
936 1096
936 1200
936 1250
937 1559
937 1813
938 1001
939 1210
939 1275
939 1553
939 1639
939 1677
940 1779
941 1241
941 1433
941 1878
942 1445
942 1779
945 1378
945 1617
946 1032
946 1186
946 1440
947 1980
949 1324
949 1881
950 1385
950 1563
953 1363
954 1559
955 1165
955 1571
956 1893
957 1374
959 1077
960 1846
962 995
962 1717
963 1169
963 1227
963 1720
964 1551
964 1825
965 1336
965 1450
966 1669
966 1889
967 1852
968 1393
968 1518
968 1635
969 1469
969 1724
970 1515
970 1948
971 976
972 1984
973 1649
974 1185
974 1828
975 1005
975 1215
976 1002
976 1370
976 1919
977 1045
979 1030
979 1989
980 995
981 1079
982 1187
982 1887
982 1919
982 1994
985 1851
986 1769
986 1782
987 1114
987 1362
987 1946
988 1167
988 1622
988 1880
989 1142
989 1382
989 1450
990 1067
991 1602
992 1276
993 1450
993 1463
993 1866
994 1437
994 1639
994 1937
996 1227
996 1335
996 1336
996 1359
996 1987
997 1450
997 1625
998 1991
999 1042
999 1598
1000 1492
1000 1524
1000 1536
1001 1830
1002 1159
1002 1248
1002 1433
1003 1104
1003 1193
1003 1399
1003 1672
1003 1907
1004 1061
1004 1216
1005 1056
1005 1084
1005 1768
1006 1435
1007 1099
1007 1526
1007 1977
1010 1203
1010 1278
1010 1364
1010 1562
1010 1737
1012 1060
1013 1428
1014 1025
1015 1106
1015 1351
1016 1593
1018 1378
1018 1642
1020 1400
1020 1606
1020 1902
1022 1057
1022 1227
1023 1524
1023 1851
1026 1243
1026 1851
1027 1409
1027 1889
1028 1383
1028 1906
1028 1971
1029 1284
1029 1338
1029 1691
1030 1545
1031 1117
1031 1231
1031 1489
1031 1760
1034 1377
1035 1760
1036 1639
1037 1716
1038 1905
1040 1346
1040 1488
1040 1641
1040 1738
1040 1893
1041 1534
1041 1646
1042 1589
1043 1090
1043 1265
1043 1833
1044 1886
1045 1079
1046 1150
1046 1476
1046 1781
1047 1805
1048 1829
1049 1192
1049 1220
1049 1805
1050 1648
1051 1802
1052 1529
1053 1661
1054 1574
1054 1895
1054 1956
1055 1064
1055 1633
1056 1219
1056 1381
1058 1734
1059 1143
1059 1787
1060 1835
1060 1886
1060 1908
1061 1161
1061 1219
1062 1216
1064 1225
1064 1490
1066 1234
1066 1283
1066 1606
1068 1069
1068 1240
1069 1681
1071 1817
1072 1716
1073 1176
1073 1198
1073 1238
1073 1865
1074 1143
1074 1574
1075 1235
1075 1585
1075 1839
1075 1841
1076 1366
1076 1817
1077 1730
1077 1827
1080 1224
1080 1461
1081 1883
1081 1994
1082 1221
1082 1580
1082 1708
1083 1801
1084 1175
1084 1803
1086 1525
1086 1679
1088 1246
1088 1777
1088 1843
1089 1937
1091 1894
1091 1982
1092 1157
1095 1170
1096 1372
1096 1373
1097 1198
1098 1435
1099 1754
1101 1705
1102 1573
1102 1802
1103 1195
1103 1664
1104 1667
1104 1692
1105 1479
1105 1790
1106 1618
1108 1435
1109 1430
1110 1862
1111 1712
1112 1833
1113 1439
1113 1708
1113 1772
1113 1862
1114 1627
1114 1635
1114 1777
1115 1597
1117 1285
1117 1651
1118 1956
1119 1160
1120 1252
1120 1935
1121 1176
1123 1331
1123 1502
1124 1466
1124 1544
1124 1741
1125 1669
1125 1845
1125 1875
1126 1624
1128 1246
1128 1476
1129 1198
1130 1537
1130 1719
1131 1315
1131 1553
1132 1629
1133 1391
1133 1449
1133 1944
1135 1176
1135 1966
1137 1361
1138 1525
1139 1311
1139 1637
1141 1501
1141 1572
1141 1864
1142 1332
1143 1352
1143 1964
1144 1830
1145 1197
1145 1698
1145 1802
1148 1502
1148 1781
1148 1951
1149 1409
1149 1748
1150 1747
1151 1196
1151 1563
1151 1613
1152 1237
1152 1710
1153 1300
1154 1309
1154 1681
1155 1355
1155 1523
1155 1710
1156 1193
1159 1551
1159 1661
1159 1765
1160 1252
1160 1305
1160 1462
1160 1529
1160 1748
1160 1792
1161 1200
1161 1269
1161 1394
1162 1369
1162 1616
1163 1388
1164 1915
1166 1257
1166 1962
1167 1627
1167 1993
1169 1228
1171 1557
1174 1477
1174 1555
1174 1825
1175 1940
1176 1311
1176 1780
1177 1493
1177 1848
1178 1248
1178 1567
1179 1197
1179 1512
1179 1933
1182 1272
1182 1796
1183 1594
1184 1696
1185 1384
1187 1418
1187 1788
1188 1933
1190 1224
1190 1351
1190 1816
1190 1820
1191 1899
1191 1941
1193 1408
1193 1619
1194 1975
1195 1312
1195 1376
1197 1620
1197 1708
1198 1684
1201 1206
1202 1366
1202 1535
1203 1401
1204 1818
1205 1735
1206 1857
1207 1536
1207 1851
1208 1832
1211 1704
1213 1868
1214 1319
1214 1419
1214 1593
1215 1241
1215 1287
1215 1741
1215 1997
1216 1374
1217 1670
1217 1744
1217 1823
1218 1769
1218 1904
1219 1562
1220 1418
1220 1859
1221 1695
1222 1238
1222 1621
1223 1443
1223 1809
1225 1275
1225 1526
1226 1530
1227 1588
1227 1635
1229 1787
1230 1633
1232 1456
1232 1865
1234 1431
1235 1746
1238 1457
1238 1947
1239 1288
1240 1709
1241 1807
1241 1820
1241 1965
1243 1823
1244 1904
1246 1667
1248 1667
1249 1477
1250 1463
1251 1402
1251 1634
1252 1350
1252 1467
1254 1804
1257 1786
1257 1959
1257 1975
1259 1290
1259 1743
1259 1995
1260 1704
1261 1414
1261 1461
1261 1853
1261 1980
1265 1883
1265 1954
1266 1704
1267 1500
1267 1878
1268 1641
1270 1531
1270 1540
1270 1757
1271 1858
1272 1341
1272 1524
1273 1285
1274 1580
1275 1718
1276 1466
1276 1569
1276 1829
1276 1992
1277 1829
1277 1993
1278 1585
1278 1601
1278 1992
1281 1754
1284 1418
1284 1450
1285 1448
1285 1923
1286 1773
1286 1894
1288 1471
1288 1814
1291 1458
1291 1618
1293 1699
1294 1426
1295 1524
1296 1887
1297 1557
1298 1389
1304 1429
1304 1622
1305 1543
1308 1316
1308 1810
1308 1880
1309 1315
1309 1634
1311 1922
1313 1718
1314 1405
1316 1951
1318 1557
1319 1333
1320 1387
1320 1496
1322 1681
1322 1745
1324 1540
1326 1721
1326 1998
1327 1975
1327 1993
1327 1997
1328 1562
1328 1817
1332 1513
1333 1345
1333 1367
1333 1827
1333 1917
1338 1423
1338 1951
1338 1955
1339 1427
1339 1975
1340 1898
1343 1673
1344 1432
1344 1999
1347 1359
1348 1510
1351 1742
1352 1420
1352 1530
1353 1787
1353 1948
1354 1419
1355 1951
1357 1512
1357 1587
1357 1898
1359 1456
1359 1921
1359 1927
1360 1684
1361 1736
1362 1712
1363 1638
1363 1754
1364 1395
1366 1632
1366 1652
1366 1947
1367 1752
1367 1816
1368 1976
1370 1542
1370 1725
1370 1835
1371 1499
1373 1922
1376 1770
1377 1517
1378 1498
1378 1635
1378 1718
1380 1392
1380 1582
1380 1709
1381 1747
1382 1570
1383 1592
1383 1778
1383 1850
1383 1857
1384 1745
1385 1732
1385 1792
1385 1995
1386 1956
1387 1638
1388 1750
1389 1941
1390 1438
1390 1938
1392 1426
1392 1634
1392 1822
1392 1942
1394 1581
1395 1731
1396 1448
1399 1621
1400 1415
1401 1925
1401 1934
1406 1917
1407 1422
1408 1915
1411 1583
1411 1855
1412 1588
1412 1717
1412 1734
1413 1463
1414 1597
1414 1933
1414 1996
1415 1637
1415 1854
1427 1511
1427 1551
1427 1677
1428 1883
1428 1962
1429 1645
1430 1442
1431 1579
1433 1556
1433 1574
1434 1578
1434 1810
1435 1585
1435 1634
1435 1843
1436 1528
1437 1527
1437 1607
1438 1493
1438 1509
1438 1663
1439 1618
1439 1705
1440 1541
1440 1672
1445 1964
1448 1914
1449 1543
1450 1581
1451 1688
1452 1510
1452 1646
1453 1764
1454 1789
1455 1975
1456 1806
1457 1896
1457 1916
1461 1763
1462 1929
1464 1666
1464 1857
1467 1566
1467 1821
1467 1830
1467 1892
1470 1730
1470 1976
1472 1576
1472 1732
1472 1828
1473 1599
1474 1658
1477 1734
1477 1857
1483 1925
1484 1674
1485 1515
1485 1722
1486 1813
1487 1724
1487 1861
1488 1739
1491 1875
1493 1567
1493 1803
1494 1867
1497 1924
1499 1653
1500 1625
1501 1799
1502 1704
1502 1705
1503 1821
1506 1915
1508 1511
1509 1999
1511 1534
1511 1623
1511 1785
1513 1582
1515 1757
1516 1590
1517 1585
1517 1994
1518 1796
1518 1987
1519 1813
1519 1956
1521 1672
1522 1580
1523 1592
1523 1649
1523 1687
1524 1618
1526 1863
1528 1605
1528 1980
1530 1868
1531 1766
1531 1830
1534 1674
1535 1673
1535 1806
1538 1641
1540 1743
1541 1584
1541 1900
1541 1902
1541 1940
1542 1592
1543 1790
1544 1936
1546 1717
1546 1940
1547 1977
1548 1923
1553 1604
1554 1570
1557 1623
1557 1759
1561 1658
1561 1764
1561 1808
1564 1886
1565 1601
1565 1759
1566 1861
1568 1586
1568 1887
1572 1695
1572 1953
1574 1741
1580 1806
1583 1755
1583 1966
1584 1809
1585 1889
1585 1932
1586 1995
1588 1828
1591 1887
1592 1696
1594 1684
1594 1740
1597 1632
1598 1679
1599 1883
1604 1625
1605 1713
1605 1806
1606 1737
1609 1866
1609 1924
1611 1948
1616 1871
1617 1817
1618 1992
1619 1653
1620 1778
1623 1793
1628 1956
1632 1728
1638 1765
1641 1723
1643 1973
1645 1917
1645 1940
1648 1837
1649 1930
1651 1714
1652 1740
1654 1696
1657 1740
1661 1822
1662 1847
1665 1984
1669 1899
1670 1817
1672 1996
1675 1721
1676 1914
1676 1999
1680 1736
1681 1760
1681 1965
1685 1729
1686 1848
1686 1886
1687 1751
1687 1815
1692 1814
1693 1913
1696 1731
1696 1754
1696 1968
1704 1825
1704 1888
1708 1855
1709 1774
1709 1861
1717 1897
1724 1858
1725 1945
1727 1838
1727 1945
1728 1793
1728 1931
1729 1877
1730 1828
1732 1752
1733 1967
1739 1809
1746 1835
1750 1820
1751 1916
1754 1972
1754 1981
1755 1894
1757 1758
1759 1839
1763 1764
1764 1945
1765 1820
1771 1995
1774 1810
1777 1906
1778 1816
1781 1791
1789 1846
1792 1923
1793 1961
1798 1858
1801 1965
1803 1937
1812 1830
1813 1917
1819 1833
1824 1905
1824 1998
1825 1827
1825 1916
1834 1912
1834 1924
1835 1859
1835 1863
1835 1954
1839 1976
1845 1851
1846 1959
1848 1965
1854 1998
1857 1980
1859 1950
1861 1973
1867 1887
1867 1940
1868 1887
1870 1943
1871 1942
1873 1983
1886 1991
1900 1992
1919 1936
1920 1932
1927 1972
1928 1994
1949 1996
1953 1955
1984 1985
