2000 2945
34
72
39
24
70
77
30
31
45
40
49
29
71
26
68
91
69
75
76
24
24
15
75
24
44
43
68
59
83
62
68
98
2
79
41
94
6
81
80
26
14
92
8
93
62
97
13
37
60
53
56
23
26
85
51
99
94
9
72
99
7
47
47
87
72
76
30
35
50
46
19
60
67
68
59
19
54
78
60
88
78
36
32
7
86
89
7
29
91
30
99
16
61
54
35
46
90
49
59
49
25
90
72
23
75
6
11
45
68
77
11
36
94
18
45
45
91
71
62
38
67
62
46
46
4
67
39
56
41
6
28
75
38
96
77
12
56
8
44
62
76
74
18
1
41
38
10
15
1
87
8
51
89
59
61
20
46
26
68
15
3
83
42
1
4
37
28
26
60
67
73
42
26
84
23
14
1
89
73
1
57
61
47
79
14
25
21
53
17
16
33
47
81
3
33
39
89
15
7
97
84
81
39
43
56
46
76
93
75
39
74
1
66
23
42
78
86
34
1
41
1
89
87
60
95
50
41
55
34
36
67
60
95
3
50
57
82
23
21
100
90
76
33
2
43
71
52
61
56
31
1
14
4
87
28
50
51
51
30
49
31
90
61
99
13
75
97
68
62
70
42
9
92
69
29
6
93
100
8
28
61
90
65
41
3
73
34
54
21
82
77
15
69
26
73
11
40
51
77
91
57
93
76
3
33
41
17
4
30
89
38
1
76
34
6
58
15
38
44
94
10
19
69
57
35
49
80
3
51
84
1
15
84
85
17
31
65
15
75
40
58
15
95
55
13
83
19
31
69
87
77
72
45
34
8
46
14
4
60
50
6
2
71
13
83
84
71
99
55
77
13
12
68
39
73
41
2
67
22
63
8
30
78
66
74
53
61
12
7
24
40
17
21
13
97
59
77
14
5
22
39
21
58
35
51
65
83
42
12
7
49
30
31
70
14
44
41
82
91
61
30
48
89
12
51
25
80
100
52
81
58
33
58
89
79
98
31
11
39
4
75
8
45
76
37
46
84
35
23
31
77
67
53
16
58
87
66
61
88
8
19
38
21
5
99
34
77
31
49
61
33
56
72
9
18
76
68
21
46
99
19
91
89
66
100
29
71
26
91
10
56
9
32
97
38
50
94
27
67
18
80
6
79
40
49
10
97
99
32
12
85
63
11
50
12
34
7
40
85
76
66
76
2
19
68
49
32
14
64
98
28
93
88
18
40
99
32
37
93
19
41
58
79
58
53
71
43
78
3
12
6
16
12
92
94
46
64
71
75
16
75
78
99
52
43
31
97
53
78
45
79
20
7
11
35
7
8
25
41
50
75
7
39
93
40
76
70
48
48
9
12
90
98
58
99
22
19
55
25
83
28
95
68
57
9
18
3
97
42
66
30
34
47
89
100
89
96
15
9
75
97
15
23
9
49
97
49
7
70
8
18
21
76
77
50
35
79
29
50
76
26
28
12
69
53
26
51
51
10
90
35
67
20
25
6
95
34
17
63
39
70
41
67
65
69
60
41
12
71
12
56
91
23
5
59
25
91
68
9
65
69
77
22
61
27
92
95
82
81
3
96
35
81
25
26
76
53
46
69
69
56
98
68
26
43
1
13
20
83
93
26
46
71
68
21
63
20
93
11
86
38
74
3
65
100
72
71
77
7
94
11
15
72
74
97
87
50
72
62
88
5
47
82
16
43
21
42
29
75
83
28
89
50
14
59
87
68
82
36
100
32
75
69
50
45
93
38
80
92
83
31
93
8
47
42
52
68
33
30
44
5
77
63
21
25
30
66
79
89
50
40
67
69
34
8
36
10
66
89
58
11
77
20
71
81
54
55
24
24
4
64
20
99
16
78
81
90
98
57
22
74
17
99
38
16
73
18
36
43
57
48
52
84
72
35
10
63
47
11
91
36
27
58
26
73
19
37
19
71
69
45
64
60
75
88
98
66
99
13
24
43
4
55
69
97
75
86
76
14
74
59
1
8
98
43
54
32
48
98
43
54
28
12
78
25
64
5
67
37
5
86
56
26
8
45
77
72
79
88
79
45
88
91
13
12
26
16
19
50
83
98
25
80
17
2
50
83
15
26
44
9
2
67
72
85
7
79
46
20
85
78
53
79
32
52
40
99
38
99
76
45
29
13
46
9
24
29
17
95
74
77
86
5
57
32
65
34
78
26
67
9
67
94
53
62
88
4
23
20
43
74
49
59
55
75
20
10
26
39
92
18
57
46
16
80
79
6
97
11
92
73
17
34
3
73
15
19
95
9
18
63
74
42
8
46
41
2
22
56
79
30
1
51
3
59
100
74
38
91
8
56
90
5
88
71
24
80
94
42
70
5
23
25
48
48
98
18
95
13
5
19
67
95
87
27
55
76
97
87
99
82
85
29
88
69
69
92
68
11
98
74
12
92
59
92
77
30
57
41
20
5
10
41
83
6
54
61
28
6
24
66
17
32
34
89
72
97
49
90
68
76
93
19
92
34
82
22
22
75
27
57
81
82
14
91
88
73
83
92
79
26
65
71
51
96
76
3
80
18
46
66
14
27
39
45
4
2
3
47
99
43
68
48
77
1
41
73
39
88
93
93
16
30
69
28
1
93
40
36
9
42
5
85
26
11
5
87
78
4
75
78
9
13
35
66
48
30
30
89
12
56
1
17
84
50
64
30
75
42
82
25
65
38
62
7
23
85
46
41
6
55
21
12
96
11
79
30
98
68
66
37
27
23
13
14
13
45
98
63
77
71
35
96
95
26
99
95
39
40
15
92
53
89
7
15
13
19
84
55
53
80
16
41
84
6
58
64
89
85
38
72
59
61
24
46
80
8
54
90
16
19
28
100
49
22
81
85
27
98
98
10
28
98
37
57
91
96
12
46
65
29
2
27
58
12
32
38
48
12
82
18
10
60
39
49
3
91
38
78
27
3
18
8
21
97
71
47
30
20
72
40
90
37
70
87
98
58
82
43
83
17
69
80
85
10
58
22
67
20
18
26
13
77
29
26
54
25
57
67
14
91
8
40
8
39
39
12
19
81
3
75
36
67
62
30
76
40
88
10
76
3
26
58
27
19
4
4
73
6
6
80
70
49
69
26
67
74
98
51
47
35
55
95
92
35
85
55
90
39
28
98
21
15
44
20
2
53
59
80
100
31
58
70
44
49
86
86
40
24
75
74
17
61
19
44
61
62
95
82
64
43
71
13
81
30
59
24
6
27
70
82
95
98
25
31
67
1
32
41
33
12
63
37
37
19
14
33
48
85
22
3
88
48
85
18
16
31
12
99
56
8
7
15
60
1
3
80
61
84
58
69
50
72
69
61
45
12
83
69
61
45
55
20
30
55
84
8
9
23
79
64
44
98
5
36
18
4
100
32
31
5
40
74
13
82
72
5
14
31
8
3
22
3
56
54
77
46
12
59
54
68
71
3
3
73
67
73
14
10
22
79
17
86
12
75
19
78
79
63
96
23
1
3
59
92
81
97
7
62
4
76
84
57
66
14
86
82
8
37
100
4
28
20
24
74
85
88
90
19
41
77
52
39
39
98
64
51
82
38
88
94
37
21
73
80
12
87
62
5
54
91
16
58
45
40
63
85
36
95
73
90
63
56
87
51
38
44
62
24
63
24
80
93
76
72
65
96
44
44
48
2
4
25
15
50
59
85
17
36
38
91
12
19
95
25
40
14
17
85
42
3
100
53
87
97
6
41
38
22
74
39
99
35
11
26
11
39
90
37
4
22
60
50
67
83
83
90
24
47
74
52
64
37
89
8
40
36
42
21
15
94
68
98
69
63
94
74
30
58
44
3
61
96
34
57
42
48
15
83
65
79
77
95
57
91
28
32
23
52
38
60
24
80
86
54
73
95
38
96
6
34
8
97
82
89
98
84
26
99
29
95
63
94
5
69
92
96
51
83
69
62
90
84
88
86
67
16
63
8
29
22
53
45
18
45
27
17
83
51
46
60
26
90
60
8
52
47
23
33
34
2
62
59
99
14
45
75
33
17
26
35
63
88
83
74
90
23
94
10
10
84
56
82
32
33
32
24
21
66
79
21
24
100
78
15
36
23
92
11
59
24
60
28
17
42
37
43
7
65
55
72
83
59
12
62
27
16
98
52
48
13
20
40
19
37
90
43
94
22
88
47
68
77
39
85
66
62
73
33
83
22
41
64
79
54
90
43
99
29
22
72
14
22
60
63
77
54
9
10
75
39
13
10
70
55
85
32
83
79
95
76
54
46
56
92
54
62
66
47
59
27
81
33
28
12
3
10
40
52
59
67
61
26
88
91
84
53
36
87
11
74
57
4
48
46
12
73
37
73
41
63
24
12
65
47
73
92
17
98
45
54
31
61
95
68
91
38
87
4
59
4
63
33
36
43
37
31
70
54
65
20
73
59
40
78
56
82
40
39
21
19
51
60
52
26
1
42
87
1
81
24
92
21
5
52
32
36
93
86
66
40
94
45
58
60
56
70
79
36
64
96
24
61
42
38
62
94
100
8
24
63
89
51
27
55
61
7
31
52
84
0 1301
1 1423
1 1543
2 94
2 420
3 111
3 651
4 371
4 629
4 1612
4 1958
5 460
5 618
5 1418
5 1876
6 795
6 871
6 1271
7 1460
7 1875
8 56
8 525
8 1228
9 544
9 1045
9 1396
9 1593
9 1871
9 1949
10 1229
10 1715
11 247
11 687
13 221
13 229
13 1213
13 1792
14 277
14 821
15 1307
15 1660
15 1888
16 697
16 1039
17 533
17 634
17 975
17 1504
18 295
18 1463
19 248
19 447
19 851
19 1436
19 1663
20 406
20 904
20 1078
22 473
22 990
23 189
23 848
23 1245
23 1248
23 1354
23 1919
24 778
24 1153
25 193
25 1102
26 1527
27 235
27 1382
28 315
28 640
28 818
28 835
29 413
29 1088
29 1143
29 1202
29 1511
30 863
30 1139
30 1404
30 1595
31 389
32 565
32 684
33 1322
33 1818
33 1853
34 1553
35 652
36 294
36 325
37 1410
38 1636
40 439
40 1170
40 1770
40 1788
40 1917
41 637
41 700
41 910
41 1851
42 470
42 1321
42 1337
42 1488
43 248
43 1432
44 419
44 480
44 1171
45 65
45 556
45 876
45 1199
45 1235
46 571
47 214
47 1409
47 1587
48 1371
49 269
49 532
50 986
52 530
52 1352
52 1440
53 590
53 772
53 1077
53 1361
54 1564
55 109
55 1194
55 1677
55 1750
56 408
56 1180
57 280
57 1161
57 1211
57 1294
58 634
58 1956
59 245
59 774
59 999
59 1038
60 551
60 1731
61 809
62 103
62 1535
63 196
63 1221
63 1355
63 1424
64 331
64 1652
64 1863
65 272
65 1830
65 1902
66 1243
66 1691
67 1817
68 1752
69 1706
69 1937
70 236
70 289
70 1334
71 347
71 1023
72 1260
73 229
73 1075
73 1174
73 1932
74 728
74 948
74 1063
75 358
75 1324
75 1758
76 866
76 1124
77 152
77 473
77 812
77 897
78 1528
78 1866
79 1995
80 591
80 1368
80 1524
80 1577
81 949
81 1418
81 1726
83 961
83 1444
84 800
84 1250
84 1578
84 1832
86 147
86 356
86 561
86 858
86 1079
86 1114
86 1919
87 528
87 1229
87 1786
88 391
88 967
89 359
89 1313
89 1567
89 1808
90 176
90 243
90 952
90 1460
91 273
91 356
91 844
92 899
92 1329
92 1634
93 333
93 878
93 1010
93 1267
93 1280
93 1331
94 1345
94 1491
95 187
95 579
95 743
95 1043
95 1190
95 1971
96 719
96 921
96 1730
96 1912
97 546
97 1580
98 1575
98 1895
99 539
100 396
101 117
102 266
103 474
104 152
104 899
104 1095
105 1942
106 372
106 1048
106 1449
106 1820
107 1837
107 1950
108 796
108 1340
109 317
109 714
110 983
110 1099
110 1395
110 1890
110 1990
112 746
112 1532
113 1719
113 1812
114 150
114 431
114 977
114 1057
114 1300
114 1324
114 1533
115 1162
115 1825
116 382
116 849
116 1789
117 225
118 647
118 732
118 938
118 1347
119 275
119 1004
119 1170
119 1516
119 1552
120 122
120 543
120 1603
120 1997
121 1050
121 1922
122 196
122 319
122 1628
122 1632
123 292
123 944
123 1466
124 844
124 1090
124 1937
125 870
125 1150
125 1485
126 151
126 1683
126 1913
127 718
127 893
127 1035
127 1346
128 1733
129 1136
129 1218
129 1389
129 1920
130 1605
130 1791
130 1968
131 859
131 1619
131 1762
131 1990
132 257
132 374
132 932
132 949
132 1831
133 677
133 859
133 929
134 753
134 1135
134 1411
135 1080
135 1503
135 1771
136 399
136 971
136 1770
136 1924
137 175
137 1548
137 1632
137 1796
138 156
138 367
138 735
138 919
139 668
139 1265
140 449
140 1371
141 1185
141 1544
141 1682
141 1878
142 380
142 1548
142 1637
142 1718
142 1921
143 419
143 835
143 979
143 1017
144 234
144 247
144 724
144 847
144 1397
144 1405
144 1601
145 157
145 1344
145 1959
146 513
146 1086
146 1419
146 1507
146 1781
147 526
148 155
148 282
149 1824
149 1979
150 215
150 1610
152 785
152 1154
153 632
154 268
155 1541
156 245
156 1364
156 1468
156 1537
157 878
157 1698
158 265
158 478
158 499
158 1356
158 1432
158 1632
159 802
160 318
160 571
160 1062
160 1295
160 1539
161 1401
161 1411
161 1782
162 651
162 1817
163 595
163 891
163 1322
163 1826
165 263
165 504
166 1048
167 172
167 1555
167 1797
168 409
168 623
168 1693
169 210
169 522
169 1106
170 670
171 627
171 970
171 1700
171 1999
172 280
172 314
172 598
172 891
172 1328
174 441
175 212
175 936
175 1553
177 243
177 1149
177 1880
177 1890
178 485
178 785
178 1227
179 374
179 605
179 1055
179 1674
180 454
180 559
180 880
180 1763
180 1929
181 1070
182 1664
183 1374
184 227
184 1043
185 1593
187 871
188 711
188 1840
189 1284
189 1382
189 1950
192 599
192 1148
192 1319
193 1562
193 1833
194 238
194 462
194 681
194 1458
194 1478
195 860
196 1488
197 343
197 480
197 488
197 1450
197 1710
198 429
198 913
198 1130
198 1142
198 1636
198 1826
199 285
199 733
199 1361
200 263
200 534
200 729
200 735
200 1792
201 677
201 681
201 949
201 1406
203 461
203 640
203 1061
203 1246
204 317
204 524
206 1790
206 1814
207 717
207 1164
207 1875
208 1348
209 865
210 301
210 519
210 1304
210 1540
210 1610
210 1780
211 812
211 1488
211 1741
212 883
212 913
212 1201
212 1240
212 1433
213 1286
213 1662
214 1050
214 1101
215 565
215 607
215 866
215 1039
215 1886
215 1896
216 964
216 1831
217 1484
217 1792
217 1805
218 677
218 1221
218 1828
219 564
219 632
219 1088
219 1380
220 1049
220 1059
220 1402
220 1926
221 233
221 954
221 1276
221 1279
222 456
222 805
223 298
223 875
224 1318
224 1381
225 1186
226 442
226 1066
226 1678
227 244
227 274
227 518
227 1566
229 364
229 408
229 522
229 877
229 1618
231 586
231 1254
231 1260
231 1492
232 362
232 499
233 499
233 530
233 566
234 339
234 574
234 658
234 826
234 925
234 1341
235 328
235 741
235 1399
235 1641
235 1815
236 1456
236 1467
237 240
237 465
237 532
237 552
237 667
237 1068
237 1366
239 399
239 1280
240 906
241 854
241 1198
242 379
242 710
242 1031
242 1359
242 1872
244 851
244 999
244 1034
244 1077
245 730
245 751
245 1411
246 716
246 871
246 891
246 1774
247 763
247 770
247 1160
249 294
249 922
249 1391
249 1732
250 389
250 980
250 1759
250 1899
251 1075
252 743
252 861
252 1759
254 391
257 920
258 976
258 1338
258 1508
259 766
259 1140
259 1308
259 1605
260 1073
260 1562
260 1563
261 1947
262 931
262 1438
262 1824
262 1836
263 1590
263 1703
263 1793
264 417
264 1413
264 1555
264 1937
265 1437
265 1609
266 372
266 704
267 495
268 554
268 1217
268 1489
269 932
269 1720
270 992
270 1271
270 1737
271 626
271 1142
271 1847
271 1862
271 1887
272 1800
273 541
273 736
274 586
274 1410
274 1723
275 667
275 916
275 1221
276 357
276 383
276 1858
277 354
278 904
278 1101
278 1380
279 543
279 821
279 1353
280 503
280 766
280 841
280 911
280 978
281 802
282 336
282 420
284 782
284 1179
285 732
286 870
286 967
286 1348
286 1435
286 1984
287 366
287 1244
287 1378
287 1729
287 1900
288 945
288 1402
289 594
289 1110
289 1633
289 1671
290 1363
291 909
292 545
292 673
292 1163
292 1269
292 1429
293 294
293 425
293 1321
293 1868
294 861
294 984
294 1366
294 1481
294 1989
295 478
295 754
295 787
295 811
295 1049
295 1328
295 1354
295 1813
295 1968
296 319
296 852
296 946
296 1010
296 1322
297 1565
298 1562
299 400
299 1676
300 556
300 1367
300 1844
301 1353
302 590
302 1021
302 1149
303 1015
304 569
305 406
305 816
305 1612
305 1838
306 1692
306 1713
306 1804
307 1556
308 1130
308 1718
309 626
309 717
309 1978
309 1980
310 1246
310 1798
310 1939
311 376
311 741
311 761
311 1071
312 494
312 929
312 1285
312 1582
312 1723
313 1428
313 1871
314 1501
315 1372
315 1594
316 1509
316 1714
318 1245
318 1327
318 1999
319 384
319 534
319 1422
319 1716
320 1891
321 445
321 714
321 923
321 1237
321 1672
322 342
322 345
322 495
322 1619
324 1200
324 1904
325 728
325 904
325 1301
325 1400
325 1441
326 376
326 1368
329 1764
330 1202
330 1914
331 1448
332 1031
332 1456
333 782
334 1961
335 837
335 1052
335 1207
335 1385
335 1652
336 362
336 1406
337 379
337 746
337 862
337 985
337 1318
338 1109
338 1783
340 583
340 880
340 1305
340 1712
341 722
341 1341
342 1153
342 1641
343 562
343 689
343 700
343 1555
343 1976
344 746
345 1455
346 1301
347 1823
348 1023
348 1394
349 756
349 884
349 1768
350 1452
351 1018
351 1667
352 546
353 588
353 1087
354 461
354 945
354 1814
354 1910
354 1919
355 782
355 786
355 1437
355 1786
359 757
360 500
360 601
360 879
360 919
360 991
360 1126
360 1291
360 1735
360 1837
361 652
361 1587
361 1686
361 1796
362 547
362 1090
362 1536
362 1874
363 379
363 764
363 887
364 1334
364 1488
365 1382
367 766
367 937
368 794
368 1604
370 479
370 773
370 1854
371 554
371 1046
371 1834
371 1911
373 747
373 1580
373 1798
374 580
374 1211
374 1261
374 1922
375 894
375 1097
375 1415
375 1739
376 1544
377 764
377 1861
378 520
378 1461
379 503
379 1124
379 1474
379 1589
379 1811
379 1904
380 1273
381 382
381 394
381 1790
381 1994
382 745
382 1210
382 1704
382 1955
383 1023
383 1111
383 1290
384 547
385 1254
385 1445
385 1489
386 846
386 1136
386 1261
386 1347
386 1375
386 1995
387 1006
387 1809
388 653
388 1050
388 1465
388 1490
388 1933
389 1264
389 1867
390 516
390 567
390 727
390 1017
391 680
391 1007
392 844
394 510
394 676
394 887
394 1965
395 1162
396 581
396 891
396 1579
397 642
397 1774
398 451
398 980
398 1705
399 1834
400 425
400 486
400 682
400 806
400 831
401 1107
401 1340
402 854
402 1057
402 1071
402 1079
402 1485
404 1134
405 497
405 1107
406 843
407 666
407 1577
407 1823
408 944
408 1278
408 1614
409 1976
410 1399
410 1553
410 1610
411 466
411 1186
411 1656
412 1096
412 1272
413 464
413 744
413 1358
413 1473
413 1788
414 580
414 975
416 953
416 1621
417 631
417 913
417 941
417 1460
419 630
419 1130
419 1313
420 1643
420 1775
422 1935
422 1963
423 788
423 1225
424 1092
424 1246
424 1778
424 1967
425 429
425 440
425 580
425 1487
426 573
426 922
426 1206
426 1530
426 1746
426 1779
427 1450
427 1962
428 1075
429 653
429 1208
429 1454
429 1919
430 710
431 1519
431 1846
432 589
432 826
432 1040
433 1747
433 1829
434 603
434 930
434 1774
434 1848
435 1165
436 1171
436 1608
438 609
438 820
438 901
438 1441
438 1637
439 1007
439 1039
439 1224
439 1618
440 751
440 811
441 705
441 740
441 1454
442 733
442 1702
443 900
443 1224
443 1793
444 1415
445 606
445 1560
445 1815
446 1266
446 1290
446 1811
447 1000
447 1791
448 622
448 778
448 1526
448 1528
448 1798
449 665
449 1037
449 1139
449 1890
450 1025
451 1931
452 856
452 921
452 1399
452 1573
452 1823
453 454
453 477
453 500
453 813
454 815
454 820
455 657
455 1039
455 1281
455 1396
456 1375
456 1652
457 937
457 1489
458 1730
459 583
459 1317
459 1637
459 1716
459 1724
460 822
460 1575
460 1979
461 467
461 931
461 1883
462 990
463 1827
464 1063
464 1259
464 1326
464 1350
464 1739
464 1891
465 669
465 1145
465 1862
465 1866
466 849
466 1183
466 1494
467 1021
467 1272
467 1656
468 471
468 867
469 1599
470 1132
470 1323
470 1458
471 544
471 968
471 1143
471 1675
471 1758
472 819
472 1237
474 692
474 1002
474 1288
474 1692
474 1739
475 1463
475 1737
475 1803
476 728
476 765
476 792
477 784
477 919
478 970
479 674
480 788
481 1164
481 1248
481 1479
481 1638
482 761
482 1714
483 789
483 860
483 1097
483 1692
484 1208
484 1237
485 563
485 591
485 1970
486 1053
486 1385
487 491
487 941
489 1651
491 932
492 719
492 1336
493 1249
493 1527
494 817
494 1036
494 1272
494 1306
496 774
496 1617
496 1920
497 804
497 829
497 1774
498 833
498 1068
499 529
499 959
499 1537
500 1871
501 550
501 839
502 640
503 1568
504 1157
505 776
505 1557
506 1497
506 1569
506 1998
507 572
508 893
509 1358
509 1385
510 1570
510 1837
511 805
511 1247
511 1307
511 1323
511 1622
513 551
513 696
513 838
515 963
516 668
516 744
517 574
518 1534
518 1749
519 600
519 618
519 1410
520 1527
520 1664
521 1576
523 1370
524 802
524 1110
524 1403
525 1898
526 770
526 1134
526 1676
527 1927
528 1688
529 691
529 1745
529 1855
530 1086
530 1192
530 1217
531 1634
532 1718
533 582
534 1857
535 1426
535 1926
536 1076
536 1576
538 1638
538 1971
539 679
539 1478
540 807
540 841
540 1116
540 1511
541 593
541 1182
543 1744
545 1129
545 1351
546 628
546 1780
547 844
547 1394
547 1841
548 727
548 1128
549 942
550 907
550 1727
551 1304
551 1513
551 1878
551 1891
552 728
552 1300
552 1429
553 645
553 1687
554 1201
554 1327
554 1711
555 1847
555 1875
555 1977
556 1461
556 1625
557 1515
558 1072
558 1650
558 1656
560 685
560 859
561 1173
561 1598
562 1433
562 1820
562 1945
563 1609
564 752
564 933
565 594
565 601
565 969
565 1124
565 1930
566 1200
566 1890
567 794
567 963
570 1215
571 1753
571 1958
573 908
573 1465
574 595
574 1154
575 821
575 1586
575 1770
575 1903
576 822
577 1081
578 1064
578 1065
578 1068
578 1337
578 1727
580 993
581 1262
581 1464
581 1479
581 1642
582 871
582 1007
582 1188
582 1303
582 1681
583 639
584 1333
585 1026
585 1756
587 678
587 1111
587 1508
588 872
588 958
589 1502
590 921
590 1350
591 911
591 1166
592 597
592 936
593 1438
595 724
595 1650
595 1847
597 818
597 1182
597 1327
597 1632
599 758
599 1322
599 1960
600 1747
601 616
601 810
601 1722
602 946
603 923
604 625
604 638
604 713
604 1056
604 1114
604 1723
606 873
606 1488
607 973
607 1984
608 740
608 1223
609 972
609 1785
609 1821
610 1891
611 1817
612 658
612 789
612 1998
613 793
613 1567
613 1640
614 707
614 780
614 1201
614 1714
614 1732
617 1354
617 1624
617 1685
617 1857
618 1099
618 1296
619 1269
620 1783
621 844
621 992
621 1558
622 820
622 1974
624 1473
624 1514
624 1683
625 841
625 1879
625 1982
626 717
626 1088
626 1138
626 1894
627 1563
628 900
628 1902
629 1756
630 1602
630 1906
631 1307
631 1342
633 768
633 986
633 1475
636 641
636 651
636 1343
637 1561
638 1440
638 1760
639 1581
640 919
640 1490
641 1113
641 1578
642 1477
643 1559
645 1394
646 799
647 1155
647 1218
648 1505
649 777
649 1576
649 1719
650 1167
650 1247
650 1322
651 715
653 964
654 1049
654 1697
654 1957
655 1693
656 1784
657 940
657 1334
658 1143
658 1633
658 1748
659 1818
660 1125
660 1672
660 1847
661 663
661 794
661 1212
661 1951
663 1884
664 1394
664 1514
665 1980
666 934
666 1924
667 763
668 845
668 1234
668 1262
669 1690
670 845
670 1244
670 1293
671 1144
671 1334
671 1489
671 1625
672 1178
672 1367
673 1527
673 1621
673 1831
674 1528
674 1903
675 692
675 1375
675 1575
677 1453
677 1470
677 1735
678 711
679 1033
679 1723
679 1797
679 1900
680 1745
681 750
681 1029
681 1690
682 1233
682 1572
683 1343
684 1058
684 1672
684 1806
685 1038
685 1263
686 962
686 1900
687 872
688 769
688 796
688 1161
690 1466
691 1035
692 800
693 1021
693 1211
693 1398
693 1624
694 1990
696 1232
696 1990
697 1777
697 1977
698 1323
698 1634
698 1948
699 759
699 1295
699 1533
699 1853
700 963
701 1431
701 1610
701 1663
702 1021
702 1707
702 1723
703 1730
705 859
705 934
706 755
706 1213
706 1465
706 1606
707 1431
708 1120
708 1303
708 1495
708 1756
708 1922
709 766
709 1274
709 1612
710 794
710 871
710 1825
711 1015
711 1133
711 1171
711 1321
711 1951
712 1033
712 1086
713 808
713 1052
713 1367
714 1363
714 1653
715 1346
715 1949
716 794
716 1865
718 1046
718 1393
719 861
719 1021
719 1367
719 1630
719 1841
721 745
721 832
721 1529
721 1532
722 821
723 926
723 1393
723 1396
724 1298
724 1680
725 789
725 814
725 1978
726 1214
727 1122
727 1979
728 797
728 1246
728 1995
729 1438
729 1882
730 767
730 916
730 926
730 1978
732 1725
733 1111
733 1841
734 922
734 1148
734 1641
735 1962
737 1407
737 1653
737 1766
738 753
739 1366
739 1411
740 1016
740 1375
740 1808
740 1833
741 993
742 935
742 1709
743 1585
743 1737
744 1644
745 1729
747 1112
747 1253
748 1716
749 975
750 1765
752 1650
753 777
754 1902
755 1632
756 758
756 859
756 1999
758 1243
758 1314
758 1917
759 1213
759 1670
759 1754
759 1758
759 1989
760 1161
761 1038
761 1203
761 1500
762 1328
764 936
764 1887
765 1831
766 814
766 919
766 1019
767 1780
767 1828
768 918
768 1761
768 1777
769 928
769 984
769 1523
769 1655
769 1767
770 1029
770 1035
770 1885
771 826
771 1198
771 1878
772 1954
774 1651
775 1371
775 1816
775 1835
776 784
776 1668
776 1788
776 1864
776 1920
777 1388
777 1405
777 1580
777 1656
778 1067
778 1082
778 1087
778 1695
779 1206
780 921
780 1500
781 1041
781 1622
782 813
782 1295
782 1605
783 1618
784 785
784 895
784 1109
784 1445
784 1492
785 1050
785 1431
785 1677
785 1754
785 1948
787 1448
787 1767
788 1079
788 1883
789 1852
789 1891
790 1385
790 1532
790 1575
790 1948
792 1322
793 1057
793 1445
794 994
794 1406
794 1811
794 1822
794 1906
795 1539
797 902
798 892
799 1409
799 1563
799 1574
799 1916
800 1568
801 1111
801 1350
801 1547
802 1821
802 1930
802 1939
803 813
803 1358
803 1490
803 1654
804 1694
804 1990
805 848
805 1094
806 1520
807 938
807 1926
807 1996
808 1166
808 1187
808 1548
810 1451
811 1444
811 1754
812 815
812 1447
812 1529
812 1636
812 1912
813 1069
814 1483
814 1580
814 1623
815 1510
816 917
816 1632
817 1280
818 1055
818 1405
818 1490
819 1195
819 1347
820 1510
820 1588
821 1381
821 1891
822 1974
823 1555
824 1438
824 1822
824 1975
825 931
825 1044
825 1147
825 1711
826 842
827 984
827 1345
828 1924
829 1132
829 1518
829 1713
830 1240
830 1670
831 1313
831 1917
831 1987
832 1157
833 1340
834 1196
834 1257
834 1508
835 1813
836 978
836 1057
837 1228
839 1156
840 932
840 1488
840 1738
840 1872
840 1933
841 1385
842 1612
842 1848
843 974
843 1919
844 1083
844 1778
845 1554
847 1853
847 1996
848 943
848 954
848 984
848 1222
848 1276
849 1516
851 900
851 1222
851 1375
851 1820
852 1322
852 1763
853 889
853 963
853 1240
853 1388
853 1903
856 1500
856 1620
856 1940
857 1742
857 1933
858 1358
858 1685
860 1314
860 1814
861 1453
862 913
862 924
863 1131
864 953
866 1201
866 1912
867 1972
868 1148
868 1268
868 1357
869 950
870 1364
870 1477
870 1552
871 1017
871 1291
872 1329
874 1121
875 1206
876 1133
876 1396
876 1583
877 1044
877 1553
877 1999
879 1025
879 1432
879 1598
880 1016
880 1421
880 1738
881 1173
881 1259
882 1496
882 1520
882 1659
883 1791
884 1129
885 926
885 1499
885 1700
885 1903
886 1699
887 1222
887 1434
887 1494
888 1286
888 1512
888 1926
889 1249
889 1786
890 1722
891 1226
891 1794
892 1308
892 1389
895 1697
896 990
896 1954
897 1531
897 1772
898 1771
899 1071
900 973
900 1081
900 1591
900 1936
901 1054
902 1154
902 1506
902 1857
903 1327
904 1449
905 970
905 1535
905 1831
906 1675
906 1724
908 955
908 1466
908 1807
910 1315
910 1970
912 1203
912 1321
913 1093
913 1318
915 1311
915 1340
915 1536
917 936
918 1200
919 1598
921 1787
922 1237
922 1245
923 1408
923 1983
924 1943
926 1088
927 1043
927 1705
928 1505
928 1716
928 1850
930 1083
930 1290
932 1628
933 944
933 1994
934 977
934 1073
934 1791
935 1789
937 1767
938 1177
938 1840
938 1925
939 1568
940 1105
940 1213
940 1519
940 1935
941 1113
941 1430
942 1141
943 1389
944 1025
946 1039
946 1113
946 1175
946 1475
947 1258
947 1610
947 1644
948 1930
948 1931
949 1094
949 1613
950 1380
951 1104
952 1626
952 1955
953 1739
954 1368
954 1686
955 995
955 1472
955 1661
956 1347
956 1791
957 1613
957 1959
957 1967
958 1434
958 1556
959 1162
959 1387
959 1612
961 1358
961 1972
963 1132
963 1896
964 1426
966 1880
967 1251
967 1846
969 1437
969 1645
969 1669
969 1923
970 1633
971 1316
971 1631
971 1849
972 1191
972 1516
972 1765
973 1180
973 1207
973 1802
974 1133
974 1618
974 1786
975 1543
975 1631
976 1869
978 1538
979 1439
979 1771
981 1552
982 1635
983 1164
983 1313
984 1391
985 1008
987 1876
989 995
989 1094
989 1445
990 1074
990 1155
991 1309
992 1195
992 1741
993 1850
995 1876
996 1000
996 1032
996 1098
996 1928
999 1224
1001 1524
1001 1651
1002 1657
1003 1297
1003 1522
1004 1161
1004 1330
1004 1453
1005 1913
1007 1822
1008 1634
1009 1388
1009 1823
1012 1832
1013 1518
1013 1910
1014 1312
1015 1525
1017 1315
1017 1403
1018 1106
1020 1132
1021 1289
1022 1444
1022 1709
1023 1339
1023 1517
1023 1971
1024 1857
1026 1241
1026 1483
1029 1447
1029 1748
1030 1112
1030 1361
1030 1621
1032 1922
1033 1166
1034 1211
1034 1569
1036 1230
1036 1413
1036 1619
1036 1711
1037 1913
1039 1124
1039 1411
1039 1431
1040 1558
1041 1378
1041 1477
1041 1715
1043 1870
1044 1469
1044 1933
1046 1153
1047 1444
1048 1649
1048 1857
1048 1942
1049 1838
1051 1671
1052 1060
1052 1967
1053 1086
1053 1442
1054 1301
1054 1378
1054 1957
1056 1447
1056 1910
1057 1438
1058 1109
1058 1202
1058 1619
1059 1156
1059 1395
1060 1496
1060 1877
1061 1223
1061 1520
1062 1300
1063 1294
1063 1347
1064 1157
1064 1948
1065 1949
1066 1096
1066 1672
1066 1841
1066 1891
1069 1443
1069 1453
1069 1949
1070 1263
1070 1635
1071 1804
1071 1985
1072 1546
1072 1584
1072 1664
1074 1083
1074 1675
1074 1699
1074 1838
1075 1439
1076 1622
1080 1280
1080 1359
1080 1462
1080 1526
1080 1739
1081 1898
1083 1749
1084 1970
1085 1334
1086 1918
1087 1198
1087 1316
1087 1537
1087 1883
1090 1901
1091 1649
1092 1886
1095 1134
1096 1450
1096 1895
1098 1538
1098 1963
1099 1847
1100 1135
1101 1903
1105 1425
1106 1160
1106 1801
1107 1848
1109 1149
1109 1510
1109 1858
1111 1595
1112 1453
1113 1849
1114 1165
1115 1536
1116 1913
1117 1794
1117 1867
1118 1168
1118 1209
1119 1153
1119 1177
1119 1357
1122 1191
1122 1615
1123 1279
1123 1548
1123 1700
1126 1313
1127 1837
1128 1134
1128 1229
1128 1465
1128 1895
1129 1752
1131 1958
1133 1166
1133 1523
1133 1628
1134 1917
1136 1655
1136 1964
1140 1429
1140 1492
1142 1571
1144 1213
1145 1676
1146 1514
1147 1566
1148 1842
1149 1441
1152 1675
1153 1155
1153 1219
1153 1314
1153 1982
1154 1648
1155 1601
1158 1587
1158 1793
1159 1690
1159 1695
1161 1219
1161 1332
1162 1188
1162 1994
1163 1419
1164 1248
1165 1424
1165 1981
1167 1194
1167 1367
1168 1512
1169 1967
1170 1182
1170 1495
1170 1884
1171 1729
1172 1272
1172 1941
1173 1332
1174 1277
1175 1177
1176 1331
1176 1502
1177 1433
1178 1691
1179 1195
1180 1214
1180 1379
1180 1671
1180 1854
1181 1216
1181 1934
1182 1276
1182 1551
1183 1642
1183 1814
1186 1490
1190 1772
1191 1283
1191 1740
1192 1220
1192 1235
1193 1312
1193 1647
1193 1728
1193 1952
1194 1595
1194 1924
1195 1294
1195 1909
1196 1281
1196 1503
1197 1287
1197 1694
1197 1773
1198 1618
1198 1990
1199 1850
1200 1426
1200 1964
1201 1325
1202 1796
1202 1854
1202 1885
1203 1733
1205 1813
1207 1687
1207 1724
1207 1947
1208 1349
1209 1610
1209 1707
1210 1305
1210 1339
1210 1997
1211 1490
1211 1909
1212 1726
1212 1953
1213 1921
1214 1673
1215 1733
1216 1736
1216 1760
1217 1228
1217 1534
1217 1894
1219 1389
1219 1891
1219 1969
1220 1898
1221 1930
1223 1621
1224 1247
1224 1425
1224 1603
1224 1990
1226 1405
1227 1320
1227 1470
1228 1802
1229 1533
1229 1570
1229 1699
1231 1598
1232 1419
1232 1627
1232 1836
1233 1362
1234 1492
1235 1556
1236 1976
1239 1243
1239 1357
1239 1473
1239 1635
1239 1767
1240 1415
1240 1802
1240 1854
1241 1592
1243 1723
1244 1265
1245 1822
1249 1979
1251 1261
1251 1464
1252 1958
1253 1502
1253 1903
1255 1556
1257 1456
1257 1931
1258 1660
1261 1549
1262 1995
1263 1290
1265 1843
1265 1971
1266 1497
1266 1792
1267 1405
1269 1885
1271 1383
1271 1680
1273 1953
1274 1617
1275 1679
1278 1994
1279 1847
1280 1456
1280 1525
1280 1913
1281 1438
1282 1512
1282 1824
1283 1396
1284 1598
1284 1744
1284 1993
1288 1614
1291 1373
1291 1934
1292 1969
1295 1669
1296 1495
1296 1628
1297 1665
1298 1737
1299 1321
1302 1665
1303 1525
1304 1788
1305 1464
1306 1382
1306 1405
1307 1452
1307 1647
1308 1970
1309 1378
1309 1718
1311 1316
1311 1456
1312 1714
1312 1960
1313 1536
1315 1483
1315 1658
1317 1767
1318 1661
1318 1895
1319 1973
1320 1426
1320 1499
1320 1568
1322 1599
1322 1918
1323 1697
1326 1345
1326 1738
1326 1990
1331 1593
1332 1550
1332 1939
1333 1657
1340 1527
1340 1702
1341 1541
1341 1672
1341 1844
1341 1851
1342 1489
1343 1796
1343 1917
1343 1983
1344 1606
1344 1661
1344 1756
1346 1432
1346 1599
1348 1902
1350 1685
1350 1858
1351 1582
1352 1478
1355 1590
1355 1820
1355 1841
1356 1501
1358 1478
1358 1657
1359 1568
1361 1681
1362 1680
1363 1386
1367 1445
1368 1550
1368 1559
1369 1491
1370 1698
1372 1623
1373 1708
1373 1762
1373 1901
1374 1587
1375 1822
1376 1753
1377 1504
1377 1806
1378 1640
1378 1719
1379 1551
1380 1594
1380 1822
1383 1884
1385 1431
1385 1713
1386 1611
1387 1450
1387 1750
1387 1783
1390 1515
1390 1551
1391 1407
1391 1607
1392 1398
1392 1850
1393 1404
1393 1597
1393 1927
1394 1675
1394 1942
1395 1595
1396 1515
1402 1918
1402 1929
1403 1450
1403 1582
1405 1872
1405 1971
1406 1836
1407 1783
1408 1722
1409 1752
1410 1905
1411 1486
1411 1666
1413 1766
1413 1937
1416 1832
1417 1805
1419 1564
1422 1788
1422 1859
1423 1788
1425 1745
1427 1981
1429 1996
1433 1447
1433 1996
1437 1603
1437 1699
1438 1764
1439 1786
1441 1596
1441 1713
1441 1851
1441 1912
1443 1568
1444 1583
1444 1924
1445 1726
1446 1798
1447 1643
1448 1622
1449 1942
1449 1970
1451 1883
1455 1802
1456 1826
1457 1813
1458 1673
1463 1658
1463 1809
1464 1747
1465 1728
1465 1837
1466 1688
1468 1680
1468 1818
1469 1688
1469 1820
1470 1487
1470 1497
1470 1930
1470 1952
1473 1731
1473 1812
1476 1834
1476 1889
1478 1486
1479 1775
1479 1868
1480 1606
1480 1624
1480 1995
1481 1561
1481 1861
1482 1561
1483 1484
1484 1856
1484 1929
1486 1844
1486 1925
1488 1573
1489 1942
1493 1573
1493 1795
1493 1819
1493 1903
1494 1722
1494 1939
1495 1559
1496 1547
1496 1737
1497 1844
1498 1531
1498 1711
1504 1621
1504 1977
1505 1945
1510 1847
1510 1954
1513 1877
1513 1901
1514 1599
1514 1870
1517 1907
1517 1996
1518 1777
1520 1557
1522 1766
1524 1587
1525 1526
1527 1885
1528 1710
1530 1828
1531 1646
1532 1669
1532 1689
1532 1913
1533 1721
1534 1919
1538 1786
1538 1926
1539 1580
1542 1777
1542 1863
1542 1878
1542 1958
1544 1753
1545 1788
1547 1564
1547 1721
1549 1951
1550 1561
1550 1788
1550 1797
1552 1668
1555 1871
1556 1559
1557 1740
1559 1979
1560 1823
1561 1693
1563 1972
1565 1866
1566 1587
1567 1954
1568 1681
1568 1689
1568 1844
1570 1947
1571 1671
1572 1725
1575 1887
1576 1833
1577 1960
1581 1625
1582 1662
1583 1595
1584 1640
1584 1777
1584 1830
1584 1867
1587 1691
1587 1813
1592 1820
1593 1615
1598 1790
1599 1926
1607 1839
1611 1670
1611 1884
1611 1951
1613 1948
1614 1984
1615 1712
1617 1760
1617 1996
1618 1660
1624 1879
1626 1912
1627 1735
1628 1684
1630 1705
1631 1639
1631 1764
1632 1811
1633 1802
1637 1870
1643 1708
1643 1807
1643 1950
1643 1957
1647 1933
1647 1959
1649 1747
1651 1652
1653 1976
1656 1923
1659 1792
1659 1798
1660 1893
1661 1835
1664 1904
1664 1980
1666 1895
1669 1759
1673 1979
1677 1739
1679 1783
1681 1986
1683 1799
1688 1881
1692 1723
1692 1898
1698 1766
1703 1776
1704 1960
1705 1812
1711 1767
1713 1873
1714 1749
1716 1739
1716 1834
1721 1815
1721 1931
1724 1850
1725 1861
1727 1815
1727 1883
1737 1905
1738 1820
1739 1944
1740 1962
1741 1844
1741 1862
1742 1819
1743 1838
1744 1760
1744 1831
1747 1962
1750 1900
1750 1902
1751 1828
1755 1842
1756 1776
1756 1913
1757 1984
1759 1840
1761 1784
1761 1961
1762 1783
1765 1804
1770 1866
1770 1888
1773 1974
1777 1985
1781 1850
1794 1898
1795 1838
1797 1970
1798 1940
1800 1969
1801 1948
1805 1924
1805 1996
1809 1860
1809 1869
1812 1894
1816 1828
1822 1982
1824 1940
1827 1911
1827 1983
1829 1873
1833 1904
1842 1939
1846 1903
1848 1873
1852 1919
1857 1973
1859 1914
1860 1899
1861 1911
1867 1992
1870 1981
1876 1880
1876 1940
1876 1956
1879 1937
1879 1983
1881 1949
1899 1938
1903 1987
1910 1993
1939 1992
1940 1945
1940 1969
1966 1999
1970 1994
