2000 3066
72
63
7
22
74
40
63
75
5
35
3
38
43
17
29
4
52
15
47
99
50
95
18
72
57
45
54
98
48
36
19
49
66
73
19
78
5
76
96
75
8
89
38
12
34
14
76
92
96
74
54
81
38
98
18
11
79
35
86
32
86
87
94
96
43
80
38
55
6
23
68
63
3
27
15
26
2
88
48
96
81
64
74
26
95
9
81
65
46
6
52
83
72
94
53
54
17
92
37
60
95
35
3
32
82
47
61
21
55
7
7
100
37
21
47
19
72
46
79
41
79
87
45
75
1
94
38
16
3
14
80
61
26
12
61
66
62
68
53
95
42
90
20
98
90
17
24
11
56
5
45
61
78
71
62
15
74
61
59
59
21
67
93
44
3
67
53
25
78
91
41
46
44
88
64
47
98
7
86
22
41
50
12
70
5
95
64
22
94
25
36
5
54
5
50
69
46
44
29
72
79
5
60
5
3
20
13
3
98
74
61
26
90
36
77
87
94
17
42
55
30
69
33
12
31
52
54
46
57
3
86
26
100
93
22
33
58
52
53
69
7
9
6
41
14
63
80
32
91
95
53
16
14
80
68
45
80
99
40
97
30
33
91
37
78
71
20
48
75
37
41
85
2
26
16
43
13
64
20
66
100
54
89
75
87
97
85
44
68
48
1
74
50
29
100
2
44
93
93
3
80
68
74
3
30
61
69
79
82
94
63
81
85
68
36
55
1
7
37
5
21
37
3
5
60
57
35
33
95
18
88
17
66
2
70
1
74
14
80
67
99
30
8
60
90
9
68
25
44
70
11
37
90
92
9
87
96
32
73
15
76
28
68
63
49
80
8
59
68
97
35
12
2
72
16
83
14
34
94
79
65
87
40
66
79
77
60
26
57
4
99
94
22
9
96
15
2
78
45
65
19
45
68
88
27
61
28
71
38
42
25
90
60
78
7
3
40
90
80
40
49
41
46
28
41
64
72
55
49
78
50
48
77
36
40
100
14
65
61
36
51
97
80
54
46
67
67
50
69
74
49
14
81
100
10
16
9
39
100
76
91
92
42
4
4
65
17
40
43
24
95
40
57
6
75
93
14
94
33
50
62
17
93
86
26
78
43
78
25
35
23
40
65
40
57
92
87
72
59
80
18
73
71
5
89
46
29
66
68
80
76
1
78
98
70
29
100
16
12
52
84
11
6
12
36
66
19
36
99
25
79
4
20
81
66
2
20
87
71
5
91
66
40
43
36
75
8
18
68
14
79
82
44
71
21
56
100
71
44
42
16
55
79
9
19
64
85
64
11
30
3
13
11
25
100
80
74
100
85
32
40
4
86
72
12
64
88
94
76
91
78
84
67
29
28
23
36
1
17
81
13
29
71
62
98
21
39
41
77
70
72
98
31
85
63
42
4
78
19
46
93
92
28
40
99
93
91
47
100
85
57
79
36
99
43
31
66
71
68
41
25
67
12
69
23
58
30
100
69
7
40
10
57
32
93
30
92
43
34
25
25
7
47
82
28
73
34
18
9
57
84
97
63
99
25
70
65
45
89
30
76
93
48
43
31
98
61
40
50
47
62
54
31
30
88
59
20
80
13
13
62
51
64
91
20
17
20
51
43
64
33
14
53
92
38
94
45
69
91
89
87
75
47
67
53
59
93
55
13
65
32
13
88
36
74
93
18
66
98
47
92
98
41
14
46
46
54
47
25
31
75
90
29
19
72
74
31
95
21
17
12
30
77
56
6
90
95
5
56
92
86
72
81
20
89
84
31
88
52
11
25
21
61
75
87
14
33
28
57
88
79
86
99
100
50
3
95
13
82
15
64
56
52
85
100
65
2
75
52
38
56
64
12
8
91
47
80
17
2
52
100
37
31
54
60
51
53
42
46
27
32
96
13
33
82
15
98
6
96
39
77
49
96
98
56
82
19
80
82
59
50
95
45
57
47
99
21
63
9
45
28
40
41
16
83
51
17
73
77
46
30
12
43
29
41
88
84
1
23
63
53
49
81
44
18
88
65
49
21
88
12
76
93
88
2
67
23
58
29
46
95
72
99
90
52
48
84
24
33
44
64
49
49
30
14
24
99
91
49
72
23
95
49
82
61
9
79
35
53
31
94
85
37
21
28
14
43
21
72
97
66
72
16
20
93
17
41
33
13
62
99
92
87
63
90
4
82
87
16
73
68
33
1
45
42
80
18
49
100
68
47
59
84
79
14
65
69
42
70
59
30
57
9
81
62
34
32
17
31
39
30
93
73
60
61
36
21
81
39
72
23
71
26
72
88
5
87
93
1
85
1
77
98
6
13
35
19
24
56
52
73
15
94
93
72
41
93
62
54
58
58
54
50
52
18
78
96
44
71
95
90
2
60
30
57
34
19
32
64
16
52
26
43
71
8
32
55
52
45
47
47
52
45
85
7
61
55
55
36
68
23
97
22
90
41
26
13
43
65
41
95
93
34
80
91
61
54
13
83
10
67
97
87
74
74
41
47
82
46
30
1
49
75
66
88
9
34
24
17
16
61
82
94
63
82
75
76
78
44
32
37
80
53
67
6
62
40
5
52
33
50
81
1
51
76
5
37
15
73
13
67
27
54
29
90
99
26
42
57
24
83
21
32
21
36
1
27
16
60
90
33
25
90
69
69
28
88
95
89
86
59
88
16
45
48
39
88
27
83
97
20
71
34
20
70
43
5
39
7
99
22
71
65
47
54
79
41
29
64
76
50
91
60
51
95
90
14
2
49
61
67
32
74
24
33
44
55
80
92
3
28
27
5
38
81
77
86
47
7
56
17
7
58
12
96
13
15
93
83
64
78
54
45
43
34
70
79
14
14
71
85
34
96
82
13
3
74
33
45
79
12
77
37
78
43
74
14
34
23
94
42
49
32
98
30
67
85
1
89
59
13
75
8
9
23
36
59
37
30
78
80
36
27
99
21
93
57
32
64
91
93
57
36
99
92
87
65
100
90
34
22
5
13
16
80
65
46
32
29
71
94
97
12
28
65
36
33
78
12
74
97
41
13
64
35
21
78
76
3
91
79
77
82
74
100
86
43
86
60
63
14
60
41
22
22
41
54
21
78
100
87
59
44
76
19
79
31
33
18
88
4
5
69
32
71
82
79
73
44
43
42
86
96
95
76
98
97
57
32
64
77
64
59
81
65
42
32
61
33
11
29
18
85
99
28
81
35
22
86
74
14
62
68
7
78
29
85
13
41
24
39
6
55
73
19
86
72
5
49
96
90
87
95
20
17
85
70
56
68
79
65
54
47
76
83
32
42
68
73
55
17
81
70
33
68
68
64
77
7
96
39
90
32
24
55
55
31
58
18
51
71
75
30
82
83
83
50
92
18
29
31
38
39
20
64
83
3
19
11
45
81
37
20
57
71
42
10
31
62
57
32
82
62
2
20
88
4
16
41
80
56
47
9
60
78
2
12
51
85
74
70
53
56
83
89
21
7
97
90
100
98
59
27
74
50
77
95
87
60
36
73
27
59
96
86
36
62
60
74
83
98
100
14
72
60
96
56
59
52
39
13
5
77
39
100
61
95
30
70
34
80
34
27
58
54
15
90
1
22
30
76
4
21
66
86
55
97
49
77
12
63
32
81
84
30
38
76
38
97
29
29
73
31
47
65
37
30
19
89
87
90
33
88
53
99
12
51
74
1
46
30
43
86
66
100
72
67
50
21
20
48
36
51
32
82
2
67
54
48
34
95
91
72
70
81
96
86
59
27
89
39
21
83
80
71
20
52
56
75
93
63
25
81
4
86
13
68
5
17
6
41
88
59
69
46
89
100
38
56
67
67
99
2
85
99
21
40
1
94
82
83
97
33
30
37
77
62
26
86
56
97
77
4
27
71
6
69
67
74
13
84
82
68
4
91
8
61
88
60
95
84
16
69
23
38
32
11
50
42
7
3
80
71
5
13
80
93
71
8
82
9
54
96
1
60
25
37
58
2
67
46
3
78
67
8
7
23
48
21
74
60
99
30
84
21
21
66
66
57
55
3
60
56
32
65
38
4
46
19
34
61
1
90
46
3
27
94
95
27
22
5
46
89
92
35
33
65
2
69
69
78
65
8
64
67
41
64
78
82
11
75
69
79
46
94
23
99
96
24
36
16
33
84
2
82
63
29
48
11
30
38
30
56
55
6
13
19
91
12
28
49
40
17
75
86
1
47
39
63
74
69
5
70
47
64
58
14
59
9
85
16
42
23
85
75
93
3
61
59
76
14
34
71
46
100
55
11
21
3
35
30
88
30
77
42
54
23
58
68
85
31
65
39
60
58
68
78
66
12
39
38
83
83
13
88
62
82
46
10
44
25
100
67
50
35
67
82
69
74
69
14
26
71
49
1
47
11
60
41
8
61
50
93
41
58
28
6
23
84
60
46
96
20
4
1
90
97
50
69
58
97
84
83
65
84
92
54
48
75
6
3
28
24
24
14
62
68
1
58
55
2
6
41
51
56
14
46
40
82
39
80
94
62
39
92
24
52
37
51
14
43
27
52
54
31
16
97
8
36
10
0 1586
1 71
1 997
1 1281
2 393
2 1236
2 1637
3 429
3 1417
3 1533
4 345
4 369
4 385
4 702
4 1182
4 1218
4 1293
4 1956
5 854
5 1140
5 1368
5 1845
6 196
6 295
6 1294
6 1390
7 669
7 680
7 1160
7 1964
8 798
8 1623
10 892
10 1255
10 1348
12 227
12 323
12 774
12 812
13 56
13 603
14 246
14 252
15 85
15 96
15 640
16 501
16 721
16 1141
16 1973
17 24
17 263
17 838
18 683
18 714
18 832
18 1345
18 1539
18 1911
19 680
19 1690
20 1376
20 1503
21 763
22 525
23 809
23 820
23 1098
23 1258
23 1356
23 1664
23 1915
24 478
24 1308
25 241
26 628
26 650
26 1684
28 578
29 78
29 489
29 1252
30 559
30 1450
30 1718
31 91
32 282
32 1080
32 1329
32 1484
33 45
33 85
33 129
33 342
33 980
33 1241
33 1310
33 1388
33 1900
34 191
34 209
34 434
34 932
34 1215
35 678
35 835
36 1343
36 1384
36 1674
36 1784
37 326
37 885
37 1092
37 1204
37 1208
38 1454
38 1726
39 461
39 630
39 810
39 1205
40 776
40 1735
41 209
41 1005
41 1900
42 391
43 289
43 871
43 1793
44 1071
44 1111
44 1297
45 202
45 385
45 516
45 865
45 1204
45 1564
46 1278
46 1778
47 1069
47 1231
47 1355
48 161
48 824
48 1609
48 1727
49 185
49 1753
51 744
52 657
52 1152
53 228
53 248
53 338
53 883
53 1198
53 1223
53 1278
53 1796
53 1805
54 60
54 1476
55 704
55 1120
55 1540
55 1837
55 1940
56 1491
56 1986
57 990
58 321
58 1327
58 1914
59 249
60 915
61 880
61 1355
61 1572
61 1740
61 1861
62 1173
63 110
63 234
63 1121
63 1479
63 1990
64 583
64 704
64 1710
64 1747
64 1815
65 219
65 1307
65 1409
65 1443
65 1466
65 1494
65 1767
66 537
66 877
66 942
66 958
66 1387
66 1770
66 1791
68 687
68 799
68 1098
68 1768
69 255
69 1720
70 140
70 236
70 1355
71 914
71 964
71 1179
71 1190
71 1225
72 210
72 896
72 1384
72 1572
73 614
73 890
73 1077
73 1099
73 1240
74 313
75 231
75 776
75 1749
76 273
76 278
76 358
77 695
77 1041
77 1451
77 1863
78 604
78 714
78 1544
78 1707
79 1214
79 1643
80 1087
80 1441
80 1537
80 1802
81 346
81 762
81 926
81 1124
81 1314
82 222
82 735
82 1253
82 1423
82 1441
82 1491
83 163
83 782
83 1386
83 1672
83 1769
84 655
85 508
85 644
85 1172
86 796
86 1002
86 1118
87 354
87 670
87 1529
88 599
89 257
89 1713
90 189
90 1104
90 1983
91 686
91 1428
92 219
92 327
92 610
92 987
92 1063
92 1460
92 1489
92 1718
92 1800
93 650
94 209
94 364
94 512
94 631
94 1247
95 952
95 1056
96 1249
96 1339
96 1404
96 1599
97 218
97 816
97 1445
98 497
98 759
98 803
98 1038
98 1123
98 1588
99 109
99 797
100 517
100 527
100 906
100 969
100 1906
102 895
102 1438
103 1000
103 1159
103 1407
103 1416
103 1665
103 1951
104 1595
105 138
105 748
105 1745
106 419
106 787
106 928
106 932
106 1479
107 1186
107 1279
108 266
108 568
108 953
108 1026
108 1333
108 1502
108 1696
108 1911
108 1917
109 159
109 853
109 1331
109 1823
109 1845
110 142
110 384
110 939
111 666
111 854
111 1607
112 575
113 1424
113 1561
113 1576
114 716
114 1116
114 1146
114 1172
115 466
115 1488
116 1086
116 1660
116 1850
117 131
117 796
117 1186
117 1210
117 1557
117 1975
118 586
118 763
118 1370
119 793
119 1872
120 239
120 302
120 936
121 916
121 1324
121 1361
121 1478
121 1631
121 1651
121 1774
121 1820
122 149
122 176
122 447
122 731
122 1756
122 1856
123 1051
123 1522
124 1686
125 218
125 357
125 743
125 1632
126 1182
126 1212
126 1385
126 1582
127 889
127 1359
127 1571
128 779
129 629
129 638
129 1710
130 160
130 253
130 1581
131 304
131 577
131 722
131 1465
131 1770
132 246
132 777
132 864
132 1115
132 1976
133 763
133 801
133 1608
134 159
134 164
134 190
134 623
134 817
134 977
134 999
134 1654
135 206
135 447
135 794
135 1232
135 1866
136 159
137 1046
137 1995
138 1417
138 1572
139 273
139 1690
140 458
140 536
140 606
140 706
140 1993
141 176
141 399
141 867
141 964
141 1118
141 1599
142 920
142 1372
142 1733
143 1051
143 1565
144 405
144 1103
144 1825
145 357
145 543
145 1105
146 562
146 728
146 760
146 981
146 1078
146 1447
146 1474
148 503
148 656
148 912
148 1040
148 1157
148 1825
149 1224
150 275
151 345
151 1250
151 1796
152 598
152 676
153 1215
153 1356
153 1568
154 233
155 305
155 880
155 1390
155 1488
156 531
156 1317
156 1461
157 213
157 559
157 1055
157 1906
158 431
158 579
158 613
158 1062
158 1320
158 1692
159 768
159 1408
159 1804
159 1955
160 553
160 1162
160 1301
160 1324
160 1694
160 1960
161 1704
161 1766
161 1778
162 531
162 1636
163 425
164 826
164 1682
165 460
165 1362
165 1677
166 275
166 774
166 850
166 1802
167 1117
167 1477
167 1916
168 186
168 558
168 1790
169 226
169 1046
170 774
172 327
172 1453
173 1351
174 705
174 1081
174 1211
174 1898
175 1126
175 1294
175 1335
175 1403
176 269
176 354
176 1059
176 1774
177 774
177 799
177 850
177 1592
178 1102
178 1863
178 1922
179 227
179 608
179 873
179 1001
180 295
180 734
180 1765
181 587
181 1230
182 424
183 602
183 1240
183 1384
183 1458
183 1853
184 521
184 855
184 1215
184 1405
185 1396
185 1626
186 336
186 881
187 1194
187 1893
187 1936
188 605
188 1188
188 1303
189 770
189 1403
191 1224
192 267
192 307
192 741
193 879
193 1497
194 632
194 724
194 1626
195 264
195 382
195 741
195 1060
195 1521
196 624
196 885
196 1734
197 743
198 1329
199 365
199 1371
199 1478
199 1639
199 1877
200 370
200 998
200 1559
200 1759
201 1231
201 1547
202 1483
203 421
203 887
203 901
203 1139
203 1141
203 1211
203 1428
203 1834
204 411
204 571
205 1621
205 1713
205 1720
206 487
206 534
208 1793
208 1899
209 925
210 1188
210 1371
210 1611
211 1396
212 739
212 1078
212 1561
213 1123
213 1422
213 1960
214 1207
214 1441
215 1242
215 1934
216 1425
218 263
218 422
218 735
218 857
218 1266
219 731
219 1313
219 1783
219 1869
219 1983
220 1429
221 1010
222 352
222 1752
223 1031
223 1451
223 1578
223 1649
223 1868
224 303
224 975
224 997
225 253
225 447
225 540
225 1374
225 1422
226 1205
226 1823
227 1125
227 1456
227 1508
228 1279
229 535
229 553
229 1182
231 633
231 754
232 463
232 789
232 1681
232 1888
233 572
233 573
233 726
233 1694
233 1833
234 577
234 1502
234 1630
235 286
235 499
235 614
235 1687
236 303
236 453
236 589
236 1957
237 243
237 1050
237 1957
238 1852
239 833
240 333
240 387
240 899
240 1001
240 1105
240 1292
240 1483
240 1586
240 1704
241 428
241 803
241 891
241 987
241 1034
241 1119
241 1311
242 389
243 1890
243 1992
244 826
244 828
244 1807
245 570
245 1126
245 1784
245 1870
245 1907
246 633
246 723
246 1631
247 427
248 302
248 523
248 883
248 1105
249 475
249 565
249 679
249 1203
249 1644
250 469
250 1520
250 1613
250 1728
250 1925
251 381
251 1500
252 257
252 588
252 1034
253 775
253 1237
253 1545
255 316
255 795
255 1163
255 1961
255 1972
256 278
257 569
257 1666
258 354
258 421
258 934
258 1612
259 773
259 1949
260 691
260 918
260 1226
260 1707
261 1000
261 1026
261 1575
262 407
262 1023
262 1121
262 1511
262 1844
263 680
264 1970
265 319
265 665
267 1541
267 1910
268 720
268 1806
269 663
269 1915
271 554
272 282
272 387
272 546
272 1535
272 1705
272 1791
272 1819
273 1440
274 300
274 1105
274 1299
276 903
277 548
277 731
277 1841
278 322
278 1926
279 450
279 633
279 1081
279 1245
279 1482
279 1632
280 712
280 1564
280 1633
281 339
281 407
281 582
281 732
281 1276
281 1561
282 319
282 888
282 1306
282 1449
282 1570
282 1677
282 1740
282 1996
283 468
283 606
284 1179
285 347
285 388
285 1090
285 1294
286 1079
286 1146
286 1908
287 1525
290 1418
291 341
291 570
291 1971
292 1657
293 316
293 1436
293 1769
294 1608
294 1778
294 1807
295 468
295 1041
296 433
297 680
297 1280
297 1779
299 1135
300 528
301 482
301 703
301 1379
302 480
302 1700
303 1782
304 1157
305 1574
306 1226
306 1444
307 423
307 948
307 1324
307 1895
308 441
308 669
308 686
308 891
308 1530
309 673
310 1119
310 1193
310 1339
310 1569
311 556
311 615
311 1196
311 1565
312 470
312 1250
312 1413
312 1616
313 1964
313 1976
314 952
314 1158
314 1346
314 1380
314 1393
314 1550
314 1647
315 681
315 762
315 1395
316 535
316 800
316 922
317 378
317 443
317 646
317 653
318 921
318 1929
318 1972
319 734
319 1054
319 1159
319 1331
319 1772
319 1976
320 1222
320 1596
322 781
322 908
322 1099
322 1136
322 1241
322 1634
323 1428
323 1594
324 784
324 1050
324 1528
324 1649
325 1248
326 423
326 486
326 1008
326 1236
327 683
327 1253
327 1856
328 739
328 1008
328 1135
328 1234
329 578
329 636
329 803
329 859
329 1003
329 1093
329 1445
330 1847
333 523
333 1042
333 1348
333 1455
333 1821
333 1946
334 966
334 1113
334 1168
336 343
336 557
336 673
337 416
337 1328
337 1901
338 353
338 392
338 703
338 1944
338 1984
339 677
339 1538
339 1653
340 437
340 465
340 698
340 1148
340 1432
340 1481
340 1907
341 678
341 684
342 1658
343 396
343 915
343 1850
344 760
344 893
344 1186
344 1460
344 1971
345 1624
345 1829
346 410
346 1598
347 546
347 972
347 1171
347 1767
348 378
348 635
348 821
348 1315
348 1666
349 813
349 1353
350 1382
351 428
351 865
351 876
352 897
353 492
353 857
353 1548
353 1751
354 377
354 1224
355 861
355 1251
355 1631
356 480
356 1500
357 962
357 1028
357 1620
358 1876
359 1524
359 1905
360 380
360 453
360 774
360 1487
361 388
361 530
361 571
361 1647
362 1208
362 1570
362 1975
363 364
363 1144
365 403
365 814
365 1859
366 1402
367 884
367 1269
367 1542
367 1571
367 1761
367 1939
368 515
368 1286
368 1804
368 1892
369 381
369 481
369 833
369 1194
369 1689
369 1727
369 1943
370 427
370 566
370 1781
370 1861
371 822
371 1060
371 1134
372 926
372 1412
372 1471
373 611
373 810
373 1932
374 1648
374 1856
375 952
375 1005
375 1701
376 1349
377 828
378 1321
379 1129
379 1798
380 720
380 751
380 1018
380 1792
381 580
381 1196
381 1432
383 1846
384 395
384 1391
385 690
385 882
385 1374
386 442
386 1121
387 444
387 1047
387 1604
387 1710
387 1849
388 570
388 1235
388 1317
389 1503
389 1512
390 417
390 855
390 1433
390 1943
391 1718
392 1585
393 913
393 1098
393 1296
393 1890
394 1728
395 960
395 1343
395 1537
395 1847
396 881
397 732
397 768
397 955
397 1015
397 1739
398 761
398 792
398 997
398 1273
399 810
400 776
400 1352
401 460
401 1440
401 1773
404 607
404 691
405 497
405 683
405 801
405 957
406 592
406 1843
407 1716
408 1735
408 1774
409 1708
411 1004
411 1337
412 839
412 1206
412 1377
413 1296
413 1307
413 1890
414 680
414 1538
414 1741
415 686
415 1425
416 456
417 1260
418 515
418 926
418 986
418 996
419 579
419 1101
420 431
420 450
420 957
420 1134
420 1454
420 1736
421 989
421 1820
422 718
422 813
422 1345
422 1954
423 664
423 1980
424 1575
424 1679
424 1788
425 567
425 1158
425 1175
425 1366
425 1684
426 1041
427 1064
427 1312
427 1428
427 1710
428 785
428 971
428 1103
428 1333
428 1991
429 435
429 1729
430 504
430 615
430 1190
430 1974
431 1140
431 1432
432 1781
433 488
433 777
433 1668
433 1673
433 1879
435 934
435 1951
436 1870
437 521
437 926
437 1019
437 1554
438 451
438 655
438 750
438 1313
439 867
439 892
439 970
439 1723
440 488
440 1231
440 1831
440 1989
441 1666
442 632
442 1301
443 489
443 539
443 616
444 582
444 1744
444 1974
445 1440
446 841
446 1330
446 1519
447 512
448 1084
448 1741
448 1765
449 1283
449 1818
450 884
450 1747
451 776
451 1765
452 1187
452 1543
453 1175
453 1352
453 1618
453 1699
453 1750
453 1810
454 990
454 1382
455 489
455 672
455 1054
455 1436
455 1471
456 832
456 1070
456 1503
457 1310
457 1807
458 1153
458 1825
459 1825
460 708
460 1733
461 624
461 977
461 1501
461 1574
462 859
463 489
463 860
463 930
463 1077
463 1465
463 1491
464 697
464 911
465 887
465 1261
465 1911
466 542
466 1078
467 1620
467 1878
468 598
470 626
471 1156
472 507
472 1184
472 1713
472 1748
472 1828
473 512
473 963
474 550
474 847
475 1023
476 491
476 676
476 1786
477 496
477 1429
478 986
478 1245
478 1347
478 1410
478 1933
479 1943
480 1384
480 1589
481 615
481 1171
481 1423
481 1794
481 1928
481 1934
482 769
482 1043
482 1047
482 1251
482 1941
483 591
483 1202
483 1943
484 771
484 1264
485 1597
485 1877
485 1953
486 956
486 1291
486 1446
486 1447
487 685
487 1093
487 1250
487 1528
487 1669
488 970
489 1105
489 1227
489 1480
489 1659
489 1933
489 1970
491 577
491 1759
492 663
492 951
492 1120
492 1652
493 957
493 1273
493 1437
494 837
494 886
494 1045
496 1532
496 1612
496 1689
496 1818
497 624
499 1830
500 583
500 1248
500 1418
500 1902
501 786
501 1281
501 1970
502 1159
503 1336
503 1372
503 1553
504 553
504 892
504 1460
504 1694
504 1924
505 807
505 1744
505 1948
506 1193
506 1504
509 520
509 940
509 1308
509 1716
510 580
510 789
510 1368
510 1929
511 872
511 1482
512 583
512 883
512 1338
513 1601
514 806
515 804
515 856
515 1496
515 1625
517 846
517 1406
517 1736
518 1879
520 721
520 1456
521 921
521 1390
521 1561
521 1803
522 1938
523 530
524 946
524 1129
524 1363
525 1351
525 1696
526 709
526 1707
527 861
528 727
528 978
529 755
530 787
531 835
531 1491
531 1938
532 1270
532 1537
532 1758
533 644
533 905
533 940
533 1175
533 1434
533 1501
533 1569
533 1652
534 784
534 885
535 1615
535 1913
535 1951
537 1436
537 1622
538 776
538 1774
538 1824
538 1916
539 1786
540 1442
540 1906
541 1018
542 891
542 1361
542 1544
542 1914
543 872
544 1139
545 1868
547 1227
547 1996
548 1079
548 1138
548 1452
548 1639
548 1755
549 619
549 1301
549 1672
550 913
551 1801
551 1943
552 1203
552 1820
553 1371
553 1436
553 1730
553 1769
554 916
554 1050
554 1944
555 753
555 1612
555 1725
556 663
556 1210
556 1253
557 1461
558 1848
559 696
559 802
559 901
559 1658
559 1738
561 1139
562 1435
563 858
563 861
565 1996
566 1576
566 1811
567 694
568 701
568 1196
568 1214
569 924
569 1036
569 1348
569 1806
569 1839
571 686
571 1605
572 576
572 1060
572 1242
573 1019
574 742
574 896
575 1699
575 1824
577 1679
578 845
578 1418
578 1475
578 1993
581 766
582 1572
583 981
583 1800
584 1197
584 1492
584 1962
585 788
585 1174
585 1688
586 745
586 946
586 1294
588 1953
589 630
590 1495
591 1043
591 1747
592 1521
592 1954
593 1150
593 1934
594 896
594 1180
596 1655
597 1253
598 984
599 1409
599 1685
599 1971
600 1964
601 1650
602 749
602 1779
602 1860
602 1864
603 794
603 1634
603 1906
604 727
604 856
604 1367
604 1775
605 821
605 977
605 1404
605 1425
606 822
606 839
606 1379
608 1063
608 1231
608 1276
609 1325
610 992
610 1340
610 1350
610 1500
610 1760
610 1970
612 1427
612 1467
613 1449
613 1683
614 624
614 1177
614 1942
616 703
616 1293
616 1987
617 1651
619 871
620 792
621 891
621 1906
622 1479
624 1231
624 1909
625 627
625 951
625 1686
626 1133
626 1659
626 1666
627 899
627 1319
628 701
628 1714
628 1718
628 1884
629 855
629 969
629 1902
630 1948
631 794
631 1240
631 1479
631 1637
632 1642
633 801
633 812
633 965
633 1972
634 1251
634 1409
634 1919
636 1704
637 936
637 991
637 1067
637 1116
637 1280
638 1428
638 1553
639 1563
640 834
640 1012
640 1087
641 1051
641 1428
641 1677
642 912
642 1266
642 1440
642 1651
643 671
643 1133
643 1877
644 1130
644 1586
645 1031
645 1238
646 1840
648 1588
648 1830
649 1680
649 1809
650 1226
650 1947
651 1708
652 1774
653 900
653 1099
653 1191
653 1323
653 1891
653 1893
654 1224
654 1295
655 1236
655 1387
655 1411
655 1906
657 1693
659 767
659 1554
659 1799
660 1124
660 1447
662 903
662 1152
662 1249
663 822
663 879
663 1033
663 1134
663 1205
663 1275
663 1824
663 1904
664 903
664 1359
664 1842
665 1218
665 1473
666 1300
667 683
667 1966
668 781
668 1140
668 1497
668 1863
668 1947
669 1185
669 1375
669 1883
670 836
670 1877
671 815
671 1886
671 1958
672 677
672 1141
672 1585
672 1949
673 1321
673 1475
673 1694
674 1214
674 1481
674 1526
674 1599
675 1312
675 1581
676 784
676 894
676 1978
677 734
678 1500
679 976
680 719
680 1890
680 1894
681 972
681 1052
681 1226
682 1198
683 806
683 826
683 1150
685 721
685 1102
685 1145
686 800
686 1382
686 1555
687 1072
687 1546
688 801
688 992
688 1426
689 827
689 1083
690 1047
690 1295
691 797
691 969
691 1286
691 1501
692 773
692 944
692 1153
692 1427
693 1772
695 941
695 1584
697 1722
698 759
698 1103
699 1185
699 1975
700 1311
700 1507
700 1790
701 906
701 1014
702 1661
703 752
703 775
703 935
703 1847
704 1056
704 1289
704 1836
705 964
705 1406
705 1963
706 1110
706 1129
706 1984
707 1007
707 1072
707 1384
707 1617
708 1027
708 1427
709 1035
709 1052
709 1649
710 1508
710 1593
710 1717
710 1779
712 1054
712 1577
713 1829
714 1414
714 1541
714 1866
715 1646
716 1340
716 1677
717 1035
718 739
718 994
718 1382
719 1749
720 952
720 1213
721 1401
722 761
722 877
723 1065
723 1419
723 1667
723 1904
724 733
725 1161
725 1698
726 1126
727 1028
728 932
729 881
729 1647
729 1709
729 1853
731 1090
731 1565
731 1820
732 852
732 1405
732 1632
733 1304
735 855
735 1215
736 1063
736 1661
737 1342
738 981
738 1238
740 825
740 865
740 992
740 1134
740 1633
740 1647
744 1380
744 1448
745 1408
746 1213
746 1360
748 1498
749 1802
751 1361
751 1537
751 1981
752 989
752 1029
755 1064
755 1255
755 1523
755 1678
755 1745
755 1955
756 1143
756 1165
756 1749
757 830
757 1064
757 1479
759 938
759 1294
759 1354
760 1120
760 1404
760 1481
761 1507
761 1539
761 1993
762 930
762 1460
763 1218
763 1567
765 837
765 871
767 1282
767 1590
768 1801
769 1247
769 1340
770 1229
770 1769
771 1072
771 1344
772 1062
772 1630
774 1710
775 1568
776 1753
777 1202
777 1434
777 1921
778 802
778 1155
780 1649
781 1116
781 1264
782 1424
782 1710
782 1773
783 1354
783 1484
784 1425
785 970
785 972
785 1115
785 1750
786 1459
787 1555
788 912
789 1350
789 1722
790 1696
790 1823
791 1284
791 1563
791 1910
792 1366
793 997
794 803
794 1271
794 1361
795 1106
795 1540
796 814
796 1289
796 1491
796 1893
798 814
798 836
798 841
798 1668
799 866
799 1755
800 1103
800 1154
800 1302
800 1821
801 940
801 1026
803 941
804 1839
805 1223
805 1277
807 967
807 1303
807 1439
808 1670
809 1249
809 1385
810 1369
810 1371
812 1105
812 1231
812 1975
813 1639
813 1783
813 1805
814 984
814 1946
815 1638
815 1674
816 1714
816 1859
817 878
817 1329
817 1901
819 851
819 1092
819 1778
819 1833
820 1145
821 1842
821 1928
822 1812
823 1053
825 903
825 1981
826 991
826 1075
826 1183
827 1615
828 1547
828 1689
829 1579
830 1768
833 1318
833 1537
833 1866
834 1061
834 1375
834 1689
834 1803
836 1200
837 1911
838 1499
839 874
839 895
839 1516
840 1480
841 1045
842 1472
842 1577
842 1787
843 1170
843 1249
843 1410
844 1687
844 1708
844 1792
845 1502
848 1729
848 1883
849 1217
851 1028
851 1151
851 1407
852 1365
852 1686
853 1678
853 1886
853 1932
854 1144
855 1787
855 1878
856 936
856 962
856 1265
856 1322
856 1857
856 1990
857 1555
858 1626
859 1131
859 1137
860 1346
860 1646
860 1779
864 1153
865 925
865 1374
866 1242
866 1349
866 1714
866 1745
866 1809
867 1400
868 1441
868 1539
868 1590
869 1173
870 1111
870 1227
870 1399
871 1067
871 1412
871 1863
872 1407
873 1008
874 977
874 1234
875 1060
875 1220
875 1935
875 1986
877 1058
877 1383
877 1646
880 1072
882 928
882 1083
883 1096
883 1168
883 1315
885 1849
886 1943
887 1281
887 1866
889 1905
890 1659
890 1983
891 1211
891 1454
892 1132
892 1332
892 1440
893 895
893 1956
894 1207
894 1664
895 1576
896 1365
896 1873
897 1175
897 1294
898 1014
900 904
901 1708
902 1131
902 1184
902 1919
903 1624
905 1107
905 1109
905 1257
907 1130
907 1554
908 1586
909 1666
909 1879
910 1130
910 1536
910 1727
912 1279
912 1328
913 1308
913 1571
913 1788
913 1967
914 1376
914 1771
914 1909
915 959
915 1227
916 1084
916 1256
916 1946
917 928
917 1199
918 1469
919 1178
920 967
920 1319
920 1339
921 1178
921 1334
921 1652
921 1905
923 1675
924 951
924 958
924 990
926 1213
926 1511
926 1766
927 1730
928 1611
929 1126
929 1408
930 1491
931 1438
932 1480
932 1856
933 1916
934 1879
936 1081
937 1569
937 1689
938 1359
938 1612
939 967
939 1231
939 1279
939 1934
941 1771
942 944
942 1477
943 1039
943 1357
943 1581
943 1640
944 1215
944 1474
944 1702
944 1881
945 1480
946 954
947 1419
947 1588
947 1976
949 970
949 1252
949 1934
951 1102
951 1295
951 1590
952 1344
952 1503
953 1202
953 1738
955 1254
956 1627
957 1863
958 961
958 1431
959 1133
960 1095
960 1269
961 1166
962 1712
964 1069
964 1744
964 1827
965 1104
966 1732
967 1229
967 1277
967 1978
968 1149
970 992
970 1747
971 1597
971 1667
971 1721
972 1094
972 1789
973 1111
973 1356
973 1475
974 1900
975 1253
975 1548
976 1796
977 1362
979 1306
980 1081
980 1653
981 1171
981 1740
982 1128
982 1777
983 1136
983 1842
985 1252
985 1399
985 1750
986 1309
986 1719
987 1365
987 1471
988 1475
988 1716
990 1027
990 1234
990 1929
992 1871
992 1948
993 1254
994 1410
995 1221
995 1533
996 1081
996 1211
996 1677
997 1271
997 1573
997 1780
998 1570
999 1017
999 1586
1001 1149
1001 1407
1002 1049
1002 1548
1003 1126
1003 1669
1004 1235
1004 1970
1005 1041
1005 1957
1007 1516
1008 1053
1008 1334
1008 1432
1008 1572
1009 1971
1010 1427
1010 1672
1011 1064
1011 1117
1013 1532
1013 1970
1014 1025
1014 1064
1014 1132
1016 1945
1017 1120
1017 1788
1018 1449
1019 1585
1019 1715
1023 1150
1024 1055
1025 1456
1025 1490
1027 1185
1028 1520
1028 1845
1028 1902
1029 1560
1029 1687
1029 1757
1031 1249
1032 1915
1033 1900
1033 1976
1034 1179
1034 1804
1035 1824
1035 1995
1036 1330
1038 1462
1038 1494
1039 1842
1040 1328
1040 1379
1041 1161
1042 1093
1042 1437
1042 1551
1044 1641
1044 1845
1045 1964
1047 1357
1047 1418
1047 1621
1047 1815
1047 1960
1048 1618
1049 1527
1049 1841
1050 1418
1052 1693
1053 1061
1053 1181
1053 1922
1053 1926
1055 1067
1055 1433
1056 1416
1057 1257
1057 1432
1057 1584
1058 1225
1058 1966
1059 1970
1060 1269
1060 1628
1062 1458
1062 1822
1063 1222
1064 1174
1065 1466
1066 1466
1067 1249
1067 1695
1068 1471
1070 1268
1070 1732
1073 1742
1074 1293
1077 1924
1077 1987
1078 1219
1078 1425
1078 1633
1079 1915
1081 1399
1083 1204
1083 1716
1086 1206
1086 1474
1086 1487
1086 1607
1086 1950
1088 1285
1089 1253
1090 1458
1090 1655
1093 1813
1093 1985
1094 1140
1094 1547
1094 1808
1095 1343
1096 1846
1097 1388
1099 1676
1100 1271
1100 1985
1101 1233
1101 1291
1101 1396
1101 1676
1102 1326
1102 1692
1103 1351
1104 1243
1104 1586
1109 1242
1111 1508
1112 1629
1113 1387
1113 1568
1113 1971
1113 1996
1114 1585
1115 1557
1116 1313
1119 1364
1120 1773
1120 1952
1121 1143
1121 1747
1122 1222
1122 1254
1122 1370
1123 1264
1123 1293
1123 1840
1124 1807
1125 1288
1126 1174
1126 1278
1127 1561
1128 1831
1130 1800
1131 1504
1131 1932
1132 1601
1133 1336
1133 1502
1133 1727
1134 1205
1134 1566
1134 1678
1134 1703
1134 1752
1134 1908
1135 1360
1135 1413
1138 1365
1139 1175
1140 1959
1142 1844
1142 1982
1143 1457
1144 1555
1144 1594
1145 1488
1145 1756
1145 1860
1146 1760
1146 1914
1146 1968
1147 1206
1149 1678
1149 1892
1150 1514
1151 1175
1151 1358
1151 1591
1152 1504
1152 1593
1152 1958
1153 1198
1153 1550
1154 1180
1154 1316
1155 1962
1157 1380
1157 1873
1157 1896
1158 1161
1158 1342
1158 1360
1158 1892
1159 1594
1159 1863
1160 1474
1161 1179
1162 1881
1163 1203
1163 1297
1163 1375
1163 1816
1164 1369
1164 1413
1166 1776
1166 1905
1168 1406
1171 1193
1171 1349
1171 1459
1171 1725
1171 1784
1171 1989
1175 1986
1176 1378
1176 1760
1177 1244
1177 1729
1178 1667
1178 1691
1178 1695
1178 1762
1178 1962
1179 1517
1179 1933
1181 1408
1181 1891
1183 1905
1184 1385
1184 1575
1185 1587
1185 1763
1185 1829
1187 1529
1187 1887
1188 1871
1189 1273
1189 1426
1189 1718
1190 1562
1191 1352
1191 1900
1193 1390
1193 1557
1194 1528
1195 1592
1197 1223
1198 1463
1198 1723
1198 1989
1200 1248
1200 1946
1201 1257
1202 1236
1203 1440
1203 1488
1203 1987
1205 1448
1205 1631
1205 1670
1206 1379
1211 1890
1212 1244
1212 1514
1212 1660
1213 1267
1213 1501
1214 1532
1214 1777
1215 1489
1216 1694
1217 1578
1218 1411
1218 1489
1218 1678
1218 1700
1218 1948
1219 1404
1222 1361
1222 1731
1224 1775
1224 1991
1226 1995
1227 1304
1227 1377
1228 1288
1228 1711
1228 1728
1230 1701
1231 1248
1231 1526
1231 1531
1231 1683
1231 1691
1231 1722
1231 1873
1231 1884
1232 1434
1233 1779
1233 1820
1234 1573
1234 1734
1237 1514
1238 1309
1238 1671
1239 1979
1240 1634
1242 1507
1248 1587
1249 1784
1250 1607
1252 1889
1252 1944
1253 1300
1253 1464
1254 1626
1254 1909
1259 1379
1259 1934
1260 1962
1261 1542
1262 1795
1264 1286
1264 1873
1265 1486
1265 1749
1266 1514
1266 1759
1266 1833
1267 1284
1267 1578
1268 1814
1269 1446
1269 1938
1270 1632
1271 1394
1272 1299
1276 1450
1276 1888
1280 1358
1280 1430
1282 1351
1282 1838
1284 1909
1284 1966
1285 1357
1289 1430
1291 1739
1293 1469
1293 1860
1294 1318
1294 1340
1295 1828
1296 1358
1296 1540
1296 1761
1297 1905
1298 1607
1299 1354
1299 1900
1299 1954
1300 1535
1300 1628
1301 1482
1303 1697
1303 1734
1305 1561
1307 1389
1307 1488
1307 1740
1308 1628
1308 1817
1310 1801
1310 1963
1312 1421
1314 1572
1315 1772
1316 1420
1316 1763
1318 1659
1321 1345
1322 1356
1322 1368
1323 1557
1323 1715
1323 1747
1323 1931
1324 1837
1325 1786
1325 1807
1326 1888
1327 1628
1331 1988
1333 1759
1333 1857
1334 1393
1334 1881
1334 1942
1337 1338
1337 1401
1339 1639
1340 1872
1340 1987
1341 1360
1342 1662
1342 1663
1342 1759
1343 1648
1343 1937
1345 1495
1346 1627
1349 1826
1349 1857
1349 1904
1350 1767
1352 1549
1352 1888
1355 1865
1356 1467
1356 1888
1358 1834
1359 1744
1359 1780
1360 1503
1361 1821
1361 1880
1361 1907
1363 1457
1364 1695
1365 1722
1365 1951
1367 1997
1371 1558
1372 1750
1374 1576
1374 1798
1374 1814
1375 1562
1375 1845
1378 1405
1380 1460
1380 1620
1381 1445
1381 1832
1385 1810
1385 1981
1388 1796
1388 1812
1390 1793
1391 1611
1393 1707
1394 1420
1395 1523
1396 1604
1397 1424
1398 1985
1399 1701
1403 1452
1404 1924
1406 1519
1407 1927
1408 1527
1410 1690
1411 1443
1411 1528
1411 1761
1413 1493
1413 1841
1414 1560
1414 1619
1415 1737
1416 1549
1417 1866
1418 1442
1418 1967
1420 1456
1420 1902
1421 1596
1424 1590
1427 1535
1429 1464
1429 1713
1429 1977
1430 1660
1432 1823
1433 1435
1433 1851
1437 1687
1438 1841
1439 1793
1440 1719
1440 1789
1441 1588
1443 1643
1444 1695
1445 1707
1445 1931
1449 1456
1452 1644
1453 1638
1454 1468
1454 1469
1454 1747
1456 1529
1458 1719
1458 1799
1460 1745
1460 1796
1465 1486
1465 1515
1468 1470
1479 1579
1479 1759
1481 1550
1481 1754
1482 1891
1483 1499
1483 1596
1488 1846
1489 1712
1490 1714
1492 1740
1494 1498
1496 1713
1496 1766
1497 1582
1497 1754
1499 1609
1500 1627
1500 1969
1501 1592
1501 1911
1502 1626
1502 1747
1503 1862
1507 1544
1509 1641
1512 1524
1512 1836
1512 1902
1515 1866
1518 1887
1522 1883
1524 1585
1525 1831
1525 1919
1528 1943
1530 1850
1533 1559
1538 1704
1539 1890
1539 1952
1540 1929
1543 1675
1544 1764
1547 1570
1547 1652
1553 1582
1559 1991
1561 1990
1563 1603
1563 1790
1564 1723
1565 1686
1567 1813
1571 1817
1571 1852
1572 1931
1581 1856
1584 1716
1586 1926
1595 1685
1596 1649
1600 1767
1601 1943
1602 1851
1603 1701
1604 1664
1605 1650
1607 1939
1608 1796
1609 1846
1611 1813
1611 1993
1613 1973
1614 1724
1619 1959
1620 1836
1620 1987
1623 1792
1624 1816
1625 1653
1628 1706
1628 1878
1630 1877
1633 1840
1635 1922
1639 1652
1649 1786
1651 1677
1654 1936
1654 1950
1659 1741
1661 1846
1665 1684
1669 1739
1673 1721
1673 1847
1675 1805
1675 1842
1677 1760
1678 1996
1679 1797
1682 1752
1683 1808
1685 1725
1689 1922
1690 1976
1692 1907
1697 1835
1706 1944
1708 1805
1708 1809
1709 1876
1710 1932
1710 1997
1711 1946
1715 1863
1722 1789
1723 1786
1728 1954
1729 1767
1731 1782
1731 1805
1731 1851
1731 1923
1732 1963
1738 1819
1738 1932
1743 1773
1746 1887
1747 1795
1749 1826
1749 1976
1755 1985
1757 1979
1760 1914
1762 1985
1763 1802
1763 1870
1768 1816
1769 1868
1769 1951
1772 1975
1773 1782
1779 1821
1779 1996
1780 1849
1780 1994
1787 1986
1789 1897
1798 1829
1805 1876
1809 1949
1812 1893
1818 1841
1824 1836
1825 1829
1827 1843
1832 1854
1832 1859
1835 1997
1838 1846
1839 1967
1844 1942
1848 1921
1848 1935
1848 1988
1850 1953
1851 1946
1858 1920
1859 1960
1891 1918
1907 1927
1907 1977
1912 1933
1918 1931
1918 1997
1919 1930
1920 1935
1922 1931
1923 1943
1958 1992
