2000 3001
49
21
4
92
6
23
75
99
61
100
46
24
57
7
13
44
43
90
5
75
29
88
17
33
67
71
50
61
28
40
49
64
74
100
69
11
75
5
65
76
94
31
56
12
8
87
31
66
57
54
86
84
97
82
45
47
73
62
8
81
1
10
52
66
76
81
48
19
56
3
83
16
91
25
64
28
42
42
69
62
55
22
45
5
14
54
33
98
51
5
98
78
34
30
2
26
67
31
35
18
95
91
94
35
25
26
82
50
75
54
2
90
23
5
41
73
27
41
27
38
39
19
1
94
17
92
89
9
46
57
70
80
48
29
22
58
79
99
27
10
59
90
37
71
30
42
86
21
45
91
94
80
55
66
10
81
1
55
100
51
74
8
40
76
18
87
30
5
78
68
34
60
76
61
80
75
83
12
89
66
49
84
4
96
61
36
86
22
73
63
32
95
17
4
98
75
9
36
63
62
63
46
27
46
64
16
81
97
94
92
37
81
35
73
77
89
38
29
15
46
83
49
3
18
30
4
27
93
12
100
18
81
57
44
5
45
65
47
50
70
8
58
99
80
72
85
91
79
62
2
48
48
34
86
88
61
78
48
19
41
98
89
59
76
11
92
39
55
87
21
9
19
75
4
22
63
11
42
59
88
41
99
41
67
27
75
12
31
9
26
65
30
86
33
63
37
11
52
96
67
97
30
82
7
38
30
93
70
97
86
84
56
3
72
26
67
12
11
98
100
30
31
48
4
56
66
76
80
30
21
34
53
13
96
84
72
77
40
92
55
63
59
33
81
71
42
19
13
28
94
33
26
71
9
32
3
77
75
82
36
44
82
40
61
46
43
28
96
61
68
14
5
42
92
80
49
72
30
76
72
2
54
40
77
82
88
42
28
21
75
23
75
44
100
95
30
90
69
89
44
52
85
71
90
74
42
18
64
78
86
32
81
91
45
27
43
88
56
20
53
72
79
6
14
84
25
52
10
72
90
99
97
48
81
4
40
97
37
91
56
79
35
16
7
63
64
76
52
67
54
84
10
87
49
76
19
6
65
100
84
44
51
41
87
77
79
81
35
27
78
88
30
20
4
37
62
6
40
33
3
97
94
75
98
87
26
78
76
53
64
44
62
72
89
96
41
63
68
71
2
57
86
76
39
87
46
57
40
55
2
45
62
96
89
8
54
22
84
47
12
89
76
25
35
57
29
72
51
77
93
88
36
69
6
53
28
46
56
83
43
55
9
62
26
14
100
10
8
25
56
10
11
62
7
79
45
84
42
85
54
73
80
63
73
14
70
84
50
96
38
1
41
100
13
95
88
64
96
73
64
4
31
13
89
51
49
58
1
80
26
63
55
48
25
76
20
48
48
17
58
89
56
13
29
28
97
38
51
7
20
57
58
17
77
54
93
15
13
17
60
17
26
69
19
63
100
94
53
24
85
15
67
49
9
94
3
34
31
25
92
80
81
90
24
65
61
47
21
72
13
100
42
92
60
84
62
7
100
97
39
79
89
99
34
46
80
51
70
78
51
13
95
80
37
77
97
97
86
78
35
22
5
98
57
2
3
82
48
86
3
13
12
63
86
49
26
75
17
9
99
3
9
46
16
73
5
78
48
48
17
81
35
32
77
60
59
49
47
45
90
67
42
24
17
93
58
53
98
81
1
72
31
6
65
87
100
44
79
74
47
77
71
12
90
8
27
19
32
44
37
87
63
48
2
98
40
9
31
98
7
52
52
90
37
98
83
14
12
17
93
13
28
46
70
57
18
3
31
13
24
30
8
13
75
22
71
71
97
34
6
61
25
81
17
86
26
39
55
40
10
49
15
96
3
63
57
97
41
39
13
71
60
83
13
70
66
43
7
18
21
54
24
73
77
14
30
28
2
28
76
45
44
11
95
66
77
4
97
20
61
41
64
16
1
88
53
72
68
49
89
18
85
10
97
66
95
43
10
60
78
13
83
97
94
77
5
21
36
62
73
91
90
57
49
21
62
21
35
90
24
21
62
58
73
2
68
52
86
68
56
79
74
35
62
29
35
70
2
67
7
55
18
59
6
48
54
98
39
41
36
18
60
30
14
46
62
79
49
11
28
93
10
72
16
23
11
72
31
39
29
34
4
87
98
77
88
57
83
99
40
53
45
95
4
44
47
79
49
93
7
39
77
93
54
12
15
95
95
74
59
64
82
15
2
83
59
35
93
80
95
81
89
1
24
25
3
5
16
10
22
85
10
69
100
86
7
63
93
13
91
7
9
46
76
17
41
67
59
54
52
36
23
78
73
88
89
42
45
68
8
14
58
36
86
5
41
71
76
36
6
52
8
15
56
52
1
59
2
60
13
16
64
40
80
59
82
99
5
100
87
28
35
66
58
30
85
86
59
50
81
21
98
99
73
57
87
66
15
42
1
33
20
89
97
36
34
41
3
40
29
65
70
99
38
61
73
94
60
37
86
32
86
60
44
87
38
52
90
89
96
49
32
35
55
89
42
64
60
20
13
36
46
48
33
21
50
95
70
71
67
85
2
32
10
95
21
66
35
90
79
93
16
68
12
46
12
72
77
86
55
70
36
3
25
53
59
77
83
27
33
95
74
50
60
13
51
1
59
36
93
92
62
77
92
74
17
36
60
58
49
96
81
52
44
38
19
60
43
5
100
29
71
46
44
38
6
46
1
8
24
50
8
46
11
1
91
72
76
47
32
26
23
33
13
73
58
40
95
86
95
41
75
11
21
72
86
29
9
16
97
18
42
77
87
84
81
2
58
17
89
51
5
59
26
17
77
64
16
92
25
64
57
44
13
33
93
34
23
84
65
21
100
70
82
70
63
91
46
71
72
12
30
80
16
5
26
73
67
91
4
73
76
89
53
87
30
27
50
79
54
57
84
74
34
45
82
40
93
98
54
94
7
74
71
74
54
4
36
15
78
57
98
3
20
25
92
98
6
2
91
41
85
44
55
3
54
10
15
19
96
18
32
59
39
51
82
1
74
48
52
70
22
39
19
66
42
27
22
84
59
53
99
79
27
40
77
48
24
7
86
26
24
11
85
46
88
94
19
89
19
46
77
83
74
71
35
74
41
97
79
34
100
80
6
91
54
74
44
8
95
26
86
52
33
28
47
93
32
69
17
94
74
46
75
7
29
42
80
55
39
26
6
75
37
3
25
68
86
58
27
94
48
63
52
20
51
57
61
98
7
98
16
68
92
12
69
63
58
27
1
95
30
62
92
32
3
24
12
85
93
90
29
80
61
10
93
5
69
8
50
97
55
71
59
44
3
83
12
36
13
93
48
24
18
44
98
11
18
56
72
17
3
99
77
66
15
44
97
25
91
8
57
90
54
4
50
30
49
3
33
8
15
85
11
75
55
24
34
34
23
68
89
32
90
22
37
81
37
67
2
71
7
81
49
83
61
50
41
2
52
95
60
55
80
94
11
70
65
83
3
92
15
20
80
70
65
73
89
92
12
57
46
74
7
32
30
29
72
30
42
29
65
12
4
11
19
37
31
53
15
32
21
93
43
76
37
97
15
65
34
10
17
41
20
69
96
36
80
70
26
55
78
41
80
30
77
38
70
70
61
83
10
29
56
24
23
45
72
20
54
84
62
52
82
86
29
43
80
92
61
95
75
8
38
18
23
81
3
70
5
8
62
82
12
1
84
47
84
44
85
8
39
4
16
98
81
49
99
46
71
97
55
8
85
37
24
23
49
28
79
62
79
29
80
7
27
50
60
77
83
31
65
80
97
72
96
3
73
95
59
79
1
70
90
77
8
19
62
42
8
37
79
31
7
86
6
71
43
35
75
39
85
88
22
75
1
19
77
51
21
38
49
29
22
18
97
56
85
19
99
99
6
30
78
69
75
3
72
53
36
77
24
41
34
65
70
99
44
67
11
91
52
44
50
19
48
76
42
60
96
36
1
11
89
79
60
20
93
40
75
90
39
4
35
52
98
53
91
79
52
4
42
21
85
39
80
31
58
46
10
61
79
69
40
74
78
61
38
77
2
33
31
60
26
50
47
1
70
14
31
33
56
70
37
26
42
65
27
99
81
5
62
14
57
39
68
29
96
100
42
100
50
17
95
86
95
76
48
6
42
58
2
45
39
64
39
35
55
51
38
82
39
82
20
49
52
40
14
27
68
87
53
10
25
53
78
65
25
88
56
86
54
57
99
76
12
4
94
55
26
53
54
61
57
13
82
60
87
5
64
53
27
68
53
83
56
59
39
45
31
35
43
23
94
69
61
78
73
17
4
41
73
69
45
45
77
25
1
6
98
14
58
19
26
13
63
58
6
16
13
31
16
38
30
58
39
25
42
31
100
63
77
33
59
49
41
47
82
84
20
90
96
72
9
83
39
63
83
39
84
37
77
35
3
64
81
43
71
79
57
74
82
49
78
43
5
71
6
84
21
82
81
71
67
21
17
73
24
30
34
2
5
100
57
21
76
29
53
74
32
57
30
46
56
64
84
94
8
89
69
29
26
35
61
97
8
26
27
33
84
51
61
6
38
23
55
95
34
37
14
0 42
0 1326
0 1539
1 346
1 971
1 1025
1 1060
1 1357
1 1530
1 1752
2 439
2 684
2 1356
2 1523
3 394
3 543
3 1889
4 320
4 356
4 838
4 1322
4 1628
6 839
6 969
7 46
7 284
7 556
7 1335
7 1566
9 188
9 1598
9 1962
10 31
10 1205
10 1988
11 528
11 948
12 492
12 525
12 1629
13 233
13 884
14 765
14 1552
14 1673
14 1964
14 1966
15 475
15 1269
16 173
16 1216
18 978
19 1315
19 1455
20 491
20 578
20 1182
20 1189
20 1609
21 1272
21 1721
22 459
22 1165
23 200
24 94
24 135
24 822
24 1112
24 1356
24 1411
24 1617
25 1484
26 248
26 393
26 1348
26 1657
26 1671
26 1739
26 1756
27 115
27 722
27 892
27 1428
27 1454
28 629
28 696
28 1064
29 156
30 512
30 582
30 743
31 38
31 1096
31 1469
31 1696
32 684
33 288
33 507
34 49
34 217
34 859
34 954
34 1358
35 264
35 1166
35 1655
35 1839
36 293
36 359
37 844
38 1418
39 649
39 1058
40 180
40 704
40 1088
40 1816
41 374
41 550
41 1212
41 1466
42 424
42 838
42 977
42 1449
42 1963
43 371
43 1147
43 1415
43 1835
43 1996
45 374
45 1106
45 1960
46 309
46 1121
47 771
48 410
48 463
48 905
48 1462
49 222
49 1085
49 1429
49 1936
50 864
51 290
51 641
51 653
51 721
51 798
51 1388
52 891
52 1107
52 1936
53 871
53 1501
54 462
54 1516
55 94
55 353
55 515
55 975
55 1360
56 873
56 922
57 1270
58 260
58 369
58 907
58 1153
58 1747
59 793
59 1677
60 526
60 630
60 1455
60 1466
61 255
61 517
61 1533
62 420
62 1509
62 1993
63 70
63 780
63 951
63 1652
65 1352
65 1609
66 1102
67 416
67 419
67 976
67 1028
68 769
68 885
68 1167
68 1309
69 494
69 961
69 1100
69 1142
69 1505
70 128
70 968
70 1508
70 1656
71 606
71 1329
72 1762
73 431
73 638
73 1393
73 1402
73 1751
73 1779
74 1742
74 1815
75 85
75 147
75 591
75 1480
76 265
76 1944
77 1183
77 1542
78 1870
79 791
79 1335
79 1573
80 228
80 594
81 869
81 1080
81 1958
82 498
82 1066
82 1179
83 775
83 996
84 898
84 1110
84 1281
85 174
85 969
85 1319
85 1927
86 1797
87 354
87 583
87 895
87 1704
88 901
88 910
89 438
89 703
91 433
91 1346
91 1934
92 171
92 1017
93 671
93 1334
94 284
94 589
97 112
97 497
97 692
97 940
97 1477
98 1272
98 1382
99 1429
99 1606
100 426
100 648
100 1148
100 1775
101 1068
101 1184
102 492
102 1072
102 1530
103 364
103 1767
104 448
104 918
104 1340
105 581
105 994
105 1202
105 1973
106 198
106 677
106 1547
106 1757
107 990
107 1640
108 861
108 1039
108 1522
108 1681
108 1785
109 284
109 507
109 526
109 1036
109 1128
109 1173
109 1662
109 1740
110 496
111 280
111 455
111 899
111 999
111 1326
112 517
112 642
112 647
114 219
114 351
114 610
116 295
116 437
116 810
117 1108
117 1256
117 1483
118 1055
118 1170
119 370
119 943
119 1163
119 1220
119 1347
119 1449
120 219
120 887
121 1977
122 1132
122 1487
123 277
123 620
123 1755
124 1067
124 1346
125 193
125 326
125 1570
126 1329
126 1573
126 1686
127 492
127 588
127 1842
127 1877
128 1016
128 1717
129 207
129 1079
130 559
131 685
131 1151
132 887
132 1328
132 1586
133 1118
133 1287
133 1827
134 351
134 474
134 857
134 1112
134 1862
135 612
135 736
135 881
135 1231
136 459
136 1754
136 1759
137 311
137 1501
138 1442
139 1170
139 1719
141 449
141 548
141 919
141 958
141 1750
142 261
142 1819
143 626
143 708
143 944
144 274
144 346
144 701
144 704
144 1639
145 1653
146 432
146 1576
146 1745
147 486
147 1128
148 460
148 617
148 1571
148 1622
148 1684
149 891
149 1809
150 1357
151 170
151 448
152 513
152 593
152 1661
153 1736
154 738
154 1749
154 1799
155 635
155 852
155 1848
156 686
156 1138
156 1332
156 1882
156 1910
157 332
157 1130
157 1137
159 1793
160 167
160 288
160 595
160 689
160 1014
160 1037
160 1334
160 1469
160 1503
161 589
161 830
161 1051
162 675
163 822
163 1257
163 1923
163 1986
164 506
164 1872
165 221
165 1786
166 654
166 829
167 182
167 345
167 350
167 353
167 407
167 924
167 1360
167 1418
169 198
169 1003
170 481
170 489
170 1553
171 264
171 689
171 1770
172 192
172 1172
173 355
173 420
173 1079
173 1257
173 1296
173 1610
174 352
175 224
175 578
176 576
176 751
177 406
177 522
177 615
177 889
177 1003
179 180
180 795
180 1163
182 1297
183 412
183 867
183 1178
184 1515
184 1895
185 757
185 779
185 1073
185 1202
185 1219
185 1548
185 1780
186 218
186 223
186 695
186 1027
186 1355
186 1503
187 363
187 1765
188 1186
188 1509
188 1714
188 1730
189 318
189 343
189 1544
190 879
190 933
190 1558
192 674
192 962
192 1252
192 1543
193 353
193 728
194 653
194 1379
195 216
195 302
195 424
195 640
195 812
195 894
195 898
195 1278
195 1611
196 418
196 716
196 873
196 960
197 215
197 300
197 1246
197 1446
197 1860
198 406
198 1158
198 1313
198 1720
199 586
199 719
200 1316
201 661
201 1557
201 1898
202 243
202 1808
202 1835
202 1989
203 739
203 1044
204 374
204 1292
204 1828
204 1907
205 1327
206 1364
207 680
207 804
207 1273
207 1548
207 1750
207 1848
208 1459
208 1634
208 1982
209 531
209 1541
211 1360
211 1898
212 240
212 559
212 1076
212 1516
212 1712
212 1852
213 736
213 999
213 1304
214 465
214 500
214 858
214 1525
214 1946
215 238
215 1180
215 1737
215 1909
216 595
216 1644
217 526
218 295
218 353
218 547
218 682
218 1210
218 1697
218 1730
219 478
219 1711
219 1769
220 1109
220 1222
220 1364
220 1603
221 1580
222 484
222 797
222 1283
223 415
223 1077
223 1659
224 786
224 1071
224 1119
224 1363
225 235
225 1607
226 348
226 849
226 1715
227 309
227 1755
228 1762
229 627
229 664
229 1012
230 608
230 1272
231 637
231 844
231 1682
232 1356
233 1739
234 657
234 930
234 1010
234 1740
236 602
236 641
236 1336
236 1463
236 1920
237 1260
237 1371
237 1502
237 1547
237 1617
237 1891
238 355
238 475
238 1199
238 1443
239 1573
239 1706
239 1906
240 335
240 578
241 383
241 696
241 1127
241 1385
241 1390
241 1842
242 275
242 700
242 890
242 1382
242 1545
242 1851
243 303
244 995
244 1925
245 868
245 1107
245 1959
246 697
247 569
247 1362
247 1636
248 381
249 612
249 828
249 1418
249 1630
249 1785
250 265
250 485
250 934
250 1131
250 1273
252 842
252 1191
252 1842
253 1124
253 1468
254 730
254 1015
254 1275
255 926
255 1006
255 1438
255 1745
255 1926
256 1659
256 1677
257 494
257 592
257 754
257 1866
258 670
258 1713
259 497
259 1204
260 716
261 765
261 1443
261 1466
262 1034
262 1174
262 1885
263 342
263 403
263 1121
263 1932
264 1243
264 1567
264 1778
265 289
265 1026
265 1381
265 1633
265 1744
266 801
266 1012
266 1330
266 1854
267 1565
268 425
268 855
268 1923
269 611
269 883
269 1375
269 1550
269 1894
270 596
270 1246
270 1287
270 1460
270 1535
271 1184
271 1883
272 485
272 801
272 927
272 930
272 1509
273 752
273 807
273 947
273 1881
274 334
274 398
274 420
274 1039
274 1881
275 595
275 735
275 1700
276 1012
276 1562
277 1196
277 1648
278 526
278 1807
279 863
279 1144
279 1153
279 1185
279 1281
279 1344
279 1549
279 1928
280 853
282 1662
282 1854
283 805
283 829
284 530
284 940
284 1334
285 1943
286 510
286 825
286 1016
286 1977
286 1985
287 325
287 652
287 1433
288 290
288 1011
288 1503
289 829
290 700
290 1278
293 1139
293 1391
295 611
295 1371
296 991
296 1197
298 658
298 821
298 1542
298 1629
299 313
299 356
299 1129
299 1939
300 698
300 1575
300 1651
300 1983
302 1275
302 1823
303 905
303 1252
303 1458
304 467
304 599
304 1207
304 1672
304 1806
304 1955
305 645
305 1990
306 463
306 544
306 853
306 1720
307 1217
307 1237
307 1601
308 1448
308 1550
308 1651
309 1843
310 433
310 604
310 786
310 825
311 538
311 626
311 1685
313 793
313 1047
313 1120
313 1222
314 1639
314 1761
315 758
316 747
317 1427
317 1612
317 1780
318 668
318 1701
318 1892
319 651
319 1636
320 532
321 1074
321 1919
321 1992
322 561
322 1863
323 633
323 932
323 1220
323 1292
323 1754
324 571
324 663
325 404
325 1315
325 1823
326 417
326 528
326 1018
327 339
327 549
327 936
327 1770
327 1886
328 564
328 1013
328 1235
329 679
329 769
329 995
329 1950
330 693
330 764
331 633
331 1026
331 1405
331 1659
332 1165
333 499
333 982
333 1015
333 1226
333 1551
333 1601
335 910
335 1454
335 1642
335 1777
336 894
336 1345
336 1403
336 1894
337 1469
338 906
338 1286
339 1281
339 1617
340 990
340 1161
340 1341
340 1725
340 1766
341 591
341 1308
341 1380
341 1973
342 460
342 1395
342 1407
342 1986
343 475
343 568
343 916
343 1376
344 1124
344 1858
345 747
345 1548
346 1411
347 811
347 1725
348 1759
350 573
350 734
350 1544
350 1662
350 1835
350 1999
351 694
352 441
352 528
352 1229
352 1399
353 640
354 399
354 1139
355 540
355 745
355 1985
356 919
356 1846
357 1686
358 1702
358 1921
358 1944
359 779
360 696
360 1671
360 1747
360 1828
361 823
361 1056
361 1695
362 1629
362 1780
362 1901
363 612
363 1583
364 760
364 963
364 1425
364 1682
365 1081
365 1889
366 1170
366 1188
367 939
367 1287
367 1959
368 965
369 433
370 508
370 907
370 1137
370 1266
370 1880
371 1242
372 821
372 1714
372 1951
373 645
373 803
373 904
373 1067
373 1219
373 1575
374 521
374 659
374 702
375 630
375 1108
375 1543
375 1871
376 853
376 1969
377 637
377 1800
378 509
378 984
378 1764
378 1930
378 1951
379 1158
380 1567
380 1831
381 479
381 804
382 784
382 925
382 1749
382 1830
382 1983
383 832
384 1658
385 931
385 1101
385 1134
385 1834
385 1881
386 568
387 664
387 1556
387 1947
388 759
388 1064
388 1246
388 1392
389 682
389 776
390 952
391 759
391 1704
391 1705
392 1703
393 648
393 1403
394 650
394 1460
394 1483
395 715
395 999
395 1789
396 471
396 1823
396 1953
397 1118
397 1677
397 1745
398 1688
399 912
399 1889
401 527
401 708
401 1235
401 1703
402 568
402 814
402 868
402 964
402 1401
402 1651
402 1956
403 426
403 1800
404 623
404 1845
405 1601
406 1216
406 1364
407 980
407 1422
408 423
408 573
409 1994
410 787
410 939
410 1550
411 1422
412 1103
412 1447
412 1494
413 601
413 692
413 1070
413 1718
413 1757
413 1793
414 911
415 630
415 698
415 891
415 937
415 1307
415 1652
415 1839
416 742
416 1383
417 554
417 1024
417 1043
417 1174
417 1435
417 1895
418 814
418 934
418 942
419 614
419 648
419 976
419 1256
420 729
420 1099
420 1129
420 1622
420 1818
421 1023
421 1508
423 879
423 1303
423 1403
424 472
424 490
424 566
424 1089
424 1125
424 1665
424 1705
424 1719
425 1326
425 1399
425 1770
425 1851
425 1853
427 1222
428 1835
429 1689
429 1719
429 1823
430 432
430 608
430 1033
431 682
431 1642
431 1737
432 825
433 756
434 521
434 549
434 1105
434 1417
434 1530
435 1158
436 438
436 487
436 699
436 1213
436 1551
437 1067
437 1628
438 1252
438 1255
438 1628
438 1677
439 1297
440 1246
440 1533
441 950
442 525
442 1265
442 1764
442 1967
443 496
443 709
443 905
443 1095
443 1966
444 1727
444 1999
445 972
446 609
446 1438
446 1487
446 1634
446 1648
447 876
448 802
449 1078
449 1681
451 1704
452 1482
452 1483
452 1532
453 1019
453 1641
453 1971
454 557
454 772
454 1175
455 710
455 1630
455 1867
456 1914
457 558
457 1981
458 1571
458 1635
458 1881
459 488
459 1343
459 1394
460 1020
461 580
461 887
461 1179
461 1262
461 1428
461 1537
462 1490
463 811
463 1211
463 1514
463 1538
464 578
464 1091
464 1877
465 716
465 1256
465 1708
465 1767
465 1899
466 778
466 918
466 1056
466 1295
466 1464
467 923
467 1341
467 1458
467 1690
467 1982
469 1671
469 1938
469 1943
469 1955
470 1405
471 1126
471 1227
471 1392
472 1152
472 1411
472 1716
473 1377
473 1820
475 581
475 923
475 1056
475 1155
475 1882
476 1514
477 1763
478 842
478 910
478 1043
479 992
479 1664
479 1800
480 668
480 1921
481 532
481 721
481 1050
481 1738
481 1883
482 1897
482 1918
482 1940
483 944
483 1014
484 543
484 891
484 927
484 1822
484 1875
485 581
485 1147
485 1635
486 1251
486 1960
486 1987
487 1438
489 1450
489 1816
489 1861
490 1034
491 594
491 612
492 514
492 1092
492 1357
492 1825
493 812
493 1193
493 1228
493 1249
494 654
494 958
494 1848
495 1806
495 1884
495 1948
496 1051
497 1627
498 570
498 1004
498 1758
498 1795
499 1580
500 838
500 1279
500 1640
500 1820
501 1831
502 835
502 1060
502 1218
504 956
505 1570
505 1966
506 1182
507 714
508 884
508 1602
509 672
509 1349
509 1536
510 1262
511 811
511 1284
512 1302
512 1397
512 1658
512 1723
513 782
514 735
514 878
515 1120
515 1898
516 839
517 1329
517 1697
517 1907
518 1727
519 640
519 1296
519 1665
520 965
520 1519
521 1313
521 1862
521 1927
522 1096
522 1539
522 1651
525 751
525 1519
526 703
526 761
526 1300
527 1209
529 710
530 1267
530 1692
531 711
531 983
531 1056
532 650
532 862
532 1162
532 1388
532 1678
532 1732
534 1028
535 873
535 1035
535 1333
537 643
537 1766
537 1895
539 615
539 831
539 963
539 1003
540 560
540 947
540 1325
540 1541
541 765
542 1030
542 1440
542 1494
542 1545
543 746
543 885
543 1654
543 1728
543 1879
543 1927
544 805
544 993
544 1584
545 1299
545 1742
546 1259
546 1375
546 1760
547 1797
548 1796
549 1134
549 1206
549 1221
549 1384
550 757
550 1091
551 1038
552 782
552 807
552 1347
552 1364
553 598
553 737
553 884
553 1030
554 1426
555 559
555 1399
555 1594
555 1773
556 1633
557 768
557 954
557 1676
557 1715
558 1224
558 1789
559 870
559 1610
559 1978
560 638
560 645
560 760
560 1174
561 1412
561 1996
562 1495
563 807
563 1738
565 639
565 997
565 1177
566 1037
566 1499
566 1829
567 899
567 1525
568 1971
569 783
569 1083
569 1370
569 1861
570 1501
571 897
571 1142
571 1545
571 1612
572 1942
573 713
573 1385
573 1684
574 877
574 1715
575 1032
576 1146
576 1364
577 1489
578 746
579 690
579 1442
580 584
580 786
580 904
580 1750
581 1783
582 1144
582 1667
582 1783
583 1528
584 675
584 1362
584 1473
585 1011
585 1904
586 1481
587 1990
588 762
588 804
588 1337
589 1043
590 974
590 1071
590 1820
593 958
594 683
594 1801
595 1942
596 779
596 784
596 1174
597 700
597 1260
597 1474
598 1051
598 1558
599 1260
601 1990
602 853
602 1316
603 1331
603 1485
603 1558
604 1221
604 1383
604 1407
605 1022
605 1063
605 1182
605 1204
605 1584
605 1636
606 619
606 1818
607 1730
607 1997
608 668
608 754
608 1028
608 1206
611 1135
612 1839
612 1922
613 703
613 913
614 1630
615 903
615 1019
615 1494
616 717
616 932
616 1338
617 1816
617 1873
618 1044
618 1189
618 1650
618 1866
619 671
619 1774
619 1894
620 667
620 810
620 1046
620 1480
621 682
621 1036
622 1756
623 1202
623 1381
624 1251
624 1258
624 1476
625 758
625 1105
625 1264
625 1846
626 1099
626 1362
626 1475
627 630
627 661
627 1045
627 1593
628 892
629 1176
629 1357
630 884
630 1768
631 687
631 781
631 1251
631 1867
632 980
633 1397
633 1543
633 1848
634 640
634 1717
635 981
635 1147
635 1418
636 1560
636 1753
638 649
639 655
639 1852
639 1938
640 765
640 1764
640 1785
641 811
641 1787
642 1034
643 1703
644 1534
644 1889
644 1966
645 748
645 1716
646 1041
646 1348
646 1952
647 1061
647 1526
647 1600
648 681
648 1262
649 1424
649 1696
650 1755
650 1828
651 1151
651 1187
651 1712
651 1985
652 745
652 992
653 1729
654 1054
655 680
655 1596
655 1872
656 1045
656 1063
656 1546
656 1644
656 1694
656 1710
658 828
658 1255
659 918
659 1920
660 747
660 1394
661 697
661 1593
662 1237
662 1344
662 1375
663 822
663 1561
663 1634
665 1672
665 1867
666 1123
666 1735
666 1739
667 851
667 1622
667 1810
667 1979
668 1469
669 1049
669 1150
669 1974
670 1173
670 1741
672 1157
673 1467
674 1262
674 1735
676 1341
676 1355
676 1715
676 1785
677 1685
677 1983
678 896
680 790
680 1273
681 1062
681 1078
682 1200
682 1509
683 689
683 1620
683 1978
684 975
684 1055
684 1525
684 1731
685 1069
685 1664
686 965
686 1049
687 896
687 1827
687 1871
688 868
688 1546
688 1887
689 748
689 949
689 1383
689 1736
690 1151
690 1409
690 1682
690 1998
691 1246
691 1257
691 1395
691 1742
692 1927
693 762
693 1003
694 1091
694 1387
694 1727
695 1226
695 1460
696 1821
698 1579
699 1184
699 1753
700 874
701 1104
701 1132
701 1161
701 1691
702 996
702 1656
702 1727
703 844
703 1276
703 1281
703 1416
704 911
704 1879
704 1891
705 1319
706 1695
707 1060
707 1837
708 803
708 1820
709 1492
709 1689
711 962
711 1003
711 1950
712 986
712 1081
712 1112
713 788
713 1029
713 1107
713 1449
713 1586
714 1092
714 1310
714 1640
715 1282
715 1974
716 1903
717 742
718 1581
719 1031
719 1163
719 1983
721 1578
723 922
724 764
724 785
724 1479
726 778
726 1796
727 1567
727 1709
729 951
729 1762
730 1328
731 805
732 1252
733 972
733 1655
735 1027
736 1438
736 1741
737 1758
737 1793
738 808
739 771
739 1078
740 1626
742 808
742 1161
742 1761
743 870
743 1058
743 1713
743 1768
745 856
745 1195
745 1950
746 1005
746 1054
748 1739
748 1777
749 868
749 1147
749 1775
751 1194
751 1506
751 1517
751 1644
751 1970
752 1067
753 1094
753 1737
754 1111
754 1585
754 1933
755 858
755 1210
755 1273
755 1359
756 975
756 1402
757 991
757 1011
758 1467
758 1471
760 796
760 1108
760 1891
761 1236
761 1798
762 1429
762 1865
762 1964
762 1965
763 1727
763 1952
764 875
764 1175
765 1387
765 1461
765 1665
766 852
767 922
768 772
768 1894
769 980
769 1844
772 957
772 1350
773 782
773 985
773 1661
774 1435
776 1290
777 1845
779 786
779 855
780 1095
780 1327
780 1826
781 906
782 787
783 1493
784 860
785 939
785 1012
785 1508
785 1942
787 890
787 1320
787 1596
787 1796
788 1108
788 1149
790 1308
790 1905
791 1764
792 1527
793 1000
793 1318
794 1223
794 1336
794 1461
795 1046
795 1189
795 1295
796 881
797 1985
798 985
798 1937
799 1081
800 1185
801 1753
802 930
802 936
802 991
802 1038
802 1395
802 1892
803 819
803 1946
804 952
804 1351
805 1482
805 1504
806 1065
806 1748
806 1880
807 1909
808 1234
809 854
809 966
809 1536
810 1346
811 1015
812 1968
813 1133
813 1795
813 1873
813 1996
814 899
815 1194
815 1920
816 1541
816 1828
816 1871
817 837
817 1135
818 953
818 1345
819 1975
819 1991
820 984
821 1076
821 1186
821 1278
821 1798
822 1519
823 1440
824 897
824 1489
825 886
825 1649
826 946
826 1035
826 1036
826 1324
826 1420
827 888
828 1514
828 1983
830 1467
832 920
833 1005
834 1054
834 1665
836 1383
836 1600
839 1816
839 1890
840 1102
840 1314
842 1198
842 1759
842 1866
843 1274
843 1843
844 1229
844 1526
846 900
847 1201
849 963
849 1535
849 1961
852 1347
853 892
853 1772
854 1050
854 1089
854 1293
854 1372
854 1520
855 1865
855 1928
856 1960
856 1985
857 913
858 1121
858 1295
858 1799
858 1938
859 1218
860 1225
860 1439
866 1561
869 1429
870 1423
870 1641
870 1879
871 1266
871 1730
871 1808
872 1150
873 1020
873 1153
873 1162
873 1285
874 1029
875 1166
878 923
879 1950
880 928
880 993
880 1168
880 1972
882 1235
882 1572
883 1079
884 1318
885 1269
885 1513
886 1208
887 1024
888 1238
890 1444
890 1589
890 1604
890 1871
891 982
891 992
891 1042
891 1372
892 930
894 936
895 1145
896 1647
897 1569
897 1582
897 1790
898 1039
898 1487
898 1552
898 1657
900 1396
902 1351
903 1941
904 984
904 1149
905 1106
905 1432
905 1439
905 1875
906 1369
907 923
907 1013
907 1151
907 1598
907 1829
908 1341
908 1402
909 1716
910 1072
910 1156
910 1466
912 952
912 1318
913 1254
913 1862
914 1385
914 1471
914 1528
914 1688
915 1063
916 1756
918 1403
919 965
919 1097
919 1107
919 1555
919 1566
919 1709
919 1785
920 1712
921 1708
922 1003
922 1066
922 1492
922 1530
922 1657
923 974
924 1778
925 1388
926 1078
926 1572
927 1175
928 1105
929 1405
930 1764
931 1969
933 1113
933 1566
935 1444
937 1222
937 1352
940 1431
940 1791
941 1086
942 1058
942 1128
942 1596
942 1978
944 1185
944 1431
946 1413
946 1992
948 1851
949 1242
949 1690
949 1691
949 1883
951 1351
952 1565
953 1252
954 1228
954 1839
958 1180
958 1867
959 1523
959 1570
959 1971
960 1611
961 1047
961 1387
966 1450
967 1185
967 1314
967 1378
967 1617
967 1730
968 1643
968 1863
969 993
969 1111
969 1934
970 1569
970 1604
971 1689
971 1849
971 1950
972 1780
973 1219
974 1023
974 1189
975 1923
976 1250
977 1267
977 1354
977 1760
977 1988
978 1381
979 1073
980 1029
980 1364
981 1255
981 1316
982 1466
982 1849
983 1415
983 1853
984 1073
984 1362
984 1881
985 1366
986 1194
987 1910
988 1317
988 1944
988 1997
993 1722
993 1915
994 1218
994 1264
995 1404
995 1942
996 1277
996 1483
997 1164
998 1100
998 1573
998 1620
999 1194
999 1346
999 1664
1000 1811
1003 1502
1003 1582
1003 1952
1004 1967
1005 1369
1005 1478
1006 1009
1006 1147
1006 1227
1007 1090
1010 1389
1010 1908
1012 1411
1012 1550
1012 1634
1013 1014
1013 1605
1014 1356
1014 1850
1014 1868
1015 1395
1015 1934
1016 1496
1017 1569
1018 1050
1019 1250
1019 1390
1020 1241
1020 1607
1021 1041
1023 1698
1025 1163
1025 1933
1027 1734
1027 1750
1028 1850
1030 1095
1030 1783
1030 1858
1030 1902
1032 1239
1034 1088
1034 1274
1034 1559
1035 1384
1035 1587
1035 1727
1036 1629
1036 1670
1036 1863
1036 1980
1037 1133
1038 1064
1038 1208
1038 1458
1038 1926
1039 1189
1039 1457
1039 1770
1039 1910
1040 1087
1040 1616
1041 1657
1042 1158
1042 1645
1043 1100
1043 1680
1044 1602
1045 1402
1047 1182
1047 1526
1048 1748
1049 1476
1050 1089
1050 1653
1051 1090
1052 1352
1052 1951
1052 1977
1055 1905
1056 1510
1056 1707
1056 1738
1056 1814
1057 1915
1058 1503
1058 1817
1060 1061
1061 1614
1063 1088
1063 1427
1063 1669
1064 1133
1065 1273
1066 1222
1066 1304
1066 1762
1067 1525
1068 1080
1068 1396
1069 1906
1070 1205
1070 1825
1071 1149
1073 1379
1074 1077
1074 1595
1075 1592
1076 1806
1077 1241
1077 1358
1077 1505
1079 1893
1081 1665
1081 1996
1082 1358
1083 1891
1084 1673
1085 1716
1085 1929
1087 1186
1087 1578
1087 1759
1087 1762
1088 1417
1088 1448
1089 1196
1089 1283
1090 1171
1090 1727
1092 1546
1093 1343
1094 1478
1094 1505
1094 1791
1095 1425
1096 1127
1096 1202
1096 1252
1096 1651
1097 1536
1097 1685
1098 1236
1099 1448
1101 1204
1101 1831
1101 1984
1102 1166
1103 1209
1105 1318
1105 1483
1106 1210
1107 1611
1107 1900
1109 1389
1110 1194
1110 1311
1110 1638
1110 1701
1110 1767
1111 1411
1113 1237
1113 1478
1114 1228
1114 1244
1115 1750
1116 1484
1120 1831
1122 1380
1123 1405
1124 1355
1124 1453
1127 1842
1127 1932
1129 1452
1130 1490
1131 1727
1132 1186
1132 1716
1132 1988
1133 1237
1134 1405
1136 1752
1136 1783
1136 1857
1138 1886
1139 1792
1139 1984
1140 1224
1142 1572
1142 1629
1142 1976
1143 1290
1143 1299
1145 1198
1145 1799
1146 1330
1147 1476
1147 1673
1148 1293
1149 1282
1149 1430
1150 1229
1150 1454
1150 1473
1151 1695
1152 1441
1152 1713
1152 1893
1153 1357
1155 1233
1155 1773
1155 1801
1155 1884
1156 1674
1156 1771
1156 1869
1157 1845
1157 1915
1158 1853
1160 1262
1162 1620
1162 1910
1163 1853
1165 1707
1166 1603
1168 1464
1168 1487
1168 1816
1171 1258
1171 1273
1171 1360
1172 1586
1173 1225
1173 1230
1174 1997
1176 1714
1177 1494
1177 1541
1177 1580
1178 1474
1178 1511
1179 1712
1179 1778
1179 1943
1180 1492
1180 1558
1180 1952
1181 1724
1181 1904
1181 1945
1185 1298
1186 1854
1188 1676
1189 1801
1191 1320
1191 1553
1191 1679
1193 1438
1193 1569
1195 1829
1198 1215
1198 1323
1199 1274
1199 1596
1200 1517
1200 1998
1201 1728
1201 1751
1202 1385
1202 1773
1202 1813
1204 1404
1204 1609
1205 1440
1206 1826
1206 1845
1206 1892
1207 1867
1208 1503
1208 1567
1209 1241
1210 1245
1210 1667
1210 1763
1210 1858
1212 1504
1212 1844
1212 1882
1213 1495
1213 1629
1213 1844
1214 1373
1214 1575
1215 1647
1218 1560
1219 1330
1220 1808
1221 1310
1221 1832
1223 1496
1224 1259
1224 1619
1224 1731
1225 1350
1225 1622
1225 1767
1227 1562
1227 1999
1229 1384
1229 1448
1229 1507
1231 1540
1231 1618
1231 1819
1232 1428
1232 1930
1233 1370
1233 1808
1234 1919
1236 1821
1236 1828
1237 1991
1241 1364
1242 1908
1243 1413
1243 1432
1243 1682
1243 1730
1243 1734
1243 1891
1245 1835
1245 1932
1246 1626
1246 1694
1247 1641
1248 1724
1248 1951
1249 1677
1253 1962
1256 1765
1257 1287
1261 1629
1263 1735
1264 1532
1264 1647
1266 1299
1268 1466
1269 1419
1270 1586
1272 1903
1273 1890
1274 1309
1274 1412
1276 1297
1278 1401
1281 1701
1282 1333
1285 1327
1286 1980
1287 1538
1287 1673
1287 1799
1288 1711
1289 1664
1289 1767
1291 1819
1292 1447
1292 1886
1294 1390
1295 1422
1295 1579
1295 1663
1297 1421
1297 1512
1299 1948
1302 1974
1305 1423
1307 1500
1312 1831
1313 1364
1313 1613
1315 1402
1317 1715
1319 1672
1320 1404
1320 1933
1321 1483
1321 1665
1323 1369
1324 1665
1324 1916
1325 1362
1325 1779
1325 1964
1326 1932
1329 1530
1332 1610
1332 1657
1333 1771
1334 1446
1334 1462
1334 1990
1335 1622
1335 1757
1337 1422
1337 1743
1337 1881
1338 1579
1338 1903
1339 1647
1339 1682
1339 1767
1339 1893
1340 1825
1344 1780
1345 1796
1346 1473
1348 1896
1350 1407
1351 1625
1351 1970
1353 1653
1353 1973
1354 1491
1354 1652
1357 1392
1358 1930
1359 1564
1360 1535
1361 1398
1361 1436
1363 1509
1363 1786
1364 1469
1365 1400
1366 1723
1367 1873
1368 1948
1372 1604
1373 1559
1373 1957
1377 1750
1378 1866
1379 1471
1383 1393
1383 1520
1383 1945
1387 1829
1389 1986
1390 1451
1390 1701
1390 1722
1391 1493
1392 1703
1393 1456
1394 1400
1394 1779
1395 1784
1395 1941
1397 1876
1398 1582
1399 1676
1400 1467
1401 1623
1402 1693
1403 1884
1407 1906
1408 1783
1409 1481
1409 1950
1414 1774
1414 1880
1415 1729
1416 1766
1417 1951
1418 1792
1420 1482
1420 1688
1422 1827
1423 1432
1427 1821
1429 1740
1430 1768
1431 1927
1433 1556
1433 1777
1436 1586
1440 1663
1440 1694
1440 1936
1441 1527
1442 1469
1445 1507
1448 1828
1449 1755
1450 1500
1450 1875
1453 1697
1454 1565
1454 1839
1456 1517
1457 1957
1459 1998
1460 1519
1460 1906
1462 1497
1462 1808
1463 1784
1463 1797
1464 1868
1465 1738
1466 1488
1467 1491
1468 1791
1474 1513
1474 1771
1474 1860
1475 1817
1476 1991
1478 1583
1480 1761
1481 1526
1482 1607
1485 1885
1486 1750
1487 1736
1487 1827
1488 1672
1489 1992
1496 1960
1496 1987
1497 1732
1498 1546
1498 1650
1498 1766
1500 1990
1501 1639
1501 1906
1501 1927
1503 1770
1503 1991
1507 1932
1508 1936
1509 1859
1511 1982
1512 1637
1512 1996
1514 1597
1514 1610
1514 1846
1515 1901
1518 1637
1518 1774
1521 1603
1521 1699
1523 1631
1523 1787
1523 1795
1526 1880
1527 1879
1528 1619
1530 1681
1532 1659
1532 1703
1534 1553
1536 1676
1539 1836
1543 1747
1544 1709
1544 1779
1547 1574
1547 1705
1547 1974
1548 1855
1549 1595
1550 1930
1551 1619
1551 1872
1552 1777
1554 1891
1556 1636
1556 1823
1557 1656
1559 1602
1562 1958
1565 1655
1565 1814
1567 1753
1567 1843
1574 1756
1574 1959
1576 1665
1577 1584
1577 1797
1577 1890
1578 1712
1580 1735
1580 1850
1582 1713
1584 1675
1585 1862
1586 1892
1587 1622
1589 1783
1589 1938
1596 1772
1598 1702
1600 1820
1601 1963
1602 1801
1603 1680
1603 1890
1604 1969
1609 1688
1609 1702
1610 1816
1611 1712
1612 1808
1612 1813
1615 1854
1615 1901
1616 1934
1617 1624
1618 1660
1619 1863
1621 1938
1622 1957
1624 1979
1626 1775
1627 1989
1633 1741
1636 1639
1637 1846
1639 1721
1640 1909
1640 1937
1643 1929
1644 1916
1648 1845
1650 1981
1651 1706
1652 1951
1654 1796
1660 1695
1660 1787
1663 1664
1665 1755
1666 1768
1670 1873
1670 1996
1675 1774
1680 1745
1683 1738
1690 1693
1690 1841
1691 1723
1694 1724
1707 1846
1710 1803
1713 1909
1718 1788
1721 1803
1721 1871
1724 1781
1726 1962
1735 1906
1740 1844
1741 1950
1742 1780
1744 1823
1745 1909
1747 1994
1751 1802
1753 1890
1753 1901
1754 1817
1754 1902
1755 1908
1756 1757
1756 1837
1759 1936
1760 1811
1761 1865
1761 1926
1769 1863
1772 1830
1772 1934
1775 1805
1776 1967
1776 1981
1777 1925
1779 1816
1782 1794
1782 1878
1782 1989
1789 1820
1789 1919
1791 1826
1792 1808
1792 1942
1793 1893
1794 1939
1801 1891
1803 1816
1817 1924
1818 1841
1820 1903
1826 1958
1833 1925
1841 1854
1842 1925
1846 1948
1846 1952
1856 1922
1859 1897
1869 1893
1871 1888
1878 1881
1878 1913
1885 1902
1885 1949
1887 1950
1892 1902
1897 1937
1905 1972
1913 1946
1913 1954
1914 1955
1952 1970
