2000 2940
94
54
97
75
65
22
29
86
10
50
60
70
79
2
50
92
53
84
91
84
80
36
77
32
27
42
77
21
27
47
35
7
44
58
31
42
40
35
53
31
57
61
80
36
16
7
82
39
65
57
57
42
40
81
24
36
38
21
38
68
38
27
68
50
29
35
32
93
52
49
50
66
86
27
23
29
20
91
30
50
93
65
51
36
87
93
9
20
77
86
19
80
91
72
37
28
99
4
42
15
97
84
39
47
8
19
78
82
11
8
98
66
93
84
37
57
94
32
46
42
62
53
68
18
76
65
60
78
30
76
61
16
42
88
74
77
83
64
27
24
11
48
31
22
38
3
52
71
92
73
23
7
58
2
57
81
13
54
50
3
43
3
20
72
39
69
15
19
80
91
46
45
81
39
76
47
62
73
87
48
1
49
72
38
17
97
34
60
45
97
29
9
92
94
63
89
93
66
26
76
92
97
22
88
88
40
20
11
46
33
61
78
8
26
3
91
53
64
41
58
78
26
10
26
85
54
21
36
56
21
34
77
20
99
41
20
40
41
82
54
80
35
25
98
12
95
100
86
5
74
80
54
36
83
65
36
56
38
72
6
40
60
88
80
65
11
62
25
100
18
53
27
18
73
80
87
98
80
90
62
50
2
98
31
65
32
19
50
88
55
39
37
100
32
19
75
16
21
88
61
28
95
39
90
60
61
38
53
81
48
22
90
70
95
16
43
7
61
49
4
58
13
73
24
25
4
99
27
39
57
37
71
91
11
89
98
51
78
5
49
13
100
69
55
41
86
84
47
56
79
97
10
91
79
46
74
24
3
2
25
55
6
46
8
79
28
53
55
68
61
59
20
11
62
27
93
87
3
5
1
8
2
47
74
80
24
13
90
47
71
22
25
73
39
62
52
31
4
27
28
59
47
74
47
91
49
85
99
77
22
78
3
75
50
14
33
33
53
71
95
96
86
51
26
89
16
44
70
13
1
68
55
92
63
37
33
89
17
10
82
21
56
32
35
49
94
95
65
75
52
36
81
89
21
26
55
62
87
61
6
42
66
4
29
72
27
82
68
55
50
48
80
10
25
59
89
56
49
33
32
7
3
31
73
26
3
49
97
95
13
44
47
26
36
44
47
72
62
4
72
99
74
6
65
70
60
58
39
40
93
13
79
27
51
36
60
67
7
29
99
53
54
69
45
15
98
59
96
92
25
75
85
87
72
90
43
34
77
92
34
58
23
35
96
4
5
81
15
16
5
65
61
77
63
98
86
1
18
5
61
46
41
2
19
76
70
19
56
32
39
22
51
62
20
98
12
27
19
76
50
26
50
17
9
32
51
87
7
18
89
78
37
13
66
79
54
81
30
30
72
50
69
43
68
99
39
47
20
49
63
65
85
18
92
17
36
82
55
56
34
17
28
20
11
18
67
91
71
3
73
61
52
39
99
70
93
28
5
91
64
32
49
71
18
93
91
33
96
63
39
12
66
11
2
17
27
40
7
66
83
70
14
65
85
37
33
8
55
66
71
77
47
82
33
35
82
74
86
51
61
7
2
45
87
94
97
91
28
65
99
62
65
87
5
44
29
42
64
47
33
27
40
69
45
45
10
72
76
1
82
53
39
71
43
9
28
60
81
10
21
12
30
94
41
72
64
58
19
66
85
18
61
7
11
66
34
48
13
71
20
51
28
19
29
5
22
79
69
19
48
92
84
86
56
23
2
94
74
56
96
23
47
23
5
98
54
92
37
20
22
53
56
26
52
4
77
7
79
55
3
77
17
69
32
63
1
97
71
90
5
35
21
28
33
2
18
47
75
75
4
58
28
20
60
85
85
4
99
10
79
58
22
31
59
31
83
90
88
55
81
22
51
49
92
42
9
52
2
97
61
17
27
78
21
34
21
40
35
65
22
78
95
93
10
54
80
3
25
51
70
73
97
99
100
89
93
31
57
20
17
55
82
53
48
8
96
41
48
5
58
33
35
51
49
12
64
41
79
8
3
79
80
59
60
61
71
97
61
82
35
36
82
61
75
50
71
24
82
45
100
39
73
66
29
32
42
48
97
96
46
21
96
29
5
17
35
94
37
19
78
44
61
28
85
14
81
12
57
15
24
29
74
9
61
9
95
80
17
49
23
5
22
75
46
95
32
31
82
35
97
3
86
73
52
27
67
33
18
75
28
27
60
15
45
10
63
73
43
57
20
51
53
68
48
42
79
6
39
38
86
35
61
19
44
36
91
54
90
4
34
98
24
80
60
92
19
59
47
29
41
35
66
9
22
59
25
31
5
38
26
90
91
54
10
72
90
90
80
34
80
86
87
43
34
99
49
45
59
11
87
1
2
16
28
30
22
62
3
49
58
71
49
100
92
64
82
37
31
41
11
7
23
76
68
60
23
35
94
73
98
54
63
85
91
82
43
58
98
7
45
85
66
46
18
98
50
8
51
64
53
35
49
47
35
92
28
96
15
61
33
22
35
75
3
59
63
82
22
6
75
13
12
51
7
36
68
20
83
68
27
31
8
56
74
21
45
65
54
70
39
96
49
10
48
18
78
39
80
95
81
63
93
74
31
66
66
13
14
46
99
47
51
93
24
22
91
39
45
7
86
71
37
78
67
1
47
98
90
34
44
40
71
22
53
93
5
92
61
92
43
33
70
94
77
100
64
79
67
61
20
38
37
11
26
5
49
73
14
81
94
30
45
78
3
29
36
53
79
17
95
39
67
88
20
67
35
83
10
77
4
1
56
94
27
98
1
17
8
4
65
88
35
7
22
57
78
55
13
97
84
38
75
66
48
57
100
19
83
94
98
85
24
32
61
64
12
12
49
31
58
3
80
51
2
18
26
100
51
78
73
15
65
89
34
11
46
93
12
47
26
66
30
17
66
30
95
84
71
33
22
7
93
38
30
89
13
73
81
31
69
26
10
6
93
21
52
43
40
59
83
96
64
16
72
97
56
69
69
14
47
26
4
54
84
4
52
68
18
24
24
28
10
2
70
31
9
13
10
34
66
87
31
98
35
40
55
13
98
22
83
8
93
71
97
81
35
74
96
96
2
15
53
98
80
63
86
83
92
17
32
68
1
17
51
7
64
99
85
8
59
1
24
75
76
77
30
35
37
39
36
57
44
37
92
28
67
40
88
67
56
37
71
73
44
46
7
59
62
15
42
81
4
4
90
78
40
6
18
74
7
62
11
21
90
54
13
68
61
17
55
98
92
71
8
94
48
83
38
23
21
63
74
49
2
91
15
73
37
45
84
6
11
31
41
2
30
54
17
56
89
76
86
29
43
84
92
37
4
37
11
45
54
94
73
55
67
82
74
83
16
67
27
100
24
53
15
37
69
47
81
1
33
100
55
47
71
17
91
45
85
3
68
52
37
83
4
98
79
43
33
45
46
12
52
57
61
69
29
93
34
6
21
60
45
3
81
54
2
64
82
91
82
44
85
45
34
89
59
40
49
70
18
65
66
88
84
7
1
47
41
59
56
85
45
55
45
50
48
61
94
84
65
58
49
53
92
91
78
54
20
19
81
98
59
75
35
41
68
39
15
9
21
78
28
75
92
91
84
66
36
43
78
70
37
9
63
65
1
76
71
49
8
52
80
80
56
12
49
77
77
40
4
83
50
81
47
89
18
81
42
20
28
73
6
24
41
3
51
16
39
48
54
12
7
9
32
32
69
77
1
62
15
92
56
61
19
48
18
79
83
12
67
77
96
13
46
25
71
44
91
39
38
90
72
39
79
23
61
25
52
87
41
91
42
52
60
57
68
47
45
49
91
35
69
29
53
85
42
70
62
33
68
8
65
61
11
72
51
74
43
48
82
62
5
54
24
5
76
49
69
67
10
21
83
95
1
8
59
69
54
32
77
7
83
59
11
51
16
22
39
67
96
90
19
55
36
10
74
26
6
16
86
51
27
82
46
37
87
86
13
27
21
24
96
57
42
62
49
43
29
86
80
79
52
94
32
48
53
57
59
10
27
86
64
50
16
65
31
70
61
15
92
48
15
83
2
75
18
42
14
45
64
15
83
85
86
67
26
87
33
49
54
94
23
93
3
74
37
38
99
15
64
62
82
80
53
15
8
74
78
68
3
10
83
79
4
77
27
8
44
34
51
52
75
4
98
95
20
96
75
4
65
93
98
33
47
15
16
70
67
32
39
58
14
11
47
97
50
37
87
37
90
74
19
26
37
87
89
31
68
78
92
82
71
79
73
96
38
49
41
75
100
34
36
30
61
44
68
63
64
39
13
25
59
98
19
95
26
8
33
8
56
50
79
57
36
10
2
47
30
8
33
21
40
7
96
66
99
88
33
89
21
18
44
9
10
85
11
18
79
60
50
36
42
29
1
75
58
18
9
22
11
17
49
84
43
12
32
19
85
86
59
16
75
37
50
2
40
53
3
91
68
26
75
1
41
57
98
9
45
59
30
21
60
30
48
78
37
55
42
45
67
67
15
77
13
79
12
60
38
6
56
5
29
53
39
71
71
84
2
99
35
44
30
21
41
59
94
71
9
0 703
1 103
1 128
1 534
1 1117
1 1412
1 1771
2 21
2 686
2 724
2 1631
3 52
3 368
3 564
3 973
4 1659
5 448
5 1994
6 565
6 1461
6 1613
6 1683
8 598
8 871
8 901
8 1763
9 366
9 383
9 445
9 1182
9 1830
10 55
10 375
10 809
11 210
12 1010
12 1397
13 80
13 1444
14 916
14 937
14 1275
14 1325
14 1729
15 68
15 1511
16 994
16 1227
16 1978
17 71
17 389
17 926
18 1083
18 1585
19 120
19 867
20 44
20 780
20 1571
20 1582
21 1262
21 1602
22 1210
23 267
23 1270
23 1550
23 1619
24 1261
24 1582
25 367
26 195
26 290
26 1376
26 1461
27 30
27 588
27 896
27 1877
28 221
28 370
28 697
29 807
29 834
29 1191
29 1525
30 256
30 1088
30 1191
30 1214
31 1082
31 1268
31 1329
31 1615
31 1642
32 167
32 287
32 890
33 37
33 241
33 435
33 1149
33 1362
33 1492
33 1507
34 612
34 684
34 789
35 313
35 329
35 678
35 1221
36 1662
36 1756
37 170
37 688
37 1379
38 483
38 1026
38 1628
38 1671
39 1708
39 1979
40 217
40 1573
40 1759
41 242
41 1080
42 56
42 188
42 426
42 1244
42 1588
42 1835
43 617
43 1110
43 1691
43 1844
44 950
44 1223
45 1790
45 1801
46 139
46 328
46 500
46 997
47 1378
47 1679
48 514
48 597
48 1560
48 1691
48 1762
48 1834
48 1911
48 1979
49 373
50 220
51 786
51 885
51 1690
51 1838
52 151
52 945
52 1294
52 1335
52 1963
53 1133
53 1283
54 101
54 1493
55 1842
56 1352
57 993
57 1162
57 1736
57 1892
58 134
58 327
59 611
59 1011
60 209
60 800
60 914
60 1029
60 1583
60 1942
61 659
61 821
61 1464
61 1631
62 225
62 425
63 1404
64 834
64 1345
64 1358
64 1581
65 105
65 325
65 396
65 1224
65 1229
65 1263
65 1458
65 1753
66 143
66 746
66 1091
66 1101
66 1834
67 1048
67 1495
67 1646
67 1855
67 1912
69 1709
70 394
70 587
70 807
70 824
70 1304
70 1540
71 474
71 1004
72 170
72 755
72 1108
72 1141
73 1736
73 1817
74 207
74 288
74 758
74 1764
74 1865
75 922
75 1172
75 1427
75 1581
76 952
76 1214
76 1303
76 1810
77 627
77 678
77 1235
77 1673
78 1144
79 1354
79 1632
79 1757
80 1188
81 1089
81 1190
81 1650
81 1881
82 158
82 1308
82 1338
82 1495
83 455
83 464
83 966
83 1362
84 715
84 1107
84 1457
85 972
85 1600
86 402
86 1209
87 106
87 485
87 1506
87 1635
88 519
88 532
88 858
88 1522
88 1662
88 1938
89 359
89 653
89 788
89 831
89 1997
90 505
90 955
90 1484
91 1109
91 1295
92 825
92 1715
92 1934
93 972
93 1329
93 1515
94 110
94 641
94 1038
95 235
95 1325
96 599
96 985
96 1077
96 1448
96 1457
96 1683
97 255
97 1024
97 1718
98 175
98 390
98 533
98 1952
99 793
99 1762
100 1267
101 731
101 784
101 804
101 1228
101 1484
101 1658
102 138
102 993
102 1754
102 1789
102 1925
103 614
103 641
104 925
104 1548
105 874
105 924
105 1194
105 1964
106 1092
107 444
107 885
107 1021
107 1325
108 1477
108 1708
109 385
109 557
110 247
110 254
110 355
110 789
111 167
111 398
111 648
111 849
111 1345
112 184
112 318
112 1143
113 535
114 122
114 957
115 329
115 1914
116 763
116 1137
116 1519
116 1658
116 1778
116 1938
117 1684
118 428
118 900
118 1053
118 1500
119 1931
120 976
121 477
121 1222
121 1539
122 182
122 1119
122 1250
122 1909
123 730
123 833
123 1375
123 1914
124 699
124 711
124 1685
125 457
125 1643
126 149
126 599
126 1803
126 1840
127 369
127 1066
127 1519
127 1790
127 1928
128 873
128 1569
128 1663
128 1785
129 445
129 629
130 501
131 439
131 1115
131 1975
132 1911
133 1717
134 320
134 376
134 902
134 1224
134 1250
134 1438
134 1954
135 639
135 1386
135 1547
135 1798
136 474
136 932
136 1202
136 1342
137 814
137 872
137 1156
137 1295
138 397
139 705
139 717
139 745
143 484
143 702
144 1814
145 540
145 1839
146 699
146 985
146 1592
147 267
148 465
148 846
149 243
149 494
149 828
149 1708
150 1023
151 1080
151 1125
151 1745
151 1885
153 1097
153 1718
154 237
154 263
154 553
154 756
154 1413
154 1955
154 1980
155 287
155 425
155 1659
156 1149
156 1328
156 1715
158 430
158 736
158 1247
158 1621
158 1671
159 400
159 1278
159 1284
160 772
160 1805
160 1966
161 268
161 1212
162 211
162 413
162 930
162 969
162 1980
163 644
164 598
164 1049
164 1593
164 1719
165 390
165 450
165 1822
166 947
166 1021
166 1722
166 1971
167 212
167 315
167 363
167 407
167 1281
168 578
168 1614
168 1738
169 793
169 830
169 1667
169 1917
170 928
170 1956
171 1153
171 1175
171 1994
172 213
172 741
172 769
172 812
172 1375
172 1894
173 1040
173 1187
174 429
174 1070
174 1253
175 638
175 1302
176 1251
176 1447
176 1601
177 210
178 193
178 815
178 1956
179 1173
180 351
180 1038
180 1822
181 244
181 1660
182 1110
182 1686
182 1793
183 1624
185 1683
186 600
186 606
186 929
187 780
187 834
187 1708
188 287
188 414
188 523
188 759
188 883
188 1511
189 747
189 982
189 1328
191 430
191 472
191 530
191 1455
191 1825
192 1253
192 1817
192 1907
193 400
193 665
193 795
193 827
193 921
193 1346
193 1832
194 524
194 987
194 1251
194 1455
194 1878
195 706
195 857
195 1219
195 1372
195 1859
196 1826
196 1943
197 603
197 872
197 1260
197 1573
198 201
198 206
198 503
198 1065
198 1645
198 1800
200 1151
200 1243
201 352
201 1437
201 1746
202 435
202 1896
203 376
205 435
205 1258
206 1281
206 1917
207 774
207 1535
207 1936
208 604
208 1136
208 1255
209 457
209 655
209 854
209 1657
209 1836
210 323
210 931
210 1034
210 1592
211 329
211 1585
212 958
212 1556
212 1664
213 1794
214 956
214 1417
215 772
215 800
216 1149
216 1325
216 1418
216 1800
217 692
217 717
217 720
217 795
218 276
218 1262
219 474
219 1080
219 1535
220 1219
222 373
222 435
222 646
222 1061
222 1555
223 225
223 348
223 554
223 660
223 1568
224 373
224 446
224 536
225 386
225 716
225 1562
225 1691
225 1941
226 295
227 406
227 591
227 1658
229 834
229 1714
230 322
230 418
230 563
232 309
232 981
232 1311
232 1673
233 584
233 904
233 963
233 1465
233 1825
234 270
234 369
234 1389
234 1760
234 1857
235 1633
235 1721
236 1792
237 1985
238 1004
239 690
239 757
239 1199
241 265
241 677
241 1534
242 481
242 1798
242 1824
243 840
244 783
244 794
244 1570
245 465
245 689
245 1231
245 1430
245 1676
246 707
246 870
246 1280
246 1329
246 1608
246 1719
247 460
247 984
247 1550
247 1637
247 1774
248 448
248 957
249 596
250 298
250 639
250 1034
250 1444
250 1514
250 1789
251 349
251 453
251 470
251 690
251 1125
251 1666
251 1808
252 1062
252 1191
252 1523
252 1653
252 1866
253 508
253 793
253 1087
253 1646
253 1831
254 392
254 888
254 1844
255 1712
256 449
256 1837
257 602
257 1153
257 1372
257 1988
257 1995
258 1022
258 1784
258 1850
259 478
259 548
259 790
259 979
259 1140
259 1895
260 815
260 955
260 1746
261 1046
262 616
262 690
263 309
263 622
263 1244
263 1586
264 772
264 947
265 544
266 272
266 701
266 1347
268 962
270 592
270 868
270 896
270 1389
270 1406
270 1590
270 1653
271 718
272 352
272 874
272 911
272 1058
273 711
273 1979
274 1373
274 1646
274 1691
275 645
275 1575
275 1759
276 559
276 1797
277 1245
278 1815
278 1999
279 811
279 1286
280 642
280 995
280 1386
280 1541
280 1799
280 1919
281 921
281 1741
282 770
283 1040
283 1381
283 1793
284 768
284 1206
284 1965
285 852
285 1472
285 1989
286 338
286 1719
287 635
287 731
287 848
287 1904
287 1977
288 1275
288 1697
289 309
289 344
289 358
289 837
290 489
290 1448
290 1748
291 315
291 1643
293 585
293 882
293 1360
293 1975
294 885
294 958
294 1754
294 1780
294 1789
294 1932
294 1951
295 1041
296 652
296 713
296 719
296 798
297 456
297 1185
297 1776
297 1924
298 845
298 1146
298 1370
298 1807
299 511
299 681
299 1377
299 1477
299 1659
299 1807
300 709
300 1138
300 1452
301 1520
301 1562
301 1619
302 756
303 702
303 1137
304 818
304 1346
304 1408
304 1650
304 1818
304 1863
305 1119
305 1424
305 1923
306 629
307 1079
307 1133
307 1484
308 1131
308 1644
308 1988
309 472
309 691
309 1622
309 1855
310 384
310 1071
310 1630
312 338
312 388
312 1623
313 477
313 615
313 753
314 580
314 822
314 1347
315 484
315 884
315 1407
315 1482
315 1802
316 693
316 1562
317 1230
317 1648
317 1811
318 1421
318 1562
319 688
319 862
319 1573
320 1135
321 1631
323 389
323 1008
323 1158
323 1685
323 1708
324 1132
324 1440
324 1789
325 1110
326 421
326 1211
326 1473
326 1882
327 584
327 683
327 1406
328 1225
328 1262
329 800
329 910
329 1072
329 1339
330 1754
330 1926
331 1365
331 1959
333 411
333 1752
334 754
334 1059
334 1857
335 1617
336 862
337 524
337 802
337 1341
337 1398
337 1994
338 875
338 995
338 1446
338 1452
338 1629
339 779
340 851
341 817
341 1443
342 383
343 570
343 584
343 1259
344 820
345 428
345 732
345 832
346 1801
347 1651
348 655
348 721
348 1094
348 1431
348 1439
348 1459
348 1609
348 1727
348 1912
348 1948
349 846
349 1712
349 1753
350 479
351 918
351 1295
352 934
352 1191
353 529
353 802
353 1398
353 1451
353 1489
353 1613
353 1767
354 631
354 760
355 547
355 565
355 776
355 897
356 672
356 955
356 1293
356 1379
357 629
359 487
359 1781
360 714
360 827
361 1609
362 1187
362 1687
363 1408
363 1494
364 758
364 1752
364 1853
365 494
365 1066
365 1730
365 1754
366 615
366 1800
366 1803
367 551
367 1050
367 1385
367 1906
368 890
368 980
368 1993
369 1713
370 1532
371 881
371 1052
371 1645
371 1864
372 827
372 1022
372 1552
373 378
373 1281
374 1065
374 1380
374 1410
374 1524
374 1759
374 1999
375 390
375 667
377 891
378 1168
379 1296
379 1436
379 1849
380 443
380 767
380 1434
381 1563
381 1665
381 1970
382 473
382 787
382 915
382 957
382 1296
382 1846
383 1740
384 882
384 982
384 1036
384 1616
385 1012
385 1542
386 577
386 843
386 1056
387 718
387 1005
387 1588
388 1385
388 1424
389 449
389 845
389 1086
389 1983
390 642
390 1094
390 1769
391 1054
391 1105
391 1208
391 1485
391 1799
392 1392
392 1943
393 1034
393 1368
394 758
394 1001
394 1200
394 1574
395 547
395 1166
395 1417
395 1967
396 1522
396 1762
396 1893
396 1986
397 772
398 618
398 1669
399 475
401 715
402 548
404 595
404 856
406 1990
407 1237
407 1747
407 1765
408 786
408 1057
408 1535
408 1798
408 1890
409 1677
409 1727
409 1783
410 1785
411 492
411 632
412 1561
413 719
413 862
413 1012
413 1358
413 1414
414 1041
414 1335
414 1356
414 1628
416 1273
417 1126
418 1913
418 1934
418 1964
419 1192
419 1712
419 1797
420 1832
421 1058
422 1549
422 1666
423 1736
425 605
425 1616
426 1325
427 487
427 710
427 1154
427 1864
427 1989
428 1574
429 633
429 910
429 1563
430 1411
430 1517
430 1573
430 1606
431 913
431 994
431 1114
431 1173
431 1610
432 663
433 913
434 1951
435 564
436 443
436 934
436 1296
436 1423
437 1121
437 1149
437 1197
438 773
438 1161
438 1204
438 1638
438 1803
439 1119
439 1667
439 1683
440 1958
441 529
441 1848
442 810
442 836
442 948
442 1089
443 1604
443 1712
444 894
444 1651
445 1521
446 1770
447 1956
448 1162
448 1576
448 1592
449 556
449 1458
450 580
450 889
450 960
450 1589
450 1703
451 740
451 1062
451 1923
452 976
452 1000
453 1582
454 464
454 471
456 1184
456 1720
456 1888
457 509
457 977
457 1623
458 584
458 747
458 1016
458 1278
458 1667
459 663
460 1710
460 1897
461 469
461 760
461 1356
461 1948
462 1575
463 516
463 594
463 882
463 890
463 1420
464 851
464 1052
464 1788
467 743
467 1174
467 1288
467 1693
468 720
468 925
468 1384
468 1851
469 647
469 1440
469 1943
470 992
471 562
472 1346
473 1671
474 984
474 1044
474 1845
475 1138
475 1975
476 1098
476 1277
476 1381
476 1687
477 626
477 751
477 894
477 1236
477 1290
478 493
478 712
478 1264
478 1942
479 823
479 1044
479 1714
480 551
480 1142
481 1130
481 1209
481 1633
481 1990
482 1257
482 1589
483 645
484 1484
486 1872
487 651
487 1209
489 1205
489 1212
489 1216
489 1278
489 1944
490 1565
492 1419
493 1005
493 1314
494 1797
495 1284
496 1610
497 1882
499 1022
500 538
500 603
500 1051
500 1555
501 1059
501 1433
502 602
503 892
504 1496
504 1953
506 1686
506 1833
507 1027
507 1572
507 1677
508 530
508 861
508 1103
508 1260
508 1404
508 1642
508 1719
509 763
509 1770
509 1860
510 517
510 555
510 1278
510 1797
512 764
513 986
513 1105
513 1423
513 1583
514 1256
514 1858
515 1079
515 1313
515 1646
515 1898
516 920
516 1485
519 1989
522 692
522 798
522 1271
522 1778
523 1007
523 1357
524 681
524 1383
525 695
525 906
525 1111
526 1885
526 1987
527 700
527 1921
529 989
530 1234
530 1951
531 1624
532 783
532 1475
533 964
534 655
534 1015
534 1677
534 1831
535 1013
536 646
536 971
536 1692
538 1437
539 703
539 1736
540 571
540 1123
540 1353
540 1816
540 1854
541 1019
541 1709
542 726
542 797
542 835
542 1392
542 1782
543 1519
543 1851
544 1349
544 1361
544 1462
545 1093
546 1513
547 727
548 766
548 996
548 1386
548 1639
549 1011
549 1265
550 1632
551 1382
551 1947
552 556
552 757
552 801
552 998
552 1188
553 1163
553 1287
553 1862
554 933
555 1393
556 832
557 1616
557 1980
558 597
558 1444
559 1414
559 1596
560 838
560 922
560 1611
561 633
561 1497
562 602
564 1404
564 1574
567 1251
567 1259
568 573
568 960
568 1175
568 1191
568 1582
569 673
569 1082
569 1112
569 1306
569 1683
569 1835
570 969
571 1064
572 1045
572 1381
573 841
573 1883
574 1253
574 1729
575 969
575 1490
576 1661
577 584
577 987
577 1922
578 693
580 1819
580 1853
581 962
581 1469
582 1424
582 1990
584 992
584 1088
585 756
585 1269
585 1302
585 1548
585 1818
586 701
586 1757
587 1048
587 1087
587 1934
588 741
589 727
590 1531
591 1757
592 839
592 1277
592 1364
592 1689
593 1623
594 596
594 1527
594 1978
595 1180
595 1256
595 1934
596 1346
597 864
597 1628
598 836
598 1462
598 1935
599 1003
600 1020
600 1131
601 1233
602 878
602 896
602 1509
602 1847
603 1985
604 1206
604 1559
604 1620
604 1746
605 1392
605 1674
606 1967
607 1909
607 1948
609 1372
610 1101
611 1337
612 881
612 1332
613 845
615 1199
616 776
616 1675
617 1810
617 1965
619 623
619 682
619 996
621 1035
621 1080
622 731
622 909
622 940
624 1017
624 1056
625 1175
625 1826
625 1985
626 1130
626 1224
627 1249
627 1277
627 1312
627 1517
628 857
628 1277
629 735
629 905
629 1548
629 1691
629 1920
631 977
631 1240
632 938
632 1100
632 1120
632 1322
632 1861
633 886
633 992
634 676
634 1976
635 1607
636 1171
637 1043
638 1074
638 1206
639 645
639 1140
640 1224
640 1231
641 1469
641 1544
641 1711
642 1297
642 1922
643 726
644 1243
644 1359
645 662
645 1154
646 1847
647 1778
648 763
648 992
648 1815
649 1724
650 691
650 852
651 666
651 1157
651 1240
651 1567
652 985
652 1127
652 1664
652 1984
653 1857
654 1014
654 1054
655 1121
656 1847
657 1407
658 858
659 1918
660 1955
661 1520
663 1338
663 1369
663 1459
664 1642
664 1963
665 718
665 1912
666 1854
666 1966
667 1868
668 894
669 981
669 1779
670 1750
670 1803
671 817
671 1717
672 844
672 1783
673 1680
674 919
674 1263
674 1565
675 874
675 967
675 969
675 1117
675 1867
676 962
676 1086
676 1128
676 1407
676 1604
676 1738
677 1557
678 872
679 1048
679 1125
679 1394
679 1859
681 837
681 1191
681 1661
681 1712
682 1033
682 1947
683 1087
683 1673
684 1174
684 1360
685 712
685 1181
685 1233
685 1317
685 1416
685 1782
686 1767
687 726
687 953
687 1613
688 1368
688 1580
689 1286
689 1660
690 957
690 1474
690 1653
691 1295
691 1304
691 1546
692 1910
692 1994
693 1312
693 1765
694 1267
694 1563
694 1670
694 1722
695 707
695 1243
695 1955
697 1377
697 1706
698 776
698 817
698 1372
698 1492
698 1554
698 1854
699 787
699 828
700 1958
701 949
701 1027
701 1541
701 1678
702 793
702 1415
702 1981
703 795
703 1704
705 769
705 1532
705 1619
706 739
706 1971
707 814
707 983
707 1006
708 1197
709 1016
709 1226
711 1420
712 861
713 1115
713 1452
714 763
714 1368
714 1906
715 799
715 839
716 1572
716 1908
717 1305
718 935
718 981
718 1016
718 1862
719 1027
720 790
720 1504
720 1693
722 1101
722 1137
722 1193
722 1393
722 1886
724 878
724 1702
725 844
725 1909
727 1257
727 1854
728 1358
728 1441
728 1968
729 799
729 1608
731 1173
732 853
732 1256
732 1673
732 1844
733 1215
734 840
734 1080
734 1129
734 1621
735 788
735 1507
736 1372
736 1751
736 1874
738 814
738 1643
739 799
740 1107
740 1708
741 872
741 1308
741 1848
741 1965
742 839
742 1290
742 1547
742 1809
743 1266
744 1470
744 1928
744 1953
745 974
745 992
747 1320
747 1435
748 844
748 956
749 836
749 970
750 1839
750 1866
751 830
751 1382
751 1949
752 1061
752 1643
752 1768
753 1850
753 1892
754 766
754 1229
754 1950
755 858
755 1738
756 955
756 1284
756 1537
757 1180
757 1391
757 1943
758 1214
758 1390
759 1862
760 880
760 1603
760 1803
761 1028
762 1601
762 1788
763 812
763 1099
763 1129
764 1639
764 1818
764 1838
765 1095
765 1677
765 1907
767 858
767 1506
767 1743
768 1613
769 1025
769 1660
770 813
770 1419
770 1436
771 1481
771 1938
772 1166
772 1387
772 1700
773 1047
773 1440
773 1498
774 1042
774 1663
775 1173
777 902
778 1019
778 1166
778 1400
778 1778
778 1790
779 1627
779 1861
781 1619
783 849
783 1304
785 1263
786 807
786 1428
788 1509
788 1582
788 1778
789 1154
790 1106
790 1240
792 1089
792 1100
792 1401
792 1838
794 1025
795 881
795 918
795 1022
795 1284
795 1638
796 909
796 1438
796 1826
796 1908
798 1352
799 1355
800 895
800 995
800 1622
800 1635
801 1425
801 1718
802 1071
802 1579
803 1689
804 1727
804 1779
805 1608
805 1930
808 835
808 1041
809 1454
809 1750
810 1098
810 1626
811 1048
811 1215
813 1006
813 1071
813 1552
813 1631
814 817
814 908
815 940
815 1168
815 1402
816 1299
816 1309
817 918
817 1986
818 1240
819 959
819 1915
820 1155
820 1374
820 1744
821 1728
822 1963
823 1583
824 937
824 1025
824 1255
825 1363
826 859
827 1715
828 878
829 1233
829 1724
830 917
830 1684
833 1005
833 1985
834 1411
835 1517
836 1574
837 1120
837 1218
837 1558
839 1106
839 1427
840 1258
841 1286
842 941
842 1054
842 1072
844 1388
844 1912
845 1385
846 1149
847 1410
847 1483
849 1298
849 1618
849 1705
849 1962
850 1556
851 921
851 1204
851 1487
851 1842
852 1080
852 1828
852 1854
853 1513
854 885
854 888
854 1505
856 1157
856 1360
857 1181
858 962
858 1081
859 1064
859 1449
860 1754
861 1111
861 1198
861 1956
862 1769
863 1608
863 1688
864 1140
865 1425
866 1203
866 1612
866 1643
867 1179
868 1182
868 1260
869 1827
870 963
871 1324
871 1400
871 1712
871 1789
872 1172
872 1273
872 1780
873 1115
873 1150
874 1309
875 1136
875 1371
875 1497
875 1886
876 1849
877 1468
877 1711
877 1713
878 1318
878 1606
879 1519
880 1027
881 1236
881 1807
882 1980
885 1442
885 1505
886 1341
887 1488
887 1660
889 1993
890 1229
891 921
892 957
892 992
892 1485
892 1505
892 1764
893 1131
893 1144
894 1751
894 1990
896 1511
898 1259
898 1326
899 1537
899 1732
900 904
901 1210
901 1395
901 1407
901 1551
901 1657
902 1703
902 1971
903 1109
904 1682
906 1254
906 1432
906 1803
906 1809
908 981
908 1601
909 1461
910 1970
911 1913
912 1301
912 1319
913 1364
914 1232
914 1430
914 1527
915 982
915 1092
917 1269
917 1866
918 1097
918 1134
918 1800
919 1429
920 1596
921 1189
921 1197
921 1201
921 1327
922 1074
923 1388
924 1548
924 1596
924 1774
925 1238
925 1505
926 1126
926 1655
927 1365
927 1503
927 1574
927 1950
927 1995
928 1836
929 1392
931 1380
931 1415
931 1877
932 1046
932 1085
934 979
934 1174
934 1538
934 1888
935 1088
935 1541
938 1663
939 1152
939 1351
940 1708
942 1049
944 1849
945 1248
945 1506
945 1815
946 1771
948 981
948 1774
950 1586
950 1911
951 1694
952 1401
952 1431
954 1259
954 1297
954 1899
955 1120
955 1966
956 1037
956 1103
956 1115
956 1175
956 1854
957 1531
957 1795
958 1055
959 1258
960 1604
961 1596
961 1869
962 1219
963 1023
964 1491
965 1069
965 1119
966 1185
966 1542
967 1888
967 1914
971 1310
971 1524
971 1901
973 1386
973 1613
973 1845
974 1129
974 1317
975 1481
975 1709
975 1945
976 1116
976 1281
976 1327
977 1032
979 1406
980 1445
981 993
981 1081
981 1210
981 1712
983 1210
984 1500
985 1167
986 1781
987 1305
987 1586
987 1923
988 1304
988 1359
988 1553
988 1797
990 1025
990 1409
990 1749
991 1090
991 1420
992 1592
992 1704
992 1744
993 1275
993 1813
994 1375
994 1455
995 1164
995 1742
995 1967
996 1123
996 1262
997 1350
998 1399
999 1523
1000 1317
1000 1636
1000 1836
1001 1044
1001 1949
1003 1233
1004 1712
1006 1104
1006 1438
1006 1736
1008 1558
1009 1715
1010 1407
1010 1673
1010 1844
1011 1367
1013 1228
1013 1600
1015 1058
1015 1216
1015 1558
1016 1507
1016 1719
1017 1240
1017 1444
1018 1728
1019 1087
1020 1462
1020 1465
1021 1053
1023 1419
1024 1502
1024 1724
1025 1939
1026 1503
1026 1561
1027 1321
1027 1970
1028 1106
1030 1289
1030 1292
1031 1632
1033 1257
1034 1834
1036 1196
1036 1478
1038 1059
1038 1279
1038 1520
1039 1556
1039 1840
1040 1318
1040 1687
1041 1951
1042 1684
1043 1851
1044 1932
1045 1675
1047 1082
1048 1076
1048 1383
1049 1114
1049 1929
1050 1072
1051 1408
1052 1173
1053 1394
1053 1489
1053 1687
1054 1649
1054 1758
1055 1278
1055 1321
1055 1339
1055 1546
1055 1645
1057 1782
1059 1714
1060 1129
1061 1231
1061 1792
1062 1218
1062 1425
1062 1572
1063 1321
1064 1443
1066 1399
1066 1934
1067 1482
1068 1989
1069 1168
1069 1299
1069 1778
1070 1391
1071 1218
1071 1817
1072 1625
1075 1164
1076 1418
1078 1212
1079 1246
1079 1264
1079 1670
1079 1878
1081 1127
1082 1384
1083 1357
1083 1584
1091 1703
1092 1251
1093 1228
1096 1875
1098 1175
1098 1232
1099 1283
1099 1623
1100 1475
1100 1906
1101 1256
1102 1648
1102 1731
1104 1115
1105 1216
1105 1362
1107 1296
1110 1770
1111 1264
1111 1555
1112 1940
1112 1980
1113 1423
1113 1432
1113 1621
1114 1507
1114 1749
1115 1933
1116 1428
1119 1717
1120 1451
1120 1752
1120 1802
1121 1569
1121 1798
1123 1209
1123 1671
1123 1979
1124 1299
1124 1363
1124 1715
1124 1773
1126 1529
1127 1668
1127 1685
1127 1860
1131 1268
1131 1303
1131 1770
1131 1785
1134 1336
1135 1784
1137 1599
1137 1705
1137 1882
1137 1884
1138 1748
1139 1262
1139 1498
1140 1544
1142 1233
1142 1549
1143 1577
1145 1178
1146 1661
1146 1878
1146 1910
1146 1916
1150 1384
1150 1936
1151 1635
1151 1838
1153 1888
1155 1301
1156 1186
1156 1522
1157 1375
1157 1448
1159 1698
1159 1860
1160 1406
1160 1680
1161 1877
1161 1928
1161 1971
1163 1214
1164 1505
1167 1943
1168 1268
1168 1918
1169 1590
1170 1253
1170 1659
1171 1207
1173 1428
1174 1831
1176 1330
1177 1473
1177 1773
1177 1849
1180 1246
1181 1431
1181 1558
1181 1586
1181 1875
1184 1275
1184 1438
1185 1571
1189 1258
1189 1531
1191 1930
1192 1362
1193 1411
1193 1794
1194 1486
1194 1739
1195 1709
1195 1919
1197 1348
1197 1627
1197 1943
1199 1606
1199 1911
1200 1537
1201 1211
1203 1408
1203 1895
1207 1687
1208 1488
1208 1659
1211 1930
1212 1523
1212 1824
1214 1638
1220 1549
1223 1622
1223 1885
1226 1303
1229 1328
1229 1891
1231 1309
1232 1620
1232 1679
1234 1966
1236 1585
1236 1795
1239 1925
1239 1965
1240 1877
1241 1314
1241 1530
1241 1622
1241 1633
1242 1625
1244 1699
1245 1344
1245 1370
1245 1713
1248 1733
1248 1891
1249 1533
1250 1448
1250 1933
1251 1318
1254 1483
1254 1785
1255 1367
1255 1698
1257 1809
1259 1261
1259 1592
1259 1972
1263 1675
1264 1530
1265 1575
1265 1792
1266 1679
1267 1335
1271 1748
1272 1375
1273 1565
1276 1309
1276 1735
1277 1412
1279 1610
1280 1965
1281 1424
1281 1591
1281 1885
1282 1381
1282 1573
1282 1608
1282 1684
1283 1529
1283 1574
1283 1968
1286 1771
1286 1898
1287 1528
1287 1584
1288 1831
1288 1978
1289 1378
1289 1721
1289 1803
1291 1316
1291 1577
1292 1458
1293 1434
1295 1349
1296 1643
1298 1985
1299 1657
1301 1647
1302 1318
1302 1678
1302 1874
1304 1886
1305 1409
1305 1552
1305 1854
1306 1992
1308 1341
1308 1378
1308 1583
1308 1924
1310 1480
1310 1604
1310 1936
1311 1615
1311 1744
1313 1773
1315 1562
1317 1354
1317 1402
1317 1988
1319 1430
1319 1817
1320 1668
1320 1782
1321 1845
1323 1765
1324 1382
1324 1750
1327 1987
1329 1368
1329 1389
1334 1412
1334 1466
1334 1638
1335 1845
1335 1911
1336 1637
1336 1927
1337 1739
1337 1917
1342 1666
1345 1470
1347 1414
1347 1934
1348 1609
1348 1814
1349 1530
1349 1672
1349 1901
1350 1693
1351 1438
1351 1863
1351 1917
1354 1365
1355 1654
1355 1820
1356 1452
1356 1709
1357 1401
1361 1655
1361 1845
1362 1550
1363 1711
1364 1872
1364 1932
1364 1934
1366 1911
1369 1758
1371 1872
1373 1617
1374 1676
1374 1764
1376 1726
1376 1925
1378 1676
1379 1551
1379 1839
1380 1745
1382 1598
1382 1697
1382 1844
1383 1836
1384 1416
1385 1759
1389 1446
1391 1567
1391 1662
1397 1566
1398 1458
1398 1640
1399 1700
1401 1407
1401 1655
1401 1711
1401 1952
1405 1788
1406 1844
1406 1894
1408 1925
1410 1411
1410 1503
1411 1898
1415 1502
1415 1875
1416 1937
1417 1581
1417 1736
1421 1476
1421 1780
1422 1796
1422 1880
1424 1737
1424 1958
1427 1536
1428 1736
1429 1454
1432 1458
1432 1966
1433 1546
1433 1715
1436 1750
1436 1905
1436 1990
1438 1543
1439 1912
1440 1466
1441 1639
1442 1782
1442 1900
1443 1698
1445 1491
1446 1599
1449 1605
1453 1834
1455 1951
1455 1963
1456 1735
1459 1465
1460 1754
1461 1612
1462 1472
1462 1526
1464 1520
1464 1734
1464 1939
1466 1703
1468 1748
1471 1918
1472 1880
1472 1896
1476 1633
1477 1910
1480 1868
1483 1505
1485 1925
1487 1912
1488 1492
1489 1769
1490 1693
1494 1573
1495 1829
1496 1789
1498 1893
1499 1838
1499 1844
1500 1964
1503 1897
1504 1956
1506 1648
1506 1774
1507 1991
1508 1565
1510 1719
1511 1742
1512 1751
1512 1983
1513 1543
1514 1852
1515 1556
1520 1870
1521 1611
1523 1756
1528 1746
1529 1901
1532 1944
1537 1823
1537 1881
1540 1589
1541 1770
1544 1814
1545 1578
1545 1991
1548 1774
1549 1734
1552 1838
1553 1693
1553 1716
1556 1702
1556 1817
1559 1858
1559 1871
1562 1611
1562 1651
1565 1629
1565 1850
1568 1580
1568 1783
1568 1958
1569 1877
1569 1972
1572 1687
1572 1888
1572 1901
1573 1765
1574 1589
1574 1886
1577 1710
1580 1804
1581 1616
1582 1615
1583 1974
1586 1941
1588 1882
1590 1668
1594 1740
1597 1885
1599 1678
1604 1740
1607 1995
1608 1756
1608 1999
1609 1706
1609 1896
1613 1910
1614 1899
1615 1672
1617 1899
1619 1713
1624 1720
1624 1802
1625 1729
1627 1717
1628 1896
1629 1813
1632 1716
1632 1847
1633 1826
1636 1795
1636 1925
1637 1698
1638 1883
1639 1955
1640 1698
1641 1646
1641 1797
1641 1877
1642 1980
1644 1789
1647 1906
1650 1793
1653 1847
1658 1796
1663 1717
1665 1754
1666 1766
1666 1931
1671 1794
1672 1901
1674 1746
1676 1880
1679 1847
1685 1821
1690 1898
1690 1970
1691 1828
1693 1800
1693 1983
1694 1830
1701 1826
1702 1726
1704 1956
1704 1973
1705 1877
1714 1966
1716 1867
1721 1724
1721 1786
1725 1901
1725 1921
1726 1885
1730 1779
1737 1875
1737 1949
1744 1806
1745 1843
1746 1748
1746 1871
1748 1794
1753 1815
1755 1776
1756 1776
1756 1880
1762 1907
1763 1855
1765 1908
1766 1918
1767 1848
1773 1923
1773 1991
1778 1913
1782 1844
1788 1858
1797 1955
1803 1894
1803 1995
1805 1854
1805 1870
1806 1968
1808 1819
1808 1966
1814 1977
1824 1991
1825 1969
1826 1967
1827 1888
1828 1839
1829 1935
1832 1951
1838 1987
1839 1958
1839 1998
1841 1856
1841 1913
1842 1954
1845 1989
1852 1902
1854 1907
1859 1946
1864 1994
1868 1995
1872 1943
1874 1916
1877 1940
1879 1902
1893 1916
1893 1922
1907 1924
1907 1943
1907 1958
1910 1981
1912 1981
1915 1924
1925 1948
1930 1948
1977 1984
1987 1999
