2000 3012
9
30
84
50
25
63
94
19
54
29
38
100
17
71
73
29
5
29
66
98
3
95
39
37
74
42
5
86
6
56
97
20
61
18
55
48
85
97
45
94
59
88
94
98
54
63
100
66
70
58
77
41
95
5
8
71
86
8
96
36
11
31
20
8
17
14
49
66
99
25
67
18
80
82
42
10
43
69
6
9
68
55
36
58
41
94
98
64
42
83
99
92
66
92
52
8
70
50
49
93
79
93
6
87
20
50
9
2
27
32
60
96
29
58
50
65
43
90
13
21
98
45
10
77
20
73
92
57
22
98
5
61
68
6
33
87
75
32
83
66
17
19
44
41
88
12
20
57
61
41
28
60
51
20
42
23
72
88
90
25
47
37
61
24
39
72
52
18
14
18
83
14
71
91
70
1
64
69
70
33
12
32
4
61
63
3
43
22
97
76
73
7
76
74
100
38
90
77
44
23
74
19
96
65
7
56
57
54
93
64
3
48
5
20
45
31
65
6
80
46
56
16
61
63
36
50
71
3
77
78
63
35
93
97
71
18
100
2
74
32
90
13
64
62
72
76
77
74
68
36
59
18
53
55
7
36
33
18
14
94
75
58
21
37
57
28
35
7
94
34
50
28
29
94
40
63
52
68
75
46
89
73
2
3
10
72
22
73
78
58
22
49
74
91
48
86
10
26
58
46
96
63
71
82
44
70
76
4
89
70
13
14
19
72
28
40
83
100
24
23
78
86
19
88
30
30
35
48
68
33
33
70
31
31
51
5
88
35
66
37
35
16
65
77
41
44
51
54
9
99
45
48
81
47
27
77
62
3
32
38
62
77
13
1
7
22
19
17
67
26
10
27
18
87
25
29
29
67
100
98
44
12
92
80
49
38
41
89
96
77
91
5
45
9
7
98
80
26
71
25
58
89
46
78
50
38
80
27
26
75
46
62
69
36
48
18
86
55
85
72
8
22
29
13
28
72
80
92
26
94
22
55
66
59
37
63
97
86
50
87
36
56
35
31
23
53
44
98
81
69
24
38
29
72
95
28
37
91
64
96
42
47
45
96
45
55
8
54
88
21
90
25
80
59
74
94
86
2
10
38
85
87
6
37
8
43
6
29
49
45
26
60
17
13
56
27
54
20
59
79
31
30
23
43
27
8
60
52
77
31
24
82
30
31
30
5
91
90
58
51
17
81
5
41
69
33
91
71
43
3
76
55
48
19
59
88
84
79
88
91
79
14
75
88
6
82
1
56
88
69
22
73
52
22
79
81
99
6
52
88
52
56
96
3
79
7
42
80
17
99
79
18
11
89
17
38
93
86
78
88
77
82
37
21
36
7
75
87
52
22
28
97
48
74
28
8
42
99
81
77
20
68
23
8
58
3
65
56
38
24
78
75
65
74
13
28
83
94
11
88
86
11
49
24
11
63
63
76
52
19
96
44
9
98
15
46
69
81
20
43
22
80
84
43
66
72
70
52
71
95
15
52
88
44
45
35
98
94
93
74
75
2
81
22
88
46
36
93
10
77
36
29
98
57
22
9
53
6
57
57
32
82
74
45
55
32
10
73
31
61
51
96
5
78
12
35
62
93
16
49
3
8
29
58
79
36
6
10
58
36
19
41
87
48
36
41
70
27
89
53
14
26
48
64
2
26
90
89
70
93
94
52
84
12
20
44
91
78
32
96
14
65
26
59
15
98
96
32
98
67
74
41
81
62
94
22
8
37
23
89
38
96
25
57
87
73
7
34
2
65
29
58
32
37
19
96
73
8
23
97
76
47
83
47
8
41
66
14
70
17
48
40
21
45
38
40
99
46
56
1
66
36
49
59
46
89
44
85
88
10
79
26
94
81
5
65
20
71
83
13
73
79
88
97
8
79
80
68
1
68
98
98
79
33
95
7
5
43
94
87
28
97
25
63
73
2
47
91
24
74
65
43
49
74
45
97
54
96
29
95
43
92
7
34
23
50
38
43
20
84
74
28
45
85
95
40
40
35
89
86
93
27
69
79
19
34
14
21
69
72
77
49
97
31
24
6
74
53
71
31
90
97
48
2
24
50
87
28
93
24
43
53
81
49
44
54
26
98
79
11
32
91
77
65
81
5
98
47
81
85
29
70
97
66
93
65
46
24
20
97
97
23
23
77
82
14
54
77
100
26
66
40
63
55
27
57
90
62
44
96
46
32
56
33
39
19
19
87
28
96
56
6
55
99
10
67
94
15
81
57
40
88
8
24
62
48
100
16
15
81
36
41
96
81
28
67
67
90
92
76
24
43
65
80
34
40
42
19
79
91
35
70
92
64
66
69
90
15
39
88
68
76
29
52
50
92
6
20
100
75
5
39
49
46
94
48
65
79
37
83
27
14
18
73
40
13
99
88
94
52
71
26
72
36
17
42
98
66
97
18
42
20
63
1
12
63
49
73
22
17
95
77
33
95
100
98
96
33
38
73
70
36
39
15
22
73
40
18
88
77
15
21
33
13
29
14
77
62
63
12
8
88
52
87
5
72
46
21
42
48
80
13
32
48
93
37
5
22
76
63
76
54
62
61
75
90
95
87
36
39
33
91
84
96
19
86
3
32
20
22
41
79
85
59
35
55
59
63
70
51
8
52
25
38
33
75
13
40
17
19
35
50
53
60
82
30
61
48
89
41
6
82
66
37
83
98
59
25
31
20
70
36
17
100
54
39
18
28
16
9
41
27
74
56
88
21
8
28
86
83
50
14
40
27
29
53
4
65
37
96
89
16
27
77
35
34
56
58
41
9
76
53
14
94
63
35
69
48
18
83
83
43
49
3
37
57
58
36
49
59
20
57
85
69
34
31
31
45
62
88
24
5
1
10
78
77
21
100
67
19
15
74
21
68
80
51
7
82
53
76
15
96
74
74
89
13
65
86
74
36
54
49
71
23
45
92
69
58
33
19
21
99
10
87
33
13
69
34
34
75
8
27
86
3
94
95
60
34
88
61
5
83
10
20
95
57
30
90
95
4
5
15
2
88
51
52
29
65
47
65
10
1
12
33
51
19
91
21
70
74
22
71
20
56
9
87
56
94
77
87
32
94
64
73
53
66
22
98
32
18
92
41
76
79
17
15
13
98
49
18
90
53
58
12
86
67
17
86
57
12
84
82
39
14
46
42
89
68
64
14
53
24
27
73
65
29
30
83
66
53
96
24
17
31
84
74
45
2
69
32
3
91
31
14
29
85
4
5
86
13
87
38
37
46
97
8
72
49
53
28
67
90
37
68
79
99
99
16
37
19
99
77
37
39
11
47
72
94
23
81
24
55
98
84
100
88
41
35
13
98
63
63
1
62
78
33
11
28
78
92
59
53
61
72
77
86
38
56
2
6
8
79
14
97
28
93
81
56
19
94
30
81
75
43
93
82
83
99
8
35
62
79
29
6
16
89
16
87
15
43
9
21
78
100
51
86
54
75
33
82
31
93
47
20
64
99
3
89
74
8
50
45
86
63
19
53
11
39
28
2
40
82
24
76
17
8
55
22
7
47
93
6
45
9
2
64
27
44
36
91
58
58
40
85
64
8
49
41
75
59
26
66
59
27
15
30
74
38
8
69
15
94
41
13
11
46
27
7
86
13
53
54
1
47
28
72
64
97
94
45
21
83
98
27
7
82
92
69
24
73
9
39
63
2
21
35
8
17
57
37
24
36
41
65
50
14
3
75
46
23
37
10
72
72
74
10
45
2
36
30
69
30
14
44
79
51
41
48
58
55
86
58
68
31
85
44
71
72
63
71
27
61
25
6
94
25
24
12
45
56
36
57
89
8
39
49
3
51
98
34
13
29
95
43
52
23
5
40
74
28
86
45
83
18
91
4
100
50
46
60
36
51
94
47
10
15
9
96
17
85
65
21
2
67
41
81
79
29
86
41
17
91
57
33
93
19
90
95
26
27
1
81
53
46
85
31
26
48
79
73
17
38
10
21
18
27
95
75
23
32
50
91
99
59
71
67
72
55
34
43
83
56
22
54
33
33
37
32
87
25
89
13
96
23
74
92
6
95
3
85
66
42
27
55
27
4
52
15
75
11
100
77
60
88
88
82
72
47
55
66
44
39
81
23
81
12
8
16
46
96
88
52
56
35
98
21
13
8
29
6
35
57
25
47
100
28
55
33
53
42
40
17
75
71
15
23
14
52
93
41
52
83
30
91
67
78
57
2
79
82
55
19
51
63
78
94
24
54
25
27
45
3
45
85
37
70
5
42
70
60
66
87
16
62
35
80
98
88
98
79
9
98
57
20
6
12
28
97
60
72
67
40
48
53
65
34
66
52
27
5
77
1
23
97
3
93
53
66
2
56
79
74
91
99
56
9
70
20
81
46
34
96
86
89
99
64
14
96
34
7
87
14
99
51
54
39
68
62
35
15
92
91
95
23
89
89
46
76
16
44
81
93
62
6
34
1
14
92
66
52
11
81
38
99
11
41
47
30
85
79
72
89
58
87
52
8
56
66
57
64
25
85
47
2
71
10
20
55
75
78
72
4
91
82
56
40
64
17
86
59
0 925
1 110
1 379
1 482
1 1204
1 1271
1 1453
1 1677
2 1892
3 91
3 933
3 1261
3 1265
3 1660
4 661
4 700
4 787
5 456
5 874
5 1003
6 198
7 132
7 270
7 282
7 410
7 1039
7 1402
8 291
8 316
8 1203
9 1490
9 1961
10 981
11 1832
11 1860
12 230
12 1690
13 212
13 299
13 328
13 367
13 1115
14 529
14 1120
14 1569
15 937
15 1096
15 1953
15 1980
16 1632
17 97
17 661
17 937
17 1208
18 227
18 611
18 1096
18 1105
18 1163
19 835
20 426
20 724
20 885
20 1294
20 1398
20 1765
21 173
22 1254
22 1266
22 1690
23 1232
24 752
24 970
25 452
25 454
25 700
26 259
26 647
26 1362
26 1992
27 1804
28 1602
28 1779
28 1859
28 1928
29 1330
29 1605
29 1705
29 1980
30 427
30 1036
30 1670
30 1906
32 320
32 580
32 924
32 1098
32 1575
32 1639
33 179
33 546
33 558
33 797
34 848
34 1339
36 1172
36 1876
37 1240
37 1923
37 1979
38 95
38 1054
38 1601
39 589
39 737
39 760
39 951
40 1696
40 1994
41 1632
42 95
42 1292
43 1181
43 1207
44 153
44 1142
44 1332
44 1618
46 274
46 1113
46 1437
46 1475
46 1641
47 1679
47 1842
47 1863
48 261
48 431
48 436
48 1328
49 525
49 1676
49 1953
50 68
50 1314
51 207
51 962
51 1170
51 1272
51 1609
51 1868
52 65
52 1438
52 1807
52 1844
53 291
53 716
53 1996
54 1251
54 1372
54 1696
55 268
55 642
55 789
55 1409
56 1115
56 1630
57 227
57 271
57 768
57 1018
58 123
59 309
59 538
59 1170
61 550
61 674
61 1646
61 1920
62 799
63 86
63 1030
63 1928
64 363
64 886
64 1246
65 1263
65 1385
66 371
66 1561
66 1953
67 1282
67 1873
67 1929
68 715
68 1679
69 436
69 1827
70 1523
71 97
71 1037
72 461
72 558
72 1730
73 1060
73 1278
73 1561
74 124
75 129
75 272
75 840
75 859
75 1299
75 1359
76 1350
76 1816
77 832
77 1521
78 826
78 1871
79 1144
79 1213
79 1422
79 1696
80 119
80 1460
80 1573
80 1745
81 831
82 281
82 750
83 363
83 869
84 210
84 509
84 862
85 826
85 1117
85 1344
86 680
86 1568
86 1586
87 998
87 1383
87 1979
88 1238
89 419
89 802
90 178
90 263
90 1011
90 1208
91 1358
91 1645
91 1935
92 171
92 555
92 1121
92 1218
92 1431
92 1518
93 1032
93 1089
93 1758
94 351
94 482
94 1059
95 1265
96 1015
96 1210
97 152
97 265
97 355
100 988
100 1028
100 1668
102 493
102 746
102 872
102 1002
102 1192
103 159
103 212
103 234
103 821
103 864
103 1730
105 590
106 372
106 1242
106 1771
107 1148
107 1895
108 762
108 1315
108 1544
108 1608
108 1883
109 291
109 694
109 893
110 1490
110 1852
110 1900
111 903
111 1006
112 708
112 1340
112 1872
113 1561
114 183
114 1360
114 1449
114 1882
115 1241
115 1536
115 1558
115 1899
116 1076
116 1446
116 1819
117 363
117 876
117 1436
118 153
118 156
118 394
118 419
118 654
118 1587
119 414
119 449
119 1078
119 1789
120 826
120 992
120 1582
121 352
121 1601
122 561
122 1461
122 1872
123 451
123 1995
124 146
124 165
124 200
124 1347
124 1480
125 471
125 628
125 1212
125 1392
127 1463
127 1965
128 177
128 534
129 588
129 643
129 1678
130 510
130 795
130 1305
131 1592
132 434
132 1306
132 1543
132 1806
133 529
133 749
133 843
133 1469
134 648
135 670
135 1592
136 799
136 1641
136 1777
137 809
137 1094
137 1235
137 1905
138 1385
140 1146
140 1761
140 1893
140 1912
141 280
141 1227
141 1368
141 1662
142 238
142 804
142 900
142 1878
142 1988
143 891
143 1878
144 691
144 745
144 1475
145 588
145 1899
146 446
146 1500
147 395
147 397
147 605
147 1203
147 1344
148 276
148 367
148 877
149 165
149 631
149 828
149 1713
150 916
150 1188
151 448
151 512
151 1632
152 798
152 1028
152 1127
152 1673
152 1801
153 374
153 884
153 1274
154 813
154 933
154 1212
154 1562
155 1449
156 707
156 876
156 1573
156 1957
157 231
157 258
157 653
157 942
157 1366
157 1762
158 316
158 682
158 765
158 1215
158 1526
159 687
159 1286
159 1417
159 1938
160 562
160 771
161 476
161 724
161 1916
162 1120
163 214
163 330
163 1028
163 1341
164 1922
165 325
165 819
166 708
166 1378
167 533
167 591
168 551
168 645
168 847
168 1165
168 1473
168 1931
169 658
169 742
169 889
169 1638
170 585
170 604
170 798
170 936
170 1193
171 1430
171 1781
171 1817
172 973
173 212
173 599
173 1214
173 1595
175 210
175 712
176 1476
177 265
177 1195
177 1698
178 1283
179 1308
179 1755
179 1775
180 266
180 533
180 1718
180 1865
181 798
181 849
181 1075
181 1470
181 1749
181 1893
182 680
182 1968
183 1382
183 1916
184 245
184 491
184 589
184 914
184 1195
185 1929
186 734
186 1517
186 1876
187 609
187 693
188 1131
188 1336
189 1080
189 1273
189 1406
189 1821
190 1022
190 1499
191 314
191 515
191 700
191 733
193 769
194 332
194 1968
195 1407
195 1780
196 218
196 489
196 905
196 1276
196 1686
197 477
197 1273
197 1446
197 1465
197 1579
197 1732
198 1252
198 1433
198 1490
198 1880
199 949
199 1743
200 926
200 1671
200 1700
201 513
201 542
201 1244
202 420
202 862
203 830
203 1457
203 1597
204 574
204 1128
204 1986
205 1220
206 207
206 1385
206 1698
208 233
208 1243
208 1276
208 1830
209 463
209 1175
209 1594
210 513
211 569
211 823
211 1702
212 449
212 1466
213 839
213 1865
214 630
215 612
215 1517
216 300
216 420
216 1496
216 1880
217 1264
218 1042
218 1090
218 1689
219 763
219 1811
220 1238
220 1686
220 1895
221 1201
221 1717
221 1739
221 1941
222 676
222 1783
223 931
223 1445
223 1709
223 1725
224 1065
224 1515
225 386
225 1080
225 1417
225 1474
225 1504
225 1667
226 1176
226 1468
226 1790
227 403
227 439
227 1065
227 1317
227 1776
227 1902
228 239
228 255
228 907
228 1047
228 1929
229 558
230 708
230 1322
231 541
232 1705
232 1825
233 458
233 782
234 609
234 1581
237 1024
237 1156
238 678
238 1048
238 1850
238 1977
239 858
240 1020
240 1223
240 1733
241 345
241 360
241 410
242 632
243 1512
244 1014
245 321
245 508
245 1559
245 1614
245 1741
247 397
247 627
247 715
247 794
247 1056
247 1370
247 1518
248 1662
248 1815
248 1816
248 1961
248 1991
249 339
249 541
249 1143
249 1551
249 1574
249 1905
250 416
250 551
250 1143
250 1144
250 1190
250 1442
250 1593
251 672
251 840
251 948
251 1085
251 1209
251 1968
252 1864
252 1957
252 1990
253 466
254 1850
255 1688
256 309
256 1407
256 1591
257 553
257 577
257 1539
258 730
258 1327
258 1794
258 1803
260 1372
261 1396
262 511
262 653
263 781
263 1747
264 1967
265 395
266 927
266 1724
267 671
268 783
269 721
269 921
269 1056
269 1482
269 1617
270 1541
271 548
272 295
272 400
272 1094
272 1815
272 1851
273 690
273 1187
273 1276
274 1032
275 1015
275 1766
276 540
276 1208
277 1209
277 1692
277 1893
278 1284
278 1647
279 433
279 698
279 740
279 1095
279 1491
280 878
280 1013
280 1393
280 1437
281 1164
281 1889
282 331
282 696
282 1682
283 1262
283 1407
283 1610
283 1704
284 311
284 1098
284 1263
284 1702
285 675
285 739
285 768
285 1011
285 1998
286 310
286 699
286 1523
286 1861
287 386
287 695
289 1683
290 575
290 940
290 1728
290 1923
290 1935
290 1966
291 397
291 401
291 1222
292 1090
293 379
294 1090
295 486
295 1735
297 534
297 1388
297 1742
298 825
299 343
299 486
299 849
299 1290
299 1513
300 913
300 1233
300 1833
301 821
301 1030
301 1588
302 855
302 867
302 1693
303 790
303 1220
304 1348
304 1485
304 1623
305 342
305 575
305 584
305 1355
305 1650
307 765
307 1519
307 1753
307 1967
308 614
308 1933
309 406
309 585
309 895
310 1657
311 740
311 1412
311 1534
311 1541
312 1063
312 1655
313 582
313 1416
314 682
314 1380
314 1679
315 1034
315 1176
317 553
317 670
317 953
317 1242
317 1361
318 637
318 1468
318 1987
319 1329
319 1528
319 1996
320 919
320 1716
321 466
322 1742
323 471
323 1447
323 1498
324 326
324 1038
324 1073
324 1603
324 1774
324 1842
325 497
325 615
325 1354
326 1578
328 571
329 387
329 1116
330 969
331 553
331 758
331 1114
331 1281
331 1976
332 507
332 806
332 1565
333 556
333 674
333 795
333 1928
334 504
334 723
334 1279
334 1863
335 393
335 535
335 1163
335 1329
336 1093
336 1171
336 1234
336 1293
337 718
337 746
338 1225
338 1226
338 1949
342 933
342 1017
342 1347
342 1485
343 1231
343 1372
343 1783
343 1956
344 438
344 480
344 1306
344 1376
346 487
346 1603
347 1231
348 638
348 687
349 640
349 647
349 1601
349 1995
350 621
350 1486
350 1754
350 1935
351 500
351 812
351 1848
352 478
352 698
353 1706
354 554
355 1755
356 1565
356 1989
357 1915
358 730
359 1161
359 1954
360 684
360 1047
360 1244
360 1320
361 1324
362 1360
362 1425
362 1708
363 1065
363 1619
363 1819
364 1112
364 1290
364 1459
364 1841
364 1896
365 677
365 1306
366 469
368 1269
368 1370
368 1503
369 1358
369 1752
370 838
370 1247
370 1607
370 1975
371 403
371 582
372 446
372 612
373 1013
374 816
374 1207
374 1644
375 427
376 948
376 1947
377 600
377 1009
377 1372
377 1745
377 1903
378 433
378 636
378 904
378 1276
378 1391
378 1618
379 536
379 752
379 1860
379 1900
379 1940
380 812
381 691
381 1336
381 1749
382 1068
382 1084
382 1230
382 1312
383 1382
383 1664
383 1993
384 649
384 1320
385 404
385 743
387 566
387 1188
387 1235
387 1641
388 685
388 1723
389 439
389 631
389 878
389 1378
389 1640
390 1696
390 1771
391 402
391 689
391 1263
391 1732
392 570
392 598
392 839
392 1216
392 1340
392 1701
393 845
393 1709
393 1966
394 754
394 1381
395 634
395 860
395 1181
396 1247
396 1308
396 1817
397 910
397 1497
397 1605
398 699
398 1437
399 1397
400 720
400 1145
400 1588
400 1824
400 1852
401 1070
401 1449
401 1938
402 478
402 953
402 1336
402 1460
402 1519
402 1970
403 1474
403 1706
403 1765
403 1937
404 1150
404 1158
404 1923
405 1243
406 503
406 841
406 1869
407 455
407 926
407 1815
408 1015
408 1209
409 1177
409 1763
410 432
410 593
410 1117
411 510
411 819
412 530
413 768
413 1723
414 1137
415 991
415 1164
415 1552
417 1245
417 1971
418 706
418 1966
419 1086
419 1107
419 1875
420 436
420 635
420 1800
420 1853
421 1445
424 945
425 1061
425 1565
426 797
426 1421
426 1469
427 1439
428 934
428 1788
429 703
429 784
429 925
429 1198
429 1520
430 1952
431 945
431 1379
431 1596
432 1275
432 1299
432 1696
432 1815
434 1691
435 1016
437 593
437 948
438 483
438 621
438 770
438 1977
439 982
439 1153
439 1348
439 1474
439 1838
440 731
440 1134
441 496
441 1010
441 1704
442 1554
443 865
443 870
443 1268
444 534
444 538
444 1564
444 1612
444 1913
446 570
446 817
447 605
447 649
447 850
447 1441
449 457
449 800
451 1519
452 1093
452 1425
453 698
453 1183
454 1038
455 793
456 604
456 1010
456 1672
457 1459
458 575
458 1719
458 1787
459 900
459 1103
459 1591
460 1125
462 1056
462 1456
463 1672
464 853
465 1156
465 1475
466 692
466 1958
467 1459
468 811
468 1934
469 904
470 1046
471 1207
471 1484
473 1251
473 1335
473 1368
473 1836
475 1674
476 1291
477 1740
478 687
478 965
478 1195
479 1871
480 1026
480 1236
480 1657
480 1727
481 487
481 1201
481 1416
481 1786
482 493
482 1147
482 1562
483 744
483 1523
483 1657
484 842
485 1234
485 1464
485 1573
486 691
486 776
486 1102
486 1211
486 1233
486 1845
487 1073
487 1601
488 1157
488 1649
489 730
490 552
490 562
490 1571
491 846
491 1194
491 1789
492 1906
493 1733
494 760
494 1600
495 950
495 1419
496 944
496 1020
497 935
497 1869
498 1488
499 945
500 1404
502 1663
502 1865
503 1051
503 1135
503 1895
504 1248
504 1417
505 507
505 1086
505 1368
506 544
506 763
506 1403
507 562
507 681
507 1164
508 1818
508 1853
510 563
510 762
510 823
510 1172
511 803
511 1145
511 1472
511 1628
512 1473
512 1701
513 1451
514 1903
515 1040
515 1501
516 1015
516 1157
516 1306
516 1414
517 1504
519 673
519 1030
519 1770
519 1871
520 616
520 782
520 1237
521 1056
522 1110
522 1218
522 1286
522 1377
523 766
523 804
523 832
523 1000
523 1453
525 1660
526 1039
527 1543
528 1011
529 731
529 1256
529 1298
531 735
531 923
531 1145
531 1388
532 674
532 878
534 724
535 977
535 1179
535 1848
536 1029
536 1574
536 1670
537 875
537 1166
537 1566
538 1036
539 670
539 947
540 1555
540 1570
540 1892
541 732
541 746
541 1113
541 1570
542 839
542 1296
544 1196
544 1996
546 1019
546 1135
546 1300
547 1140
547 1348
547 1516
547 1641
547 1745
547 1927
548 1010
548 1706
549 793
550 1072
550 1278
550 1608
551 1360
554 1344
554 1802
555 1862
556 762
556 832
557 939
557 1133
557 1479
558 1398
559 926
559 1337
559 1863
560 795
560 875
560 1095
561 1003
561 1975
562 1068
562 1350
562 1509
562 1890
562 1919
564 1493
565 616
565 1874
565 1900
566 1163
566 1677
567 1341
567 1619
567 1725
567 1965
568 861
569 1702
570 941
570 1408
571 746
571 1512
571 1965
572 1213
572 1232
573 684
573 781
573 1037
573 1291
575 801
575 1428
575 1480
575 1550
575 1575
575 1584
575 1658
577 940
578 681
578 1413
578 1856
579 624
579 866
579 1150
580 761
580 1541
581 898
581 1031
581 1143
581 1321
581 1472
581 1765
583 949
583 1312
584 1149
584 1233
584 1663
584 1842
585 1898
586 1642
586 1721
587 838
587 1146
587 1179
591 644
591 778
591 1321
592 691
592 862
592 1268
592 1814
592 1959
593 1030
593 1159
593 1521
594 1438
594 1835
594 1903
595 1896
596 1327
596 1818
596 1894
597 658
597 1590
598 732
598 1677
598 1997
599 1361
601 1018
601 1205
601 1829
603 1200
604 857
604 1013
604 1237
605 1430
605 1803
605 1966
606 888
606 921
606 929
606 977
606 1029
606 1450
607 886
607 1729
607 1960
608 1661
608 1975
609 1154
610 621
610 1494
611 1025
612 1554
612 1936
613 1087
614 877
614 1026
614 1180
614 1385
614 1653
615 987
615 1727
615 1779
616 953
616 981
616 1645
617 1084
617 1355
617 1976
618 1473
618 1569
619 930
620 949
620 1454
621 648
621 1342
621 1704
621 1801
622 821
622 940
622 1309
622 1954
623 850
624 1904
625 718
626 671
626 1204
626 1323
627 846
627 1191
627 1233
627 1290
627 1648
628 1011
628 1995
629 811
629 1011
629 1766
632 1079
632 1242
632 1451
632 1653
632 1727
633 1217
634 695
634 1523
634 1882
634 1934
635 838
635 1323
636 877
636 1928
636 1936
636 1985
637 674
637 1416
639 1444
639 1903
640 1237
640 1643
640 1956
640 1971
641 692
643 874
643 1456
643 1775
643 1880
645 806
646 1705
647 975
649 1448
649 1692
651 880
651 1634
652 1756
653 900
653 1096
654 787
654 1264
654 1404
654 1724
655 904
655 1242
655 1485
655 1511
656 934
656 1283
657 1737
658 1270
658 1944
659 923
659 1510
660 839
660 1139
660 1524
661 820
661 1186
661 1282
661 1669
662 1515
662 1749
663 1408
664 1031
664 1908
665 1483
666 743
666 1711
667 1303
667 1615
667 1931
668 1580
670 736
670 1124
670 1827
671 1110
672 1017
672 1616
672 1826
673 863
673 1003
673 1222
673 1588
673 1684
673 1777
674 988
674 1051
674 1080
674 1372
675 1969
676 1116
676 1494
676 1816
677 903
678 861
678 1074
678 1440
678 1492
678 1816
680 1011
680 1258
680 1775
681 1456
681 1586
681 1631
681 1775
681 1934
682 1193
682 1729
682 1912
683 1406
683 1802
683 1858
684 1423
684 1735
685 1680
685 1735
686 695
686 1000
686 1307
687 940
687 991
687 1205
687 1288
688 1549
688 1943
689 997
689 1847
689 1848
690 1048
691 812
691 1339
691 1574
693 972
694 1113
694 1233
694 1314
694 1477
694 1640
694 1856
696 971
696 1200
696 1706
697 1222
697 1446
698 816
698 1292
698 1302
699 782
699 1438
699 1741
700 1622
700 1753
701 794
701 1381
701 1847
704 778
704 798
704 1077
704 1342
705 1372
705 1672
706 896
706 1448
706 1757
707 1052
707 1767
708 773
708 957
708 1056
708 1605
709 1217
709 1616
709 1726
711 1259
712 1428
712 1627
712 1634
712 1724
717 954
717 1550
718 844
718 1172
718 1229
718 1597
719 1413
719 1674
720 1728
721 734
721 1163
721 1233
721 1669
722 821
722 1408
722 1456
723 1062
724 775
724 948
724 1159
725 1157
725 1457
725 1831
725 1902
726 1320
726 1684
727 929
727 1117
727 1121
728 979
728 1420
729 826
729 1538
730 807
730 922
730 1540
731 1715
732 1591
732 1809
733 1873
733 1986
735 1497
735 1549
735 1828
736 1739
736 1961
737 1296
737 1839
738 817
738 1614
739 859
739 1515
739 1594
741 782
741 1946
742 1388
742 1916
743 814
743 1282
744 821
744 878
744 1095
744 1514
744 1708
744 1726
744 1786
746 1146
746 1920
747 866
747 923
747 1337
747 1398
747 1468
747 1525
747 1592
747 1825
748 1342
748 1694
749 1846
751 1255
751 1966
752 903
752 1238
752 1356
753 821
753 1040
754 1580
754 1602
755 1088
756 786
756 1845
757 850
758 1387
759 1406
761 1850
762 791
763 792
764 1171
764 1913
765 1085
767 784
767 978
767 1787
767 1913
768 1118
768 1246
770 1399
771 897
771 1051
771 1754
771 1938
774 1385
774 1410
774 1926
776 1084
777 1025
777 1233
778 1088
779 1145
779 1631
780 1672
781 784
781 1718
782 915
782 1563
782 1764
783 812
783 1007
783 1100
783 1332
783 1484
783 1912
785 872
785 1915
786 897
786 1343
786 1843
786 1918
786 1927
786 1992
787 900
787 1343
787 1697
787 1942
788 861
788 1114
788 1648
789 1794
790 1291
790 1594
790 1753
790 1795
790 1903
790 1989
791 1344
791 1873
793 1213
793 1480
793 1533
793 1567
794 870
794 992
794 1823
795 1219
796 1260
796 1893
800 1600
801 916
802 1165
802 1341
803 1818
804 1043
804 1203
805 938
805 1714
806 1604
808 1219
808 1248
808 1938
809 1039
809 1531
810 922
810 1719
810 1767
810 1857
812 1059
812 1539
813 1439
813 1907
814 1485
814 1749
815 1498
816 1662
816 1886
817 818
817 1100
817 1476
818 1842
819 935
819 1519
819 1569
820 1524
821 869
821 1413
822 964
822 1378
823 1761
824 1176
824 1460
825 1280
825 1558
825 1619
825 1856
825 1882
825 1905
826 920
826 1387
827 1018
827 1650
827 1778
827 1853
828 1309
828 1763
829 1116
829 1409
829 1955
830 845
830 883
830 903
830 1107
831 953
831 1706
832 1275
833 857
833 1378
834 1239
834 1591
834 1961
835 1039
835 1241
835 1925
836 1372
838 1940
839 1330
839 1396
839 1405
840 1076
840 1232
840 1719
841 1492
841 1799
841 1885
842 1665
843 1169
843 1879
844 1448
844 1616
844 1765
845 1056
847 1120
849 1058
849 1747
850 873
850 1684
851 897
851 972
852 1888
853 1170
853 1250
853 1812
854 1090
854 1472
855 1178
855 1745
855 1876
856 1001
857 876
857 1523
857 1806
857 1928
857 1964
858 888
859 1654
860 1631
860 1819
860 1953
861 1063
862 1163
863 1055
864 1976
864 1989
865 1288
865 1368
865 1576
865 1810
866 996
868 962
868 1885
870 1229
870 1233
871 1319
872 1042
872 1571
873 1355
874 942
874 1045
874 1398
876 1163
876 1406
877 1215
877 1811
878 1240
878 1346
879 1555
880 882
880 1402
880 1650
880 1814
881 1765
881 1934
882 1120
882 1262
883 1641
883 1772
884 1636
885 1432
886 1107
886 1507
887 1829
888 1011
889 1377
889 1399
889 1869
891 1051
891 1450
891 1810
893 920
893 1592
893 1611
894 1178
894 1508
895 991
896 1413
897 1771
898 1078
898 1169
899 1184
899 1732
899 1905
900 988
900 1469
902 1515
903 925
904 1463
904 1510
905 1316
905 1726
905 1791
905 1979
906 938
906 1325
906 1649
906 1753
908 930
908 995
908 1161
909 994
909 1669
909 1959
910 1481
910 1482
911 1031
911 1076
911 1572
911 1641
911 1792
912 932
912 1183
912 1511
912 1701
913 1499
916 1652
916 1982
917 1184
917 1960
918 1367
920 942
920 1139
920 1523
920 1663
921 1829
922 1288
922 1412
922 1626
923 1616
924 1740
925 1220
925 1681
925 1962
926 1155
927 995
927 1929
928 1160
928 1305
928 1515
929 1068
929 1132
929 1462
929 1497
929 1786
929 1971
931 1175
932 1850
933 1624
934 993
934 1587
935 951
936 959
937 1389
938 1041
938 1119
939 1940
940 1193
940 1331
940 1359
941 1236
941 1305
941 1939
942 1430
942 1605
943 1710
943 1987
944 1409
944 1858
945 1100
946 1150
946 1725
947 969
948 956
948 1920
949 1957
950 1107
950 1838
951 1514
952 1319
952 1440
957 1115
958 1714
959 1625
959 1947
960 1126
962 1251
962 1882
963 987
963 1530
963 1577
963 1775
963 1871
964 1432
967 1191
967 1822
970 1247
971 1284
973 1010
973 1786
974 1376
976 1271
976 1430
976 1862
977 1011
977 1779
977 1833
978 1925
979 1360
980 1302
980 1481
980 1744
980 1763
982 1341
982 1400
983 1343
983 1429
983 1611
983 1809
984 1727
985 1016
985 1148
985 1659
986 1270
986 1708
986 1942
988 1059
988 1122
988 1615
989 1285
990 1646
990 1731
991 1030
991 1272
993 1594
993 1665
994 1172
994 1190
994 1697
995 1067
995 1072
995 1441
995 1834
995 1844
996 1854
997 1283
997 1947
998 1841
999 1317
1000 1159
1001 1022
1001 1221
1001 1720
1002 1422
1003 1569
1004 1973
1005 1321
1005 1372
1006 1223
1006 1354
1007 1820
1007 1822
1008 1501
1009 1468
1009 1837
1010 1021
1010 1119
1010 1196
1013 1555
1013 1723
1013 1772
1014 1494
1014 1829
1014 1974
1014 1988
1015 1046
1015 1963
1015 1983
1016 1522
1016 1686
1017 1171
1017 1330
1017 1853
1019 1164
1019 1229
1019 1245
1019 1431
1019 1518
1021 1762
1023 1111
1023 1192
1023 1478
1024 1765
1024 1994
1025 1073
1027 1744
1030 1060
1031 1849
1031 1958
1032 1828
1032 1954
1032 1971
1033 1045
1033 1299
1035 1924
1037 1239
1037 1736
1039 1220
1041 1327
1041 1975
1043 1162
1043 1266
1043 1616
1043 1876
1045 1525
1048 1474
1048 1627
1048 1905
1049 1314
1049 1615
1051 1232
1051 1365
1052 1079
1053 1519
1053 1952
1054 1123
1054 1873
1055 1170
1055 1420
1055 1734
1056 1196
1056 1277
1056 1300
1059 1380
1062 1699
1062 1723
1063 1262
1063 1571
1063 1914
1064 1770
1065 1212
1065 1385
1065 1489
1066 1445
1067 1300
1067 1339
1067 1418
1067 1431
1068 1324
1068 1810
1068 1883
1068 1889
1068 1946
1069 1132
1070 1801
1070 1968
1073 1446
1075 1288
1079 1446
1080 1224
1080 1426
1080 1501
1081 1515
1081 1678
1082 1566
1082 1601
1083 1798
1084 1640
1084 1714
1084 1875
1084 1911
1085 1972
1088 1204
1088 1701
1090 1127
1091 1538
1092 1248
1092 1848
1092 1961
1094 1902
1096 1451
1096 1748
1096 1751
1097 1366
1097 1646
1097 1787
1097 1790
1098 1307
1098 1412
1099 1568
1099 1664
1101 1564
1101 1682
1101 1990
1103 1199
1105 1928
1106 1832
1107 1245
1107 1891
1108 1766
1108 1783
1109 1574
1109 1797
1109 1955
1110 1715
1111 1418
1111 1820
1111 1822
1112 1707
1113 1122
1115 1906
1115 1942
1116 1296
1116 1631
1118 1343
1119 1540
1119 1589
1120 1212
1122 1132
1122 1179
1122 1400
1124 1214
1124 1682
1125 1726
1127 1482
1127 1683
1127 1805
1129 1495
1129 1912
1130 1224
1131 1988
1132 1162
1133 1266
1133 1638
1134 1541
1134 1971
1135 1901
1136 1833
1136 1965
1137 1354
1137 1740
1137 1779
1138 1992
1139 1532
1139 1577
1139 1685
1139 1690
1140 1510
1140 1569
1141 1863
1141 1889
1142 1954
1143 1739
1146 1734
1147 1817
1147 1963
1148 1150
1148 1314
1151 1613
1151 1616
1152 1463
1153 1322
1155 1829
1155 1924
1156 1232
1156 1574
1157 1246
1157 1949
1158 1658
1158 1770
1159 1837
1161 1985
1162 1582
1162 1912
1163 1483
1165 1600
1165 1631
1165 1688
1172 1563
1173 1441
1174 1376
1174 1727
1174 1814
1176 1421
1176 1685
1176 1935
1176 1959
1177 1284
1177 1413
1178 1226
1178 1870
1178 1995
1182 1397
1183 1688
1184 1583
1185 1194
1185 1862
1186 1188
1186 1976
1187 1492
1187 1816
1189 1565
1189 1864
1189 1919
1192 1619
1193 1699
1193 1774
1193 1813
1195 1243
1196 1884
1196 1964
1197 1608
1199 1396
1199 1526
1201 1837
1202 1391
1203 1224
1204 1746
1204 1901
1207 1966
1208 1336
1208 1362
1209 1795
1209 1911
1213 1221
1213 1777
1214 1509
1215 1929
1216 1439
1216 1929
1217 1409
1217 1644
1218 1489
1218 1660
1219 1852
1220 1263
1220 1458
1220 1764
1221 1698
1223 1841
1225 1494
1226 1604
1226 1619
1226 1965
1227 1422
1227 1925
1228 1845
1230 1881
1232 1771
1233 1324
1233 1516
1233 1568
1233 1591
1233 1670
1233 1725
1233 1751
1234 1758
1235 1757
1239 1942
1240 1482
1240 1809
1242 1490
1242 1711
1242 1832
1242 1854
1244 1324
1244 1360
1244 1984
1245 1849
1245 1969
1246 1271
1246 1765
1246 1994
1247 1787
1250 1726
1251 1360
1251 1571
1252 1836
1253 1561
1253 1566
1253 1673
1254 1592
1254 1945
1255 1511
1256 1597
1259 1533
1259 1772
1260 1411
1262 1378
1263 1720
1264 1403
1264 1758
1265 1366
1265 1919
1266 1618
1266 1980
1267 1666
1268 1333
1268 1462
1268 1924
1269 1375
1269 1458
1269 1488
1270 1573
1270 1719
1270 1822
1271 1358
1271 1673
1271 1792
1272 1548
1272 1816
1272 1900
1275 1483
1275 1990
1280 1748
1285 1405
1286 1359
1287 1407
1288 1694
1290 1517
1291 1737
1291 1960
1292 1707
1293 1402
1294 1307
1294 1450
1297 1380
1297 1872
1298 1581
1298 1689
1300 1501
1300 1654
1301 1663
1302 1639
1302 1704
1304 1423
1304 1547
1304 1548
1305 1768
1307 1327
1307 1862
1310 1614
1310 1955
1311 1988
1312 1781
1313 1408
1313 1683
1314 1673
1315 1391
1316 1765
1317 1463
1317 1670
1320 1552
1320 1604
1321 1577
1321 1993
1322 1439
1323 1395
1323 1601
1323 1930
1325 1545
1325 1821
1327 1440
1327 1452
1328 1860
1330 1766
1330 1892
1332 1724
1333 1419
1335 1457
1337 1437
1340 1537
1340 1583
1340 1645
1341 1828
1341 1863
1344 1465
1344 1486
1345 1765
1346 1389
1348 1670
1348 1971
1349 1350
1349 1535
1349 1759
1351 1754
1351 1761
1351 1868
1352 1415
1352 1927
1354 1637
1356 1488
1356 1494
1357 1365
1363 1811
1365 1371
1365 1805
1368 1518
1370 1673
1371 1674
1371 1821
1372 1701
1373 1959
1375 1482
1375 1671
1376 1421
1377 1597
1377 1599
1377 1754
1378 1503
1378 1707
1379 1674
1381 1530
1382 1755
1383 1725
1383 1828
1384 1914
1387 1839
1388 1592
1388 1763
1388 1819
1389 1455
1389 1583
1390 1429
1390 1621
1390 1939
1392 1728
1392 1895
1395 1837
1399 1420
1399 1572
1400 1439
1400 1588
1400 1727
1401 1470
1402 1473
1405 1685
1405 1901
1411 1923
1414 1770
1416 1915
1419 1603
1419 1644
1421 1715
1423 1459
1424 1431
1426 1813
1426 1900
1427 1529
1427 1749
1427 1782
1429 1778
1431 1599
1431 1836
1432 1684
1433 1885
1434 1524
1435 1921
1437 1449
1437 1584
1441 1880
1442 1538
1443 1975
1445 1635
1446 1662
1446 1942
1448 1493
1449 1481
1450 1569
1454 1964
1455 1846
1456 1655
1457 1541
1457 1907
1457 1934
1458 1901
1460 1463
1460 1955
1461 1491
1461 1972
1461 1996
1463 1663
1465 1889
1467 1591
1468 1755
1468 1806
1469 1502
1469 1893
1470 1888
1470 1900
1471 1884
1472 1697
1474 1901
1477 1779
1479 1845
1479 1939
1480 1866
1481 1777
1485 1769
1487 1629
1487 1659
1489 1923
1490 1662
1491 1619
1498 1748
1498 1769
1500 1981
1504 1939
1505 1627
1506 1827
1508 1956
1510 1901
1511 1734
1511 1932
1511 1986
1512 1802
1512 1968
1514 1902
1517 1881
1518 1889
1520 1656
1520 1771
1521 1903
1526 1627
1528 1812
1528 1887
1531 1752
1531 1796
1532 1598
1532 1841
1534 1863
1536 1759
1537 1757
1538 1574
1539 1813
1540 1553
1541 1641
1543 1598
1544 1848
1545 1576
1545 1651
1545 1809
1548 1704
1549 1717
1550 1722
1556 1638
1557 1825
1561 1812
1562 1745
1567 1991
1568 1724
1569 1601
1569 1944
1570 1760
1570 1835
1570 1930
1573 1763
1573 1806
1574 1749
1574 1843
1574 1885
1574 1943
1577 1957
1579 1697
1579 1814
1581 1783
1582 1638
1583 1943
1584 1742
1584 1865
1584 1965
1591 1901
1592 1750
1594 1728
1595 1770
1598 1975
1599 1647
1601 1761
1601 1777
1601 1950
1605 1715
1605 1781
1612 1946
1615 1787
1617 1700
1618 1703
1619 1772
1620 1701
1620 1853
1620 1963
1625 1984
1629 1831
1630 1805
1630 1961
1634 1725
1634 1844
1635 1773
1635 1860
1636 1901
1637 1646
1637 1729
1641 1951
1643 1934
1644 1657
1644 1816
1644 1893
1644 1959
1645 1695
1647 1954
1647 1966
1648 1721
1650 1734
1650 1739
1652 1968
1654 1823
1655 1673
1657 1744
1659 1902
1659 1911
1665 1873
1665 1889
1666 1846
1670 1826
1670 1891
1671 1925
1671 1973
1672 1941
1673 1837
1676 1727
1678 1746
1678 1761
1682 1863
1683 1927
1683 1973
1687 1862
1691 1696
1693 1973
1694 1899
1696 1874
1705 1786
1706 1978
1707 1790
1708 1862
1708 1954
1708 1975
1710 1931
1713 1976
1716 1778
1718 1772
1719 1811
1719 1827
1719 1844
1719 1898
1719 1909
1722 1956
1729 1785
1732 1899
1733 1829
1735 1947
1736 1850
1740 1742
1744 1893
1753 1769
1755 1888
1755 1964
1755 1976
1756 1784
1757 1764
1757 1851
1767 1811
1767 1834
1767 1891
1769 1971
1772 1793
1774 1946
1782 1946
1785 1810
1785 1902
1789 1870
1794 1958
1798 1885
1799 1938
1806 1901
1806 1987
1812 1871
1814 1841
1819 1821
1820 1924
1828 1902
1828 1940
1828 1957
1830 1832
1830 1888
1831 1930
1832 1874
1848 1895
1849 1932
1854 1855
1856 1997
1860 1951
1868 1941
1870 1932
1874 1913
1877 1938
1877 1971
1878 1959
1881 1975
1900 1924
1930 1985
1942 1980
1951 1957
1953 1961
1985 1991
