2000 3003
41
21
59
25
78
30
16
17
68
71
57
45
95
83
92
60
6
95
15
73
83
23
38
8
67
11
63
74
100
53
28
26
54
88
59
86
76
74
34
37
52
32
93
72
66
37
33
78
70
62
27
36
59
49
8
57
32
17
92
33
84
51
59
71
45
84
88
79
89
18
94
64
66
10
74
59
82
71
26
37
85
92
44
77
87
84
56
51
19
94
8
25
37
8
88
82
85
15
32
60
19
35
81
92
6
62
89
17
99
82
44
94
62
67
85
37
5
6
61
56
36
50
79
58
37
37
16
18
99
67
94
40
90
55
26
78
37
86
76
26
42
30
39
64
93
8
98
49
54
22
2
17
53
74
68
66
51
13
32
20
9
29
61
43
65
41
48
81
75
48
94
34
63
58
34
64
92
85
75
80
49
38
94
5
25
93
68
20
21
77
49
85
82
82
28
77
62
94
66
47
5
14
30
30
7
33
69
16
38
6
79
67
54
1
21
80
16
60
24
22
47
43
94
82
54
81
24
99
4
74
29
9
47
64
27
92
61
36
62
71
10
36
28
88
21
27
21
31
12
61
35
49
30
60
48
55
67
4
73
82
71
11
16
68
49
88
85
52
67
28
19
3
100
87
94
32
48
88
100
84
54
6
54
41
94
77
80
23
42
49
73
81
2
68
75
54
66
22
91
74
16
18
37
89
90
72
2
89
70
35
3
2
60
98
61
24
20
57
82
89
12
45
91
10
77
86
28
56
36
67
40
86
8
91
87
20
83
21
26
88
87
11
75
81
12
67
34
97
27
20
91
43
97
83
32
76
56
3
66
65
89
67
20
58
30
10
2
48
62
38
64
32
54
67
46
94
70
21
66
24
5
78
29
70
49
24
18
45
74
93
44
44
76
55
81
52
51
73
90
12
99
73
52
55
32
15
4
83
99
73
62
82
65
44
99
91
63
90
39
41
70
75
97
64
41
18
22
10
18
19
41
79
54
63
68
69
62
37
57
69
38
30
27
13
37
61
82
58
55
100
5
10
74
47
56
63
47
57
15
64
2
6
85
1
57
21
47
55
14
54
39
88
4
100
71
18
97
1
33
39
66
18
88
46
88
57
42
97
79
24
80
32
86
97
98
39
41
17
79
75
37
92
53
40
48
39
75
47
18
69
81
9
58
1
3
8
49
100
84
47
45
36
91
16
37
49
2
11
33
9
66
49
92
91
70
17
54
74
87
31
20
5
90
43
15
86
46
68
73
78
93
90
98
94
5
4
32
97
30
3
52
46
75
80
37
23
1
8
18
54
87
33
10
52
39
38
71
41
73
13
28
75
68
28
21
88
3
56
72
73
73
98
93
82
77
71
68
40
98
40
53
17
37
55
65
77
15
4
3
12
89
38
87
93
59
75
48
39
94
20
86
46
43
78
93
69
52
58
63
49
49
15
94
53
99
96
49
50
10
89
21
17
27
14
73
52
30
89
98
60
57
42
22
7
7
75
85
35
42
13
5
83
93
63
71
91
26
82
56
57
24
73
82
56
82
88
14
63
92
70
54
6
10
40
66
30
25
54
98
48
99
14
6
59
1
55
24
13
6
91
23
96
28
63
67
69
42
59
78
25
45
27
85
73
78
90
94
99
66
43
43
59
39
58
57
3
93
66
87
36
89
83
53
53
17
60
29
57
20
4
81
45
25
28
38
12
81
39
88
100
71
9
9
88
68
78
99
64
39
3
69
29
14
37
93
34
50
83
100
85
12
88
18
15
57
49
57
99
30
3
86
75
20
21
7
61
64
71
38
2
33
6
82
67
28
78
80
84
74
80
59
34
7
82
70
79
66
63
10
99
24
28
51
56
35
83
25
11
45
12
67
58
88
64
12
2
81
72
31
84
58
17
25
1
25
15
58
33
80
33
63
98
42
69
33
93
90
78
7
21
65
80
94
19
49
44
10
94
7
61
79
100
55
77
82
74
37
73
68
68
62
28
40
31
52
2
1
50
20
54
18
61
29
65
98
94
42
47
95
57
24
43
93
83
82
89
81
42
66
13
56
23
60
24
37
53
8
59
37
20
16
73
95
45
67
84
35
27
9
7
85
54
11
70
66
97
60
30
100
62
37
94
71
32
7
4
64
77
99
1
74
6
68
69
96
30
28
74
95
2
2
9
35
48
11
87
59
5
89
55
89
90
81
78
66
44
35
10
34
64
76
36
35
74
35
27
50
81
46
66
13
42
69
37
10
100
18
32
48
85
41
71
34
14
93
42
78
6
38
57
72
44
59
74
81
58
81
94
50
35
75
13
92
93
88
20
61
55
21
10
8
79
51
4
1
32
27
88
31
87
11
42
64
44
22
91
87
49
84
49
23
32
67
49
1
59
98
12
87
46
24
99
39
42
7
32
53
26
92
55
46
89
41
32
25
83
24
15
56
47
37
86
28
28
45
30
45
87
79
64
94
21
49
32
51
39
14
27
24
88
89
75
13
42
93
11
9
36
73
26
8
29
85
55
2
32
64
47
23
91
5
52
37
90
19
74
92
80
86
79
85
75
74
95
72
8
14
32
80
52
65
24
12
94
97
43
16
69
90
8
79
79
80
14
95
29
10
2
67
80
20
27
52
66
34
98
56
41
63
80
51
47
50
58
68
78
28
22
33
22
23
16
49
69
93
31
2
34
17
73
54
17
94
50
9
61
57
10
8
22
97
87
45
33
58
62
32
79
66
81
85
6
45
96
48
94
7
2
91
79
83
92
8
94
87
8
1
62
33
29
58
78
17
93
85
72
56
98
83
48
22
16
22
52
60
50
68
32
99
52
56
51
98
6
1
62
15
99
63
30
2
76
4
65
45
64
58
16
34
92
57
88
71
26
40
41
45
11
83
97
17
36
37
4
19
17
8
43
20
62
36
35
92
63
71
29
13
64
7
78
44
2
23
78
60
73
59
74
80
43
19
88
62
42
89
88
84
95
17
62
87
23
92
40
42
71
73
49
97
38
6
5
7
88
66
1
32
3
84
69
24
50
90
32
52
87
20
70
70
93
96
67
32
19
90
10
19
46
84
97
76
16
59
42
8
30
69
35
50
8
61
3
91
45
94
56
44
20
72
96
88
90
41
89
95
6
65
7
76
22
28
9
77
5
25
22
53
55
62
10
25
87
21
55
66
68
96
94
99
93
77
21
60
7
100
33
91
10
96
44
30
85
81
39
88
67
13
59
59
50
83
8
59
79
91
21
55
71
6
55
12
75
27
88
78
9
49
16
55
69
7
91
65
45
70
76
74
76
32
93
98
68
83
2
9
82
2
45
80
2
69
11
10
12
76
98
14
50
82
72
87
90
85
70
7
14
27
18
77
58
13
64
45
23
24
78
77
16
18
81
76
53
39
4
40
5
23
39
99
73
69
26
34
21
42
18
2
13
40
14
85
35
56
57
72
27
49
25
49
90
86
95
1
74
100
52
72
60
93
43
4
2
32
84
8
40
60
86
57
74
31
11
27
12
3
74
61
95
11
41
9
67
67
94
95
48
96
46
67
99
26
8
97
46
55
70
55
51
95
23
11
92
42
77
78
14
69
33
13
13
19
22
77
5
93
43
18
92
31
92
63
42
39
5
48
14
10
98
18
46
83
54
5
42
97
74
32
13
65
82
44
3
64
20
81
84
30
74
7
98
5
82
65
46
17
80
33
70
77
18
72
1
11
22
10
94
87
81
20
60
74
18
80
60
67
22
11
15
71
100
24
49
10
65
36
76
23
83
4
97
79
50
22
60
18
13
21
79
97
48
48
30
23
99
41
7
16
68
60
68
90
14
82
11
14
50
23
28
88
31
40
81
85
95
70
76
26
56
8
90
96
22
60
43
3
37
59
64
46
29
51
85
73
95
34
67
82
66
54
18
27
5
69
14
56
35
47
38
97
79
95
81
29
41
5
10
58
51
92
7
98
15
16
72
17
50
78
56
36
75
92
53
19
7
56
54
40
46
51
95
59
31
1
48
51
42
38
81
2
81
11
32
37
1
46
87
14
45
23
16
83
81
59
91
58
20
70
53
48
63
74
59
90
63
9
72
82
68
59
33
85
34
18
11
36
3
28
89
10
89
21
54
16
29
31
16
55
77
43
34
84
55
70
97
1
55
58
55
70
69
98
17
51
65
67
67
5
25
67
91
25
68
48
19
17
82
10
5
12
89
55
62
88
93
21
98
76
79
45
34
50
27
30
96
84
68
54
86
12
55
30
50
88
16
7
41
71
35
58
46
90
39
57
67
8
40
44
72
25
68
38
6
37
63
22
21
31
23
28
82
64
26
31
50
90
74
92
52
63
60
57
27
83
14
16
39
24
26
4
69
4
89
1
70
24
41
87
57
97
28
91
59
25
40
14
8
37
57
69
37
30
25
79
18
64
36
44
2
57
33
23
38
25
44
76
50
78
61
37
15
32
69
93
6
91
78
81
53
56
82
65
6
18
76
41
88
88
18
1
100
74
80
60
1
46
67
87
17
19
45
97
46
29
94
36
23
3
73
54
57
0 441
1 124
1 146
1 1664
3 385
3 795
3 859
3 1045
3 1095
3 1309
3 1828
4 1059
4 1558
4 1863
4 1948
4 1990
5 837
6 981
7 752
7 783
7 1386
7 1792
8 336
8 1643
8 1797
8 1868
9 829
9 1289
9 1489
10 234
11 110
11 324
11 410
11 518
11 753
11 833
11 1212
12 776
13 1344
13 1648
13 1711
13 1836
14 216
14 317
14 1025
14 1311
14 1485
14 1647
15 826
15 1057
16 880
16 1356
17 483
17 703
17 893
18 76
18 839
18 1147
18 1272
18 1702
18 1840
18 1870
18 1930
19 371
19 473
19 889
19 1230
19 1259
19 1480
19 1701
20 468
20 1464
21 531
21 1071
21 1119
22 492
22 719
23 55
23 651
23 1112
25 1365
26 1169
27 1320
27 1748
28 589
28 861
29 61
29 266
29 283
29 473
29 542
29 698
29 1265
30 671
30 1158
30 1407
30 1984
31 58
31 555
31 1004
31 1177
32 621
33 84
33 739
33 1567
34 1129
34 1191
35 1286
36 656
36 721
37 806
38 1113
38 1435
38 1649
38 1928
39 1037
40 1080
40 1748
40 1887
41 218
41 1263
41 1429
42 132
42 989
42 1701
42 1723
43 1052
44 508
44 742
44 988
44 1493
45 672
45 1012
45 1175
45 1365
45 1637
45 1704
46 1992
47 237
47 258
47 456
47 1110
47 1167
47 1502
50 254
50 1040
50 1671
50 1724
51 422
51 1461
51 1478
51 1828
52 498
52 1284
52 1356
52 1688
53 1114
53 1520
54 254
54 494
54 532
54 1544
54 1976
55 576
55 694
55 1109
55 1238
56 252
56 669
56 952
56 1289
56 1729
57 310
57 1074
57 1439
57 1709
58 63
58 80
58 1000
58 1902
59 673
59 1106
59 1310
59 1534
60 190
60 225
60 310
60 1069
60 1435
61 878
62 108
62 375
63 317
63 1410
64 1876
65 951
65 1095
65 1236
65 1348
66 395
66 1407
66 1644
67 163
67 697
67 1882
68 241
68 582
68 686
68 1748
69 189
69 479
69 1169
69 1898
70 226
70 229
70 795
71 1083
72 210
72 497
72 1355
72 1639
72 1815
73 330
73 1221
73 1228
73 1814
74 626
74 1177
75 469
75 971
75 1967
76 1094
76 1195
76 1837
77 206
77 459
77 540
77 770
77 1476
78 178
78 302
78 1303
78 1568
79 142
80 433
81 1607
82 1423
82 1999
83 105
84 1078
84 1155
84 1442
84 1566
84 1758
84 1884
84 1885
85 336
85 1163
85 1223
85 1252
85 1987
86 577
86 659
86 692
87 769
87 1752
88 1053
89 165
89 1636
89 1786
90 145
90 266
90 485
90 600
90 615
90 1329
90 1899
91 206
92 654
92 1115
92 1217
92 1593
93 1114
93 1834
95 128
95 656
95 916
96 938
97 824
97 1832
97 1880
98 197
98 784
98 1482
99 316
99 1385
100 506
100 1315
100 1636
100 1727
100 1805
101 831
101 1473
102 828
102 924
102 1483
102 1771
103 1031
103 1476
103 1636
104 432
104 765
104 932
105 178
105 1605
105 1743
106 302
106 488
106 1051
106 1716
107 539
107 1590
108 241
108 637
108 1132
108 1444
108 1582
109 140
109 559
110 265
110 469
110 680
111 336
111 1219
111 1881
112 718
112 768
112 909
112 1504
112 1807
113 369
113 420
114 315
114 440
114 1480
115 646
115 848
115 1566
115 1643
115 1801
115 1998
116 133
116 464
116 1340
116 1586
116 1683
117 1015
117 1565
117 1901
118 1297
118 1305
118 1653
119 273
119 1003
119 1665
119 1769
120 704
120 922
121 994
121 1330
122 482
122 487
122 942
122 995
122 1811
123 700
123 728
123 743
123 984
123 1177
123 1184
124 765
124 1365
125 455
125 765
125 825
125 1405
125 1881
127 1105
128 1371
129 443
129 1679
130 783
130 1790
131 665
131 1516
131 1962
132 213
132 964
132 1021
132 1298
133 237
134 1048
134 1059
134 1143
136 223
136 392
136 633
136 937
136 1506
136 1622
137 452
138 1968
139 142
139 557
140 193
140 733
140 1481
140 1774
140 1857
140 1898
141 289
141 358
141 1017
141 1154
141 1326
141 1732
142 730
142 1901
143 345
143 1330
143 1984
144 193
144 1231
144 1274
144 1415
144 1679
144 1838
144 1990
145 915
146 1407
147 713
147 733
147 873
147 1101
148 426
148 745
148 773
148 1975
149 459
149 783
149 863
149 912
149 1018
150 641
150 1391
151 700
151 853
151 1875
152 269
152 907
152 1921
153 482
153 1945
154 163
154 1951
155 501
155 1166
155 1170
156 215
156 234
156 539
156 1021
156 1127
156 1258
157 1680
158 724
158 1202
158 1903
159 1363
160 220
160 589
160 1716
160 1772
161 1498
161 1914
162 1542
163 263
163 547
163 1176
163 1381
163 1636
164 273
164 594
164 938
164 1449
166 497
166 539
166 719
166 866
168 1179
168 1490
169 257
169 662
170 1073
170 1685
172 928
172 1062
173 848
174 423
174 774
174 816
175 1441
175 1599
175 1618
176 444
176 540
176 584
176 1466
177 386
177 696
177 702
177 1402
178 827
178 1357
178 1497
178 1644
178 1735
178 1784
178 1855
179 389
179 1434
179 1460
180 1087
180 1257
180 1997
181 327
181 1685
181 1706
182 242
182 1085
183 842
183 1293
183 1563
183 1646
184 530
184 901
184 1794
184 1934
185 1010
185 1590
186 1394
186 1744
186 1763
186 1990
187 238
187 298
187 330
187 923
187 970
187 1776
188 229
188 719
189 1184
189 1442
190 1193
190 1219
190 1740
191 374
193 417
193 1697
193 1911
195 598
195 1112
195 1371
196 387
196 929
196 1947
197 808
197 917
197 1430
198 1602
198 1707
198 1911
198 1988
198 1995
199 1962
199 1973
200 296
200 318
200 493
200 1459
201 1353
202 519
203 727
204 434
204 643
204 656
204 1072
204 1506
204 1731
205 950
205 1236
205 1775
206 1054
206 1218
206 1283
206 1630
207 263
207 1582
207 1830
208 338
208 401
208 881
208 1580
208 1853
209 680
209 1082
209 1618
209 1673
210 317
211 529
211 1258
211 1353
211 1573
211 1598
211 1689
212 770
212 970
212 987
212 1036
213 1494
213 1601
214 948
214 994
217 1409
217 1551
217 1750
217 1923
218 309
218 335
218 1055
219 956
219 1255
219 1628
220 455
220 1682
221 1731
222 1820
222 1853
223 1273
224 329
224 716
224 1063
225 1882
226 537
226 549
226 590
227 460
227 883
228 697
228 1764
229 348
229 993
229 997
229 1743
230 668
230 890
231 998
231 1772
232 756
232 1085
232 1605
232 1900
233 1084
233 1509
234 243
234 879
234 1266
234 1719
234 1928
235 387
235 1204
235 1573
236 381
236 1410
237 1049
237 1770
238 1064
238 1415
238 1471
238 1716
238 1964
239 531
239 1175
239 1294
239 1405
241 1086
241 1492
241 1838
242 1529
244 390
245 359
245 466
245 499
245 1433
245 1846
246 850
246 1116
246 1638
247 278
247 512
247 578
249 646
249 960
249 990
249 1530
250 313
250 1036
250 1981
251 1045
251 1819
252 1104
252 1125
252 1996
253 565
253 1019
253 1474
254 1298
254 1886
255 985
255 1349
255 1765
256 1095
257 1333
257 1522
257 1691
257 1748
258 393
258 811
258 945
258 1332
259 471
259 1796
260 1740
260 1850
261 410
261 632
261 926
261 1012
262 490
262 1122
262 1651
262 1843
262 1916
263 1076
263 1846
264 709
265 1573
266 752
266 1029
266 1208
267 447
267 641
267 1350
268 285
268 388
268 641
268 1105
268 1780
270 313
270 505
270 816
271 802
275 1292
275 1561
275 1920
276 558
276 1358
276 1852
276 1925
278 1619
278 1826
278 1907
279 1393
279 1702
279 1807
279 1855
281 692
281 1055
281 1559
282 1254
282 1613
282 1777
283 387
283 547
283 1449
284 1424
285 361
285 1130
286 980
286 1284
286 1413
287 450
287 796
288 415
288 1092
289 449
289 943
289 1213
289 1324
289 1574
290 1079
290 1621
291 496
291 1560
291 1561
291 1603
292 995
292 1224
292 1269
293 799
295 940
295 1458
295 1945
295 1962
296 727
296 1346
296 1481
296 1741
296 1849
297 446
297 500
297 640
297 748
298 1429
299 680
299 795
299 1773
300 628
300 870
300 1223
301 823
301 1881
302 1936
303 537
304 562
304 1825
304 1915
305 344
305 672
305 1333
305 1702
306 1362
307 719
307 1137
307 1891
308 1009
309 1038
309 1375
309 1998
310 1636
310 1704
310 1897
311 841
311 856
311 1994
312 317
312 328
312 1167
313 336
313 780
313 1326
314 614
314 768
314 832
314 874
314 930
314 1628
315 411
315 456
315 598
315 726
315 1053
315 1564
316 1342
316 1405
317 680
317 799
317 1119
317 1607
318 1128
318 1249
318 1339
318 1575
318 1811
319 399
319 1499
319 1824
320 957
320 1277
320 1956
321 456
321 746
321 1100
321 1220
321 1564
321 1662
321 1981
323 611
323 963
323 1622
324 1388
324 1964
325 933
325 1925
326 1125
326 1835
326 1925
327 823
328 924
328 1066
328 1154
328 1886
329 501
329 551
329 573
329 1802
330 900
330 1759
330 1839
331 1309
331 1548
332 541
332 1185
332 1735
332 1999
333 1115
333 1379
334 343
334 736
334 951
334 1390
334 1414
334 1865
335 911
335 1753
336 878
337 1861
338 644
338 788
338 1402
338 1800
339 853
339 857
339 1198
340 1218
340 1230
340 1581
340 1650
341 399
342 559
342 850
342 1196
342 1617
343 419
343 490
343 1245
343 1749
344 609
344 892
344 987
344 1497
344 1505
345 1571
345 1697
346 1466
347 776
348 782
348 911
349 555
349 561
349 1268
350 1068
350 1219
350 1252
350 1439
350 1617
350 1790
351 352
351 1300
351 1581
351 1798
352 1959
353 441
353 1464
353 1688
354 1033
355 1956
356 467
356 1002
356 1399
356 1528
357 477
357 1574
357 1634
357 1776
357 1824
358 410
358 910
358 1273
358 1334
358 1469
358 1706
359 1069
359 1126
359 1651
360 556
360 1168
361 385
361 1909
362 1000
362 1053
362 1450
362 1632
363 1319
363 1424
363 1929
364 621
365 1027
365 1175
365 1381
366 1137
366 1448
367 1282
367 1668
368 454
368 1173
368 1318
368 1776
369 618
369 1542
370 445
370 546
370 957
370 1405
371 389
371 1306
372 496
372 1391
373 1724
374 937
374 1270
374 1688
375 658
375 1868
376 743
376 1483
376 1532
377 728
377 1583
377 1769
377 1921
377 1963
378 537
378 1387
379 744
379 1095
379 1105
380 675
380 1720
380 1919
381 916
381 919
381 1677
382 480
383 426
384 1064
384 1568
385 1269
386 838
386 849
386 1734
386 1787
387 393
387 417
387 1660
388 1483
388 1761
388 1763
389 412
389 487
389 799
390 427
390 990
391 686
391 1142
392 1870
393 725
393 1656
393 1813
394 840
395 1149
395 1251
395 1453
396 504
397 1044
397 1112
397 1141
398 422
399 876
399 1358
400 448
400 1341
400 1999
401 1060
402 1008
402 1546
402 1837
403 1925
404 1520
405 777
405 835
405 1418
405 1821
406 1027
406 1076
407 486
407 1186
407 1459
407 1854
408 752
409 860
411 547
411 1224
411 1426
412 1129
412 1162
412 1175
412 1602
413 1370
413 1503
413 1593
413 1694
413 1738
413 1794
414 955
414 1090
416 1247
416 1339
417 529
417 1411
417 1752
417 1887
418 1017
418 1268
418 1740
419 446
419 990
419 1230
419 1415
419 1680
420 517
420 979
420 1794
421 433
421 586
421 1183
422 1123
422 1325
422 1766
423 477
423 745
423 780
423 975
423 1861
424 1642
425 553
425 884
425 1816
427 991
427 1002
427 1102
427 1413
428 851
428 1342
428 1388
431 458
431 1382
431 1421
432 604
432 832
432 1354
434 1044
434 1334
434 1445
435 1838
435 1908
436 1540
436 1851
437 1807
438 537
439 818
439 877
439 1608
439 1773
441 650
441 965
441 1113
441 1490
441 1654
442 1032
442 1709
443 644
443 1133
443 1251
443 1265
443 1742
444 651
445 724
446 469
446 837
446 1805
447 740
447 782
448 1728
449 1283
450 957
450 1295
450 1430
450 1889
452 516
452 630
452 1068
452 1483
453 543
453 607
454 1296
454 1700
455 772
455 1323
455 1759
457 870
457 1494
457 1699
458 1728
458 1910
459 1365
459 1483
459 1656
460 1002
460 1215
460 1739
460 1788
460 1935
461 900
461 1839
462 986
462 1648
463 523
463 1169
463 1302
465 1205
465 1362
466 1090
466 1345
466 1971
467 1285
468 1252
468 1353
468 1499
468 1747
469 564
469 1469
470 1150
470 1353
470 1448
470 1976
471 474
471 847
471 1355
471 1537
471 1690
472 807
473 1088
473 1128
473 1390
474 544
474 935
474 1124
475 760
475 1138
476 1906
476 1967
477 1248
477 1830
478 1030
478 1715
478 1768
479 891
479 902
479 1202
479 1985
482 632
482 902
482 1550
482 1571
482 1806
482 1862
483 1393
484 1211
485 797
485 999
485 1315
486 1252
486 1255
486 1430
486 1952
487 558
487 1208
487 1790
488 829
489 1205
489 1689
490 1741
490 1966
491 888
491 1121
491 1397
492 525
492 1104
493 766
493 1054
493 1983
494 602
494 977
494 1090
495 658
495 1035
495 1369
495 1728
496 1604
496 1939
497 1669
497 1696
498 889
498 924
498 1033
499 829
499 1321
500 842
500 1136
500 1877
501 1288
501 1679
501 1827
502 1410
502 1701
503 992
503 1161
503 1717
504 1132
505 1151
506 929
507 796
507 1488
508 1475
510 935
510 1005
510 1633
512 1356
512 1523
513 1480
514 1392
514 1838
515 1077
515 1083
515 1589
515 1593
516 1750
517 1308
517 1685
518 949
518 1593
520 1187
521 1296
521 1365
522 1377
522 1389
522 1767
523 1308
524 1451
524 1476
524 1767
525 799
525 1284
525 1880
525 1902
527 695
527 770
528 629
528 1222
528 1608
529 604
529 683
529 1363
529 1607
529 1918
532 1289
532 1500
533 555
533 1165
534 898
534 1342
534 1347
535 1121
535 1615
537 789
537 1303
538 841
538 1008
538 1247
538 1841
539 1133
539 1948
540 735
540 788
540 919
540 1550
540 1575
540 1937
541 1165
541 1612
542 1190
542 1270
542 1317
542 1424
543 1597
544 620
544 1189
544 1977
545 757
545 1983
546 822
546 893
546 1393
546 1701
546 1967
547 663
547 1283
547 1546
548 694
549 611
549 1348
549 1753
549 1800
550 1082
550 1176
550 1610
551 993
551 1757
552 836
552 1267
552 1699
552 1780
552 1996
553 1852
553 1953
554 1271
555 559
555 1735
556 643
556 912
561 617
561 723
561 1573
562 726
562 978
562 1249
563 1140
563 1364
564 1290
565 580
565 1162
565 1578
565 1667
565 1895
567 732
567 1665
568 1151
568 1787
569 1206
570 802
570 1690
570 1815
570 1882
571 879
571 1109
571 1823
574 1312
574 1654
574 1932
575 1682
576 1335
577 1927
578 1212
578 1377
579 1146
579 1315
579 1470
579 1665
579 1930
580 585
580 1131
581 795
581 1384
582 1187
583 872
583 1595
583 1860
584 1194
584 1679
585 805
586 1292
587 1103
588 773
588 943
589 607
589 1432
589 1967
590 977
590 1988
591 1470
591 1750
591 1841
592 911
592 1408
593 1725
595 1923
596 671
596 1517
596 1578
597 1831
598 1165
598 1252
599 1641
601 1879
602 1613
603 947
603 1077
603 1102
603 1518
603 1983
604 1910
605 908
605 1655
605 1958
606 1360
606 1602
606 1671
607 653
610 888
610 1277
611 1400
611 1423
611 1596
611 1679
611 1863
613 667
613 1007
613 1433
613 1467
613 1487
613 1538
614 1198
614 1749
614 1790
615 771
615 832
616 893
616 1412
616 1852
617 1442
618 1155
618 1385
620 719
620 922
621 635
621 1402
621 1635
621 1828
621 1897
622 1482
623 1837
624 892
624 1310
625 1163
626 1393
626 1691
629 665
629 767
629 1638
630 731
630 964
631 1515
632 1048
633 640
633 696
633 1746
634 1275
634 1514
634 1808
635 687
635 1551
636 1720
637 943
637 1031
637 1261
637 1505
638 1496
638 1687
639 1634
640 1447
640 1494
640 1753
641 1028
641 1688
641 1913
643 768
643 1360
644 1517
644 1527
644 1917
645 925
646 972
646 1491
646 1844
647 1151
647 1471
647 1978
648 753
648 905
648 1469
648 1566
648 1785
648 1806
649 1242
650 1324
651 889
652 678
652 1403
653 1394
654 737
654 977
654 1026
654 1507
654 1677
657 790
658 686
658 1230
658 1648
658 1967
659 939
659 1151
659 1548
659 1687
659 1785
660 1281
660 1929
661 1008
661 1035
661 1523
662 744
662 818
662 1025
662 1279
662 1436
663 1594
664 694
664 887
665 1255
665 1446
665 1458
665 1995
667 1451
668 1367
668 1568
669 1440
669 1954
671 1868
672 1629
672 1865
673 778
673 1784
673 1938
674 1654
675 1979
676 704
676 1303
676 1522
677 684
678 1070
679 1355
680 1482
682 742
682 792
682 1126
682 1360
682 1917
683 1163
684 724
684 1434
684 1498
684 1956
685 827
685 1676
685 1807
686 1559
687 702
687 717
687 1527
687 1618
688 906
688 1643
689 1751
690 924
690 1100
690 1156
690 1419
690 1443
690 1545
691 1165
691 1356
693 884
694 1157
695 1742
695 1933
696 1753
697 1419
698 1217
699 707
699 1195
699 1630
701 1232
701 1325
702 1196
702 1606
702 1925
703 1339
704 770
704 1428
704 1902
705 830
705 877
705 1112
705 1265
706 1149
706 1841
707 1178
707 1389
707 1921
707 1968
708 840
708 1703
709 868
709 1839
710 884
710 1054
710 1133
710 1175
710 1803
710 1937
712 1725
713 790
713 876
713 1160
713 1262
713 1684
714 873
714 1059
714 1204
714 1387
715 814
715 1190
715 1306
716 814
716 868
716 1299
716 1675
717 1709
718 1230
718 1413
718 1588
718 1639
718 1805
718 1814
719 991
720 1192
720 1375
721 775
723 878
723 925
726 738
726 1593
727 1225
727 1396
729 1771
729 1782
730 1013
731 1410
733 1059
733 1876
734 1081
734 1155
735 1516
736 938
736 1927
737 1218
737 1602
738 1725
739 1251
740 936
740 1083
740 1617
741 820
741 1828
741 1861
741 1898
742 794
742 1480
743 907
743 1154
743 1856
745 844
745 1132
746 1654
746 1728
746 1891
747 811
747 1244
748 789
748 1982
749 1473
749 1965
749 1997
750 1549
750 1682
750 1768
750 1948
751 799
751 1087
751 1163
751 1291
752 777
752 1253
752 1990
754 1766
755 1292
756 1357
757 1549
758 1820
759 1364
759 1545
760 920
762 1424
762 1627
764 1074
764 1861
767 1465
768 1012
768 1064
768 1250
768 1513
768 1850
768 1948
769 903
769 1091
769 1699
770 1670
771 808
771 1364
771 1426
771 1687
771 1827
772 788
772 806
772 1536
772 1795
772 1926
773 1248
774 829
774 1489
774 1653
774 1810
775 1057
775 1271
775 1462
777 1568
778 821
778 1946
779 967
779 1058
779 1627
780 1265
781 1408
781 1835
782 920
782 1257
783 1414
783 1898
783 1924
784 1973
785 1048
785 1183
785 1200
785 1249
787 1330
787 1364
787 1457
787 1658
788 906
788 956
788 1318
788 1445
788 1981
789 1037
789 1392
790 1120
792 1988
793 1457
793 1645
793 1850
794 801
795 939
795 1825
796 859
797 1584
798 1431
798 1578
799 819
799 1483
799 1605
800 1375
800 1737
800 1906
801 1485
803 1142
803 1917
804 924
804 1050
804 1346
805 1247
805 1251
805 1590
805 1773
806 1936
807 1409
808 1469
810 1034
810 1967
811 1124
811 1131
812 824
812 1367
812 1696
812 1718
813 1635
814 1390
815 1731
816 1827
816 1934
817 1609
817 1938
818 853
818 1241
818 1758
819 1002
819 1072
819 1292
820 1099
820 1287
820 1315
822 1615
822 1955
823 1039
824 1869
825 1204
825 1839
826 1455
827 1096
827 1442
827 1588
827 1849
828 940
828 1879
831 1221
832 1108
832 1824
832 1971
833 1036
833 1493
833 1794
834 956
835 1092
835 1234
835 1631
835 1931
836 1513
836 1981
838 1057
840 884
840 1419
840 1550
841 1575
841 1727
842 1227
843 1392
843 1869
844 882
844 978
844 1203
844 1670
844 1788
844 1879
845 1673
846 1167
847 896
847 1341
848 1345
849 1050
849 1238
850 940
850 1335
850 1852
851 1181
854 859
854 1058
854 1109
855 981
857 1818
858 1150
858 1199
858 1394
858 1531
860 1124
860 1225
860 1527
860 1940
862 936
862 1866
864 1956
865 1320
865 1422
865 1497
866 1021
866 1646
867 1159
867 1534
868 1677
869 1159
869 1913
870 874
871 1578
872 946
872 1160
872 1433
872 1533
872 1797
872 1899
873 1251
873 1930
873 1963
874 1115
874 1198
874 1312
874 1481
876 1200
877 1973
878 1108
878 1757
879 1576
880 1298
881 1215
883 885
883 1545
883 1621
883 1684
884 972
884 1416
884 1444
885 1260
886 1314
887 1693
889 1283
889 1442
890 1044
890 1115
891 1535
892 1176
892 1461
892 1510
893 1513
893 1856
895 1283
895 1436
895 1621
895 1744
896 1358
896 1930
896 1953
898 1367
898 1413
898 1756
899 1977
900 1054
901 1935
902 926
902 1104
903 1157
904 1299
904 1435
904 1530
906 919
906 1834
908 1397
909 1227
911 1061
911 1169
911 1572
912 1830
914 1048
914 1282
914 1826
917 997
917 1117
917 1286
918 1042
919 1246
919 1517
920 1535
920 1855
921 1930
922 1062
923 1459
923 1917
924 1043
924 1140
924 1934
925 1135
925 1638
927 1402
928 1940
929 1521
929 1815
929 1818
930 997
930 1798
931 1439
931 1689
933 1035
934 1412
935 1043
935 1195
935 1810
935 1885
936 943
937 1574
937 1816
937 1916
939 1524
939 1729
940 1240
941 1512
943 954
944 978
945 1709
945 1737
945 1745
946 976
946 1054
946 1173
946 1696
946 1912
947 1730
948 1364
948 1683
949 962
949 1176
949 1515
949 1804
951 1315
951 1532
951 1939
952 1009
952 1565
953 1305
953 1355
953 1361
954 1955
956 1664
956 1814
957 1218
957 1323
957 1866
958 1928
959 1814
959 1856
961 1258
961 1680
961 1786
961 1945
963 1487
963 1905
964 1515
965 1011
966 1099
971 1009
972 1184
972 1608
973 1657
974 1960
975 1006
975 1504
975 1795
976 1091
976 1245
977 1595
978 1707
978 1774
978 1957
979 1486
981 1399
981 1428
981 1782
981 1799
981 1974
982 1770
983 1161
984 1022
984 1926
985 1576
986 1650
987 1005
988 1265
988 1386
988 1406
989 1466
989 1857
990 1162
990 1679
992 1226
993 1680
994 1828
994 1867
995 1487
995 1794
997 1130
998 1882
1000 1680
1002 1375
1003 1282
1003 1604
1003 1776
1003 1836
1004 1273
1004 1404
1005 1316
1005 1424
1006 1618
1007 1373
1007 1749
1008 1225
1008 1482
1008 1973
1009 1869
1010 1493
1010 1669
1010 1673
1011 1254
1011 1433
1011 1824
1012 1089
1013 1240
1013 1737
1013 1755
1014 1374
1014 1720
1016 1474
1017 1554
1018 1099
1018 1120
1018 1642
1018 1975
1019 1243
1019 1889
1020 1703
1022 1331
1024 1659
1024 1859
1024 1987
1025 1498
1025 1594
1026 1100
1026 1500
1026 1912
1027 1205
1028 1342
1028 1428
1029 1168
1029 1529
1030 1634
1030 1842
1031 1192
1031 1839
1031 1962
1032 1109
1034 1101
1034 1412
1037 1673
1039 1351
1040 1322
1040 1404
1040 1467
1040 1701
1041 1208
1041 1522
1041 1859
1043 1519
1043 1637
1044 1339
1044 1423
1044 1993
1045 1972
1046 1632
1046 1841
1047 1824
1047 1905
1048 1721
1048 1785
1052 1245
1052 1576
1053 1093
1054 1895
1055 1602
1055 1956
1056 1429
1056 1761
1056 1783
1056 1830
1058 1061
1058 1107
1058 1193
1059 1086
1059 1362
1059 1387
1061 1305
1061 1447
1062 1426
1062 1582
1063 1312
1065 1070
1065 1495
1066 1641
1067 1234
1067 1260
1067 1759
1068 1473
1068 1713
1068 1808
1068 1813
1069 1276
1069 1386
1070 1889
1071 1203
1071 1468
1072 1730
1073 1305
1074 1496
1074 1502
1074 1520
1075 1295
1075 1298
1075 1631
1075 1880
1076 1366
1076 1443
1077 1162
1077 1163
1078 1964
1080 1307
1080 1664
1081 1397
1081 1910
1082 1764
1083 1119
1083 1433
1083 1683
1084 1747
1084 1898
1085 1433
1086 1115
1086 1518
1086 1650
1088 1196
1088 1978
1089 1487
1090 1813
1092 1575
1093 1135
1093 1200
1094 1223
1094 1683
1095 1610
1096 1289
1096 1541
1096 1824
1097 1638
1097 1894
1097 1964
1098 1349
1098 1545
1098 1902
1099 1507
1100 1870
1100 1895
1101 1178
1102 1106
1102 1931
1104 1449
1104 1574
1104 1825
1104 1987
1105 1134
1105 1258
1106 1969
1107 1198
1107 1665
1109 1446
1109 1820
1109 1956
1110 1477
1110 1762
1111 1473
1112 1825
1113 1138
1114 1329
1114 1680
1114 1996
1115 1800
1115 1916
1115 1928
1116 1536
1117 1526
1118 1676
1119 1423
1119 1470
1119 1519
1120 1956
1121 1682
1123 1352
1124 1481
1124 1767
1126 1244
1127 1758
1127 1774
1127 1938
1129 1528
1129 1589
1131 1659
1132 1213
1132 1497
1133 1703
1133 1862
1134 1965
1135 1224
1136 1284
1136 1693
1136 1902
1137 1252
1138 1356
1138 1933
1139 1379
1140 1297
1141 1584
1141 1638
1142 1360
1142 1886
1143 1691
1143 1721
1147 1519
1149 1582
1150 1428
1151 1322
1152 1363
1153 1161
1153 1417
1154 1295
1155 1537
1156 1475
1156 1758
1158 1797
1158 1799
1159 1691
1161 1498
1161 1527
1161 1555
1162 1334
1162 1552
1163 1239
1165 1849
1166 1733
1166 1922
1166 1984
1167 1977
1169 1764
1169 1859
1172 1579
1173 1400
1176 1445
1177 1741
1178 1207
1179 1740
1180 1796
1181 1593
1183 1221
1183 1407
1186 1360
1186 1578
1187 1899
1189 1457
1191 1944
1192 1371
1192 1672
1193 1626
1193 1777
1194 1697
1194 1748
1198 1289
1199 1783
1201 1681
1202 1411
1202 1655
1204 1683
1204 1913
1205 1208
1205 1686
1206 1859
1208 1396
1211 1741
1215 1497
1215 1790
1216 1409
1217 1440
1218 1910
1219 1408
1219 1798
1222 1862
1222 1864
1223 1863
1224 1633
1225 1718
1226 1326
1228 1329
1230 1901
1231 1334
1232 1321
1232 1729
1233 1283
1234 1503
1236 1511
1236 1737
1237 1300
1237 1429
1237 1435
1237 1672
1240 1312
1240 1498
1241 1387
1241 1842
1243 1776
1244 1248
1245 1465
1245 1772
1247 1773
1247 1803
1247 1863
1247 1984
1250 1652
1253 1364
1253 1648
1254 1400
1254 1658
1254 1852
1254 1993
1255 1273
1255 1621
1257 1837
1261 1712
1262 1613
1264 1750
1268 1335
1269 1558
1270 1365
1270 1590
1270 1943
1271 1778
1272 1714
1272 1978
1273 1721
1274 1804
1275 1538
1276 1394
1278 1319
1278 1882
1280 1728
1280 1931
1281 1436
1281 1717
1281 1856
1283 1540
1284 1691
1284 1800
1287 1570
1288 1964
1289 1563
1290 1831
1291 1602
1291 1872
1292 1616
1292 1767
1293 1594
1294 1440
1294 1538
1295 1781
1296 1847
1298 1702
1298 1827
1299 1620
1299 1987
1301 1340
1301 1562
1301 1887
1305 1609
1306 1961
1306 1966
1310 1537
1311 1947
1311 1967
1312 1431
1313 1374
1313 1776
1313 1825
1314 1995
1316 1906
1319 1521
1320 1582
1320 1998
1323 1528
1323 1620
1324 1749
1327 1845
1328 1712
1328 1900
1331 1393
1331 1407
1332 1569
1333 1567
1333 1965
1334 1578
1338 1616
1338 1880
1340 1649
1341 1536
1341 1920
1342 1437
1343 1370
1343 1661
1344 1904
1347 1530
1347 1638
1348 1885
1349 1415
1350 1447
1351 1753
1352 1634
1353 1634
1353 1856
1354 1590
1354 1782
1356 1468
1357 1532
1358 1655
1358 1723
1358 1938
1360 1799
1361 1432
1361 1610
1362 1365
1362 1424
1364 1937
1365 1708
1366 1759
1368 1906
1372 1457
1374 1701
1374 1895
1374 1976
1376 1924
1377 1875
1378 1463
1379 1389
1379 1601
1380 1556
1380 1591
1380 1862
1380 1960
1381 1701
1382 1405
1382 1612
1382 1931
1383 1568
1383 1638
1383 1958
1384 1948
1386 1643
1388 1622
1388 1883
1389 1655
1391 1823
1392 1501
1392 1630
1395 1555
1395 1873
1396 1685
1397 1916
1400 1608
1401 1997
1402 1547
1402 1833
1404 1772
1407 1864
1410 1707
1410 1856
1413 1693
1413 1901
1415 1600
1417 1577
1418 1612
1419 1583
1419 1788
1419 1841
1420 1648
1420 1848
1426 1733
1427 1699
1428 1575
1430 1637
1432 1732
1432 1912
1434 1595
1435 1783
1436 1472
1436 1756
1440 1895
1446 1768
1449 1930
1450 1503
1451 1565
1452 1590
1452 1657
1453 1751
1454 1789
1454 1800
1455 1685
1459 1518
1461 1598
1461 1755
1461 1802
1462 1973
1462 1974
1464 1758
1464 1957
1465 1631
1465 1674
1466 1827
1466 1856
1467 1642
1468 1631
1468 1769
1468 1805
1469 1790
1470 1476
1470 1887
1471 1501
1472 1567
1473 1515
1474 1802
1476 1824
1476 1979
1477 1504
1477 1649
1477 1753
1480 1773
1483 1981
1484 1525
1485 1491
1486 1945
1487 1533
1487 1541
1491 1886
1494 1695
1496 1973
1497 1925
1497 1990
1498 1561
1498 1583
1499 1680
1500 1788
1501 1993
1503 1715
1503 1809
1508 1702
1509 1587
1510 1647
1512 1834
1513 1525
1513 1944
1514 1621
1516 1781
1518 1696
1519 1953
1520 1776
1521 1630
1521 1933
1522 1717
1522 1905
1523 1540
1525 1570
1525 1575
1525 1889
1528 1911
1529 1951
1530 1659
1531 1724
1532 1609
1532 1966
1533 1862
1535 1598
1538 1936
1541 1635
1541 1911
1545 1725
1547 1707
1548 1679
1548 1964
1549 1763
1551 1832
1553 1965
1554 1574
1555 1701
1555 1790
1556 1853
1558 1584
1558 1607
1560 1747
1562 1624
1565 1869
1566 1800
1569 1935
1572 1851
1573 1753
1578 1765
1582 1761
1582 1799
1585 1706
1585 1766
1585 1808
1586 1799
1586 1831
1588 1958
1596 1947
1597 1609
1598 1856
1601 1676
1603 1993
1608 1785
1608 1872
1610 1939
1612 1636
1612 1856
1612 1861
1613 1958
1616 1695
1619 1623
1623 1664
1624 1710
1626 1909
1627 1900
1629 1768
1633 1812
1635 1936
1641 1907
1643 1653
1643 1656
1644 1871
1647 1787
1647 1875
1647 1881
1647 1953
1648 1672
1650 1949
1651 1911
1651 1942
1656 1759
1658 1850
1661 1912
1665 1994
1667 1937
1670 1673
1672 1893
1673 1730
1673 1750
1677 1685
1678 1799
1679 1854
1682 1837
1683 1859
1695 1930
1697 1913
1699 1700
1703 1955
1704 1750
1710 1798
1711 1757
1712 1888
1712 1980
1714 1921
1719 1777
1720 1799
1720 1835
1723 1914
1724 1773
1728 1986
1738 1819
1744 1823
1746 1834
1746 1975
1750 1877
1753 1922
1759 1861
1760 1912
1765 1888
1766 1930
1766 1989
1769 1775
1771 1773
1772 1946
1774 1921
1780 1897
1782 1789
1789 1923
1790 1986
1798 1816
1803 1981
1812 1971
1816 1903
1817 1898
1819 1853
1819 1967
1822 1965
1833 1895
1837 1965
1842 1923
1844 1967
1845 1982
1849 1912
1851 1945
1852 1899
1855 1896
1857 1879
1857 1924
1858 1927
1860 1962
1864 1934
1865 1982
1876 1964
1889 1966
1897 1903
1911 1966
1916 1996
1917 1937
1917 1939
1919 1973
1920 1952
1921 1962
1927 1982
1932 1968
1935 1960
1945 1988
1954 1984
1955 1974
1958 1982
1975 1995
