2000 3068
96
66
93
79
1
19
13
66
83
27
81
79
5
87
4
27
81
83
26
37
10
43
34
31
94
27
66
100
59
95
43
10
63
57
33
16
12
71
20
94
61
7
90
41
72
96
10
95
58
9
83
17
79
25
59
55
35
89
29
54
71
55
56
57
88
45
91
53
45
8
9
35
68
14
80
80
20
27
70
45
40
58
61
9
15
82
78
36
92
68
47
43
16
28
38
55
48
3
75
25
55
26
65
40
35
26
27
23
8
56
86
98
89
70
100
25
7
30
91
63
40
19
90
78
17
98
37
25
36
2
17
4
20
81
6
11
21
74
69
58
95
62
53
22
82
64
86
3
23
94
39
33
52
46
32
96
37
25
6
92
1
82
89
5
84
7
57
26
13
97
8
42
100
100
74
58
27
9
63
33
33
92
5
93
29
82
36
64
85
33
21
19
63
91
1
90
55
43
6
63
78
82
94
27
12
84
42
28
71
88
81
91
23
33
84
40
42
83
2
53
54
56
56
83
60
22
17
64
1
60
28
73
6
73
37
64
90
56
5
38
29
55
17
26
88
77
44
80
32
72
21
61
33
72
13
19
87
4
37
78
30
100
37
89
79
38
27
16
24
3
59
100
96
28
70
42
89
77
52
64
64
6
49
26
44
5
99
53
66
90
79
55
76
87
60
63
49
12
41
64
27
24
5
57
86
99
49
47
3
43
45
84
4
4
72
19
15
22
58
24
30
44
21
70
88
88
70
20
46
60
61
53
38
59
36
43
57
24
98
67
24
40
40
87
22
69
19
44
97
4
47
12
10
72
16
99
17
81
94
15
29
88
7
68
35
53
73
3
86
24
60
57
88
99
13
48
42
37
10
80
73
6
14
66
46
27
84
43
49
4
39
53
33
44
42
98
95
22
48
35
63
55
40
85
39
79
71
73
61
23
58
41
11
41
76
32
82
80
84
39
95
87
48
16
15
62
2
36
54
76
19
97
60
93
56
15
33
82
60
29
48
5
98
68
52
76
36
29
89
3
53
20
47
37
92
13
61
49
61
68
30
44
22
36
85
70
66
88
43
18
92
92
16
80
71
27
87
77
8
72
50
42
11
52
87
49
34
75
29
7
65
78
75
46
2
28
16
18
67
65
98
74
69
56
1
64
31
49
58
3
20
10
21
38
18
16
28
1
83
21
58
26
82
53
99
87
11
14
64
7
56
97
70
78
26
88
25
7
19
88
22
34
77
79
26
45
95
19
65
71
100
28
2
81
42
38
16
92
80
46
21
89
90
56
27
81
33
89
38
18
21
54
56
35
47
82
5
66
8
73
94
23
44
78
62
25
34
96
100
56
57
31
37
30
100
14
83
27
87
26
74
56
32
26
7
68
63
88
5
84
50
59
76
65
39
64
45
76
72
3
72
84
27
87
67
25
40
47
16
93
56
11
54
26
15
37
5
62
70
96
26
61
96
60
88
49
5
95
87
36
8
45
66
45
21
42
5
73
70
96
50
99
22
90
32
53
3
50
91
11
59
86
3
4
30
43
90
26
44
95
78
39
25
35
35
44
90
47
42
70
55
19
90
65
65
61
21
51
60
68
8
44
50
44
15
83
61
12
54
4
89
57
84
91
91
70
95
32
65
89
43
76
70
57
76
26
2
99
38
38
74
4
29
89
5
92
61
63
67
17
31
90
86
52
54
95
71
94
25
15
73
5
28
66
77
73
54
94
75
69
54
94
25
92
47
12
87
77
70
58
13
72
8
21
4
54
98
15
28
84
29
72
22
32
63
86
13
67
38
95
36
77
70
54
41
3
46
50
53
7
55
11
47
78
84
71
22
15
5
37
61
80
39
15
24
9
16
70
40
51
7
49
31
73
100
72
66
73
49
90
59
83
81
35
69
45
1
8
87
55
66
45
87
30
87
80
60
47
66
70
2
38
14
80
32
21
65
27
33
13
65
18
6
52
75
95
20
55
77
19
36
39
65
53
92
90
24
70
2
37
82
95
70
69
100
17
2
53
11
89
1
68
86
43
47
68
54
97
28
40
21
84
98
30
62
59
5
25
3
22
79
18
75
63
45
73
87
52
87
89
62
73
90
26
90
60
65
25
16
94
11
36
20
2
84
59
86
67
83
64
43
10
35
47
5
43
68
28
13
1
25
34
27
60
38
78
64
75
24
59
25
37
73
42
73
32
21
41
42
22
57
72
56
75
15
92
50
69
73
93
66
70
44
43
7
62
91
60
33
82
72
85
17
69
18
28
42
39
74
100
79
99
66
93
80
77
88
97
83
68
69
100
73
35
42
94
77
92
63
64
45
19
24
69
39
3
1
44
73
78
79
61
89
76
42
52
65
25
21
35
33
68
100
40
48
61
38
65
37
33
13
70
70
60
86
55
43
3
8
6
53
37
42
18
88
73
31
67
54
33
52
39
57
83
47
48
99
98
24
58
1
1
9
56
77
82
96
74
20
61
48
76
63
83
15
79
11
89
10
94
18
30
86
74
58
17
93
14
87
41
67
76
93
54
97
52
20
76
52
24
91
68
79
87
50
6
69
68
41
14
76
95
87
19
2
25
28
75
20
22
42
87
39
77
75
97
95
26
64
55
26
20
76
78
67
85
63
46
2
37
74
80
52
11
74
67
76
95
17
43
85
88
70
26
22
29
43
89
69
82
29
87
1
15
27
46
37
30
95
69
20
70
93
14
40
68
100
94
52
95
29
49
42
96
69
2
52
45
55
66
53
14
42
70
20
77
90
30
46
62
25
83
79
50
67
94
88
20
58
82
28
59
70
21
30
73
99
48
90
36
81
45
61
45
74
48
1
24
66
53
71
28
38
63
51
92
93
49
71
71
19
23
89
23
27
96
89
17
42
33
83
47
92
4
9
3
22
73
67
18
19
62
26
88
18
53
99
52
21
16
44
44
11
34
7
82
55
15
44
66
54
15
30
97
25
26
80
14
77
61
62
17
95
72
32
74
14
83
91
85
89
90
51
84
33
80
39
55
28
40
29
53
50
20
63
17
67
65
32
83
18
59
22
46
57
86
75
64
27
7
44
75
61
20
92
6
93
20
60
90
94
100
98
19
51
22
76
19
99
91
13
46
17
93
28
33
77
44
92
30
2
38
7
69
96
4
93
10
33
70
54
45
36
29
9
25
5
93
6
35
50
4
85
6
20
81
16
94
31
93
53
9
21
69
15
36
96
21
44
8
14
56
27
78
44
85
49
75
21
10
41
38
54
56
29
10
32
14
30
43
86
55
23
51
18
53
47
34
70
88
94
87
50
94
15
69
87
79
12
64
26
25
5
66
13
3
97
21
78
22
39
46
45
52
19
41
50
60
80
38
88
77
89
54
67
29
18
95
18
73
70
98
74
13
40
84
18
62
2
58
81
48
78
1
89
35
93
2
21
1
80
59
55
28
84
30
71
17
23
58
80
11
42
91
64
8
91
51
16
61
90
7
56
73
75
89
52
31
66
30
51
41
18
82
52
14
97
14
16
69
89
94
99
62
68
100
85
22
12
98
27
27
36
63
29
78
52
3
76
61
48
72
56
75
67
8
1
5
19
43
98
71
41
20
78
11
61
18
41
56
27
38
37
90
52
96
98
76
41
60
67
91
92
51
32
94
97
63
82
13
84
79
86
1
6
8
13
39
51
90
35
26
13
31
48
18
62
66
2
82
51
32
38
75
14
82
51
76
30
98
98
9
27
5
22
3
94
18
74
57
66
43
8
48
86
39
63
59
1
92
11
44
23
89
98
83
37
27
11
42
43
28
50
95
57
11
16
63
47
15
63
95
94
33
75
54
82
55
49
96
85
19
15
8
80
30
28
68
95
12
8
8
92
94
65
70
76
37
78
17
54
19
53
52
4
79
53
87
55
12
91
94
64
29
52
63
10
91
51
92
73
92
40
6
69
19
22
31
33
52
36
92
20
97
3
69
63
6
19
43
100
5
68
75
1
31
37
30
3
2
31
65
85
99
39
99
18
78
87
50
8
63
35
30
15
8
63
31
45
86
42
40
97
98
76
27
87
19
44
69
37
80
97
99
76
55
60
11
28
64
35
26
91
26
61
66
23
36
4
86
72
54
45
64
96
66
29
50
36
75
37
29
23
8
80
53
79
7
53
66
74
18
28
53
42
76
50
68
93
54
8
89
56
27
8
66
78
93
34
12
2
87
84
81
16
85
27
29
19
92
25
27
15
20
61
22
98
50
82
34
15
45
75
97
49
70
1
54
87
79
99
79
47
17
56
8
29
86
48
76
53
99
91
48
92
18
46
4
92
32
48
66
35
77
8
13
53
78
31
7
35
55
89
88
57
83
13
23
39
23
95
10
43
86
52
50
10
92
67
96
52
13
68
18
93
41
62
46
93
38
83
76
33
13
69
16
72
18
3
25
26
63
26
75
6
43
8
32
59
68
54
13
5
53
84
74
47
88
22
48
63
1
30
53
79
22
8
99
43
42
63
30
18
71
30
100
85
32
62
10
39
10
10
30
75
23
9
24
1
91
1 271
1 855
2 266
2 387
2 451
2 604
2 1257
2 1277
2 1803
3 1627
4 627
4 692
4 1406
6 973
6 1331
6 1804
6 1855
6 1871
7 641
8 185
8 450
8 1362
9 22
9 128
9 345
9 579
9 770
9 943
10 320
10 509
10 1166
11 47
11 1317
11 1709
12 335
12 1015
12 1043
13 97
13 409
13 1081
14 133
14 339
14 391
14 679
15 170
15 699
15 1064
15 1998
16 37
16 550
16 1227
16 1930
17 219
17 1302
18 250
18 342
18 585
18 791
18 1559
19 1441
19 1642
20 171
20 960
20 1099
20 1119
20 1207
20 1982
20 1985
21 58
22 183
22 347
22 382
23 129
23 340
23 805
24 754
25 248
25 629
25 945
25 1682
26 476
26 926
27 443
27 661
27 1654
28 383
28 762
28 1005
28 1423
28 1916
29 257
29 1164
29 1177
29 1471
29 1746
30 123
30 888
30 1121
30 1353
31 268
31 425
31 1435
31 1589
32 872
32 1311
32 1535
33 126
33 1112
34 771
34 1030
34 1663
34 1880
34 1966
35 369
35 1137
35 1309
35 1648
36 285
37 42
37 460
37 1825
37 1835
38 651
38 1214
39 272
40 162
40 303
40 1692
41 95
41 553
41 1023
41 1025
41 1230
41 1338
41 1720
42 77
42 473
42 958
42 1067
42 1593
43 876
44 175
44 344
44 458
44 563
44 742
45 240
45 982
45 1783
46 232
46 239
46 508
46 1240
47 246
48 380
48 1410
48 1582
49 845
49 1061
49 1102
49 1166
49 1640
50 1431
50 1479
50 1481
50 1672
51 624
51 666
52 61
52 372
52 845
52 896
52 1003
52 1297
53 458
53 1218
53 1622
54 346
54 778
54 1028
54 1627
55 783
55 903
55 980
55 1876
56 150
56 1028
56 1523
57 213
57 1012
57 1436
58 671
59 256
59 681
59 1305
59 1487
59 1530
60 161
60 515
62 103
62 583
62 1090
63 302
63 326
63 1286
64 101
65 159
65 1747
65 1770
66 348
66 512
66 579
66 964
66 1153
66 1720
67 308
67 381
67 1923
68 437
68 573
68 936
68 1603
68 1665
69 886
69 1028
69 1195
69 1363
69 1531
69 1585
70 1173
70 1811
72 842
72 1022
72 1628
73 307
73 1034
73 1505
73 1918
74 1741
75 997
76 359
76 1499
76 1587
77 182
77 295
77 344
77 412
77 468
77 912
77 1916
78 943
78 1604
79 1727
79 1799
80 370
80 419
80 1313
80 1732
80 1791
81 1019
81 1933
83 1299
84 1181
85 589
85 1402
85 1943
86 680
86 895
86 994
86 1254
87 226
87 251
87 651
87 1009
88 1271
89 195
89 575
89 727
89 905
89 1782
90 434
90 952
90 1785
91 678
92 445
92 643
92 1051
92 1372
92 1723
93 449
93 664
93 667
93 1528
94 106
94 427
94 698
94 822
94 954
94 1600
95 125
95 503
95 850
95 1387
95 1709
96 1063
96 1161
96 1329
96 1487
97 551
97 1607
98 781
98 936
98 1004
100 1272
100 1367
101 148
101 1024
102 497
102 793
102 1261
102 1542
102 1726
103 678
103 694
103 1130
103 1249
104 1261
104 1713
105 205
105 271
105 718
105 1059
106 1035
106 1743
107 600
107 821
107 1271
107 1275
108 134
108 670
108 1126
108 1349
109 117
109 950
110 948
110 1887
111 395
111 410
111 1173
111 1716
112 386
112 866
112 1917
113 540
113 1448
114 1100
114 1627
114 1890
115 626
115 1936
116 850
116 856
116 1021
116 1055
117 643
117 754
118 123
118 492
118 1780
118 1799
119 447
119 726
119 1190
119 1387
120 156
120 346
120 590
120 1082
120 1196
120 1735
121 238
121 548
122 1038
122 1186
122 1287
123 488
124 146
124 249
124 454
124 981
124 1152
125 393
126 909
126 1902
127 270
127 315
127 357
127 421
127 629
127 1084
127 1683
127 1957
128 219
128 518
129 349
129 908
129 1028
129 1367
130 200
131 260
131 513
131 531
131 1951
132 979
132 1113
132 1124
132 1153
133 1612
134 964
134 1068
134 1182
134 1558
135 554
135 686
135 1082
135 1280
135 1961
136 1148
136 1463
137 1093
138 162
138 1354
139 801
139 1729
140 200
140 1130
140 1518
140 1945
141 552
141 1786
142 772
142 1934
143 215
143 996
143 1418
144 518
144 705
144 1264
145 803
145 1287
145 1456
145 1675
145 1875
145 1893
145 1994
146 325
146 1661
147 903
147 1110
147 1135
147 1844
147 1866
147 1992
148 373
150 630
150 884
150 1097
150 1515
150 1648
151 186
151 533
151 1079
151 1879
152 560
152 987
152 1614
152 1870
153 397
154 1366
154 1618
155 1091
155 1338
155 1386
155 1923
157 611
157 814
157 1003
159 200
159 823
159 911
159 1805
160 1502
161 281
161 1290
161 1836
161 1931
162 185
162 1910
163 312
164 354
164 364
164 449
164 1092
164 1873
164 1950
165 172
165 639
165 1261
165 1291
165 1611
165 1784
167 174
167 1111
167 1133
168 1809
169 277
169 541
169 663
169 786
169 815
169 1970
170 606
170 1414
171 770
171 976
172 525
172 984
172 1159
173 862
173 940
173 960
175 294
175 1566
176 192
176 963
176 1628
176 1945
177 192
177 1211
178 1261
178 1579
179 1060
179 1647
180 1417
180 1438
180 1990
181 858
181 1160
182 865
182 868
182 1997
183 970
183 1132
183 1347
183 1376
183 1778
183 1859
185 336
185 412
185 936
185 978
185 1652
185 1730
186 204
186 304
186 422
186 556
186 986
186 1193
186 1209
186 1699
187 957
187 999
187 1016
188 511
188 635
188 1171
188 1187
188 1858
189 1221
189 1508
189 1545
190 1181
190 1760
192 207
192 398
192 1589
193 335
193 479
193 676
193 756
194 463
194 1336
196 343
196 649
196 1774
196 1895
197 308
197 1266
197 1293
198 541
198 713
198 1376
199 223
199 689
199 1624
200 484
200 546
201 331
201 578
201 1803
202 1242
202 1461
202 1749
203 584
203 880
204 606
204 1981
205 494
206 1651
206 1661
206 1748
206 1847
207 1437
208 487
208 540
209 259
209 1461
211 258
212 399
212 1321
212 1536
212 1756
213 996
213 1310
213 1355
213 1809
213 1941
214 1653
214 1829
215 420
215 892
215 1240
216 1863
217 305
217 629
217 726
218 300
218 559
218 1660
219 327
219 699
219 1218
219 1530
220 222
220 399
220 810
220 1458
220 1832
221 897
221 1121
221 1511
222 1534
223 596
223 929
224 405
224 1026
225 602
225 1237
225 1633
226 1836
227 397
227 764
227 861
227 1838
228 1378
228 1902
229 1928
230 1931
231 1367
232 1735
232 1956
233 1241
234 645
234 888
234 1160
236 337
236 1097
237 305
237 361
237 481
237 988
237 1223
237 1555
237 1813
238 363
239 687
239 769
239 1207
239 1585
240 321
240 588
240 664
240 1653
240 1684
241 650
241 846
241 1783
242 1619
242 1741
243 747
243 1403
243 1413
244 360
244 1305
245 665
245 1985
246 1264
248 1333
248 1988
249 1418
249 1747
249 1804
250 1307
250 1850
251 1033
251 1379
252 444
252 1379
253 753
253 887
253 905
253 1259
253 1740
254 690
254 886
254 1072
254 1462
254 1904
254 1971
255 871
255 1284
256 1247
256 1254
257 1312
257 1848
258 822
258 1951
259 516
259 1650
260 1690
261 1070
261 1950
262 1445
264 363
264 573
264 660
264 846
264 1312
264 1512
265 827
265 896
265 1437
266 799
267 1475
268 381
268 390
268 795
269 345
269 714
269 735
269 1516
269 1795
270 838
270 1015
270 1284
270 1484
271 1544
271 1610
271 1817
272 366
272 1062
272 1210
272 1937
273 811
273 1013
273 1163
273 1245
275 984
276 1225
276 1471
276 1951
277 295
277 740
277 1918
278 427
278 900
278 1089
278 1798
279 929
279 964
279 1277
279 1361
279 1529
280 451
280 929
280 956
280 1199
280 1528
281 1760
283 501
283 694
283 803
283 1049
284 1087
285 1255
286 852
286 951
286 1641
287 503
287 566
288 351
288 707
288 841
288 859
288 969
288 1661
289 503
289 1827
289 1847
290 726
290 1553
290 1962
291 451
291 1477
291 1898
292 910
292 1509
292 1603
293 666
294 345
294 538
294 1216
294 1897
295 801
295 931
295 1200
295 1645
295 1931
296 708
296 722
297 1107
297 1272
297 1680
298 977
298 1389
299 328
299 1451
300 525
300 596
300 1465
300 1488
301 1205
301 1312
301 1471
301 1733
301 1950
301 1977
302 709
302 870
302 1180
302 1535
302 1559
303 394
303 941
303 1046
304 544
304 622
304 1586
305 1190
305 1649
305 1662
306 1359
306 1552
307 512
307 985
307 1555
307 1739
307 1878
307 1879
309 1314
309 1393
310 382
310 710
310 1532
311 1797
312 755
313 1292
314 819
314 1860
315 534
315 691
315 699
315 1251
315 1619
315 1671
316 1543
316 1576
317 1013
318 1589
320 837
321 747
322 1066
322 1087
322 1799
322 1985
323 1122
324 1184
324 1399
325 495
325 1304
326 532
326 629
326 653
326 762
326 1419
326 1931
326 1944
327 401
327 621
327 632
327 1045
327 1121
328 349
328 367
328 834
328 901
328 953
328 1327
328 1542
328 1997
329 337
329 550
329 646
329 822
329 937
329 954
329 1798
330 1009
331 1550
332 1059
332 1604
333 1302
333 1540
333 1669
333 1693
333 1839
333 1955
334 695
334 1004
334 1396
334 1689
335 337
335 764
335 883
335 1142
335 1433
335 1801
336 518
337 788
337 1037
337 1049
337 1182
337 1311
337 1707
338 402
338 652
338 1330
339 937
339 1660
340 803
341 440
341 1157
342 986
343 1430
343 1856
343 1924
344 637
344 752
344 1402
345 490
345 528
345 684
345 1597
346 588
346 719
347 618
347 1619
348 1129
349 700
349 706
349 756
349 1095
349 1845
350 408
350 753
350 1392
350 1449
351 829
352 780
352 1528
353 694
353 1355
353 1418
353 1849
354 711
354 746
355 1885
356 361
356 589
356 628
356 769
359 1452
361 1305
362 836
362 866
363 833
363 1908
364 927
364 1665
365 590
365 724
365 1654
366 777
366 1081
366 1887
367 439
367 850
368 491
368 811
368 1677
368 1824
369 858
369 1086
370 1518
370 1977
372 439
372 1299
372 1312
373 1196
373 1647
373 1979
374 445
374 534
374 648
374 719
374 964
374 1667
375 381
375 1276
375 1398
375 1947
376 673
376 988
376 1172
376 1332
376 1589
376 1891
377 575
377 1166
377 1200
378 850
378 1040
378 1548
379 694
379 888
379 1917
379 1938
381 1331
382 463
382 1358
382 1444
383 844
383 1558
383 1666
383 1676
384 586
384 1332
384 1348
385 702
385 738
385 860
386 1016
386 1381
386 1611
387 1076
387 1714
388 872
388 1586
388 1608
389 457
389 981
390 432
390 502
390 1246
390 1537
391 423
391 1177
393 440
393 619
394 615
394 692
394 1019
394 1029
394 1089
394 1484
394 1586
394 1796
396 1428
397 489
398 674
399 1182
399 1938
400 446
400 1222
402 908
403 949
403 1005
403 1119
404 1108
405 549
405 1297
406 1390
406 1563
406 1919
407 488
407 961
407 1650
407 1827
408 644
408 793
409 1207
410 1057
410 1532
411 496
411 1434
412 598
412 1181
412 1805
413 1865
413 1975
414 709
415 431
415 732
415 931
415 1400
415 1420
415 1482
416 1751
417 463
417 479
417 596
417 632
417 813
417 1009
417 1650
418 502
419 1172
419 1333
420 732
420 1006
421 1016
421 1398
421 1656
422 1482
423 657
424 1750
425 824
425 978
425 1115
425 1447
425 1700
425 1775
425 1935
427 835
427 1321
427 1665
427 1689
427 1777
427 1955
427 1984
428 881
428 1430
429 697
429 804
429 1304
429 1550
429 1792
429 1850
429 1966
430 1295
430 1495
430 1809
430 1966
431 973
431 1117
431 1232
431 1376
431 1702
432 1544
432 1593
432 1663
433 624
433 1372
433 1391
433 1864
433 1883
434 501
434 666
434 980
434 1027
434 1036
434 1638
434 1727
435 953
435 1846
436 811
436 1329
436 1717
437 1756
437 1989
438 495
438 1526
438 1803
440 1079
441 517
441 1280
441 1417
442 1851
444 628
444 883
444 1134
444 1425
444 1460
444 1788
445 850
445 1915
446 934
446 1051
447 524
447 862
447 1344
448 933
448 1236
448 1679
449 1247
449 1348
450 566
452 512
452 1270
453 863
454 1841
455 1054
455 1334
455 1849
456 694
456 891
456 1446
456 1662
456 1861
457 560
457 1120
457 1572
458 1502
458 1820
459 490
460 727
460 906
461 590
461 1080
463 663
464 551
464 1057
464 1806
465 862
465 931
465 1083
465 1618
465 1760
466 1290
467 1158
468 756
468 1517
468 1563
468 1695
468 1857
469 1286
469 1605
470 1264
470 1645
471 966
471 1626
472 642
472 1491
473 981
473 1286
473 1886
474 871
475 519
475 819
475 1174
475 1300
477 1930
478 1853
479 1242
481 600
481 846
481 1632
482 1330
483 609
483 1198
483 1536
484 1505
484 1578
485 1498
486 572
486 1982
487 743
487 1169
487 1590
489 491
489 972
489 1244
489 1791
491 1119
491 1201
492 581
492 1883
492 1972
493 1296
493 1957
494 537
494 726
494 1284
495 503
495 1420
495 1749
496 974
496 1031
496 1977
497 741
497 1721
497 1908
498 532
499 634
499 746
499 865
499 1540
500 1349
500 1661
500 1857
501 1272
501 1285
502 1941
503 523
503 917
503 1368
504 832
505 625
505 703
505 1215
505 1312
505 1872
505 1901
506 1145
507 694
507 1067
508 1907
508 1985
509 1312
510 556
510 1855
511 1480
511 1597
511 1635
511 1992
512 583
513 844
513 1377
514 1114
515 660
515 1746
516 897
516 1076
516 1083
516 1419
516 1486
516 1549
517 1133
517 1339
519 589
519 696
519 822
519 934
519 1548
520 826
520 1324
520 1479
520 1910
521 621
521 685
521 1648
521 1693
521 1695
522 986
522 1586
522 1958
523 1323
523 1985
524 634
525 582
525 993
525 1396
526 530
526 573
526 574
527 866
527 970
527 1020
527 1994
528 900
528 1316
528 1399
528 1444
528 1706
529 677
529 1044
531 1177
531 1237
532 978
532 1600
532 1740
533 546
533 1026
533 1066
534 798
534 1959
535 932
535 1737
535 1945
536 702
536 854
536 1793
537 822
538 1020
538 1315
539 619
539 1175
540 548
540 1282
540 1509
540 1987
541 1550
542 1078
542 1713
544 888
544 922
544 931
544 1543
545 601
545 998
545 1654
546 1076
546 1732
547 644
547 1163
547 1286
547 1348
547 1465
549 1285
549 1287
549 1345
549 1398
551 774
551 1353
551 1466
552 805
552 969
552 1096
553 1063
553 1207
553 1358
553 1956
554 1387
555 980
555 1077
555 1433
555 1470
555 1863
556 656
556 1377
556 1514
556 1808
557 1058
558 891
558 1032
558 1155
558 1760
559 827
560 792
560 1322
560 1593
561 603
561 722
561 1236
561 1953
561 1975
562 1508
563 796
563 1132
564 923
564 1719
565 654
565 1129
565 1561
565 1866
565 1941
566 730
566 1228
566 1928
567 1114
567 1766
568 924
569 1673
569 1792
569 1996
570 1868
571 1337
572 996
572 1471
572 1749
572 1811
573 1135
573 1469
574 903
574 1721
574 1964
576 1663
577 895
578 1659
579 1558
579 1588
582 1531
582 1955
582 1981
583 865
583 944
585 807
585 1085
585 1791
586 813
586 1542
586 1695
587 616
587 1020
587 1264
587 1279
587 1607
588 610
590 699
590 709
590 1400
590 1639
591 968
592 794
593 850
593 1426
594 1603
595 882
595 971
596 757
596 834
596 887
596 1341
597 752
597 988
598 1132
598 1929
599 646
601 985
601 1106
602 1111
602 1505
602 1514
602 1805
602 1841
603 831
603 916
603 1048
603 1050
603 1283
604 682
605 732
605 1677
605 1914
605 1986
608 1198
608 1285
610 1100
610 1149
610 1968
611 728
612 1574
613 928
613 941
613 1360
613 1438
613 1574
613 1975
614 839
614 896
614 1049
615 941
615 1556
617 774
617 1561
617 1734
618 1410
619 1892
622 645
624 1841
624 1899
625 1470
626 1168
627 733
627 1024
627 1734
628 1907
629 730
630 906
630 1021
631 1257
632 1551
633 1127
633 1982
634 722
634 1679
635 1957
636 1782
637 1327
638 1636
638 1960
639 676
639 729
639 1024
639 1266
639 1507
639 1830
640 1646
640 1989
641 783
641 1466
642 962
642 1170
642 1872
643 1172
643 1211
643 1545
644 1408
645 750
646 675
646 1305
646 1346
646 1593
647 1430
647 1527
647 1709
647 1711
647 1945
648 814
648 1393
649 896
650 739
650 1193
652 1211
652 1823
653 1179
654 1314
654 1327
655 971
656 751
656 1440
656 1456
656 1715
656 1860
656 1911
658 1045
658 1940
659 667
659 789
659 882
659 1022
659 1396
659 1569
660 920
660 1044
660 1160
660 1185
662 759
662 1275
662 1952
664 1186
665 966
666 748
666 1939
668 1174
668 1268
668 1527
669 1192
669 1552
670 870
670 1340
672 809
672 841
672 1607
674 873
674 914
674 1425
675 909
675 1936
675 1993
676 1352
676 1711
678 1194
678 1586
678 1949
679 1751
679 1959
682 738
683 1391
683 1517
683 1739
683 1893
683 1899
684 822
684 1059
685 1769
686 770
686 1093
686 1917
688 849
688 965
688 1163
688 1765
689 867
689 1149
689 1304
689 1832
690 816
690 1006
690 1291
690 1614
691 924
691 1933
691 1963
692 881
693 1874
693 1909
694 815
694 973
695 1392
696 737
697 752
697 1169
697 1732
698 1244
698 1838
699 798
699 1058
699 1525
699 1811
700 1695
701 1323
702 798
702 1584
703 817
703 1000
703 1226
704 760
704 851
704 951
704 1942
705 1039
706 860
706 1642
706 1979
707 1063
707 1141
708 1482
708 1570
708 1661
710 1235
710 1285
711 1720
711 1796
712 916
712 1224
713 1475
714 1531
715 776
715 786
715 984
715 1691
715 1825
716 1078
717 907
717 1833
718 980
718 1559
718 1719
720 1384
721 1145
721 1438
721 1494
721 1683
722 881
722 888
722 1668
722 1719
723 1766
723 1859
723 1879
724 1938
725 1302
725 1460
725 1660
726 1159
726 1640
727 1053
727 1623
728 937
729 1147
729 1588
730 1012
730 1155
730 1364
732 921
733 893
734 1480
734 1866
735 1086
735 1626
735 1637
736 1340
736 1966
737 1090
737 1945
738 771
739 819
739 1722
740 946
740 1295
741 990
741 1673
742 923
742 1485
743 1851
744 1963
745 1623
745 1693
746 1516
747 1144
748 862
748 1577
750 840
750 1677
751 1260
751 1743
751 1967
753 804
754 1123
754 1158
754 1211
754 1557
754 1563
755 889
756 1017
756 1292
756 1372
757 888
757 1223
758 910
758 1822
759 1283
759 1444
759 1990
760 1119
760 1152
760 1516
761 955
761 1479
761 1780
762 1130
762 1828
763 855
763 1290
763 1939
763 1963
764 1736
765 1813
766 1232
768 1408
769 830
769 834
769 1384
769 1646
770 1791
771 806
771 1838
772 1940
773 1722
774 1462
775 984
776 1165
776 1636
776 1763
776 1817
777 1371
777 1450
777 1538
777 1569
778 1722
779 1102
779 1271
779 1382
779 1464
779 1857
779 1868
780 1019
780 1317
784 1224
785 1054
786 1086
786 1477
786 1693
786 1909
787 1406
787 1456
787 1922
787 1941
789 1842
790 1190
790 1437
791 1595
792 914
792 1288
792 1938
793 960
793 1851
793 1855
794 1621
794 1943
795 899
795 1304
795 1575
796 1871
798 1045
798 1670
799 1565
800 885
800 975
800 979
801 1322
801 1387
801 1999
802 1218
804 1183
804 1625
805 859
805 872
806 1186
806 1461
806 1620
807 1659
807 1761
809 1234
810 888
810 1799
810 1980
810 1995
811 1559
811 1917
812 1163
813 866
813 897
813 1346
813 1393
814 1436
814 1483
814 1722
815 888
816 1019
817 1927
819 1174
819 1244
819 1967
820 1526
820 1729
820 1938
821 1004
821 1024
824 1879
825 1767
826 1516
826 1919
827 1357
828 1491
828 1748
828 1778
831 1184
831 1446
831 1526
833 953
834 1397
835 1543
835 1772
835 1780
836 862
836 1213
836 1539
836 1792
837 1232
837 1332
838 1123
838 1305
838 1598
839 1026
839 1155
839 1547
839 1619
840 1829
841 869
841 946
841 1161
841 1178
841 1574
842 852
842 913
842 1355
842 1734
843 926
843 1252
844 1148
844 1689
845 1021
845 1576
846 1813
847 1887
848 1311
848 1737
848 1897
849 1217
849 1993
850 1695
852 953
852 1991
853 1033
853 1392
855 856
855 927
855 1551
856 904
856 1993
857 1648
858 1161
858 1328
858 1579
858 1822
858 1935
859 981
860 1506
860 1813
861 1625
862 918
864 927
864 1326
864 1999
865 1953
865 1961
866 908
866 1180
866 1384
866 1753
866 1821
867 1145
867 1565
868 881
868 1031
868 1284
868 1810
868 1934
870 1247
870 1823
871 1963
872 1034
872 1461
872 1538
872 1817
874 1749
875 1689
876 931
876 1009
877 1091
877 1179
877 1805
878 1001
878 1606
880 985
880 1398
880 1980
880 1999
881 1742
882 1437
882 1519
882 1729
882 1788
883 1288
883 1377
884 1048
884 1410
885 1247
885 1365
885 1442
885 1507
885 1824
887 915
887 1126
887 1722
888 936
888 991
888 1028
889 1378
889 1535
889 1660
890 1178
891 1177
891 1761
892 1084
892 1254
892 1381
892 1984
893 1903
894 1442
894 1942
896 1679
897 1781
898 1687
899 1007
899 1044
900 1183
900 1734
901 942
901 1438
901 1700
901 1887
902 1033
902 1185
902 1535
903 1100
904 1626
906 942
906 1783
907 1398
908 1127
908 1921
909 1571
910 1254
910 1904
911 1024
911 1765
912 1716
913 1011
913 1185
913 1414
913 1423
913 1816
914 943
914 1982
915 1338
916 1357
916 1776
917 1804
918 1208
918 1357
918 1757
920 1384
921 1290
921 1732
924 1326
925 994
925 1196
925 1651
925 1702
926 1351
926 1619
926 1844
927 928
927 1510
927 1630
927 1746
927 1834
928 1102
928 1238
931 1386
931 1840
932 1393
932 1736
934 1869
934 1871
935 1617
936 1088
936 1432
936 1796
936 1907
937 1417
938 1196
939 1759
940 947
940 1405
940 1458
940 1711
940 1915
941 1755
941 1849
942 1185
942 1289
942 1947
943 1303
943 1589
943 1625
943 1631
944 1160
944 1701
945 998
945 1261
945 1682
946 1024
946 1050
946 1156
946 1485
947 971
947 1341
947 1472
948 1369
948 1772
951 1979
953 1577
954 1033
954 1125
955 1090
955 1525
955 1761
956 1521
956 1886
956 1913
957 1964
959 1740
959 1741
960 1101
960 1587
961 1390
961 1761
961 1924
962 1646
964 1358
965 1887
966 977
966 1521
966 1936
967 1483
968 1467
969 1367
970 1111
970 1479
970 1511
972 1084
972 1302
972 1328
972 1891
974 1437
974 1626
974 1769
974 1838
976 1902
977 1626
977 1803
979 990
979 1912
983 1823
985 1147
988 1071
989 1072
989 1175
989 1564
990 1647
990 1697
990 1796
991 1211
992 1112
992 1503
993 1502
993 1584
993 1940
994 1465
995 1085
996 1268
997 1688
998 1055
998 1508
998 1514
998 1635
999 1011
999 1014
999 1498
999 1505
1000 1180
1000 1336
1001 1772
1002 1043
1002 1353
1003 1761
1003 1916
1005 1344
1005 1671
1005 1935
1007 1164
1007 1182
1007 1222
1007 1434
1007 1782
1008 1438
1008 1793
1008 1931
1009 1799
1011 1150
1011 1260
1013 1935
1014 1295
1014 1793
1015 1563
1015 1629
1016 1126
1017 1173
1017 1611
1017 1952
1018 1745
1019 1450
1020 1606
1020 1778
1021 1053
1021 1435
1022 1820
1023 1276
1024 1555
1024 1724
1025 1426
1025 1641
1027 1052
1027 1112
1027 1334
1027 1933
1028 1750
1028 1836
1029 1581
1029 1831
1029 1887
1030 1706
1030 1852
1031 1262
1031 1520
1031 1989
1034 1446
1036 1198
1036 1248
1036 1450
1036 1909
1036 1935
1036 1963
1037 1562
1038 1188
1038 1786
1039 1130
1039 1762
1040 1179
1040 1418
1041 1774
1041 1939
1042 1087
1042 1773
1043 1355
1043 1844
1044 1237
1044 1598
1044 1813
1045 1677
1047 1233
1047 1348
1047 1636
1048 1207
1048 1269
1048 1939
1049 1062
1050 1275
1052 1357
1053 1186
1053 1250
1058 1089
1058 1608
1058 1693
1059 1405
1059 1409
1059 1847
1060 1071
1061 1303
1062 1250
1062 1496
1062 1827
1063 1178
1063 1496
1063 1711
1064 1131
1065 1163
1066 1241
1067 1656
1067 1837
1068 1740
1068 1947
1069 1542
1070 1278
1070 1449
1071 1187
1071 1860
1073 1257
1073 1972
1074 1446
1074 1481
1074 1853
1076 1358
1076 1361
1076 1964
1077 1170
1077 1424
1080 1766
1081 1111
1082 1694
1083 1233
1084 1452
1084 1945
1086 1304
1086 1491
1086 1766
1088 1108
1088 1449
1089 1518
1091 1281
1091 1680
1091 1906
1092 1257
1092 1287
1093 1531
1093 1868
1095 1196
1098 1208
1098 1322
1099 1263
1100 1125
1100 1210
1100 1590
1100 1995
1101 1717
1102 1134
1103 1219
1104 1734
1106 1806
1107 1311
1107 1696
1108 1170
1110 1192
1110 1224
1110 1245
1110 1647
1110 1703
1112 1150
1112 1828
1113 1232
1114 1694
1115 1771
1116 1313
1117 1554
1118 1988
1119 1379
1119 1541
1120 1303
1120 1697
1121 1158
1121 1594
1122 1747
1123 1659
1124 1832
1125 1406
1125 1727
1126 1839
1127 1549
1127 1911
1129 1319
1129 1825
1129 1933
1131 1342
1131 1600
1132 1588
1132 1858
1133 1306
1133 1935
1135 1751
1136 1478
1136 1761
1136 1905
1137 1577
1137 1727
1138 1431
1138 1678
1139 1261
1139 1591
1139 1698
1140 1881
1141 1347
1142 1356
1142 1371
1143 1381
1144 1558
1146 1260
1146 1537
1147 1266
1150 1370
1150 1935
1150 1983
1151 1172
1152 1265
1154 1353
1154 1483
1154 1523
1155 1644
1158 1308
1160 1897
1160 1946
1161 1264
1161 1497
1164 1612
1166 1170
1166 1595
1166 1945
1166 1963
1169 1447
1169 1460
1169 1577
1170 1680
1171 1839
1171 1878
1172 1599
1172 1745
1173 1321
1174 1236
1176 1434
1176 1679
1177 1291
1178 1715
1178 1939
1179 1849
1179 1962
1180 1550
1180 1720
1182 1751
1184 1245
1184 1794
1185 1520
1185 1576
1186 1888
1186 1952
1188 1742
1189 1520
1191 1216
1191 1673
1192 1370
1193 1228
1194 1732
1194 1876
1196 1731
1196 1834
1197 1278
1198 1807
1200 1277
1201 1569
1201 1629
1201 1707
1203 1693
1204 1651
1205 1897
1206 1935
1207 1652
1207 1935
1207 1943
1208 1781
1210 1504
1212 1753
1213 1797
1213 1871
1213 1907
1214 1556
1214 1703
1216 1300
1216 1654
1218 1616
1222 1903
1223 1644
1223 1905
1223 1984
1224 1550
1225 1586
1225 1851
1226 1672
1227 1795
1228 1725
1229 1255
1231 1889
1232 1498
1234 1326
1237 1260
1237 1443
1237 1700
1238 1916
1239 1706
1240 1616
1241 1721
1243 1331
1243 1560
1243 1562
1244 1453
1245 1764
1246 1427
1246 1850
1247 1687
1249 1862
1249 1867
1250 1446
1253 1763
1255 1329
1255 1424
1257 1819
1258 1493
1259 1296
1260 1428
1260 1593
1262 1845
1263 1347
1264 1473
1264 1920
1266 1419
1267 1539
1270 1719
1271 1844
1272 1748
1273 1663
1274 1897
1275 1629
1276 1532
1277 1486
1279 1433
1279 1612
1279 1840
1281 1668
1283 1964
1285 1916
1286 1525
1286 1641
1286 1755
1288 1920
1289 1896
1291 1619
1292 1425
1293 1529
1293 1584
1293 1927
1294 1537
1294 1868
1295 1743
1295 1870
1296 1716
1296 1905
1297 1467
1299 1325
1301 1495
1303 1427
1303 1556
1303 1565
1305 1592
1305 1881
1307 1639
1307 1666
1308 1584
1308 1694
1309 1579
1309 1748
1311 1519
1312 1360
1313 1518
1313 1639
1313 1919
1314 1389
1314 1556
1315 1549
1316 1549
1317 1801
1318 1610
1319 1774
1319 1841
1322 1515
1323 1868
1325 1767
1327 1366
1327 1468
1327 1510
1327 1567
1328 1692
1328 1939
1329 1650
1331 1418
1331 1674
1331 1848
1331 1975
1331 1994
1332 1745
1333 1343
1333 1754
1335 1663
1335 1666
1336 1840
1337 1792
1339 1504
1343 1748
1344 1619
1346 1380
1347 1759
1347 1837
1347 1961
1348 1991
1349 1588
1351 1776
1352 1391
1352 1676
1352 1865
1353 1692
1354 1700
1354 1767
1355 1487
1356 1816
1357 1386
1357 1975
1357 1986
1358 1360
1358 1361
1360 1397
1360 1604
1360 1717
1360 1867
1361 1795
1362 1809
1364 1781
1365 1422
1366 1719
1368 1885
1369 1387
1371 1376
1372 1662
1374 1654
1374 1696
1376 1548
1380 1439
1383 1960
1384 1418
1384 1783
1385 1542
1385 1666
1386 1685
1387 1410
1387 1523
1387 1985
1388 1458
1388 1548
1388 1560
1388 1653
1389 1464
1389 1539
1389 1667
1389 1966
1392 1686
1393 1555
1397 1635
1397 1974
1400 1499
1400 1632
1403 1554
1406 1876
1406 1932
1407 1768
1407 1896
1408 1891
1409 1636
1410 1626
1410 1641
1410 1795
1411 1460
1412 1423
1412 1465
1412 1478
1413 1455
1414 1630
1414 1925
1414 1969
1417 1434
1417 1605
1418 1638
1420 1570
1420 1907
1421 1667
1425 1488
1425 1586
1426 1433
1428 1691
1429 1473
1429 1787
1430 1834
1431 1832
1433 1459
1434 1790
1437 1560
1437 1986
1442 1921
1442 1976
1446 1766
1447 1901
1448 1696
1450 1769
1451 1491
1451 1978
1453 1616
1453 1938
1455 1468
1456 1730
1459 1799
1464 1499
1464 1752
1466 1503
1466 1865
1467 1593
1467 1611
1470 1562
1474 1606
1481 1724
1481 1948
1484 1595
1486 1518
1487 1770
1487 1983
1489 1547
1490 1999
1496 1902
1498 1499
1498 1931
1500 1617
1500 1878
1500 1983
1503 1905
1503 1962
1504 1555
1504 1805
1504 1896
1505 1589
1505 1632
1505 1634
1505 1830
1506 1527
1510 1576
1511 1573
1511 1702
1512 1948
1516 1829
1517 1702
1518 1930
1519 1585
1524 1953
1524 1958
1526 1578
1528 1877
1532 1560
1532 1826
1533 1565
1536 1541
1536 1859
1537 1540
1539 1698
1544 1821
1548 1777
1548 1801
1551 1603
1554 1642
1554 1817
1555 1781
1556 1982
1559 1644
1561 1792
1562 1800
1563 1673
1563 1683
1563 1742
1567 1879
1569 1642
1573 1793
1575 1669
1575 1757
1577 1903
1577 1954
1578 1731
1582 1795
1583 1782
1590 1920
1592 1598
1593 1666
1593 1700
1594 1923
1595 1623
1601 1896
1602 1633
1607 1789
1611 1827
1612 1926
1613 1979
1616 1702
1617 1959
1619 1962
1620 1758
1622 1720
1623 1626
1623 1912
1626 1993
1629 1959
1630 1743
1631 1641
1631 1801
1632 1745
1632 1963
1634 1904
1635 1727
1638 1647
1638 1911
1638 1962
1642 1665
1642 1870
1643 1823
1644 1799
1644 1887
1644 1986
1645 1736
1647 1995
1649 1947
1651 1762
1651 1963
1654 1837
1658 1895
1665 1907
1666 1828
1667 1966
1668 1728
1668 1868
1669 1863
1674 1676
1674 1770
1677 1842
1678 1711
1678 1796
1679 1803
1679 1987
1682 1818
1682 1907
1683 1983
1687 1939
1688 1996
1695 1831
1696 1929
1698 1906
1701 1985
1701 1988
1703 1925
1705 1947
1706 1715
1708 1946
1709 1869
1710 1866
1712 1786
1712 1821
1717 1864
1721 1726
1726 1992
1731 1936
1732 1879
1732 1991
1733 1938
1734 1914
1734 1941
1735 1927
1740 1981
1747 1965
1748 1931
1748 1990
1749 1787
1750 1808
1754 1847
1755 1803
1755 1844
1756 1777
1756 1979
1760 1795
1761 1873
1764 1860
1764 1945
1767 1799
1772 1926
1784 1886
1785 1919
1810 1825
1817 1982
1828 1932
1828 1951
1831 1842
1836 1893
1836 1964
1837 1941
1838 1903
1838 1911
1844 1848
1846 1848
1849 1995
1853 1875
1854 1936
1855 1912
1860 1862
1861 1880
1861 1908
1862 1970
1876 1931
1880 1941
1892 1930
1896 1908
1905 1931
1921 1952
1931 1999
1948 1971
1961 1968
1981 1984
