2000 2958
11
74
93
63
11
52
70
76
95
81
80
85
29
69
42
80
13
99
30
64
73
31
9
90
29
89
45
56
23
9
60
69
60
19
67
52
98
100
23
42
95
48
89
61
60
24
74
90
36
71
50
50
39
64
51
25
50
17
81
13
58
60
16
32
61
9
95
21
8
78
40
56
50
7
48
73
77
78
20
63
97
98
46
49
21
14
86
84
69
47
66
82
80
60
17
7
71
99
30
55
60
90
82
15
77
29
17
75
80
54
43
61
93
45
100
30
34
56
26
74
22
74
40
95
58
69
61
69
36
89
44
100
37
65
92
64
5
96
28
27
19
76
29
66
35
84
47
6
77
84
92
75
67
10
1
66
50
16
17
97
45
89
93
69
100
99
41
13
48
78
76
54
67
43
29
25
39
60
78
28
6
82
30
41
51
25
1
78
55
30
56
41
64
66
62
30
26
85
73
36
38
53
61
59
67
67
84
51
42
58
10
69
21
50
32
25
47
64
33
38
90
93
49
7
10
36
2
81
29
32
29
15
1
46
65
49
86
15
69
22
23
24
4
96
5
87
78
34
30
35
65
30
29
5
64
92
3
90
96
30
76
64
32
90
51
84
15
15
40
48
23
82
71
81
84
17
5
15
81
11
19
51
29
56
29
88
50
79
5
86
11
66
3
81
72
79
1
15
39
5
99
63
84
13
25
37
19
12
46
62
85
48
50
17
65
72
76
99
33
93
46
29
54
71
81
85
85
50
2
6
42
40
62
65
78
15
63
81
50
59
72
48
64
80
80
78
21
53
68
46
82
97
64
35
81
17
69
22
53
75
3
4
54
62
12
59
89
21
31
24
2
65
22
84
23
69
40
43
57
61
80
6
19
43
53
46
16
15
70
64
22
56
30
94
48
21
66
17
30
95
74
88
84
41
74
77
33
53
67
51
14
38
38
91
70
63
51
27
61
46
50
1
6
56
9
86
93
23
47
83
54
82
11
53
20
94
16
31
84
5
14
90
20
84
99
75
22
36
57
52
67
77
12
92
1
17
96
58
79
2
89
52
34
87
9
20
56
72
66
93
6
13
89
48
6
52
98
28
55
74
62
68
26
67
20
48
11
41
55
1
53
92
77
11
95
24
58
98
59
77
58
13
63
68
70
17
17
14
45
10
56
26
64
46
74
36
50
48
41
33
97
40
8
99
33
43
8
77
55
20
23
28
28
78
18
31
65
9
15
77
22
11
68
42
98
1
33
74
11
92
77
6
9
48
53
71
31
93
37
85
24
63
77
62
78
95
54
53
17
51
7
96
7
21
7
81
2
77
62
45
12
35
71
59
49
94
14
52
15
25
63
39
58
57
45
62
52
85
74
4
98
81
78
93
42
6
91
46
20
9
59
77
10
98
67
44
14
95
29
22
72
11
2
41
35
25
15
67
39
87
92
81
46
48
6
79
12
77
53
49
54
2
20
38
66
10
75
60
45
72
83
50
25
9
68
12
32
12
25
80
91
15
59
60
17
80
62
90
8
64
29
1
87
100
91
82
19
81
67
69
29
10
30
12
82
68
63
37
60
30
84
90
8
64
80
2
31
5
13
69
41
40
67
34
98
24
80
70
80
69
65
67
15
49
7
38
79
18
88
95
81
51
97
40
50
22
35
80
48
44
38
68
23
24
97
34
51
50
22
99
69
88
100
19
100
28
5
59
28
5
54
28
94
94
4
83
7
35
2
14
6
43
78
94
49
54
66
47
99
11
86
48
61
7
87
27
76
26
19
59
50
57
72
53
86
38
69
13
85
2
69
20
36
18
97
84
39
90
31
85
79
91
35
10
88
83
56
66
52
79
49
56
6
45
17
30
67
96
46
32
27
28
15
100
34
82
63
98
10
7
80
70
89
39
96
91
88
66
1
10
70
42
86
43
18
83
69
98
48
12
69
97
92
16
17
23
94
4
95
8
9
80
29
37
83
89
39
94
79
21
36
75
32
55
98
60
44
48
71
74
42
97
41
3
48
76
87
10
12
46
1
21
30
81
35
48
16
71
29
69
54
43
35
95
100
79
8
30
95
1
53
58
23
22
78
16
28
28
27
92
64
91
12
52
43
49
14
62
92
8
31
60
48
40
18
72
80
78
81
83
45
64
10
99
61
17
3
58
62
49
25
66
8
47
19
93
24
98
88
32
15
63
63
29
45
46
92
67
40
74
45
85
38
85
95
87
72
74
63
47
87
29
94
86
25
85
39
11
26
91
84
30
82
30
93
50
50
53
78
100
8
13
42
58
25
20
1
63
14
93
2
3
26
54
75
21
50
25
81
88
99
47
13
17
24
19
21
79
88
70
6
38
37
6
36
12
58
53
33
79
94
58
28
13
91
66
80
97
92
69
13
70
17
74
96
53
26
86
50
79
9
65
94
11
63
16
69
82
67
21
69
50
33
43
80
7
25
33
42
17
17
73
93
8
92
82
57
65
73
2
64
94
35
21
55
20
66
88
16
25
72
60
30
15
6
99
59
68
77
46
36
73
19
37
99
75
72
53
57
39
71
91
40
50
99
46
26
18
28
77
53
67
93
88
88
97
35
59
1
26
44
40
42
16
83
47
18
2
47
49
35
52
68
87
1
90
44
29
37
41
59
2
53
98
7
51
32
64
26
99
89
28
56
53
12
85
59
82
69
41
36
4
100
76
35
61
40
92
94
46
84
11
95
85
66
27
20
18
83
35
88
65
68
27
48
82
6
65
13
58
75
80
72
64
38
53
6
46
96
41
8
48
78
42
52
97
76
38
63
13
71
75
24
27
72
82
51
24
61
10
93
31
93
29
94
41
8
32
11
76
43
40
36
85
20
89
61
48
52
59
88
3
41
18
92
61
46
32
36
68
65
64
19
98
100
26
51
70
78
64
25
43
60
16
91
75
82
85
66
27
39
21
7
88
41
6
55
76
10
31
53
98
71
92
57
72
9
85
100
44
98
23
27
11
64
42
51
81
6
79
74
84
97
79
17
64
18
84
75
61
83
50
41
95
40
69
20
35
3
95
25
13
93
64
69
67
11
20
61
88
29
96
31
42
65
6
67
46
64
35
47
94
34
54
57
44
70
54
37
60
58
8
81
94
68
80
23
98
37
73
69
29
67
87
75
9
93
69
98
65
43
89
67
82
13
10
77
72
38
62
22
81
62
8
2
20
20
47
49
78
58
3
80
49
88
95
12
6
80
2
42
11
71
52
29
76
25
83
8
79
2
55
32
7
72
61
65
100
58
27
18
95
95
5
50
46
88
78
80
37
71
69
44
8
100
64
74
37
50
100
9
85
72
60
46
8
50
99
57
57
9
85
80
78
89
58
63
54
39
76
36
41
67
60
14
9
96
28
10
28
63
71
4
14
84
20
61
12
98
45
38
5
76
55
73
76
45
60
66
89
68
34
43
39
37
41
38
7
35
56
48
73
87
93
98
57
32
16
53
23
85
50
70
83
54
7
9
17
75
48
84
64
75
89
27
66
28
12
21
15
47
26
1
17
62
51
33
54
15
34
34
21
82
13
22
67
2
68
73
35
53
76
81
48
30
11
72
41
17
49
91
39
8
82
7
20
35
67
7
82
9
47
11
71
77
82
69
48
14
20
60
20
12
99
52
16
79
54
48
20
62
66
22
93
15
18
87
87
21
85
53
9
64
53
78
30
39
32
63
52
61
53
92
37
26
51
19
32
29
14
24
5
34
59
18
25
46
25
52
51
4
96
42
32
90
11
94
21
52
63
10
14
34
9
85
1
42
24
58
42
91
23
26
17
54
70
87
2
15
46
85
13
37
76
54
56
51
2
76
94
5
100
19
38
55
5
99
69
82
38
64
55
18
65
96
24
75
17
56
10
55
36
73
17
1
68
85
16
24
69
67
63
54
24
9
10
79
64
12
4
21
51
27
56
77
36
18
21
41
84
79
36
20
57
70
14
75
13
78
64
22
72
1
80
11
36
86
79
76
67
2
50
100
6
76
35
57
25
92
56
87
74
72
51
95
25
34
85
28
75
83
57
3
82
59
14
2
58
60
24
24
33
77
51
87
1
40
98
89
81
31
24
2
85
11
100
46
12
71
92
53
35
42
45
35
25
82
52
1
2
100
58
41
95
84
48
24
74
67
28
80
25
99
71
98
19
40
25
88
47
46
98
9
84
54
42
36
23
28
13
10
47
83
16
97
45
22
48
2
5
99
40
53
10
72
71
32
14
27
36
76
82
46
56
1
87
42
40
18
52
77
28
21
61
20
59
73
95
86
98
37
44
68
100
95
62
39
53
61
84
23
6
95
84
73
68
10
19
76
42
77
12
91
48
18
8
34
43
25
51
50
10
86
86
43
24
31
2
53
60
16
38
59
5
71
81
63
82
70
77
17
33
36
41
87
56
74
5
62
80
19
7
45
59
70
3
63
6
27
93
32
46
52
39
46
87
91
35
75
17
19
24
75
12
56
46
46
8
42
88
46
30
77
98
37
77
42
4
82
81
8
34
35
94
8
98
98
84
83
50
1 59
1 826
1 1330
3 1833
3 1841
4 763
4 1927
5 937
5 939
6 1286
6 1560
6 1571
7 1597
8 639
8 1279
8 1308
8 1633
9 314
9 456
9 1316
9 1995
10 1704
10 1709
11 1376
11 1637
11 1980
12 764
12 1674
13 128
13 614
13 867
13 1318
13 1771
14 202
14 247
14 826
14 846
14 990
14 1323
14 1845
15 1126
16 348
16 988
16 1171
17 247
17 1737
17 1894
18 848
18 1252
19 406
20 60
20 919
21 284
21 1747
21 1765
22 642
22 1004
22 1287
22 1852
23 165
23 1423
23 1457
24 82
24 619
24 1510
24 1605
25 1293
25 1772
26 114
26 540
26 1048
26 1945
27 1989
28 777
29 922
29 1827
30 817
30 1079
31 259
31 266
31 943
31 959
31 1631
31 1873
32 755
32 1158
32 1322
32 1748
33 199
33 1608
34 664
34 727
34 845
34 1095
34 1829
35 66
35 869
35 871
35 1919
36 1718
36 1901
36 1975
37 836
37 858
37 1428
37 1685
38 411
38 1064
38 1334
39 497
39 1444
40 1274
41 182
41 692
41 805
41 1782
42 269
42 1065
43 90
43 428
43 1003
43 1199
44 1744
45 261
46 233
46 1222
46 1828
46 1993
47 838
47 1306
47 1320
48 913
48 1344
49 555
49 770
50 1631
50 1687
51 226
51 652
51 1032
52 210
52 629
52 678
52 1014
52 1660
53 1139
53 1238
53 1374
53 1774
54 254
54 1630
54 1818
55 688
55 1108
55 1987
56 228
56 960
56 1121
57 893
57 1095
57 1322
58 1198
59 188
59 841
59 1032
59 1162
59 1231
59 1571
59 1989
60 199
60 686
60 748
60 785
60 792
60 1180
60 1243
60 1368
60 1610
61 404
61 750
61 1519
61 1661
62 1447
62 1594
62 1788
63 589
63 1421
64 906
64 1790
64 1962
65 955
65 1136
65 1218
66 238
66 955
66 1362
66 1504
66 1870
67 617
67 876
67 1131
67 1645
68 94
68 335
68 1763
69 1561
69 1694
70 285
70 482
70 818
70 1556
70 1660
71 172
71 1217
71 1988
72 1371
73 882
74 293
74 1141
74 1687
75 187
75 594
75 1402
75 1574
75 1603
76 458
76 962
76 1949
77 206
77 346
77 862
77 925
77 1213
77 1538
77 1757
78 907
78 1876
80 485
80 706
80 781
80 829
80 952
80 1475
82 833
82 1707
83 1106
83 1338
83 1485
84 155
84 706
84 937
84 1286
84 1590
84 1733
85 175
85 379
85 471
85 624
85 668
85 1206
85 1798
85 1856
86 1483
86 1922
86 1964
87 411
87 1343
88 136
88 612
88 898
88 991
89 94
89 973
89 1045
90 255
90 498
90 1115
90 1481
90 1790
90 1964
91 531
91 1045
91 1604
91 1694
91 1999
92 131
92 132
92 258
92 676
92 1153
93 1024
93 1142
93 1540
94 207
94 781
94 812
94 1140
94 1819
95 852
95 1657
96 236
96 485
96 847
96 1353
96 1488
96 1896
97 977
97 1655
98 314
98 1515
98 1964
99 486
99 633
99 813
99 1462
99 1493
100 782
100 1578
101 241
101 1434
101 1670
102 572
102 1388
103 366
103 1056
103 1157
103 1669
103 1931
103 1958
104 765
105 124
105 658
105 697
105 966
105 1961
106 1413
106 1693
107 1940
108 1519
108 1532
108 1908
109 327
110 1351
110 1854
111 662
111 1280
112 576
112 980
112 1063
112 1845
113 495
113 696
114 302
114 543
114 1497
114 1546
115 1216
115 1262
115 1367
116 457
116 1765
117 1295
117 1518
118 1123
118 1779
119 376
120 1936
121 738
121 1526
121 1855
122 556
122 920
122 1179
122 1401
122 1843
123 200
123 1131
123 1278
123 1537
123 1990
124 329
125 607
125 654
125 939
125 1170
126 366
126 1561
126 1654
127 383
127 1809
127 1854
127 1983
127 1990
128 248
128 1121
129 214
129 1770
130 1044
131 156
131 269
131 495
131 742
131 1798
132 1045
133 821
133 1424
133 1426
135 137
135 1068
135 1175
136 449
136 526
136 1398
137 890
137 1855
138 1405
138 1446
138 1647
139 1489
140 211
140 220
140 845
140 1117
140 1857
140 1970
141 265
141 1018
141 1207
141 1310
141 1662
142 726
143 361
143 996
143 1268
143 1660
144 1179
144 1278
145 450
145 822
146 273
146 492
146 561
146 1740
147 1918
147 1928
148 384
148 676
150 646
150 816
150 1286
151 421
151 1366
152 365
152 1709
152 1809
153 903
153 1461
153 1580
154 342
154 1592
155 233
155 668
156 1312
156 1632
156 1662
156 1742
157 1294
158 170
158 215
158 468
158 712
158 1037
158 1706
159 465
159 1037
159 1744
159 1884
160 193
160 343
160 835
160 1603
161 889
161 1474
161 1846
162 605
162 651
162 780
162 824
162 1345
162 1620
163 1469
163 1495
164 501
164 1472
165 445
165 484
166 1376
169 735
169 1052
170 426
170 1788
171 451
171 742
171 1708
172 591
172 790
172 1179
173 1117
173 1683
173 1691
174 1427
174 1811
175 1046
175 1688
175 1866
175 1915
175 1927
176 933
176 1930
177 301
177 304
177 1372
178 415
179 693
179 1609
180 742
180 1145
180 1211
181 973
182 1589
183 890
183 1488
184 946
185 422
185 956
185 1171
185 1397
185 1732
185 1933
186 1278
186 1384
187 507
187 616
188 870
188 1589
189 1336
190 549
190 1610
190 1714
191 1454
191 1549
192 1353
192 1424
193 648
193 1160
194 273
194 1063
194 1328
194 1742
195 751
195 1257
195 1926
196 597
196 722
196 800
197 1872
198 536
198 649
198 1452
198 1453
198 1562
198 1838
198 1926
199 1320
199 1635
200 315
200 598
200 844
200 847
200 960
200 1048
200 1886
201 1209
201 1629
202 645
202 1495
202 1583
202 1924
203 262
203 903
203 1144
203 1888
204 1151
204 1583
205 319
205 830
207 1145
208 242
208 972
209 716
209 1472
209 1911
210 1453
211 309
211 1117
211 1189
211 1634
211 1637
211 1859
212 464
212 651
212 742
212 911
212 1545
213 980
213 1058
214 1797
214 1911
215 568
215 885
215 1212
215 1727
216 266
217 244
217 1395
217 1686
218 527
218 1021
218 1092
218 1123
218 1532
218 1601
219 537
220 243
220 1325
220 1465
221 901
221 1508
221 1663
222 491
222 784
222 1022
223 832
223 1043
223 1564
223 1793
224 1215
224 1690
224 1707
224 1877
225 874
225 1284
225 1838
226 301
226 893
226 1086
226 1495
226 1836
227 670
227 926
228 398
228 1370
228 1524
228 1801
229 812
230 268
230 520
230 1380
231 782
231 1827
232 744
232 911
233 298
233 1206
233 1768
234 936
234 1665
234 1867
235 503
235 528
235 545
236 1068
236 1209
236 1294
236 1472
237 368
237 1566
237 1991
238 857
238 1818
238 1975
239 363
240 1118
240 1267
241 253
241 1543
242 557
242 637
242 1263
242 1589
243 690
243 1199
243 1392
243 1398
243 1446
243 1468
244 873
244 1833
245 1061
245 1626
246 378
246 516
247 470
247 610
247 848
247 1124
249 417
249 846
249 1226
249 1597
250 707
251 936
251 1617
252 404
252 1239
252 1789
253 868
253 1251
253 1738
253 1807
253 1880
253 1993
254 750
255 402
255 457
255 1224
257 393
257 873
257 1771
258 366
258 882
258 1560
259 840
259 1345
260 437
260 623
260 1389
261 1705
262 1076
262 1858
263 651
263 965
263 1045
263 1664
263 1925
263 1990
266 1057
267 1040
267 1912
268 455
268 536
268 1333
268 1349
268 1655
269 289
269 808
269 1475
270 340
270 1748
272 463
273 812
273 840
273 1486
274 311
274 1707
274 1889
274 1995
275 1627
275 1845
275 1872
275 1982
276 438
276 447
276 638
276 1235
276 1459
276 1837
277 1253
277 1521
277 1945
278 431
278 1161
279 523
279 642
279 844
279 1638
279 1720
279 1917
280 742
281 1276
281 1612
282 724
282 1467
282 1706
283 376
283 435
284 674
284 1508
284 1664
285 889
285 907
285 1039
285 1419
286 547
286 904
286 1050
286 1057
286 1309
287 1071
287 1292
287 1405
287 1662
288 695
288 799
288 884
289 1844
289 1937
290 765
290 1002
290 1493
290 1677
291 697
291 984
291 1589
292 1123
292 1593
293 1502
293 1570
294 1353
294 1401
294 1687
295 540
295 1076
295 1713
295 1726
296 365
296 1189
296 1287
296 1380
297 722
298 974
298 1340
298 1610
298 1676
298 1754
299 624
299 956
300 586
300 1548
301 1879
302 1193
302 1247
302 1331
302 1529
303 1097
303 1211
303 1723
304 596
304 1125
305 332
305 1071
305 1425
306 461
306 1385
306 1789
307 1064
307 1079
307 1206
309 574
309 769
309 1259
310 1734
310 1939
311 856
311 901
311 997
311 1248
311 1490
311 1601
311 1732
313 322
314 643
314 719
314 1931
316 1331
316 1371
317 555
317 731
317 893
318 1060
318 1343
318 1577
319 1460
319 1761
320 551
320 1554
320 1794
321 1004
322 873
322 1308
322 1489
323 1635
324 702
324 1652
324 1655
325 614
325 1789
326 1071
326 1697
326 1915
327 442
327 810
327 1024
329 724
329 1843
330 699
330 723
330 1431
330 1793
330 1998
331 1813
332 397
332 416
332 729
333 642
333 684
333 1606
333 1987
336 1017
337 1131
338 418
338 782
339 374
339 1653
339 1943
339 1946
340 683
340 902
341 1638
341 1711
341 1743
342 1641
343 354
343 1394
344 662
345 1151
346 997
346 1175
346 1328
347 1834
348 645
348 689
348 1271
348 1426
348 1473
348 1504
349 824
350 1937
350 1982
351 947
351 1382
352 1373
353 852
353 1278
354 1120
355 710
355 763
356 848
356 1128
357 890
357 1604
357 1677
357 1872
358 934
358 1008
359 783
359 1294
360 582
360 1267
360 1922
361 625
361 997
361 1190
361 1373
362 665
363 870
363 925
363 1578
363 1982
364 371
364 396
364 1405
365 1765
366 414
366 1219
366 1332
367 714
367 952
367 991
367 1121
367 1307
367 1564
367 1858
369 487
369 901
370 392
370 741
370 1061
370 1085
370 1144
371 1049
371 1743
371 1870
372 1343
372 1517
372 1717
372 1857
373 808
374 630
374 772
374 1679
374 1995
375 895
376 982
376 1625
377 844
377 1529
378 507
379 1260
379 1807
380 452
380 671
380 805
380 1701
380 1739
381 384
381 512
381 612
381 785
381 803
382 1063
382 1859
383 894
383 984
383 1600
383 1781
383 1933
384 1508
385 483
385 565
385 1337
385 1360
385 1500
385 1550
385 1980
386 454
386 705
386 1409
387 664
387 943
387 1100
387 1167
388 780
388 1104
388 1302
388 1886
389 1614
390 429
390 452
390 566
390 1958
391 702
391 1771
391 1921
392 1658
393 1232
393 1961
394 463
395 1577
395 1983
396 1604
398 487
398 1163
398 1514
398 1863
399 595
399 650
400 503
400 630
401 795
401 1425
403 572
403 936
404 461
404 1816
405 1516
406 726
406 1452
408 963
409 1738
410 478
410 1353
410 1647
410 1719
410 1884
411 1686
412 899
414 1630
415 779
415 791
415 845
415 937
416 1113
416 1982
419 517
420 441
420 504
420 1253
420 1479
420 1596
421 1004
421 1763
421 1791
422 568
422 646
422 1239
422 1473
422 1497
422 1741
423 751
423 1269
423 1417
423 1642
425 493
425 744
425 1067
425 1262
425 1407
425 1433
425 1633
426 1222
426 1469
427 883
427 1016
427 1396
428 1882
429 705
429 1389
429 1802
429 1813
429 1889
430 594
430 710
430 1090
431 1372
432 751
432 1711
434 506
435 719
436 586
436 688
436 853
436 1672
437 1013
437 1199
437 1930
438 628
438 741
438 1599
440 555
440 756
440 1644
440 1707
440 1866
441 648
441 1748
442 523
442 1390
443 1170
443 1262
443 1948
444 1867
445 558
446 476
446 510
446 1819
446 1904
447 548
447 1662
448 1292
448 1322
449 478
449 541
449 761
449 1003
449 1638
449 1680
449 1806
449 1812
449 1884
450 1810
450 1820
450 1972
451 902
451 981
451 1057
451 1346
451 1492
452 1247
452 1750
452 1977
453 624
453 705
453 788
453 1130
454 996
455 1175
456 1584
457 543
457 621
457 1547
458 1934
459 727
459 1963
460 628
460 682
460 1034
460 1787
462 730
462 847
462 1050
462 1283
462 1313
463 840
463 1882
464 1578
464 1580
465 780
465 1798
465 1866
466 692
466 761
466 1392
466 1654
467 1350
468 818
469 1359
470 605
470 1543
470 1867
471 1344
472 765
472 1400
473 508
473 859
473 1643
473 1675
476 541
476 1052
476 1147
476 1519
476 1530
476 1746
477 1180
477 1202
478 674
478 1297
478 1982
480 500
480 665
481 500
481 1424
481 1855
482 1630
483 526
483 1538
484 1081
484 1339
484 1370
484 1501
485 789
485 1044
486 612
486 1133
487 1649
488 1070
488 1329
489 1728
489 1902
490 624
490 733
490 1179
490 1953
491 1221
491 1473
492 754
492 897
492 1348
492 1723
493 1058
493 1736
495 510
495 1256
496 644
496 981
497 1257
497 1287
497 1570
497 1867
498 858
498 1129
499 1291
499 1566
499 1738
499 1781
500 617
500 1887
501 1809
502 636
502 978
502 1548
502 1999
503 639
503 1252
503 1342
504 1058
504 1393
504 1844
505 1280
506 741
506 1590
506 1768
506 1789
506 1900
507 867
507 1142
508 1637
509 1184
509 1512
510 664
510 808
510 1686
511 910
511 1745
511 1827
512 518
512 1574
513 632
513 688
513 1064
514 1800
515 1412
516 1349
516 1457
516 1965
516 1975
517 1100
518 536
518 953
519 1633
519 1764
519 1981
520 703
521 546
521 574
522 1147
522 1390
523 636
523 972
523 1384
524 1644
525 826
525 1002
526 1653
526 1739
527 889
527 1498
527 1755
528 1860
529 1085
530 1801
531 798
531 1657
531 1755
532 708
533 611
533 925
533 1121
533 1442
533 1596
533 1817
534 845
534 1381
535 691
535 747
535 752
535 775
535 1111
536 712
536 857
536 1904
537 1110
538 961
538 1648
539 555
539 630
539 1934
541 1874
542 775
543 1315
544 1200
544 1246
544 1932
546 807
546 1041
546 1255
548 942
549 659
549 836
549 1351
549 1622
550 1311
550 1404
551 1330
551 1678
552 553
552 567
552 581
553 642
553 1546
554 907
554 1862
555 625
555 1216
556 703
556 868
556 1385
557 583
557 842
557 1288
557 1433
557 1633
558 1572
558 1745
558 1853
559 1383
561 940
561 1481
562 787
563 652
563 671
563 1597
565 1595
566 917
566 1340
567 805
567 1062
567 1500
568 655
568 896
568 986
568 1478
568 1737
568 1754
569 889
569 1286
570 1157
570 1251
571 851
571 1478
571 1737
572 1278
573 622
573 899
573 1676
574 1732
575 1398
575 1427
576 1240
576 1602
576 1747
576 1831
577 1059
577 1091
577 1603
580 803
581 638
581 686
581 1540
581 1657
581 1975
582 1314
583 661
583 1112
583 1222
583 1272
583 1897
584 1320
584 1983
585 739
585 1238
588 1585
589 1231
589 1333
591 1442
591 1775
592 617
593 810
593 812
594 905
594 1491
594 1687
595 1324
596 1000
596 1027
596 1405
596 1927
598 864
598 1251
598 1417
599 938
599 1102
599 1678
600 827
600 1202
601 1470
601 1703
602 1859
603 1487
604 1114
604 1805
605 1317
606 877
607 790
608 1502
609 719
610 855
610 1004
612 1676
612 1732
613 1457
613 1534
614 616
615 1925
616 1021
616 1306
617 1119
618 1303
620 1821
621 1734
622 1738
624 1074
624 1362
624 1479
625 997
625 1157
625 1592
626 1354
626 1588
627 1011
627 1037
627 1107
627 1710
628 1029
628 1163
628 1203
628 1256
629 1908
630 1419
630 1502
630 1561
631 683
631 1080
632 1136
632 1205
635 1825
636 1266
637 884
637 924
637 1641
638 1299
638 1639
638 1748
639 1238
639 1279
639 1695
640 860
640 901
640 1598
641 705
642 804
642 1972
644 1578
646 1018
646 1229
646 1441
646 1989
647 655
648 707
648 748
648 1662
650 1169
650 1628
651 1338
651 1822
652 704
652 1137
653 720
653 1845
654 1619
655 1868
657 1301
657 1538
657 1887
658 970
658 1206
659 790
660 1390
660 1788
661 1674
663 1511
664 1814
664 1907
665 1766
666 801
667 1170
667 1382
667 1729
668 1032
668 1571
669 1078
669 1414
669 1465
669 1840
670 976
670 1620
670 1893
670 1938
671 1224
671 1505
671 1639
673 1427
674 699
674 708
674 1849
675 1688
676 1826
677 1739
679 790
679 1132
680 746
682 1451
685 1101
686 1679
686 1712
687 1139
687 1169
687 1320
687 1423
687 1548
688 898
688 1721
688 1964
689 915
690 1165
692 1203
692 1347
692 1852
693 1079
694 1695
694 1823
697 1983
698 1667
698 1911
700 1153
700 1226
701 712
701 1688
703 1296
704 933
704 1081
704 1479
705 1518
705 1730
705 1764
707 977
707 1547
707 1639
707 1954
708 1340
708 1830
709 1727
709 1768
710 1445
710 1804
711 1653
712 1369
712 1452
712 1485
713 1159
713 1162
713 1307
713 1638
714 1352
715 763
716 834
716 1058
716 1340
718 1325
718 1554
719 867
719 1090
719 1507
719 1522
719 1550
720 869
720 1553
721 802
721 1129
721 1939
721 1997
722 828
722 1827
722 1892
725 750
725 1242
725 1400
725 1694
725 1701
726 755
726 1141
726 1757
727 1488
727 1729
727 1802
728 960
728 1311
728 1655
729 1294
730 1182
730 1299
731 1505
731 1809
732 1429
733 1041
734 1151
734 1447
734 1703
734 1909
735 903
735 1991
736 755
736 1443
736 1861
737 1858
739 1336
739 1808
739 1903
740 955
740 1702
740 1873
742 767
742 1021
743 1477
743 1967
744 1291
744 1786
745 1115
745 1548
746 1184
746 1459
746 1690
747 1288
747 1660
748 779
748 1678
749 1413
749 1475
749 1794
749 1948
751 1519
751 1545
751 1817
754 1624
754 1926
755 1871
756 1205
756 1807
756 1871
757 1245
758 921
758 997
758 1471
759 1739
760 1866
761 772
761 1120
761 1270
761 1299
761 1716
761 1874
762 1482
763 858
765 1180
767 789
768 1884
770 847
770 1438
771 828
771 1367
772 901
773 1297
774 1244
775 876
775 1180
776 888
776 914
776 1609
777 1057
777 1068
777 1798
778 965
778 1015
778 1168
778 1727
779 1048
779 1358
779 1370
779 1947
781 1124
781 1199
781 1386
781 1865
782 1278
782 1737
784 815
784 952
784 1195
784 1244
784 1470
786 1072
786 1321
787 1029
787 1676
789 1629
789 1972
790 1340
791 1091
791 1785
791 1920
791 1927
792 1679
794 1787
795 1277
795 1315
795 1536
795 1910
796 803
796 1076
796 1079
796 1852
797 1667
797 1900
798 812
799 1376
799 1995
800 1101
802 1300
802 1426
804 1735
805 824
805 997
806 1130
807 1617
807 1996
808 983
808 1053
808 1382
808 1597
809 1097
809 1592
809 1897
809 1937
810 895
810 1153
811 971
811 1030
811 1658
813 815
813 1021
813 1040
813 1513
814 1121
814 1148
814 1475
814 1743
814 1880
814 1966
818 1096
820 1422
820 1680
821 827
822 1338
823 1902
825 1730
825 1955
825 1968
826 837
826 1594
826 1975
828 1768
829 1611
830 1832
831 1014
831 1433
831 1646
831 1807
832 1026
832 1498
832 1916
834 988
835 916
835 956
835 1531
835 1882
836 1236
836 1614
837 1844
837 1860
837 1869
839 1233
839 1374
840 1351
841 1069
841 1130
841 1314
842 1101
842 1182
845 1135
845 1374
845 1648
846 1715
847 1275
847 1329
847 1914
847 1978
848 1242
848 1521
849 859
849 1300
849 1807
850 1648
851 1331
852 1101
852 1479
854 1137
854 1680
855 991
856 1621
857 1651
857 1725
858 978
858 1386
858 1574
859 1297
859 1579
860 1332
861 1805
861 1828
862 1060
862 1440
862 1537
863 1462
863 1640
863 1664
863 1859
864 1234
865 1054
865 1662
867 895
867 1246
867 1567
868 1232
868 1279
868 1920
869 911
870 1147
870 1484
871 1126
871 1651
872 1454
872 1865
873 1072
873 1156
873 1346
874 1734
874 1757
874 1985
876 1085
876 1511
876 1832
877 1604
878 882
878 1549
879 1541
880 1133
881 1729
881 1766
881 1779
882 895
882 1814
883 1018
883 1429
884 1155
885 1106
885 1354
885 1395
885 1580
886 1050
886 1625
887 1159
887 1746
888 1660
888 1724
888 1759
890 1579
891 1022
891 1535
892 1129
893 1508
894 1045
894 1504
894 1538
895 1508
896 1856
897 932
897 1286
897 1672
897 1709
898 1696
898 1817
899 1293
900 1501
901 949
901 1295
901 1462
902 1037
903 935
903 1821
904 1133
904 1452
904 1917
905 1340
906 1223
906 1360
906 1653
906 1933
908 1259
909 944
909 1361
910 982
910 1542
910 1553
910 1905
911 1326
911 1435
911 1491
911 1996
912 1035
912 1064
912 1250
912 1738
912 1807
912 1979
914 1091
915 1838
917 1828
918 1281
919 1308
920 1176
920 1736
920 1862
921 1335
922 1368
922 1586
922 1679
923 1012
924 1538
924 1735
925 1044
925 1522
925 1561
927 1200
928 961
928 1636
928 1900
929 948
931 1344
931 1664
932 1158
933 1149
933 1530
934 1495
936 1056
936 1127
936 1312
936 1501
937 1191
940 968
941 1414
942 979
942 1027
942 1066
942 1298
942 1415
943 974
944 1138
945 1558
946 1065
947 1098
948 1418
948 1597
949 1533
949 1725
950 989
950 1643
951 1665
951 1737
953 1169
953 1699
955 1155
955 1645
956 1093
956 1508
957 977
959 1733
960 1953
961 1588
962 1310
963 966
963 1230
963 1480
963 1488
964 1021
964 1829
965 1301
966 1159
966 1201
967 1719
969 1459
969 1494
969 1530
970 1525
971 1028
971 1445
971 1820
972 1215
973 1585
974 1150
975 1400
975 1924
976 1648
977 1067
978 1036
978 1961
980 1338
980 1372
980 1591
981 1371
981 1518
982 1876
982 1925
983 1321
983 1482
984 1425
985 1403
985 1988
986 1352
987 1314
988 1239
989 1074
991 1050
991 1246
991 1290
992 1681
992 1935
992 1954
994 1527
994 1931
995 1278
996 1225
996 1930
997 1222
997 1437
997 1788
998 1353
998 1930
999 1135
999 1955
1000 1594
1001 1326
1003 1794
1004 1826
1005 1054
1005 1253
1005 1660
1005 1750
1006 1654
1007 1556
1008 1732
1008 1786
1011 1127
1011 1556
1011 1680
1011 1783
1011 1796
1013 1064
1013 1112
1014 1550
1014 1814
1015 1824
1016 1069
1016 1189
1016 1848
1016 1960
1017 1704
1018 1841
1019 1216
1019 1238
1019 1340
1020 1104
1020 1871
1021 1032
1021 1453
1021 1848
1023 1607
1023 1909
1024 1240
1024 1492
1025 1174
1028 1324
1028 1337
1029 1047
1029 1287
1029 1872
1031 1047
1031 1489
1031 1600
1031 1632
1033 1279
1034 1470
1034 1552
1034 1798
1035 1620
1036 1103
1036 1225
1036 1374
1036 1643
1036 1758
1039 1283
1039 1357
1040 1855
1041 1292
1042 1723
1043 1602
1043 1780
1043 1909
1044 1165
1044 1493
1045 1531
1045 1726
1046 1518
1047 1073
1048 1275
1048 1449
1050 1080
1050 1318
1050 1373
1051 1463
1051 1609
1052 1065
1052 1409
1053 1148
1053 1229
1053 1528
1053 1786
1053 1997
1054 1590
1055 1404
1057 1616
1061 1415
1061 1570
1062 1590
1062 1987
1063 1471
1065 1246
1067 1732
1067 1777
1068 1678
1068 1697
1069 1079
1069 1174
1069 1551
1069 1678
1070 1534
1071 1286
1071 1419
1071 1970
1073 1498
1074 1472
1074 1826
1074 1846
1075 1299
1075 1543
1075 1551
1075 1694
1076 1804
1076 1848
1077 1879
1078 1726
1081 1635
1081 1695
1083 1654
1083 1972
1085 1490
1086 1203
1086 1562
1086 1820
1086 1852
1087 1738
1089 1963
1090 1421
1090 1795
1090 1805
1091 1202
1093 1436
1094 1280
1094 1830
1094 1923
1095 1251
1096 1295
1096 1667
1096 1853
1097 1352
1099 1226
1099 1489
1101 1484
1102 1907
1103 1833
1105 1636
1106 1128
1106 1247
1110 1856
1111 1491
1111 1904
1113 1812
1114 1560
1116 1762
1119 1190
1119 1262
1120 1133
1123 1402
1124 1194
1124 1599
1125 1369
1127 1687
1128 1406
1129 1641
1132 1213
1132 1887
1133 1843
1134 1188
1134 1835
1135 1211
1136 1252
1136 1320
1136 1490
1137 1536
1138 1633
1139 1601
1142 1521
1143 1748
1143 1884
1144 1414
1145 1379
1146 1979
1147 1708
1148 1203
1148 1227
1149 1933
1151 1491
1154 1633
1154 1922
1155 1499
1155 1538
1155 1675
1156 1743
1156 1762
1157 1395
1157 1772
1158 1401
1158 1511
1159 1759
1159 1912
1159 1983
1160 1650
1161 1723
1163 1395
1163 1542
1164 1834
1166 1188
1167 1811
1168 1517
1169 1651
1170 1346
1170 1652
1170 1675
1172 1412
1174 1213
1174 1379
1174 1549
1175 1704
1176 1957
1178 1611
1179 1491
1180 1417
1180 1524
1180 1880
1181 1230
1182 1383
1182 1639
1183 1550
1184 1227
1184 1276
1184 1562
1185 1510
1185 1902
1186 1392
1186 1810
1187 1437
1187 1998
1188 1577
1188 1968
1190 1885
1190 1989
1191 1240
1192 1342
1192 1859
1193 1231
1195 1528
1196 1630
1197 1252
1198 1748
1198 1894
1199 1572
1200 1210
1201 1776
1201 1821
1202 1349
1202 1653
1203 1553
1204 1274
1204 1428
1204 1759
1205 1549
1205 1892
1205 1938
1206 1260
1206 1394
1206 1786
1207 1215
1209 1411
1209 1435
1209 1948
1212 1250
1212 1562
1213 1230
1213 1580
1213 1734
1213 1863
1213 1870
1215 1576
1215 1795
1216 1488
1216 1738
1217 1554
1218 1240
1220 1615
1220 1705
1220 1738
1221 1797
1222 1914
1224 1300
1224 1547
1224 1607
1224 1800
1226 1900
1228 1360
1228 1887
1231 1288
1233 1736
1233 1789
1234 1272
1235 1874
1237 1764
1238 1283
1239 1995
1241 1455
1241 1711
1242 1642
1242 1726
1242 1910
1243 1437
1244 1509
1245 1330
1245 1997
1247 1445
1247 1714
1248 1258
1248 1770
1249 1842
1250 1486
1250 1793
1251 1552
1252 1343
1252 1361
1252 1413
1253 1415
1254 1634
1254 1738
1255 1469
1255 1481
1255 1603
1257 1688
1258 1281
1258 1727
1259 1811
1260 1947
1261 1411
1262 1535
1262 1913
1263 1785
1263 1830
1263 1859
1264 1915
1266 1345
1266 1608
1267 1272
1268 1572
1268 1581
1268 1788
1269 1516
1269 1523
1270 1648
1271 1953
1273 1289
1273 1358
1273 1419
1273 1772
1274 1782
1275 1816
1276 1761
1276 1891
1277 1490
1277 1687
1278 1567
1278 1946
1279 1942
1282 1712
1282 1791
1283 1934
1287 1471
1287 1809
1287 1966
1288 1920
1290 1470
1290 1892
1291 1478
1291 1698
1291 1851
1292 1434
1292 1654
1293 1581
1294 1900
1295 1925
1296 1756
1296 1832
1296 1834
1298 1658
1300 1989
1301 1432
1301 1468
1302 1955
1303 1675
1305 1356
1307 1323
1307 1358
1308 1491
1309 1866
1310 1779
1311 1697
1316 1947
1318 1742
1318 1810
1319 1731
1320 1788
1320 1978
1321 1863
1322 1328
1322 1444
1322 1569
1323 1378
1323 1533
1324 1361
1324 1506
1326 1862
1328 1591
1329 1350
1329 1444
1330 1633
1336 1506
1338 1523
1338 1628
1339 1658
1341 1733
1342 1536
1342 1769
1342 1867
1343 1454
1344 1429
1345 1505
1347 1992
1348 1665
1350 1844
1351 1911
1352 1569
1352 1853
1353 1356
1353 1742
1354 1384
1354 1947
1355 1670
1355 1727
1355 1891
1356 1805
1356 1899
1357 1847
1358 1717
1359 1852
1361 1968
1362 1470
1362 1966
1363 1537
1363 1679
1363 1800
1364 1369
1364 1904
1365 1948
1366 1963
1367 1768
1371 1743
1373 1502
1373 1503
1373 1601
1374 1949
1375 1434
1375 1762
1377 1790
1378 1418
1378 1800
1379 1570
1380 1605
1384 1923
1385 1993
1389 1556
1391 1607
1391 1622
1392 1619
1395 1507
1395 1717
1395 1951
1397 1651
1399 1706
1400 1748
1401 1842
1404 1633
1406 1979
1407 1530
1412 1492
1413 1643
1414 1587
1415 1553
1416 1828
1416 1952
1417 1580
1417 1763
1417 1897
1418 1626
1421 1536
1422 1825
1423 1846
1424 1473
1425 1538
1426 1753
1427 1827
1428 1845
1429 1523
1430 1574
1433 1688
1434 1445
1434 1690
1435 1442
1438 1948
1439 1955
1442 1492
1442 1601
1443 1473
1443 1701
1443 1878
1444 1541
1444 1883
1448 1836
1449 1812
1450 1730
1450 1815
1451 1478
1451 1502
1451 1517
1452 1865
1454 1932
1455 1835
1458 1851
1459 1700
1462 1908
1462 1925
1467 1806
1467 1957
1469 1876
1470 1718
1471 1516
1471 1579
1472 1743
1472 1871
1473 1576
1473 1684
1477 1838
1479 1668
1480 1975
1481 1732
1481 1977
1483 1618
1484 1530
1484 1564
1486 1531
1488 1886
1491 1627
1492 1934
1494 1660
1494 1698
1496 1929
1497 1689
1497 1837
1501 1833
1503 1542
1505 1804
1506 1823
1507 1873
1508 1567
1509 1583
1509 1683
1510 1721
1510 1810
1511 1627
1511 1647
1511 1821
1512 1531
1515 1945
1518 1807
1520 1672
1520 1688
1521 1632
1522 1731
1523 1696
1526 1637
1526 1845
1527 1632
1527 1702
1529 1531
1529 1948
1529 1982
1530 1728
1531 1738
1532 1943
1533 1748
1538 1683
1540 1739
1540 1968
1548 1603
1548 1795
1549 1587
1549 1752
1554 1728
1555 1639
1555 1995
1559 1715
1560 1592
1560 1671
1560 1734
1561 1578
1561 1985
1562 1897
1564 1614
1566 1646
1568 1796
1569 1653
1572 1829
1576 1859
1577 1785
1581 1978
1584 1960
1585 1895
1586 1636
1587 1806
1587 1890
1588 1638
1588 1665
1588 1914
1590 1605
1598 1706
1599 1668
1601 1851
1606 1804
1608 1671
1611 1916
1616 1617
1616 1946
1618 1884
1619 1830
1621 1996
1625 1908
1628 1833
1628 1976
1629 1668
1630 1669
1632 1722
1633 1912
1634 1716
1637 1878
1638 1719
1638 1738
1639 1979
1643 1874
1646 1788
1647 1951
1649 1824
1650 1714
1650 1855
1652 1720
1653 1776
1657 1866
1657 1932
1658 1776
1659 1689
1659 1925
1661 1990
1662 1742
1663 1971
1664 1752
1671 1793
1674 1710
1678 1948
1679 1806
1681 1795
1685 1775
1690 1801
1691 1921
1694 1825
1695 1699
1696 1927
1698 1837
1699 1818
1702 1778
1706 1991
1710 1805
1716 1775
1716 1915
1717 1970
1718 1785
1721 1966
1722 1807
1725 1775
1726 1766
1727 1733
1728 1841
1732 1963
1739 1776
1741 1767
1741 1907
1743 1796
1744 1831
1744 1909
1752 1927
1753 1830
1756 1873
1757 1820
1760 1918
1761 1972
1762 1789
1763 1889
1764 1856
1764 1971
1773 1873
1774 1949
1775 1783
1779 1787
1780 1936
1780 1991
1786 1982
1788 1791
1789 1943
1790 1837
1790 1871
1793 1838
1800 1868
1805 1816
1808 1901
1810 1964
1813 1870
1819 1823
1820 1941
1823 1888
1831 1891
1835 1954
1841 1988
1842 1859
1843 1872
1847 1891
1847 1940
1847 1941
1852 1981
1873 1958
1880 1917
1900 1954
1903 1949
1917 1990
1920 1952
1941 1976
1979 1986
