2000 2954
13
64
98
79
86
68
11
39
77
58
50
66
53
25
11
27
55
45
100
33
76
79
52
4
29
31
78
62
68
64
71
60
80
54
14
19
25
67
21
35
87
7
27
13
92
89
16
8
29
18
56
43
70
53
27
78
56
95
52
50
58
56
81
69
78
32
45
77
77
24
1
19
58
31
16
79
23
67
16
27
57
78
72
89
29
94
5
62
47
53
78
89
55
73
20
12
93
42
98
100
37
17
39
59
23
13
61
27
12
67
59
83
94
20
28
1
18
20
9
5
32
52
19
35
69
95
58
49
84
17
35
37
8
12
36
82
82
55
35
49
4
44
85
9
50
14
13
44
56
41
20
68
14
15
54
66
3
54
33
67
35
5
58
17
93
14
13
84
94
95
52
73
100
80
23
97
73
46
45
29
94
53
37
70
16
82
84
99
94
64
1
80
33
100
78
68
2
94
40
85
30
24
42
39
29
3
24
87
74
47
67
29
80
95
22
24
100
21
85
41
46
37
4
71
24
65
40
46
42
8
28
51
88
41
10
37
11
8
63
72
35
2
64
68
51
58
75
31
8
93
62
59
1
70
44
10
74
11
88
22
33
47
38
37
93
11
34
82
55
99
25
56
73
69
26
55
81
85
30
98
54
93
4
32
66
50
90
51
17
71
15
39
50
6
26
71
6
54
90
45
90
65
31
51
23
33
86
10
70
1
25
10
3
5
91
48
36
14
3
81
64
99
60
24
88
73
55
57
100
34
83
28
38
18
54
100
76
35
86
98
50
36
79
99
67
76
60
65
8
26
73
93
27
8
6
97
8
16
32
24
39
46
21
45
94
47
25
71
55
9
12
96
55
33
12
19
86
25
35
14
82
56
72
90
73
67
33
68
14
55
15
75
29
4
10
54
38
66
58
96
89
16
47
12
30
83
49
89
48
65
100
35
88
6
1
59
33
87
52
28
95
13
57
10
66
55
23
53
66
66
56
35
59
27
38
15
49
34
84
67
1
55
17
84
42
59
25
85
94
62
16
10
81
14
8
13
23
75
5
83
9
4
69
32
64
84
16
44
23
57
68
9
47
64
17
83
77
53
83
43
77
8
13
93
71
59
93
70
63
36
43
31
24
82
96
6
83
96
85
44
64
25
7
88
78
68
100
44
87
13
68
63
77
99
74
66
37
30
9
44
25
57
26
60
57
18
2
87
88
3
80
54
69
87
65
17
48
9
10
11
8
18
75
83
43
85
82
40
77
65
9
81
52
64
45
48
47
87
86
94
19
82
55
36
6
7
11
93
60
80
78
51
61
97
6
51
12
48
96
20
6
54
29
51
82
98
88
72
24
92
48
96
85
94
42
36
86
93
27
37
69
14
69
40
44
55
49
52
45
25
23
10
7
46
38
29
99
10
57
16
62
50
96
32
71
96
80
6
62
17
7
42
79
11
50
54
38
59
41
4
22
93
34
45
4
34
85
75
26
6
9
84
82
86
8
54
3
39
16
38
68
79
1
9
41
9
16
48
74
1
100
30
28
35
21
69
76
50
84
90
78
60
89
62
65
60
14
32
5
74
41
81
74
70
28
3
66
97
95
9
67
13
28
22
78
58
70
31
20
60
100
65
30
89
6
19
94
49
39
67
87
3
73
10
16
51
79
25
21
43
99
15
76
94
99
60
11
86
70
27
4
47
94
68
86
36
2
11
29
80
19
72
56
46
100
9
74
31
98
37
58
92
60
93
96
35
5
21
68
15
37
76
78
65
46
3
29
35
27
67
43
12
73
13
97
23
35
69
35
2
13
1
95
21
37
75
61
95
29
30
25
16
38
94
22
76
98
27
62
8
54
16
96
12
85
18
51
7
72
91
58
76
25
82
24
58
94
95
26
56
41
46
48
5
41
55
80
66
48
31
27
46
39
74
52
34
100
56
77
6
64
67
52
29
92
61
29
15
31
87
86
26
65
4
89
16
86
9
45
28
47
32
32
80
27
28
8
88
40
41
32
82
46
53
72
65
90
35
26
61
68
31
96
36
79
47
84
46
51
24
49
51
48
15
39
54
13
14
61
72
49
44
13
96
41
32
4
83
39
57
50
51
19
83
23
53
8
87
19
69
32
48
28
81
49
25
51
32
34
67
68
92
41
84
71
16
97
33
79
50
55
57
1
41
29
1
35
36
96
88
87
52
41
91
99
48
78
41
39
41
95
75
16
52
52
6
28
12
25
32
42
35
50
51
81
6
68
82
63
42
32
32
36
52
27
25
12
93
66
18
40
62
55
73
91
98
24
85
94
99
20
43
45
18
79
43
57
40
38
72
68
61
67
8
86
77
56
87
23
56
48
88
10
67
46
15
5
37
68
7
30
78
19
35
34
60
73
73
89
66
94
45
18
40
50
73
38
17
86
23
16
39
29
23
97
4
3
13
67
3
37
98
46
8
90
19
17
73
27
64
76
10
44
88
71
88
89
12
70
44
68
28
73
60
1
25
50
73
93
30
51
72
64
65
12
48
59
82
53
24
20
92
51
24
74
55
90
39
20
14
60
66
48
4
70
49
49
74
34
70
99
6
49
51
36
58
57
2
99
82
71
58
83
58
77
86
37
81
37
4
27
51
55
27
23
76
13
93
42
75
19
100
18
26
59
26
91
3
79
35
66
37
74
21
54
51
97
86
51
61
81
81
83
46
73
94
31
68
52
84
74
2
74
2
15
18
60
57
18
1
67
96
14
35
95
43
92
84
68
51
98
79
79
71
40
85
19
98
28
96
26
33
14
33
79
93
38
54
63
92
27
93
36
30
69
1
37
87
62
97
71
59
62
61
19
1
52
45
71
31
27
27
37
79
67
31
73
21
11
73
99
81
66
15
16
64
1
42
40
70
73
11
74
18
67
2
41
47
76
27
25
5
97
25
56
31
26
97
29
10
51
20
72
32
39
15
50
64
51
40
83
61
52
38
48
40
82
76
29
90
33
45
8
72
33
5
38
71
73
95
34
80
50
72
46
52
59
47
93
69
97
46
60
87
67
75
41
63
19
13
86
46
82
61
74
66
19
69
90
43
25
50
96
74
15
42
17
10
62
87
37
58
43
57
53
73
29
29
72
93
52
10
57
1
4
11
94
60
29
48
76
11
63
51
70
93
87
49
9
43
51
15
44
8
76
50
66
97
63
26
76
63
67
44
79
84
88
15
25
98
70
94
15
29
63
75
75
71
60
70
33
55
77
99
22
86
76
4
47
25
76
4
45
22
17
81
42
100
92
14
59
64
82
56
76
51
29
74
14
41
43
17
21
27
66
81
57
39
18
6
99
52
13
36
14
53
59
44
61
65
40
79
28
20
83
30
65
39
81
39
54
62
15
81
1
100
5
24
92
14
6
68
56
24
26
52
36
67
87
21
22
21
72
65
81
10
25
39
36
63
87
83
92
43
36
70
71
35
32
43
86
27
36
36
100
45
85
98
83
4
97
81
98
5
48
54
12
100
8
85
54
13
95
85
25
14
13
65
44
87
5
86
39
73
26
43
48
21
72
94
23
37
10
31
76
25
8
26
23
50
13
5
4
57
72
45
75
77
35
43
4
24
26
96
7
55
1
3
37
86
59
76
38
40
50
65
36
68
54
90
40
88
7
32
73
15
53
26
97
3
83
43
78
51
10
75
31
100
39
68
46
31
41
47
32
34
77
69
44
31
8
41
59
32
36
27
6
49
74
81
51
53
86
15
99
12
85
44
27
57
26
89
25
96
24
62
94
74
94
44
2
21
75
54
100
52
24
38
16
26
34
53
17
20
33
79
38
6
42
55
81
40
94
62
76
51
99
80
98
5
44
99
73
76
1
35
55
57
10
59
8
62
45
85
57
85
20
20
36
10
39
72
57
11
15
7
5
13
37
42
72
19
97
36
6
6
98
3
10
1
71
52
22
58
2
90
62
67
22
100
81
59
12
35
89
47
82
41
74
88
54
7
79
88
98
85
26
54
72
16
67
39
42
16
66
86
30
87
57
3
80
97
61
67
18
41
41
49
12
39
10
87
30
23
71
12
75
21
96
22
65
95
87
51
61
52
50
34
5
44
29
72
95
45
10
62
64
52
36
62
36
30
63
40
67
62
24
64
27
59
18
61
75
46
100
48
45
98
7
34
51
37
92
91
2
84
97
67
71
3
39
73
26
34
80
46
28
71
2
6
64
43
12
25
98
66
65
69
91
36
74
94
92
71
98
44
84
23
87
86
51
27
7
94
11
97
28
40
2
43
48
45
86
72
2
60
78
5
100
95
48
92
77
61
32
13
32
36
79
97
92
69
19
14
20
11
33
56
96
100
7
6
67
56
82
69
46
16
34
91
41
55
21
12
62
73
70
48
18
63
26
29
31
16
96
75
22
8
76
15
96
66
90
20
73
18
87
43
14
33
71
97
16
8
7
92
80
64
93
87
57
25
41
11
72
76
50
17
89
54
43
54
95
33
6
93
84
28
91
2
50
42
37
76
53
16
64
92
70
39
98
21
58
37
63
94
63
32
28
50
0 623
0 962
1 812
1 981
1 1026
1 1527
2 1817
2 1891
3 182
3 938
3 1295
3 1583
4 325
4 396
4 398
4 1390
4 1462
5 443
5 1591
6 578
6 1689
7 628
8 240
9 290
9 1255
9 1466
10 439
10 559
11 124
12 1412
12 1785
13 267
13 1153
13 1343
13 1628
14 729
14 1341
14 1561
14 1702
16 272
16 381
16 479
16 781
16 863
17 1239
17 1274
17 1821
18 818
18 881
18 1415
18 1709
19 56
19 551
19 829
19 1260
20 871
20 1652
21 600
21 746
21 861
21 895
21 1240
21 1400
21 1401
22 1029
22 1102
22 1542
23 1649
23 1715
23 1897
24 507
24 831
24 1241
24 1462
24 1490
24 1742
24 1956
25 1160
26 556
26 824
26 1489
27 486
27 1391
28 333
28 837
30 671
30 979
31 426
31 524
31 934
31 1276
31 1911
31 1996
32 1263
33 226
33 999
33 1307
33 1622
34 1499
35 829
35 1050
35 1091
35 1530
35 1678
35 1949
36 175
36 844
36 892
36 1078
36 1515
36 1774
37 190
37 1376
38 353
38 1237
38 1888
40 586
40 1823
41 715
41 1922
42 622
42 982
42 1371
43 875
44 1689
44 1695
45 278
45 1072
45 1940
46 183
46 387
46 773
46 1150
46 1294
47 437
47 833
47 919
47 976
47 1460
47 1838
47 1936
48 411
48 500
48 1521
49 320
49 777
49 1989
50 1995
51 523
51 722
51 1880
52 302
52 453
52 1444
53 651
54 236
54 1467
55 937
56 191
56 612
56 773
57 543
57 1280
58 87
58 186
58 1774
58 1853
59 271
59 1467
60 890
61 638
61 745
61 851
61 1730
62 911
62 1786
63 1264
63 1975
64 976
64 1533
65 774
65 791
65 952
65 1967
66 359
68 101
68 158
68 1335
68 1791
69 343
69 487
69 942
69 1190
70 117
70 192
70 908
70 1735
71 1034
71 1128
72 291
72 1815
73 705
73 1322
74 177
74 1526
75 391
75 414
75 451
75 979
75 1492
75 1866
76 775
76 1216
77 1076
77 1679
77 1828
78 412
78 667
78 1687
79 540
79 1156
79 1485
80 214
80 287
80 877
80 985
80 1842
81 451
81 537
81 971
82 965
82 1536
82 1903
82 1987
83 288
84 1363
84 1844
85 378
85 647
85 1004
86 959
86 1755
87 679
87 1164
87 1872
88 238
88 588
88 941
88 966
88 1475
89 645
89 1103
90 349
90 436
90 1115
90 1961
91 333
91 889
91 1406
91 1689
92 1428
93 453
93 1363
93 1368
93 1739
93 1748
94 154
94 408
94 651
94 740
94 1241
95 799
95 1003
95 1835
96 128
96 216
96 585
96 807
96 1285
96 1871
97 341
97 771
97 1274
98 1088
99 233
99 562
99 1688
99 1704
100 141
100 159
100 1352
100 1843
102 229
103 1556
104 420
105 364
105 890
105 1300
106 282
106 1467
107 469
107 1534
108 760
108 876
108 1430
109 1327
109 1336
109 1687
110 385
110 457
110 1045
110 1214
110 1489
111 1473
111 1891
112 224
112 1169
113 538
113 1796
114 590
115 1479
115 1558
115 1643
116 476
116 527
116 578
117 949
117 1531
117 1930
118 272
118 1086
119 348
119 613
119 891
119 1020
119 1167
119 1288
120 294
120 439
120 1287
120 1674
121 724
121 817
121 954
121 1445
122 234
122 358
122 518
122 743
122 780
122 804
123 599
123 1177
124 857
124 984
124 1755
125 796
125 1055
125 1774
126 684
126 749
127 312
129 541
129 1031
130 1284
131 734
131 1569
132 658
132 1215
134 157
134 284
134 536
134 638
134 1045
134 1302
134 1895
135 748
135 1193
135 1476
135 1749
136 326
136 1454
137 336
137 1738
137 1766
137 1883
138 1617
138 1761
138 1877
139 583
139 1512
140 281
140 481
140 1146
140 1287
141 1940
141 1983
142 814
142 1008
142 1581
143 1857
145 221
145 590
145 640
145 968
145 1453
147 528
147 1684
147 1959
148 520
148 810
149 1535
149 1653
149 1727
149 1978
150 609
150 652
150 889
150 1585
151 464
151 1268
151 1360
152 450
152 1628
152 1735
153 207
153 534
153 844
153 1397
153 1888
154 259
155 1422
156 255
156 1317
157 231
157 1190
157 1725
158 1053
158 1484
158 1876
159 601
159 871
160 715
160 1031
160 1978
161 283
161 516
161 1140
161 1347
161 1500
162 1912
163 393
163 886
163 1098
163 1325
163 1822
163 1872
164 758
164 761
164 1076
165 1569
165 1624
166 781
166 1210
168 1774
168 1786
169 188
169 329
170 230
170 1568
171 1251
171 1841
172 752
172 1932
173 850
173 889
173 998
174 1027
174 1106
174 1456
175 1189
176 1283
177 486
177 1810
177 1830
178 633
178 755
178 1363
178 1531
178 1645
179 272
179 816
179 1049
179 1088
180 408
181 217
181 948
181 996
182 450
182 484
183 1004
183 1108
184 553
184 798
184 1911
186 460
186 533
187 341
187 414
187 444
187 515
187 727
187 1712
187 1763
187 1975
188 871
188 938
189 629
189 775
189 1113
190 304
190 1026
190 1913
191 544
192 857
193 946
193 1631
194 209
194 1534
196 515
196 1359
196 1852
197 322
197 382
199 1328
200 1202
200 1574
200 1578
200 1990
201 338
201 479
201 781
201 1681
202 840
202 904
202 934
202 1137
202 1697
203 1186
203 1331
203 1771
204 256
204 1256
204 1538
205 295
205 1584
206 305
206 359
206 809
207 632
207 1648
208 564
208 1889
209 1509
210 797
210 902
211 534
211 1019
211 1962
212 587
212 1778
213 405
213 618
213 1247
214 433
214 1950
216 616
216 1563
216 1595
217 825
217 1343
217 1729
217 1825
218 398
218 639
218 1584
219 1767
220 302
220 1142
220 1443
221 323
221 846
221 1596
221 1967
222 546
222 1561
222 1645
222 1855
222 1988
224 1540
225 1901
226 1314
228 610
228 619
228 852
228 1472
228 1682
228 1997
229 1141
230 1299
231 1801
232 943
232 1606
233 559
233 1278
233 1549
234 251
234 317
234 1225
235 754
235 996
235 1535
235 1757
236 1820
237 239
237 1367
238 264
238 670
238 1394
238 1724
239 473
239 546
239 583
239 1013
239 1331
240 241
240 1321
240 1794
241 707
241 1169
241 1230
241 1359
241 1380
241 1437
241 1877
241 1952
241 1982
242 663
242 1386
242 1640
243 744
243 1066
243 1115
243 1208
244 491
244 774
244 836
244 1289
244 1631
244 1676
244 1835
245 1206
246 434
246 729
247 260
247 1338
248 909
248 1079
248 1659
248 1794
249 1707
250 712
250 732
250 992
250 1024
251 1198
251 1201
251 1443
252 588
252 691
252 1309
252 1465
252 1910
253 574
253 1012
253 1307
253 1596
254 423
254 1011
254 1474
254 1488
254 1880
255 1160
255 1563
256 1672
257 1363
257 1779
257 1972
258 287
258 783
258 1035
259 669
259 787
259 949
259 1786
260 268
260 1267
260 1269
260 1501
260 1621
261 773
261 818
262 953
262 1110
262 1345
262 1448
262 1900
263 738
263 909
263 1144
264 293
264 445
264 952
264 1000
264 1457
264 1719
266 512
266 1326
266 1518
266 1918
266 1961
267 1122
267 1839
268 414
269 536
269 765
269 846
269 1449
269 1902
270 531
270 1499
271 406
271 1046
271 1914
274 568
274 728
274 1896
275 616
275 807
277 472
278 1608
279 1414
279 1762
280 907
280 1196
280 1640
280 1972
281 358
281 1182
281 1310
281 1978
282 390
283 443
283 1805
284 1049
284 1674
284 1816
285 544
285 1316
286 377
286 994
286 1638
286 1934
287 464
287 504
287 1142
287 1402
288 796
288 1407
288 1992
289 1689
289 1736
290 317
290 498
290 794
290 1048
291 1780
292 1393
293 631
294 317
294 1167
295 1171
295 1822
296 374
296 1831
297 324
298 567
298 844
298 964
298 1241
298 1403
299 483
299 854
299 1991
300 1204
300 1408
300 1458
300 1669
301 533
301 1041
301 1827
302 449
302 457
302 710
302 1243
302 1381
303 1437
304 670
305 484
306 398
306 443
307 314
308 779
308 1580
308 1710
309 351
309 366
309 1063
309 1214
309 1943
310 1270
310 1824
311 1019
311 1495
312 500
312 533
313 842
313 1094
313 1231
313 1442
314 954
315 670
315 1690
316 751
316 990
317 990
317 1250
317 1475
317 1902
318 1905
319 392
319 944
319 1841
320 1207
320 1868
321 1300
321 1378
321 1462
321 1957
324 388
324 798
324 1031
324 1975
325 1418
325 1869
325 1909
326 1055
327 417
327 519
327 1197
327 1259
327 1460
327 1620
328 783
328 852
328 1790
329 661
329 811
329 956
329 1256
329 1619
330 496
330 527
330 647
330 933
330 973
330 1226
330 1735
330 1940
330 1986
331 617
331 1047
331 1303
331 1651
332 335
332 1115
332 1951
333 575
333 637
333 1269
333 1421
333 1774
333 1947
334 1258
334 1266
334 1496
335 1028
335 1033
335 1289
336 462
336 873
336 1541
337 929
337 1142
337 1468
337 1723
337 1897
337 1967
339 646
339 1389
339 1533
340 531
340 1398
341 909
341 1806
342 509
342 535
342 551
343 667
343 1765
344 1557
344 1559
345 399
345 885
345 1691
345 1975
346 1856
347 995
348 1178
349 539
350 1240
351 1160
351 1616
351 1886
352 398
352 726
352 1463
353 863
353 1273
353 1953
354 589
354 907
354 1323
355 591
355 643
355 1094
355 1360
355 1736
356 1005
356 1814
356 1934
357 516
357 1953
358 507
358 893
358 1899
359 561
359 1095
359 1734
360 861
360 1863
361 1553
362 706
362 1252
362 1360
362 1707
363 601
363 1052
363 1501
364 825
364 1415
364 1521
365 531
365 611
365 842
366 490
367 585
367 589
367 1312
367 1782
367 1815
368 1186
368 1268
368 1453
368 1633
369 588
369 648
370 781
370 1311
370 1535
371 447
371 992
371 1061
371 1089
371 1822
372 903
372 1826
373 1700
374 401
374 1817
374 1919
375 720
375 915
375 939
375 996
377 1697
378 1388
378 1702
379 673
379 1143
379 1709
380 527
380 1509
380 1795
381 404
381 484
381 515
381 527
381 1562
382 987
382 1073
382 1178
382 1794
383 934
383 1518
384 1670
385 753
385 1689
385 1728
385 1747
386 1741
387 537
387 975
387 983
387 1116
387 1656
388 1723
389 1556
390 865
390 1017
390 1624
391 538
391 1325
391 1999
392 393
393 599
393 684
393 809
394 746
394 875
395 1214
395 1427
395 1895
396 737
397 675
397 1033
397 1315
398 1291
399 403
399 633
399 1404
399 1696
400 636
400 1352
401 1576
402 1738
403 666
403 1613
404 719
404 1991
406 722
406 984
406 1364
406 1632
407 1060
407 1639
408 581
408 1025
408 1365
408 1643
409 1953
410 557
410 647
410 1493
411 506
411 683
411 1580
412 543
413 586
413 596
413 782
413 1951
414 1960
415 1987
416 543
417 572
417 1023
417 1331
417 1790
418 491
418 1878
418 1962
419 1393
420 932
420 1867
421 616
421 724
421 1420
421 1695
423 898
423 1254
424 1102
424 1868
425 1405
425 1512
426 830
426 1638
427 1058
428 468
428 677
428 850
428 1126
428 1337
428 1790
429 481
429 555
429 663
429 1164
429 1422
429 1951
430 1281
430 1798
432 1246
432 1257
432 1764
433 1460
433 1876
434 1056
435 914
436 1683
437 886
438 710
438 1049
438 1061
438 1428
439 1585
440 691
440 1361
440 1457
441 692
441 798
441 933
442 1265
442 1911
443 810
443 1280
443 1555
444 576
444 618
445 615
445 1272
446 473
446 1075
446 1535
447 546
447 1901
448 615
448 1559
448 1879
449 919
449 993
449 1190
449 1279
449 1400
450 515
450 813
450 882
450 986
450 1113
450 1626
451 1193
451 1308
452 735
452 1350
452 1892
452 1927
453 947
454 637
454 1944
455 1054
455 1342
455 1613
456 918
456 1057
456 1289
457 1175
457 1360
457 1404
457 1771
458 612
458 652
458 1019
460 806
460 864
460 1442
460 1521
460 1899
461 1122
461 1655
462 851
462 1496
463 945
464 501
464 1883
465 1094
465 1242
465 1745
466 1126
466 1924
467 929
468 997
468 1440
469 576
469 935
469 1143
469 1585
470 738
471 538
471 1052
472 1174
474 1102
474 1285
475 520
475 755
475 781
475 844
475 1036
476 1388
476 1740
477 1385
478 785
478 1176
479 749
479 1550
479 1677
480 1045
480 1055
480 1169
480 1860
481 490
481 1160
481 1398
481 1793
481 1946
482 1851
483 588
485 1101
485 1904
485 1928
486 533
486 1413
487 1201
488 1216
489 695
491 682
491 953
491 1024
491 1229
491 1279
491 1841
492 1479
494 894
494 934
494 1071
494 1523
495 1454
496 1596
497 1012
497 1451
498 1052
498 1523
499 954
499 1587
499 1801
500 1605
501 788
501 1181
501 1523
503 1351
503 1596
503 1826
503 1985
504 1071
504 1519
504 1548
506 779
506 1452
506 1756
506 1784
507 648
507 778
507 1328
507 1354
508 876
508 1143
508 1690
509 653
509 895
509 924
510 1167
510 1800
511 1503
513 1072
513 1927
514 948
515 782
515 1140
516 1131
517 805
518 680
519 1162
519 1216
519 1567
520 825
520 1217
521 1260
521 1457
521 1848
521 1897
522 730
522 1620
522 1759
522 1783
523 1347
523 1496
524 1140
524 1800
525 1636
525 1971
526 587
526 614
527 988
527 1623
527 1793
527 1813
528 768
528 1928
529 604
529 856
529 942
529 1480
530 1205
530 1206
531 1148
531 1765
532 1447
532 1551
533 571
533 798
533 1416
535 1895
535 1988
537 1092
537 1744
538 649
539 1111
539 1536
540 710
540 792
541 1589
541 1827
541 1876
542 1545
542 1676
543 1080
544 682
544 789
544 1762
545 1101
546 799
546 1083
546 1180
546 1461
546 1518
546 1675
547 803
547 1993
548 1071
548 1144
548 1714
548 1839
548 1881
549 1188
549 1554
549 1719
549 1931
550 1579
551 1915
552 822
552 1294
552 1955
553 784
553 1046
553 1567
553 1859
553 1971
554 1050
555 671
555 1438
556 1023
556 1066
556 1893
557 1164
557 1213
557 1414
557 1468
557 1744
557 1983
558 567
558 1124
558 1933
559 814
559 1066
559 1351
559 1987
560 822
560 859
560 945
560 1457
560 1632
561 650
561 1627
562 825
562 1245
562 1358
563 1173
563 1286
563 1976
564 1254
564 1423
564 1920
565 1387
565 1870
566 975
566 1778
567 900
567 1249
568 613
568 1460
569 682
569 1393
570 1261
570 1294
570 1983
571 1071
572 947
573 992
573 1179
573 1978
574 721
574 1895
576 891
576 996
577 675
578 1919
580 774
581 617
581 1980
582 879
583 593
583 678
583 1403
584 1573
584 1682
585 1284
585 1733
585 1866
589 924
589 1081
589 1310
589 1615
589 1672
590 1188
590 1236
590 1640
590 1689
590 1846
590 1870
591 1904
592 1032
592 1458
593 740
594 756
594 832
597 951
597 1237
598 632
598 907
598 1574
599 1046
600 862
600 1539
600 1963
601 1178
601 1895
602 651
602 1082
604 731
605 1945
606 793
607 1070
607 1408
608 1174
608 1896
608 1969
609 1623
610 1618
611 682
611 758
611 1515
611 1565
612 1647
613 645
613 1202
614 758
614 1887
615 941
616 972
616 1293
617 622
617 1443
617 1706
619 706
619 1664
620 1240
621 1179
621 1630
622 1501
623 1169
623 1472
624 1106
624 1111
624 1653
627 1174
627 1676
628 783
628 1752
629 851
629 946
630 703
632 1491
632 1905
635 837
636 1209
636 1605
636 1693
637 1681
638 1055
639 742
639 1418
639 1690
640 1991
641 1995
642 1392
643 782
643 1017
643 1874
644 1911
645 1730
646 1087
647 1135
647 1500
648 1544
648 1659
649 1443
649 1770
650 806
650 1377
651 975
651 1006
651 1248
651 1696
651 1702
653 1265
653 1560
653 1595
655 691
655 1836
656 979
656 1213
656 1794
657 806
657 1437
657 1542
657 1896
658 1308
658 1359
658 1445
659 1416
660 935
660 1518
661 706
661 1077
661 1656
661 1854
662 858
662 934
662 965
662 1584
662 1626
662 1932
663 670
663 1557
664 1131
664 1415
664 1435
665 688
665 878
665 1292
665 1980
666 1116
666 1152
666 1371
668 813
668 1586
668 1916
669 899
669 931
669 1114
669 1768
669 1954
671 842
671 1564
673 1761
674 1025
674 1243
674 1270
675 1285
676 1286
677 1533
677 1893
679 1063
679 1582
680 952
681 716
681 936
681 985
682 961
682 1234
682 1279
682 1337
683 1302
683 1712
683 1758
684 1374
684 1765
685 1201
687 1198
687 1753
688 889
689 843
689 893
690 1163
691 1139
691 1150
691 1306
691 1601
691 1759
692 1242
693 725
693 749
693 1553
694 857
694 1090
694 1477
694 1537
695 1391
695 1765
696 754
696 1672
696 1911
696 1921
696 1968
696 1982
697 1124
697 1151
697 1422
697 1454
700 1789
701 1058
701 1091
701 1161
702 724
702 756
702 1598
703 712
703 1620
704 904
705 1333
705 1476
705 1619
705 1843
707 1120
707 1272
707 1549
708 1481
708 1604
709 1059
709 1547
710 980
711 1046
712 1514
712 1680
713 958
713 1531
713 1645
713 1840
714 1131
714 1235
714 1417
716 1185
716 1345
716 1566
717 926
717 1001
717 1363
718 1427
718 1826
719 805
720 977
720 1125
721 1711
722 729
722 825
722 972
723 983
723 1215
724 1728
724 1752
726 1660
727 1251
727 1749
727 1898
728 917
728 1178
728 1575
728 1749
728 1819
729 1231
729 1828
730 811
730 1367
730 1892
731 1009
733 1242
735 751
735 1246
737 1464
737 1878
738 1298
739 1154
739 1284
740 1034
741 846
742 1105
742 1273
742 1436
742 1964
743 1193
743 1981
744 1225
744 1520
745 1391
745 1597
745 1631
745 1701
746 1064
746 1849
747 829
747 1549
747 1645
748 962
748 1555
748 1754
748 1934
749 1086
750 1252
750 1356
751 770
751 1489
751 1536
752 855
752 1647
753 1443
753 1468
753 1476
754 800
754 1496
756 1153
756 1189
757 1420
757 1448
758 1137
758 1393
759 1015
759 1426
759 1456
759 1666
759 1671
760 1039
761 983
761 1191
761 1260
761 1613
761 1982
762 857
762 1842
763 1421
764 958
765 1243
765 1695
765 1759
765 1887
766 828
766 1603
767 1118
767 1162
767 1223
767 1237
767 1447
767 1989
769 848
769 1037
769 1367
769 1494
769 1668
770 1129
770 1136
770 1555
771 1956
772 1482
772 1670
773 801
773 1536
773 1725
775 869
777 1215
777 1454
777 1817
777 1819
778 886
778 1037
778 1064
778 1780
779 986
779 1370
780 932
780 1596
782 1019
782 1616
782 1903
784 1792
785 849
786 863
786 899
786 1209
787 881
787 1807
790 1368
790 1562
790 1918
791 1706
791 1891
792 1593
793 838
794 1185
794 1567
795 1010
795 1548
795 1628
796 996
796 1921
797 849
797 1481
797 1810
797 1887
798 1145
798 1468
798 1570
798 1890
799 872
799 1331
799 1981
800 1847
801 815
801 1320
802 1159
802 1189
803 817
803 1287
803 1297
803 1380
803 1596
803 1597
803 1919
805 1267
806 1859
808 1205
808 1447
808 1987
810 1061
810 1452
811 881
811 883
811 1706
811 1984
811 1987
812 1010
812 1195
813 1336
813 1551
813 1725
813 1804
815 984
816 1080
816 1982
817 830
817 875
819 940
819 1069
820 977
820 1799
820 1992
821 1656
821 1765
821 1952
822 850
822 885
822 1007
822 1160
822 1406
822 1531
822 1566
822 1866
822 1997
823 913
824 981
824 1525
824 1847
825 1329
826 1141
826 1238
828 1009
828 1200
828 1246
828 1417
828 1657
828 1867
829 1219
829 1301
829 1816
830 840
831 1711
832 1107
833 1086
833 1990
835 1694
836 1135
836 1302
838 1762
841 855
841 1210
841 1480
842 1219
842 1340
844 869
844 1536
844 1795
845 1306
845 1598
846 1038
846 1391
846 1612
846 1722
848 1350
849 1109
849 1448
849 1595
850 910
850 947
850 1341
851 1602
851 1894
851 1971
852 1411
852 1846
853 1536
853 1816
854 862
854 1484
856 911
856 1158
857 864
858 1156
858 1361
858 1697
862 998
863 930
864 1637
865 1742
865 1966
866 1978
868 1940
869 1095
871 994
871 1246
871 1737
872 1282
873 1395
873 1467
874 1019
874 1533
875 1083
875 1684
876 1909
877 1117
877 1356
877 1366
877 1855
878 955
879 896
880 989
880 998
880 1231
881 1235
883 956
883 1209
883 1647
883 1819
883 1885
884 1226
884 1320
885 1498
886 1760
887 1344
889 1279
889 1931
890 1638
892 1325
892 1409
892 1625
892 1795
894 1043
894 1718
894 1792
894 1877
896 1047
897 1776
898 923
898 1103
898 1318
899 1845
900 1142
901 1812
902 1257
903 1764
903 1770
904 1068
904 1312
904 1689
905 973
905 1849
906 1113
907 1365
907 1527
907 1594
907 1677
907 1711
907 1820
908 1582
908 1818
909 1298
909 1661
910 1027
910 1147
910 1855
911 962
913 926
913 1207
914 1291
915 1240
916 1545
916 1972
917 1155
917 1552
920 1035
920 1935
921 1225
922 1083
922 1552
922 1850
924 1862
925 1131
925 1469
925 1863
926 1319
926 1462
927 1265
927 1941
928 1104
928 1477
929 1200
929 1632
929 1646
930 1409
933 1336
933 1396
933 1781
934 1050
935 1525
937 1062
937 1289
938 1224
938 1769
939 1775
941 1208
941 1229
942 1212
942 1609
942 1864
944 1438
944 1911
945 984
947 1054
947 1858
948 1117
948 1674
949 966
949 998
949 1863
950 1624
950 1916
951 1321
951 1845
952 1818
952 1869
953 964
953 1121
953 1413
953 1523
953 1717
955 1006
955 1599
957 1023
957 1302
958 1375
959 1433
960 1151
960 1833
961 1138
961 1880
962 1076
962 1459
964 1011
964 1030
965 1256
965 1491
966 1826
967 1591
969 1362
969 1388
970 1264
970 1556
970 1577
971 1512
972 1381
972 1826
972 1957
973 1148
975 1213
975 1881
976 1983
977 1201
977 1921
977 1992
978 1113
979 1855
980 1383
980 1605
980 1688
980 1821
981 1698
982 1098
983 1556
984 1395
984 1646
985 1473
985 1527
985 1802
987 1447
987 1777
989 1057
990 1000
990 1488
990 1798
992 1340
993 1095
993 1280
993 1403
993 1513
993 1763
994 1498
994 1701
995 1410
995 1514
996 1336
996 1600
998 1294
998 1539
998 1585
999 1545
999 1837
999 1983
1000 1671
1000 1938
1001 1141
1002 1966
1003 1340
1003 1756
1004 1096
1004 1717
1005 1729
1008 1161
1009 1049
1009 1264
1010 1375
1010 1790
1011 1202
1011 1508
1012 1068
1012 1388
1012 1732
1016 1979
1017 1251
1017 1636
1017 1718
1018 1080
1018 1164
1018 1426
1018 1500
1018 1916
1019 1277
1019 1405
1020 1552
1021 1429
1021 1600
1022 1378
1022 1462
1022 1862
1023 1265
1024 1727
1025 1858
1025 1894
1026 1415
1026 1919
1026 1957
1027 1619
1028 1448
1029 1819
1030 1457
1030 1674
1031 1704
1032 1313
1033 1730
1034 1479
1035 1575
1037 1392
1040 1089
1040 1536
1040 1712
1040 1793
1041 1352
1042 1711
1043 1097
1044 1227
1044 1654
1044 1674
1045 1426
1046 1695
1048 1061
1050 1731
1051 1376
1052 1435
1055 1621
1056 1303
1056 1867
1056 1930
1058 1909
1059 1716
1059 1727
1060 1309
1060 1602
1060 1692
1060 1752
1062 1415
1063 1196
1063 1412
1063 1844
1064 1314
1065 1266
1065 1477
1065 1653
1065 1820
1068 1864
1068 1868
1069 1409
1070 1704
1070 1706
1071 1078
1071 1323
1072 1103
1072 1428
1072 1963
1074 1450
1074 1579
1074 1760
1077 1143
1078 1154
1078 1288
1080 1842
1080 1963
1082 1817
1082 1916
1083 1255
1083 1351
1083 1423
1083 1741
1084 1125
1084 1844
1085 1256
1085 1324
1086 1235
1086 1777
1088 1229
1089 1672
1090 1207
1092 1627
1093 1381
1093 1473
1094 1740
1094 1769
1095 1146
1095 1301
1095 1328
1095 1421
1095 1531
1095 1831
1096 1305
1096 1505
1096 1710
1097 1473
1098 1220
1098 1263
1099 1228
1101 1637
1101 1649
1102 1495
1103 1386
1103 1528
1103 1539
1103 1706
1105 1647
1105 1693
1105 1809
1107 1346
1107 1805
1109 1335
1110 1302
1111 1352
1111 1516
1111 1696
1112 1217
1113 1558
1113 1880
1115 1425
1115 1485
1115 1543
1115 1794
1115 1843
1116 1739
1117 1869
1118 1466
1119 1340
1119 1364
1119 1661
1120 1529
1121 1741
1121 1744
1122 1155
1124 1642
1126 1320
1126 1342
1127 1417
1127 1938
1128 1518
1130 1585
1131 1187
1132 1229
1132 1435
1133 1412
1135 1207
1136 1183
1136 1344
1137 1296
1137 1585
1137 1672
1138 1414
1139 1214
1139 1561
1139 1726
1141 1591
1141 1657
1141 1997
1142 1652
1143 1497
1144 1592
1144 1820
1145 1620
1146 1330
1146 1690
1147 1573
1148 1488
1149 1229
1149 1618
1151 1798
1154 1864
1158 1370
1159 1851
1159 1900
1160 1239
1160 1291
1160 1657
1160 1703
1161 1488
1162 1272
1164 1414
1164 1757
1165 1928
1165 1969
1166 1808
1166 1965
1168 1505
1169 1435
1171 1571
1171 1867
1174 1322
1174 1929
1175 1550
1175 1968
1177 1328
1177 1333
1177 1999
1178 1418
1178 1868
1178 1933
1178 1947
1181 1718
1181 1830
1181 1881
1182 1777
1182 1889
1183 1844
1184 1521
1185 1587
1186 1914
1188 1307
1189 1340
1190 1262
1191 1366
1191 1746
1191 1940
1192 1453
1194 1233
1194 1467
1195 1447
1195 1607
1195 1709
1196 1318
1197 1214
1198 1618
1201 1960
1202 1674
1204 1862
1204 1924
1205 1392
1205 1744
1207 1273
1207 1328
1207 1337
1207 1589
1207 1663
1208 1875
1210 1433
1210 1766
1211 1782
1212 1240
1212 1328
1212 1901
1213 1493
1213 1765
1214 1301
1214 1683
1216 1973
1217 1825
1218 1533
1218 1637
1218 1997
1219 1578
1219 1734
1222 1471
1223 1305
1226 1390
1227 1721
1227 1749
1229 1978
1230 1253
1230 1910
1231 1835
1231 1999
1232 1411
1232 1435
1232 1812
1233 1282
1233 1529
1233 1898
1234 1264
1234 1384
1235 1256
1236 1950
1238 1407
1239 1416
1239 1462
1240 1801
1241 1251
1241 1521
1244 1409
1244 1513
1246 1544
1247 1250
1247 1906
1247 1961
1248 1441
1248 1556
1248 1942
1250 1969
1252 1289
1255 1407
1258 1703
1259 1613
1260 1336
1261 1761
1261 1782
1262 1344
1262 1405
1262 1455
1264 1579
1267 1989
1268 1663
1275 1943
1276 1654
1277 1410
1277 1896
1277 1978
1278 1435
1278 1622
1278 1645
1279 1484
1280 1503
1281 1350
1281 1924
1282 1838
1284 1827
1285 1596
1286 1804
1287 1440
1287 1856
1288 1548
1289 1950
1291 1383
1291 1898
1291 1951
1292 1444
1292 1924
1293 1660
1294 1650
1295 1298
1296 1709
1298 1334
1298 1377
1298 1659
1301 1319
1302 1937
1303 1931
1304 1471
1305 1463
1306 1329
1306 1590
1306 1687
1307 1790
1308 1571
1308 1584
1308 1626
1311 1907
1314 1527
1315 1815
1316 1963
1318 1485
1318 1683
1318 1743
1318 1894
1318 1974
1319 1356
1319 1581
1320 1483
1321 1425
1322 1512
1323 1509
1324 1631
1325 1889
1327 1580
1327 1713
1328 1816
1329 1870
1332 1379
1333 1465
1333 1925
1337 1353
1337 1905
1339 1387
1339 1444
1339 1712
1341 1514
1341 1919
1342 1710
1343 1903
1344 1679
1344 1926
1345 1536
1345 1609
1349 1380
1350 1414
1350 1596
1350 1937
1352 1410
1352 1776
1352 1964
1353 1832
1354 1620
1358 1722
1359 1522
1359 1746
1359 1956
1360 1944
1362 1512
1363 1554
1364 1973
1365 1432
1366 1648
1367 1708
1368 1735
1368 1748
1370 1555
1370 1557
1370 1686
1374 1477
1375 1682
1375 1932
1379 1416
1379 1444
1379 1951
1380 1642
1381 1893
1382 1606
1382 1811
1383 1423
1387 1959
1388 1472
1388 1476
1389 1856
1390 1704
1392 1418
1393 1425
1393 1783
1397 1513
1397 1584
1398 1408
1400 1429
1401 1566
1401 1661
1403 1981
1404 1651
1404 1707
1405 1679
1406 1522
1407 1420
1408 1619
1409 1746
1409 1771
1410 1836
1411 1638
1414 1807
1415 1670
1416 1918
1419 1463
1420 1718
1420 1842
1421 1729
1421 1979
1423 1873
1427 1491
1427 1983
1428 1529
1428 1584
1429 1796
1430 1524
1430 1843
1435 1504
1435 1913
1436 1542
1436 1557
1436 1659
1438 1720
1438 1896
1441 1731
1441 1750
1444 1841
1444 1919
1449 1987
1451 1800
1454 1863
1455 1543
1455 1751
1456 1939
1467 1595
1467 1798
1467 1975
1469 1982
1470 1975
1472 1753
1472 1823
1473 1787
1475 1518
1475 1523
1476 1702
1482 1617
1484 1855
1484 1948
1486 1901
1490 1706
1491 1630
1493 1924
1494 1590
1495 1854
1496 1904
1497 1577
1497 1727
1499 1801
1500 1752
1501 1926
1503 1602
1503 1730
1503 1930
1507 1777
1508 1837
1509 1891
1510 1821
1511 1768
1514 1529
1514 1580
1515 1527
1516 1790
1516 1846
1520 1704
1522 1760
1528 1617
1529 1845
1531 1641
1531 1698
1532 1604
1534 1918
1538 1679
1539 1630
1540 1905
1542 1687
1543 1746
1543 1887
1543 1961
1544 1956
1550 1580
1558 1896
1559 1571
1564 1981
1565 1845
1565 1981
1567 1653
1567 1770
1567 1940
1568 1967
1575 1807
1580 1862
1582 1649
1582 1675
1582 1716
1583 1850
1588 1752
1592 1967
1593 1649
1593 1916
1594 1804
1594 1966
1595 1871
1596 1778
1598 1743
1599 1634
1599 1835
1602 1611
1602 1924
1603 1712
1603 1814
1606 1657
1608 1656
1609 1869
1610 1688
1611 1742
1613 1795
1613 1854
1613 1862
1616 1636
1616 1955
1618 1654
1620 1838
1623 1679
1628 1676
1633 1917
1634 1966
1636 1843
1639 1784
1641 1663
1641 1912
1642 1644
1644 1919
1647 1759
1648 1664
1651 1874
1654 1663
1656 1828
1659 1790
1663 1675
1665 1871
1669 1837
1671 1804
1672 1798
1673 1702
1673 1897
1677 1724
1679 1960
1680 1818
1680 1844
1681 1872
1682 1932
1683 1992
1686 1794
1688 1707
1688 1834
1690 1807
1692 1790
1692 1945
1698 1779
1698 1848
1699 1961
1700 1776
1706 1720
1712 1872
1714 1796
1714 1809
1715 1854
1718 1721
1719 1732
1726 1883
1734 1735
1735 1909
1736 1860
1736 1875
1739 1799
1739 1872
1739 1890
1740 1769
1741 1979
1744 1968
1746 1843
1751 1966
1753 1786
1753 1884
1759 1843
1761 1863
1762 1983
1766 1995
1773 1776
1774 1823
1776 1814
1782 1801
1783 1923
1786 1904
1787 1858
1789 1967
1793 1962
1800 1812
1801 1830
1803 1951
1805 1898
1807 1877
1807 1893
1814 1860
1823 1847
1830 1849
1830 1999
1836 1881
1839 1965
1840 1971
1842 1943
1843 1982
1845 1962
1850 1875
1852 1947
1853 1916
1858 1974
1859 1975
1865 1987
1888 1893
1899 1974
1900 1929
1951 1960
1961 1995
1973 1991
