2000 3010
80
81
13
78
53
99
97
22
17
42
71
66
53
27
76
98
50
19
3
48
33
37
67
1
62
1
96
45
77
96
37
16
47
70
86
27
81
5
62
23
45
59
97
38
57
27
39
77
78
75
45
85
95
79
37
70
49
76
84
66
58
13
33
18
82
19
14
50
66
98
100
7
23
50
30
89
91
62
100
98
27
24
36
46
28
49
16
97
99
9
2
44
71
82
39
87
81
56
38
13
64
22
26
65
36
8
52
41
37
88
85
17
48
18
78
35
89
71
18
51
19
34
27
76
16
90
1
77
6
69
83
39
68
82
80
23
19
24
6
49
55
95
26
57
92
32
25
71
7
25
41
42
11
84
31
31
78
75
76
22
48
4
17
47
5
74
54
64
92
97
93
5
82
80
88
79
89
18
4
38
42
61
70
60
51
20
37
100
13
17
7
83
28
50
4
80
80
51
42
92
20
31
82
12
14
42
59
95
12
81
79
25
89
19
42
28
48
16
56
76
82
56
35
56
26
71
68
11
46
22
27
86
80
13
4
14
48
24
43
59
97
79
7
96
33
6
81
80
68
84
39
73
12
47
46
54
41
81
1
81
87
9
50
9
51
17
96
13
51
62
82
9
39
79
31
32
36
51
17
60
70
1
75
88
15
83
52
77
23
25
64
2
16
14
63
82
24
1
39
96
68
60
54
12
58
84
26
53
19
74
23
86
7
62
66
17
64
32
70
23
82
81
14
56
54
94
78
80
84
21
39
61
80
99
67
76
40
34
48
36
87
2
96
30
40
60
6
94
28
61
87
2
55
85
93
63
17
30
56
82
10
3
93
29
55
8
56
28
53
100
97
9
78
45
89
1
55
81
83
64
82
57
78
11
83
2
87
89
65
29
6
45
23
64
36
97
84
31
92
10
76
27
66
12
47
100
53
88
56
2
94
39
72
5
3
18
97
86
60
77
1
63
60
13
91
64
45
71
74
52
97
98
50
94
95
85
12
73
100
67
100
15
77
6
48
46
67
55
47
29
51
43
16
98
90
79
22
23
38
80
65
76
100
35
89
82
56
70
87
14
87
9
47
1
88
95
70
38
91
60
1
6
65
100
46
89
97
44
27
10
49
36
62
53
78
72
29
3
42
23
66
86
13
8
57
93
33
64
94
5
36
91
74
65
28
8
27
62
85
2
17
66
37
45
8
7
20
16
84
75
22
31
7
91
3
37
24
88
7
73
91
87
2
45
38
10
52
74
66
26
15
24
55
29
35
37
21
91
27
30
88
37
31
99
53
94
17
2
64
67
55
75
53
87
49
13
77
43
44
53
89
77
58
51
8
88
62
14
77
11
81
84
6
50
58
44
88
59
68
3
59
45
26
38
36
89
56
76
54
36
77
72
50
15
75
55
6
32
50
56
8
72
14
97
16
6
68
35
30
56
1
8
43
20
69
11
3
11
66
26
90
10
12
20
38
14
31
50
24
83
26
10
93
92
97
39
6
59
37
36
59
41
55
67
4
14
97
79
84
4
1
83
54
63
95
58
61
66
66
38
97
67
56
85
90
21
78
67
28
19
74
44
70
84
64
65
69
17
7
11
18
82
61
64
4
6
87
51
28
78
41
18
55
73
8
52
18
61
78
5
76
4
1
21
69
13
17
11
6
61
87
34
34
78
74
40
36
19
62
9
87
87
26
2
22
87
48
49
38
65
95
62
72
98
98
14
95
94
29
43
45
53
48
17
17
5
68
31
56
88
58
81
32
54
6
99
66
9
52
37
9
49
54
13
42
59
32
80
5
47
54
15
58
95
83
58
77
32
59
2
71
100
71
40
41
59
14
25
8
14
3
79
11
17
90
36
31
65
91
59
13
43
43
83
2
47
21
81
93
15
85
8
43
79
27
64
90
26
9
12
9
86
38
57
67
14
32
73
57
46
55
98
70
22
57
6
40
8
47
96
16
79
31
95
95
46
12
18
61
41
20
74
46
88
81
21
77
58
24
93
34
80
96
55
35
73
90
82
76
77
7
51
72
12
65
80
41
74
68
31
4
20
90
75
23
66
71
38
3
28
29
65
24
69
29
12
14
28
60
7
80
19
83
28
21
25
11
74
80
38
98
23
2
40
10
98
57
82
57
9
92
87
66
31
41
21
84
32
70
40
56
35
95
85
72
4
65
68
22
75
15
16
98
31
21
8
79
80
83
72
44
30
45
9
84
24
31
19
21
3
29
69
85
93
87
96
42
100
55
25
99
38
43
70
39
18
9
3
43
74
92
99
96
43
90
6
31
11
61
74
54
87
90
78
76
94
94
98
83
44
62
70
32
95
13
95
27
13
30
27
81
60
72
93
21
24
77
8
18
53
38
28
5
84
100
83
85
99
91
100
42
14
95
61
19
11
19
55
36
74
82
37
68
50
47
92
58
47
87
48
40
32
12
17
8
39
57
73
24
85
15
80
97
91
44
59
15
5
45
51
29
44
73
81
12
14
45
95
35
66
63
99
68
75
61
63
1
84
47
60
23
81
56
44
40
14
62
56
35
48
98
28
18
3
24
16
77
57
54
33
42
72
49
66
20
76
91
80
43
6
77
79
11
81
38
7
11
79
63
34
72
81
55
13
63
74
92
23
79
85
30
95
69
35
81
75
45
99
80
27
28
100
66
22
14
66
45
82
22
92
100
97
3
50
94
99
83
76
66
75
26
51
1
18
34
36
1
80
4
61
54
70
7
52
50
35
61
64
70
25
44
94
28
80
56
83
75
86
15
32
1
42
46
31
39
33
96
13
67
85
32
56
46
42
83
100
36
62
96
92
5
2
33
19
58
38
55
62
3
50
80
21
28
20
61
33
96
8
21
69
24
12
26
99
87
70
74
74
23
57
26
41
7
42
15
25
87
38
28
63
31
32
36
32
86
92
16
12
67
9
51
74
5
47
60
63
3
27
33
76
42
76
46
94
72
67
28
19
99
36
64
72
36
9
40
96
65
9
87
99
97
6
52
78
11
8
92
76
61
78
8
53
86
39
32
58
35
60
92
14
96
27
34
44
68
46
70
52
49
62
59
80
35
43
76
29
99
37
58
22
9
2
88
7
85
13
21
65
27
68
49
70
32
50
87
15
68
60
100
50
81
70
46
51
19
66
50
83
26
74
60
97
9
58
62
67
70
42
49
88
46
93
9
54
43
71
79
60
13
59
51
13
44
11
33
80
61
83
73
80
41
48
2
62
79
16
64
55
22
83
70
50
94
59
51
21
19
36
21
37
3
32
24
15
38
50
81
68
32
7
93
38
9
90
72
85
65
57
39
8
51
74
47
24
63
97
4
76
16
16
90
72
58
96
17
50
62
65
16
10
29
21
76
39
30
100
99
44
19
20
90
30
62
97
21
87
79
40
100
26
90
56
62
82
44
76
59
48
47
99
95
80
33
23
64
61
34
67
78
61
56
38
11
58
74
57
88
18
22
13
24
4
75
56
9
30
42
30
27
70
8
90
22
94
79
75
76
66
75
99
9
10
92
19
29
50
39
17
94
97
61
42
63
50
92
27
75
32
39
96
54
28
19
41
50
73
69
18
17
69
2
71
17
70
21
5
46
53
47
93
99
15
93
44
93
87
41
83
16
42
62
16
32
12
33
98
61
25
99
8
32
49
93
56
39
45
49
60
63
22
16
31
41
92
97
24
27
29
7
81
64
83
41
50
76
13
10
26
15
75
84
16
78
26
57
49
56
88
59
97
73
31
43
20
70
8
44
67
11
71
14
97
50
5
27
75
46
12
41
38
78
46
78
59
59
23
5
99
9
35
5
14
81
3
17
91
74
15
86
4
17
21
35
25
33
36
84
35
18
19
27
58
67
55
46
53
75
14
82
59
15
20
80
95
16
96
94
13
87
31
89
78
43
84
77
76
20
43
72
48
41
84
11
48
96
51
79
49
92
1
13
97
95
4
15
36
27
18
90
15
85
78
40
99
16
46
25
27
100
26
92
69
15
81
97
52
62
62
25
13
69
57
47
35
71
40
1
85
53
50
22
41
53
14
44
2
62
32
71
14
78
78
27
29
7
10
27
33
20
19
79
90
26
16
92
27
83
6
34
34
41
20
55
83
61
19
81
7
94
76
48
59
31
88
100
69
91
14
27
91
20
76
76
46
88
70
6
46
88
62
79
88
71
14
95
95
23
2
66
7
58
95
16
52
98
56
62
90
43
38
51
18
83
33
64
56
1
65
26
43
68
63
34
87
31
14
49
1
75
40
85
18
65
32
38
55
65
95
75
73
76
26
80
23
9
1
7
89
59
76
76
5
83
28
35
95
68
55
17
58
31
52
63
96
64
36
85
72
46
20
93
42
95
59
33
28
4
44
17
84
62
4
30
100
59
79
50
40
51
47
22
81
70
7
4
10
17
20
18
58
53
9
70
79
49
32
1
56
16
83
77
49
98
28
24
41
11
74
65
56
43
46
33
15
64
47
45
28
92
9
14
36
78
94
9
39
36
29
2
84
70
30
17
25
33
80
65
22
80
56
0 1042
0 1465
2 431
2 1612
4 115
4 921
4 1119
4 1499
4 1699
4 1898
5 1104
6 1598
7 1438
7 1784
7 1922
8 1461
9 411
9 500
9 1078
9 1142
9 1513
9 1665
10 13
10 87
10 1011
10 1239
11 568
11 746
11 786
11 1133
11 1756
12 890
12 1873
12 1931
13 257
13 404
13 548
13 1347
13 1390
13 1531
14 560
14 695
14 1368
15 63
15 394
15 747
15 831
15 1261
15 1430
15 1959
16 176
16 663
16 1294
17 937
17 988
17 1248
17 1522
18 232
18 440
18 530
18 1023
19 69
19 802
19 1609
19 1616
19 1666
20 1443
20 1504
21 213
22 112
22 1989
23 475
23 1255
23 1774
24 572
24 1697
24 1707
25 986
25 1166
26 370
26 1507
27 117
27 1708
28 152
28 250
28 386
28 804
28 1076
28 1751
28 1877
29 1607
30 116
30 410
30 1105
30 1450
31 54
32 1077
32 1533
32 1926
33 405
33 455
33 862
33 870
34 147
34 166
34 1890
35 1141
35 1754
36 446
36 457
36 776
37 565
37 1045
37 1096
39 1094
39 1391
39 1762
40 518
40 895
40 1492
42 310
42 1540
42 1665
42 1769
42 1893
44 95
44 659
44 821
44 1847
44 1925
45 1042
46 104
46 168
46 369
46 381
46 1186
46 1454
46 1754
47 259
47 497
47 537
48 267
48 934
48 1052
48 1449
48 1839
48 1869
49 66
49 1053
50 74
50 830
50 1976
51 337
51 385
51 555
51 655
51 969
51 1255
52 304
52 1435
52 1678
53 371
53 615
53 695
53 1554
53 1650
53 1857
54 232
54 291
54 330
54 979
54 1318
54 1400
54 1401
54 1786
55 882
55 1588
56 889
56 1081
56 1721
56 1955
57 642
57 1499
57 1902
58 1420
58 1573
58 1708
59 609
59 670
59 1507
60 708
60 1629
60 1860
60 1923
61 1053
62 224
62 321
62 921
62 1243
63 69
63 587
63 826
63 1472
64 848
64 907
64 1327
64 1750
65 766
65 1123
65 1166
65 1393
65 1892
66 588
66 1262
66 1594
67 750
67 973
67 1599
67 1815
67 1912
67 1920
68 1171
69 861
69 884
69 1733
70 1014
70 1140
71 283
71 1699
72 269
72 470
72 1273
73 1060
73 1093
73 1395
73 1715
73 1891
73 1976
74 184
74 284
74 778
74 863
74 1237
75 328
75 574
75 882
75 904
75 1465
75 1640
76 550
76 1000
76 1862
76 1925
77 174
77 328
77 718
77 744
78 1153
79 97
79 595
80 133
80 796
81 1341
82 281
82 750
83 90
83 561
84 942
84 1925
85 277
85 629
85 922
86 120
86 921
86 1648
87 265
87 791
88 755
88 1308
89 360
89 375
89 1287
89 1816
91 111
91 1300
93 779
93 1099
94 1728
95 343
95 1315
97 162
97 199
97 1749
98 880
98 1548
98 1940
100 569
100 1461
100 1806
101 432
101 557
101 890
101 1476
101 1648
101 1923
102 382
103 970
103 1213
103 1344
104 346
104 832
104 885
104 925
104 1271
105 846
105 1548
105 1605
105 1815
106 599
106 1183
106 1465
107 356
107 524
107 693
107 1028
108 737
108 1092
108 1679
109 1072
109 1126
109 1578
110 670
111 1472
111 1757
112 856
113 128
113 352
114 326
114 863
114 1402
115 546
115 697
115 847
115 1105
115 1378
115 1808
116 1426
116 1944
117 163
117 923
117 1170
118 592
118 1088
118 1921
119 323
119 1911
120 316
120 542
120 949
120 1402
121 1606
123 393
123 773
123 788
123 1001
123 1224
124 447
124 511
124 714
124 1329
124 1364
125 620
125 1124
125 1155
125 1602
126 1669
127 1448
127 1707
128 327
128 439
128 620
128 634
128 918
129 1071
129 1201
130 818
130 1794
131 965
131 1519
131 1699
132 973
132 1519
132 1864
134 1957
134 1974
135 353
136 315
136 427
136 660
136 1098
137 409
137 881
137 1907
138 1101
138 1352
138 1974
139 672
139 937
139 1590
140 1190
140 1773
141 1720
141 1780
142 241
142 475
142 1093
142 1469
143 205
143 1359
143 1916
143 1997
144 150
144 921
144 1049
144 1293
145 1368
145 1531
145 1654
145 1859
146 645
147 236
147 289
147 950
147 1336
147 1739
148 316
148 459
148 926
148 1322
148 1827
149 636
149 1303
150 611
150 619
150 800
150 824
150 1430
150 1815
151 649
151 936
151 1820
152 941
152 1476
153 221
153 335
153 746
153 832
153 848
153 1524
154 605
154 870
154 1216
155 382
155 587
155 658
155 825
155 1754
156 1499
156 1714
157 718
157 1464
158 160
158 576
158 1266
158 1433
158 1656
159 322
159 403
159 590
159 879
159 989
160 386
160 1288
160 1638
161 676
161 730
161 991
161 1375
161 1520
161 1756
162 546
162 1320
163 238
164 311
164 1041
165 1010
165 1108
166 594
166 1666
166 1958
167 1966
168 1183
168 1210
169 329
169 554
169 1514
170 344
170 1113
171 257
171 1335
171 1870
172 295
172 630
172 1550
173 505
173 992
173 1390
174 944
174 1306
174 1448
174 1680
175 414
175 632
175 655
175 1602
177 1251
177 1675
177 1970
178 754
178 1295
178 1693
179 299
179 683
180 790
180 1140
180 1577
181 378
181 416
182 889
182 1223
182 1572
182 1770
182 1861
183 914
183 917
183 1369
185 671
186 363
186 1137
186 1668
186 1718
189 1569
190 395
190 1178
190 1822
190 1844
191 1088
191 1597
191 1911
192 241
192 368
192 432
192 1248
193 916
193 1146
193 1279
193 1488
193 1827
194 430
194 1568
194 1729
195 464
195 561
195 975
195 1501
196 473
197 696
197 1009
198 521
198 547
198 688
198 863
198 898
199 385
199 600
199 806
199 1119
200 1305
201 295
201 299
201 440
203 271
205 628
205 1542
206 812
206 1361
206 1988
207 471
207 1491
207 1707
208 593
208 680
208 1116
208 1350
208 1400
209 577
209 1413
209 1833
210 1262
210 1518
211 619
211 923
211 984
211 1336
211 1680
212 516
212 1516
212 1700
212 1925
213 827
213 956
213 1053
213 1105
213 1608
213 1878
214 1426
215 958
216 1970
217 359
217 659
217 898
217 1118
217 1191
217 1410
217 1790
217 1793
218 401
218 724
218 962
219 294
219 1063
220 1092
220 1128
220 1811
221 1530
222 1305
222 1709
222 1899
223 423
223 647
224 1842
224 1993
225 519
225 1673
225 1813
226 244
226 952
227 563
228 1274
228 1528
229 411
229 888
230 850
230 1934
231 291
231 1578
232 998
232 1517
233 782
234 551
234 814
234 936
234 1663
235 1584
236 1946
237 312
237 660
237 763
237 795
237 1805
238 461
238 1028
238 1244
238 1362
238 1729
238 1811
239 1691
240 458
240 478
240 1632
240 1966
241 274
241 1120
241 1291
241 1622
242 371
243 1437
243 1448
244 1605
245 289
245 637
245 1123
246 496
246 709
246 1600
247 301
247 1396
247 1531
247 1578
248 384
248 890
249 332
249 1553
249 1961
250 1748
251 310
251 344
251 513
251 643
251 1816
251 1849
252 612
252 933
252 1457
252 1694
252 1922
253 362
253 892
253 1279
254 321
254 1789
255 566
255 1478
255 1674
256 347
256 1005
256 1395
257 468
257 656
257 1157
257 1972
258 885
260 270
260 303
260 325
260 1043
262 1154
263 1907
264 628
264 1232
266 314
266 432
266 597
266 968
266 1070
266 1336
266 1491
267 544
267 739
267 1791
267 1840
268 413
268 1163
268 1834
269 436
269 780
269 1827
269 1976
270 381
270 459
270 1207
270 1474
270 1998
271 344
271 1179
271 1511
272 1840
273 360
273 443
273 1045
275 500
275 1886
276 882
276 1085
276 1202
276 1474
276 1731
277 403
277 522
277 1353
278 1508
278 1731
280 1150
280 1435
280 1510
281 671
281 1192
281 1737
282 403
282 693
282 825
282 1361
283 864
283 1091
283 1882
284 791
284 801
284 1861
285 449
285 1296
285 1393
285 1423
286 1623
287 873
288 634
288 1608
289 689
289 692
289 1838
290 1164
290 1243
291 335
291 732
291 1482
291 1569
292 1248
292 1537
293 389
293 630
293 1137
293 1895
294 412
296 1577
297 1600
297 1656
297 1707
298 341
298 677
298 678
298 1207
299 539
299 948
300 413
300 938
300 946
301 601
301 1189
301 1221
302 1036
302 1180
302 1728
303 745
303 887
303 1508
304 1756
304 1946
305 666
305 1225
305 1297
306 676
306 971
306 1481
307 476
307 974
307 1688
308 1477
308 1580
309 464
309 1131
310 1319
310 1771
310 1897
311 1603
312 411
312 1623
312 1969
315 720
315 1138
315 1667
316 1174
316 1547
316 1841
317 342
317 1038
318 418
318 951
318 960
318 1492
318 1560
318 1855
319 1111
319 1806
319 1808
320 498
320 501
320 1421
320 1585
321 622
321 1361
322 654
324 771
324 1071
324 1818
325 696
325 1564
326 496
326 701
327 494
327 1802
328 1760
329 547
329 1541
329 1610
330 429
330 897
330 1076
330 1902
331 1856
332 1172
333 687
334 1250
334 1665
334 1918
336 398
336 426
336 1498
337 722
337 1316
337 1581
338 385
338 645
338 896
338 1892
339 349
339 1014
339 1061
339 1294
340 1225
341 903
341 1020
341 1192
341 1906
342 529
342 759
342 909
342 943
343 460
343 861
343 1884
344 1228
344 1849
345 506
345 1132
346 1364
346 1503
346 1791
346 1958
347 1475
347 1699
348 402
348 706
349 842
350 356
350 1311
351 398
352 519
353 407
353 498
353 1162
354 1396
354 1419
354 1523
354 1759
354 1796
356 445
356 766
356 770
356 1135
356 1767
357 697
358 495
359 1997
360 1131
361 707
361 989
361 1459
362 830
362 1232
362 1303
363 950
363 1068
363 1108
364 851
364 1094
364 1507
365 570
365 1884
365 1980
366 463
366 575
366 944
366 1032
366 1516
367 888
367 969
367 1060
367 1360
368 908
368 1802
369 516
369 1490
369 1654
370 606
370 1000
371 1242
371 1678
372 1294
373 942
373 1420
374 729
375 701
375 1812
376 878
376 1692
377 1257
378 556
378 626
378 1097
378 1690
378 1695
380 1351
380 1513
380 1920
381 559
381 1349
381 1429
382 911
382 1290
383 1330
384 640
384 1698
385 577
385 1780
386 942
386 1929
387 1218
387 1723
388 1377
389 1198
389 1590
390 711
390 966
390 1741
391 405
391 412
391 822
391 1396
391 1397
392 443
392 1103
392 1273
392 1335
394 849
394 951
394 993
394 1222
394 1559
395 677
395 1018
395 1165
395 1644
396 1534
397 1062
397 1203
397 1589
397 1618
398 590
398 1309
398 1417
398 1432
398 1721
399 834
399 900
399 980
399 1449
399 1823
399 1984
400 1421
401 410
401 826
401 1365
401 1890
402 1491
402 1662
403 592
403 745
403 756
403 997
404 1341
405 634
405 1120
406 757
406 1965
408 715
408 1900
409 878
409 1401
409 1693
409 1740
411 707
411 1352
412 518
412 1549
412 1804
413 1020
413 1847
415 1225
415 1348
415 1833
416 1091
416 1506
417 1161
417 1234
417 1288
417 1821
419 616
419 920
419 1007
419 1654
421 455
421 632
421 1184
421 1443
422 571
422 1091
422 1549
423 452
423 829
423 905
423 1017
424 648
424 674
424 1681
425 804
425 1396
425 1586
426 911
426 1253
426 1945
427 602
427 1495
427 1646
428 1248
429 498
430 628
430 1701
431 1904
432 1390
432 1499
433 1612
434 1139
434 1277
434 1864
435 1047
435 1357
436 1170
436 1239
436 1534
436 1707
437 664
437 1538
438 875
438 960
438 1766
438 1790
439 820
439 892
439 1626
439 1799
440 498
440 881
441 496
441 652
441 1360
441 1667
441 1730
441 1898
442 1327
442 1839
443 1697
444 449
444 580
445 1321
446 596
446 1057
446 1166
446 1319
447 1996
448 1196
448 1380
448 1547
448 1706
449 654
449 1512
450 1295
451 1846
452 1728
454 1398
454 1975
455 1106
455 1110
455 1383
456 687
456 1649
456 1766
457 684
457 1344
457 1727
458 1144
458 1713
458 1750
459 629
459 1314
460 1063
461 697
462 1785
463 1338
463 1731
464 595
464 1535
465 1203
465 1610
466 534
466 1012
466 1395
467 701
467 811
467 827
467 1679
468 1152
469 485
469 1442
471 1342
471 1400
472 585
472 1356
472 1466
472 1674
473 1150
473 1882
474 1463
474 1504
474 1706
475 1669
477 1576
478 1201
478 1223
478 1497
478 1753
480 776
480 1949
481 578
481 789
483 623
483 1192
483 1641
485 993
485 995
485 1986
486 568
486 1412
486 1459
487 629
487 753
487 869
487 935
487 1790
488 699
489 1129
489 1200
489 1338
489 1663
490 923
490 1011
490 1221
491 1957
492 1946
495 531
495 580
495 828
495 1748
496 1386
497 932
497 1762
498 1192
498 1288
499 655
499 996
499 1005
499 1307
500 1162
500 1228
500 1603
500 1615
501 870
501 1887
503 592
503 1141
503 1830
503 1843
504 1823
504 1973
505 988
505 1035
505 1547
505 1752
507 604
507 706
507 1152
507 1367
507 1656
507 1934
509 822
509 1388
509 1549
509 1909
511 987
511 1269
511 1714
512 1134
512 1522
512 1569
512 1755
513 1548
513 1651
513 1914
514 602
514 853
514 940
514 1762
515 713
515 842
515 940
515 1974
516 1123
516 1178
516 1212
516 1273
516 1319
516 1420
516 1871
517 920
517 1457
517 1641
518 823
518 1140
519 905
519 1396
519 1882
520 789
520 1411
520 1537
520 1689
521 565
521 917
522 1671
523 1086
523 1579
523 1705
525 900
526 1439
526 1490
526 1841
527 1176
528 1148
529 1733
530 1580
531 911
531 1386
531 1494
531 1945
532 987
533 1020
534 651
534 1653
534 1693
535 724
535 1060
535 1133
535 1205
535 1245
535 1277
535 1888
536 1395
537 651
537 1949
538 831
538 886
538 1003
538 1397
538 1652
539 953
539 1064
539 1165
540 1504
542 577
542 725
542 1878
544 898
544 1274
544 1684
546 1605
547 902
548 1503
549 941
549 1260
549 1369
549 1645
550 1136
550 1634
551 1382
552 697
552 931
552 1102
552 1137
552 1414
552 1910
554 1115
554 1173
555 671
555 1295
556 802
557 1003
557 1786
558 1434
560 865
560 1281
560 1545
560 1756
561 768
561 1111
562 912
563 790
563 1161
564 762
564 1242
564 1680
565 591
565 1670
565 1922
566 576
566 651
566 1665
566 1875
567 1024
568 1974
569 1551
569 1610
570 843
570 1629
570 1707
571 1328
571 1588
571 1989
572 934
572 941
572 1371
572 1457
574 767
574 1388
576 605
576 1110
576 1219
576 1234
576 1820
577 747
578 642
580 637
580 1735
580 1736
580 1926
581 792
581 1168
581 1601
583 979
583 1521
584 615
585 1378
585 1564
586 956
586 1368
586 1915
586 1941
586 1997
587 1066
587 1425
587 1717
587 1910
588 674
588 1369
590 594
590 990
590 1212
590 1464
591 1316
591 1594
591 1659
592 1032
592 1943
593 624
593 1332
593 1416
593 1768
594 1762
594 1862
597 651
597 1430
597 1609
598 894
598 1004
598 1147
598 1638
599 1168
599 1806
599 1898
600 720
600 853
600 1794
600 1850
600 1986
601 634
601 1833
602 1039
602 1398
602 1523
602 1986
603 1446
603 1642
604 848
604 1519
606 808
606 1429
606 1710
607 702
607 826
607 929
607 1038
607 1466
608 938
608 1814
609 1055
609 1176
609 1186
609 1329
609 1727
610 919
610 1117
610 1177
610 1390
611 921
611 1412
612 785
612 1277
614 793
614 1009
614 1676
615 1022
617 635
617 1245
617 1958
618 1361
619 924
619 1084
619 1446
620 1240
621 1541
623 1766
624 1080
624 1083
624 1759
625 927
626 1405
626 1804
626 1904
627 903
627 1204
627 1241
627 1676
628 1841
629 826
629 1093
630 806
631 1394
631 1940
633 652
633 1042
633 1555
634 1580
634 1583
635 730
635 1533
636 1506
636 1970
637 1742
637 1811
638 952
638 1395
638 1524
639 1250
639 1701
640 1118
640 1364
640 1519
642 1272
643 718
643 908
643 1449
644 1363
644 1410
644 1824
645 897
645 1151
645 1731
646 772
646 1837
647 892
647 1506
647 1790
648 1370
648 1604
649 1079
649 1424
649 1848
650 868
651 1364
651 1610
652 1347
653 1080
653 1321
654 1104
654 1756
655 1125
655 1258
655 1612
656 1508
656 1644
658 778
658 1481
658 1803
659 1103
659 1629
659 1746
660 1371
660 1962
663 1765
663 1769
663 1847
664 1487
664 1748
664 1778
664 1823
665 1668
666 1233
666 1369
666 1390
666 1973
667 1839
669 1998
671 1168
671 1315
671 1463
672 1387
673 1354
675 1947
676 1597
676 1802
676 1922
677 883
677 1221
677 1648
678 1019
678 1068
678 1234
679 880
679 1410
679 1949
679 1962
680 1004
680 1110
680 1248
680 1756
680 1868
681 1888
682 1134
682 1138
683 1043
683 1442
683 1839
684 1123
685 1050
685 1571
686 994
686 1671
687 1296
688 794
688 1003
688 1886
689 749
689 1779
690 833
690 1749
691 704
692 1899
693 1474
693 1510
693 1853
694 1084
695 1019
698 783
698 1090
698 1591
698 1617
698 1652
699 869
700 1682
701 1164
702 1490
702 1575
702 1650
702 1656
702 1875
702 1934
704 708
704 720
704 1135
704 1913
705 783
705 1884
705 1889
706 824
706 957
706 1743
707 807
707 1243
708 1085
708 1384
708 1586
708 1756
709 1420
710 1368
710 1946
712 1296
712 1780
712 1933
713 1747
713 1833
714 947
715 722
715 1284
715 1520
715 1873
715 1941
716 1088
717 1007
717 1262
717 1531
717 1840
719 1376
720 779
720 1373
721 950
721 1069
721 1778
721 1985
722 804
722 1636
723 1273
723 1982
724 918
724 1288
725 1129
726 917
726 1091
726 1857
727 1052
727 1949
728 1474
729 1328
729 1554
730 959
730 985
730 1029
730 1387
731 798
731 1100
731 1469
731 1858
732 1367
733 1193
733 1221
733 1510
734 935
734 1222
734 1529
735 1431
735 1863
736 803
737 950
737 1233
737 1567
737 1747
737 1783
737 1859
738 1829
740 1089
740 1799
741 1330
742 857
742 1337
743 1231
744 1058
744 1280
744 1349
745 1359
745 1437
746 997
746 1625
747 1131
747 1476
747 1891
748 1349
749 1550
749 1908
750 1287
750 1407
751 984
752 1616
753 1610
754 1416
754 1593
754 1905
755 1617
756 893
756 1549
756 1816
757 1693
757 1735
757 1931
758 1086
758 1614
758 1758
759 980
760 1029
760 1504
760 1831
760 1958
761 1660
762 1376
762 1583
763 823
765 984
766 768
766 996
767 992
767 1007
767 1245
767 1576
770 1018
770 1467
770 1873
772 1016
772 1048
772 1469
772 1593
774 1113
774 1675
774 1680
775 1006
775 1338
775 1565
775 1817
776 1611
776 1631
777 908
777 1000
777 1237
777 1432
777 1892
778 1150
778 1202
779 892
781 1027
781 1785
783 897
783 1266
783 1562
784 1589
785 1545
785 1646
785 1796
786 1719
787 1833
788 1298
790 1409
790 1614
792 1312
793 796
794 1114
794 1427
794 1806
795 1249
795 1714
796 874
796 1209
796 1879
797 931
797 1174
797 1175
797 1197
797 1409
797 1687
798 1883
799 1645
800 1439
801 1056
801 1458
802 1188
802 1192
802 1457
802 1894
804 1252
804 1783
804 1863
805 833
805 1280
806 897
806 1024
807 1255
807 1468
807 1474
807 1617
810 1422
811 1268
811 1305
814 1377
815 1016
815 1274
817 1749
818 1852
819 1832
820 1454
820 1495
821 896
821 1584
821 1722
824 1478
825 1578
825 1596
826 1368
826 1891
827 931
827 1355
827 1692
828 1234
829 1512
829 1700
830 1397
830 1572
830 1813
831 1579
831 1624
832 837
832 952
832 1174
832 1854
832 1994
833 1328
833 1845
833 1916
835 1856
836 1141
836 1495
837 990
837 1971
838 885
838 1762
838 1832
839 1625
840 1518
840 1609
840 1746
841 1134
841 1142
841 1364
843 921
843 1035
843 1714
844 1187
845 1781
845 1987
846 1900
848 1811
849 1867
850 871
850 909
851 1729
851 1996
852 1988
853 898
854 1797
855 1302
856 1485
857 1410
858 1298
858 1675
858 1938
860 918
860 1223
860 1303
861 1757
862 1222
862 1912
863 1520
863 1580
864 1471
864 1942
866 879
866 1148
868 1110
868 1278
868 1420
869 1231
869 1548
869 1663
870 1158
870 1197
872 1429
872 1439
874 946
874 1355
874 1632
875 1649
875 1775
875 1846
875 1980
875 1982
876 1059
877 1535
877 1600
877 1860
878 1571
878 1961
879 1666
879 1705
879 1734
880 950
881 905
882 1077
882 1194
883 1068
883 1081
883 1518
883 1550
884 1118
884 1425
884 1441
884 1612
884 1802
885 1302
885 1439
885 1890
885 1931
886 985
886 1149
886 1214
886 1571
887 1999
888 1816
889 1026
889 1456
890 1105
891 1586
894 1792
895 1144
895 1705
896 1161
897 1398
897 1792
898 1033
898 1273
899 1730
900 1315
901 1254
901 1509
901 1526
901 1859
902 1043
903 1387
903 1433
904 950
905 931
905 1991
906 1827
908 1168
909 1482
910 1672
910 1784
911 1852
912 982
912 1573
912 1807
914 1328
915 1443
916 1120
916 1830
916 1955
917 1140
917 1230
917 1588
918 1216
918 1247
918 1394
918 1609
920 1158
921 1707
922 969
922 1103
922 1561
922 1664
923 1155
923 1988
925 1939
926 993
926 1539
927 1255
927 1474
928 1178
929 1400
929 1679
929 1879
930 1021
930 1181
930 1924
931 1997
932 1195
933 1628
934 985
934 1437
934 1790
935 1554
936 1249
936 1641
937 1054
938 1116
938 1377
938 1593
938 1687
939 991
939 1118
940 1855
941 1541
944 1303
944 1551
944 1682
944 1937
946 976
946 1693
948 1496
949 1244
949 1641
950 1051
950 1181
950 1257
950 1343
950 1616
951 1127
951 1608
951 1659
951 1690
952 1417
953 983
953 1528
953 1864
954 1371
955 1958
957 1241
958 1168
958 1262
958 1375
958 1484
959 1495
960 1320
960 1655
962 1237
962 1677
963 1607
964 1162
964 1721
965 1951
966 1137
966 1687
967 1513
969 1846
970 1416
971 1396
971 1621
971 1679
972 1302
973 1815
974 1375
975 1371
975 1989
976 1401
977 1130
977 1267
978 1243
978 1720
979 1096
979 1254
979 1456
979 1987
980 1426
980 1608
981 1394
981 1422
981 1731
985 1216
985 1687
986 1342
987 1013
988 998
988 1005
988 1667
989 1195
990 1825
990 1963
991 1405
991 1508
991 1930
992 1374
992 1962
993 1522
995 1500
996 1272
996 1286
996 1751
997 1946
998 1102
998 1549
998 1735
999 1949
1000 1037
1000 1289
1001 1266
1001 1841
1002 1292
1003 1745
1004 1461
1005 1716
1006 1098
1006 1813
1008 1193
1008 1391
1010 1125
1010 1482
1011 1136
1011 1173
1011 1307
1011 1432
1012 1647
1013 1163
1014 1317
1015 1065
1015 1340
1016 1536
1016 1568
1016 1801
1016 1813
1017 1264
1017 1691
1018 1939
1020 1413
1021 1091
1021 1872
1021 1949
1022 1341
1022 1950
1023 1983
1026 1509
1026 1604
1026 1776
1027 1534
1027 1557
1027 1720
1028 1975
1029 1212
1031 1775
1032 1635
1032 1764
1034 1929
1035 1404
1035 1668
1036 1677
1039 1652
1041 1216
1041 1232
1041 1941
1042 1915
1042 1959
1042 1968
1043 1594
1044 1436
1044 1475
1044 1792
1045 1299
1045 1592
1045 1790
1046 1754
1049 1304
1049 1486
1051 1967
1052 1614
1053 1993
1054 1221
1054 1380
1054 1524
1054 1588
1054 1712
1054 1820
1055 1122
1056 1215
1056 1220
1057 1075
1057 1697
1057 1965
1058 1389
1058 1920
1060 1117
1061 1217
1061 1361
1061 1616
1062 1128
1062 1508
1062 1576
1063 1716
1063 1837
1064 1379
1064 1866
1065 1247
1066 1241
1066 1800
1066 1916
1067 1114
1067 1464
1067 1859
1068 1478
1069 1317
1069 1460
1069 1709
1072 1696
1072 1904
1073 1409
1074 1146
1074 1517
1074 1679
1074 1846
1075 1887
1076 1874
1077 1244
1077 1487
1077 1892
1078 1737
1078 1976
1079 1419
1079 1829
1080 1425
1080 1469
1080 1820
1081 1671
1082 1206
1082 1297
1082 1665
1082 1889
1083 1487
1083 1711
1083 1910
1084 1715
1084 1787
1085 1537
1085 1992
1087 1721
1088 1719
1088 1735
1089 1366
1089 1554
1089 1754
1089 1762
1092 1119
1093 1606
1095 1373
1096 1217
1101 1402
1101 1938
1102 1208
1102 1312
1104 1677
1106 1226
1106 1625
1107 1431
1107 1812
1107 1933
1108 1424
1108 1435
1108 1684
1109 1131
1109 1283
1109 1631
1110 1395
1111 1174
1111 1355
1111 1940
1112 1141
1114 1981
1116 1886
1117 1430
1118 1563
1118 1892
1119 1954
1120 1914
1121 1250
1121 1400
1121 1616
1121 1712
1122 1167
1122 1402
1123 1286
1125 1257
1125 1358
1126 1540
1126 1621
1127 1176
1127 1552
1129 1619
1130 1204
1131 1220
1132 1985
1136 1630
1136 1879
1137 1202
1137 1372
1138 1345
1138 1423
1140 1142
1140 1674
1140 1743
1141 1256
1141 1615
1141 1618
1142 1832
1143 1854
1144 1762
1144 1989
1145 1220
1146 1812
1147 1525
1147 1880
1148 1316
1149 1735
1151 1418
1153 1894
1154 1381
1154 1430
1154 1558
1154 1620
1154 1692
1155 1665
1155 1940
1156 1237
1156 1757
1156 1915
1158 1279
1158 1492
1159 1669
1159 1875
1161 1244
1161 1717
1161 1746
1162 1517
1163 1980
1166 1716
1166 1982
1167 1690
1169 1183
1169 1646
1169 1725
1169 1848
1170 1845
1171 1189
1172 1177
1172 1777
1174 1706
1174 1944
1177 1500
1177 1758
1179 1203
1179 1286
1179 1343
1179 1499
1181 1809
1182 1897
1182 1987
1183 1848
1183 1972
1184 1375
1184 1763
1186 1210
1186 1684
1187 1902
1189 1260
1189 1736
1189 1787
1189 1954
1190 1315
1190 1647
1191 1671
1192 1426
1193 1388
1193 1473
1194 1413
1194 1417
1195 1273
1197 1200
1198 1859
1200 1788
1202 1621
1203 1843
1204 1595
1204 1972
1205 1985
1206 1976
1207 1679
1208 1493
1208 1678
1209 1580
1209 1625
1209 1713
1209 1768
1209 1825
1210 1222
1210 1508
1212 1607
1212 1628
1213 1892
1213 1959
1215 1968
1216 1415
1216 1882
1217 1384
1220 1457
1220 1565
1221 1264
1221 1545
1222 1645
1222 1791
1223 1480
1224 1808
1224 1941
1226 1472
1226 1657
1227 1371
1227 1574
1229 1288
1229 1579
1229 1732
1229 1898
1233 1469
1233 1762
1234 1536
1235 1372
1236 1249
1236 1334
1236 1423
1236 1469
1236 1552
1236 1810
1238 1349
1240 1535
1240 1757
1241 1256
1243 1751
1243 1844
1244 1969
1247 1260
1249 1851
1252 1957
1253 1351
1256 1620
1256 1727
1259 1291
1259 1977
1260 1510
1261 1880
1262 1483
1266 1744
1266 1994
1267 1523
1268 1771
1270 1480
1270 1826
1272 1341
1272 1358
1272 1371
1273 1747
1274 1290
1274 1528
1275 1495
1275 1906
1276 1291
1276 1443
1276 1896
1279 1351
1280 1303
1281 1384
1284 1289
1285 1295
1285 1451
1285 1473
1285 1841
1286 1509
1286 1576
1286 1647
1288 1608
1289 1778
1290 1509
1292 1985
1297 1513
1297 1627
1298 1899
1299 1683
1300 1680
1301 1921
1302 1462
1303 1326
1304 1741
1307 1533
1308 1855
1309 1339
1310 1946
1311 1874
1311 1963
1312 1646
1314 1673
1316 1458
1320 1722
1320 1744
1321 1973
1323 1855
1324 1473
1325 1408
1326 1858
1327 1939
1329 1986
1330 1764
1332 1588
1333 1623
1333 1707
1335 1409
1335 1453
1335 1857
1335 1970
1337 1579
1337 1884
1338 1542
1338 1882
1339 1719
1340 1612
1341 1707
1341 1725
1341 1893
1341 1965
1342 1343
1342 1606
1343 1536
1343 1810
1345 1388
1347 1435
1351 1646
1351 1664
1353 1751
1354 1656
1354 1911
1355 1356
1357 1456
1358 1413
1358 1547
1360 1558
1362 1471
1362 1935
1369 1436
1370 1504
1372 1567
1373 1875
1375 1707
1376 1701
1379 1797
1381 1720
1381 1779
1382 1745
1383 1807
1384 1461
1384 1904
1385 1672
1386 1639
1387 1619
1389 1534
1390 1954
1393 1812
1395 1458
1395 1762
1397 1497
1398 1555
1399 1911
1400 1876
1401 1979
1403 1815
1403 1897
1408 1630
1411 1412
1411 1807
1413 1894
1414 1781
1416 1581
1417 1563
1417 1961
1419 1499
1419 1570
1420 1585
1420 1878
1423 1688
1423 1833
1423 1863
1424 1522
1424 1759
1425 1523
1425 1601
1426 1857
1428 1901
1431 1436
1431 1576
1431 1736
1433 1502
1433 1553
1434 1897
1435 1954
1439 1592
1439 1828
1440 1555
1443 1565
1444 1890
1444 1927
1445 1741
1445 1919
1446 1657
1446 1994
1447 1837
1448 1627
1449 1544
1450 1792
1452 1633
1454 1979
1455 1545
1456 1709
1456 1723
1456 1826
1461 1806
1462 1674
1463 1837
1463 1986
1465 1721
1466 1660
1467 1833
1468 1903
1469 1624
1469 1899
1471 1792
1471 1834
1473 1714
1474 1665
1475 1504
1476 1690
1476 1847
1477 1590
1477 1745
1479 1698
1480 1641
1481 1553
1482 1889
1483 1667
1484 1940
1485 1950
1486 1809
1491 1722
1494 1646
1494 1674
1496 1512
1498 1676
1499 1729
1499 1873
1499 1949
1506 1511
1507 1608
1509 1808
1509 1904
1510 1777
1512 1731
1514 1705
1516 1992
1517 1546
1517 1695
1517 1710
1517 1933
1519 1534
1520 1722
1520 1802
1521 1548
1521 1881
1522 1693
1522 1758
1523 1563
1523 1940
1526 1720
1528 1917
1529 1695
1529 1799
1529 1981
1530 1803
1531 1541
1531 1638
1533 1699
1538 1865
1541 1853
1541 1986
1542 1703
1542 1742
1543 1925
1544 1655
1544 1713
1544 1785
1545 1829
1545 1919
1550 1586
1551 1851
1552 1790
1553 1559
1553 1740
1554 1736
1554 1748
1557 1950
1559 1718
1560 1673
1561 1691
1567 1624
1568 1796
1569 1580
1569 1757
1570 1916
1571 1625
1572 1716
1573 1845
1576 1654
1577 1616
1577 1692
1578 1984
1579 1742
1579 1939
1580 1670
1581 1997
1582 1701
1583 1809
1584 1715
1585 1807
1586 1644
1587 1683
1587 1702
1592 1803
1594 1810
1596 1835
1597 1605
1599 1668
1600 1808
1600 1997
1603 1614
1605 1847
1605 1866
1610 1837
1614 1726
1614 1858
1615 1850
1616 1724
1616 1960
1617 1762
1618 1641
1619 1676
1620 1770
1623 1814
1624 1683
1624 1930
1626 1745
1627 1664
1635 1848
1640 1768
1640 1812
1642 1659
1645 1847
1646 1707
1647 1728
1647 1922
1648 1683
1649 1886
1650 1813
1652 1775
1658 1677
1658 1827
1662 1720
1666 1926
1667 1940
1672 1715
1672 1882
1673 1975
1674 1734
1675 1817
1677 1958
1677 1981
1678 1818
1682 1745
1683 1756
1684 1834
1685 1944
1686 1737
1686 1862
1686 1983
1688 1942
1688 1943
1689 1705
1689 1776
1693 1859
1696 1990
1698 1714
1699 1873
1700 1822
1702 1761
1703 1799
1703 1810
1707 1956
1707 1977
1708 1985
1710 1809
1710 1812
1711 1756
1714 1870
1722 1922
1727 1796
1727 1967
1728 1791
1732 1943
1736 1912
1739 1795
1742 1948
1743 1950
1746 1760
1753 1971
1760 1912
1763 1938
1764 1936
1775 1851
1778 1968
1791 1880
1793 1879
1802 1804
1804 1880
1808 1829
1809 1854
1809 1875
1809 1932
1809 1939
1811 1886
1818 1853
1819 1864
1824 1930
1827 1893
1828 1855
1832 1895
1840 1982
1841 1922
1847 1921
1850 1989
1852 1905
1854 1855
1862 1885
1865 1981
1869 1995
1884 1978
1888 1960
1890 1990
1914 1982
1933 1963
1949 1959
1973 1982
1981 1994
1990 1997
