2000 2981
54
10
35
93
59
5
18
71
71
87
93
81
38
84
89
99
52
89
18
75
19
16
11
54
49
43
30
22
33
50
12
16
61
67
82
81
38
64
50
77
94
67
92
85
96
87
32
14
16
57
40
51
77
77
65
35
4
43
46
33
76
100
40
61
58
9
29
32
51
65
13
9
88
34
76
52
42
16
71
69
3
2
46
49
25
65
100
49
94
84
38
11
68
98
88
23
42
63
88
93
22
48
37
26
92
39
90
98
83
50
90
74
16
3
21
57
69
7
91
74
3
11
55
64
97
82
13
49
98
73
10
51
49
93
18
42
7
92
25
58
12
95
87
93
31
58
97
8
20
84
61
99
4
26
21
75
90
20
45
88
97
20
10
93
35
30
31
91
35
44
57
68
11
90
55
37
47
15
41
15
1
75
15
1
87
20
39
76
46
99
94
30
45
22
10
33
57
66
90
65
34
86
79
99
14
44
4
57
86
56
37
40
13
36
35
19
71
88
91
39
97
40
81
97
25
100
65
21
17
14
91
93
1
73
43
14
87
92
75
46
37
95
43
46
47
2
14
30
79
49
65
90
78
25
61
35
25
52
23
47
98
10
47
12
91
100
49
41
72
39
60
89
87
42
47
14
74
7
19
13
76
94
39
48
82
92
38
48
82
39
67
30
4
13
2
87
21
26
63
36
4
34
65
90
77
48
23
27
24
73
27
68
24
56
60
88
94
90
21
73
81
8
40
76
63
49
78
90
73
25
42
25
88
20
72
78
65
56
52
8
2
76
69
48
26
40
96
41
84
31
72
22
1
99
39
25
42
21
20
33
66
89
80
37
91
84
66
62
54
100
31
49
26
89
9
32
92
79
77
71
61
63
18
14
86
32
56
69
97
12
65
7
39
17
22
60
33
59
89
50
47
20
7
93
93
70
40
22
61
41
26
78
32
48
71
89
79
53
89
44
59
48
22
38
35
2
5
97
14
28
10
54
10
24
78
20
66
73
76
72
60
66
50
4
54
85
32
27
78
69
14
75
98
57
8
24
40
75
61
7
29
70
37
44
42
80
63
53
48
66
6
26
33
17
80
49
42
20
85
58
24
70
88
3
7
89
62
49
23
22
21
87
71
99
39
32
7
19
34
72
87
23
86
81
87
36
12
82
63
44
22
66
72
61
80
93
31
48
28
84
88
33
56
68
13
95
89
88
14
14
24
98
19
10
37
11
92
63
83
32
70
65
81
16
19
37
96
42
72
39
26
58
29
99
40
91
28
10
26
87
60
83
36
12
8
98
13
84
68
60
88
85
54
12
53
10
22
8
57
22
30
50
79
47
47
59
68
14
96
66
72
42
38
52
17
5
66
18
50
43
83
92
52
9
75
75
32
54
98
5
54
66
82
69
67
96
98
93
46
46
72
64
78
15
60
81
15
80
39
20
70
73
45
2
6
24
69
35
38
23
39
39
82
32
22
35
16
100
63
83
90
35
28
59
44
20
17
37
77
48
76
83
63
96
74
88
47
45
72
41
54
31
62
18
42
26
95
32
11
21
84
62
98
82
2
5
43
73
6
75
62
4
48
59
90
14
84
56
24
21
90
80
10
68
15
60
8
65
9
63
18
29
54
57
21
77
39
9
34
35
95
54
48
4
73
17
5
38
21
43
57
35
59
8
6
28
55
64
42
86
42
71
26
65
27
92
89
10
92
18
39
30
50
26
13
15
9
92
3
74
81
62
84
66
12
20
96
38
4
56
41
44
62
7
17
32
9
77
14
49
84
27
83
82
30
40
47
18
43
91
3
43
32
89
28
71
4
41
14
73
98
33
28
84
70
97
61
74
73
66
31
72
11
92
96
14
2
23
66
25
11
89
5
6
2
46
14
33
34
78
5
90
37
56
18
59
72
61
14
58
74
79
46
59
4
77
86
33
27
97
55
51
30
29
9
31
11
83
27
19
55
36
7
39
6
81
8
44
8
72
7
1
42
69
9
65
64
1
7
73
60
36
16
51
38
40
80
60
98
6
78
72
28
88
49
58
65
41
57
24
42
65
47
64
36
2
97
54
91
46
79
83
12
46
12
27
60
7
58
57
42
94
6
20
87
25
54
51
89
56
65
93
65
22
57
16
80
28
23
50
80
47
8
12
93
75
29
67
57
63
34
96
54
77
27
71
6
13
99
85
43
25
19
62
39
1
21
95
20
94
80
74
2
53
69
69
66
28
36
92
73
79
62
46
86
58
75
89
68
15
32
7
45
86
72
78
66
90
45
2
29
34
84
51
25
71
79
20
18
78
9
55
70
78
30
31
12
39
45
66
23
73
53
5
56
48
65
92
23
59
4
85
92
83
3
33
21
28
10
84
4
22
50
40
75
73
94
92
50
66
39
35
35
97
39
96
53
45
8
47
9
91
58
94
95
40
96
86
63
67
81
10
48
26
5
21
51
64
55
47
68
99
79
93
62
74
28
84
45
85
18
57
95
13
17
19
54
9
39
23
78
51
23
47
58
51
51
86
9
100
91
67
57
36
42
42
60
50
17
98
77
94
67
57
10
29
90
66
7
7
34
40
52
25
35
85
59
76
60
43
48
24
13
60
43
21
13
59
39
2
23
35
96
48
85
59
15
61
69
36
22
65
38
13
63
60
46
94
27
63
5
100
20
19
26
19
38
86
33
44
4
23
4
100
83
93
19
83
19
8
78
91
68
64
1
99
32
72
96
97
13
64
93
12
71
49
1
54
86
31
38
24
36
73
14
82
57
83
27
87
98
61
61
53
7
25
52
28
65
55
75
97
96
10
99
9
26
32
21
49
4
36
92
80
19
27
54
33
75
96
90
47
32
29
19
27
20
50
90
19
83
44
41
38
25
37
76
25
11
5
13
89
81
31
81
42
30
62
61
18
69
96
8
77
25
11
50
47
84
42
40
81
71
93
55
13
8
81
87
48
43
59
65
71
99
71
30
72
17
29
96
62
5
38
57
21
3
20
69
91
98
10
8
65
53
74
94
83
93
61
12
32
97
42
37
44
70
93
60
8
40
76
87
3
51
44
86
21
53
98
38
56
54
69
84
18
3
51
55
39
23
39
25
79
91
29
91
87
4
52
90
58
25
83
9
53
87
55
83
25
13
62
90
64
16
20
32
12
23
12
82
26
67
88
45
48
86
27
59
16
22
49
55
49
22
9
91
6
43
100
52
28
76
37
77
98
32
52
5
58
97
7
31
71
74
13
60
9
49
46
93
54
77
25
34
2
67
96
53
83
93
59
21
15
12
84
87
5
11
52
87
22
77
11
33
86
12
52
35
90
94
43
9
77
11
81
69
86
95
82
67
34
47
23
7
98
87
31
82
27
10
70
79
33
87
71
80
98
58
95
83
32
3
33
15
78
38
95
41
54
36
12
46
18
69
15
46
67
52
43
18
53
17
82
13
51
83
19
3
52
7
95
81
35
65
19
63
88
40
5
38
44
96
78
37
97
98
39
67
82
42
35
64
45
36
23
12
36
99
99
84
59
22
27
7
3
38
24
88
25
86
91
27
39
86
19
1
49
84
56
68
29
41
39
76
2
7
19
47
67
88
45
81
72
29
29
29
92
67
67
28
88
15
37
83
42
87
24
52
99
60
26
90
73
24
34
27
52
52
79
10
59
84
82
40
42
45
42
67
25
45
87
4
21
99
82
66
16
92
41
39
92
1
11
38
28
79
100
42
83
49
81
57
8
45
20
25
70
44
38
28
93
52
89
66
79
91
60
42
42
83
74
90
79
95
18
43
46
65
7
2
28
25
66
20
54
90
77
50
22
20
54
20
59
49
65
68
58
15
8
29
32
77
68
26
71
9
8
57
83
17
100
50
85
87
87
41
26
30
36
17
84
51
7
17
93
58
10
85
18
94
84
3
84
85
59
94
47
68
93
39
92
42
16
11
48
83
61
88
62
93
84
6
78
22
16
58
6
62
65
94
48
42
21
31
34
71
34
21
46
16
75
73
28
14
73
3
50
21
14
59
95
38
1
39
92
76
62
34
61
38
21
5
53
18
13
52
52
10
46
35
81
39
94
100
74
7
98
85
3
53
80
51
53
11
48
41
20
50
53
84
90
33
28
24
86
83
54
90
8
97
92
94
68
59
38
22
32
77
84
76
86
70
21
19
65
97
91
77
2
75
51
62
27
24
37
7
58
10
62
16
45
98
9
59
98
35
65
94
63
79
62
87
84
3
51
43
38
86
40
1
82
90
16
51
76
50
74
2
10
52
30
27
5
53
77
84
95
9
79
56
96
86
6
72
97
96
74
90
92
87
83
50
67
22
36
40
74
10
62
99
94
53
11
89
97
91
19
73
74
82
100
5
11
58
22
65
43
15
16
6
60
56
87
19
38
80
18
79
63
37
97
51
84
4
95
90
60
49
71
85
17
62
51
72
63
55
17
44
90
50
85
14
37
15
98
8
55
96
28
46
72
26
92
19
35
34
23
72
32
24
29
78
10
88
95
27
96
41
80
86
67
36
54
9
36
64
76
9
87
1 67
1 522
1 833
1 960
1 1600
2 106
3 445
3 1558
4 872
4 1069
4 1424
5 139
5 960
5 1381
5 1522
6 240
6 819
6 1457
7 435
7 1150
7 1878
8 1309
8 1688
8 1870
9 923
9 1529
10 184
10 801
10 1114
10 1135
10 1297
10 1743
10 1919
10 1987
11 883
11 1060
11 1489
12 275
12 894
12 1373
12 1777
13 1042
13 1879
14 725
14 1168
14 1687
15 101
15 1462
16 254
16 1110
16 1398
17 131
17 472
17 853
17 1623
18 589
19 69
19 485
19 1626
19 1669
20 1176
20 1320
20 1594
20 1603
21 664
21 1614
21 1946
22 410
22 581
22 989
22 1397
22 1576
23 1091
23 1294
23 1442
23 1998
26 917
26 1871
26 1877
27 1434
28 453
28 775
28 890
29 39
29 479
29 556
29 674
29 1925
30 499
30 1229
31 215
31 1183
31 1500
31 1833
31 1860
31 1869
32 688
32 1062
33 455
34 1617
35 97
35 676
35 908
37 556
37 692
37 1272
37 1397
38 270
38 373
39 393
39 673
39 1401
41 488
42 217
42 495
42 724
42 781
42 1200
42 1750
42 1942
43 346
43 374
43 514
43 1274
43 1446
43 1552
43 1725
44 165
45 180
45 494
46 285
46 1686
47 399
47 714
48 692
48 1601
48 1631
48 1700
49 71
50 276
50 1310
50 1492
50 1999
51 509
51 1683
52 1020
52 1213
53 976
54 71
55 1139
55 1179
56 629
56 1588
56 1594
56 1727
57 398
58 247
58 289
58 405
58 797
58 986
59 895
59 1766
59 1999
60 720
60 929
61 895
61 1897
61 1909
62 1625
63 451
63 1357
63 1634
64 843
64 1058
65 153
65 310
65 469
65 1281
65 1542
66 176
66 911
66 1200
66 1245
66 1258
66 1527
66 1717
67 286
67 1683
67 1944
68 1856
68 1902
69 100
69 278
69 463
69 644
69 1474
70 85
70 134
70 785
71 489
72 312
72 444
72 458
72 560
72 967
72 1008
72 1346
72 1969
73 1375
73 1499
73 1569
74 453
74 1074
74 1249
74 1815
75 100
75 171
75 585
75 1318
75 1864
76 1453
77 816
77 1171
77 1738
78 190
78 458
78 1502
79 439
79 996
79 1966
80 718
81 409
81 793
81 1335
81 1984
82 721
82 985
82 1300
83 289
83 352
83 537
83 1025
83 1407
83 1508
84 420
84 1592
84 1664
84 1688
85 638
85 1986
86 98
86 1004
86 1261
86 1269
86 1573
87 531
87 825
88 690
88 1497
88 1789
88 1803
89 907
89 963
90 552
90 1618
90 1750
90 1765
91 454
91 1599
91 1981
92 835
92 973
92 1765
93 1167
95 263
95 280
95 1729
95 1781
96 349
96 630
96 679
96 966
96 1000
96 1768
97 874
97 1150
97 1790
98 1173
98 1342
98 1606
99 342
100 1834
101 118
102 166
102 412
102 528
102 718
102 951
102 1242
102 1500
102 1906
104 1004
104 1646
105 302
105 688
105 1706
105 1947
106 683
106 769
106 1210
106 1514
106 1654
106 1657
107 903
107 1254
107 1512
108 110
109 276
109 745
109 880
109 1463
109 1502
109 1839
111 125
111 574
111 665
111 913
112 414
112 535
112 614
112 671
112 722
112 860
112 1006
112 1121
112 1170
113 462
113 1186
113 1221
113 1476
113 1554
114 368
114 433
114 1171
114 1908
115 625
115 1983
116 293
116 418
116 783
116 902
116 910
116 1678
117 146
117 404
117 503
117 992
118 217
118 774
118 923
118 1014
118 1125
118 1961
119 799
119 816
120 370
120 446
120 458
120 1153
120 1751
120 1915
121 444
122 1133
122 1248
122 1317
122 1737
125 261
125 642
126 141
126 323
126 833
126 1466
126 1634
127 442
128 525
128 872
128 1168
128 1534
128 1722
129 1537
131 1021
131 1276
132 350
132 615
132 820
132 875
132 1800
132 1868
133 1010
134 321
134 435
134 1010
134 1134
134 1151
134 1669
134 1734
135 1341
136 221
136 266
136 686
136 849
136 1804
137 651
137 693
137 751
137 757
138 1142
139 409
139 1138
139 1230
140 707
141 645
141 1123
141 1213
142 680
142 1080
142 1362
142 1612
143 631
143 862
143 968
143 1187
143 1797
144 523
144 707
144 868
144 962
144 1220
145 832
146 633
146 1122
146 1825
147 190
147 574
147 1838
149 1309
149 1888
150 512
151 154
151 217
151 411
151 580
151 1607
152 397
152 1905
153 1192
153 1782
153 1881
154 506
154 704
154 1132
154 1190
154 1428
155 534
155 1752
155 1969
156 336
156 665
157 676
157 870
158 743
158 1542
159 192
160 1476
160 1854
161 969
161 987
162 1189
163 413
163 494
163 1081
163 1237
163 1892
164 544
164 725
164 1691
165 281
165 594
166 189
167 264
167 416
167 727
167 1061
167 1304
168 1150
168 1262
169 1160
169 1419
170 197
170 1373
171 955
171 995
172 820
172 881
172 1786
173 360
173 886
174 463
174 1544
175 1576
175 1886
178 331
178 1303
179 833
179 1485
180 191
180 311
180 1896
181 256
181 280
181 870
181 1282
181 1373
181 1798
182 381
182 828
182 1864
183 189
183 1459
183 1560
184 1852
185 1198
186 352
186 1964
187 848
187 1307
187 1403
187 1444
187 1715
188 299
188 427
188 1052
189 391
189 424
189 1463
189 1582
190 313
190 541
190 543
190 700
190 742
191 288
191 615
191 716
192 1708
193 313
193 643
193 994
193 1827
193 1950
194 1970
195 966
195 1311
195 1407
195 1553
195 1646
196 339
198 1064
199 1144
200 1607
200 1852
201 1429
201 1895
202 570
202 596
202 741
202 960
202 1097
202 1365
202 1382
203 1778
203 1919
204 774
204 1265
206 363
206 697
207 1519
207 1632
208 566
208 1140
208 1616
208 1638
208 1776
210 678
210 683
210 1075
210 1482
210 1787
211 1143
211 1762
213 1112
214 1447
215 1143
215 1768
216 563
216 1579
217 1308
218 608
218 706
218 791
218 1384
218 1562
219 243
219 1470
219 1629
220 1843
220 1957
221 251
221 1017
221 1070
221 1661
221 1756
222 1013
222 1133
222 1794
223 1642
224 670
224 928
224 943
224 1136
225 482
225 898
225 1350
225 1829
226 860
227 314
227 947
228 1113
228 1244
229 601
229 1018
229 1104
229 1353
229 1581
229 1774
230 321
230 1719
231 656
231 894
231 975
231 1232
231 1787
232 304
232 306
232 729
234 585
235 1946
236 817
236 1182
236 1360
237 422
237 767
237 1036
237 1691
239 465
239 547
239 749
239 1814
240 427
240 1229
240 1581
240 1686
241 765
242 293
242 340
242 391
242 562
242 577
242 1571
243 315
243 573
244 403
244 1124
244 1161
245 453
245 1191
246 263
246 1550
247 674
247 1834
248 575
249 764
249 1112
249 1267
249 1529
250 344
250 1513
250 1529
251 769
251 1646
252 590
252 860
252 1619
252 1849
252 1855
253 556
253 1011
253 1202
254 278
254 614
254 1197
254 1284
255 411
255 1591
256 1215
257 449
257 513
257 1840
258 460
258 1412
258 1627
258 1860
259 1571
259 1747
259 1765
260 620
261 1223
261 1543
261 1938
262 965
263 397
263 1111
263 1373
263 1954
264 334
264 569
264 1305
265 1749
266 741
266 1768
266 1880
266 1944
267 953
267 1055
268 721
268 892
268 1187
268 1355
268 1754
269 1431
270 1215
270 1567
271 661
271 1181
272 1194
272 1620
273 1331
273 1381
274 337
274 1462
274 1571
275 862
275 1060
276 1103
277 1871
278 461
278 690
278 1156
278 1553
278 1889
279 806
279 917
279 1488
280 923
280 1291
280 1505
281 542
281 780
281 963
281 1033
281 1049
281 1378
281 1616
281 1663
282 829
283 758
283 1507
284 450
284 1215
284 1505
284 1615
285 583
285 935
285 1019
285 1041
286 516
286 538
287 1166
287 1203
287 1292
288 512
288 1754
289 1186
289 1988
290 319
290 452
290 1664
290 1778
291 703
291 1447
292 325
292 494
292 876
292 1022
292 1637
292 1719
293 1914
294 1753
295 375
295 464
295 465
295 789
295 1016
295 1210
295 1219
296 1003
296 1274
296 1527
296 1870
297 1753
298 1757
299 422
299 851
299 890
299 1185
299 1781
300 1194
300 1320
301 304
301 1414
301 1996
302 1938
304 306
304 1193
304 1670
305 475
305 827
305 900
305 960
305 1139
307 894
307 993
307 1409
307 1969
308 893
308 1012
308 1754
309 414
309 471
309 771
309 988
309 1629
310 689
310 874
310 907
310 1036
310 1124
311 857
312 655
312 834
313 1110
313 1486
313 1844
314 640
314 1766
315 555
315 1559
316 841
316 885
317 1396
318 473
318 895
319 1002
319 1105
319 1116
319 1863
320 924
320 1174
320 1497
320 1499
320 1526
321 1144
321 1539
322 634
322 1920
323 838
324 1329
324 1555
324 1891
325 661
325 1237
325 1664
325 1735
326 460
326 981
326 1416
327 657
327 809
327 1146
328 1114
328 1623
330 827
331 365
331 1242
332 1600
333 583
333 1775
334 631
335 621
337 1233
337 1659
338 1132
339 953
339 1281
339 1473
339 1792
340 1155
340 1195
341 1365
341 1734
342 1250
342 1352
342 1387
342 1446
342 1636
343 540
343 1898
343 1936
344 1734
345 829
345 832
345 1911
346 574
346 584
346 1509
347 408
347 1044
347 1099
348 1977
349 1163
349 1350
350 1120
350 1420
350 1568
350 1594
351 1622
352 472
352 1735
353 1761
353 1784
354 968
354 1489
355 1298
355 1347
357 516
357 1163
357 1548
357 1998
358 1282
358 1627
358 1804
359 1401
359 1600
359 1611
359 1650
360 1205
360 1264
361 557
361 1583
361 1849
361 1898
362 1433
363 386
363 1269
363 1359
363 1571
363 1632
364 1392
365 1729
366 796
366 1573
367 959
367 1109
367 1329
367 1370
368 761
368 830
369 590
369 1454
369 1793
370 653
370 1042
370 1827
372 724
372 1083
372 1509
372 1928
373 491
374 674
374 715
374 1083
374 1276
375 1878
376 788
377 499
377 1363
377 1444
378 1834
379 615
379 757
379 973
380 1542
380 1686
381 1374
382 1756
383 720
383 1836
385 929
385 1237
385 1382
386 814
386 1904
387 1106
387 1796
387 1867
388 613
388 1716
388 1839
389 821
390 400
390 1124
390 1637
391 476
391 481
391 492
391 657
391 1180
391 1439
391 1492
392 1214
392 1285
392 1928
394 645
394 1895
395 1618
395 1760
396 528
396 1991
397 1751
398 563
398 912
398 1973
399 1228
399 1659
400 1252
400 1361
400 1445
401 657
402 651
402 739
402 808
402 1135
402 1956
403 1173
404 943
405 813
406 496
406 1079
406 1530
406 1695
407 687
407 858
407 1217
407 1334
408 1222
408 1454
408 1661
409 1678
409 1971
410 1107
410 1199
410 1870
411 1773
412 1891
413 462
413 1796
414 600
414 666
414 1341
414 1682
415 562
416 424
416 662
416 1731
417 463
417 1142
418 854
418 876
418 1213
418 1568
418 1722
419 484
419 846
419 868
419 1082
419 1684
420 536
420 558
420 913
420 1581
421 836
421 1026
421 1298
422 631
422 1452
422 1861
423 1956
424 559
424 915
424 1117
424 1691
424 1971
425 1359
425 1501
426 1792
427 931
427 1637
427 1652
427 1805
428 1824
429 450
429 544
429 1384
430 1273
431 504
431 979
432 667
432 1707
434 558
434 969
434 1203
434 1257
434 1820
434 1871
434 1995
435 528
435 797
436 1645
437 1473
438 518
438 586
438 809
438 1466
438 1543
438 1561
438 1895
439 735
439 1157
440 804
440 824
440 1051
440 1186
440 1410
440 1642
441 1536
441 1622
442 774
442 845
442 1038
442 1129
442 1210
442 1554
443 1127
443 1290
444 1246
444 1638
444 1704
444 1953
445 472
445 837
445 1103
445 1448
445 1569
445 1987
446 513
446 1917
447 1352
447 1978
447 1996
448 621
448 1158
449 1265
451 1833
452 652
452 998
452 1142
452 1777
453 532
453 624
453 738
453 836
453 1658
453 1731
454 879
454 1979
455 803
456 942
457 574
457 1371
458 1445
459 669
459 1535
459 1760
460 923
460 1024
460 1025
460 1918
461 484
461 1260
461 1276
461 1655
461 1685
462 648
463 1204
463 1368
463 1801
464 843
464 1540
466 668
466 1125
466 1219
466 1394
468 954
468 979
468 1139
468 1223
468 1462
468 1473
468 1978
470 1005
470 1150
472 579
472 1198
473 1253
474 1897
474 1981
475 509
475 834
476 887
476 942
477 1028
479 1603
479 1903
480 741
481 656
481 1822
482 501
482 621
482 1098
483 839
483 1643
483 1941
484 825
484 1691
486 1262
486 1681
487 1091
487 1138
487 1681
488 1171
488 1912
488 1988
489 543
489 604
489 1415
489 1775
490 857
490 1954
491 1434
492 538
492 796
492 1099
492 1605
492 1919
493 1594
493 1595
494 1001
494 1147
494 1190
494 1525
494 1952
494 1979
495 715
495 979
495 989
495 1367
495 1567
496 525
496 874
496 1063
497 1643
497 1881
498 1362
498 1614
498 1927
498 1949
499 1572
500 1965
501 730
504 667
504 1330
505 537
505 1590
505 1861
506 837
506 1313
508 720
508 1924
509 540
510 1520
511 698
511 1383
511 1824
511 1942
512 681
513 1388
513 1574
514 650
514 934
515 1018
515 1831
515 1928
516 1257
516 1458
516 1704
516 1906
517 1219
518 1371
519 1028
521 779
521 1658
521 1850
522 657
522 1166
522 1223
522 1992
523 739
523 1578
524 1625
525 653
525 1364
525 1692
526 532
526 1220
527 1603
527 1857
527 1866
528 613
528 1385
528 1494
528 1697
528 1897
528 1924
529 1467
530 1197
531 1114
531 1152
532 1908
533 1958
534 586
534 1317
534 1324
534 1335
534 1614
535 1064
535 1098
535 1528
536 610
536 1420
537 1865
538 899
538 960
539 1599
540 1489
540 1526
541 1837
542 823
542 940
542 1049
542 1245
543 575
543 1855
544 775
544 789
544 1059
544 1437
544 1551
544 1876
545 688
547 1717
548 1764
549 772
549 1445
549 1455
549 1583
549 1657
549 1880
551 1148
551 1738
553 890
554 1632
554 1955
554 1960
555 622
555 1029
555 1463
555 1839
556 653
556 1020
556 1068
556 1217
556 1594
556 1638
556 1644
556 1955
557 1165
557 1926
558 1735
558 1898
559 831
559 1614
560 587
560 879
560 1011
563 1186
563 1541
563 1654
564 722
564 864
564 923
564 1255
564 1464
564 1563
564 1638
564 1866
565 648
565 1732
566 1503
566 1533
566 1569
567 1919
568 705
568 1091
569 711
569 1305
570 606
570 927
571 623
571 1623
572 714
572 1670
573 1426
573 1521
574 1244
574 1404
574 1515
574 1741
575 735
575 797
575 1177
575 1979
577 651
577 741
578 1343
578 1852
580 719
580 773
580 1500
580 1889
581 945
581 1182
581 1349
581 1891
582 613
582 1811
583 1545
585 1003
585 1134
585 1871
585 1929
586 1204
586 1385
587 771
587 1361
587 1501
587 1665
588 981
588 1228
588 1408
588 1525
588 1640
589 956
589 1098
589 1760
589 1822
590 797
590 1482
591 769
591 1204
591 1985
592 1633
593 1595
593 1978
594 1103
594 1949
595 722
595 936
595 1215
596 1247
598 1707
598 1862
598 1876
599 747
600 708
601 693
601 1273
602 1514
603 1178
603 1434
603 1813
605 866
605 1094
605 1174
605 1478
606 1655
607 1159
607 1496
608 634
608 879
608 1811
608 1981
609 716
609 806
610 655
610 1146
610 1410
611 828
611 1300
611 1402
611 1589
611 1759
612 1385
613 710
613 720
613 1126
613 1396
613 1420
614 1395
616 1043
616 1206
616 1706
617 1496
618 641
618 1514
618 1929
619 759
619 1871
619 1918
620 874
620 975
620 1070
620 1527
620 1677
622 706
623 1436
624 906
624 992
624 1121
624 1326
624 1451
624 1457
624 1671
625 1221
625 1837
625 1853
625 1884
625 1944
626 1456
627 1338
627 1964
627 1991
628 663
629 1256
630 828
631 1172
631 1689
632 635
632 989
632 1197
632 1376
632 1717
633 646
633 1040
633 1531
633 1992
634 901
634 1147
635 952
635 1758
636 1682
636 1892
636 1916
637 866
637 1597
638 649
638 1150
638 1292
639 1109
640 1545
640 1558
640 1819
641 701
641 769
641 944
642 1517
643 1096
643 1644
644 652
644 1416
644 1919
646 826
646 864
646 1355
646 1361
646 1497
647 853
647 922
647 999
647 1280
648 1262
648 1374
649 710
649 1171
649 1201
649 1641
650 907
650 994
650 1324
651 1611
651 1891
652 665
652 1639
653 911
653 1058
654 1390
655 1287
656 1037
656 1066
656 1285
657 723
657 729
657 768
657 1005
658 1485
659 1115
660 797
661 1671
661 1844
662 955
662 1624
662 1729
663 738
663 753
663 855
663 959
663 1037
664 1538
665 783
666 922
666 1312
666 1507
666 1563
667 1222
668 1344
668 1367
668 1873
668 1961
669 1454
669 1956
670 1288
670 1602
670 1865
671 1410
672 981
672 1277
672 1456
672 1609
673 1631
673 1980
674 792
675 709
676 1939
677 987
677 1256
677 1474
677 1688
678 893
680 1156
681 1104
682 1281
682 1578
682 1682
684 1267
684 1322
684 1878
685 1102
685 1225
687 707
687 1509
687 1853
688 1012
688 1248
688 1472
689 1074
690 1695
690 1941
691 693
691 774
693 1706
696 884
696 1580
697 1080
697 1137
697 1438
698 1086
698 1179
698 1231
698 1964
700 910
700 970
700 971
701 1096
702 1850
703 1382
703 1830
704 1653
705 958
705 1037
706 1619
707 957
708 1512
709 1248
709 1341
709 1793
710 1602
711 1356
711 1357
711 1744
711 1946
712 1267
712 1704
713 873
713 1838
714 1399
714 1554
714 1959
715 763
716 1061
716 1187
716 1380
716 1838
717 1693
718 758
719 911
720 834
720 1014
720 1869
721 899
721 1263
722 1154
723 727
723 1412
724 1889
725 1070
725 1321
725 1887
726 995
726 1717
727 943
728 1397
728 1921
728 1931
729 1162
729 1541
729 1889
730 794
730 1359
730 1611
731 1129
731 1468
732 920
732 1290
732 1746
733 793
733 1532
734 1323
734 1593
734 1617
735 1435
735 1520
736 1341
737 1408
738 760
739 819
740 1573
740 1839
741 1492
741 1516
742 1497
744 1089
745 894
745 1931
746 1348
746 1544
747 927
747 971
747 1132
749 882
749 1347
749 1859
750 982
750 1868
751 1036
751 1265
751 1295
753 1509
754 1901
755 1332
755 1969
756 842
756 1946
757 1536
758 890
758 1109
758 1572
758 1705
758 1762
758 1955
759 1916
760 809
760 895
760 1436
761 1100
761 1977
762 1247
762 1495
762 1607
762 1619
762 1675
762 1773
763 1305
763 1777
764 1544
764 1893
765 1369
768 841
768 859
768 1099
768 1113
768 1782
768 1855
769 1524
770 1146
771 927
772 1446
772 1648
772 1996
773 902
773 1355
776 1051
776 1759
777 954
777 1546
777 1670
777 1854
778 1027
778 1493
778 1548
780 842
780 1159
781 1548
782 1932
783 1425
783 1530
783 1619
785 1141
786 793
786 1092
786 1669
787 868
789 1377
790 1343
790 1674
791 990
791 1249
792 1225
792 1930
793 1249
794 1061
794 1549
794 1656
795 1092
797 1128
797 1863
798 993
798 1276
799 1940
800 1424
800 1534
801 1419
803 1570
803 1994
804 1487
805 1025
805 1604
805 1683
806 825
806 1861
807 933
810 914
811 1472
811 1890
812 967
813 862
813 1519
813 1901
814 1230
815 938
815 1826
816 1771
816 1790
818 1234
819 1504
820 878
820 1255
820 1322
820 1597
820 1719
820 1950
821 1583
822 852
822 1776
822 1930
823 1532
825 1749
825 1978
828 907
828 1945
829 952
829 1356
830 1968
831 905
831 997
831 1400
832 1418
834 1460
834 1847
836 1017
836 1319
837 980
838 1501
838 1991
840 1833
840 1874
841 1331
842 943
842 958
843 1268
843 1995
844 1336
844 1874
844 1906
845 950
845 1145
846 1039
847 1959
848 1487
848 1661
848 1911
851 1741
852 1258
853 1948
855 926
855 1457
856 1209
856 1619
856 1635
856 1648
857 1503
858 1488
859 1237
860 1018
861 1870
862 1331
862 1378
863 1649
864 1240
865 1703
866 1118
866 1528
866 1692
866 1872
868 1439
868 1952
869 1419
870 977
870 1293
870 1716
871 1580
872 1033
872 1088
872 1633
873 917
873 1708
874 1500
875 1425
875 1833
875 1957
876 1372
876 1914
877 946
877 1481
878 1432
878 1861
879 1303
879 1414
880 926
881 887
881 1306
881 1308
881 1506
882 1991
883 1110
883 1567
884 1072
884 1320
885 1713
886 973
886 1129
886 1595
887 1013
887 1678
889 941
889 1235
889 1943
890 1056
891 1216
891 1281
891 1554
892 1757
893 1021
894 1603
895 1016
895 1574
895 1762
896 1506
896 1603
898 1056
898 1601
898 1690
898 1909
899 1266
903 905
903 992
903 1320
903 1609
903 1782
903 1796
903 1853
904 1161
904 1417
904 1427
905 1489
905 1522
910 1258
910 1793
911 924
911 1336
911 1676
912 1724
913 959
913 1366
913 1370
914 1052
914 1676
915 1155
915 1780
917 988
919 1001
919 1140
919 1197
919 1796
920 1162
920 1845
922 962
922 1164
922 1298
922 1877
923 938
925 1675
926 1366
928 1008
929 1924
930 1302
931 1761
932 1370
933 1637
933 1745
934 1102
934 1980
935 1672
936 946
937 1359
937 1668
939 960
939 1097
939 1535
939 1830
939 1869
940 966
940 1389
941 1032
941 1838
941 1885
944 1405
944 1577
944 1769
945 1258
945 1297
946 1328
946 1566
946 1857
948 1461
948 1523
950 1384
950 1983
952 1131
952 1239
952 1543
953 1263
953 1274
953 1288
953 1785
954 1093
955 1394
956 1041
958 1360
958 1364
958 1402
958 1416
958 1564
959 1709
960 1311
960 1837
962 1893
963 1181
966 1862
966 1917
967 1224
967 1355
967 1494
967 1792
968 1630
969 972
970 1285
971 1580
971 1739
973 1676
974 1033
974 1285
974 1763
974 1812
974 1990
975 1012
976 1135
977 1573
977 1907
979 1026
980 1476
981 1013
981 1352
982 1737
984 1133
985 1992
987 1115
989 1062
989 1463
989 1637
991 1853
992 1360
993 1059
993 1167
995 1694
995 1871
996 1051
996 1382
998 1080
998 1108
998 1151
999 1026
999 1890
1000 1464
1000 1467
1001 1870
1002 1495
1003 1248
1003 1294
1004 1030
1004 1218
1004 1392
1004 1980
1006 1338
1009 1296
1010 1059
1010 1295
1010 1309
1012 1307
1012 1501
1013 1976
1014 1082
1014 1589
1015 1440
1015 1470
1015 1553
1016 1053
1016 1148
1016 1186
1016 1200
1017 1613
1020 1442
1021 1479
1022 1164
1022 1463
1024 1999
1025 1907
1027 1700
1027 1839
1028 1105
1028 1197
1028 1348
1028 1738
1031 1678
1031 1883
1033 1176
1033 1336
1033 1975
1036 1869
1036 1928
1037 1112
1037 1778
1037 1967
1040 1112
1040 1708
1041 1097
1042 1370
1043 1865
1043 1896
1044 1291
1044 1504
1045 1182
1045 1763
1047 1209
1047 1385
1048 1357
1048 1564
1049 1413
1050 1190
1050 1536
1052 1148
1052 1989
1053 1171
1053 1428
1054 1339
1054 1579
1055 1231
1055 1350
1056 1155
1057 1100
1058 1332
1058 1833
1060 1200
1061 1066
1061 1308
1061 1871
1062 1089
1062 1105
1063 1779
1063 1782
1064 1951
1066 1223
1068 1508
1068 1879
1069 1087
1069 1541
1070 1373
1070 1432
1071 1433
1072 1084
1072 1383
1072 1551
1073 1466
1073 1601
1075 1181
1076 1444
1076 1993
1077 1201
1077 1655
1077 1887
1078 1906
1080 1819
1081 1999
1083 1858
1083 1983
1084 1305
1084 1779
1085 1594
1086 1131
1086 1846
1087 1222
1087 1575
1088 1098
1088 1515
1088 1791
1088 1808
1089 1514
1089 1887
1090 1760
1092 1985
1093 1403
1093 1424
1093 1506
1094 1182
1094 1518
1095 1627
1095 1661
1095 1918
1095 1945
1096 1362
1096 1550
1096 1776
1097 1518
1098 1595
1098 1644
1099 1109
1099 1159
1100 1281
1100 1351
1101 1146
1101 1191
1101 1368
1101 1801
1102 1970
1103 1221
1106 1330
1106 1772
1107 1651
1107 1769
1108 1818
1110 1877
1111 1799
1111 1879
1112 1610
1113 1454
1113 1629
1114 1630
1114 1792
1116 1332
1116 1364
1116 1745
1116 1933
1117 1838
1122 1973
1123 1652
1124 1741
1126 1451
1127 1466
1129 1160
1129 1174
1131 1282
1131 1921
1132 1716
1133 1356
1133 1436
1133 1994
1134 1512
1134 1812
1136 1448
1136 1690
1137 1316
1138 1147
1138 1231
1138 1515
1139 1273
1140 1549
1142 1151
1142 1156
1144 1752
1145 1809
1146 1585
1146 1734
1149 1391
1151 1626
1152 1659
1152 1784
1152 1818
1153 1258
1155 1643
1155 1969
1156 1692
1156 1942
1157 1359
1158 1884
1159 1700
1159 1902
1161 1241
1161 1956
1162 1362
1164 1343
1165 1423
1165 1776
1166 1274
1166 1552
1166 1647
1166 1973
1167 1528
1167 1628
1168 1971
1169 1230
1169 1385
1169 1807
1169 1851
1170 1677
1171 1406
1171 1524
1172 1815
1173 1900
1175 1390
1176 1636
1177 1459
1178 1563
1178 1741
1178 1920
1179 1489
1179 1537
1181 1632
1181 1897
1181 1988
1182 1731
1183 1636
1185 1287
1185 1473
1185 1804
1189 1901
1190 1458
1190 1561
1191 1795
1196 1403
1196 1684
1196 1992
1197 1245
1198 1407
1200 1560
1201 1651
1202 1974
1203 1536
1204 1311
1204 1826
1205 1370
1207 1345
1207 1366
1208 1292
1208 1628
1208 1967
1209 1962
1210 1422
1212 1237
1212 1481
1212 1698
1213 1433
1213 1440
1213 1476
1213 1498
1214 1814
1215 1613
1221 1464
1221 1850
1222 1751
1223 1758
1224 1846
1225 1369
1225 1677
1225 1905
1226 1354
1227 1336
1227 1923
1228 1238
1228 1675
1229 1515
1229 1725
1230 1976
1231 1350
1232 1415
1233 1605
1234 1397
1234 1921
1235 1632
1236 1515
1237 1585
1238 1937
1240 1470
1241 1675
1241 1886
1242 1371
1242 1523
1243 1398
1243 1878
1243 1907
1244 1442
1244 1859
1245 1357
1246 1750
1246 1950
1247 1650
1248 1520
1248 1755
1250 1587
1250 1925
1250 1953
1251 1764
1251 1867
1253 1306
1255 1940
1256 1399
1256 1692
1257 1929
1257 1993
1259 1548
1260 1655
1260 1801
1260 1894
1261 1567
1262 1704
1265 1300
1265 1310
1266 1711
1266 1790
1266 1819
1267 1358
1268 1655
1269 1370
1270 1379
1271 1996
1272 1514
1272 1925
1274 1718
1274 1927
1275 1710
1277 1919
1277 1942
1278 1784
1279 1445
1279 1983
1281 1291
1282 1345
1287 1848
1290 1963
1292 1376
1292 1397
1292 1790
1293 1820
1294 1885
1294 1909
1294 1997
1295 1457
1295 1589
1296 1371
1296 1392
1296 1638
1296 1682
1297 1383
1297 1725
1297 1924
1300 1326
1300 1979
1301 1563
1302 1534
1302 1735
1303 1464
1305 1912
1306 1533
1308 1703
1309 1310
1309 1673
1311 1959
1312 1775
1312 1896
1313 1402
1314 1720
1316 1705
1318 1396
1318 1534
1318 1651
1319 1411
1319 1764
1320 1686
1320 1774
1320 1939
1321 1519
1322 1441
1322 1836
1329 1944
1333 1902
1334 1614
1335 1928
1338 1369
1338 1382
1341 1837
1341 1840
1345 1944
1346 1755
1347 1455
1347 1592
1348 1484
1349 1542
1350 1957
1350 1978
1351 1485
1352 1365
1352 1969
1353 1818
1355 1514
1358 1486
1359 1409
1360 1508
1361 1730
1361 1792
1361 1924
1361 1967
1362 1432
1362 1710
1362 1897
1363 1960
1364 1690
1364 1900
1364 1916
1364 1956
1366 1763
1368 1651
1369 1511
1370 1482
1370 1566
1370 1993
1371 1784
1373 1514
1375 1910
1375 1957
1376 1556
1376 1983
1377 1631
1377 1721
1379 1710
1380 1980
1381 1585
1382 1407
1383 1604
1383 1612
1383 1924
1385 1454
1385 1814
1386 1459
1386 1559
1387 1472
1388 1761
1395 1896
1397 1594
1397 1870
1397 1954
1399 1823
1400 1585
1400 1650
1402 1897
1402 1927
1403 1798
1404 1546
1404 1995
1405 1981
1407 1712
1407 1987
1408 1657
1408 1838
1409 1640
1410 1984
1413 1627
1413 1650
1415 1648
1415 1831
1415 1991
1417 1726
1417 1832
1417 1974
1418 1634
1419 1568
1419 1689
1420 1573
1421 1424
1421 1471
1422 1452
1422 1635
1423 1721
1424 1795
1425 1468
1425 1713
1425 1922
1427 1626
1427 1928
1428 1580
1429 1477
1430 1486
1430 1501
1430 1617
1430 1770
1432 1579
1435 1485
1436 1743
1438 1882
1441 1676
1441 1969
1443 1495
1443 1598
1443 1704
1444 1496
1449 1724
1451 1456
1451 1708
1451 1936
1452 1606
1453 1459
1453 1562
1454 1692
1455 1768
1459 1946
1460 1651
1464 1747
1465 1872
1466 1505
1468 1728
1470 1697
1471 1731
1472 1478
1473 1541
1473 1934
1474 1855
1476 1999
1479 1997
1480 1989
1481 1776
1481 1912
1483 1502
1483 1585
1483 1775
1485 1579
1485 1674
1486 1576
1487 1580
1487 1628
1488 1653
1489 1996
1490 1985
1492 1515
1493 1780
1496 1824
1497 1504
1497 1665
1497 1741
1499 1931
1501 1737
1503 1532
1504 1698
1505 1869
1505 1986
1508 1755
1509 1652
1515 1748
1517 1535
1518 1657
1519 1531
1520 1858
1521 1887
1521 1978
1524 1998
1526 1722
1529 1581
1530 1548
1530 1728
1532 1591
1533 1956
1539 1571
1544 1774
1547 1571
1547 1896
1550 1833
1553 1604
1554 1902
1555 1600
1557 1860
1559 1703
1559 1709
1561 1875
1561 1925
1562 1601
1563 1610
1564 1910
1566 1799
1567 1638
1568 1972
1571 1969
1573 1867
1576 1577
1577 1681
1578 1683
1579 1901
1580 1705
1584 1879
1586 1889
1589 1824
1591 1635
1591 1716
1592 1901
1594 1803
1597 1966
1599 1717
1603 1753
1607 1860
1609 1892
1609 1901
1610 1927
1611 1631
1611 1696
1611 1710
1614 1939
1615 1648
1615 1937
1616 1851
1616 1906
1617 1912
1619 1955
1620 1637
1626 1783
1627 1682
1628 1707
1634 1862
1637 1822
1638 1916
1639 1999
1641 1744
1644 1848
1645 1791
1647 1994
1653 1682
1654 1686
1655 1785
1657 1704
1659 1930
1666 1892
1668 1736
1670 1827
1670 1985
1671 1779
1672 1911
1672 1961
1673 1873
1677 1762
1678 1958
1683 1892
1683 1989
1684 1691
1687 1785
1688 1995
1689 1729
1691 1784
1692 1873
1695 1696
1695 1795
1700 1738
1705 1907
1706 1762
1708 1749
1710 1810
1710 1874
1711 1803
1713 1934
1716 1881
1718 1855
1724 1867
1729 1967
1729 1970
1734 1919
1736 1887
1737 1802
1738 1995
1740 1946
1746 1983
1748 1881
1749 1864
1750 1884
1751 1788
1754 1893
1757 1788
1760 1768
1760 1855
1760 1954
1760 1972
1761 1907
1761 1980
1764 1773
1764 1788
1764 1903
1765 1849
1767 1873
1779 1907
1780 1932
1782 1926
1784 1982
1786 1805
1789 1805
1790 1965
1793 1864
1797 1821
1803 1965
1807 1860
1807 1890
1813 1988
1814 1903
1817 1851
1821 1894
1826 1901
1831 1896
1831 1962
1835 1877
1837 1903
1842 1877
1860 1993
1861 1988
1862 1870
1866 1901
1868 1990
1871 1944
1872 1882
1881 1936
1887 1942
1894 1908
1894 1946
1909 1979
1911 1941
1922 1926
1935 1963
1938 1983
1947 1992
1960 1973
1971 1984
