2000 2986
57
55
2
76
78
52
84
11
59
24
94
24
37
49
38
54
65
100
74
57
93
30
39
90
71
33
1
94
44
85
78
48
36
18
37
60
16
22
36
82
61
51
13
54
7
66
34
24
31
78
66
55
8
65
76
19
46
65
30
97
56
77
30
8
83
81
43
29
96
80
41
33
30
85
55
62
66
68
70
17
89
60
99
3
83
27
81
25
55
18
29
57
96
19
7
75
88
95
73
28
28
83
71
32
37
63
57
96
63
72
44
43
51
60
80
27
16
84
39
6
61
90
67
16
73
28
55
58
50
50
66
64
68
16
97
11
51
98
40
62
61
26
36
76
49
76
47
50
29
75
99
61
18
77
62
43
84
83
50
80
74
59
16
6
44
33
15
74
32
78
72
59
84
20
88
29
27
75
85
51
34
98
86
86
75
84
59
53
22
88
74
22
27
49
22
99
26
4
43
97
43
45
73
78
14
28
73
54
88
95
87
86
71
6
18
1
46
61
42
38
26
84
16
95
37
7
22
74
80
30
45
81
72
18
52
41
45
74
17
32
42
70
15
6
14
26
84
76
16
8
54
90
25
58
85
12
69
14
2
15
42
53
37
15
89
63
60
28
71
38
83
74
85
97
18
68
34
46
11
17
43
17
79
89
88
76
42
38
60
6
86
84
14
77
97
97
51
73
65
63
22
36
86
60
9
76
20
54
84
35
21
7
76
15
90
79
92
69
1
9
82
63
83
13
55
44
28
75
62
24
94
34
46
89
21
70
41
72
5
67
80
62
21
8
79
97
91
82
98
74
35
20
67
46
90
77
70
34
53
30
45
75
99
90
24
71
67
94
56
57
97
3
42
7
18
43
26
33
53
74
17
12
1
43
94
54
22
63
93
60
98
7
65
27
97
44
95
10
16
64
97
22
76
45
66
93
11
61
28
54
68
10
22
50
34
99
1
53
68
51
78
55
26
31
71
98
39
67
79
35
72
85
91
4
95
56
8
97
39
21
100
1
4
65
5
66
18
16
88
62
39
3
37
20
36
94
38
2
24
41
56
91
75
60
4
98
98
86
61
100
81
2
93
72
71
96
69
31
98
34
82
98
1
6
89
37
88
95
73
1
62
17
71
24
29
9
7
89
90
92
93
51
51
29
77
45
45
89
60
100
71
17
19
13
65
97
33
94
82
26
94
21
90
52
55
87
28
63
15
53
88
2
18
45
18
55
70
54
55
10
81
56
37
16
84
36
58
59
57
69
35
87
36
83
71
49
92
51
91
8
62
66
71
10
37
81
40
57
20
20
11
95
16
25
11
92
86
48
88
4
94
78
51
41
86
4
8
54
54
100
98
44
32
47
18
86
77
3
88
94
100
16
17
93
94
63
54
13
2
62
34
48
88
71
96
5
20
45
5
35
44
29
71
69
24
58
55
48
82
12
22
14
13
80
32
36
57
14
6
27
58
64
91
74
92
31
43
89
58
82
74
76
59
61
57
59
26
61
71
52
72
98
36
77
60
17
65
87
53
89
67
18
4
84
43
32
76
8
63
2
16
19
28
30
13
15
88
50
36
11
88
25
56
42
22
79
30
28
98
57
20
48
39
79
81
26
64
41
48
79
75
40
63
23
67
69
37
51
72
35
49
95
86
28
83
60
16
14
4
94
51
21
81
82
34
94
58
14
17
33
97
51
85
11
62
4
56
55
89
44
55
51
35
47
67
34
96
19
53
90
28
51
8
63
69
83
93
21
91
24
39
80
10
96
53
46
41
72
72
10
11
57
53
76
87
86
38
65
57
51
29
67
7
56
51
32
78
24
33
67
78
67
63
60
3
60
97
70
29
71
72
85
20
64
63
92
77
17
48
28
63
48
45
36
39
33
34
21
86
12
22
25
67
80
43
56
32
60
66
90
71
41
82
51
82
77
81
30
20
100
77
31
92
95
50
59
96
19
80
56
55
59
41
44
100
35
59
54
14
9
28
81
94
22
73
78
47
15
88
51
40
16
8
72
1
67
63
84
56
67
99
75
78
22
37
98
41
28
92
77
4
51
72
10
96
16
51
59
69
43
49
35
19
9
53
1
25
70
16
6
10
8
37
27
27
28
34
25
46
7
19
19
48
7
99
78
35
5
69
25
32
3
44
77
76
57
5
11
98
37
70
71
2
50
62
37
60
87
58
56
88
69
64
26
72
78
59
90
29
16
42
60
90
74
46
28
28
90
48
66
69
46
73
2
42
90
57
69
6
70
29
26
36
34
27
12
86
11
35
62
89
29
98
23
11
57
61
61
17
84
43
13
74
82
5
92
49
65
53
46
100
60
53
77
52
93
39
28
61
87
56
87
84
38
82
71
51
44
29
71
50
91
87
64
24
83
88
60
76
74
16
18
13
25
36
5
94
39
98
98
28
14
46
74
84
89
52
93
69
66
97
95
96
83
46
92
47
54
89
63
40
86
59
89
11
12
63
96
86
29
66
34
99
82
81
43
91
5
20
34
30
26
9
31
23
2
78
50
21
99
36
33
91
56
59
23
64
30
72
51
43
1
91
2
11
15
82
65
62
97
83
81
3
83
68
89
53
32
58
71
12
4
33
59
26
75
91
66
31
77
89
22
52
28
93
31
31
91
34
43
97
46
91
2
82
51
47
97
78
84
83
27
29
19
80
54
93
51
1
20
87
100
42
39
39
44
40
24
34
1
23
4
37
39
37
31
33
53
37
30
6
34
76
37
16
33
83
9
95
10
73
64
67
14
45
94
90
7
56
34
55
25
71
88
26
1
81
81
4
44
56
79
47
31
5
58
8
47
18
91
55
32
1
100
83
93
65
91
63
58
87
3
23
21
52
88
35
43
90
82
39
61
40
91
72
54
25
57
93
90
94
87
22
85
99
19
7
34
60
39
3
3
71
70
31
55
52
45
43
83
54
83
48
11
62
9
59
57
25
50
2
97
1
21
64
33
41
94
48
53
29
36
65
48
12
86
33
94
36
73
93
72
47
85
54
55
34
54
32
39
79
63
16
90
43
15
59
35
100
8
13
43
69
86
18
68
89
51
79
64
62
97
30
79
93
86
16
16
25
33
94
33
15
29
70
33
57
82
28
61
52
94
30
55
65
16
2
40
11
16
73
27
12
27
85
13
66
29
94
18
1
5
58
66
78
30
18
70
27
24
65
17
91
88
73
76
67
75
84
54
79
55
59
31
100
46
8
22
55
84
33
5
86
90
69
44
13
31
81
49
45
28
8
12
55
4
8
26
40
41
44
87
61
19
6
18
55
30
2
19
82
80
48
71
19
41
23
44
69
76
7
90
73
1
57
91
53
11
20
62
58
8
21
18
49
94
68
41
51
24
31
90
17
61
80
92
26
61
66
24
34
40
31
75
27
76
50
2
71
45
60
7
71
89
39
37
45
75
62
44
52
24
87
79
99
70
66
26
38
10
44
25
22
38
95
74
36
71
57
55
30
49
67
59
65
58
88
6
31
24
95
78
12
88
60
81
100
12
17
34
81
99
73
7
29
10
1
28
55
55
38
42
78
81
13
58
85
47
92
90
23
95
56
82
2
98
17
36
42
88
12
100
72
15
2
3
52
25
10
82
53
26
98
34
66
70
69
52
48
84
79
9
36
83
17
39
79
61
93
80
6
100
40
12
26
2
90
35
24
97
88
79
37
64
28
43
87
15
96
50
23
99
29
27
45
54
88
19
52
67
52
11
23
48
47
36
47
19
30
68
47
50
90
11
88
86
27
76
27
97
94
23
90
89
82
7
82
80
80
17
100
71
67
3
61
98
78
31
89
70
19
89
50
83
43
80
76
44
95
8
27
16
9
39
72
53
20
57
55
70
19
32
42
67
18
78
47
85
59
92
60
56
12
83
74
76
89
94
69
49
77
54
38
36
54
9
51
9
43
8
64
40
32
88
93
80
24
27
20
1
10
83
14
88
1
37
31
83
53
7
22
85
95
3
9
57
21
70
61
88
65
86
18
71
85
85
60
20
97
86
26
40
22
87
25
19
36
8
54
81
81
29
48
7
99
72
81
22
37
74
14
99
79
57
19
25
31
48
27
46
17
87
51
75
44
34
76
88
5
77
45
61
80
77
43
32
10
52
34
53
91
67
40
71
12
27
27
87
38
84
52
100
43
22
57
87
79
13
74
3
46
89
28
43
5
98
70
17
32
95
38
7
32
74
68
14
11
18
82
10
56
86
32
10
35
18
20
20
31
70
80
76
99
20
55
99
51
61
51
64
59
52
82
58
64
56
5
24
54
85
56
53
24
2
69
28
26
94
12
26
84
98
78
8
98
71
74
39
7
58
59
39
99
86
11
71
92
46
10
83
84
88
60
1
51
80
62
50
22
62
81
92
31
89
65
57
58
2
81
76
17
84
54
1
30
22
98
78
37
51
99
82
61
26
77
9
19
27
88
78
75
98
66
25
62
77
94
67
91
81
3
27
18
51
31
74
72
89
48
1
100
58
3
24
84
7
38
98
8
56
98
87
92
96
34
61
16
8
79
30
0 248
0 368
0 447
0 909
0 1123
0 1670
0 1806
1 98
2 47
2 222
2 1423
2 1620
3 581
3 855
3 932
3 1032
3 1287
3 1296
4 296
4 1120
5 259
5 596
5 610
5 666
5 980
6 338
6 1440
7 84
7 165
7 311
8 254
8 968
8 1614
8 1973
9 399
9 706
9 1846
10 271
10 493
10 1225
10 1405
10 1758
10 1813
10 1936
11 135
11 414
11 636
11 1012
11 1751
12 391
12 533
12 962
12 1244
13 254
13 377
13 1244
13 1970
14 26
14 640
14 771
14 1107
14 1566
16 293
16 1019
16 1405
18 1010
18 1303
19 1994
20 405
20 1365
20 1804
21 239
21 966
21 1876
22 187
22 975
22 1211
22 1721
22 1759
22 1902
22 1913
23 1052
25 761
25 1782
26 37
26 1058
27 202
27 936
27 1009
28 1270
29 113
29 255
29 529
29 1322
29 1570
30 1198
31 126
31 856
32 428
32 439
33 757
33 1283
34 62
34 467
34 492
34 616
34 892
34 920
34 1144
34 1156
34 1734
34 1836
35 160
35 823
35 1848
35 1864
36 37
36 929
36 1307
36 1708
37 424
37 792
37 1988
38 1070
38 1709
39 294
39 570
40 524
40 606
40 1004
40 1301
40 1381
41 565
41 603
41 652
41 731
41 1791
41 1830
42 263
42 961
43 767
43 1247
43 1730
44 669
44 1052
44 1156
44 1478
44 1718
44 1804
45 432
45 1134
45 1823
46 1591
47 701
47 813
47 1839
48 1296
48 1791
49 1671
49 1785
50 305
50 796
50 1114
50 1121
50 1872
51 560
52 492
52 914
52 1034
52 1272
52 1348
53 161
53 1041
54 408
55 1056
56 516
56 1858
57 623
57 1694
57 1863
57 1870
58 975
58 1068
58 1734
58 1852
59 866
59 1786
60 1210
60 1344
60 1835
61 201
61 277
61 950
62 468
62 574
63 719
64 1658
65 121
65 784
65 1096
65 1585
65 1876
66 596
66 1206
67 368
67 382
68 131
68 161
68 711
68 1415
68 1450
68 1564
68 1731
69 391
69 1085
69 1492
70 125
70 489
70 1848
71 870
71 954
71 1063
71 1081
71 1201
71 1260
72 196
72 715
73 160
73 161
73 1414
73 1431
74 83
74 276
74 462
74 1907
75 580
75 1119
75 1279
75 1623
76 325
76 1381
76 1647
76 1888
77 531
77 842
77 1111
77 1913
78 652
78 852
78 1270
78 1390
78 1878
79 493
79 820
79 1053
79 1521
80 880
80 1424
80 1806
81 648
81 939
81 1492
82 212
82 625
82 838
82 917
82 1366
82 1561
82 1795
83 1767
83 1810
84 236
84 510
84 544
84 890
84 1921
85 717
86 185
86 1063
86 1781
87 152
88 267
88 468
88 758
88 1264
88 1458
88 1577
88 1863
88 1948
88 1960
89 1274
89 1444
90 939
90 976
90 1311
90 1984
91 527
91 1341
91 1681
92 240
92 1025
92 1300
92 1445
93 119
93 172
93 219
93 1314
93 1945
94 822
94 850
94 1401
95 1670
97 1485
97 1486
97 1629
98 970
98 1043
98 1267
98 1567
99 137
99 813
99 1856
100 1785
102 325
102 1090
102 1141
103 1371
103 1435
104 658
104 1468
104 1654
104 1875
105 360
105 777
105 1943
106 783
106 922
106 931
106 1658
107 1116
107 1500
107 1830
108 1167
109 194
109 756
109 866
109 1242
110 592
110 1195
110 1709
111 403
111 1008
111 1499
112 1228
112 1994
113 426
113 1740
113 1834
114 124
114 891
114 1022
114 1202
114 1250
114 1405
115 234
115 894
115 1045
115 1693
116 268
116 475
116 560
116 651
116 1156
117 544
117 564
117 937
117 1046
117 1145
117 1479
118 1595
118 1774
118 1789
119 294
119 862
119 1167
119 1305
119 1622
120 1498
120 1551
121 1938
122 534
122 564
122 1714
122 1875
123 510
123 1137
124 197
124 665
125 1428
125 1890
126 1129
126 1498
126 1711
127 408
127 986
127 1527
127 1793
127 1877
128 923
129 1260
130 150
130 154
130 1074
130 1679
131 219
131 445
131 619
131 1467
132 333
132 1171
133 1124
134 316
134 1292
134 1313
135 1475
135 1866
136 1204
137 1051
137 1721
137 1852
138 163
139 1813
140 645
141 1401
141 1645
142 953
143 178
143 875
143 1181
143 1416
143 1445
144 939
144 1059
144 1417
144 1747
145 754
145 1977
146 344
146 855
146 1162
147 714
147 1435
148 1068
148 1311
148 1506
148 1984
149 210
149 747
149 1202
149 1417
150 1080
150 1302
151 405
151 600
151 608
151 773
151 1311
151 1377
151 1726
152 1236
152 1792
153 680
153 810
153 1213
153 1363
154 1092
154 1881
155 159
155 870
155 1690
155 1821
156 387
156 542
156 1904
157 916
157 1969
158 268
158 474
158 981
158 1049
158 1173
158 1879
158 1987
159 184
159 661
159 1582
160 1860
161 242
161 364
161 1533
162 782
162 857
162 1118
162 1202
162 1432
163 307
163 1116
163 1394
164 932
164 1089
164 1353
165 1460
165 1525
166 1278
167 260
167 746
167 916
167 1125
167 1266
167 1615
167 1967
168 234
168 1308
168 1409
168 1568
169 548
169 667
169 1629
169 1681
169 1794
170 743
170 1051
170 1510
170 1754
171 269
171 359
171 1085
171 1523
172 849
172 1339
172 1888
173 1888
173 1953
173 1999
175 330
175 1333
176 237
176 1744
177 719
177 1785
177 1911
177 1979
178 196
178 251
178 1027
178 1519
178 1524
178 1786
179 440
180 645
180 826
181 916
182 289
182 306
182 1421
183 429
183 1320
184 229
184 1029
184 1132
184 1391
184 1708
184 1865
185 275
185 1037
185 1048
186 358
186 1144
187 325
187 769
188 239
188 1170
188 1635
188 1871
189 692
189 826
189 1396
190 471
191 1875
192 799
192 1353
192 1952
193 497
193 1926
194 650
195 543
195 717
196 473
196 722
196 1847
197 217
197 963
198 1951
199 947
200 362
200 1202
200 1535
201 725
201 1422
201 1790
201 1919
202 1251
203 795
203 1254
203 1692
204 391
204 619
204 864
204 1290
204 1528
204 1664
204 1738
204 1833
205 1573
205 1694
205 1955
206 315
206 463
206 1470
207 926
207 1246
207 1266
207 1381
207 1744
208 373
208 603
208 630
208 1320
209 629
209 662
210 394
210 938
210 1634
210 1943
211 1209
212 1585
213 438
213 1887
214 804
215 487
215 1343
216 423
216 1852
217 417
217 750
217 805
217 1168
218 301
218 1462
218 1710
219 340
219 777
219 1346
220 274
220 1802
221 768
221 1909
222 429
222 755
222 1356
223 1577
223 1994
224 249
224 1323
224 1538
225 936
225 948
225 1196
225 1602
225 1645
225 1695
226 1175
226 1915
227 335
228 1027
228 1035
228 1166
228 1233
228 1757
228 1900
228 1959
229 322
229 336
229 401
230 655
230 786
230 1205
232 1192
233 979
233 1756
233 1768
234 1171
234 1405
234 1414
234 1766
234 1867
235 717
235 1444
235 1927
235 1982
236 505
236 730
236 871
237 315
237 773
237 1271
238 432
238 1168
238 1221
238 1366
239 1989
240 893
240 1180
241 1469
242 976
242 1747
243 817
243 1829
244 544
244 744
244 1237
244 1536
244 1939
245 335
245 1205
246 429
246 1008
247 272
247 1267
247 1664
248 494
248 817
248 1086
248 1314
249 1016
250 578
250 865
250 955
251 260
251 318
251 511
251 895
251 1477
251 1576
252 1187
253 633
253 921
253 1032
254 974
254 1149
255 745
255 1523
255 1684
255 1732
256 576
256 1067
256 1462
258 635
259 461
259 765
259 867
260 904
260 1074
260 1315
261 482
261 819
261 1365
262 501
262 1124
262 1804
262 1991
263 771
263 1432
265 377
265 1645
265 1928
265 1933
266 961
266 1018
267 1395
267 1670
268 787
268 799
269 1126
270 492
270 517
270 610
270 1722
271 553
271 1726
272 656
272 1148
272 1246
273 1292
273 1504
274 385
274 933
274 1117
274 1967
276 434
277 1242
278 360
278 450
278 827
278 1089
278 1434
279 347
279 1676
279 1795
280 1403
281 1638
281 1836
283 982
284 586
284 1321
284 1992
285 359
285 702
285 856
285 1049
285 1554
285 1724
285 1726
285 1951
286 726
286 1232
286 1386
287 1550
287 1809
288 1115
288 1666
289 1470
289 1661
290 520
290 1285
290 1678
291 998
291 1063
291 1379
291 1532
291 1640
292 298
292 499
292 741
292 1144
293 1201
293 1658
293 1879
294 479
294 1969
295 519
295 1191
297 1789
298 361
298 386
298 441
298 523
299 404
299 801
299 820
299 1375
300 576
301 1171
302 1209
302 1237
302 1568
303 1500
303 1838
304 360
304 1058
304 1129
304 1308
304 1637
304 1993
305 1254
306 1951
307 1455
307 1715
308 444
308 805
308 1253
308 1265
308 1312
308 1543
310 1193
310 1938
311 1610
312 1446
312 1531
313 379
313 535
313 1000
314 1367
315 343
315 1858
316 943
316 1217
316 1440
316 1964
317 1637
317 1895
318 658
318 1489
319 694
319 1471
319 1850
320 1241
320 1431
320 1588
321 1137
321 1570
322 1785
323 444
323 613
323 1908
324 1927
324 1975
325 1534
325 1754
325 1916
326 1191
327 334
327 1511
327 1607
329 743
329 823
330 478
330 1209
331 413
331 966
332 658
332 1663
332 1795
333 1365
333 1746
334 1353
334 1572
335 1484
336 356
336 622
336 1055
337 549
337 877
337 1623
338 471
338 507
340 1540
341 1862
341 1893
342 1956
343 375
343 877
344 1720
344 1910
345 511
345 1001
345 1463
345 1527
346 1366
346 1931
348 1004
348 1537
348 1757
349 363
349 1665
350 708
350 1497
351 1053
351 1316
352 358
352 489
352 1813
353 1273
354 618
354 1564
355 1679
356 662
356 686
357 530
357 547
357 1678
358 879
358 1541
358 1677
359 465
359 472
359 636
359 1312
359 1596
359 1960
361 1023
361 1176
361 1490
361 1875
362 572
362 621
362 731
362 1556
363 469
363 1408
364 466
364 513
364 909
364 1039
364 1127
364 1841
364 1967
365 678
365 1721
366 414
366 1250
366 1562
367 547
367 1246
368 1152
368 1894
369 373
369 900
369 1102
371 1024
372 673
373 1475
374 808
374 1567
375 472
375 1091
375 1222
375 1727
377 901
378 1295
378 1476
378 1499
378 1722
378 1780
379 419
379 634
379 668
379 1404
379 1419
379 1463
380 702
381 531
381 1692
381 1869
381 1874
382 456
382 1765
384 1116
384 1726
386 1321
386 1930
386 1979
387 1075
388 787
388 1184
389 875
389 1667
390 509
390 1849
390 1894
391 715
391 1039
391 1174
391 1994
392 1519
392 1657
393 1240
393 1489
393 1829
394 878
394 1685
395 1045
395 1147
395 1613
395 1692
396 409
396 653
396 1161
397 404
397 1261
398 1440
398 1659
398 1919
399 618
399 1620
400 1092
400 1578
401 970
402 444
402 648
403 907
403 1437
404 745
405 755
405 773
405 1049
406 459
406 1468
407 566
407 1505
408 788
408 1274
410 438
410 816
410 942
411 432
411 546
412 1308
412 1383
413 1581
413 1828
413 1887
414 1193
414 1344
415 1374
416 1659
417 963
418 1055
418 1431
418 1599
419 846
419 1361
419 1672
420 766
420 1442
420 1729
421 1244
421 1690
421 1710
422 450
422 1912
424 464
424 594
425 461
425 1806
425 1887
426 694
426 780
426 1086
426 1567
427 732
427 858
428 1335
428 1570
429 460
430 590
430 894
431 694
431 1241
431 1400
431 1545
431 1751
432 1135
433 1558
433 1690
434 446
434 953
434 1429
434 1439
436 814
436 1072
437 605
437 790
437 1508
437 1635
437 1853
438 1274
438 1346
439 1007
439 1132
439 1449
439 1495
440 524
440 1476
440 1496
440 1518
440 1887
441 981
441 1433
442 595
442 1182
442 1535
442 1732
443 475
443 768
443 1210
443 1446
443 1957
444 1277
444 1716
445 1942
446 447
447 1927
448 457
448 550
448 791
448 1647
449 643
450 1300
450 1706
451 468
451 472
451 870
451 1391
452 1733
453 1252
453 1370
454 1815
454 1828
455 1003
455 1802
456 744
456 1615
457 777
457 796
458 579
459 735
459 789
459 1733
460 648
460 975
460 1249
461 699
461 811
462 518
462 605
462 826
462 1066
462 1077
462 1460
463 966
464 1643
465 887
465 1353
466 509
466 758
467 930
467 1863
468 516
468 992
468 1042
468 1319
468 1736
469 699
469 1238
469 1554
470 818
470 880
470 1005
470 1378
470 1472
471 1150
471 1290
471 1318
471 1370
471 1778
471 1961
472 988
472 1410
472 1743
473 958
473 1052
474 703
474 1053
475 1573
475 1804
475 1811
475 1885
476 1200
478 892
479 713
479 1201
481 780
481 1662
481 1682
482 802
482 1276
483 631
483 879
483 904
483 1189
483 1866
484 1892
484 1906
485 487
485 1302
486 979
486 1312
487 587
487 1831
487 1861
488 952
489 1541
489 1923
490 530
491 1567
492 798
492 913
492 1173
492 1215
492 1498
492 1713
492 1818
492 1967
493 664
493 990
493 1258
493 1526
493 1718
493 1768
494 725
494 814
495 758
495 1469
495 1795
496 1035
496 1128
496 1189
496 1875
497 1019
497 1185
497 1934
498 1446
499 1729
500 1190
500 1295
500 1384
503 642
503 744
504 1104
504 1452
504 1989
505 1588
505 1832
507 1604
507 1605
508 1247
508 1693
509 547
509 1032
509 1270
510 595
510 643
510 1014
510 1136
512 706
512 830
512 1068
512 1915
514 1296
514 1629
515 577
516 1594
517 581
517 631
517 1418
517 1865
519 1309
519 1599
520 1047
521 528
521 792
521 1061
521 1403
521 1435
521 1949
522 549
522 1370
522 1686
522 1890
523 781
523 963
523 1437
523 1712
524 1748
525 572
525 811
525 1487
525 1847
526 693
526 1616
527 1114
527 1473
528 676
528 677
528 895
528 1331
529 1247
529 1265
529 1990
530 1519
530 1912
531 618
531 645
531 759
531 1713
532 792
532 1097
532 1186
532 1501
532 1673
533 693
533 786
533 829
533 1811
535 800
535 1237
535 1422
536 771
536 1199
536 1600
536 1711
537 1578
537 1961
538 1371
538 1402
538 1476
539 629
539 1902
540 673
540 939
540 1244
540 1568
541 874
541 1964
542 1044
542 1384
543 1627
543 1869
544 611
544 965
545 921
546 1431
548 1661
548 1915
549 578
549 1271
550 991
550 1316
551 1221
551 1606
551 1816
551 1877
554 822
555 1248
556 741
556 802
557 1400
557 1426
557 1769
558 1629
558 1936
559 623
559 1945
560 1399
560 1690
560 1958
561 1109
563 788
564 762
564 1922
565 982
565 1047
565 1450
566 1774
567 638
567 676
567 1362
567 1448
567 1731
568 647
568 1689
569 1159
569 1426
570 602
570 1596
571 830
571 1228
571 1877
572 950
572 1697
573 1318
573 1367
573 1580
574 1475
574 1542
574 1547
574 1807
574 1918
577 1157
577 1983
578 957
578 1596
579 1806
580 1102
580 1681
581 867
581 958
581 1349
581 1614
581 1971
582 880
582 1720
582 1727
583 874
583 1411
583 1845
584 1183
584 1213
584 1364
585 1065
586 591
586 1154
586 1186
586 1227
586 1567
586 1671
587 699
587 1871
588 1107
589 1149
589 1301
589 1678
590 1204
590 1334
590 1604
591 1241
591 1959
592 1865
593 606
593 1657
593 1755
594 1259
594 1941
595 1297
595 1596
595 1651
596 784
596 1237
597 723
597 1582
597 1768
598 873
599 932
599 1637
600 1147
601 670
601 908
601 1388
601 1941
602 645
602 1924
603 1714
604 1170
604 1316
605 975
605 1062
605 1614
606 1756
606 1764
606 1779
606 1982
607 889
607 1150
608 1733
608 1806
609 1501
610 1525
610 1834
611 850
611 1857
613 978
614 620
614 1124
614 1220
614 1292
614 1934
614 1982
615 1486
616 624
616 1059
616 1657
616 1734
617 756
617 1015
617 1604
618 1730
618 1753
618 1755
619 1093
619 1162
619 1908
622 1083
622 1529
622 1865
622 1944
623 1818
624 1585
624 1975
625 1266
625 1319
625 1946
626 672
626 1007
627 925
627 940
627 1422
628 1184
629 710
629 1364
630 885
630 1894
631 657
631 918
631 1081
631 1851
632 1004
632 1110
632 1547
632 1752
632 1894
634 1098
635 1736
637 655
637 1105
637 1134
637 1406
637 1843
638 1436
640 1632
641 758
641 1125
641 1309
642 747
642 1892
644 1601
645 1218
645 1555
646 1565
646 1931
647 1552
648 951
648 1969
651 1384
651 1395
651 1432
651 1478
652 748
652 834
652 835
652 1576
653 1354
654 1302
655 1904
656 1808
657 1876
658 946
658 1277
658 1489
659 723
659 1558
661 1097
662 760
662 803
662 849
662 922
662 1385
663 786
664 851
665 763
666 1009
666 1353
667 1254
668 1424
669 967
670 1127
671 1038
672 819
672 856
673 928
673 1988
674 1071
674 1382
675 743
675 1147
677 941
677 1997
678 863
678 1060
678 1689
678 1866
679 1841
680 698
681 1042
681 1287
682 927
682 1247
682 1566
683 1446
684 994
684 1515
684 1688
684 1956
685 950
685 1196
685 1677
686 1886
687 1086
687 1284
687 1335
687 1569
687 1793
688 1195
688 1490
689 1088
689 1686
690 1064
691 824
691 959
691 1125
691 1540
692 986
694 715
694 824
694 937
694 1565
694 1642
694 1840
696 1099
696 1657
696 1853
697 977
697 1113
697 1532
698 1081
698 1346
699 1203
701 839
701 1841
702 706
702 927
702 1134
702 1137
702 1574
702 1980
703 1344
703 1495
703 1501
704 754
704 1782
705 911
706 1476
706 1644
706 1999
707 973
707 1104
707 1702
707 1725
708 1032
708 1292
708 1575
708 1896
708 1968
709 746
709 1172
709 1788
709 1845
711 1186
711 1358
711 1716
712 983
712 1218
712 1884
713 807
713 813
713 999
716 1281
716 1896
717 729
718 1120
719 1538
722 1563
723 1493
724 1618
724 1627
725 1696
726 1181
726 1561
726 1630
726 1704
726 1982
727 813
727 1663
727 1920
728 1543
728 1912
729 858
729 1095
729 1312
730 961
730 1205
730 1585
730 1662
732 1123
732 1354
733 1093
733 1286
733 1530
734 913
735 748
735 981
737 764
738 1111
738 1435
738 1725
739 1785
740 1402
741 858
741 944
741 1058
741 1079
742 1210
742 1553
743 1315
743 1925
744 1249
745 805
745 1154
745 1283
745 1411
745 1416
745 1601
745 1649
746 1044
746 1178
746 1688
747 1623
748 831
748 1008
748 1169
748 1409
748 1730
749 955
750 835
752 1200
752 1566
752 1816
753 1067
753 1108
754 1026
754 1559
756 924
757 788
757 888
757 1424
757 1681
758 1725
759 888
759 985
759 1979
760 1002
760 1767
761 786
761 1399
762 1230
762 1930
763 1044
763 1207
764 1396
765 1475
765 1527
766 960
766 1088
766 1790
766 1824
767 858
768 873
768 1439
768 1474
768 1642
769 1246
769 1941
770 1009
770 1247
770 1869
771 1302
771 1507
771 1689
771 1761
771 1956
772 1353
772 1936
773 993
773 1284
773 1404
773 1593
773 1744
775 1296
777 1716
778 921
778 1073
779 1845
779 1966
780 802
780 948
780 1624
781 1253
781 1325
781 1804
782 1646
782 1656
783 910
783 1239
783 1402
783 1430
784 983
784 1027
785 849
787 1910
788 1315
788 1457
790 1907
791 1879
792 873
792 1233
792 1577
793 1572
793 1811
794 828
795 1109
796 1281
796 1710
798 814
799 1012
801 916
801 986
801 1423
802 839
803 994
803 1750
803 1977
805 1509
806 1457
806 1855
807 1266
807 1271
807 1574
809 1044
809 1152
809 1734
810 1398
811 999
811 1830
811 1927
812 1812
812 1966
813 1999
814 1185
815 1155
816 1046
816 1117
817 867
817 1209
817 1214
817 1812
817 1829
817 1994
818 1359
820 1035
821 1655
822 1027
822 1284
822 1468
824 918
825 953
826 988
826 1738
828 1217
828 1527
829 1520
831 931
831 971
832 889
832 1059
832 1492
832 1594
833 1011
834 1981
835 1670
835 1969
836 964
836 1109
836 1615
836 1666
836 1925
837 1717
837 1998
838 1347
839 1057
840 1035
840 1222
840 1518
841 1038
841 1493
841 1761
841 1902
842 869
842 1189
842 1574
842 1712
843 905
843 1122
844 1355
844 1730
844 1893
845 890
845 1077
845 1426
845 1531
848 1843
848 1877
849 1970
850 864
850 976
851 960
851 992
851 1838
852 1162
852 1290
852 1624
853 1407
853 1457
855 1056
855 1529
855 1994
856 936
857 1158
858 866
858 1575
859 1276
860 1567
860 1581
861 1717
862 1069
863 1344
863 1430
863 1503
863 1898
864 965
864 1828
864 1979
865 1807
866 1352
867 1761
867 1906
867 1979
869 878
869 1955
870 1063
870 1106
870 1401
871 1193
871 1410
872 1339
873 1575
874 949
874 1455
874 1663
875 1809
876 885
876 1201
876 1908
877 925
879 1495
879 1655
880 885
880 1604
881 1228
881 1396
881 1652
882 1171
883 1498
884 905
884 1139
884 1583
885 1360
885 1568
886 897
886 1335
886 1373
886 1880
887 1423
887 1607
887 1696
889 974
889 1483
889 1799
890 1057
890 1314
891 1817
893 972
893 1581
893 1974
895 1211
895 1665
897 968
897 1031
897 1262
899 1775
900 1273
901 1014
901 1277
902 1012
902 1087
902 1319
902 1336
902 1398
903 1368
905 1067
905 1514
906 1143
906 1839
907 1101
907 1686
909 921
910 1463
910 1589
911 1390
911 1992
912 1296
912 1896
914 932
914 1676
915 1774
917 1016
917 1213
917 1977
918 975
918 1545
919 1829
920 1580
921 997
922 946
922 1736
923 1515
923 1957
924 994
924 1094
924 1901
925 1644
925 1691
925 1801
927 1139
927 1939
928 1563
929 1011
929 1260
929 1640
930 1139
931 1069
932 1282
933 1067
933 1110
933 1692
934 1659
934 1707
934 1988
935 948
935 1668
936 1366
937 1034
937 1711
939 1507
939 1702
939 1709
939 1716
939 1989
940 1929
941 1140
941 1422
942 1197
942 1356
943 1444
943 1717
943 1971
944 1777
944 1854
945 956
945 1575
945 1683
946 1899
947 1442
947 1481
948 1242
949 1555
949 1643
949 1673
951 1525
952 1450
953 1318
954 1956
955 1145
955 1449
955 1780
956 1825
956 1905
956 1985
957 1352
957 1448
957 1590
957 1781
958 1226
958 1450
958 1680
959 1497
959 1899
960 1801
961 1421
961 1628
961 1913
963 1237
963 1436
966 1459
967 976
967 1700
971 1616
972 1680
972 1752
974 1737
975 1107
976 1059
976 1242
976 1690
977 1094
977 1321
977 1549
978 1367
979 1712
980 1786
981 1665
982 1257
984 1474
986 1331
986 1754
987 1074
988 1383
988 1909
989 1019
989 1245
991 1048
991 1229
992 1937
993 1140
994 1387
994 1709
995 1195
995 1570
995 1704
995 1878
998 1839
999 1300
999 1630
1000 1406
1000 1559
1000 1768
1002 1655
1004 1063
1004 1335
1004 1365
1005 1366
1005 1707
1005 1746
1006 1703
1007 1014
1007 1479
1008 1461
1009 1026
1009 1718
1010 1463
1010 1583
1010 1772
1012 1110
1013 1074
1013 1362
1013 1498
1013 1826
1013 1927
1013 1932
1014 1201
1016 1972
1018 1700
1019 1488
1019 1839
1020 1351
1020 1689
1021 1535
1023 1533
1024 1108
1024 1897
1025 1314
1027 1268
1027 1285
1027 1558
1029 1077
1030 1471
1030 1908
1030 1994
1034 1620
1034 1844
1035 1932
1037 1362
1038 1302
1039 1466
1039 1909
1040 1477
1040 1538
1042 1801
1043 1840
1043 1879
1045 1317
1045 1594
1045 1919
1046 1383
1046 1788
1047 1355
1047 1690
1048 1192
1048 1764
1050 1392
1050 1590
1051 1864
1052 1267
1052 1397
1052 1652
1053 1141
1053 1609
1054 1818
1056 1564
1057 1553
1058 1270
1059 1653
1059 1685
1059 1952
1060 1293
1061 1948
1063 1565
1064 1069
1064 1606
1065 1388
1065 1833
1066 1123
1066 1240
1066 1539
1067 1183
1067 1860
1068 1385
1068 1904
1069 1887
1071 1240
1071 1795
1072 1169
1072 1874
1073 1750
1074 1311
1074 1722
1075 1318
1077 1623
1077 1686
1078 1403
1078 1610
1079 1319
1086 1481
1086 1661
1087 1166
1087 1670
1089 1591
1091 1193
1091 1315
1093 1128
1093 1745
1093 1835
1093 1925
1094 1487
1094 1776
1095 1568
1095 1682
1096 1694
1096 1863
1097 1742
1098 1325
1098 1457
1099 1273
1100 1859
1101 1109
1102 1935
1103 1196
1103 1510
1103 1659
1103 1940
1104 1755
1105 1140
1105 1449
1105 1511
1106 1385
1109 1275
1109 1755
1111 1706
1112 1320
1112 1416
1112 1608
1113 1327
1113 1467
1114 1813
1115 1705
1116 1331
1116 1582
1117 1363
1117 1828
1118 1469
1118 1599
1119 1503
1119 1719
1120 1151
1121 1682
1121 1948
1121 1965
1124 1416
1124 1988
1125 1381
1125 1584
1125 1679
1126 1761
1127 1131
1128 1368
1128 1686
1130 1490
1130 1512
1130 1635
1131 1235
1131 1427
1131 1510
1132 1724
1132 1839
1132 1957
1134 1274
1134 1882
1135 1156
1135 1402
1136 1522
1137 1166
1137 1172
1137 1629
1138 1908
1139 1253
1140 1235
1142 1521
1142 1769
1143 1323
1143 1665
1144 1164
1145 1148
1145 1461
1146 1440
1146 1599
1146 1706
1146 1904
1146 1966
1149 1485
1149 1627
1150 1367
1150 1522
1151 1644
1151 1998
1152 1937
1153 1782
1155 1355
1155 1608
1155 1665
1158 1216
1158 1752
1159 1250
1159 1703
1161 1774
1162 1432
1167 1568
1168 1421
1168 1805
1169 1419
1170 1874
1170 1910
1172 1602
1172 1877
1172 1919
1173 1204
1174 1269
1176 1261
1176 1435
1176 1840
1178 1208
1178 1227
1178 1964
1179 1537
1179 1842
1181 1669
1182 1945
1185 1430
1186 1187
1186 1551
1187 1395
1189 1658
1191 1426
1192 1201
1192 1301
1192 1794
1194 1611
1195 1950
1196 1320
1198 1647
1198 1880
1199 1359
1200 1863
1201 1917
1202 1393
1203 1737
1206 1845
1207 1292
1207 1547
1207 1709
1208 1343
1208 1757
1211 1548
1215 1389
1216 1281
1216 1474
1216 1873
1217 1243
1218 1534
1218 1738
1220 1303
1221 1691
1222 1592
1222 1619
1223 1330
1224 1984
1225 1313
1225 1899
1227 1595
1227 1601
1228 1478
1228 1521
1229 1493
1229 1891
1232 1913
1233 1524
1233 1674
1233 1896
1236 1816
1236 1892
1237 1733
1238 1964
1240 1363
1240 1525
1241 1320
1242 1582
1242 1718
1245 1534
1245 1916
1246 1554
1247 1346
1247 1387
1247 1455
1248 1347
1248 1437
1249 1846
1249 1878
1250 1949
1251 1401
1252 1265
1254 1410
1254 1828
1255 1580
1257 1473
1258 1437
1259 1391
1259 1668
1259 1777
1260 1538
1261 1583
1265 1314
1265 1409
1266 1360
1269 1537
1269 1934
1272 1361
1273 1508
1273 1530
1274 1309
1274 1776
1274 1832
1276 1530
1276 1996
1277 1411
1277 1739
1277 1744
1279 1488
1279 1944
1281 1658
1282 1645
1282 1687
1282 1825
1284 1330
1284 1591
1284 1893
1285 1501
1285 1627
1286 1575
1287 1625
1287 1912
1289 1573
1289 1996
1290 1935
1292 1456
1293 1988
1295 1601
1295 1870
1299 1572
1299 1859
1300 1712
1301 1642
1302 1816
1303 1436
1304 1894
1304 1940
1305 1386
1306 1381
1307 1547
1311 1883
1313 1632
1313 1839
1314 1340
1315 1830
1315 1847
1315 1869
1315 1986
1317 1679
1317 1810
1317 1837
1318 1533
1318 1643
1318 1810
1318 1841
1319 1860
1319 1924
1321 1554
1322 1822
1323 1962
1324 1777
1325 1476
1326 1463
1329 1822
1330 1563
1332 1593
1334 1503
1334 1701
1334 1750
1334 1984
1334 1994
1335 1656
1335 1762
1335 1961
1335 1969
1336 1566
1337 1350
1337 1909
1338 1965
1340 1875
1341 1656
1341 1938
1342 1524
1342 1902
1343 1728
1344 1452
1347 1646
1349 1540
1349 1657
1350 1848
1353 1552
1353 1966
1354 1391
1355 1787
1356 1783
1358 1375
1358 1910
1359 1520
1362 1515
1363 1476
1364 1719
1368 1891
1368 1985
1370 1380
1371 1845
1371 1864
1372 1528
1373 1572
1373 1738
1375 1926
1376 1409
1376 1712
1377 1904
1378 1903
1380 1409
1381 1463
1381 1820
1382 1707
1383 1734
1384 1404
1386 1618
1386 1659
1386 1749
1390 1594
1390 1707
1391 1803
1392 1512
1392 1631
1392 1783
1392 1886
1393 1704
1394 1974
1395 1776
1395 1812
1398 1423
1400 1996
1401 1533
1402 1444
1402 1724
1404 1875
1406 1516
1407 1662
1408 1995
1409 1762
1410 1461
1411 1738
1411 1813
1412 1700
1412 1889
1414 1601
1414 1810
1417 1442
1418 1525
1419 1591
1421 1759
1423 1442
1423 1582
1428 1651
1428 1928
1429 1973
1431 1466
1431 1981
1432 1698
1433 1865
1434 1759
1436 1514
1437 1730
1437 1821
1437 1845
1438 1858
1440 1866
1442 1889
1442 1954
1443 1462
1443 1816
1444 1601
1444 1963
1446 1807
1446 1968
1447 1598
1450 1553
1453 1669
1453 1770
1455 1499
1459 1984
1461 1976
1463 1992
1464 1919
1466 1801
1468 1681
1471 1755
1471 1786
1472 1770
1473 1895
1474 1925
1478 1928
1480 1553
1480 1796
1481 1662
1481 1787
1482 1562
1484 1730
1486 1817
1488 1559
1489 1874
1489 1879
1494 1932
1497 1595
1497 1965
1498 1649
1499 1589
1501 1571
1502 1735
1504 1566
1504 1904
1504 1962
1504 1977
1505 1869
1505 1918
1508 1529
1508 1558
1508 1591
1509 1575
1511 1605
1516 1577
1521 1625
1522 1716
1524 1816
1527 1770
1528 1559
1528 1906
1529 1571
1530 1971
1532 1667
1534 1709
1537 1735
1539 1990
1544 1608
1545 1589
1546 1575
1546 1814
1548 1880
1550 1583
1550 1617
1556 1780
1558 1997
1559 1581
1562 1758
1565 1964
1566 1671
1566 1944
1571 1823
1573 1957
1575 1651
1577 1723
1580 1583
1580 1751
1580 1819
1580 1957
1585 1935
1587 1709
1590 1636
1590 1658
1590 1963
1591 1623
1594 1992
1597 1620
1598 1653
1600 1958
1601 1725
1602 1735
1605 1641
1605 1664
1605 1912
1607 1693
1611 1628
1611 1894
1612 1616
1613 1820
1614 1814
1618 1857
1623 1896
1626 1968
1627 1948
1628 1739
1632 1849
1633 1839
1633 1966
1634 1669
1638 1884
1639 1848
1643 1785
1645 1890
1647 1786
1648 1896
1651 1780
1654 1725
1656 1920
1659 1690
1659 1820
1659 1987
1660 1903
1661 1793
1661 1903
1663 1757
1663 1876
1666 1872
1668 1679
1670 1783
1679 1934
1681 1976
1682 1863
1692 1711
1693 1825
1697 1986
1699 1929
1701 1709
1701 1845
1704 1755
1710 1895
1713 1895
1713 1915
1715 1815
1717 1997
1718 1767
1719 1866
1719 1877
1719 1916
1721 1910
1723 1961
1726 1943
1728 1988
1729 1888
1735 1902
1738 1888
1747 1834
1748 1946
1754 1864
1760 1846
1760 1859
1761 1926
1761 1938
1762 1848
1767 1787
1776 1846
1776 1948
1777 1931
1778 1801
1779 1922
1785 1947
1786 1860
1787 1827
1787 1906
1791 1872
1794 1944
1795 1863
1796 1829
1796 1950
1812 1951
1813 1872
1813 1971
1818 1832
1822 1988
1825 1934
1833 1990
1836 1985
1843 1937
1844 1906
1853 1862
1874 1949
1879 1926
1883 1949
1905 1950
1906 1960
1922 1955
1928 1982
1930 1971
1949 1975
1957 1959
1961 1987
