2000 2954
9
79
97
53
36
22
94
29
81
6
20
74
16
81
93
17
67
49
32
98
2
63
13
48
75
19
59
60
9
99
59
71
53
85
63
82
31
100
19
64
11
14
28
62
58
28
17
90
18
77
37
50
93
29
69
19
67
40
48
17
60
9
10
96
74
46
96
100
87
67
76
50
96
2
10
38
36
12
43
32
78
75
42
46
96
92
38
57
50
74
6
60
74
49
49
27
33
94
33
63
98
97
63
17
67
94
51
84
40
99
84
54
2
28
9
63
95
96
75
40
100
34
22
15
5
62
11
35
2
83
81
16
48
70
52
97
65
46
44
72
18
95
56
58
24
95
66
95
14
85
34
62
90
6
19
31
21
60
31
9
53
74
65
3
13
10
8
22
66
91
73
33
79
16
77
31
50
17
72
76
64
22
66
88
94
9
73
11
21
68
96
11
96
56
53
74
44
33
19
1
95
89
99
51
29
11
2
99
42
44
34
20
71
5
6
70
79
34
66
89
45
57
54
97
34
51
45
57
90
15
8
65
70
39
25
23
25
86
83
11
54
23
41
47
71
77
38
64
96
1
33
28
97
30
75
82
43
91
48
57
47
94
82
48
9
67
86
44
65
10
63
77
81
43
14
66
50
12
81
12
8
60
89
100
95
75
79
43
90
12
89
50
34
27
69
54
56
42
73
14
92
79
80
9
64
40
95
19
12
79
94
99
70
17
30
27
4
19
41
63
52
72
79
55
1
55
56
96
29
45
44
15
19
48
7
3
26
32
56
96
81
55
57
55
41
82
11
48
4
92
60
12
69
89
37
60
51
51
60
99
62
22
93
75
73
86
17
42
77
83
52
56
89
10
63
40
10
83
35
38
23
67
98
5
41
34
89
50
12
14
6
80
98
57
15
8
2
14
100
78
77
26
42
3
15
30
68
21
15
91
44
81
65
19
94
2
17
4
11
10
46
68
22
52
31
2
52
7
92
25
40
79
11
22
34
82
98
23
35
83
4
42
16
31
69
32
3
49
22
17
57
29
70
74
22
76
4
17
90
49
100
37
71
97
40
54
41
57
38
10
73
47
10
1
86
54
35
21
66
46
99
65
55
12
57
32
16
68
63
61
76
49
93
75
12
78
69
40
9
41
47
42
76
79
38
92
73
80
64
80
28
80
83
63
86
12
99
72
76
24
81
5
3
100
53
38
79
8
25
90
28
94
25
1
95
69
82
4
41
96
21
39
100
55
1
16
7
96
17
27
87
29
9
47
46
74
83
50
40
85
46
17
47
91
59
38
15
1
14
14
72
19
54
17
49
74
6
83
33
4
4
88
94
54
6
41
62
33
2
55
92
90
30
49
68
30
82
3
75
33
76
9
1
40
54
93
13
46
7
46
64
64
81
77
2
73
62
95
47
64
1
53
5
69
1
47
46
71
11
85
90
81
94
89
45
75
90
85
12
7
65
92
80
36
54
33
37
47
2
69
38
9
37
3
100
43
79
37
2
16
66
29
75
57
29
31
97
79
90
33
67
99
56
31
61
9
92
23
84
42
11
32
37
73
19
3
56
60
90
62
2
46
68
28
13
24
52
20
69
29
77
72
66
96
31
79
18
32
28
23
5
28
56
84
26
76
7
36
27
27
64
83
60
82
20
22
29
14
91
37
37
56
96
70
95
24
97
55
44
32
30
21
58
43
66
86
83
24
39
97
74
79
43
62
52
15
100
55
16
8
18
54
84
58
46
18
39
36
1
4
10
89
31
5
11
75
74
35
29
6
75
86
51
41
61
62
29
25
77
83
14
3
50
68
30
6
26
23
13
92
31
42
33
34
74
34
97
52
4
86
49
34
94
47
60
77
86
56
75
31
87
12
86
17
59
6
28
47
18
69
73
33
48
36
6
58
86
90
51
96
68
82
84
50
75
84
61
26
80
51
95
94
12
1
50
43
88
99
42
82
43
88
42
36
34
13
44
7
90
70
84
59
100
72
4
62
71
52
26
89
18
47
34
18
43
100
7
90
44
94
77
34
8
9
59
97
98
72
92
68
56
62
50
79
39
35
25
8
49
39
11
43
93
33
99
11
95
60
25
67
72
70
4
26
3
38
54
77
77
45
87
80
2
58
9
20
17
88
36
88
59
95
52
31
47
2
5
64
85
81
72
57
21
36
3
13
92
86
22
32
34
4
84
37
25
29
84
14
15
57
54
18
19
44
71
88
70
83
21
99
3
27
77
42
96
97
1
87
19
26
6
22
24
41
43
18
66
38
63
75
91
16
84
47
68
46
90
30
9
19
93
80
3
46
29
63
48
33
13
59
37
77
72
100
15
82
29
85
76
73
46
28
42
47
88
53
34
19
33
61
91
36
31
83
57
81
56
50
14
76
45
58
38
90
61
1
31
74
96
52
77
92
25
88
22
1
66
94
20
24
44
83
78
76
78
76
62
16
85
97
52
15
92
67
68
89
8
60
72
55
17
80
15
66
50
10
11
25
34
60
22
17
36
47
55
8
72
77
63
7
86
26
88
71
15
36
78
92
57
52
92
71
30
19
3
86
73
8
71
38
64
57
36
17
6
12
27
48
66
3
84
77
39
32
72
7
98
72
64
86
51
62
1
76
100
55
95
96
55
75
96
63
59
31
77
26
97
51
73
2
76
56
34
48
83
13
100
29
21
66
59
89
94
42
58
81
65
70
61
78
35
5
53
88
16
16
64
68
41
57
10
14
22
48
23
100
35
2
74
54
28
34
94
61
41
47
44
79
6
82
88
72
79
3
60
53
67
41
67
74
81
70
1
30
15
28
10
8
61
97
54
46
45
46
28
38
23
40
35
42
31
59
60
84
74
1
6
12
69
75
4
65
49
52
75
47
73
3
84
72
56
23
89
52
62
80
33
38
1
100
89
22
50
68
96
45
6
72
26
8
70
66
34
47
48
33
47
9
22
56
60
67
55
59
84
62
6
82
96
92
9
1
8
75
4
60
45
34
15
42
14
92
59
51
53
99
75
97
75
58
59
18
3
5
25
87
9
4
75
41
24
32
2
73
30
49
2
85
61
67
75
94
16
87
6
59
38
97
54
31
86
100
84
60
15
72
3
23
1
29
62
9
22
58
81
72
72
50
58
76
24
91
78
79
60
79
17
72
42
39
80
100
99
49
28
65
57
63
5
15
79
78
97
19
59
20
75
91
89
70
46
36
89
97
11
55
49
56
88
43
2
98
65
97
8
29
7
17
46
44
82
81
39
33
23
96
15
84
7
95
67
28
73
29
53
69
68
21
21
2
61
89
92
30
75
62
62
27
29
37
30
14
71
64
20
43
51
34
88
45
21
79
9
24
68
79
46
64
20
82
86
83
37
24
36
94
34
81
44
89
33
55
91
13
12
37
96
18
99
35
42
81
95
32
98
74
78
29
89
56
45
13
98
57
93
57
70
6
24
8
73
51
60
44
22
57
94
57
36
7
35
53
9
62
1
10
40
31
28
10
88
43
81
44
47
20
87
15
100
89
55
33
51
24
73
67
28
18
47
86
88
47
3
53
9
60
77
90
34
77
3
87
96
18
18
29
43
42
85
86
65
7
71
73
86
61
74
56
37
85
32
24
11
46
59
22
45
29
99
90
42
1
17
3
82
33
90
72
20
77
58
45
14
63
75
12
98
98
18
6
44
43
62
44
46
39
15
28
72
2
1
73
9
26
93
12
50
92
46
50
4
69
43
33
9
93
45
46
48
80
52
39
52
6
97
92
90
13
42
80
30
33
82
28
6
79
89
76
40
31
18
85
42
6
95
88
47
4
35
67
98
39
45
62
78
55
35
6
97
33
87
14
48
29
49
99
16
75
32
82
87
11
64
44
30
49
23
87
99
42
7
47
80
59
63
57
73
8
25
20
73
39
1
96
46
82
34
41
18
54
100
68
46
12
88
63
33
21
1
31
98
48
48
10
52
19
33
1
76
20
19
31
88
62
94
5
91
69
16
43
35
41
94
20
72
73
17
18
96
13
61
31
36
43
57
19
33
93
29
27
6
40
98
66
44
32
84
63
72
75
75
54
1
40
60
18
71
33
23
42
96
4
97
91
33
71
74
5
86
7
50
92
81
77
80
57
85
37
15
51
94
26
41
91
52
28
30
63
39
54
84
42
82
10
51
66
65
62
68
15
54
38
8
70
38
18
41
36
15
58
77
89
97
43
86
26
39
50
40
31
79
60
81
5
59
35
45
15
3
15
87
78
50
63
38
49
74
44
56
95
32
34
53
66
55
67
58
65
92
87
72
75
85
10
47
9
85
19
17
4
35
57
86
25
47
5
18
57
55
84
78
23
28
43
71
24
15
58
57
51
93
80
50
43
75
73
17
79
64
2
9
94
17
50
10
24
25
49
65
5
37
27
14
92
61
85
53
6
47
66
83
62
44
2
5
35
55
43
58
60
20
36
4
70
42
22
52
23
52
62
72
30
21
20
29
92
98
57
63
5
53
46
44
91
95
27
67
96
11
2
25
2
51
36
15
37
33
31
65
51
0 5
0 1012
0 1382
1 485
2 1711
3 288
3 1318
3 1498
3 1782
4 162
4 1281
5 71
5 1142
5 1192
6 302
6 1649
7 549
7 556
7 576
7 606
7 1071
8 106
9 191
9 1839
10 1038
10 1562
10 1564
11 342
11 426
11 934
12 1114
13 104
13 854
14 637
14 1657
15 1235
15 1492
16 372
16 1175
16 1427
17 226
17 1180
17 1395
18 197
18 1493
18 1814
19 1573
20 527
20 621
21 714
21 1269
21 1416
21 1968
22 454
22 758
22 1999
23 35
23 770
23 939
25 344
26 1996
27 1013
27 1121
27 1836
28 484
28 733
28 839
28 1393
28 1654
28 1665
29 718
29 1430
29 1431
29 1505
30 124
30 850
30 1520
30 1631
30 1637
31 950
31 1417
31 1940
32 926
33 558
33 1386
33 1570
33 1830
34 796
35 361
35 1222
35 1588
37 40
37 974
37 1236
37 1243
37 1843
38 264
38 1208
39 1777
40 222
40 706
40 1503
40 1668
41 130
41 454
41 688
42 443
42 468
42 1086
42 1523
43 179
43 981
43 1065
44 529
44 613
44 943
44 1086
44 1934
45 183
45 876
45 1367
45 1688
46 135
46 554
46 1270
46 1486
47 1690
48 1340
48 1558
49 193
49 1728
50 780
50 863
50 1721
50 1910
51 585
51 984
51 1990
52 370
52 1653
53 146
53 183
53 480
53 830
54 760
54 1754
55 374
55 617
55 895
55 938
55 1022
55 1032
55 1305
56 1107
57 526
57 566
57 884
57 1174
57 1846
58 188
58 1087
58 1573
58 1809
59 410
59 914
59 1370
59 1570
59 1744
60 246
60 1351
60 1361
60 1745
61 113
61 597
61 667
61 1714
61 1837
62 387
62 655
62 1543
63 252
63 522
63 967
63 1059
63 1306
63 1919
64 181
64 347
64 424
65 150
65 162
65 341
65 652
65 750
66 143
67 252
67 1879
68 373
68 1225
68 1484
69 405
69 450
69 711
69 816
69 885
69 1117
69 1271
69 1872
70 198
70 1038
70 1421
70 1467
70 1879
70 1998
71 723
71 1751
72 1006
72 1656
72 1780
73 418
73 872
73 1914
74 133
74 497
74 1086
74 1726
74 1795
74 1884
75 1629
76 789
76 1248
76 1700
77 715
77 1219
77 1957
78 488
78 1069
78 1138
78 1567
79 495
79 595
79 726
79 1389
79 1628
80 237
80 454
80 577
80 1138
82 176
82 740
82 1098
82 1195
83 970
83 1820
84 1764
84 1772
85 861
85 1476
86 1732
88 698
88 1730
89 957
89 1684
89 1777
90 148
90 603
90 830
90 1020
91 615
91 815
92 276
92 459
92 588
92 782
92 1428
92 1466
92 1777
92 1851
93 1189
94 1549
95 302
95 694
95 1229
95 1809
95 1942
96 419
96 1508
96 1917
97 210
97 293
97 363
97 615
97 945
97 1944
98 465
99 744
99 1437
99 1826
100 1488
100 1944
101 959
101 1472
102 173
102 622
102 731
102 1756
102 1801
103 142
103 761
103 921
104 1162
105 783
105 879
105 1425
105 1650
105 1657
105 1667
105 1987
106 469
106 508
106 956
106 1284
106 1331
106 1539
107 269
107 396
107 602
107 891
107 1787
108 581
108 975
108 1401
108 1528
110 645
110 1407
111 243
111 416
111 1486
111 1579
112 1294
112 1610
113 1196
113 1605
114 401
114 1121
114 1156
114 1322
114 1979
115 270
115 1334
116 207
116 1009
116 1304
116 1443
116 1471
117 431
117 1301
117 1309
118 1030
118 1468
118 1782
118 1843
118 1974
119 216
119 882
119 1172
119 1174
120 364
120 1508
121 224
121 955
121 1765
122 884
122 1960
123 333
123 1891
123 1927
124 213
124 650
124 1083
124 1373
124 1491
124 1977
124 1996
125 613
125 913
126 343
126 1377
127 808
127 857
128 192
128 616
128 1474
129 886
129 895
130 1067
131 194
131 1801
132 310
132 995
132 1059
133 362
133 691
133 1024
133 1631
133 1819
134 292
134 748
134 955
134 1016
134 1312
135 486
135 1595
136 215
136 707
137 856
138 1110
138 1554
139 276
139 467
139 1312
139 1747
140 168
141 566
141 1295
142 370
142 1265
143 670
143 1012
144 684
144 1752
145 456
146 222
146 324
147 290
147 592
147 967
147 1477
148 305
148 375
148 1327
148 1363
148 1877
150 219
150 336
150 844
150 1536
150 1974
151 759
151 761
151 1857
152 225
152 550
152 1581
153 1065
153 1352
154 1818
155 429
155 484
155 785
155 1738
156 945
156 970
157 884
158 396
158 508
158 769
158 1143
159 358
159 388
160 377
160 827
160 1457
160 1608
161 645
161 961
161 1218
162 235
162 1255
162 1878
163 1411
164 1493
164 1616
164 1868
165 1305
166 762
166 891
167 630
167 1696
169 934
169 960
170 775
170 1485
170 1686
170 1749
171 462
171 733
171 1005
171 1093
171 1701
172 548
172 1320
172 1626
173 1289
173 1698
174 738
174 1985
175 1834
175 1842
175 1876
176 365
176 618
176 1016
176 1396
177 256
177 773
178 641
178 779
178 805
178 942
179 1295
180 204
180 275
180 285
180 1515
180 1607
181 217
181 926
182 338
182 1457
183 1822
184 1442
185 848
185 1377
185 1911
186 496
186 1067
186 1593
187 1271
188 675
188 770
188 1320
189 466
189 1016
189 1305
189 1788
190 523
190 952
190 1680
190 1988
191 393
192 1230
192 1766
193 314
193 515
193 1216
193 1538
193 1718
194 330
194 649
194 989
194 1078
195 653
195 1085
195 1216
195 1665
195 1781
196 253
196 1371
196 1715
197 906
197 1889
198 414
198 1513
199 312
199 778
199 917
199 1931
201 1153
201 1899
202 1056
202 1350
202 1800
203 1204
203 1728
204 1005
204 1140
205 650
206 781
206 1210
206 1261
206 1302
206 1938
207 436
207 1072
207 1150
208 386
208 1912
209 786
209 905
209 1349
209 1495
210 714
210 919
210 973
210 1164
211 741
211 880
211 1005
211 1061
211 1679
212 1822
213 434
213 651
213 678
213 854
215 281
215 820
215 1357
215 1370
215 1611
217 1759
218 652
218 923
219 461
219 1460
219 1641
219 1896
222 669
222 751
222 1299
223 281
223 590
223 1567
224 547
224 799
224 1498
225 1401
225 1935
226 413
226 1162
226 1798
227 647
227 755
227 1356
228 1676
229 1034
229 1073
229 1212
229 1816
230 1007
230 1498
230 1600
230 1812
232 300
232 797
232 1258
233 1445
233 1755
234 861
234 1914
235 373
236 1304
236 1889
238 1003
238 1711
239 309
239 1360
239 1978
240 874
240 1153
240 1889
241 620
241 1118
241 1203
241 1635
241 1984
242 401
242 1310
242 1986
243 1127
243 1601
243 1703
244 698
244 856
245 1272
246 634
246 1018
248 655
248 1835
248 1866
249 391
249 908
249 1619
249 1928
250 259
250 963
250 976
250 1560
251 640
251 1430
253 501
253 1389
254 287
255 628
255 1374
255 1426
255 1485
255 1732
256 1512
256 1910
257 744
257 1298
257 1767
258 671
259 996
259 1217
259 1757
259 1840
259 1992
260 975
260 1227
261 885
261 1239
261 1333
262 492
262 1739
262 1888
263 1351
263 1355
263 1452
263 1993
264 843
264 1492
265 985
265 1853
265 1919
266 292
266 1853
266 1866
267 804
268 487
268 651
268 667
268 853
268 952
270 947
271 455
271 1614
273 1586
274 878
274 948
274 1899
274 1944
274 1982
275 806
275 1371
276 294
277 462
277 1001
278 1419
278 1492
278 1685
279 1088
279 1315
280 418
280 1426
280 1468
280 1630
281 471
281 1512
282 328
282 914
282 1193
282 1579
283 501
283 1050
284 1676
285 1532
286 554
288 1069
289 405
289 1004
289 1847
290 1296
290 1984
291 1788
291 1886
292 303
292 835
292 1180
292 1522
293 1387
293 1391
293 1798
294 431
294 568
294 795
294 1402
294 1517
294 1610
294 1753
295 1131
295 1946
296 314
296 648
296 755
296 1509
297 1050
297 1352
297 1479
298 625
299 647
299 1107
299 1546
299 1666
299 1978
300 613
300 896
300 1279
300 1315
301 595
301 928
301 1824
302 915
302 1515
303 1284
304 1420
304 1502
304 1601
304 1676
304 1863
305 691
305 1094
306 533
306 1536
306 1562
306 1708
307 750
307 1129
308 577
308 1143
308 1204
308 1210
308 1714
309 1811
310 756
311 1256
311 1476
311 1625
312 1544
312 1638
312 1784
313 340
313 1718
313 1724
313 1784
314 615
314 1194
314 1260
314 1504
315 1130
315 1636
316 353
316 827
316 1345
317 1208
317 1371
318 507
318 1017
318 1897
318 1907
319 857
319 1093
320 940
320 1111
320 1172
321 1332
321 1735
322 834
323 728
323 1078
323 1657
324 1133
325 1275
325 1361
326 465
326 586
327 597
327 823
328 510
328 1890
330 633
330 688
330 1768
331 701
331 1721
332 893
332 1257
332 1564
333 705
334 781
335 676
335 1606
335 1701
335 1987
336 410
337 600
337 793
337 1153
337 1180
337 1608
338 1925
339 1649
340 786
340 1342
340 1435
341 736
341 828
341 1106
341 1429
342 523
342 1818
342 1870
343 1949
344 404
344 1930
345 1944
346 1449
347 1011
347 1764
348 758
348 1964
349 1590
349 1949
350 1424
350 1538
350 1597
350 1624
350 1938
351 448
351 671
351 1374
352 679
352 811
352 1377
352 1751
352 1918
353 1805
354 608
355 1214
355 1957
356 731
356 1340
356 1450
356 1854
357 1307
358 1535
358 1965
359 465
359 949
359 1663
361 1700
362 451
362 794
362 1076
362 1984
363 1034
363 1276
363 1915
363 1983
364 1346
365 432
365 529
365 1106
365 1562
366 1190
366 1550
367 592
367 1174
368 390
369 1541
369 1668
370 1128
370 1208
370 1680
370 1690
372 433
372 778
372 856
372 1283
372 1649
373 450
374 629
374 778
374 1283
375 830
375 839
375 952
375 1071
375 1827
375 1986
376 1154
376 1744
377 909
377 1243
378 994
378 1311
378 1463
378 1540
378 1610
380 1334
381 770
381 909
381 1246
382 1854
384 1752
385 1058
385 1118
386 1414
386 1757
389 499
389 678
389 844
390 1303
390 1335
391 612
391 1645
392 445
392 942
392 1588
392 1689
393 1289
393 1353
394 648
394 1084
394 1379
394 1479
395 423
395 887
395 898
395 1715
396 1095
396 1235
396 1993
397 458
397 508
397 1641
398 1457
398 1909
399 969
401 501
401 707
401 809
402 1926
403 1901
404 1777
405 664
405 809
405 973
405 1266
405 1438
406 671
406 1145
406 1894
407 531
407 706
407 767
407 785
407 1284
408 657
408 1835
411 757
411 1149
412 698
412 1665
413 593
413 1485
413 1858
414 593
414 1578
414 1861
415 514
415 657
415 777
415 787
415 1900
416 544
416 1323
416 1366
418 588
418 1467
419 559
419 980
419 1492
419 1886
420 474
420 716
420 730
420 1096
420 1634
420 1994
421 765
421 1142
421 1861
422 1583
423 618
423 1019
424 648
424 890
424 1379
424 1608
424 1946
425 537
425 564
425 1136
426 1788
429 1403
430 956
430 1192
430 1611
430 1662
431 1333
431 1365
432 903
432 1191
432 1574
432 1777
432 1827
433 697
433 949
434 481
434 599
434 605
434 1209
434 1361
434 1828
435 565
435 671
435 987
435 1026
436 456
436 805
436 1295
437 1577
437 1699
438 1633
438 1861
439 1406
439 1714
440 1265
440 1679
441 482
441 530
441 1444
442 1025
442 1366
442 1702
443 1588
444 649
444 1812
444 1878
445 1642
445 1973
446 501
446 1930
447 496
447 504
447 943
447 1054
447 1147
447 1546
448 483
448 857
449 1407
450 588
450 844
450 1904
451 521
451 1057
451 1333
452 1788
452 1960
453 940
453 1573
454 1506
454 1529
454 1796
455 857
455 1309
455 1884
457 1044
457 1228
458 979
458 1612
458 1893
459 1133
459 1462
460 992
461 1049
461 1230
461 1498
462 645
462 1081
462 1918
463 625
463 760
463 1041
463 1071
463 1244
465 1552
466 655
466 726
466 1201
466 1879
467 470
469 605
469 964
469 1486
469 1880
470 751
470 780
471 639
472 815
472 865
472 1069
472 1325
472 1416
473 814
473 1440
473 1944
474 492
474 573
474 1509
474 1540
475 845
475 1980
476 505
476 803
477 607
478 1369
478 1571
479 701
479 1207
480 1466
480 1529
481 593
481 1458
481 1907
482 749
482 1102
482 1528
483 1327
483 1393
484 1225
484 1252
484 1256
485 1258
485 1955
486 963
486 1752
488 745
488 1034
488 1186
489 1360
489 1448
489 1598
490 816
490 1275
490 1475
491 667
491 900
491 1417
491 1458
492 939
492 1159
492 1347
493 1184
493 1457
494 510
494 540
494 774
495 731
495 1600
495 1943
496 811
497 935
497 1463
498 699
498 752
498 1070
498 1338
498 1957
500 927
500 1994
501 816
501 1392
502 1561
503 1316
503 1450
503 1636
503 1930
504 618
504 961
505 530
505 978
505 1027
505 1439
506 632
506 1542
506 1641
507 686
508 704
508 723
508 1029
509 531
509 1520
509 1657
509 1863
510 965
510 1783
511 607
511 948
512 741
512 794
513 877
513 1396
514 788
514 1210
516 954
516 1194
516 1545
517 602
517 1400
519 1427
520 1479
521 876
521 1134
521 1464
521 1472
521 1736
521 1946
522 1409
523 734
524 896
524 1332
524 1396
525 898
525 1227
525 1436
525 1754
525 1802
526 620
526 1160
526 1567
527 1623
528 975
528 1098
528 1586
528 1921
529 675
529 1851
530 1975
532 1168
532 1187
532 1264
533 1266
533 1805
533 1844
534 580
534 1016
534 1125
535 928
535 1157
535 1285
535 1302
536 775
537 559
537 577
537 1648
538 1008
538 1342
538 1557
539 769
539 1131
539 1433
540 772
540 1092
540 1758
540 1959
540 1985
541 574
541 851
541 1431
541 1667
541 1769
541 1979
542 588
542 675
542 1530
542 1765
543 1746
543 1910
545 1570
546 681
546 683
546 841
546 1151
546 1356
546 1781
547 926
548 564
548 1924
549 1651
551 735
551 1371
551 1527
551 1951
552 1181
552 1596
552 1625
552 1798
553 1499
554 565
554 1665
555 1008
555 1642
556 636
556 1235
556 1331
556 1961
557 1219
558 1150
558 1589
559 979
559 1301
560 612
560 675
560 1589
560 1605
560 1735
561 1337
562 603
562 697
562 1177
563 1012
564 1624
564 1639
564 1668
564 1748
565 846
565 1893
566 1381
567 644
567 1588
567 1589
567 1834
568 967
568 1025
568 1643
568 1676
569 1164
570 965
570 1419
570 1610
570 1633
570 1795
571 1047
571 1358
571 1597
571 1680
572 1380
573 753
574 695
574 785
574 1257
574 1959
576 1035
576 1236
576 1328
576 1627
577 637
577 1422
577 1568
577 1835
581 1323
581 1485
582 785
582 1140
582 1884
583 816
583 1871
584 1133
584 1310
584 1523
584 1747
585 702
585 937
585 1274
585 1399
585 1739
586 653
586 855
587 779
587 817
587 837
587 990
587 1696
588 1687
590 622
592 1459
593 834
593 946
593 1024
593 1188
594 822
594 1066
594 1789
595 745
595 1130
595 1505
595 1521
596 1144
596 1990
597 702
597 1147
597 1288
597 1372
598 803
598 1188
599 1424
600 977
601 1018
602 1030
604 614
604 725
604 1507
605 1223
605 1334
605 1702
606 1333
607 1257
607 1770
608 640
608 1233
608 1256
608 1998
609 1139
610 1850
610 1922
612 924
612 1172
612 1447
613 956
613 1165
613 1443
613 1459
614 1357
615 621
615 1610
616 1236
617 674
617 1200
617 1301
617 1464
617 1526
618 1477
618 1807
618 1824
618 1929
619 1376
619 1388
619 1711
620 1034
620 1303
620 1724
621 1427
622 942
622 1519
624 1202
624 1232
624 1669
625 1045
625 1774
625 1902
626 831
626 1528
627 800
627 877
627 1039
627 1543
627 1711
627 1935
628 722
628 888
628 1986
629 1033
629 1152
631 710
631 1079
632 841
633 852
633 1191
634 1104
635 1195
635 1484
635 1584
636 957
636 1515
636 1949
638 1678
638 1931
639 779
639 948
639 975
639 1109
640 1387
640 1461
640 1750
640 1877
641 792
642 1723
642 1878
643 1421
644 1124
644 1257
644 1759
645 685
645 1112
645 1532
645 1581
646 1025
647 848
647 1776
648 864
648 1549
648 1767
649 722
649 832
650 1874
653 1303
653 1762
654 1758
655 958
655 1360
655 1831
655 1887
656 1512
657 1055
658 958
658 1118
658 1513
659 837
659 1993
660 1054
660 1463
661 937
662 1652
663 1353
663 1442
663 1835
664 1505
665 1361
665 1925
666 780
666 1595
668 867
668 1745
668 1786
669 1008
669 1461
670 716
670 943
670 1325
670 1472
670 1651
671 738
671 946
671 1601
672 1306
672 1585
674 1165
675 728
675 1574
675 1608
675 1746
675 1897
676 1029
677 1152
678 1980
680 1094
680 1287
681 1232
681 1716
681 1855
682 1539
683 1131
684 1666
684 1919
686 792
686 920
686 971
686 1015
686 1028
688 872
688 1310
688 1617
689 899
689 1286
689 1454
690 821
690 824
690 971
690 1091
692 1142
692 1780
692 1910
693 1241
693 1579
693 1843
694 1558
694 1635
695 1386
695 1442
696 708
696 860
696 1083
696 1553
697 1746
698 1054
698 1511
698 1820
698 1977
699 917
699 929
700 1058
701 864
701 1366
702 757
702 974
703 1638
703 1922
704 843
704 1958
707 1704
708 723
708 1797
708 1966
709 859
709 1013
709 1834
710 820
710 1847
711 1277
712 930
712 1544
713 1608
713 1632
713 1803
713 1978
714 1700
715 1549
716 1552
717 798
717 1279
717 1628
717 1778
718 1338
718 1636
719 1494
719 1590
719 1915
720 1504
721 953
721 1023
722 925
722 1085
722 1562
723 1311
723 1352
724 1531
725 1543
725 1825
725 1959
726 957
726 963
726 1383
726 1711
726 1853
727 1192
727 1432
727 1540
728 848
728 1094
728 1143
728 1284
728 1639
728 1787
730 1188
731 1108
731 1268
731 1671
732 883
732 950
732 1281
734 1165
734 1322
735 1154
735 1562
735 1572
736 925
736 1985
737 854
737 974
737 1311
738 1009
738 1539
738 1926
739 1383
739 1568
740 861
740 952
740 1017
741 1733
742 969
743 1211
744 849
745 1042
745 1587
745 1706
745 1990
746 1276
746 1944
746 1963
747 990
747 1667
747 1798
748 1349
749 968
750 769
750 1578
751 926
751 1587
751 1629
751 1826
752 1424
752 1495
752 1800
753 797
754 1977
757 936
759 1328
759 1751
760 1340
760 1490
760 1681
762 1011
762 1938
763 1099
764 1275
764 1305
766 1943
767 1489
768 1271
768 1445
769 889
769 1271
769 1584
769 1654
769 1816
770 1041
770 1042
771 884
772 964
772 1639
772 1897
773 1806
774 950
774 1347
774 1704
774 1895
776 1574
777 917
777 1477
778 929
779 1531
780 1156
782 1030
783 1359
786 1162
786 1586
786 1683
786 1977
788 1464
790 1301
790 1899
791 1513
791 1563
791 1842
792 922
792 932
793 824
793 930
794 799
794 1239
796 853
798 904
799 1197
800 1252
800 1861
800 1978
802 1083
803 943
804 903
804 1549
805 1140
805 1252
806 1479
806 1509
806 1796
808 852
808 1006
809 1924
810 1391
811 1409
812 1298
813 1963
816 853
816 1254
816 1967
817 1044
817 1762
817 1785
819 1015
820 1032
820 1378
820 1683
820 1863
822 1178
822 1722
823 842
823 1985
824 950
824 1489
824 1803
825 880
825 1250
826 1634
826 1707
827 1059
827 1098
828 1906
829 1267
829 1924
831 1122
832 1371
832 1963
833 1975
836 1116
836 1605
837 1116
838 1582
842 1187
843 1127
845 1117
845 1701
845 1771
846 1077
846 1459
846 1785
848 1351
848 1661
849 1779
849 1794
850 1608
850 1664
850 1761
851 932
851 1015
853 1360
853 1412
854 1257
854 1287
855 1058
855 1360
856 1176
856 1866
858 1072
858 1429
858 1931
858 1936
860 1088
862 1120
862 1205
862 1240
862 1379
862 1725
862 1852
862 1928
863 1325
863 1686
864 1144
865 1090
865 1732
866 1098
866 1160
866 1231
866 1321
866 1686
866 1729
866 1867
868 1742
870 1329
870 1424
871 1031
871 1057
871 1195
871 1437
871 1964
872 1668
872 1710
873 1514
873 1753
874 1604
875 1756
876 998
876 1086
876 1303
876 1580
877 1529
878 1051
878 1892
879 1320
879 1388
879 1696
880 1271
880 1865
881 1658
881 1856
882 1042
884 1233
884 1641
886 1203
887 1708
887 1978
888 898
888 1544
888 1707
888 1867
889 1196
889 1787
889 1932
891 1937
892 1835
892 1888
893 948
893 1410
894 1948
895 1185
895 1844
897 1174
898 973
898 1264
898 1916
899 1060
900 1302
900 1888
900 1899
901 1361
902 1853
903 1808
903 1965
904 987
904 1914
905 974
905 1306
905 1463
905 1572
907 1293
908 1520
908 1671
908 1755
909 1598
910 1144
910 1633
911 916
911 1543
911 1710
911 1761
912 1230
915 1794
916 1538
917 1001
917 1755
917 1944
918 959
918 1594
919 1688
920 1448
921 1077
921 1676
922 997
922 1002
922 1208
923 965
924 1504
924 1969
925 1146
925 1520
925 1968
926 1230
927 1877
927 1931
928 1071
928 1500
928 1667
929 1522
931 1158
931 1389
932 945
932 961
932 1318
932 1452
933 1126
933 1412
934 1201
934 1384
934 1429
934 1874
935 1354
935 1429
937 1253
938 1115
938 1553
939 1222
939 1519
941 1863
942 1384
943 965
944 1378
944 1447
944 1572
946 1017
947 994
947 1252
947 1343
948 1094
948 1117
948 1132
948 1330
949 1097
950 1873
952 1646
953 1957
954 1923
955 1002
955 1523
956 1583
957 1268
958 1412
959 963
959 1217
959 1411
959 1470
959 1499
959 1660
960 1192
960 1278
960 1368
960 1799
961 1258
961 1327
962 1143
962 1246
962 1465
962 1592
963 1213
963 1298
964 1831
965 1306
966 984
966 1258
967 1222
967 1820
967 1860
967 1928
968 1106
968 1670
968 1711
968 1866
968 1932
970 1657
971 1017
971 1562
972 1147
972 1551
972 1675
972 1923
973 1113
973 1393
973 1635
974 1435
974 1623
974 1917
975 1035
975 1741
976 1509
976 1663
976 1790
976 1984
977 1485
977 1954
978 1067
978 1361
979 1182
982 1457
983 1494
984 999
984 1679
984 1698
984 1742
984 1957
986 1699
987 1979
990 1045
990 1706
991 1428
991 1455
994 1671
994 1841
995 1162
995 1169
995 1717
996 1311
996 1524
996 1563
997 1035
997 1147
997 1554
997 1779
997 1949
998 1927
999 1716
999 1786
1000 1428
1000 1828
1001 1084
1001 1561
1001 1985
1002 1267
1002 1528
1004 1101
1004 1369
1005 1561
1006 1781
1007 1026
1007 1670
1007 1834
1007 1994
1008 1192
1008 1606
1008 1874
1009 1590
1010 1411
1011 1431
1011 1673
1012 1150
1012 1861
1013 1216
1013 1514
1014 1318
1014 1600
1014 1933
1014 1974
1016 1118
1016 1161
1017 1635
1017 1752
1017 1883
1019 1510
1020 1612
1020 1844
1022 1148
1022 1363
1022 1385
1022 1390
1023 1248
1023 1702
1026 1310
1026 1861
1027 1213
1027 1664
1029 1219
1030 1977
1031 1070
1032 1311
1033 1478
1033 1720
1034 1234
1034 1489
1036 1608
1038 1188
1039 1348
1040 1296
1041 1052
1041 1222
1041 1346
1041 1850
1042 1419
1042 1867
1044 1324
1044 1385
1044 1906
1045 1395
1045 1508
1045 1875
1046 1383
1048 1305
1050 1078
1052 1623
1053 1730
1054 1515
1056 1328
1056 1934
1057 1913
1058 1166
1058 1482
1059 1981
1060 1624
1061 1767
1062 1079
1062 1401
1062 1793
1062 1803
1062 1999
1063 1315
1064 1721
1064 1829
1065 1442
1066 1177
1066 1505
1067 1223
1068 1097
1068 1673
1070 1424
1070 1502
1070 1707
1071 1306
1071 1839
1072 1686
1073 1592
1073 1696
1073 1992
1076 1554
1078 1104
1078 1111
1078 1465
1079 1140
1079 1372
1080 1940
1081 1563
1081 1782
1082 1394
1084 1264
1085 1678
1085 1733
1085 1963
1086 1220
1087 1803
1089 1137
1089 1781
1089 1815
1089 1897
1090 1832
1091 1374
1091 1408
1091 1601
1092 1226
1092 1745
1093 1096
1093 1331
1094 1423
1095 1199
1096 1955
1098 1846
1099 1615
1100 1912
1100 1931
1101 1717
1101 1970
1102 1613
1102 1670
1104 1329
1105 1139
1105 1211
1105 1280
1107 1266
1108 1625
1108 1847
1108 1926
1108 1957
1109 1578
1109 1579
1110 1305
1110 1860
1111 1221
1111 1705
1112 1614
1113 1634
1114 1474
1114 1777
1117 1733
1118 1402
1119 1891
1119 1954
1124 1196
1124 1634
1124 1647
1125 1126
1125 1740
1125 1919
1126 1263
1126 1287
1126 1997
1127 1253
1127 1365
1128 1721
1130 1626
1131 1310
1131 1982
1132 1377
1132 1766
1132 1818
1133 1736
1134 1444
1137 1836
1138 1873
1139 1205
1139 1237
1139 1703
1140 1538
1141 1986
1142 1361
1142 1716
1143 1591
1143 1760
1144 1305
1146 1443
1146 1710
1146 1788
1146 1936
1147 1168
1147 1279
1148 1174
1149 1402
1150 1300
1152 1211
1152 1279
1152 1625
1152 1638
1152 1710
1154 1721
1156 1259
1157 1616
1157 1786
1157 1910
1158 1767
1160 1528
1160 1785
1160 1820
1161 1601
1162 1908
1163 1926
1165 1851
1167 1180
1167 1358
1167 1378
1169 1850
1174 1293
1175 1292
1175 1565
1176 1362
1179 1416
1179 1614
1179 1932
1180 1318
1180 1887
1181 1391
1181 1626
1181 1816
1182 1590
1186 1930
1187 1331
1187 1676
1188 1398
1188 1970
1189 1368
1189 1502
1190 1932
1190 1996
1192 1363
1194 1354
1194 1895
1195 1638
1197 1644
1200 1914
1200 1931
1201 1820
1203 1406
1204 1809
1206 1711
1207 1530
1207 1787
1210 1254
1211 1349
1213 1691
1214 1915
1215 1301
1215 1690
1215 1826
1215 1881
1216 1593
1216 1693
1216 1738
1216 1957
1217 1284
1217 1517
1217 1771
1218 1236
1218 1656
1219 1489
1221 1586
1223 1324
1225 1673
1227 1325
1227 1399
1230 1480
1230 1492
1230 1605
1231 1693
1231 1817
1233 1408
1233 1536
1233 1708
1235 1275
1235 1345
1237 1633
1237 1745
1238 1489
1238 1615
1238 1873
1238 1929
1238 1956
1240 1767
1241 1479
1242 1645
1243 1729
1244 1280
1244 1615
1245 1277
1245 1292
1246 1636
1247 1742
1248 1407
1248 1562
1250 1494
1250 1930
1251 1825
1252 1363
1254 1471
1257 1880
1258 1365
1258 1912
1259 1783
1260 1477
1260 1625
1260 1711
1260 1719
1261 1359
1263 1710
1263 1848
1263 1946
1264 1906
1265 1632
1266 1980
1268 1973
1271 1679
1273 1410
1273 1852
1274 1585
1274 1638
1274 1665
1276 1484
1277 1663
1277 1701
1278 1387
1278 1389
1278 1455
1278 1583
1279 1484
1279 1668
1280 1902
1281 1666
1285 1865
1286 1358
1286 1431
1286 1481
1288 1593
1289 1307
1289 1492
1289 1757
1289 1814
1290 1640
1290 1670
1292 1337
1292 1345
1292 1386
1292 1418
1293 1452
1294 1607
1294 1791
1296 1925
1297 1504
1299 1681
1300 1593
1303 1542
1303 1572
1303 1711
1304 1732
1305 1836
1306 1985
1307 1619
1308 1485
1309 1355
1310 1976
1313 1568
1315 1735
1316 1491
1316 1780
1317 1406
1317 1532
1317 1702
1317 1905
1318 1940
1319 1388
1320 1822
1321 1927
1322 1845
1322 1963
1324 1802
1326 1825
1327 1523
1327 1699
1327 1744
1327 1806
1329 1836
1330 1346
1330 1495
1330 1585
1330 1772
1332 1638
1332 1690
1335 1790
1336 1384
1337 1918
1337 1991
1340 1549
1343 1522
1347 1735
1349 1672
1350 1655
1350 1676
1351 1429
1352 1662
1353 1656
1354 1741
1355 1538
1356 1639
1356 1805
1357 1371
1358 1907
1359 1725
1360 1481
1360 1567
1361 1912
1362 1431
1364 1753
1364 1828
1366 1383
1366 1738
1367 1423
1369 1527
1370 1901
1371 1691
1372 1511
1372 1944
1372 1998
1373 1441
1374 1834
1377 1457
1377 1497
1378 1949
1378 1954
1380 1779
1382 1399
1384 1480
1385 1701
1385 1775
1385 1872
1387 1500
1389 1563
1391 1848
1392 1755
1392 1806
1395 1938
1396 1439
1396 1536
1397 1461
1398 1582
1398 1761
1399 1543
1400 1510
1401 1578
1401 1737
1401 1914
1404 1646
1406 1439
1407 1927
1408 1721
1408 1891
1409 1598
1409 1624
1409 1643
1410 1530
1412 1483
1412 1895
1417 1469
1419 1712
1419 1792
1419 1820
1422 1595
1422 1702
1422 1842
1423 1979
1424 1623
1425 1522
1425 1904
1426 1493
1426 1707
1427 1900
1428 1783
1433 1613
1433 1713
1434 1631
1435 1652
1443 1567
1443 1746
1444 1450
1444 1528
1445 1818
1447 1982
1450 1629
1450 1708
1450 1741
1451 1585
1454 1593
1454 1795
1454 1890
1455 1681
1456 1489
1456 1766
1459 1895
1460 1473
1460 1773
1466 1657
1467 1923
1472 1770
1474 1686
1475 1510
1475 1770
1475 1849
1477 1512
1479 1600
1482 1656
1483 1677
1486 1653
1491 1961
1496 1871
1501 1577
1502 1674
1502 1725
1507 1690
1507 1853
1508 1699
1508 1926
1509 1541
1509 1740
1515 1830
1516 1854
1517 1698
1518 1862
1522 1862
1523 1605
1526 1651
1527 1567
1528 1764
1528 1938
1533 1740
1533 1890
1536 1857
1538 1838
1539 1959
1542 1711
1544 1974
1545 1564
1546 1738
1546 1793
1547 1574
1547 1721
1547 1914
1548 1818
1548 1906
1549 1570
1549 1835
1550 1887
1550 1897
1555 1896
1557 1991
1558 1965
1560 1660
1566 1719
1568 1573
1574 1660
1576 1974
1578 1592
1579 1748
1580 1872
1584 1834
1587 1667
1587 1899
1590 1826
1597 1881
1599 1941
1600 1938
1601 1794
1605 1699
1609 1631
1609 1972
1610 1682
1612 1777
1613 1949
1614 1983
1616 1686
1616 1812
1616 1912
1618 1833
1624 1845
1626 1736
1626 1776
1626 1818
1626 1926
1626 1947
1629 1657
1633 1800
1635 1943
1641 1739
1646 1900
1646 1983
1647 1670
1651 1727
1653 1910
1656 1984
1658 1713
1658 1873
1660 1847
1661 1963
1668 1744
1670 1876
1673 1792
1676 1677
1677 1884
1682 1924
1686 1999
1691 1980
1691 1999
1698 1838
1699 1854
1706 1727
1710 1745
1711 1960
1712 1779
1719 1850
1720 1858
1721 1773
1723 1776
1728 1832
1729 1925
1737 1827
1743 1857
1744 1822
1747 1906
1748 1806
1758 1946
1764 1814
1764 1888
1765 1779
1765 1800
1766 1884
1767 1891
1768 1833
1773 1879
1773 1926
1776 1995
1781 1813
1781 1886
1782 1957
1785 1814
1786 1866
1786 1935
1790 1841
1791 1824
1797 1893
1799 1892
1804 1872
1806 1913
1811 1833
1814 1980
1818 1821
1821 1973
1825 1930
1831 1910
1834 1893
1838 1925
1839 1959
1841 1868
1846 1879
1846 1961
1847 1904
1850 1855
1850 1896
1856 1881
1873 1973
1878 1940
1890 1971
1891 1987
1904 1934
1905 1962
1908 1970
1913 1969
1918 1937
1922 1958
1924 1947
1931 1966
1952 1957
