2000 3047
50
52
1
56
100
85
87
56
19
44
9
30
56
73
12
25
83
49
17
29
76
92
25
32
69
91
59
96
66
64
58
40
88
93
81
42
59
14
87
86
61
33
36
87
50
29
19
96
99
71
3
84
46
80
31
85
94
91
17
65
48
80
25
81
79
30
65
42
57
77
25
28
81
60
63
2
55
10
29
93
93
47
31
59
19
17
66
49
64
85
94
17
13
10
45
54
12
71
86
21
61
59
1
4
8
16
82
84
50
74
20
50
41
52
32
11
81
41
45
23
48
43
20
7
51
2
58
1
52
34
22
97
58
65
13
4
57
28
41
13
11
61
6
50
29
85
48
2
41
51
48
92
76
41
73
40
90
12
74
84
99
60
30
59
28
24
66
17
95
90
88
37
55
78
56
100
44
56
97
98
72
3
88
66
16
85
58
48
44
26
82
64
11
43
50
71
40
24
11
15
82
86
95
5
82
19
53
14
56
91
40
26
74
19
14
52
48
96
10
26
51
59
36
87
56
46
47
68
60
99
97
4
52
74
84
20
47
38
91
6
85
16
68
56
60
28
77
38
46
23
1
38
75
8
72
94
30
44
11
40
21
54
83
82
56
50
67
62
46
45
25
85
100
58
98
63
75
16
21
77
73
77
50
71
37
25
79
55
66
49
52
33
9
7
55
8
80
53
58
74
100
30
54
75
29
72
40
34
98
85
63
13
18
5
28
19
22
37
58
36
6
68
65
98
67
37
14
7
39
56
91
87
86
95
35
49
47
10
15
4
45
6
93
8
61
75
67
24
13
47
49
70
78
28
18
64
76
99
58
31
43
54
34
43
41
60
59
2
63
54
93
56
33
39
58
43
1
100
98
64
52
47
38
82
35
1
56
8
38
95
11
20
70
88
35
51
7
52
8
49
21
20
57
46
81
83
44
30
95
93
7
84
60
90
23
92
92
9
64
36
98
73
19
86
18
99
28
44
97
1
49
83
26
94
100
82
92
9
53
52
49
61
36
35
28
54
41
31
40
50
37
77
14
52
70
96
53
48
47
30
37
56
7
99
63
89
53
99
34
29
69
74
45
1
68
38
58
36
39
13
86
67
70
96
57
84
80
26
17
94
63
9
45
4
72
8
100
64
83
51
51
23
44
26
89
68
98
17
60
25
52
33
4
15
96
36
8
19
12
61
87
25
20
54
36
63
28
75
77
2
46
43
51
91
75
16
41
30
38
79
12
40
16
44
40
98
11
21
40
8
43
70
23
75
10
79
49
24
37
22
87
100
33
70
24
41
45
6
97
64
10
96
94
16
79
40
26
69
53
52
73
16
53
84
10
46
49
10
76
93
61
3
94
37
8
1
33
14
51
35
72
5
83
9
88
5
91
69
10
81
43
27
68
50
34
25
70
48
61
81
27
25
50
90
53
32
6
63
97
82
70
53
62
47
81
51
60
53
57
29
87
28
75
5
9
97
52
7
88
41
11
45
61
21
6
45
50
35
78
26
89
43
50
2
32
34
98
88
70
49
35
37
55
6
57
66
48
26
88
23
17
35
93
81
87
48
34
67
45
72
76
12
86
76
80
24
49
71
47
11
40
4
72
10
5
10
41
56
27
81
96
25
18
96
79
99
4
47
68
73
32
73
4
38
32
38
60
26
24
76
62
66
80
47
98
87
78
6
95
55
87
44
42
35
1
59
55
42
98
82
29
2
61
46
77
17
100
24
100
27
55
87
99
12
11
68
13
4
82
11
40
4
60
13
100
81
97
81
91
46
35
97
5
3
25
92
56
52
95
74
99
86
74
81
3
73
66
77
20
61
97
60
98
72
33
29
4
16
100
44
94
14
56
85
60
44
91
78
77
37
43
25
55
48
57
48
35
22
82
83
95
36
84
24
32
60
89
42
74
36
58
85
82
98
29
16
80
73
23
1
15
8
94
93
59
21
38
18
79
31
47
40
88
96
95
49
59
74
89
7
81
83
9
53
9
80
63
2
88
54
95
31
2
52
16
35
91
40
42
12
73
73
32
90
82
100
54
6
25
46
70
69
35
66
73
71
49
47
20
49
85
58
38
21
44
99
92
34
89
74
41
76
9
91
67
73
99
1
7
60
57
83
31
78
22
65
92
56
1
45
59
87
46
83
43
90
80
24
22
81
68
4
95
46
88
39
2
20
47
99
59
27
61
77
18
54
61
2
23
28
16
59
46
98
94
96
47
45
100
33
38
19
96
8
74
98
79
81
9
87
76
9
42
23
64
79
42
32
72
99
93
48
31
36
58
96
12
31
14
20
41
5
16
95
17
25
75
27
24
60
74
10
99
69
47
66
19
85
57
67
77
46
62
80
31
69
86
6
21
61
30
62
79
94
96
50
76
17
58
56
11
93
5
82
51
45
38
13
58
55
56
32
64
19
95
36
79
48
13
69
62
85
55
61
61
74
27
52
96
22
27
95
77
28
20
62
47
73
42
4
98
91
85
86
28
4
51
58
68
69
36
50
54
86
88
10
37
35
5
26
97
39
17
40
31
93
1
62
46
46
1
15
36
14
34
38
91
34
32
90
58
54
8
60
28
50
84
68
98
45
96
60
25
74
11
71
94
74
86
72
45
17
35
24
38
72
8
68
43
12
49
33
94
97
56
95
53
88
47
91
78
85
80
75
15
94
45
57
50
54
46
51
1
39
98
25
7
97
96
14
80
56
5
25
69
71
40
9
69
8
36
87
48
30
92
35
36
47
39
70
93
69
52
7
32
85
3
29
27
96
87
79
58
18
17
45
50
77
70
28
58
44
95
79
49
1
98
22
20
39
16
86
62
24
75
81
98
7
71
24
19
41
76
10
41
20
84
33
45
5
73
100
68
14
64
92
6
34
46
89
53
59
46
40
82
54
41
64
77
36
20
99
46
42
27
78
27
98
20
13
75
91
62
69
61
1
58
87
43
36
59
90
75
71
50
11
64
82
51
14
24
99
32
31
87
5
13
21
25
49
60
39
23
15
27
9
6
54
82
85
92
29
84
8
28
56
19
90
51
33
61
78
36
48
76
34
41
79
13
18
23
89
62
5
7
76
47
52
61
21
16
12
22
2
9
60
10
55
27
41
87
16
28
32
51
99
6
98
14
98
98
86
1
9
43
45
14
38
73
6
54
1
53
91
77
9
49
73
3
73
14
44
8
10
20
25
87
47
78
77
6
25
28
68
40
61
48
89
58
57
36
83
15
97
18
21
79
27
53
8
21
93
57
28
19
4
79
26
37
16
72
95
70
95
70
92
24
16
66
81
43
97
36
47
54
39
51
52
94
21
48
48
37
26
54
28
91
48
11
82
58
51
68
31
50
91
98
70
45
61
88
92
39
10
14
13
20
53
71
7
80
39
28
31
60
85
87
80
84
19
94
83
87
35
89
75
93
37
62
70
3
16
14
68
58
41
81
58
48
32
14
95
69
91
7
31
77
20
25
58
68
27
28
1
8
37
26
18
45
59
57
92
30
96
51
90
13
26
40
34
2
89
87
24
76
17
31
43
31
75
7
56
50
19
32
41
97
90
54
85
57
42
43
30
23
78
68
43
10
10
37
64
71
13
33
74
90
19
47
7
5
99
3
78
53
8
96
71
78
46
1
69
48
36
23
9
26
44
82
79
26
93
62
8
89
6
72
28
72
99
42
68
73
28
48
41
56
71
52
87
50
89
52
51
3
96
91
26
1
66
77
41
74
72
67
49
6
56
47
84
58
86
51
90
23
68
71
12
54
3
92
97
65
14
94
41
54
100
71
79
55
16
45
33
97
14
40
98
88
1
15
32
62
76
30
29
42
71
90
60
73
42
90
7
37
3
2
99
90
64
60
64
9
85
45
67
27
18
82
55
85
76
47
9
35
24
64
13
26
97
84
48
22
86
29
38
64
46
10
51
70
87
36
66
2
43
21
1
54
70
13
83
27
90
5
74
85
66
97
5
92
78
73
98
90
31
52
60
90
51
18
5
8
92
32
55
17
68
7
28
50
96
47
29
40
81
89
21
77
92
3
3
71
10
41
21
33
8
74
64
97
100
75
50
35
35
47
91
64
92
19
25
7
36
18
49
24
72
65
11
52
11
7
42
69
84
29
4
92
53
11
27
97
66
81
40
38
72
100
96
77
64
1
83
1
92
4
89
100
3
6
33
66
69
41
63
4
38
84
72
8
64
54
85
75
84
79
22
90
30
76
17
86
5
79
57
56
1
29
80
71
98
85
27
46
10
63
71
90
40
56
7
14
84
88
44
33
32
70
90
86
38
91
59
99
28
2
99
45
21
60
16
66
52
45
22
44
44
39
33
95
80
71
53
2
40
50
90
29
6
11
66
12
83
19
38
48
95
6
76
1
2
44
73
79
17
87
16
68
23
24
23
13
42
99
73
82
43
11
51
51
43
61
59
88
77
74
67
64
6
14
49
87
81
68
12
55
70
96
75
8
65
31
21
28
31
43
52
23
29
99
94
18
91
14
96
53
49
38
36
99
60
24
8
99
87
86
50
56
10
0 486
0 655
0 730
0 941
0 1404
0 1922
1 1798
2 685
3 351
3 728
3 1877
4 1221
4 1306
4 1546
5 36
7 915
8 338
8 771
8 967
9 147
9 872
9 1056
9 1930
9 1940
10 1273
10 1661
11 1449
11 1472
12 396
12 909
12 1792
12 1998
13 347
13 1085
13 1341
13 1472
13 1985
14 277
14 1654
15 894
15 1534
15 1677
16 1570
17 993
17 1037
18 369
18 462
18 761
18 1132
19 267
19 281
19 684
19 976
19 1167
19 1392
20 645
20 667
20 885
20 1582
21 225
21 1645
21 1775
22 238
22 1563
22 1803
23 43
23 460
23 877
23 924
23 994
23 1954
24 109
24 140
24 173
24 1345
25 82
25 558
25 932
25 1070
25 1299
25 1969
26 795
26 880
26 1173
26 1640
26 1963
27 1248
27 1382
27 1634
27 1640
28 355
28 999
28 1621
29 112
29 1356
29 1440
29 1532
29 1660
30 875
30 1128
31 1033
31 1723
31 1895
32 504
32 842
33 728
33 787
33 1686
34 411
34 447
35 1999
36 1298
36 1623
36 1698
36 1872
37 169
37 344
37 1362
37 1860
38 679
38 766
38 1227
38 1719
39 1073
40 585
40 1024
40 1728
41 86
41 499
41 588
41 1588
41 1960
42 614
42 1393
42 1502
43 1930
44 353
44 1585
45 534
45 1630
46 691
46 827
46 937
46 1401
47 776
47 1022
47 1273
47 1590
48 426
48 691
48 840
48 1090
48 1183
48 1717
48 1849
49 200
49 990
49 1215
49 1654
50 449
50 797
50 826
50 987
51 518
51 900
51 1091
51 1449
51 1544
51 1668
51 1948
52 990
52 1321
52 1987
53 435
54 964
54 1292
55 737
56 90
56 184
56 316
57 1103
57 1197
57 1879
58 146
58 368
59 953
59 1581
59 1891
59 1968
60 85
60 1460
61 89
61 273
61 740
62 728
62 899
62 1363
62 1534
62 1612
63 217
63 718
63 837
63 1829
65 198
65 213
65 1861
66 837
66 987
66 1655
67 1103
68 209
68 488
69 539
69 1529
70 394
70 604
70 1142
71 265
71 1386
71 1708
72 522
72 1714
72 1782
73 1063
73 1165
73 1911
74 1806
75 1169
75 1346
76 101
76 147
76 997
76 1444
77 721
77 968
78 265
79 175
79 868
79 869
79 1101
80 298
80 1112
81 239
81 411
81 1064
81 1133
81 1221
81 1315
81 1567
82 934
82 1458
83 313
83 359
83 811
83 1102
83 1458
84 399
84 617
84 632
85 208
85 903
86 708
86 1188
87 279
87 1449
88 626
88 1255
88 1961
89 1031
89 1032
89 1507
90 103
90 185
90 333
90 1338
90 1372
90 1655
90 1780
90 1944
91 327
92 758
92 962
92 1073
92 1103
92 1170
92 1333
92 1585
93 895
93 995
93 1177
94 99
94 142
94 699
94 1795
96 466
96 735
96 1024
96 1035
96 1508
96 1725
97 841
97 1048
98 526
99 147
99 1417
100 1290
100 1384
101 768
102 663
102 1759
102 1876
103 910
103 1345
104 1179
104 1548
105 1689
106 185
106 294
106 302
106 950
106 1787
107 607
107 1478
108 687
110 956
110 1185
110 1219
110 1472
111 352
111 801
111 1986
112 1400
113 512
113 1297
113 1422
114 341
114 872
114 1353
114 1588
114 1762
115 219
115 630
115 664
115 845
115 1077
115 1268
116 1207
116 1547
116 1750
116 1944
117 484
117 692
117 1054
117 1157
117 1792
117 1822
118 1619
120 357
120 789
120 1033
120 1150
120 1254
120 1958
121 523
121 739
121 1136
121 1228
121 1604
121 1663
121 1735
122 151
122 1637
122 1796
123 867
123 879
123 1060
124 510
124 953
124 1454
125 536
125 1225
125 1668
127 401
127 1374
127 1398
128 1687
129 176
129 682
129 1074
129 1090
129 1530
130 1518
130 1892
131 1360
132 348
132 903
132 1081
132 1183
133 1597
134 316
134 726
134 864
134 1696
135 201
135 1944
136 1873
137 1671
137 1928
139 154
139 498
139 837
139 1178
139 1612
139 1882
140 808
140 1968
141 305
142 216
142 939
142 971
142 1349
142 1358
142 1556
143 371
143 1408
144 432
144 616
144 830
144 1255
145 518
145 947
145 1267
146 185
146 220
146 1012
146 1266
147 152
147 331
147 871
147 1607
147 1662
148 540
148 1059
148 1576
148 1843
149 293
149 1985
150 226
150 547
150 1335
150 1414
150 1424
150 1922
151 560
151 1526
152 278
152 291
152 473
152 926
153 200
153 402
153 770
153 1871
154 1568
155 859
155 959
155 1893
156 778
156 891
157 218
157 749
158 409
158 455
158 722
158 1390
158 1408
159 475
159 1041
160 538
160 1247
160 1966
161 388
161 1101
161 1345
161 1964
162 414
162 830
163 337
163 438
163 1518
163 1683
164 665
164 1356
164 1436
164 1745
165 702
165 1202
166 1404
167 524
167 535
167 975
167 1420
167 1775
168 1761
169 527
169 1439
169 1537
170 198
170 857
171 866
172 1834
172 1971
173 204
173 554
173 716
173 1627
174 923
174 1315
174 1744
175 694
175 1771
176 221
176 296
176 325
176 457
176 821
176 985
176 1819
177 681
177 1249
177 1671
178 418
178 565
178 1477
178 1573
178 1778
179 1015
179 1314
179 1341
180 391
180 1638
180 1980
181 259
181 619
181 700
181 1593
182 210
182 649
182 733
182 1103
182 1324
183 431
183 597
183 941
183 956
183 1927
185 680
185 810
185 1264
186 1211
187 862
187 939
187 1129
187 1462
188 1387
189 356
189 985
189 1383
189 1452
189 1761
189 1784
190 385
190 1639
191 495
191 710
192 892
192 1018
192 1438
193 792
193 842
193 1087
193 1697
195 511
196 494
196 519
196 1509
197 629
197 705
197 783
197 1948
198 692
198 1051
198 1066
198 1190
198 1772
199 311
199 772
199 773
199 1156
199 1336
200 568
200 791
201 326
201 349
201 1654
202 964
202 1520
203 887
203 1015
204 319
204 1192
204 1260
205 516
205 1134
205 1369
206 318
206 1416
206 1672
207 543
207 1215
207 1362
208 706
208 1532
208 1680
208 1998
209 516
209 748
209 825
209 1349
209 1859
210 415
210 1042
210 1057
210 1287
211 346
211 1666
211 1848
212 532
212 801
213 381
213 633
213 1361
213 1944
214 1242
215 535
215 1451
215 1643
215 1649
215 1789
216 1006
216 1711
217 403
217 632
217 1123
217 1273
217 1330
217 1458
217 1687
218 1074
219 871
219 1320
219 1519
219 1549
220 627
220 803
221 397
221 610
221 1116
221 1184
223 331
223 610
223 856
223 892
223 1080
224 1774
225 656
225 1473
226 1393
227 900
227 1075
227 1124
227 1781
227 1971
227 1973
228 929
228 1123
229 1715
230 513
230 627
230 1053
230 1755
231 283
231 1137
231 1576
232 615
232 827
232 1500
233 1976
234 421
234 838
234 1356
235 452
235 477
235 1612
236 1192
237 603
237 626
237 1529
238 1494
239 565
239 1914
240 438
240 1129
240 1728
241 303
241 700
241 969
241 1033
241 1138
242 776
242 1621
243 1210
246 772
246 1324
246 1451
246 1944
247 846
247 1135
247 1178
247 1208
248 712
248 724
248 1173
249 889
249 895
249 1246
249 1279
249 1708
250 756
251 966
251 1114
252 358
252 473
252 674
252 678
252 1457
252 1645
253 1226
253 1424
253 1519
254 914
254 1011
254 1078
254 1737
256 875
256 1270
256 1508
256 1916
256 1975
257 1284
258 1593
259 668
259 712
259 1426
260 329
260 1683
260 1893
261 496
261 1195
261 1658
262 393
262 1481
262 1888
263 1241
263 1254
263 1256
263 1783
264 692
264 915
266 322
266 674
266 752
266 1992
267 1033
267 1546
268 767
268 916
268 1493
268 1558
268 1633
268 1772
269 455
269 904
269 1172
269 1603
270 413
270 828
270 1069
270 1289
270 1333
270 1453
271 1882
273 798
273 879
273 1662
274 614
274 891
274 1821
274 1856
275 562
275 575
275 644
275 1209
276 460
276 1261
276 1266
276 1287
276 1762
276 1800
277 1007
277 1391
278 1136
278 1542
279 460
279 822
279 1161
279 1826
279 1881
280 1370
281 930
281 1135
281 1297
282 1566
283 677
283 741
284 423
284 1168
285 581
285 737
285 874
285 1541
287 890
288 1801
288 1899
289 648
289 814
289 1233
289 1424
289 1484
290 337
290 920
290 1344
290 1660
290 1936
291 475
291 850
292 660
292 1295
292 1778
293 1355
293 1488
294 373
294 480
294 580
294 1456
294 1624
295 542
295 1555
296 846
296 1359
297 627
297 1791
298 411
298 1825
298 1983
299 467
299 1753
300 1788
301 1321
301 1372
302 817
302 1620
303 1341
303 1492
303 1548
303 1873
304 668
304 851
304 1665
305 385
305 1358
305 1822
306 650
306 1090
307 1566
307 1769
308 333
308 510
308 1768
308 1769
309 328
309 413
309 1251
309 1295
309 1338
310 316
310 1718
310 1847
310 1937
311 1104
312 446
312 813
312 900
312 1216
312 1443
312 1973
313 1334
313 1477
313 1585
314 1079
314 1332
314 1511
315 669
315 755
315 786
315 1433
315 1646
316 407
316 962
316 1198
316 1637
316 1854
317 641
317 1175
317 1439
317 1650
317 1755
317 1835
318 913
318 1409
318 1786
318 1830
319 457
319 529
319 558
319 786
319 1467
319 1915
320 580
320 1863
320 1936
321 452
321 732
321 912
321 1179
321 1474
321 1644
321 1896
322 1400
322 1999
323 1442
325 360
325 1218
325 1738
326 340
326 653
327 354
327 803
327 1690
328 556
328 795
328 1365
329 1800
329 1937
329 1942
330 343
330 459
330 971
331 587
331 1541
332 567
332 1725
333 1178
334 515
334 1412
336 1128
336 1686
337 362
337 929
338 364
338 1334
338 1359
338 1458
339 1297
339 1445
339 1610
340 1122
341 1460
343 761
343 1195
343 1198
343 1394
343 1830
344 356
344 473
344 946
344 1416
346 665
347 721
348 1298
349 428
349 862
349 1249
350 823
351 616
351 1220
352 1429
353 1398
353 1721
354 1519
355 1840
356 460
356 1757
357 1815
358 1115
358 1294
358 1457
358 1816
358 1838
359 1046
359 1538
359 1833
360 444
360 1957
361 1135
361 1504
361 1588
362 556
362 1142
362 1423
362 1820
365 744
365 857
365 1581
365 1620
366 473
366 520
366 605
366 654
366 906
366 1099
367 1526
367 1772
368 1599
369 1901
370 1022
370 1156
370 1352
370 1982
371 1013
371 1022
371 1305
371 1615
372 1004
373 1474
374 1315
374 1317
374 1827
374 1861
375 656
375 912
375 1345
375 1360
376 1289
376 1769
377 1890
379 813
380 1283
380 1431
381 450
381 1215
381 1476
382 1713
383 479
383 962
384 704
384 744
384 832
384 1595
385 439
385 507
385 935
386 1553
387 444
388 792
388 1507
388 1780
389 671
389 1120
389 1788
390 561
391 978
391 1509
391 1631
391 1724
391 1820
391 1874
392 1091
392 1132
392 1496
392 1718
393 672
393 1318
393 1424
393 1785
393 1869
394 495
395 569
395 713
395 823
395 1804
396 448
396 718
397 635
397 645
397 1251
397 1827
398 728
398 1799
399 619
399 746
399 1791
399 1966
400 493
401 752
401 964
402 763
402 824
402 961
402 1527
403 431
403 458
404 1996
405 1249
406 1164
406 1779
406 1783
407 908
407 1698
408 853
408 1316
408 1506
409 526
409 1428
410 589
410 1095
411 733
411 856
412 590
412 654
412 1445
413 447
413 783
413 1602
413 1633
413 1883
415 1148
415 1313
416 1374
416 1954
417 1784
418 1122
418 1333
418 1502
419 1425
420 1325
420 1505
421 1340
421 1941
422 690
422 1836
423 1020
423 1041
425 664
425 1106
425 1452
426 736
426 1313
426 1885
426 1969
427 551
427 677
427 799
428 546
428 1238
429 1728
429 1776
430 729
430 1101
430 1498
431 504
432 1194
432 1640
433 508
433 639
434 491
434 966
434 1184
434 1222
434 1319
435 1062
435 1445
436 934
436 964
436 1272
437 874
437 1170
439 531
439 760
439 949
439 1164
440 687
440 709
440 1318
441 751
442 501
442 792
442 951
442 1385
443 740
443 1010
443 1267
443 1514
444 487
444 1657
445 1528
446 689
446 1369
446 1388
447 1146
447 1190
447 1456
447 1698
449 717
450 1572
450 1863
451 969
451 995
451 1403
452 488
452 1731
452 1806
453 969
453 1067
453 1397
454 853
454 1027
454 1179
455 924
455 1492
455 1818
455 1876
456 1828
457 1496
457 1679
458 628
458 977
458 1990
459 1406
460 1480
460 1860
461 498
461 1034
461 1224
461 1443
462 481
462 604
463 534
463 941
463 974
464 1118
464 1211
465 1399
465 1762
466 941
466 979
466 1150
466 1908
467 914
467 1256
467 1335
467 1349
468 1201
468 1284
469 1657
469 1981
470 529
470 1120
470 1806
470 1849
471 884
471 1115
471 1470
471 1853
472 705
473 495
473 1783
473 1837
474 1154
475 1227
475 1716
476 601
476 659
477 863
477 1280
477 1858
479 1099
480 587
480 1315
480 1433
481 1146
481 1465
482 540
482 1174
482 1564
483 1021
483 1218
483 1346
483 1931
484 740
484 1192
484 1270
484 1281
484 1360
484 1940
486 830
486 1466
487 978
487 1433
488 827
488 1357
488 1845
489 1593
489 1903
490 812
490 1115
490 1517
491 1093
491 1200
491 1342
491 1964
492 1675
493 581
493 601
493 602
493 784
493 863
494 539
494 940
494 1420
495 1090
495 1115
495 1652
496 1356
496 1514
496 1647
497 902
497 1940
498 518
498 991
498 1564
499 1168
500 654
501 1409
502 985
502 1523
502 1787
503 940
503 1229
506 731
506 1227
507 1282
508 1500
509 560
509 1937
510 1612
510 1712
511 704
511 769
513 711
514 1158
514 1570
514 1782
516 983
516 1068
516 1382
516 1568
516 1653
517 1878
519 943
520 636
520 1758
521 1931
522 1402
522 1871
522 1901
523 771
524 788
524 1507
524 1628
524 1686
524 1904
525 554
525 1238
525 1635
526 955
526 1097
526 1709
526 1766
527 1393
527 1523
527 1934
528 1001
528 1160
528 1278
528 1968
529 883
529 913
529 1012
529 1056
529 1232
529 1889
530 696
530 1457
531 1223
531 1822
532 1763
533 1118
533 1542
534 1167
534 1435
534 1728
535 1517
535 1673
536 1401
537 584
537 629
537 653
537 1193
537 1769
539 985
539 1032
539 1183
539 1752
540 1344
540 1902
541 715
541 1358
541 1403
541 1467
542 662
542 1908
543 903
543 1008
543 1064
543 1472
544 709
544 769
545 704
545 1916
546 822
546 846
546 1054
548 1876
549 1072
549 1642
550 1623
551 557
552 1547
552 1656
553 1217
553 1828
554 819
555 599
555 1108
555 1388
555 1931
556 1215
556 1488
556 1548
556 1694
556 1796
557 662
557 1291
557 1518
557 1796
558 691
558 803
558 1283
558 1552
558 1737
559 1058
560 1252
562 724
563 968
563 1281
563 1601
563 1654
564 756
564 1856
565 618
565 1340
565 1559
566 770
566 1640
566 1729
567 1330
567 1339
567 1401
568 710
568 1388
568 1535
568 1941
569 1706
570 1253
570 1274
571 870
571 1446
572 1896
573 1207
574 629
574 1644
574 1811
575 1201
576 1514
577 1337
577 1751
578 1045
579 627
579 677
579 1083
579 1588
581 1645
581 1943
582 1927
583 598
584 1023
584 1568
584 1631
584 1887
585 705
585 1295
585 1737
586 609
586 1061
587 734
587 1165
587 1594
588 1134
588 1669
589 792
589 1088
589 1281
590 1161
590 1230
590 1357
591 1651
591 1726
592 1363
592 1418
593 1611
593 1801
593 1879
594 1650
594 1756
595 967
595 1930
596 639
597 945
598 945
598 1091
599 1004
599 1610
600 830
600 851
600 1442
600 1480
600 1845
601 1505
601 1616
602 738
602 1087
602 1515
602 1528
602 1760
603 1092
603 1942
604 740
604 834
604 888
604 1546
605 1461
605 1822
606 1228
607 647
607 1489
609 787
609 1312
610 1925
612 1363
612 1418
612 1969
613 1561
613 1834
614 684
614 1573
615 780
615 1584
615 1779
615 1794
615 1868
615 1880
615 1998
616 1366
616 1943
617 621
617 973
617 1000
617 1571
618 719
618 1889
619 1192
619 1527
619 1736
620 1845
621 1463
621 1806
622 636
622 743
622 1192
622 1274
624 1010
624 1237
624 1509
624 1730
626 1145
626 1263
626 1999
627 1374
627 1410
627 1427
627 1442
628 1563
629 937
629 1048
629 1552
629 1627
629 1694
630 682
630 806
631 698
631 1975
632 1567
634 1188
634 1477
635 1815
635 1954
636 1597
637 749
639 1457
641 1212
641 1638
641 1982
642 1483
644 1488
644 1851
645 1607
645 1823
645 1953
646 955
646 1324
646 1342
647 1720
648 656
648 1074
649 1821
650 995
650 1238
650 1400
651 1125
651 1289
651 1621
651 1715
652 1068
652 1681
653 735
653 891
653 1076
653 1492
653 1706
654 1319
655 954
655 1278
655 1333
655 1721
655 1797
656 1411
657 1497
657 1541
658 787
658 1078
658 1200
658 1293
658 1459
658 1668
660 852
660 1108
660 1950
661 852
661 1760
662 1595
662 1826
663 1168
663 1873
664 929
664 934
664 1615
664 1722
665 1645
665 1957
666 1292
666 1595
667 740
667 1257
667 1361
667 1386
668 755
668 1562
668 1997
669 948
669 1523
669 1560
669 1582
670 1728
671 761
671 1067
671 1149
672 1209
673 691
673 698
673 940
673 1082
673 1297
673 1465
673 1902
674 1871
675 839
675 1687
675 1734
676 1162
676 1233
677 957
677 1393
678 1977
678 1978
679 912
679 1861
682 941
682 1940
683 1020
683 1038
683 1792
684 1695
685 879
685 994
685 1569
687 916
687 944
687 1500
688 804
688 1737
689 1660
689 1934
690 923
691 1708
691 1840
693 973
693 1707
693 1744
694 1744
696 1971
697 903
698 1208
699 722
700 889
700 976
700 1134
700 1241
700 1273
700 1604
700 1677
703 1308
703 1490
704 814
705 757
705 1549
706 1048
706 1110
707 1032
707 1337
708 1567
708 1939
709 1052
709 1297
709 1332
709 1780
711 970
711 1194
712 1235
712 1432
713 1075
713 1233
713 1817
713 1934
715 1599
715 1995
716 1114
716 1567
716 1892
717 1564
717 1866
718 815
718 827
718 1117
718 1185
718 1559
718 1588
719 864
719 1109
720 1422
721 844
721 1277
721 1704
722 858
722 974
722 1711
722 1866
723 1564
724 853
724 1443
724 1956
724 1969
726 879
726 1010
726 1722
727 1389
727 1454
728 765
729 1482
732 957
732 1865
733 788
733 1666
734 1487
735 862
735 1486
735 1489
736 1130
736 1163
737 897
737 1274
737 1401
737 1982
738 864
738 1338
738 1374
739 1078
740 1229
740 1247
740 1278
740 1636
741 836
741 935
741 981
742 878
742 1968
743 1349
744 947
744 1166
744 1418
744 1986
746 1443
747 835
747 1646
747 1854
748 1018
748 1329
748 1844
748 1847
748 1929
750 1278
751 1211
752 844
752 899
752 927
752 1991
753 1040
753 1393
753 1657
754 780
755 1072
756 837
758 1028
758 1816
759 1859
760 936
761 1272
761 1419
762 1421
763 1456
764 776
764 1816
764 1911
766 971
768 1519
768 1582
768 1732
770 924
770 1656
772 1651
773 1085
773 1341
773 1409
773 1948
773 1977
774 972
775 1222
775 1496
775 1752
776 1999
778 1263
778 1528
778 1850
779 1051
779 1446
780 1723
780 1855
781 1033
781 1422
781 1511
782 1829
783 1078
783 1159
784 1018
784 1419
784 1525
785 1514
785 1762
785 1973
786 904
786 1080
787 996
787 1521
788 1199
788 1803
789 1476
789 1982
790 1201
791 1866
792 1653
793 1471
793 1567
796 1497
796 1914
797 1198
797 1656
798 855
798 1034
798 1200
798 1839
799 961
799 964
799 1828
800 866
800 1223
800 1234
801 1609
802 903
802 954
802 984
802 1264
804 817
804 933
806 1788
806 1927
807 1503
807 1715
809 1687
811 1341
811 1694
812 888
812 1146
812 1501
812 1726
813 835
813 839
814 1188
815 1173
815 1840
818 902
819 1876
821 1180
821 1772
822 863
822 1135
823 1319
823 1558
823 1604
824 946
825 914
826 1011
826 1315
827 876
827 896
828 1388
828 1901
829 1070
829 1465
829 1964
831 1317
832 1634
833 1236
833 1427
833 1921
834 1140
834 1485
835 1450
835 1782
837 1023
837 1668
838 1311
838 1674
838 1766
839 1520
840 1181
842 1193
842 1654
842 1902
842 1939
843 1143
843 1298
843 1790
843 1942
844 1987
845 1007
845 1627
845 1720
846 1100
847 1319
848 1259
848 1350
849 883
849 1419
849 1686
849 1736
849 1860
849 1945
851 1054
851 1747
851 1997
852 888
853 1229
854 1972
856 1048
856 1718
857 965
857 1366
858 1136
858 1290
859 1102
859 1116
859 1279
859 1743
859 1950
860 1990
862 1823
863 911
863 931
864 869
867 954
867 1509
868 1340
869 1689
870 1037
870 1424
871 1985
872 1683
873 1374
873 1398
874 1184
874 1546
874 1659
874 1819
875 1027
875 1164
875 1778
876 1224
876 1832
878 942
878 1906
880 1100
880 1249
880 1754
880 1798
881 1225
882 1581
884 1296
884 1488
884 1751
884 1942
885 1029
885 1305
885 1514
885 1553
886 1494
886 1727
886 1838
887 968
887 1058
887 1712
887 1888
887 1907
888 987
888 1122
888 1965
889 1434
889 1451
890 907
890 1084
891 1659
892 1443
892 1588
894 1115
895 1705
897 1359
898 1076
898 1580
898 1773
899 902
899 1112
899 1791
899 1792
899 1995
900 1065
900 1497
901 1296
901 1831
902 1024
903 1208
904 1079
904 1457
904 1527
904 1777
906 1457
907 1034
907 1089
908 1450
908 1468
908 1680
909 1313
910 1266
910 1647
910 1867
910 1973
912 1112
912 1305
913 1582
913 1602
914 1482
914 1857
915 1420
916 1650
916 1806
917 1279
918 1880
919 1450
920 1246
920 1913
920 1924
921 1585
921 1744
921 1918
923 1954
924 1211
924 1592
925 1271
925 1971
927 1676
928 1016
928 1791
929 1886
930 1113
930 1607
931 1091
931 1348
933 1246
933 1327
933 1629
934 1185
934 1400
934 1874
936 1058
936 1155
936 1226
936 1262
936 1786
937 1922
937 1957
937 1965
938 1446
939 1444
939 1550
941 1731
943 1129
943 1530
944 1120
944 1183
944 1412
946 1158
946 1840
947 1134
948 1854
949 1328
950 1243
950 1386
950 1833
950 1835
950 1955
951 1244
952 1142
952 1475
952 1555
952 1990
953 1845
954 1226
954 1711
954 1861
955 1011
955 1500
956 1137
956 1681
956 1768
957 1383
957 1593
958 1936
959 1419
959 1590
959 1661
961 1253
962 996
962 1032
962 1179
962 1819
963 1445
963 1688
964 1850
965 1280
965 1549
966 1018
966 1984
967 1618
967 1887
968 1090
968 1240
970 975
970 1124
970 1382
970 1539
970 1859
970 1880
970 1920
971 1724
971 1937
972 1044
972 1316
972 1513
972 1516
974 1537
974 1994
976 1363
977 1087
977 1407
978 1247
979 1288
980 1909
981 1561
981 1954
982 1174
982 1363
982 1791
983 1122
983 1674
984 1156
984 1445
984 1505
984 1565
985 1161
985 1533
987 1074
987 1886
988 995
989 1056
989 1447
989 1855
990 1374
991 1160
991 1921
992 1442
993 1484
995 1876
996 1482
998 1075
998 1348
999 1685
1000 1106
1000 1484
1001 1322
1004 1768
1005 1887
1005 1956
1007 1823
1008 1045
1008 1384
1008 1698
1009 1028
1009 1846
1011 1101
1011 1110
1011 1153
1011 1446
1011 1531
1011 1683
1013 1496
1013 1501
1015 1350
1015 1541
1017 1209
1017 1249
1017 1760
1018 1097
1018 1494
1018 1582
1018 1691
1018 1903
1019 1728
1020 1204
1020 1468
1023 1793
1024 1677
1025 1854
1026 1805
1029 1724
1029 1748
1029 1888
1030 1393
1030 1991
1031 1051
1032 1788
1033 1816
1033 1996
1034 1079
1034 1736
1035 1046
1035 1767
1036 1483
1037 1208
1037 1779
1038 1196
1038 1463
1038 1690
1039 1968
1040 1785
1041 1432
1041 1825
1043 1147
1043 1428
1044 1230
1044 1334
1045 1410
1045 1824
1047 1349
1047 1436
1048 1385
1048 1663
1048 1739
1048 1844
1051 1307
1051 1371
1051 1467
1051 1537
1052 1873
1052 1965
1053 1560
1054 1385
1054 1611
1054 1932
1056 1569
1056 1674
1060 1158
1060 1562
1061 1780
1062 1233
1062 1530
1062 1902
1062 1947
1063 1629
1063 1921
1065 1172
1066 1712
1067 1081
1067 1115
1067 1192
1067 1431
1067 1857
1068 1216
1068 1482
1068 1972
1072 1503
1073 1747
1073 1869
1076 1382
1076 1846
1077 1964
1078 1085
1078 1527
1080 1126
1080 1385
1081 1186
1082 1318
1082 1816
1082 1888
1083 1474
1084 1177
1086 1550
1086 1858
1087 1327
1087 1885
1088 1260
1088 1633
1088 1876
1089 1839
1089 1952
1090 1265
1091 1103
1091 1672
1092 1768
1095 1717
1095 1940
1096 1540
1097 1166
1097 1587
1097 1621
1097 1736
1098 1103
1098 1564
1099 1321
1099 1770
1100 1321
1100 1667
1101 1859
1102 1559
1103 1601
1105 1715
1106 1187
1107 1320
1108 1601
1109 1623
1110 1258
1110 1871
1111 1246
1111 1565
1111 1661
1111 1852
1112 1544
1113 1902
1114 1198
1115 1202
1115 1541
1117 1442
1117 1754
1117 1977
1118 1641
1120 1809
1122 1991
1123 1839
1124 1911
1125 1537
1126 1592
1126 1746
1126 1773
1127 1425
1127 1849
1129 1198
1129 1259
1129 1871
1131 1203
1131 1507
1133 1450
1134 1476
1135 1198
1136 1672
1136 1737
1136 1739
1137 1437
1140 1360
1142 1234
1142 1436
1143 1268
1144 1530
1145 1278
1145 1321
1146 1314
1146 1478
1147 1537
1148 1991
1149 1394
1152 1665
1154 1715
1155 1214
1155 1915
1156 1845
1159 1211
1159 1418
1159 1622
1159 1682
1160 1488
1160 1670
1161 1355
1161 1704
1161 1889
1161 1994
1163 1431
1163 1745
1164 1408
1164 1498
1164 1860
1166 1473
1167 1980
1169 1398
1170 1963
1171 1312
1172 1788
1173 1271
1174 1717
1175 1561
1176 1495
1177 1398
1177 1543
1177 1730
1178 1416
1179 1395
1180 1858
1181 1408
1181 1436
1182 1486
1182 1523
1182 1680
1182 1935
1183 1557
1183 1880
1183 1887
1184 1297
1184 1621
1185 1244
1185 1363
1185 1911
1185 1916
1186 1639
1186 1812
1187 1350
1188 1590
1188 1728
1190 1911
1191 1556
1192 1318
1192 1703
1193 1727
1193 1993
1194 1333
1196 1233
1197 1664
1198 1369
1200 1645
1200 1801
1201 1586
1203 1866
1204 1678
1206 1552
1206 1945
1208 1458
1208 1627
1211 1213
1215 1472
1216 1757
1217 1627
1217 1717
1219 1676
1220 1398
1220 1973
1221 1362
1222 1461
1223 1279
1223 1537
1223 1768
1223 1841
1226 1407
1226 1521
1227 1300
1227 1527
1228 1282
1228 1813
1229 1753
1229 1796
1230 1880
1232 1938
1233 1919
1235 1534
1236 1501
1237 1504
1237 1758
1237 1937
1238 1512
1239 1370
1241 1753
1242 1570
1242 1920
1243 1504
1245 1378
1246 1889
1248 1460
1248 1477
1249 1303
1249 1374
1249 1799
1250 1538
1250 1777
1251 1284
1251 1361
1251 1538
1251 1661
1253 1354
1253 1599
1254 1735
1257 1370
1257 1583
1257 1929
1260 1775
1263 1898
1264 1454
1265 1824
1265 1898
1265 1995
1266 1922
1267 1422
1267 1648
1268 1831
1269 1932
1269 1957
1270 1515
1270 1616
1272 1558
1272 1755
1272 1926
1273 1784
1274 1401
1275 1486
1275 1500
1276 1639
1277 1915
1278 1927
1279 1481
1282 1406
1284 1886
1285 1598
1286 1364
1286 1533
1286 1651
1287 1592
1293 1736
1293 1869
1293 1892
1296 1525
1297 1415
1297 1448
1297 1654
1298 1675
1300 1900
1302 1935
1302 1989
1303 1749
1304 1501
1306 1494
1306 1774
1309 1757
1309 1796
1312 1317
1312 1885
1313 1316
1313 1769
1315 1848
1315 1948
1316 1697
1317 1515
1318 1653
1318 1787
1318 1947
1320 1573
1320 1937
1320 1947
1321 1378
1322 1506
1322 1561
1322 1799
1322 1941
1322 1963
1323 1946
1325 1611
1325 1831
1326 1478
1327 1392
1327 1548
1328 1592
1329 1674
1331 1795
1332 1663
1332 1979
1333 1615
1333 1703
1334 1522
1334 1559
1336 1414
1336 1777
1337 1412
1337 1512
1337 1651
1337 1916
1339 1741
1340 1507
1341 1941
1342 1606
1343 1432
1343 1458
1344 1595
1344 1828
1346 1399
1346 1949
1346 1954
1348 1958
1349 1856
1349 1910
1351 1655
1352 1420
1352 1595
1355 1607
1357 1900
1357 1977
1358 1626
1361 1761
1362 1938
1363 1558
1364 1634
1365 1738
1365 1796
1366 1485
1367 1990
1369 1531
1372 1547
1374 1686
1376 1912
1377 1997
1378 1499
1378 1566
1381 1478
1383 1779
1383 1920
1384 1858
1387 1406
1387 1731
1389 1984
1391 1415
1391 1749
1392 1400
1393 1523
1393 1859
1394 1717
1396 1787
1398 1932
1399 1717
1400 1531
1401 1536
1403 1931
1404 1411
1404 1979
1405 1807
1407 1501
1409 1719
1409 1901
1411 1496
1411 1614
1416 1458
1421 1744
1421 1834
1422 1448
1423 1451
1423 1813
1423 1970
1427 1621
1430 1439
1430 1826
1432 1475
1433 1622
1433 1992
1435 1616
1435 1945
1438 1519
1438 1588
1439 1922
1441 1620
1443 1475
1444 1687
1447 1677
1447 1736
1448 1644
1448 1658
1451 1906
1453 1856
1454 1861
1455 1647
1455 1767
1457 1694
1457 1981
1459 1682
1461 1758
1462 1552
1463 1499
1463 1865
1464 1974
1465 1718
1472 1780
1477 1952
1479 1525
1479 1654
1482 1852
1483 1917
1484 1552
1485 1652
1485 1753
1485 1801
1488 1518
1490 1538
1494 1721
1496 1824
1500 1519
1501 1905
1504 1509
1505 1959
1506 1606
1506 1955
1507 1621
1507 1679
1508 1919
1510 1800
1510 1805
1510 1973
1511 1850
1513 1770
1513 1914
1513 1984
1515 1618
1515 1885
1517 1552
1519 1878
1521 1640
1524 1714
1526 1698
1526 1972
1528 1998
1529 1714
1529 1760
1532 1888
1533 1870
1538 1707
1543 1684
1545 1896
1546 1703
1546 1843
1548 1824
1549 1731
1551 1602
1556 1640
1557 1932
1558 1595
1559 1567
1561 1571
1561 1647
1564 1637
1564 1841
1565 1669
1565 1759
1565 1843
1566 1925
1567 1959
1572 1981
1574 1750
1574 1803
1575 1605
1579 1609
1581 1906
1583 1904
1586 1597
1586 1648
1586 1955
1587 1754
1588 1703
1588 1868
1591 1831
1593 1725
1595 1985
1596 1639
1597 1832
1597 1984
1598 1658
1598 1755
1598 1836
1600 1949
1601 1703
1602 1989
1603 1896
1603 1905
1604 1892
1607 1973
1611 1873
1613 1786
1615 1616
1616 1822
1617 1840
1619 1633
1622 1884
1625 1996
1627 1639
1627 1896
1628 1841
1630 1740
1630 1751
1632 1755
1634 1797
1635 1754
1639 1690
1639 1949
1640 1807
1641 1647
1641 1864
1644 1909
1656 1792
1659 1893
1664 1779
1665 1994
1666 1751
1667 1682
1667 1695
1670 1967
1671 1739
1671 1891
1671 1944
1672 1915
1673 1876
1674 1786
1676 1877
1680 1771
1680 1786
1682 1903
1685 1852
1687 1743
1687 1916
1692 1975
1698 1769
1699 1807
1699 1988
1702 1787
1702 1853
1704 1740
1705 1757
1707 1777
1708 1867
1710 1926
1710 1944
1712 1952
1713 1826
1713 1910
1715 1934
1725 1885
1726 1942
1728 1740
1742 1923
1747 1950
1754 1851
1756 1934
1761 1911
1762 1925
1765 1913
1771 1980
1773 1855
1775 1934
1784 1795
1786 1791
1789 1996
1790 1929
1805 1993
1807 1960
1808 1961
1810 1950
1811 1851
1811 1991
1812 1906
1816 1885
1817 1992
1824 1851
1824 1894
1829 1881
1831 1856
1833 1936
1841 1905
1848 1999
1851 1890
1858 1935
1859 1917
1860 1867
1862 1941
1879 1928
1889 1947
1903 1999
1904 1924
1921 1945
1936 1981
1955 1968
1968 1985
1994 1997
