2000 3090
58
95
66
68
10
58
47
11
98
92
19
84
26
85
58
15
98
62
35
85
51
66
86
40
5
67
84
8
29
45
60
27
27
79
74
12
68
42
15
96
73
62
37
85
12
52
4
37
49
14
34
9
57
36
69
78
95
39
11
27
81
59
87
30
7
66
87
78
20
55
85
4
83
100
60
70
54
30
51
43
39
83
81
89
49
44
50
43
26
63
38
59
64
70
58
24
1
22
88
67
99
98
62
29
88
35
35
7
7
76
67
100
32
65
95
72
36
54
48
28
71
21
40
37
70
71
56
55
56
84
65
98
54
74
97
82
66
53
78
30
6
27
62
93
3
4
33
87
86
3
13
96
17
49
89
88
14
71
9
87
59
75
66
80
88
25
91
28
58
53
2
69
56
71
72
95
67
95
57
60
76
85
27
47
4
15
94
63
64
85
66
46
43
84
31
34
41
6
69
28
91
60
90
33
62
44
19
44
80
59
68
93
41
29
45
40
63
48
58
61
62
64
48
70
45
68
18
98
18
87
72
92
48
92
85
28
70
41
84
71
13
14
29
41
32
83
22
9
20
46
31
20
66
16
48
44
51
66
13
19
8
49
86
90
51
56
42
20
28
38
13
42
77
67
85
84
95
45
87
63
13
35
53
98
54
78
97
52
44
8
63
47
13
34
34
92
56
86
82
60
21
46
86
25
42
99
80
80
36
88
15
67
92
53
57
49
81
19
41
51
66
29
68
53
92
20
33
54
37
39
20
75
22
87
60
15
69
89
53
88
93
87
59
69
68
23
31
16
5
41
100
32
84
97
48
74
77
29
38
31
22
64
32
51
4
48
73
95
71
18
50
87
53
68
57
36
89
54
87
97
87
64
35
94
63
92
75
81
30
29
57
46
24
16
71
56
67
6
82
53
37
57
36
83
40
23
74
40
37
28
1
51
67
85
92
64
21
79
30
32
58
9
15
20
69
22
65
84
41
49
88
14
25
49
43
21
55
4
25
66
57
51
33
10
11
85
48
43
11
32
98
12
94
12
93
82
3
30
58
97
44
64
46
65
44
9
19
54
40
45
90
74
20
7
75
70
37
9
77
20
51
16
77
81
15
20
86
16
74
56
84
69
82
52
93
49
83
48
56
43
40
85
42
39
95
83
79
22
19
22
17
76
62
3
29
92
40
14
54
73
46
16
92
42
10
87
81
84
68
1
95
69
76
86
73
83
30
44
98
67
31
56
88
43
72
11
42
21
66
71
89
31
87
72
97
57
95
28
14
55
66
75
47
53
38
39
18
57
81
99
59
100
19
4
34
12
45
9
56
70
71
97
26
78
9
95
55
12
69
34
6
54
88
26
66
88
48
8
1
90
100
21
46
98
35
23
92
23
2
35
98
5
96
27
14
36
3
75
73
2
82
67
14
22
28
53
76
67
41
52
24
59
52
91
80
37
52
35
76
63
36
58
43
64
92
81
77
79
66
29
12
46
37
81
6
70
97
81
3
79
60
89
94
76
99
30
85
81
45
32
59
20
92
15
94
12
17
13
86
20
14
37
72
86
53
7
85
65
81
31
6
36
47
93
47
51
98
9
56
41
4
88
55
62
87
75
85
1
73
40
90
69
49
22
75
19
20
54
96
54
46
11
27
20
60
99
36
84
41
67
69
87
85
66
72
35
31
90
100
80
99
95
18
52
41
67
93
89
22
34
92
18
14
78
55
95
30
60
39
8
26
41
64
42
65
27
64
24
53
73
23
89
76
18
3
80
92
59
11
6
56
91
99
25
38
54
4
89
97
50
93
4
26
50
72
32
49
33
77
63
98
56
31
76
85
92
72
84
3
57
41
40
60
84
49
17
88
73
1
86
5
71
75
47
98
36
1
59
100
37
89
6
81
1
45
68
10
61
52
65
94
79
11
40
29
66
92
11
28
19
12
57
62
93
57
42
32
19
52
74
92
47
98
64
6
74
13
58
86
28
28
13
87
40
73
85
18
5
1
8
98
67
1
26
9
86
86
3
5
90
95
48
28
32
56
18
55
83
30
89
87
8
68
47
78
36
42
33
26
32
4
61
97
42
29
72
18
13
19
63
41
20
81
1
98
83
33
65
73
48
46
6
68
18
9
38
62
16
17
32
37
100
9
78
91
87
25
2
4
39
99
64
93
55
95
81
41
88
80
41
37
60
65
95
49
76
89
63
51
44
31
99
6
16
62
1
58
34
90
21
41
69
62
93
87
100
39
78
14
73
11
8
63
19
20
36
57
25
29
24
76
75
84
25
18
6
16
10
73
35
7
57
36
54
97
93
64
12
81
14
50
100
9
84
26
34
12
94
4
71
15
68
59
10
18
66
67
83
76
53
53
60
92
80
2
51
23
26
94
26
13
11
2
39
29
98
60
15
80
80
44
49
41
44
42
12
88
87
85
18
96
91
76
78
94
82
97
74
2
16
3
25
18
53
54
87
61
44
19
11
42
39
97
47
93
56
93
5
33
38
29
83
27
50
25
48
96
1
3
2
65
19
66
14
34
60
77
72
60
30
89
76
98
92
5
42
65
3
44
34
38
89
20
58
19
82
46
95
60
87
19
11
28
81
27
20
69
5
28
17
16
95
94
48
85
82
54
15
13
31
68
27
70
28
73
16
95
50
27
97
96
55
16
19
3
20
29
57
13
90
76
42
58
81
85
99
2
28
46
42
73
100
36
67
72
6
91
100
79
65
50
34
84
63
26
82
13
42
57
77
35
12
16
82
43
45
79
78
49
84
69
56
21
67
95
52
20
38
41
73
28
70
78
90
15
59
5
28
75
43
37
11
61
6
77
75
26
59
29
34
89
80
37
33
69
39
21
68
69
50
2
63
89
69
75
84
8
90
4
75
2
48
62
33
23
28
92
94
98
88
96
85
4
87
13
42
20
45
93
51
88
28
79
67
90
82
4
3
73
72
24
49
8
35
68
9
21
48
24
21
69
84
84
91
90
94
58
83
17
95
41
74
86
20
34
58
66
4
89
20
13
62
90
96
4
82
49
82
13
100
75
19
94
70
66
49
23
79
58
95
35
80
1
45
50
46
35
68
75
53
65
27
24
78
60
90
68
54
40
7
82
86
41
56
67
94
75
72
21
41
49
17
24
37
65
30
73
87
78
59
22
30
13
9
48
76
36
44
44
17
75
40
32
22
80
52
40
79
96
4
53
97
60
83
33
12
46
70
90
1
32
16
46
58
76
75
49
95
30
58
16
73
9
18
76
40
20
28
52
90
26
90
81
67
6
46
6
38
4
72
42
97
83
60
64
76
93
84
16
7
9
93
12
4
12
5
17
18
40
2
6
16
51
57
67
39
57
26
18
98
18
79
16
46
65
26
82
2
90
74
67
5
40
84
64
93
100
12
43
5
85
69
93
41
96
1
83
62
93
81
7
28
75
78
56
82
34
67
89
60
99
78
25
50
48
57
61
91
55
62
52
49
27
99
46
3
91
53
44
90
6
13
13
82
52
19
47
85
15
40
10
19
48
46
19
94
40
11
73
48
38
39
25
83
11
20
52
91
89
97
35
62
41
61
51
55
30
95
72
83
86
87
38
68
26
12
67
81
50
52
79
41
35
99
1
1
8
77
90
77
74
97
87
8
36
49
12
81
84
60
62
7
31
89
81
88
57
96
49
69
99
49
3
11
75
70
9
92
3
45
89
25
57
83
10
69
10
65
16
40
37
29
76
60
39
28
98
69
90
12
79
25
100
30
90
54
4
66
70
49
60
55
48
37
28
11
49
74
98
71
7
28
76
64
28
84
15
24
70
89
18
28
82
25
55
60
71
61
41
22
62
99
49
66
43
26
16
50
20
66
14
70
3
71
12
7
80
92
93
42
34
52
28
12
63
20
44
76
64
27
48
13
53
16
13
47
4
45
15
7
14
88
97
7
80
88
46
22
3
11
27
90
52
13
91
59
49
55
21
90
43
88
11
38
64
89
28
42
52
19
31
79
17
15
18
9
42
91
77
55
96
82
88
63
44
54
48
11
53
77
46
45
3
90
71
1
85
43
36
32
13
34
76
79
62
9
11
63
45
71
32
27
28
46
76
17
76
76
73
38
11
12
29
64
23
91
42
60
84
18
18
19
85
91
15
1
45
6
20
66
34
60
82
22
32
93
90
32
9
79
90
99
24
23
88
87
70
2
67
82
41
82
74
48
67
48
38
15
48
12
9
53
24
8
75
12
4
6
66
43
94
75
34
64
55
31
11
21
7
9
45
37
56
17
54
89
62
77
64
8
91
34
56
90
64
9
23
65
65
40
50
70
20
77
45
54
96
79
76
64
57
59
27
61
11
31
20
42
26
37
79
11
92
88
25
54
54
36
78
86
27
50
44
61
24
39
71
84
49
12
59
18
98
17
74
22
88
29
97
93
75
86
76
38
65
22
98
90
11
43
29
45
65
27
8
76
66
9
28
69
68
18
29
69
62
94
20
98
52
90
76
1
67
67
51
56
4
76
22
74
30
28
10
14
69
53
38
25
11
22
0 1977
1 845
1 1355
1 1586
1 1760
2 1419
2 1420
2 1709
3 1427
4 102
4 545
4 1438
4 1692
5 482
5 624
5 1179
6 119
6 543
6 718
8 16
8 708
8 751
8 784
9 257
9 618
9 834
9 1624
9 1987
10 332
10 775
10 1408
10 1479
10 1824
11 220
11 497
12 222
12 381
12 1237
12 1464
13 511
14 21
14 1284
14 1384
14 1527
14 1927
16 736
16 1144
16 1440
16 1486
17 824
17 1070
17 1492
18 548
18 1044
18 1053
18 1955
19 672
19 986
19 1866
20 1528
20 1843
21 57
21 1122
21 1663
23 1203
24 371
24 1966
25 331
25 521
25 869
25 1690
26 136
26 426
26 759
26 1252
26 1822
26 1901
27 344
27 1002
27 1589
28 676
28 939
28 1348
28 1808
29 379
29 1215
29 1282
29 1455
30 347
30 553
30 1052
30 1602
31 572
31 709
31 798
31 1180
31 1447
31 1524
31 1923
31 1946
32 328
32 551
32 611
32 662
32 1086
32 1697
33 178
33 383
33 595
33 1739
33 1974
34 75
34 1010
34 1554
35 805
35 1839
36 626
36 699
36 840
36 1059
36 1248
36 1895
37 584
37 1275
37 1651
38 1465
38 1681
39 721
39 1059
39 1322
39 1454
39 1772
39 1907
40 186
40 692
40 947
40 1036
40 1053
41 1202
41 1448
42 882
42 1138
42 1213
42 1842
43 339
43 883
43 1577
44 101
44 271
44 855
44 1066
45 425
45 845
46 147
46 694
46 1042
46 1512
47 1213
48 121
48 217
48 932
48 1267
49 1261
50 931
50 1120
50 1785
50 1932
51 440
51 760
51 1067
51 1811
52 149
52 978
52 1040
52 1867
52 1869
53 324
53 790
53 1057
53 1079
54 699
54 921
54 1128
54 1966
55 217
55 292
56 542
56 707
56 912
56 1106
56 1350
57 278
57 315
57 393
57 956
58 709
58 1093
59 455
59 1272
59 1701
60 484
60 486
60 531
60 1086
60 1870
61 77
61 227
61 329
61 336
61 736
61 885
61 1576
61 1607
62 771
62 1993
64 307
64 914
64 1147
65 264
65 496
65 1490
66 1317
66 1376
66 1658
67 125
67 1237
67 1854
68 116
68 816
69 788
69 854
69 1108
69 1989
69 1991
70 408
70 612
70 1631
70 1867
71 1751
72 562
72 1814
73 443
73 1328
74 147
74 277
74 1814
75 406
75 455
75 650
75 670
75 873
75 1956
76 483
76 692
76 1983
77 570
77 1535
78 468
78 1128
78 1396
78 1404
79 1643
80 350
80 489
80 908
80 926
80 1957
81 405
81 488
81 530
81 975
81 1296
82 1110
82 1701
83 263
83 639
83 1389
83 1741
84 614
84 729
84 788
84 971
85 660
86 284
86 384
86 1154
86 1647
86 1708
87 225
87 268
87 545
87 778
87 1165
87 1399
87 1954
88 158
88 506
88 514
88 519
88 647
89 913
89 942
89 1412
89 1903
90 1132
90 1458
90 1476
92 266
92 363
92 648
92 1619
93 113
93 994
94 1667
94 1749
94 1816
95 542
95 1334
96 495
96 1186
96 1771
97 294
97 1462
97 1517
97 1672
98 802
98 1198
99 1221
99 1841
100 1916
101 351
101 567
101 579
101 1258
102 735
102 1025
102 1654
103 868
103 917
104 1764
105 537
105 1486
106 1027
106 1249
106 1292
107 1757
107 1918
108 751
108 879
108 927
108 1290
109 1045
109 1592
110 702
110 1024
110 1937
111 375
111 886
111 896
111 1111
111 1523
111 1740
112 299
112 1817
113 119
113 691
113 1525
113 1753
115 223
115 614
115 1324
115 1721
116 337
116 817
116 901
117 169
118 1351
118 1865
119 138
119 1728
119 1994
120 720
120 828
120 1236
121 1123
121 1169
122 607
122 632
122 765
122 1784
123 320
123 740
123 1325
123 1693
123 1954
124 317
124 706
124 939
124 1048
124 1155
125 285
125 489
125 898
125 987
125 1020
126 1508
127 332
127 806
127 1491
127 1574
128 165
128 733
128 817
128 862
128 1038
128 1586
128 1604
129 274
129 954
129 1060
129 1424
129 1605
130 534
131 236
131 862
132 1894
132 1917
133 188
133 846
134 473
134 633
134 1671
135 212
135 1187
136 182
136 1427
137 389
137 481
137 678
137 984
137 1330
138 532
138 1762
138 1964
139 484
139 964
140 162
140 1075
140 1316
141 308
141 655
141 1303
142 1364
142 1471
142 1493
143 209
143 968
143 1465
143 1570
143 1925
144 171
144 486
144 1225
144 1480
144 1525
145 510
145 957
145 1136
145 1642
146 1013
146 1854
147 194
147 205
147 461
147 569
147 978
147 1153
147 1500
147 1822
148 450
148 766
148 871
149 217
149 1821
149 1924
150 1144
150 1978
151 583
152 586
152 1737
152 1757
153 733
153 1017
154 1669
155 553
155 1169
155 1388
155 1559
156 1052
157 1238
158 688
158 1213
158 1891
159 1624
160 812
160 1949
161 291
161 1508
162 201
162 1093
162 1127
162 1895
163 403
163 515
163 814
163 990
163 1202
163 1431
164 1737
165 326
165 1463
165 1572
165 1756
165 1797
166 1650
166 1651
167 422
168 514
170 1428
170 1607
171 624
172 560
172 927
172 1100
173 686
173 909
173 1458
173 1956
174 1366
175 291
175 735
175 1061
175 1704
176 800
176 1726
176 1942
177 245
177 302
177 557
177 1485
177 1712
177 1721
178 1043
178 1407
178 1487
178 1638
179 761
180 1597
180 1921
181 412
181 466
181 495
181 765
181 779
181 1384
181 1979
182 231
183 1517
183 1673
184 685
184 1087
184 1555
184 1943
184 1962
185 214
185 356
185 525
185 820
185 1028
185 1832
186 263
186 1360
187 302
187 678
187 739
187 894
187 1816
188 881
188 902
188 1069
188 1935
189 475
189 1620
190 273
191 250
191 940
191 1393
191 1752
191 1755
191 1870
192 329
192 1331
192 1462
193 391
193 952
193 1044
193 1284
193 1866
194 1114
194 1810
195 573
195 598
195 1553
195 1960
196 562
196 1227
196 1307
197 790
197 1261
198 1920
198 1940
199 758
199 1223
199 1270
199 1568
199 1628
200 585
200 598
200 814
200 1284
203 253
203 327
203 1616
204 666
204 728
204 1716
205 1191
205 1476
207 394
207 569
207 1520
207 1991
208 1551
209 1057
210 213
210 246
210 722
210 822
210 924
211 234
211 1296
211 1366
212 597
212 626
212 845
212 1047
212 1633
213 366
213 512
213 717
213 1015
214 453
214 910
214 1230
214 1804
215 1052
215 1124
215 1764
216 298
216 937
216 1156
216 1449
217 338
217 344
218 1382
219 676
219 1175
219 1999
220 1046
220 1072
221 607
221 831
221 1427
222 763
222 1532
222 1806
223 855
223 1923
224 459
224 1995
225 689
225 1549
226 1692
227 442
228 1193
229 1946
230 504
230 670
230 1042
230 1358
231 468
231 970
232 1461
232 1877
233 392
233 1986
234 1179
235 680
235 690
235 699
235 1748
235 1879
236 1709
237 1467
237 1888
238 562
238 966
238 1586
239 242
239 759
239 1131
239 1572
239 1656
240 756
241 435
241 441
241 1442
241 1521
242 253
242 313
242 1894
243 1249
244 879
244 1735
248 423
248 545
248 1351
248 1451
248 1553
249 726
249 1203
249 1275
249 1282
249 1807
250 400
250 592
250 1330
250 1768
250 1910
251 603
251 1468
252 751
252 1963
253 906
253 1104
254 316
254 516
254 1283
254 1908
255 285
255 736
255 851
255 1708
256 649
256 1086
256 1616
256 1727
257 426
257 702
257 1560
257 1968
258 310
258 634
258 827
259 1211
259 1717
260 830
260 835
261 1040
261 1482
261 1835
262 970
262 1308
262 1461
263 746
263 1319
263 1861
264 1770
265 1000
266 664
266 1064
267 350
267 539
267 821
267 1449
268 791
268 1151
268 1518
269 366
269 1847
270 576
271 1392
272 805
272 1834
274 1343
274 1898
275 782
275 787
275 1043
276 927
276 1742
278 672
278 972
279 782
280 923
280 944
280 1724
281 419
281 1238
281 1244
281 1293
281 1427
281 1707
282 401
282 860
282 953
283 878
283 1042
283 1372
283 1774
284 682
284 1700
285 291
285 540
285 700
285 752
285 919
285 1066
285 1497
286 1240
286 1667
286 1853
286 1926
287 300
287 1186
287 1293
288 1020
289 1048
289 1869
289 1871
290 1987
291 1873
291 1918
292 1759
293 614
293 683
293 1129
294 497
294 1124
294 1312
294 1422
295 541
295 901
295 1155
295 1267
295 1853
295 1971
296 511
296 1799
297 1454
297 1676
298 1077
298 1321
299 548
299 711
299 1450
299 1917
300 841
300 1616
300 1898
301 477
302 762
302 1300
303 1452
303 1608
303 1618
303 1680
304 643
305 1566
305 1657
305 1706
306 451
306 838
306 978
306 1521
307 926
307 941
307 946
307 1501
307 1522
307 1844
307 1879
308 1633
308 1787
308 1799
309 1202
310 447
310 1116
310 1458
312 430
312 470
312 975
312 1144
312 1243
312 1366
314 330
314 972
314 973
314 1492
315 936
316 509
316 510
316 1194
316 1934
316 1981
318 1150
318 1359
318 1561
319 887
320 472
320 934
321 396
321 479
322 620
323 1189
324 426
324 781
324 866
324 1035
324 1722
325 641
325 1063
326 427
326 472
326 841
326 1542
326 1743
326 1902
327 416
327 702
327 909
329 460
329 539
330 473
330 1153
330 1932
331 1030
331 1041
332 366
332 671
332 963
332 1220
332 1729
333 804
334 430
334 569
334 1982
335 565
335 1061
335 1093
335 1120
335 1442
336 388
338 1573
339 961
339 1142
339 1495
340 1734
340 1830
341 741
341 1019
341 1453
342 506
342 526
342 1121
342 1870
342 1913
344 402
344 679
344 855
344 1806
345 1912
346 1143
346 1636
347 517
347 1938
348 1297
348 1399
348 1961
349 636
349 832
351 1006
351 1242
351 1538
351 1579
351 1936
352 610
352 770
352 985
352 1811
352 1812
353 492
355 1348
355 1631
355 1740
356 1604
356 1625
356 1978
357 633
357 790
357 919
358 833
358 1461
359 1175
360 902
360 1944
361 1069
362 1195
362 1720
363 1011
363 1185
363 1258
363 1468
363 1508
363 1666
363 1818
363 1969
364 392
364 420
364 1423
366 613
366 1095
366 1395
366 1485
366 1649
366 1813
367 679
367 987
367 1007
369 851
369 1479
369 1630
370 1370
370 1937
371 615
372 645
372 1652
373 553
373 775
373 909
373 1278
373 1629
373 1718
373 1738
374 1172
374 1219
374 1474
375 469
375 1115
375 1271
375 1357
375 1423
375 1758
376 1003
376 1245
376 1985
377 733
377 843
377 1623
377 1954
378 666
378 999
378 1584
378 1797
379 665
379 1243
379 1818
380 613
380 1035
380 1317
380 1523
381 722
382 531
383 767
383 1358
383 1363
384 1225
384 1924
385 1280
385 1722
386 471
386 1632
387 644
388 408
388 872
388 1456
388 1989
389 450
390 549
390 751
390 1456
392 550
392 950
392 955
393 1418
393 1547
394 1069
394 1177
394 1806
394 1904
395 422
395 858
395 1570
396 882
396 1572
397 845
400 1185
400 1849
401 424
401 869
402 1447
403 542
403 886
403 1169
404 598
404 901
404 1246
404 1815
404 1864
405 816
405 1438
407 1712
408 419
408 851
408 1211
408 1584
408 1878
409 805
409 997
410 486
410 717
410 1026
411 1605
412 566
412 1639
413 693
414 1564
415 1070
417 1693
418 830
418 1178
419 699
420 718
420 1415
420 1421
420 1668
421 602
421 611
421 1512
422 1796
423 1493
423 1712
424 1048
424 1179
424 1261
424 1290
424 1898
425 674
426 659
426 1180
426 1221
426 1801
427 478
428 595
428 1136
429 835
429 844
429 1398
429 1512
429 1753
429 1982
430 930
430 1658
431 1667
431 1738
432 526
432 773
432 963
432 1473
432 1770
433 642
433 749
433 980
433 1812
434 1709
435 721
436 547
436 948
436 1460
438 526
438 551
438 761
438 1089
439 1350
439 1495
439 1714
439 1763
441 938
441 1349
441 1452
441 1722
442 615
442 627
442 658
442 703
442 836
442 1515
443 627
443 1467
443 1862
444 861
444 1018
444 1164
444 1338
444 1360
445 909
445 1107
445 1629
445 1816
446 463
446 507
448 563
448 657
448 1922
449 1144
449 1715
450 690
450 1280
450 1300
450 1420
451 907
451 1025
451 1424
451 1512
452 541
452 1366
453 519
454 1062
454 1874
455 757
455 1013
455 1418
455 1558
456 809
456 889
456 894
456 931
456 1301
456 1866
457 951
457 1510
457 1603
458 1427
458 1919
458 1967
459 1654
459 1941
460 469
460 479
460 1320
461 1526
461 1550
463 697
463 1911
464 831
464 1375
464 1610
465 634
465 1207
465 1358
466 598
466 656
467 820
467 1927
468 526
468 1080
469 581
469 1504
469 1579
469 1716
470 1401
471 612
471 1892
471 1962
472 1578
473 906
474 552
474 817
474 1402
475 500
475 519
475 1546
476 952
476 1892
477 1006
477 1076
479 1759
480 1032
480 1586
480 1609
480 1743
480 1913
481 1093
481 1488
482 1629
482 1734
482 1821
483 834
483 1408
483 1447
483 1798
484 623
485 585
485 597
485 757
485 1989
486 711
486 1405
486 1545
487 892
487 1059
487 1075
487 1876
488 1141
488 1749
489 601
489 1310
489 1565
490 578
490 1655
491 588
491 776
492 1474
493 780
493 1203
493 1417
494 558
494 1582
495 679
495 742
496 521
496 622
496 1309
496 1896
496 1912
497 934
497 1060
498 1461
498 1642
499 1041
500 666
500 1243
500 1294
501 573
501 727
502 1512
502 1646
502 1854
503 1164
504 1294
504 1319
504 1653
504 1734
505 1076
505 1821
505 1916
506 624
506 1449
506 1686
506 1734
507 1166
507 1317
509 648
510 602
510 626
510 657
510 1817
511 699
511 1162
511 1992
512 707
512 1780
513 935
513 1349
513 1555
513 1646
514 547
514 978
515 845
515 1210
515 1977
516 1653
517 1380
517 1979
518 1213
519 569
519 1035
519 1775
520 1553
520 1873
522 1296
522 1912
522 1983
523 1224
523 1315
523 1350
524 1729
526 1160
526 1174
526 1460
526 1544
526 1935
527 1082
527 1131
527 1672
528 583
528 624
529 1880
530 743
530 812
530 1352
531 566
532 865
532 1990
533 708
533 1672
534 610
534 1782
535 763
535 1019
535 1426
536 1772
537 905
537 953
537 1403
538 1367
539 595
539 1177
539 1920
540 726
540 953
540 1156
541 880
541 1857
542 806
543 861
543 1164
543 1795
544 1493
544 1764
545 1648
546 684
546 900
546 1137
546 1583
547 845
547 1348
548 630
548 1490
549 1421
549 1803
549 1835
551 902
551 1239
551 1530
551 1821
552 959
552 1632
553 573
554 840
554 968
554 1197
554 1322
555 1301
557 863
557 1267
558 1102
558 1425
558 1456
558 1803
561 792
561 1490
562 1531
563 1352
563 1457
563 1464
563 1735
563 1916
564 1007
564 1470
565 1456
566 821
566 828
566 1634
566 1866
567 846
567 1151
567 1571
568 999
568 1392
568 1788
568 1894
568 1970
569 777
569 1137
569 1187
569 1621
570 1040
570 1584
570 1898
571 1245
571 1525
571 1855
574 635
574 993
574 1522
575 1959
576 1756
577 1007
577 1114
578 995
578 1584
578 1673
580 1291
580 1366
581 783
582 1115
583 1842
584 1291
584 1786
584 1906
584 1945
586 748
586 887
586 1075
587 619
587 1246
588 1098
588 1891
588 1956
589 1002
591 976
591 1385
591 1587
591 1999
592 1599
592 1727
592 1737
593 1134
593 1226
593 1273
593 1478
594 842
595 600
595 1851
595 1978
596 597
596 1134
596 1251
596 1508
596 1861
597 834
597 1499
598 1033
599 703
599 792
599 1683
599 1712
600 962
600 1170
601 761
601 828
601 1817
601 1907
603 920
603 1444
605 704
606 767
606 773
606 1370
606 1749
607 1327
608 735
609 1389
610 1174
610 1226
611 1088
611 1188
611 1345
611 1378
611 1635
612 799
612 1851
612 1853
612 1872
613 1108
613 1341
613 1682
615 909
615 1137
615 1344
615 1532
615 1740
617 1529
618 1719
618 1827
618 1874
619 651
619 1880
620 872
620 1659
621 764
621 1394
621 1852
621 1992
622 650
622 1340
622 1632
623 1038
623 1468
623 1709
624 900
624 1110
624 1385
625 959
625 1294
626 1784
627 1854
627 1968
628 1679
628 1885
629 933
629 1043
630 837
630 1087
630 1996
631 1170
632 683
633 870
633 1032
633 1199
635 1257
636 945
636 1051
636 1184
636 1952
637 1000
637 1423
637 1762
638 1020
638 1253
638 1750
638 1884
639 1895
640 1263
641 1041
641 1069
642 762
642 1457
642 1476
642 1790
643 977
643 1161
643 1237
643 1814
643 1960
644 1335
644 1524
644 1550
644 1717
645 958
645 1102
645 1666
646 769
646 1819
647 1614
648 1762
649 1191
649 1576
649 1956
651 1503
651 1587
652 755
652 1028
653 889
653 1119
653 1229
653 1728
654 932
655 880
655 883
655 1202
656 661
656 1388
656 1755
658 1207
658 1837
659 1297
660 966
660 1025
661 1755
661 1813
661 1940
662 858
663 1023
663 1428
664 1151
665 1121
666 1055
666 1088
666 1603
669 1341
670 1508
670 1732
671 849
671 1471
671 1540
672 1494
673 1935
674 1063
675 911
675 1667
677 812
677 1537
677 1983
678 1004
678 1099
678 1230
679 1273
679 1389
679 1625
680 1184
680 1741
681 1031
681 1917
682 1112
682 1502
682 1713
683 1412
684 1151
685 964
685 1098
685 1341
685 1436
685 1933
685 1947
686 746
686 1153
686 1236
687 1521
688 1050
689 691
689 1100
689 1666
689 1831
691 1929
692 1128
692 1511
692 1869
693 1377
695 911
695 961
695 1411
695 1822
696 906
696 1462
696 1529
697 1753
697 1779
697 1955
698 1188
699 853
699 1547
700 1085
701 994
704 845
704 1774
705 1045
706 1196
706 1744
706 1792
706 1802
708 898
708 1659
709 801
709 979
709 1511
709 1581
712 1674
713 1195
713 1302
713 1965
714 790
715 753
715 870
718 1350
719 1068
720 1206
721 1488
721 1931
722 1386
722 1965
722 1991
723 1067
723 1647
724 910
724 1730
725 1639
726 1643
726 1784
726 1946
727 764
727 841
727 1087
728 1722
729 1660
730 877
730 1904
731 905
731 1234
731 1392
732 806
733 1332
733 1417
733 1773
734 791
734 883
734 998
734 1506
735 1319
737 1145
737 1313
737 1654
738 1673
738 1909
739 1097
740 1005
740 1706
740 1748
741 1138
741 1358
742 758
743 1089
743 1673
744 889
744 1056
744 1620
745 1052
745 1139
746 963
746 1360
746 1444
747 1078
747 1413
748 920
748 1596
748 1669
748 1999
749 765
749 853
749 1643
749 1729
749 1820
750 1905
751 1233
751 1270
751 1360
751 1523
751 1542
753 971
754 1577
755 1195
755 1344
755 1904
756 849
756 1515
757 1421
757 1964
758 1381
758 1680
758 1693
760 774
760 965
760 1175
760 1256
760 1513
761 1338
762 928
762 1262
762 1591
763 895
763 1443
763 1647
763 1831
765 1701
766 770
766 1326
767 896
767 1490
767 1655
768 886
769 1147
770 833
770 1481
770 1960
771 1157
771 1865
773 877
775 957
776 1368
777 1475
778 993
778 1178
778 1763
779 1781
780 985
780 1048
782 1799
782 1928
783 903
783 1372
783 1535
784 1705
784 1820
785 788
785 1586
786 923
786 1141
786 1411
786 1477
786 1850
787 1034
787 1858
788 1905
789 1160
789 1625
791 1357
791 1710
792 913
794 878
795 1318
795 1644
796 876
797 891
797 1883
798 908
799 837
799 1761
800 820
800 853
800 1578
800 1604
801 1470
802 1049
802 1563
803 1021
803 1487
805 815
805 1113
805 1280
805 1984
807 1076
807 1212
807 1617
807 1864
810 1444
810 1816
811 913
811 1099
811 1815
812 816
812 1956
813 819
813 1921
813 1957
815 1128
815 1389
815 1803
816 1844
817 1797
818 1017
818 1449
818 1631
818 1958
819 1186
820 1067
820 1889
820 1904
821 1469
823 926
823 1282
823 1855
824 1044
825 890
825 901
825 1505
825 1514
826 1177
826 1473
826 1719
828 1031
828 1877
828 1914
829 875
829 1460
829 1516
830 1789
831 1087
831 1732
832 1891
833 1027
835 905
835 955
835 985
835 1936
836 1261
837 1045
837 1361
838 985
838 1836
839 1069
839 1161
839 1271
840 1080
840 1198
841 1390
841 1489
844 1520
845 1497
845 1739
846 1401
846 1872
847 959
847 1707
847 1745
847 1770
847 1887
847 1934
848 1154
848 1463
848 1720
849 894
849 1021
849 1266
849 1431
849 1683
850 1024
850 1589
850 1892
851 1338
852 1284
852 1922
853 1557
853 1575
853 1607
853 1636
853 1691
853 1807
854 870
854 1408
855 1088
855 1476
855 1771
856 1958
856 1985
857 1525
858 1441
858 1525
858 1640
858 1654
859 1272
859 1788
861 1475
863 995
863 1207
863 1354
863 1912
865 881
865 890
865 1175
865 1248
866 1288
867 929
867 1567
867 1976
868 966
868 1216
868 1788
868 1919
869 1174
869 1501
869 1785
870 1400
870 1797
870 1998
871 1409
872 1814
873 1404
873 1784
874 1220
874 1292
874 1362
874 1692
874 1745
875 922
876 1019
876 1470
876 1919
877 1034
878 1026
878 1252
878 1765
878 1791
879 1633
880 1779
881 1643
882 1126
882 1404
883 976
884 1776
884 1998
886 1148
886 1205
887 1400
889 1903
892 1106
892 1184
892 1468
892 1821
894 1219
894 1471
896 1401
896 1785
897 1513
897 1911
899 1491
899 1497
899 1631
900 1382
900 1586
901 1267
901 1473
901 1803
902 975
903 964
903 1044
903 1163
904 993
904 1522
905 1214
906 1344
906 1495
907 930
907 1623
907 1823
907 1973
909 1064
909 1195
910 1127
910 1842
910 1984
911 1420
912 954
914 1569
915 1776
916 945
916 955
916 1159
917 1424
918 1621
919 1554
919 1835
919 1882
920 1658
920 1714
921 1546
921 1665
923 1045
923 1275
923 1475
923 1658
923 1896
927 1290
928 1027
928 1300
929 1080
929 1803
929 1838
929 1898
929 1960
930 1375
931 1515
932 1940
934 974
934 1964
935 1371
935 1518
936 1338
936 1906
937 1755
937 1768
938 1456
939 1696
939 1986
940 1420
940 1937
941 1766
942 1079
943 1093
943 1213
943 1444
943 1729
944 1180
945 1561
945 1736
946 1247
948 1185
948 1973
949 1893
951 1137
951 1356
951 1725
951 1894
952 1410
953 1151
954 1122
955 1174
955 1250
957 1636
958 1302
958 1824
959 1935
960 998
961 968
962 1091
962 1681
964 1202
964 1274
964 1579
965 1110
965 1211
965 1945
966 1851
969 1567
969 1771
970 1199
971 1011
972 986
972 1330
973 1792
974 1153
974 1250
974 1598
975 1016
975 1178
975 1418
976 1316
976 1881
978 1065
978 1811
978 1848
979 1167
979 1247
980 1737
981 1469
981 1474
982 1332
983 1522
984 1294
984 1716
985 1168
985 1327
985 1476
987 1369
987 1592
988 1111
988 1353
989 995
989 1394
989 1819
990 1230
990 1484
990 1607
990 1846
991 1445
991 1495
992 1382
992 1454
993 1077
993 1435
993 1933
996 1110
996 1722
997 1890
999 1081
999 1088
999 1151
999 1192
1001 1135
1003 1330
1004 1750
1005 1984
1006 1041
1006 1719
1007 1189
1007 1507
1007 1565
1008 1532
1008 1965
1009 1399
1010 1192
1010 1225
1011 1400
1011 1652
1013 1163
1013 1414
1014 1079
1014 1579
1015 1126
1018 1693
1018 1737
1019 1398
1019 1444
1019 1604
1019 1830
1020 1039
1020 1252
1020 1262
1021 1715
1022 1134
1022 1845
1024 1458
1024 1697
1024 1725
1024 1790
1025 1211
1025 1374
1026 1562
1028 1488
1028 1655
1029 1311
1029 1783
1030 1260
1030 1587
1030 1854
1031 1187
1031 1219
1031 1253
1031 1659
1032 1071
1033 1865
1034 1361
1034 1698
1034 1716
1035 1230
1037 1436
1038 1264
1038 1613
1039 1098
1039 1800
1039 1909
1042 1611
1044 1343
1046 1701
1046 1990
1047 1140
1047 1290
1047 1707
1047 1937
1048 1189
1049 1689
1050 1310
1050 1453
1050 1781
1051 1157
1051 1664
1051 1688
1051 1691
1052 1291
1053 1932
1055 1298
1057 1103
1057 1973
1059 1318
1059 1549
1059 1594
1059 1818
1060 1998
1062 1863
1065 1611
1065 1667
1068 1845
1069 1332
1069 1497
1070 1199
1071 1324
1071 1526
1071 1558
1072 1311
1072 1643
1073 1126
1073 1597
1074 1360
1075 1269
1075 1521
1075 1803
1076 1498
1077 1549
1077 1878
1081 1414
1082 1504
1082 1800
1082 1943
1082 1967
1083 1334
1085 1988
1086 1640
1088 1270
1091 1571
1091 1763
1091 1886
1092 1213
1092 1654
1093 1338
1093 1343
1093 1555
1096 1596
1096 1847
1097 1230
1097 1321
1097 1355
1098 1231
1099 1925
1101 1191
1101 1246
1102 1793
1102 1985
1103 1937
1104 1164
1104 1311
1105 1351
1105 1893
1106 1198
1106 1418
1107 1802
1108 1595
1108 1613
1110 1473
1112 1966
1113 1991
1114 1973
1115 1230
1115 1549
1115 1581
1115 1997
1116 1826
1116 1967
1117 1294
1117 1889
1118 1180
1118 1388
1118 1441
1119 1122
1121 1221
1122 1151
1122 1448
1122 1940
1124 1338
1124 1661
1125 1775
1125 1908
1126 1232
1126 1344
1126 1374
1127 1153
1128 1237
1128 1257
1129 1477
1129 1711
1129 1871
1130 1596
1130 1629
1130 1636
1131 1579
1132 1783
1133 1262
1134 1138
1134 1396
1134 1603
1134 1701
1135 1716
1135 1793
1137 1230
1137 1382
1137 1736
1138 1340
1138 1623
1138 1884
1139 1332
1140 1145
1140 1462
1140 1857
1141 1943
1142 1760
1143 1763
1143 1791
1143 1838
1144 1451
1144 1829
1144 1922
1145 1157
1145 1184
1146 1285
1147 1775
1151 1560
1151 1708
1151 1730
1151 1796
1151 1817
1153 1749
1154 1296
1155 1366
1155 1925
1160 1755
1161 1596
1162 1722
1163 1300
1163 1313
1163 1368
1163 1455
1163 1602
1164 1942
1166 1280
1166 1408
1166 1916
1168 1984
1169 1613
1169 1723
1172 1549
1172 1778
1172 1875
1173 1795
1173 1928
1173 1970
1173 1974
1174 1213
1174 1399
1174 1406
1174 1596
1176 1370
1176 1376
1176 1545
1176 1840
1177 1196
1178 1289
1178 1328
1179 1830
1180 1692
1180 1726
1182 1284
1184 1603
1185 1862
1186 1580
1187 1474
1187 1998
1189 1754
1189 1861
1190 1234
1192 1290
1192 1807
1193 1559
1193 1943
1194 1233
1194 1488
1195 1263
1196 1415
1196 1721
1197 1209
1197 1790
1198 1602
1198 1831
1200 1468
1201 1865
1202 1777
1204 1479
1205 1217
1205 1792
1206 1436
1206 1703
1206 1894
1210 1887
1212 1319
1212 1652
1213 1719
1213 1736
1214 1459
1214 1473
1214 1623
1214 1804
1216 1619
1219 1473
1221 1336
1222 1963
1224 1705
1225 1233
1225 1243
1225 1268
1225 1957
1226 1942
1226 1946
1228 1231
1228 1271
1229 1356
1229 1410
1229 1679
1236 1262
1236 1493
1236 1538
1236 1556
1236 1634
1237 1299
1238 1938
1240 1262
1240 1614
1240 1794
1241 1693
1241 1714
1241 1898
1242 1664
1243 1617
1244 1973
1245 1387
1247 1940
1247 1946
1249 1373
1250 1880
1251 1610
1253 1672
1253 1850
1254 1905
1255 1339
1256 1491
1257 1539
1261 1476
1262 1502
1262 1884
1265 1366
1265 1809
1265 1877
1266 1877
1268 1495
1269 1968
1270 1775
1270 1787
1271 1772
1272 1595
1273 1385
1273 1728
1274 1729
1274 1754
1275 1840
1277 1353
1279 1586
1279 1613
1279 1639
1279 1757
1279 1784
1279 1950
1279 1993
1280 1483
1282 1975
1283 1440
1284 1376
1284 1766
1285 1934
1286 1934
1287 1340
1288 1823
1288 1935
1292 1538
1292 1569
1292 1795
1293 1648
1293 1814
1293 1922
1294 1436
1295 1342
1296 1317
1300 1883
1301 1444
1301 1594
1302 1505
1302 1925
1303 1545
1304 1985
1307 1492
1307 1738
1307 1971
1309 1311
1309 1744
1311 1459
1312 1434
1312 1513
1312 1721
1313 1498
1315 1887
1315 1903
1317 1988
1318 1447
1318 1506
1318 1749
1319 1790
1322 1364
1322 1734
1323 1503
1323 1573
1324 1745
1324 1984
1326 1750
1328 1386
1328 1436
1328 1529
1329 1904
1331 1810
1332 1718
1333 1516
1335 1824
1335 1986
1336 1337
1337 1553
1339 1564
1340 1739
1341 1509
1342 1620
1342 1729
1343 1935
1344 1520
1345 1448
1346 1872
1351 1486
1351 1599
1352 1908
1353 1447
1353 1721
1353 1723
1353 1835
1356 1405
1356 1467
1357 1364
1357 1576
1357 1581
1359 1656
1359 1971
1360 1453
1360 1826
1360 1931
1361 1725
1361 1961
1362 1419
1362 1483
1362 1772
1363 1425
1365 1642
1368 1437
1368 1838
1368 1916
1369 1385
1372 1631
1372 1848
1372 1896
1372 1933
1376 1592
1376 1891
1376 1966
1377 1929
1378 1823
1378 1870
1379 1878
1379 1910
1380 1525
1380 1567
1380 1711
1381 1894
1381 1978
1382 1960
1383 1554
1383 1778
1385 1933
1386 1905
1387 1439
1388 1687
1391 1670
1391 1872
1393 1425
1393 1540
1395 1449
1395 1947
1396 1682
1396 1986
1397 1848
1397 1916
1397 1944
1399 1568
1399 1691
1400 1788
1400 1812
1402 1504
1405 1467
1405 1579
1405 1655
1405 1785
1407 1514
1407 1680
1408 1978
1411 1789
1412 1684
1413 1840
1415 1780
1417 1751
1417 1770
1418 1984
1420 1956
1421 1429
1422 1444
1422 1988
1423 1457
1424 1654
1424 1667
1425 1858
1427 1746
1430 1595
1431 1605
1432 1761
1433 1462
1433 1699
1434 1705
1436 1851
1438 1517
1439 1578
1439 1664
1439 1937
1441 1529
1441 1937
1442 1590
1444 1515
1447 1847
1448 1743
1448 1889
1449 1878
1450 1968
1452 1595
1455 1662
1458 1481
1458 1555
1458 1684
1459 1871
1460 1526
1461 1480
1465 1512
1466 1763
1467 1671
1468 1481
1468 1956
1469 1877
1471 1479
1474 1545
1474 1984
1476 1846
1477 1801
1478 1907
1479 1892
1480 1933
1481 1524
1481 1544
1483 1548
1484 1811
1485 1493
1485 1898
1486 1790
1486 1873
1487 1640
1488 1849
1489 1499
1489 1584
1490 1735
1492 1810
1493 1851
1497 1736
1498 1518
1498 1886
1499 1504
1499 1617
1501 1639
1501 1699
1501 1917
1502 1807
1504 1658
1504 1867
1505 1996
1506 1683
1509 1622
1515 1631
1515 1714
1517 1603
1518 1639
1519 1680
1523 1802
1523 1842
1527 1808
1528 1657
1534 1815
1536 1783
1538 1802
1539 1619
1540 1828
1540 1965
1542 1783
1543 1827
1544 1951
1546 1658
1547 1585
1548 1823
1548 1992
1550 1910
1551 1560
1551 1975
1557 1623
1558 1775
1558 1939
1560 1826
1562 1597
1563 1595
1563 1694
1565 1910
1567 1836
1568 1669
1570 1753
1571 1821
1571 1950
1572 1805
1575 1609
1575 1682
1575 1860
1576 1833
1576 1901
1577 1977
1584 1652
1584 1655
1585 1858
1586 1801
1586 1902
1588 1813
1591 1855
1592 1742
1593 1859
1594 1686
1596 1647
1596 1652
1596 1949
1605 1616
1608 1738
1610 1626
1611 1885
1612 1679
1612 1947
1613 1801
1615 1936
1616 1924
1618 1866
1620 1655
1623 1867
1623 1960
1626 1834
1629 1814
1629 1908
1631 1652
1632 1678
1632 1853
1635 1994
1637 1705
1637 1879
1643 1769
1644 1768
1653 1901
1655 1773
1656 1795
1658 1953
1662 1787
1670 1904
1672 1769
1672 1940
1673 1757
1675 1776
1676 1990
1679 1881
1680 1816
1683 1741
1685 1768
1687 1721
1687 1784
1687 1958
1689 1751
1692 1855
1695 1703
1696 1907
1696 1928
1697 1698
1697 1794
1697 1824
1703 1752
1704 1832
1708 1749
1710 1779
1711 1828
1712 1820
1713 1907
1715 1864
1721 1726
1721 1836
1722 1949
1724 1750
1725 1894
1726 1930
1737 1757
1737 1891
1737 1895
1749 1814
1751 1884
1754 1824
1759 1863
1763 1813
1765 1825
1768 1991
1769 1784
1773 1790
1779 1944
1780 1878
1783 1925
1785 1937
1787 1880
1787 1971
1789 1889
1789 1896
1789 1961
1797 1931
1804 1930
1806 1977
1812 1818
1816 1922
1822 1914
1829 1889
1830 1915
1832 1859
1845 1997
1847 1906
1851 1886
1851 1977
1864 1891
1892 1906
1895 1955
1899 1979
1900 1932
1901 1990
1912 1973
1913 1975
1934 1995
1945 1998
1951 1975
1963 1972
1964 1979
