2000 3010
56
41
38
86
58
25
39
93
12
85
76
85
96
87
95
37
67
3
68
36
23
88
46
95
52
33
33
15
8
60
19
25
83
48
24
64
19
70
22
83
55
6
58
36
33
95
72
17
32
83
58
2
20
55
21
55
23
28
69
97
78
63
65
49
81
29
37
52
55
52
55
10
83
78
26
5
56
8
1
43
42
24
50
43
42
41
31
68
44
13
22
20
62
82
6
93
87
61
5
98
74
3
83
42
76
44
70
38
47
17
47
12
36
95
71
94
72
13
77
51
22
66
60
54
36
64
56
6
75
70
52
30
55
40
68
45
61
1
68
90
41
39
53
43
93
86
62
30
34
34
14
39
84
26
95
7
17
30
79
99
92
28
19
19
42
50
8
55
6
14
20
93
63
46
78
66
84
91
3
2
58
34
67
39
73
15
31
66
31
53
76
91
22
89
80
84
46
84
94
62
2
33
65
72
71
8
54
84
2
47
59
34
82
63
67
30
74
17
78
24
86
64
72
93
73
25
12
58
89
66
20
9
65
94
65
10
6
46
65
17
97
4
4
30
49
77
99
73
74
89
5
63
90
12
68
3
67
68
55
50
67
8
52
23
5
79
58
22
36
4
91
28
21
44
72
68
60
40
50
60
33
28
37
58
71
84
71
51
23
31
92
80
42
77
48
32
27
92
15
50
8
94
22
94
39
34
48
50
62
81
21
30
96
33
78
34
74
85
98
4
28
32
37
68
44
4
61
92
69
80
77
71
32
15
38
4
70
23
51
52
34
52
10
93
83
90
31
13
39
84
100
43
41
30
40
52
88
28
51
22
12
50
87
10
4
98
6
85
78
63
12
57
8
57
11
74
92
32
41
41
79
44
45
89
60
1
3
75
81
9
88
90
11
97
45
34
95
95
9
86
78
71
28
100
88
62
40
29
34
94
67
22
67
7
49
21
95
17
85
58
85
25
57
97
20
97
42
94
91
57
75
18
55
60
64
67
85
56
1
25
97
70
55
97
84
8
43
95
24
37
100
39
24
9
71
42
62
77
94
49
33
3
43
65
85
27
41
18
38
77
50
20
62
49
100
93
15
40
49
76
90
5
21
71
88
78
31
31
18
28
27
20
99
63
48
90
26
34
89
100
40
59
19
47
65
21
42
96
14
47
80
39
42
94
37
66
76
93
15
27
46
55
88
75
53
39
79
37
40
19
18
84
15
93
76
87
12
60
79
42
21
13
12
89
57
68
50
66
90
45
18
26
79
3
63
32
45
32
43
29
1
21
56
96
45
62
42
100
24
52
16
24
47
46
23
89
19
3
63
18
61
88
37
68
60
32
47
83
27
60
8
98
45
66
87
45
1
15
50
51
28
23
12
27
86
94
72
24
13
58
43
21
1
78
76
52
32
20
75
66
3
99
8
38
71
36
68
72
56
41
74
17
42
13
20
62
84
27
94
61
100
19
75
54
59
21
90
8
70
5
45
11
99
4
70
38
67
47
97
28
81
31
93
85
24
73
95
17
87
20
39
90
98
50
75
48
33
93
89
1
21
64
67
59
53
22
94
90
35
11
54
60
37
95
82
84
37
65
45
87
31
97
81
70
33
84
13
74
85
92
25
91
28
30
88
40
57
44
26
18
97
57
1
35
43
21
79
62
75
62
75
88
24
44
97
44
87
33
3
40
51
31
40
70
65
78
75
46
26
48
66
80
98
7
96
62
36
30
55
40
29
80
71
82
97
30
85
13
35
88
50
2
80
57
61
87
94
43
100
25
9
35
42
43
42
18
36
4
75
48
7
5
50
77
46
50
73
81
84
13
4
40
25
76
9
20
72
77
41
81
23
78
35
16
11
64
31
3
74
86
89
93
10
92
32
30
38
39
14
100
16
42
79
11
8
90
49
90
43
3
78
91
18
74
21
2
100
48
78
27
63
66
37
98
37
98
11
43
48
80
63
1
43
2
7
46
30
41
88
64
14
67
95
23
64
25
2
4
44
82
9
53
23
7
16
39
86
18
62
34
62
85
89
58
23
51
79
26
91
74
46
84
74
85
42
82
22
6
30
31
42
47
90
78
88
82
45
35
49
19
80
1
37
72
31
32
44
23
59
77
32
61
16
92
36
74
29
45
42
25
86
13
2
9
83
92
86
7
93
38
32
91
28
3
99
3
77
88
55
58
63
1
40
92
1
83
32
56
64
73
1
63
73
58
11
38
5
31
8
40
23
82
18
60
35
84
8
23
12
26
13
68
20
96
79
64
21
38
43
41
36
6
10
89
38
56
34
95
100
24
27
92
72
84
85
8
14
26
45
39
63
89
75
26
78
9
59
57
70
99
63
85
5
64
49
53
4
69
84
39
36
97
38
50
13
67
80
29
78
76
94
72
99
15
86
76
81
18
17
40
92
80
91
92
55
100
67
59
76
80
81
46
38
95
42
38
13
19
59
44
64
76
73
59
21
41
87
71
42
77
28
44
71
14
59
8
58
39
28
44
38
97
27
75
18
38
57
48
8
49
22
76
43
98
41
93
19
61
6
84
1
17
84
57
23
82
52
85
8
86
43
23
39
90
91
26
56
22
73
83
39
10
4
12
22
9
72
84
4
75
68
47
36
85
17
15
99
97
36
22
77
7
58
92
7
52
76
92
17
27
50
54
100
1
35
95
93
11
49
92
68
5
64
30
64
90
18
63
27
43
61
60
19
49
64
29
90
10
50
17
35
20
32
26
9
43
35
71
92
57
8
81
47
68
53
46
15
38
32
9
52
20
25
22
30
31
37
58
5
18
36
57
39
44
99
24
80
16
89
100
22
26
36
6
14
15
66
68
63
98
21
12
18
36
10
2
22
75
55
44
94
63
27
62
16
55
6
62
74
55
60
33
8
5
73
36
1
22
48
83
64
26
81
78
85
28
13
44
63
36
20
93
46
82
43
30
68
97
45
30
85
57
44
33
27
49
41
32
70
67
62
52
66
31
84
48
55
54
62
12
79
28
39
21
30
39
26
49
66
52
99
87
38
79
38
45
63
50
86
25
93
73
27
23
17
58
82
40
78
3
95
98
10
38
61
88
90
59
88
78
68
30
88
94
7
97
16
36
38
88
22
17
38
9
90
5
76
99
52
33
59
48
6
84
94
45
40
76
7
52
46
19
38
24
26
45
95
48
70
48
61
11
39
67
56
42
32
80
30
88
54
14
58
74
25
55
83
74
66
72
36
51
95
49
71
65
3
53
21
11
67
96
82
15
24
85
47
79
91
62
49
5
35
83
97
50
5
29
11
16
70
55
89
51
39
87
77
72
59
57
80
40
27
22
11
24
11
61
84
73
32
57
58
8
23
77
32
22
17
13
98
52
66
14
91
78
5
22
87
62
55
2
67
18
37
69
69
51
77
35
97
86
42
89
76
82
34
11
4
78
97
53
15
36
20
47
23
55
10
93
20
9
23
31
92
90
19
57
2
45
82
67
1
12
34
38
53
74
60
74
78
54
15
87
26
18
59
98
33
36
90
21
4
74
54
63
7
24
14
71
40
29
54
65
65
79
73
4
15
17
76
24
18
98
16
39
10
68
1
21
38
98
97
28
31
38
85
40
13
29
61
99
38
94
9
85
65
77
66
100
60
29
18
35
78
6
60
44
47
2
47
98
97
45
22
94
54
79
90
73
74
49
62
59
60
33
52
89
16
18
15
34
95
76
65
25
4
49
76
43
95
58
47
61
47
32
63
18
14
80
25
30
51
76
88
97
13
95
17
74
92
37
46
62
44
30
21
65
16
51
75
93
5
18
90
41
29
46
62
6
66
65
69
44
37
3
54
1
23
91
70
46
11
55
21
41
7
85
10
44
59
79
6
89
71
50
62
19
45
49
14
66
1
44
52
97
100
47
32
94
3
26
17
63
13
57
64
92
55
90
3
76
83
20
8
74
27
84
2
8
71
14
93
15
66
21
82
35
45
43
77
30
84
16
29
42
67
69
5
8
29
95
61
64
97
24
34
75
83
94
33
97
79
83
62
71
4
3
15
31
88
96
36
99
44
55
48
7
47
59
48
12
24
36
36
44
93
23
51
81
76
26
45
37
1
54
47
17
71
47
86
94
48
43
6
28
39
69
7
67
76
44
22
17
53
36
99
87
55
71
20
35
34
95
87
72
55
36
98
79
54
93
28
28
76
55
30
78
99
48
81
50
3
80
96
94
76
39
52
31
79
96
66
43
30
32
81
57
33
88
85
12
11
62
83
82
59
36
57
75
85
77
39
80
62
4
1
35
67
75
53
59
93
25
14
1
70
1
74
5
46
4
75
72
68
27
21
86
94
26
23
71
61
44
23
80
42
54
41
59
93
47
71
72
45
30
49
35
91
93
42
5
71
90
68
3
8
43
37
41
7
87
52
25
48
15
66
86
54
29
82
56
56
99
24
1
33
26
78
63
34
78
34
9
29
99
40
63
82
69
27
5
44
67
72
65
43
60
67
32
16
66
43
8
99
81
75
26
18
94
12
72
15
53
100
62
5
84
61
6
0 1335
1 1004
1 1743
2 168
2 365
2 755
2 1074
2 1133
2 1363
3 597
3 1484
3 1610
3 1757
3 1856
4 667
5 128
5 255
5 650
6 1695
6 1799
7 162
7 1264
7 1658
8 724
8 800
8 1214
8 1739
9 367
10 302
11 299
11 1115
12 1635
12 1677
12 1956
13 347
13 721
13 967
13 1241
13 1533
13 1943
14 404
14 461
14 505
14 1256
14 1573
14 1680
14 1790
14 1853
15 605
15 655
15 690
15 1546
16 149
16 357
16 1228
16 1551
16 1632
18 125
18 628
18 1406
19 1087
19 1869
20 1143
20 1169
20 1337
20 1422
20 1513
20 1750
22 219
22 836
22 1036
23 1080
23 1330
23 1936
24 291
24 754
24 1033
24 1068
24 1296
24 1412
26 72
26 620
26 1484
26 1821
27 59
27 328
28 750
28 927
29 682
29 959
29 1255
29 1850
30 163
30 228
30 615
30 1403
30 1627
31 183
31 1698
32 563
33 1140
33 1239
33 1593
34 368
34 1022
34 1283
35 299
35 958
36 881
37 1008
37 1031
37 1082
38 90
38 206
39 1353
39 1529
40 175
40 355
40 466
41 468
41 861
42 903
42 1200
43 149
43 521
44 1263
44 1324
45 264
45 1635
46 176
46 203
46 908
46 913
46 1071
46 1877
46 1938
47 291
48 748
48 1241
48 1410
49 643
49 646
49 781
50 216
50 422
50 730
50 777
50 1249
51 224
51 694
51 976
51 1703
52 293
52 441
52 1260
52 1442
53 540
53 1072
53 1244
53 1684
53 1883
54 303
54 1171
55 617
55 1149
56 146
57 1328
58 934
58 1932
59 1322
59 1407
60 540
60 1121
61 232
61 844
61 1123
62 92
62 390
62 1770
63 936
63 1993
64 1797
65 844
66 1051
66 1459
66 1693
66 1872
67 729
67 1184
67 1657
68 323
68 1062
68 1066
68 1461
68 1591
68 1614
69 282
69 1532
69 1989
70 750
70 1157
70 1313
71 1084
71 1123
71 1378
72 277
72 515
72 1679
72 1712
72 1923
73 442
73 459
73 671
73 1132
74 1056
74 1190
74 1425
74 1710
75 213
75 818
75 1141
75 1633
76 1246
76 1772
77 193
77 517
77 662
77 1212
77 1331
78 583
78 1275
78 1513
78 1930
79 1190
79 1306
79 1981
80 428
80 446
80 637
80 750
80 1130
80 1198
80 1574
81 154
81 822
81 959
81 1607
81 1906
82 102
82 944
82 1261
83 1207
83 1480
83 1514
84 159
84 447
85 942
86 425
86 1312
87 232
87 341
87 358
87 1281
87 1388
87 1502
88 540
88 739
88 1367
89 1052
90 173
90 806
90 841
90 869
91 708
92 126
92 233
92 261
92 310
92 1289
93 103
93 226
94 633
94 1526
95 250
95 1037
95 1210
96 1203
97 693
97 748
98 908
98 1218
98 1638
99 247
99 601
99 714
99 1816
100 1828
100 1839
101 924
101 1038
102 453
102 624
102 1356
103 340
103 575
103 1043
103 1820
104 1308
104 1626
105 295
105 458
105 485
106 176
106 385
107 409
107 421
107 840
108 1914
109 507
109 1382
109 1496
110 1998
111 412
111 693
111 1054
112 626
113 464
113 1706
114 1176
114 1262
114 1508
114 1879
115 314
115 1659
116 1145
116 1574
117 365
117 1873
118 747
118 943
119 509
119 759
119 786
119 882
119 1297
120 278
120 645
121 960
122 152
122 1126
122 1395
124 871
124 1471
124 1780
124 1928
125 301
125 1777
126 301
126 582
126 808
127 534
127 941
127 1656
128 1068
128 1087
128 1490
129 181
129 1136
130 485
131 329
131 1646
131 1721
131 1969
132 586
132 1411
132 1438
133 189
134 400
134 845
134 882
135 1416
136 449
136 569
136 1413
136 1936
137 370
137 1008
137 1184
137 1505
137 1736
138 813
138 1147
138 1900
139 1770
140 1569
141 487
142 624
142 1353
142 1512
142 1676
143 1675
143 1965
144 891
144 1848
145 615
145 983
145 1136
145 1765
146 589
146 1476
146 1737
146 1791
147 1345
147 1534
148 260
148 1182
148 1938
149 254
149 272
149 467
149 472
149 545
149 1375
150 691
150 1100
150 1249
150 1603
151 567
151 685
151 838
151 1980
152 829
152 1047
152 1969
153 926
153 1436
153 1743
154 410
154 702
154 1938
156 272
156 696
156 763
156 844
156 1384
156 1626
157 742
158 758
158 956
158 1683
158 1953
159 207
159 1278
159 1333
159 1572
160 944
160 1252
160 1459
161 531
161 1883
162 1811
162 1839
163 507
163 1119
163 1450
163 1828
164 840
164 1074
164 1405
164 1576
164 1799
164 1831
165 731
165 1211
165 1936
166 223
166 1123
166 1596
166 1800
167 872
167 1514
167 1606
167 1826
167 1974
169 661
169 753
169 1447
169 1759
170 677
170 820
171 257
171 906
171 1423
173 217
173 1363
173 1415
173 1742
174 216
174 697
174 800
175 671
175 1346
175 1691
176 1426
176 1836
177 960
177 1071
177 1299
178 795
178 916
178 1118
178 1235
178 1293
178 1568
178 1797
178 1813
179 1844
180 723
181 518
181 667
181 1229
182 488
182 1621
182 1757
183 499
183 920
184 882
184 1569
184 1967
185 439
185 554
185 1234
185 1813
186 290
186 860
187 1328
187 1497
188 1032
188 1388
188 1570
188 1593
189 965
189 1203
190 348
190 1340
190 1357
190 1868
191 756
191 1206
192 342
192 604
192 1432
192 1957
192 1962
193 1596
194 610
194 1776
195 1869
196 624
196 1448
196 1655
196 1790
196 1967
197 570
197 1254
198 1536
199 358
199 781
199 853
199 1299
199 1723
200 428
200 1260
200 1442
200 1720
201 355
201 430
201 909
202 420
202 612
203 687
203 939
203 1527
203 1658
205 1482
206 478
206 964
207 762
207 1682
207 1933
209 568
209 1042
211 457
212 1250
212 1754
213 977
214 1135
215 567
215 894
215 1260
215 1305
216 1715
216 1787
217 1050
217 1167
217 1598
218 742
218 1309
218 1503
218 1789
219 908
219 1112
219 1116
219 1709
220 930
221 268
221 413
222 400
223 903
223 1177
225 928
225 1223
225 1892
226 270
226 310
226 452
226 671
226 1150
226 1486
226 1497
226 1856
227 1480
227 1703
228 798
228 1394
229 367
229 1420
229 1558
230 404
230 674
230 1597
231 1137
231 1150
232 460
233 492
233 1665
234 1253
234 1297
235 1273
236 1511
236 1693
236 1706
237 395
237 1396
237 1412
238 1669
239 1692
240 1577
241 1191
241 1717
242 565
242 1685
243 321
243 488
244 393
244 722
244 804
245 1526
246 1709
247 404
248 329
248 738
248 972
248 1106
248 1605
249 695
249 1361
249 1365
249 1981
250 251
250 430
250 1159
250 1992
251 742
251 833
251 1193
251 1846
252 369
252 473
252 946
252 1669
253 391
253 762
253 959
254 783
254 1764
255 627
255 1462
256 355
256 411
256 790
257 572
257 1197
257 1201
258 755
258 1290
258 1628
258 1889
261 303
261 363
261 761
261 1502
262 783
262 1046
263 971
263 1235
264 355
264 393
264 1256
264 1443
264 1738
265 1938
266 493
266 1157
267 1519
268 1748
269 978
269 1455
270 1188
271 382
271 903
271 1066
271 1755
271 1803
271 1938
272 318
272 1799
273 1199
274 1109
274 1311
275 1286
276 801
279 767
279 1016
279 1017
280 815
281 1747
281 1771
281 1938
281 1949
281 1985
282 611
282 1175
282 1914
283 299
284 555
284 917
284 1163
284 1494
286 290
286 525
286 1044
286 1366
286 1401
287 608
287 1550
288 981
288 1058
288 1457
289 717
289 821
289 1025
289 1304
289 1396
289 1639
290 340
290 1058
291 594
291 1474
292 528
292 565
292 1480
292 1635
292 1672
293 517
294 372
294 411
294 729
294 927
294 1037
295 548
295 1492
296 354
296 508
296 680
296 988
296 1003
296 1110
296 1785
297 1504
297 1909
298 460
298 1293
298 1338
299 335
299 873
300 446
300 1073
300 1326
300 1570
300 1697
301 396
301 520
301 1571
302 308
302 350
302 439
302 1187
302 1329
302 1921
303 509
303 950
303 993
303 1020
304 500
304 1653
304 1927
305 481
305 959
306 1101
306 1607
307 655
307 1677
308 414
308 502
308 715
308 778
308 891
308 1712
309 828
309 1724
310 592
310 1492
310 1940
310 1990
311 997
311 1803
312 1577
313 457
313 636
314 361
314 840
315 451
315 686
315 1064
316 1960
317 1239
317 1437
318 635
319 787
319 862
319 1062
319 1595
320 462
320 721
320 1043
320 1076
320 1362
320 1493
320 1793
321 802
321 1306
322 371
323 455
323 469
323 689
324 829
324 1169
326 329
326 690
326 827
326 1150
326 1968
327 422
327 539
327 1340
328 791
328 1084
328 1936
329 714
329 1071
329 1407
329 1490
330 1612
330 1821
331 422
331 514
332 1108
332 1418
332 1476
332 1681
332 1854
333 702
333 1295
333 1492
334 1063
334 1671
335 1460
335 1844
336 531
336 930
336 1220
336 1231
337 341
337 368
337 1304
337 1751
338 496
338 1061
338 1081
339 1054
339 1725
340 1586
340 1869
340 1978
341 758
341 863
341 1335
341 1542
343 550
343 1364
343 1391
344 638
344 1338
344 1666
345 609
347 567
347 1878
348 1545
349 1741
350 867
350 1072
350 1367
352 390
352 1810
354 1235
354 1925
355 1432
355 1958
355 1961
356 519
356 618
356 1633
356 1914
358 437
358 967
358 1115
358 1428
359 1028
359 1626
359 1927
360 1145
360 1454
360 1783
361 1058
361 1126
361 1137
361 1412
361 1608
362 399
362 1079
362 1350
362 1472
362 1788
362 1986
363 373
363 726
363 1068
363 1803
364 431
364 1828
365 1880
366 708
366 1624
367 1377
367 1384
367 1484
367 1623
367 1919
368 716
368 852
368 1375
368 1746
369 578
369 1161
369 1938
370 433
370 1304
370 1616
371 608
371 714
371 1825
371 1965
372 1318
372 1424
373 1069
374 710
374 929
375 840
375 1571
376 506
376 688
376 1067
377 937
378 1071
378 1075
378 1308
378 1394
379 1881
379 1977
380 1257
380 1576
380 1852
381 830
382 405
382 1565
383 1125
383 1753
383 1844
384 694
384 1315
385 1342
386 637
386 834
386 1549
388 818
388 827
388 1489
389 1577
390 491
390 993
390 1343
391 779
392 1767
394 465
394 687
394 1310
394 1350
394 1521
394 1770
395 756
396 1013
396 1217
396 1615
397 418
397 1386
398 476
398 1133
398 1349
399 548
399 713
399 1170
399 1801
400 1420
401 623
401 1147
401 1549
402 703
402 1363
402 1865
403 968
403 1778
404 700
404 1027
404 1250
404 1521
404 1793
405 773
405 923
406 422
406 651
406 1138
406 1610
406 1625
407 1623
408 567
408 682
408 958
408 1358
408 1977
409 1414
410 921
410 1818
410 1913
411 862
411 1012
411 1275
412 1012
412 1432
412 1718
413 457
413 1156
413 1333
413 1377
413 1668
414 710
414 730
414 1415
414 1621
414 1957
415 1910
416 1760
417 985
417 1235
418 1023
418 1458
419 1219
420 503
420 1691
421 476
421 597
421 1888
422 457
422 1171
422 1755
422 1884
423 1600
423 1880
424 750
424 946
424 1559
425 749
425 1490
425 1605
427 1078
427 1779
427 1901
428 706
428 713
430 711
430 1062
430 1718
431 874
432 565
432 1396
433 1975
434 489
434 847
434 1263
435 1735
436 575
436 1537
436 1899
436 1948
437 985
437 1264
437 1368
437 1883
438 1212
439 1838
440 461
440 847
440 923
440 1491
441 746
441 898
441 1155
441 1631
441 1862
442 841
442 1425
443 1649
443 1873
444 901
444 1462
445 785
445 1167
445 1651
446 1232
446 1951
447 682
447 1994
448 745
448 766
448 787
448 914
448 1404
448 1757
448 1945
449 991
449 1185
451 790
451 1762
452 522
453 1896
454 624
454 1438
455 852
455 1181
456 1480
457 515
457 549
457 1387
457 1673
458 508
458 1178
459 1714
459 1743
460 785
460 839
460 1144
460 1850
461 651
461 802
463 960
463 1050
463 1356
463 1726
463 1737
463 1901
463 1942
464 879
465 718
465 1143
465 1176
465 1450
467 1614
468 959
468 1506
468 1745
468 1817
468 1892
469 677
469 1017
469 1276
469 1409
470 595
470 1354
470 1383
470 1642
471 485
471 1162
471 1642
471 1799
472 1053
472 1669
472 1913
474 632
475 952
476 628
476 1436
476 1882
477 1396
478 656
478 1376
478 1595
479 660
480 748
481 858
481 972
481 1523
481 1974
482 671
482 933
482 1231
483 638
483 647
483 777
483 980
483 1375
483 1851
484 1662
485 495
485 1315
485 1446
485 1865
486 1222
488 667
488 684
488 877
488 935
488 1646
489 732
490 1322
490 1681
490 1682
490 1705
490 1888
490 1991
491 666
491 1084
491 1827
492 689
492 821
492 1270
492 1400
492 1985
494 1361
494 1784
495 859
496 530
496 1272
497 1935
498 581
498 665
498 1201
498 1614
498 1830
498 1987
500 585
500 957
500 1749
501 1320
504 1569
505 1043
507 520
508 940
508 1396
508 1674
509 954
509 1316
510 545
510 850
510 945
510 1361
511 813
511 1601
513 946
513 1042
514 1726
516 518
516 1201
517 1585
517 1679
518 636
518 1042
519 1116
519 1375
519 1417
519 1780
519 1962
520 1179
520 1807
520 1990
521 585
521 810
521 1549
522 838
522 886
522 1269
523 1068
523 1241
523 1574
524 525
525 1859
526 572
526 1436
526 1747
527 1197
527 1494
527 1557
528 882
528 1185
528 1329
528 1976
529 722
529 1564
529 1991
530 831
530 1135
530 1155
531 1516
532 708
532 859
532 1627
532 1946
533 1515
534 1168
535 1230
537 1283
538 1193
538 1506
539 601
539 1062
539 1483
539 1874
539 1900
540 581
540 1789
541 696
541 1703
542 681
542 1138
543 1493
544 750
544 797
545 561
545 1519
545 1526
546 954
546 1377
547 552
547 1899
548 794
548 1282
549 1229
549 1458
549 1735
550 668
550 740
550 1254
551 627
551 635
551 1195
551 1737
552 726
552 1245
553 1820
554 559
555 1034
556 964
556 1755
557 1032
557 1665
558 685
558 921
558 995
558 1089
558 1903
559 1312
559 1544
559 1789
560 568
560 728
560 1401
561 641
561 881
561 893
561 956
561 1328
561 1703
561 1746
561 1831
562 677
562 977
563 1032
563 1132
563 1432
564 823
565 645
565 977
565 1570
565 1932
566 594
566 1202
566 1270
566 1684
568 686
568 1038
568 1763
570 968
570 1319
571 925
571 1144
572 893
572 939
572 1113
572 1315
572 1445
574 661
574 1115
575 1952
576 690
576 1590
577 978
578 916
578 952
578 1482
578 1739
579 971
579 1236
579 1788
580 747
581 1464
582 657
582 1191
583 1156
583 1562
584 746
584 1446
584 1934
586 848
587 1043
587 1908
588 1052
588 1575
588 1795
589 598
589 771
589 867
590 841
591 929
591 1595
591 1856
592 693
592 1143
592 1367
592 1702
592 1951
593 1443
594 1053
594 1971
595 703
595 1131
595 1639
596 619
596 692
596 775
596 1708
596 1782
597 624
597 1214
597 1244
597 1938
599 860
599 1816
600 1466
600 1529
600 1873
601 1871
603 1265
603 1485
604 937
604 1206
604 1689
604 1715
605 1075
606 801
606 1176
606 1242
606 1659
606 1813
607 654
607 953
607 1722
608 1625
609 1047
609 1391
610 952
612 633
612 832
612 1261
614 1157
614 1368
615 1030
615 1214
615 1446
615 1601
615 1788
616 661
616 831
616 1740
617 786
618 1718
619 752
619 1523
620 838
620 1010
620 1079
620 1195
621 768
621 1123
623 1313
623 1568
624 697
624 848
624 1222
625 816
625 1011
625 1215
625 1654
626 1693
627 630
627 922
627 1888
628 1629
628 1651
629 1340
629 1465
630 698
630 1055
630 1316
632 648
632 997
632 1014
632 1250
632 1518
632 1639
633 1836
633 1873
633 1931
634 638
635 1613
635 1784
635 1996
636 1231
636 1563
636 1666
636 1826
637 1472
637 1605
637 1747
639 1097
641 785
641 929
641 1347
642 789
642 803
642 843
642 1039
642 1256
642 1804
643 1647
644 1662
645 1034
645 1180
647 1248
649 823
650 1019
650 1099
650 1295
650 1672
651 1391
652 1382
653 676
653 1008
653 1085
654 1225
654 1426
655 1085
655 1626
656 940
657 776
657 1114
658 767
658 901
658 1036
658 1148
659 707
659 773
659 1086
660 1768
661 813
661 1172
661 1780
662 666
662 882
662 1017
662 1860
663 1738
663 1890
664 1032
664 1517
665 1142
665 1174
665 1342
666 790
666 1576
667 1244
667 1844
668 801
668 1817
670 754
671 1717
672 812
672 1426
673 919
673 1029
673 1161
673 1790
673 1811
674 1161
676 777
676 1174
676 1201
676 1264
676 1776
677 1425
678 1000
678 1746
678 1922
679 1401
680 1491
680 1837
681 1842
681 1904
682 1318
682 1656
682 1752
684 688
684 811
684 1340
684 1733
685 900
688 842
688 1755
688 1873
689 924
689 1002
689 1114
689 1512
690 1901
691 751
691 1978
692 1026
693 1706
694 911
694 1433
694 1550
694 1649
694 1674
695 793
699 1275
700 950
700 1568
700 1674
701 1966
702 1263
703 1491
703 1973
704 1090
704 1288
704 1355
704 1567
705 1968
706 1494
706 1626
706 1627
706 1741
710 1898
711 807
711 817
711 1170
711 1574
711 1884
712 1056
712 1148
712 1679
713 1467
713 1817
714 1163
715 979
716 718
716 728
716 1897
717 1421
717 1586
717 1665
718 1120
718 1710
720 1030
720 1917
722 802
722 1193
722 1481
722 1596
723 1818
723 1940
724 1007
725 912
725 1980
726 887
726 1444
727 1962
728 1320
728 1620
730 992
730 1441
731 1463
732 967
732 1014
732 1128
733 1746
736 1078
736 1410
736 1630
737 1105
737 1299
737 1626
737 1892
738 1028
738 1166
739 1185
739 1214
740 1362
740 1586
741 1276
741 1461
742 1010
742 1662
743 871
743 1053
743 1175
743 1360
743 1567
744 1067
745 1411
745 1703
746 1520
746 1599
747 1287
747 1878
748 1256
748 1715
749 1804
749 1937
750 881
750 882
750 1690
751 1025
752 1884
752 1892
753 817
754 1274
754 1365
755 812
755 1364
755 1947
757 1488
757 1927
758 1581
758 1876
758 1955
759 1145
759 1232
759 1580
759 1871
759 1941
760 1119
760 1239
760 1845
761 1001
761 1614
762 1475
763 1345
763 1503
766 1017
766 1609
766 1721
767 1571
767 1771
767 1844
768 1266
768 1622
769 1537
770 816
770 1387
770 1676
770 1687
771 1845
773 1380
773 1642
773 1886
773 1970
774 1442
774 1989
775 1538
776 1450
776 1667
776 1961
777 1871
778 1421
778 1459
778 1854
779 1051
780 874
781 1118
781 1425
782 1873
783 1803
783 1995
784 1670
785 926
785 1059
785 1985
786 1459
787 954
787 1403
787 1538
787 1952
788 1187
789 1546
791 1551
791 1627
792 1028
793 1632
794 807
794 1146
794 1321
794 1618
795 1043
796 1196
796 1970
798 1331
799 1514
800 1362
801 822
801 1674
802 953
803 1550
804 1963
805 1178
806 1415
807 1279
807 1406
809 1059
809 1096
809 1601
809 1905
809 1967
810 853
811 1480
811 1764
812 1228
813 1034
814 1233
815 890
815 1013
815 1850
816 1120
816 1128
816 1571
817 1962
819 1074
820 1956
821 829
821 1318
821 1768
822 1118
823 1046
823 1299
823 1371
825 1988
826 1402
827 948
827 1161
827 1897
827 1964
828 971
829 1248
829 1675
830 884
830 956
830 1996
831 887
831 1107
831 1386
831 1678
832 882
832 1529
832 1890
833 1241
833 1420
834 906
834 1337
834 1515
837 1287
837 1454
838 1778
839 864
840 1442
841 1128
842 867
842 1086
842 1965
843 995
843 1876
843 1965
844 955
845 953
845 1016
845 1470
845 1628
846 1355
846 1523
847 908
847 1214
847 1572
848 1260
848 1439
848 1449
848 1522
849 1319
850 1402
850 1452
850 1551
850 1926
851 1076
851 1402
851 1574
851 1993
852 879
852 1606
852 1799
853 893
853 1094
853 1221
853 1480
853 1567
853 1994
854 998
854 1330
855 1102
855 1639
856 951
856 1250
856 1970
857 1559
858 1076
859 1076
860 1935
861 928
862 1375
862 1555
863 1754
864 1715
864 1790
865 1309
865 1719
866 1996
867 1418
867 1536
869 1719
870 892
871 1063
871 1184
872 1060
872 1876
873 1662
873 1993
874 1004
874 1839
875 1125
876 1227
876 1865
877 1187
879 1940
880 1064
880 1435
881 994
881 1854
882 1782
884 1354
884 1406
884 1890
885 1760
886 1902
888 939
888 1045
889 1287
889 1442
890 1872
891 1234
891 1300
891 1894
892 1534
892 1740
893 1928
894 1064
894 1294
894 1428
895 1222
895 1850
897 1553
898 927
898 1529
899 1650
899 1772
899 1786
900 906
902 1330
903 1222
907 950
907 1490
908 1098
908 1163
908 1194
908 1528
909 1650
909 1694
912 936
913 1737
914 1488
914 1787
915 1607
916 1997
918 1148
918 1204
918 1706
919 1029
919 1914
920 1004
920 1405
922 1154
923 1100
923 1594
923 1859
924 1274
924 1466
925 1384
925 1722
925 1724
926 1388
927 1328
928 1099
928 1167
928 1315
928 1709
928 1730
928 1759
928 1901
928 1974
929 1554
930 1252
931 961
931 1141
931 1790
931 1866
932 1169
933 1841
935 1434
937 1911
938 1271
938 1386
938 1521
940 1523
940 1890
941 944
942 1012
942 1946
943 1125
943 1361
943 1832
945 952
945 1007
945 1380
947 1039
948 1486
948 1654
948 1812
949 1241
951 1283
953 1663
953 1914
954 983
954 1075
954 1114
954 1381
955 1041
955 1117
955 1754
956 1975
957 1143
958 1072
958 1482
958 1958
959 1549
959 1771
959 1932
960 1270
960 1549
960 1860
961 1408
962 1677
964 1794
965 976
965 1122
965 1617
965 1784
966 1012
966 1164
968 1133
968 1408
968 1484
969 1771
969 1812
970 1001
970 1344
970 1562
971 1053
971 1912
971 1918
972 1791
973 1561
975 1054
976 1289
976 1545
976 1926
976 1941
976 1984
977 1684
978 1165
978 1253
978 1604
979 1284
980 1539
981 999
981 1347
981 1470
982 996
983 1191
984 1790
985 1515
985 1829
986 1512
987 1162
987 1736
987 1971
988 1137
990 1211
990 1569
991 1433
991 1580
991 1654
992 1006
992 1216
992 1698
992 1833
993 1332
994 1752
995 1207
995 1813
996 1148
996 1337
997 1785
998 1616
998 1840
999 1506
999 1669
999 1823
1000 1261
1001 1181
1002 1416
1002 1754
1003 1821
1005 1709
1005 1782
1007 1036
1007 1729
1009 1046
1009 1788
1009 1883
1009 1942
1010 1346
1011 1581
1011 1607
1012 1462
1013 1090
1013 1821
1014 1429
1014 1799
1014 1956
1015 1498
1016 1174
1016 1286
1016 1535
1016 1767
1019 1743
1020 1088
1021 1842
1022 1177
1022 1789
1022 1817
1023 1866
1023 1898
1024 1102
1024 1230
1024 1408
1024 1679
1024 1964
1025 1877
1025 1915
1026 1305
1027 1891
1028 1485
1028 1962
1029 1832
1030 1064
1030 1469
1031 1562
1031 1585
1032 1738
1033 1756
1034 1292
1036 1696
1038 1075
1038 1471
1038 1642
1039 1685
1042 1159
1042 1181
1042 1598
1042 1644
1043 1992
1044 1326
1044 1475
1046 1240
1046 1624
1046 1893
1047 1261
1050 1052
1050 1173
1050 1440
1051 1436
1052 1227
1052 1296
1052 1360
1052 1616
1052 1969
1053 1233
1053 1799
1054 1312
1055 1110
1057 1138
1057 1885
1058 1360
1058 1914
1059 1256
1059 1987
1060 1515
1060 1888
1061 1077
1061 1687
1061 1793
1063 1768
1064 1108
1065 1404
1066 1113
1068 1197
1068 1306
1069 1089
1069 1151
1069 1880
1070 1178
1070 1906
1071 1284
1071 1340
1072 1447
1073 1952
1074 1937
1075 1409
1075 1717
1078 1164
1078 1252
1079 1107
1080 1266
1080 1325
1080 1582
1080 1809
1081 1685
1081 1876
1082 1369
1082 1870
1083 1362
1084 1162
1086 1303
1086 1549
1087 1715
1087 1848
1088 1524
1088 1671
1089 1270
1089 1945
1090 1646
1091 1525
1091 1697
1092 1135
1093 1503
1093 1817
1094 1345
1094 1629
1094 1886
1095 1985
1096 1374
1096 1715
1096 1979
1097 1929
1098 1141
1098 1435
1100 1292
1100 1462
1100 1829
1100 1933
1102 1480
1102 1776
1102 1797
1103 1920
1104 1459
1105 1265
1105 1420
1105 1604
1106 1677
1106 1821
1108 1665
1110 1948
1112 1687
1113 1188
1114 1257
1114 1356
1115 1291
1115 1355
1115 1439
1115 1485
1115 1489
1115 1756
1117 1517
1117 1704
1119 1840
1120 1239
1121 1446
1123 1403
1123 1982
1123 1990
1125 1320
1131 1134
1131 1279
1132 1220
1134 1213
1134 1383
1134 1608
1135 1282
1135 1972
1138 1830
1139 1474
1139 1797
1143 1685
1143 1691
1144 1365
1144 1368
1144 1613
1145 1639
1145 1724
1145 1996
1148 1520
1150 1215
1150 1581
1150 1697
1152 1343
1153 1929
1154 1622
1156 1356
1156 1709
1156 1996
1157 1204
1159 1207
1159 1729
1160 1516
1161 1897
1162 1204
1165 1168
1165 1515
1165 1755
1165 1776
1166 1216
1166 1751
1167 1238
1167 1844
1167 1884
1172 1318
1173 1510
1175 1332
1176 1629
1177 1468
1178 1387
1178 1679
1186 1835
1186 1952
1187 1368
1187 1671
1187 1900
1188 1579
1189 1450
1189 1756
1191 1332
1192 1601
1192 1995
1193 1304
1193 1311
1193 1759
1195 1516
1195 1650
1196 1204
1197 1470
1197 1530
1197 1687
1198 1835
1201 1240
1201 1488
1202 1706
1202 1875
1202 1964
1203 1685
1205 1288
1206 1532
1206 1611
1207 1453
1207 1941
1208 1851
1209 1400
1209 1444
1209 1596
1210 1498
1211 1415
1211 1434
1211 1756
1211 1857
1212 1406
1212 1689
1212 1988
1213 1476
1213 1572
1213 1734
1214 1825
1215 1316
1215 1360
1216 1509
1216 1977
1219 1850
1219 1877
1220 1462
1220 1498
1221 1436
1223 1574
1223 1648
1224 1833
1227 1296
1227 1462
1228 1246
1228 1421
1228 1555
1232 1300
1232 1747
1233 1468
1234 1869
1234 1954
1235 1859
1236 1357
1236 1611
1236 1640
1236 1971
1237 1945
1238 1714
1240 1562
1240 1577
1240 1621
1244 1358
1246 1477
1246 1997
1248 1402
1248 1566
1248 1588
1249 1370
1249 1719
1249 1991
1250 1965
1250 1995
1252 1286
1252 1346
1252 1364
1253 1970
1255 1504
1256 1665
1257 1495
1259 1919
1261 1841
1261 1933
1263 1373
1263 1607
1264 1523
1264 1695
1265 1346
1266 1392
1267 1306
1267 1564
1267 1609
1272 1830
1274 1461
1274 1805
1275 1390
1275 1475
1276 1287
1276 1704
1276 1705
1276 1708
1278 1906
1279 1752
1280 1361
1280 1873
1281 1361
1281 1826
1282 1325
1284 1551
1287 1510
1287 1708
1287 1759
1288 1392
1288 1978
1292 1320
1292 1495
1292 1728
1293 1874
1295 1668
1298 1586
1298 1704
1298 1852
1300 1367
1300 1811
1302 1941
1304 1844
1304 1934
1307 1319
1307 1524
1308 1383
1308 1678
1308 1791
1309 1454
1310 1324
1310 1900
1310 1949
1310 1981
1312 1592
1312 1682
1312 1948
1314 1487
1314 1840
1317 1721
1317 1742
1318 1490
1320 1651
1320 1867
1321 1830
1322 1519
1324 1903
1326 1840
1327 1468
1328 1512
1329 1667
1330 1529
1330 1557
1330 1725
1330 1775
1331 1737
1331 1888
1335 1730
1336 1766
1337 1684
1338 1482
1338 1946
1339 1344
1339 1442
1339 1587
1339 1686
1339 1862
1343 1792
1344 1517
1345 1452
1345 1811
1346 1557
1346 1934
1347 1576
1348 1527
1348 1784
1350 1811
1351 1913
1352 1433
1353 1906
1354 1881
1356 1674
1356 1997
1358 1656
1360 1916
1361 1496
1361 1554
1361 1873
1362 1672
1363 1539
1366 1477
1366 1717
1366 1958
1368 1508
1369 1555
1369 1676
1369 1783
1369 1923
1369 1956
1372 1522
1373 1968
1375 1470
1375 1915
1376 1590
1376 1619
1378 1687
1378 1874
1381 1397
1381 1794
1382 1821
1383 1892
1385 1894
1387 1968
1390 1661
1391 1743
1391 1887
1392 1811
1392 1931
1394 1892
1395 1501
1395 1593
1395 1763
1396 1494
1396 1671
1396 1918
1397 1404
1399 1574
1400 1515
1404 1536
1404 1948
1405 1447
1406 1495
1407 1971
1408 1437
1408 1599
1409 1969
1410 1646
1411 1552
1414 1418
1415 1705
1415 1979
1416 1702
1418 1842
1420 1450
1420 1667
1421 1592
1421 1803
1423 1563
1424 1750
1424 1869
1426 1499
1426 1861
1428 1538
1428 1840
1429 1690
1431 1501
1434 1499
1436 1836
1437 1445
1437 1716
1438 1839
1439 1875
1439 1972
1443 1825
1444 1754
1444 1830
1446 1703
1446 1828
1446 1902
1447 1683
1447 1894
1448 1946
1449 1718
1451 1694
1452 1534
1454 1685
1455 1618
1455 1941
1456 1700
1458 1916
1461 1487
1461 1895
1461 1903
1462 1717
1462 1830
1463 1837
1464 1946
1466 1474
1466 1708
1467 1729
1468 1604
1468 1630
1469 1580
1471 1763
1474 1936
1477 1883
1477 1928
1477 1980
1478 1929
1479 1840
1480 1718
1484 1488
1484 1749
1485 1762
1488 1516
1491 1781
1491 1888
1494 1560
1494 1628
1494 1915
1494 1992
1495 1792
1495 1915
1496 1995
1497 1785
1497 1992
1498 1760
1499 1677
1502 1810
1502 1860
1503 1753
1504 1633
1504 1696
1506 1621
1507 1979
1509 1916
1511 1794
1512 1608
1514 1914
1514 1961
1516 1748
1517 1709
1518 1779
1521 1553
1521 1809
1521 1879
1521 1941
1524 1907
1524 1916
1525 1694
1525 1907
1527 1678
1528 1605
1528 1840
1531 1761
1531 1888
1533 1630
1533 1869
1535 1784
1536 1644
1536 1947
1537 1711
1537 1872
1539 1713
1541 1603
1545 1776
1546 1591
1546 1646
1547 1747
1549 1985
1554 1679
1554 1805
1556 1887
1556 1967
1557 1969
1560 1861
1561 1683
1563 1945
1564 1736
1565 1585
1566 1682
1566 1914
1568 1601
1568 1642
1568 1656
1568 1833
1570 1712
1575 1901
1576 1832
1577 1844
1578 1796
1582 1953
1584 1893
1584 1932
1584 1981
1586 1854
1587 1640
1588 1767
1592 1744
1594 1713
1596 1923
1597 1697
1597 1708
1597 1832
1597 1859
1598 1614
1598 1622
1598 1815
1600 1780
1600 1809
1601 1694
1604 1984
1606 1873
1607 1632
1607 1817
1607 1847
1609 1968
1609 1986
1610 1696
1610 1813
1610 1899
1612 1728
1612 1996
1613 1623
1617 1634
1618 1678
1621 1700
1622 1976
1623 1801
1623 1934
1623 1952
1624 1700
1625 1934
1626 1857
1629 1737
1629 1800
1631 1897
1632 1908
1637 1701
1637 1726
1647 1733
1649 1834
1656 1674
1657 1669
1658 1958
1659 1670
1664 1783
1664 1811
1668 1720
1671 1673
1671 1737
1675 1721
1676 1797
1677 1879
1678 1926
1685 1926
1688 1985
1689 1761
1690 1967
1691 1948
1695 1886
1695 1921
1697 1892
1697 1975
1702 1799
1702 1807
1703 1959
1711 1828
1715 1958
1716 1937
1718 1879
1719 1881
1722 1974
1726 1904
1728 1766
1730 1818
1730 1973
1736 1761
1737 1798
1737 1856
1739 1804
1741 1806
1742 1766
1743 1914
1751 1895
1761 1975
1766 1947
1767 1914
1778 1840
1780 1893
1784 1820
1784 1954
1789 1992
1796 1946
1801 1838
1802 1832
1803 1858
1810 1942
1817 1901
1819 1894
1820 1895
1821 1936
1823 1963
1824 1999
1826 1932
1831 1903
1832 1849
1840 1913
1840 1914
1840 1986
1852 1975
1854 1975
1857 1990
1859 1875
1863 1997
1867 1932
1874 1925
1890 1993
1891 1949
1902 1966
1907 1974
1921 1956
1922 1969
1938 1960
