2000 2955
71
15
41
29
17
46
68
88
56
91
83
54
92
34
75
18
56
35
89
27
87
19
84
47
16
75
7
15
47
60
70
29
33
71
78
23
51
2
29
99
34
54
18
50
76
27
35
30
61
80
98
80
34
68
90
31
91
100
24
37
8
41
33
17
82
51
88
71
17
70
87
58
14
59
17
36
82
42
26
35
71
43
31
94
2
91
44
93
94
49
28
15
36
34
69
2
1
26
19
59
89
41
49
57
40
17
16
37
29
93
6
56
64
83
71
13
60
67
72
92
11
45
27
79
66
36
60
53
88
8
17
3
44
60
40
53
50
60
6
92
13
26
68
86
100
70
82
12
46
26
26
36
43
7
89
61
84
5
15
41
85
86
91
37
37
86
57
76
11
73
51
46
83
54
90
12
87
45
95
28
70
48
45
51
71
24
72
82
86
71
28
37
30
10
69
2
84
56
92
81
84
76
66
20
63
1
15
69
19
16
46
97
81
67
49
92
21
5
8
51
31
6
66
95
49
49
30
47
46
19
7
80
53
48
30
67
19
41
30
92
65
27
48
71
58
59
95
76
78
98
6
92
11
76
100
47
86
57
9
19
67
81
89
10
47
12
81
77
68
25
1
37
2
50
8
6
83
23
76
11
33
23
47
1
63
9
33
60
35
41
85
62
88
22
54
92
89
23
7
66
23
20
83
62
76
9
84
6
15
61
24
38
58
26
22
57
92
96
46
28
35
8
14
98
99
93
26
69
44
28
20
96
97
2
44
30
16
49
87
62
100
59
89
7
72
32
60
22
26
80
96
41
26
39
5
28
14
27
59
78
48
99
11
42
58
65
27
11
51
72
59
80
85
42
22
29
100
18
14
9
52
9
38
61
15
91
67
1
64
81
39
90
41
74
27
16
61
13
51
34
91
73
25
65
78
70
2
52
57
76
13
81
36
33
84
26
87
43
5
91
64
45
56
51
49
69
21
66
83
96
90
77
5
48
58
21
47
64
3
58
56
34
5
37
84
12
72
22
23
69
51
97
15
8
67
67
100
44
81
66
12
58
100
54
61
32
41
87
17
20
47
66
55
24
24
54
8
84
8
74
53
42
37
50
74
54
59
13
28
15
75
21
46
29
53
42
9
33
36
61
49
9
44
58
24
42
92
20
64
91
62
70
26
19
3
61
87
60
39
28
18
32
5
88
51
2
85
84
97
28
62
63
37
24
26
48
100
3
6
21
41
49
85
90
15
26
8
79
62
96
14
83
18
68
94
35
21
5
78
17
87
95
2
65
41
12
8
55
14
84
19
48
60
36
86
97
42
64
49
85
45
34
17
39
41
2
13
96
32
12
3
30
51
92
43
79
65
71
10
32
42
60
38
95
23
52
3
21
53
66
82
88
68
42
49
99
79
74
29
63
87
66
50
72
51
86
9
50
40
93
12
64
90
61
60
93
78
71
69
41
93
61
27
72
99
76
71
50
36
66
10
53
60
56
99
90
41
81
57
30
69
59
80
64
16
87
71
82
98
43
58
89
25
21
1
46
37
82
30
63
68
58
12
10
49
56
65
86
73
68
79
100
82
89
70
62
58
42
26
19
79
53
87
21
90
66
38
11
61
41
75
96
55
100
40
66
100
15
8
45
62
49
82
81
71
75
29
41
89
73
32
58
2
9
68
15
49
20
35
3
51
82
68
59
17
86
17
26
9
14
42
44
12
92
13
80
48
53
54
62
5
54
87
60
61
25
100
83
75
93
2
55
24
27
99
98
48
53
78
94
82
19
82
30
13
19
84
70
40
52
8
51
74
40
11
85
14
53
66
45
88
65
74
100
3
9
49
94
44
82
34
43
22
73
34
62
41
36
22
27
52
27
50
38
44
24
22
64
29
70
52
62
71
70
97
38
84
41
40
94
29
12
3
14
41
97
79
42
86
41
33
83
52
79
37
12
59
69
67
71
77
81
5
79
70
27
55
59
72
21
15
26
96
84
20
54
40
29
6
82
27
17
94
64
13
24
77
89
48
37
79
50
14
50
43
89
79
21
89
11
56
68
59
76
93
95
27
28
74
38
95
56
41
55
35
23
23
86
41
75
71
71
44
90
62
55
99
92
64
81
77
100
82
22
73
74
9
23
81
16
99
92
2
45
90
90
2
87
65
10
7
92
93
100
61
34
91
48
90
50
30
46
68
47
66
21
88
13
36
69
13
85
33
90
69
98
84
12
44
51
13
60
5
26
41
56
79
46
44
38
29
91
26
85
98
71
13
57
76
72
49
48
37
33
90
14
35
37
47
99
62
22
22
24
51
81
55
38
81
98
23
66
47
45
23
10
54
73
60
9
66
36
52
45
11
84
29
89
66
31
58
21
79
61
47
5
7
62
15
51
46
63
46
41
22
43
86
11
70
60
91
10
82
56
1
16
62
24
95
3
64
80
78
40
51
47
67
54
10
15
93
67
90
63
56
11
10
57
87
95
86
82
23
90
32
67
57
27
94
6
95
57
35
42
81
12
77
83
53
71
45
62
99
30
58
38
44
36
25
66
48
16
78
27
95
16
10
69
14
57
95
18
38
49
24
53
40
64
17
16
22
9
28
20
51
24
21
24
97
1
62
53
96
34
18
66
2
28
88
79
10
57
30
53
10
8
47
14
2
69
28
75
57
26
24
91
75
7
19
100
90
14
43
71
58
72
92
16
71
37
12
77
94
90
55
23
92
82
78
66
47
61
10
40
84
47
41
35
80
74
89
9
64
23
75
100
24
35
55
64
98
66
44
7
80
12
92
56
55
49
9
17
70
17
46
47
73
38
74
23
67
80
4
59
79
90
54
94
70
11
45
92
29
27
95
19
70
81
75
6
81
94
43
49
7
4
71
59
15
52
48
38
89
22
52
19
87
44
55
91
13
42
64
6
8
73
32
73
43
65
34
10
33
72
11
19
31
68
21
56
76
77
2
57
38
80
20
11
82
39
71
7
69
7
91
88
54
29
97
7
78
70
42
99
10
21
48
86
46
6
7
72
8
97
32
64
82
92
3
29
31
98
4
69
45
3
83
20
71
7
10
42
2
37
11
79
40
87
82
5
84
100
98
7
80
97
70
60
42
68
76
5
21
50
32
67
76
10
50
39
35
100
59
97
65
34
19
88
88
85
18
25
32
51
66
33
75
13
82
50
9
29
1
17
60
56
59
45
19
38
6
84
19
45
18
14
17
83
42
71
66
12
5
65
48
70
15
24
40
27
39
14
80
41
32
35
26
49
1
3
93
77
13
29
58
41
18
78
10
54
10
79
98
46
61
52
72
78
100
49
8
60
46
29
19
86
92
35
58
14
70
18
19
70
68
46
29
83
64
87
3
86
35
2
35
17
13
38
53
77
34
55
3
54
23
31
35
36
32
97
55
80
12
98
7
35
47
42
63
61
83
70
56
43
54
3
5
24
33
18
5
5
20
44
97
24
47
23
29
95
25
5
92
37
85
81
55
39
59
26
37
46
95
33
81
57
57
16
62
39
62
81
93
44
14
31
61
93
30
62
78
82
85
22
24
90
38
9
57
70
37
14
75
62
56
31
59
32
88
81
97
40
92
94
98
20
87
41
17
19
5
95
23
92
36
91
12
80
9
1
80
94
10
61
50
5
62
67
16
49
45
58
64
13
55
81
82
72
38
24
19
41
37
41
23
57
46
52
36
9
77
28
71
61
58
68
19
49
90
83
63
24
2
73
88
79
49
43
59
32
56
60
25
70
80
50
38
50
18
76
72
55
99
29
56
60
49
76
55
78
39
96
99
100
68
23
60
62
28
9
14
71
59
61
27
65
41
49
44
47
26
100
99
92
54
55
36
24
56
43
79
4
63
44
67
100
51
35
75
17
2
51
68
57
48
35
62
26
15
31
63
75
57
39
27
56
74
7
35
19
22
45
7
69
48
60
18
12
70
91
47
57
59
68
82
96
91
16
46
70
91
5
50
86
6
55
94
98
72
33
7
72
56
99
17
41
1
1
87
12
39
38
28
64
76
77
75
13
13
78
1
35
8
89
43
74
43
66
9
71
69
84
80
95
69
100
84
17
57
12
83
15
92
41
78
70
85
4
62
34
82
56
26
88
19
8
71
1
36
68
52
2
49
90
69
37
44
62
8
58
31
17
89
16
18
74
20
14
78
34
73
99
39
45
51
23
61
42
10
100
64
71
98
93
14
58
74
78
28
56
3
89
34
40
4
32
29
2
85
47
95
76
47
55
96
11
56
19
70
26
32
92
79
97
51
7
49
51
31
44
53
52
62
25
91
31
74
71
55
43
17
59
67
28
68
52
37
40
21
85
22
99
53
74
13
23
64
50
1
95
59
7
79
17
87
42
11
94
29
10
40
48
23
68
47
17
88
32
97
80
46
4
24
78
84
80
62
1
91
91
26
43
24
80
63
55
94
45
81
11
1
100
81
94
55
77
13
78
60
54
10
65
19
65
37
76
88
48
2
85
7
2
9
46
59
36
6
78
16
63
25
2
79
68
61
13
7
55
67
99
0 1728
1 620
1 671
1 837
1 1075
1 1924
2 487
4 394
5 68
5 1271
5 1432
6 1510
7 1680
8 685
9 315
9 318
9 502
9 536
9 824
10 1392
11 592
11 613
11 727
11 1523
11 1818
12 836
12 967
12 1608
12 1797
13 44
13 1642
14 550
14 1135
15 835
15 1796
16 73
16 721
16 1720
16 1758
17 265
18 524
18 747
18 1137
18 1230
18 1496
19 314
19 640
19 896
19 1347
20 62
20 208
20 740
20 1084
20 1148
20 1339
20 1403
20 1888
21 294
21 488
21 891
21 1596
21 1666
21 1981
23 673
23 923
23 1074
23 1309
23 1532
24 1775
25 666
25 1501
25 1926
26 1550
27 441
27 600
27 1802
27 1874
28 152
28 391
28 916
28 935
28 1482
29 34
29 553
29 741
29 1246
30 593
30 1236
30 1424
31 156
31 296
31 657
32 656
32 1064
32 1233
32 1340
32 1707
33 1291
33 1587
33 1891
34 659
34 788
35 995
35 1583
36 1783
37 1111
37 1712
38 297
38 319
38 530
38 1463
40 250
40 503
40 702
40 1052
40 1632
40 1812
41 69
41 640
41 1032
41 1958
42 94
42 461
42 1029
42 1935
43 1276
43 1655
44 664
44 921
44 1684
44 1863
45 244
45 277
45 1172
46 342
46 897
46 1191
47 182
47 1038
47 1678
47 1834
47 1861
48 625
48 723
48 787
49 63
49 397
50 426
50 1765
51 1809
52 435
52 1515
53 900
53 1134
53 1167
53 1842
55 825
55 1535
55 1570
56 1039
56 1497
57 216
57 391
57 413
57 1761
58 697
58 1106
59 662
59 796
59 1895
60 539
60 814
60 1577
60 1810
61 486
61 631
62 111
62 311
62 1244
62 1467
63 324
63 1178
63 1290
65 439
65 443
65 578
65 1345
65 1916
65 1978
66 243
66 969
66 1590
66 1898
67 365
67 586
68 186
68 1669
68 1849
69 921
69 1504
69 1656
70 1537
70 1689
71 665
71 1146
71 1341
71 1384
71 1550
72 480
72 1798
73 708
73 835
73 991
73 1139
73 1547
73 1723
73 1909
74 306
74 951
74 1678
75 467
75 1011
75 1061
76 330
77 1144
78 1136
78 1347
78 1468
80 315
80 846
80 1288
80 1580
80 1907
80 1971
81 898
83 1073
83 1988
84 309
84 390
84 499
84 515
85 253
85 428
85 1297
85 1599
85 1877
87 267
87 375
87 752
87 1437
88 1133
88 1920
89 157
89 1666
90 242
90 1255
91 518
91 791
91 937
91 1691
91 1864
91 1930
92 517
92 1165
92 1214
92 1452
93 1340
93 1906
94 1162
94 1272
97 408
97 1217
98 299
98 1260
98 1985
99 471
99 528
99 606
100 304
100 667
100 1267
100 1624
100 1635
101 136
101 553
102 956
102 1075
102 1489
102 1860
103 237
103 407
103 1573
105 212
105 849
105 1305
106 209
106 281
106 957
106 1467
106 1480
106 1538
106 1732
107 382
107 634
107 723
107 892
107 1593
108 798
108 873
108 1042
108 1220
108 1926
109 315
109 1065
109 1128
109 1254
109 1533
109 1865
111 1082
112 179
112 281
112 311
112 567
113 550
113 821
113 951
114 1729
115 1370
116 252
116 1131
116 1363
116 1430
117 965
117 1077
117 1284
118 687
118 864
118 1422
118 1516
118 1871
119 224
119 404
119 799
119 1846
120 856
120 865
121 613
121 865
121 1283
121 1585
122 720
122 1461
124 887
124 1415
124 1642
125 540
125 1227
125 1280
126 806
127 170
127 510
127 938
127 947
128 1458
128 1916
129 504
129 1093
130 404
130 468
130 882
130 1344
130 1641
130 1722
130 1852
131 218
131 356
131 1038
131 1040
133 460
133 567
133 1079
133 1795
135 850
135 968
135 1041
136 192
136 873
136 1593
137 719
137 1271
137 1368
138 348
138 530
138 1288
138 1647
139 1485
140 682
140 693
140 699
140 835
141 336
141 718
141 1443
142 1576
142 1986
143 456
143 1446
143 1458
144 524
145 408
145 1116
145 1783
146 964
146 1005
146 1145
147 265
147 411
147 1365
148 670
148 1343
148 1617
148 1872
149 1254
149 1350
149 1411
150 1534
151 222
151 1143
151 1215
151 1773
151 1938
152 351
152 416
153 386
153 403
153 915
153 963
153 1469
153 1490
154 412
154 1195
154 1246
154 1454
154 1870
155 1291
155 1855
156 1932
157 950
157 951
157 1186
158 992
158 1089
158 1133
158 1210
158 1837
161 865
161 1718
162 838
162 944
162 1589
163 179
163 1167
163 1495
163 1617
164 649
164 917
164 928
164 1048
164 1937
165 1200
165 1441
165 1780
165 1793
166 631
166 1800
167 230
167 1052
168 1136
168 1140
169 612
169 832
169 1142
169 1468
170 1093
170 1257
171 247
171 1034
171 1393
171 1583
172 1375
172 1672
173 1383
173 1410
174 290
174 1325
174 1860
175 854
175 1024
175 1073
175 1806
176 515
176 597
176 731
176 1454
177 227
177 803
177 1147
177 1718
178 1551
179 482
179 1016
179 1228
179 1434
179 1803
179 1951
180 195
180 200
180 236
180 314
180 370
180 546
180 1547
180 1752
181 1313
181 1465
182 307
183 682
183 864
183 1621
183 1646
183 1732
184 597
184 1296
184 1514
184 1586
185 1675
186 191
186 378
187 243
187 846
187 1321
187 1761
188 1470
188 1672
188 1866
189 451
189 540
189 649
189 814
190 529
190 598
190 1967
191 458
191 517
191 541
191 1651
191 1672
191 1977
192 334
192 576
192 670
192 922
192 1566
192 1654
193 863
193 1059
193 1493
196 844
196 1277
197 1945
198 252
198 1172
198 1343
198 1776
199 886
199 1441
200 772
201 306
201 743
203 975
203 1501
204 212
204 521
204 784
204 790
204 1374
205 339
205 479
205 771
205 1278
205 1316
205 1735
206 320
206 1275
207 607
207 1008
207 1157
207 1176
207 1565
208 1357
208 1893
209 416
209 468
209 574
209 707
209 761
209 933
209 1880
210 529
210 1020
211 891
211 1718
211 1766
213 1121
213 1622
214 1011
214 1259
215 308
215 499
215 527
215 613
215 1082
215 1136
215 1524
215 1703
216 807
217 334
217 421
217 450
217 1032
217 1811
218 721
220 235
220 1719
221 285
221 512
221 659
221 931
222 419
222 615
222 1202
222 1479
223 988
224 712
224 1516
224 1901
225 442
225 993
226 246
226 606
226 803
226 1239
227 923
227 1676
227 1845
228 401
228 495
228 1344
229 1587
229 1968
230 810
230 1693
231 285
231 474
231 517
231 600
231 1989
232 1849
233 761
234 235
234 1556
234 1921
234 1974
235 519
235 628
236 542
236 685
236 1352
236 1581
237 855
237 1960
239 567
239 682
239 1080
239 1792
240 1926
241 798
241 1209
241 1309
242 783
242 1708
243 521
243 679
243 794
243 1552
243 1622
244 1742
244 1865
245 1210
245 1629
246 806
246 1575
247 285
247 720
247 1699
248 712
249 849
249 886
249 1331
249 1566
249 1673
249 1692
250 719
251 1071
251 1859
251 1870
252 687
252 934
253 961
253 1665
254 328
254 857
254 978
254 1242
254 1687
255 268
256 354
256 725
256 937
256 1209
256 1457
257 906
257 1003
257 1632
257 1836
258 263
258 1077
259 646
259 947
259 1190
259 1373
259 1422
260 676
260 1308
260 1508
262 1686
263 714
263 902
264 1789
265 405
265 626
265 919
265 1146
265 1450
265 1767
266 491
266 620
266 1421
266 1900
267 594
267 1616
268 1815
269 704
269 957
269 1661
270 650
270 761
270 869
270 1545
271 887
271 898
271 1157
272 889
273 553
273 706
273 1305
274 521
275 1186
275 1643
275 1919
275 1984
276 1722
277 1995
278 300
278 1522
278 1915
279 809
279 1560
279 1681
280 678
280 1610
281 496
281 1001
281 1365
282 603
282 840
282 986
282 1830
284 1699
285 698
285 1936
286 382
286 942
286 1183
286 1243
286 1491
287 692
287 735
288 301
288 834
288 1159
288 1279
288 1911
289 804
289 868
289 1055
289 1237
290 413
290 514
290 1270
290 1289
291 331
291 853
291 1079
292 1688
293 472
293 1132
293 1212
293 1603
293 1609
294 667
294 1311
294 1704
295 947
297 668
297 1841
298 993
299 796
299 860
299 1128
299 1293
299 1672
301 1934
302 1285
302 1541
303 1055
303 1984
304 1012
304 1231
304 1529
306 848
306 1509
307 954
307 1395
308 425
308 1392
309 1247
310 654
310 728
310 948
310 1327
310 1406
311 1180
312 1144
312 1218
312 1872
313 1124
313 1309
313 1418
313 1573
313 1873
315 514
315 1804
316 919
316 1198
316 1702
317 428
317 1509
318 321
318 1659
319 1174
320 545
320 608
320 1793
321 1368
321 1445
323 1081
324 524
324 930
324 1521
325 1330
325 1494
325 1933
326 991
326 1280
326 1395
327 355
327 482
327 1386
329 489
329 908
329 1545
330 1204
330 1577
331 1819
332 371
332 557
332 1366
332 1372
332 1882
333 1736
333 1859
334 367
334 1860
336 361
336 362
336 630
336 1019
336 1718
336 1860
337 376
337 947
337 1586
337 1786
338 442
338 668
339 376
339 739
339 1521
340 476
340 1065
340 1079
340 1248
340 1421
340 1818
341 582
341 694
342 741
342 855
342 1082
343 656
343 1213
343 1626
345 1139
345 1379
346 1154
346 1180
346 1465
347 593
347 762
347 1027
347 1133
347 1218
347 1797
348 1427
348 1912
349 720
350 404
350 838
350 893
351 1876
352 647
352 738
352 762
353 1463
354 1646
355 1121
355 1462
356 1822
357 1117
357 1749
358 732
358 1913
359 1084
359 1225
359 1513
359 1836
359 1840
360 693
360 885
361 558
361 1086
362 1013
362 1139
362 1304
363 590
365 822
365 850
365 1293
365 1307
366 650
367 394
367 670
367 1786
368 1477
369 1746
370 774
370 916
370 1269
371 657
371 1729
372 453
372 827
372 942
372 1390
372 1594
373 465
373 1332
374 571
374 1148
374 1772
374 1882
375 485
375 1554
375 1597
376 654
376 719
376 1123
376 1954
377 426
378 776
378 795
378 1100
378 1269
379 990
379 997
379 1219
380 862
380 1328
381 950
381 1490
382 1116
382 1641
383 997
384 386
384 1628
385 1124
386 1826
387 1213
387 1864
388 967
388 1466
388 1901
389 446
389 1795
389 1946
390 719
390 1026
390 1030
391 629
391 1739
392 1417
393 617
393 857
393 1222
393 1717
394 468
394 545
394 1743
395 629
395 1398
396 514
396 963
396 1650
397 1990
398 543
398 1307
399 541
399 550
399 687
399 1459
399 1629
400 1813
401 791
402 910
402 1200
402 1397
402 1927
403 475
403 773
403 797
403 1248
403 1471
405 496
405 624
405 920
405 1693
405 1721
405 1858
406 1352
406 1427
407 469
407 614
408 853
408 1286
408 1981
409 748
409 1617
409 1871
410 490
410 1300
411 504
411 1108
412 686
412 1015
412 1399
412 1930
413 472
413 897
414 786
414 965
414 1505
414 1525
414 1763
415 774
415 997
416 595
416 794
416 1247
417 1426
417 1940
418 730
418 1462
419 1150
419 1362
419 1388
419 1659
419 1665
420 847
420 1177
420 1542
420 1601
421 444
421 481
421 1192
422 476
422 1021
422 1074
423 941
424 437
424 482
424 1093
425 1004
426 511
426 602
427 608
427 1096
428 863
428 1383
428 1983
429 1909
430 550
430 625
430 843
431 1351
431 1365
431 1506
432 542
432 1744
433 813
433 1590
433 1801
434 1163
435 739
435 1018
435 1191
436 1420
437 446
437 936
437 1350
437 1442
437 1551
438 1671
438 1797
438 1847
438 1922
439 757
441 1334
442 516
443 838
443 1026
443 1531
444 654
444 1686
446 529
446 595
446 755
447 768
447 1094
447 1472
447 1877
448 1230
448 1297
448 1458
448 1888
449 732
449 1155
449 1329
449 1742
450 512
450 929
450 1351
450 1931
451 799
451 1070
451 1384
453 811
453 1334
453 1433
453 1480
453 1532
454 898
454 1354
454 1703
455 574
455 1654
457 584
457 1706
457 1876
458 1524
459 1232
459 1270
459 1607
459 1901
459 1957
460 580
460 1442
461 1081
463 1528
463 1635
464 1315
465 982
466 503
466 673
466 1881
467 1223
468 1204
468 1306
468 1848
468 1932
469 544
469 1176
470 1265
471 491
472 569
473 1081
473 1877
474 1596
474 1776
475 480
475 1941
476 502
476 1880
478 499
478 680
478 886
478 911
478 1003
478 1840
478 1934
479 786
479 851
479 1082
479 1327
480 1237
480 1652
481 959
481 1222
483 1671
483 1961
484 1066
484 1301
485 1379
486 911
486 1081
487 625
487 775
487 985
487 1159
487 1284
487 1304
488 1212
489 708
489 1518
490 1220
490 1366
492 614
492 643
492 1128
492 1277
492 1373
492 1563
493 1231
493 1566
493 1735
494 1969
495 1832
497 976
497 1152
498 522
498 653
498 1104
502 1855
503 1876
504 1264
504 1730
505 754
505 969
506 1716
507 523
507 629
507 974
509 719
510 1603
512 904
512 1350
512 1848
513 907
513 1066
514 949
514 1509
515 593
515 1446
515 1601
515 1834
516 989
516 990
516 1725
516 1819
516 1900
518 1102
518 1901
519 703
519 719
519 1780
521 874
521 924
522 600
524 621
526 1682
527 931
527 1336
527 1738
529 607
529 1419
529 1459
530 1100
530 1383
530 1953
531 595
531 1182
531 1842
532 962
532 1125
532 1265
532 1456
532 1556
532 1879
533 795
533 936
533 1041
533 1785
533 1819
534 1282
534 1723
535 1251
535 1288
535 1669
536 1051
536 1297
537 1651
537 1965
538 1807
539 1504
539 1814
540 871
540 1642
541 1115
541 1446
541 1448
542 954
542 969
542 1035
542 1350
543 577
543 1157
543 1812
544 959
544 1211
545 829
545 885
545 1820
545 1957
548 860
548 1331
548 1623
548 1725
549 575
549 1763
550 1406
550 1542
550 1550
550 1752
550 1848
552 1024
552 1687
553 1962
554 585
554 682
554 903
554 1347
555 1788
555 1816
556 1374
556 1889
556 1938
557 1892
558 639
558 1892
559 774
559 1227
560 1698
561 841
561 1081
561 1888
561 1889
562 1336
562 1692
562 1714
563 1286
564 1033
564 1223
565 605
565 825
565 1057
566 1288
567 578
567 955
567 1664
568 1631
570 731
570 819
570 841
572 709
573 665
573 810
573 1346
574 665
574 1207
575 630
575 776
575 1845
576 630
576 633
576 1452
577 1676
579 838
580 693
580 798
580 876
580 1464
580 1738
581 1559
582 1687
583 589
583 1802
583 1942
584 666
584 701
584 1120
584 1964
586 1972
587 685
587 1576
588 1507
588 1552
588 1645
589 1273
590 1944
591 762
591 1039
591 1043
591 1621
592 748
592 764
592 1984
593 1200
593 1486
594 982
595 781
595 876
595 1013
595 1142
595 1820
598 1623
598 1755
598 1757
599 1197
599 1584
599 1925
600 752
600 1369
600 1645
601 603
601 618
601 867
601 950
601 1581
601 1731
602 1304
602 1368
604 1431
604 1460
605 957
605 1984
608 1027
608 1188
608 1312
609 881
609 1165
609 1501
609 1701
609 1813
610 699
610 1416
611 996
611 1050
611 1952
612 994
612 1668
612 1678
612 1843
613 791
613 1273
614 1169
614 1551
615 700
615 1867
616 1428
616 1707
616 1810
616 1983
617 1586
617 1763
617 1964
619 1076
619 1260
619 1325
619 1644
619 1675
620 1676
620 1976
620 1980
621 1202
622 1057
622 1646
623 1612
623 1964
624 1071
625 1891
629 849
629 1503
629 1794
630 782
631 1110
632 1036
632 1679
633 959
633 1542
634 831
634 1049
635 1208
635 1607
636 740
636 1444
637 1276
638 1547
638 1589
639 739
641 1770
641 1813
642 1271
643 1916
644 1689
644 1922
645 1494
645 1763
646 1498
647 946
647 1590
647 1679
647 1697
648 804
648 946
648 1855
649 1475
650 1074
650 1414
650 1606
651 695
651 1027
651 1628
651 1737
652 1902
654 731
654 1422
654 1538
655 958
655 1359
655 1622
655 1937
656 841
658 909
658 1266
658 1715
659 1399
659 1414
659 1458
660 666
660 698
660 775
660 916
660 1523
660 1664
661 757
661 785
661 1404
662 848
663 736
663 1790
665 771
665 1635
666 1505
666 1661
667 1138
667 1375
668 846
668 1864
669 1589
670 832
670 1478
671 1088
671 1170
673 698
674 1363
675 1288
675 1829
675 1860
676 1335
677 1334
677 1553
678 792
680 1232
680 1456
681 1546
683 845
684 803
684 1956
685 1171
687 762
687 1413
687 1639
688 819
688 1441
689 1216
689 1271
689 1800
690 956
691 961
692 1643
693 1292
693 1321
693 1896
694 1261
694 1312
695 955
696 849
696 887
696 1362
696 1666
697 1325
697 1338
697 1925
698 756
698 898
698 1496
698 1558
699 1226
699 1659
700 829
700 1669
701 1684
702 1726
703 1104
703 1659
703 1660
704 1428
705 798
705 1536
706 723
707 851
707 910
707 1390
708 790
709 884
709 1323
710 1602
710 1855
711 1328
712 963
712 1003
712 1018
712 1409
712 1519
712 1639
713 768
714 726
714 1012
714 1332
715 1036
715 1286
715 1543
715 1573
716 1087
716 1427
716 1978
717 762
717 1571
718 989
718 1064
719 1347
720 1474
720 1739
720 1981
722 1100
722 1476
722 1583
722 1761
723 1982
724 880
725 794
725 1657
725 1663
725 1693
727 732
727 1513
727 1736
728 1393
728 1444
729 1487
729 1564
731 1416
731 1417
732 883
732 1419
732 1821
733 891
733 1981
737 1116
737 1300
738 981
738 1609
738 1833
739 1664
740 1231
740 1822
741 1060
741 1483
741 1530
742 1103
742 1203
743 1481
743 1691
744 1029
744 1349
745 751
747 973
747 987
747 1999
748 1447
749 797
751 1297
751 1403
752 1716
752 1965
753 841
753 1865
755 939
755 1291
755 1308
756 1482
756 1745
756 1772
759 847
759 1404
760 1099
760 1903
761 1156
761 1912
761 1916
762 779
763 941
763 1214
764 904
764 1608
766 769
766 1139
766 1393
766 1957
766 1990
767 1580
767 1609
767 1909
768 1214
769 876
769 1326
769 1895
770 819
770 918
770 1880
771 907
771 988
771 1953
772 797
772 1489
772 1577
773 1015
774 1732
775 935
775 1523
775 1680
775 1698
776 1143
777 1179
779 803
780 941
780 1410
780 1793
780 1970
781 1071
781 1340
781 1480
781 1743
782 1862
783 1423
783 1485
783 1492
783 1947
785 1024
786 888
786 1512
787 804
787 1306
787 1615
787 1713
787 1853
789 1060
789 1062
790 1618
790 1802
791 959
791 1964
793 852
794 1443
794 1628
794 1737
794 1795
795 1762
797 1109
797 1989
798 1404
799 834
799 1494
800 1058
800 1475
800 1779
801 1053
801 1181
801 1283
802 1525
802 1798
802 1801
803 905
803 971
804 1616
804 1823
805 1035
805 1196
805 1738
806 1120
806 1667
807 1035
807 1820
807 1877
807 1980
808 951
808 1991
810 1977
811 856
811 976
812 844
812 1095
812 1478
812 1513
812 1631
813 1401
813 1585
814 1163
815 1459
816 1191
816 1937
816 1986
816 1997
817 1359
817 1522
817 1708
817 1762
818 1162
818 1171
818 1940
819 1041
819 1298
819 1514
820 1563
821 1096
821 1381
821 1530
822 1221
823 1004
823 1329
823 1341
823 1731
824 1214
824 1479
825 1487
826 828
826 1006
826 1822
826 1962
827 1007
827 1095
827 1347
828 1507
829 1672
830 1975
832 967
832 1401
832 1698
833 922
833 1708
834 1907
834 1950
835 1280
836 1024
836 1224
836 1385
836 1427
837 1904
838 1403
838 1669
838 1870
840 1901
841 1069
841 1089
841 1635
842 1257
842 1348
844 1500
845 1997
847 1053
847 1115
847 1219
847 1388
848 913
848 930
848 1120
848 1167
848 1486
849 1686
850 1102
850 1149
850 1206
850 1333
850 1630
851 1697
854 1608
855 1278
856 1040
856 1315
856 1339
857 1866
857 1936
858 984
858 1114
861 1500
862 1587
864 1561
865 1185
865 1612
867 1163
867 1834
868 1145
868 1954
870 967
870 1855
871 1634
872 1402
872 1962
873 1193
873 1632
873 1681
874 970
875 1512
875 1688
876 1254
878 1558
878 1603
879 960
879 1284
881 977
883 1898
884 1345
885 1074
885 1151
885 1167
885 1233
886 1608
886 1763
887 890
887 1248
887 1295
887 1686
887 1925
888 1818
889 935
889 972
890 1466
890 1668
890 1839
891 1407
891 1759
891 1973
893 1011
893 1455
893 1765
894 935
894 1556
896 1407
896 1772
897 1413
897 1924
898 1851
898 1906
899 973
899 1810
900 921
900 1014
900 1469
900 1482
900 1801
903 973
904 992
904 1251
904 1408
905 1987
906 1034
906 1632
906 1790
907 924
907 1502
909 1016
909 1045
909 1631
911 1713
912 1732
913 1286
914 1885
915 934
916 1393
916 1854
917 941
917 1080
917 1648
919 1153
919 1858
919 1934
920 1833
921 1015
921 1265
921 1494
921 1586
922 1826
923 1026
923 1993
924 1306
925 1916
927 1699
929 1716
933 1059
934 1567
935 1513
935 1728
938 964
938 1115
938 1923
939 1325
940 1647
940 1660
941 1114
941 1436
941 1771
942 1013
942 1979
944 1688
945 1723
946 1619
948 1948
949 1476
949 1965
950 1050
952 1424
952 1977
953 1242
953 1479
953 1864
955 1887
957 1241
957 1314
957 1347
957 1449
957 1557
959 1233
959 1308
960 1334
960 1496
961 1645
961 1870
962 1299
962 1727
963 1409
963 1963
964 1008
964 1470
966 1022
966 1051
966 1273
966 1432
966 1559
966 1808
969 1564
971 1163
971 1253
971 1686
973 1818
975 1786
977 1364
978 1665
978 1983
979 989
979 998
979 1038
979 1585
979 1886
980 1332
980 1859
981 1715
983 1871
984 1513
985 1675
986 1488
986 1724
987 994
987 1015
987 1711
990 1947
991 1672
991 1896
992 1118
993 1017
993 1199
993 1323
993 1929
994 1085
995 1210
995 1440
995 1759
996 1266
996 1474
997 1745
998 1660
999 1007
999 1796
1000 1066
1000 1690
1001 1874
1004 1422
1004 1469
1006 1131
1006 1916
1006 1951
1006 1968
1007 1684
1008 1233
1008 1581
1009 1460
1011 1109
1011 1437
1011 1724
1012 1472
1012 1659
1013 1182
1014 1304
1014 1439
1014 1868
1015 1187
1015 1865
1016 1273
1017 1162
1017 1654
1017 1740
1017 1776
1018 1384
1019 1367
1019 1728
1020 1186
1020 1696
1020 1879
1021 1204
1021 1775
1022 1192
1022 1612
1022 1717
1022 1772
1023 1027
1023 1325
1023 1792
1023 1949
1025 1954
1026 1565
1027 1411
1027 1425
1028 1728
1028 1731
1029 1855
1031 1708
1031 1763
1031 1995
1032 1402
1033 1288
1033 1395
1033 1410
1033 1471
1033 1666
1033 1871
1035 1889
1036 1296
1036 1592
1037 1689
1038 1138
1038 1290
1038 1531
1038 1946
1040 1845
1040 1962
1041 1532
1041 1836
1043 1624
1045 1252
1045 1582
1047 1278
1047 1919
1048 1053
1049 1851
1051 1373
1052 1581
1052 1594
1053 1157
1053 1215
1053 1731
1055 1391
1055 1508
1057 1388
1058 1393
1059 1445
1061 1597
1061 1731
1061 1813
1062 1974
1065 1809
1066 1218
1067 1317
1067 1495
1068 1117
1068 1403
1068 1769
1068 1925
1069 1895
1070 1235
1070 1299
1070 1918
1071 1099
1071 1398
1071 1849
1073 1580
1073 1622
1076 1088
1076 1124
1076 1582
1077 1333
1077 1624
1077 1846
1079 1853
1080 1794
1081 1089
1081 1147
1081 1225
1081 1436
1081 1542
1082 1315
1082 1663
1082 1789
1082 1807
1083 1127
1083 1371
1084 1758
1085 1483
1085 1577
1087 1185
1087 1755
1087 1926
1088 1949
1091 1435
1092 1596
1092 1692
1093 1734
1093 1813
1094 1471
1095 1470
1095 1838
1096 1262
1096 1286
1096 1325
1096 1959
1097 1210
1098 1608
1100 1127
1100 1764
1101 1793
1102 1659
1102 1984
1103 1767
1103 1876
1104 1604
1105 1319
1105 1482
1107 1691
1107 1718
1111 1373
1111 1375
1111 1608
1111 1854
1112 1285
1113 1412
1113 1513
1115 1132
1115 1868
1116 1371
1116 1629
1116 1783
1116 1833
1118 1454
1119 1164
1119 1241
1120 1180
1120 1608
1120 1875
1122 1803
1122 1863
1124 1217
1125 1621
1125 1639
1126 1767
1127 1698
1127 1716
1128 1419
1129 1375
1129 1534
1129 1774
1132 1283
1132 1722
1134 1464
1134 1547
1135 1822
1136 1653
1137 1662
1140 1815
1141 1168
1142 1300
1143 1147
1143 1611
1144 1506
1144 1849
1145 1908
1145 1920
1147 1210
1147 1790
1148 1504
1148 1537
1149 1333
1150 1303
1150 1981
1151 1450
1151 1568
1151 1574
1152 1356
1154 1241
1154 1711
1157 1389
1157 1418
1158 1840
1159 1762
1160 1518
1167 1434
1167 1636
1168 1966
1169 1359
1169 1476
1169 1686
1170 1425
1170 1441
1171 1794
1172 1849
1172 1929
1172 1964
1174 1845
1176 1492
1178 1733
1180 1445
1181 1926
1183 1494
1184 1689
1185 1603
1186 1431
1187 1282
1188 1229
1188 1595
1188 1980
1189 1327
1189 1893
1192 1255
1192 1995
1193 1246
1193 1384
1194 1249
1194 1685
1197 1271
1198 1822
1199 1639
1201 1357
1201 1850
1202 1895
1203 1361
1203 1535
1204 1424
1205 1884
1206 1494
1206 1546
1207 1927
1208 1788
1208 1986
1209 1415
1209 1525
1211 1443
1212 1636
1212 1921
1214 1579
1214 1780
1215 1519
1216 1548
1216 1661
1217 1498
1218 1538
1219 1522
1219 1761
1219 1797
1220 1362
1222 1712
1224 1228
1225 1695
1228 1405
1228 1520
1229 1733
1229 1789
1231 1674
1231 1753
1233 1549
1233 1944
1233 1968
1234 1381
1235 1409
1236 1647
1238 1453
1239 1466
1240 1355
1242 1323
1244 1810
1245 1695
1245 1889
1245 1894
1246 1296
1248 1288
1248 1976
1249 1304
1249 1531
1249 1771
1252 1257
1252 1285
1253 1447
1253 1631
1254 1307
1254 1939
1256 1385
1257 1491
1257 1718
1259 1354
1259 1644
1260 1500
1261 1795
1263 1994
1264 1719
1266 1298
1266 1347
1268 1598
1269 1669
1270 1570
1271 1341
1271 1586
1271 1716
1271 1736
1272 1309
1272 1670
1272 1755
1273 1276
1273 1474
1273 1795
1273 1921
1274 1341
1275 1943
1275 1997
1276 1515
1277 1291
1277 1814
1277 1968
1278 1325
1278 1599
1280 1982
1284 1474
1285 1570
1288 1858
1289 1624
1289 1663
1292 1798
1294 1998
1296 1688
1296 1934
1297 1623
1298 1540
1298 1596
1301 1367
1302 1652
1303 1497
1305 1949
1306 1942
1308 1964
1309 1325
1310 1890
1311 1555
1312 1488
1312 1825
1313 1805
1315 1325
1316 1963
1317 1714
1317 1958
1318 1477
1318 1541
1320 1935
1321 1614
1322 1455
1323 1877
1323 1985
1324 1437
1324 1496
1324 1674
1325 1396
1326 1478
1328 1387
1328 1548
1330 1414
1330 1521
1331 1786
1333 1881
1334 1525
1334 1534
1336 1697
1338 1846
1339 1918
1341 1466
1343 1641
1344 1878
1346 1467
1346 1537
1347 1494
1348 1462
1348 1812
1350 1506
1350 1973
1351 1976
1354 1518
1355 1882
1357 1955
1358 1606
1359 1598
1360 1520
1362 1725
1363 1588
1364 1700
1367 1750
1368 1805
1369 1615
1375 1519
1376 1395
1378 1577
1378 1698
1378 1846
1379 1676
1380 1957
1384 1665
1385 1762
1386 1639
1388 1602
1388 1845
1389 1674
1389 1788
1389 1852
1390 1731
1391 1877
1391 1942
1392 1499
1392 1547
1392 1924
1393 1974
1394 1454
1395 1989
1396 1524
1396 1793
1397 1708
1397 1972
1398 1527
1398 1631
1398 1812
1399 1882
1400 1789
1400 1791
1403 1615
1403 1644
1403 1687
1409 1505
1409 1993
1410 1532
1411 1586
1412 1625
1412 1838
1413 1605
1414 1848
1416 1859
1417 1478
1417 1483
1417 1518
1417 1979
1418 1542
1419 1860
1421 1659
1421 1810
1422 1616
1422 1801
1423 1801
1424 1503
1424 1592
1426 1761
1426 1949
1427 1664
1427 1753
1428 1609
1431 1465
1431 1750
1431 1814
1434 1642
1434 1950
1437 1473
1437 1780
1437 1804
1438 1735
1439 1495
1440 1539
1441 1553
1441 1859
1441 1972
1443 1754
1444 1645
1444 1773
1446 1814
1446 1858
1448 1638
1448 1938
1449 1719
1449 1896
1450 1759
1453 1799
1454 1599
1454 1928
1455 1479
1455 1647
1456 1827
1459 1880
1459 1896
1459 1983
1461 1589
1461 1890
1463 1749
1466 1521
1466 1798
1470 1881
1471 1618
1472 1847
1473 1974
1476 1684
1477 1649
1479 1678
1479 1939
1481 1535
1481 1872
1487 1936
1488 1601
1488 1628
1488 1755
1490 1694
1490 1808
1491 1576
1493 1647
1493 1900
1495 1976
1496 1878
1498 1761
1499 1613
1501 1564
1505 1634
1509 1690
1513 1785
1514 1614
1514 1639
1518 1533
1520 1539
1520 1955
1521 1574
1521 1655
1523 1911
1525 1934
1526 1651
1526 1689
1526 1837
1528 1966
1529 1777
1531 1797
1531 1894
1532 1712
1532 1897
1533 1608
1533 1833
1534 1976
1536 1668
1536 1695
1536 1881
1537 1553
1539 1818
1540 1708
1540 1791
1544 1651
1547 1828
1548 1694
1550 1733
1553 1888
1554 1618
1554 1868
1556 1929
1559 1730
1561 1973
1564 1836
1565 1900
1566 1657
1567 1646
1569 1581
1569 1593
1570 1851
1572 1574
1573 1647
1573 1730
1573 1822
1575 1609
1577 1745
1578 1619
1578 1704
1578 1779
1580 1849
1580 1850
1580 1887
1581 1607
1581 1938
1582 1634
1584 1639
1584 1752
1585 1637
1586 1623
1588 1675
1588 1829
1588 1917
1592 1877
1593 1925
1594 1690
1594 1932
1595 1651
1596 1635
1596 1692
1596 1741
1596 1886
1598 1687
1610 1876
1615 1802
1615 1860
1620 1738
1620 1810
1627 1702
1628 1728
1631 1831
1633 1760
1634 1955
1635 1639
1635 1817
1638 1780
1639 1667
1639 1791
1639 1824
1641 1916
1642 1700
1643 1990
1644 1762
1650 1757
1655 1864
1655 1903
1657 1687
1657 1788
1657 1918
1658 1681
1661 1882
1663 1972
1664 1733
1664 1749
1667 1800
1676 1975
1680 1742
1683 1725
1683 1987
1684 1717
1685 1877
1686 1744
1686 1940
1688 1765
1688 1859
1688 1997
1692 1965
1696 1971
1698 1828
1699 1772
1699 1968
1702 1893
1703 1806
1705 1710
1706 1813
1708 1895
1708 1913
1710 1882
1714 1768
1715 1761
1716 1872
1725 1868
1729 1774
1729 1829
1730 1760
1734 1859
1736 1947
1746 1766
1746 1933
1751 1829
1755 1779
1755 1867
1761 1971
1762 1793
1767 1992
1776 1816
1776 1819
1778 1824
1779 1800
1783 1911
1784 1941
1790 1880
1791 1945
1791 1949
1793 1795
1795 1847
1804 1831
1805 1812
1806 1859
1808 1969
1809 1900
1812 1899
1814 1973
1814 1999
1817 1950
1823 1990
1824 1849
1824 1932
1829 1979
1831 1961
1831 1965
1838 1989
1841 1975
1843 1845
1843 1858
1855 1904
1873 1990
1874 1987
1878 1901
1880 1993
1882 1938
1891 1918
1898 1936
1903 1962
1904 1925
1914 1929
1917 1969
1919 1982
1920 1956
1930 1949
1957 1966
1982 1998
