2000 3093
14
90
99
98
43
59
49
2
16
55
12
26
62
33
15
67
77
92
21
18
8
96
33
100
68
86
89
4
89
99
89
76
49
67
14
92
92
11
38
78
17
98
42
68
88
50
78
1
71
68
66
78
79
9
28
28
94
2
82
58
53
15
63
75
17
22
46
71
63
54
27
69
97
29
15
72
70
53
82
21
56
95
31
51
35
40
71
11
31
99
71
84
11
100
15
56
14
23
50
3
98
93
88
43
21
76
93
97
43
27
43
6
76
17
30
7
86
51
97
53
80
70
88
36
65
92
81
63
29
89
30
65
38
20
86
5
72
71
38
43
78
75
3
66
49
54
92
73
21
69
17
29
94
59
43
2
56
23
44
22
35
69
68
89
22
28
90
36
90
89
94
80
8
4
81
68
79
99
7
4
68
81
94
97
60
40
24
47
89
83
22
9
32
49
17
10
97
25
8
75
7
8
73
30
63
15
79
27
97
32
50
48
99
42
1
33
11
61
67
47
33
55
95
42
16
57
80
44
15
90
90
25
53
47
70
71
63
95
50
84
9
52
57
32
71
99
88
50
47
100
2
82
13
83
52
72
3
71
98
90
35
98
40
64
29
2
13
80
7
68
7
17
57
16
27
82
2
8
55
19
32
72
37
13
35
31
76
64
40
13
80
23
54
31
10
25
7
81
32
17
58
22
45
17
10
37
43
90
1
34
96
31
66
30
88
36
90
74
19
33
32
54
75
92
69
3
100
61
1
65
71
88
12
58
32
60
7
99
29
31
37
68
53
9
2
15
94
81
64
21
44
42
14
6
30
43
69
14
16
66
79
72
41
25
2
30
35
35
16
61
91
70
7
12
36
5
81
25
41
11
39
27
37
85
31
96
39
18
62
48
86
79
48
19
96
25
66
20
12
55
39
4
40
72
79
44
99
49
34
47
70
9
12
63
92
46
21
67
3
51
5
37
64
33
31
62
67
76
16
62
58
64
58
71
100
83
71
71
4
11
86
59
24
89
96
67
28
41
18
71
72
26
12
89
32
75
90
57
94
94
51
39
100
30
91
76
31
27
9
17
73
91
85
46
93
55
73
6
75
97
90
55
98
95
5
13
30
73
10
90
33
32
78
82
35
65
26
89
11
89
86
38
27
44
100
98
71
6
87
30
24
75
46
96
35
91
75
96
64
48
6
19
55
39
91
55
46
88
3
73
77
50
62
30
86
21
4
50
11
39
10
22
89
58
33
94
51
62
42
97
58
11
69
10
19
54
3
37
16
20
37
72
71
51
21
79
55
25
24
50
99
46
87
32
92
2
6
13
85
63
76
70
36
27
72
55
58
55
55
6
68
94
45
89
83
80
21
14
46
9
14
4
28
66
76
86
2
49
35
63
21
13
63
56
42
77
100
58
98
70
70
39
62
20
71
38
37
66
52
97
70
33
57
9
4
19
24
55
63
71
74
94
55
72
72
62
56
48
48
74
83
74
47
48
58
90
2
51
40
100
22
30
59
38
23
75
80
81
24
73
71
83
52
15
93
19
28
47
10
88
47
41
20
92
88
79
11
98
1
13
70
47
51
10
49
23
26
34
89
48
43
88
36
73
50
9
85
74
55
36
85
86
9
23
15
7
64
87
2
88
49
26
50
90
65
24
77
81
10
45
91
67
2
65
63
29
19
9
78
60
29
75
49
1
12
70
46
83
43
62
97
34
10
45
48
17
12
27
50
64
8
77
44
42
1
40
57
3
97
84
27
5
13
8
17
83
41
92
92
37
37
8
37
5
26
61
19
20
7
90
27
20
69
51
48
38
4
43
71
65
9
73
89
59
60
17
81
86
94
92
29
42
69
5
23
41
97
46
15
25
74
18
50
50
95
40
41
17
17
42
26
90
16
10
38
80
39
11
25
91
24
58
7
33
78
66
98
79
45
20
19
15
27
56
93
37
8
81
54
28
82
6
59
99
63
38
99
62
94
7
1
96
97
92
6
7
13
61
96
54
55
79
69
2
28
20
28
35
43
46
65
98
12
59
17
88
99
3
43
18
67
19
100
25
98
97
63
58
74
29
51
51
85
40
37
74
62
66
51
23
28
72
33
81
53
59
15
14
73
56
32
57
23
82
67
65
24
27
34
77
39
11
61
35
65
39
54
18
15
67
73
72
85
39
57
37
74
17
77
42
42
36
15
54
6
31
72
10
35
60
36
3
56
59
93
7
18
28
50
31
73
9
76
76
66
36
67
93
16
47
26
86
26
96
4
72
76
18
34
22
52
90
18
39
3
86
85
52
64
91
86
99
69
96
43
2
24
21
62
55
3
33
94
38
57
31
33
69
54
45
99
85
3
16
74
55
61
79
21
44
28
72
66
23
70
100
74
67
67
63
98
96
98
88
1
90
32
35
13
8
16
60
69
88
32
17
88
78
100
22
59
24
28
52
2
66
27
95
33
20
83
25
91
74
89
95
36
38
91
29
72
99
55
16
23
63
11
79
13
50
6
94
19
100
64
38
76
90
19
23
26
38
23
47
21
31
74
43
13
75
48
9
22
59
59
18
89
25
40
61
67
22
99
12
85
67
87
25
18
6
14
81
70
33
86
22
34
51
12
7
4
13
19
76
57
68
6
21
91
71
20
65
92
56
98
83
49
65
71
12
46
75
8
58
34
99
20
74
74
95
35
99
9
91
9
75
93
88
4
10
40
87
53
46
30
12
83
82
67
73
46
99
4
31
86
77
7
32
30
25
77
35
55
38
28
47
45
25
74
24
94
63
32
54
83
79
36
79
71
51
31
45
68
86
34
67
34
49
97
35
31
80
71
30
27
63
24
14
60
91
97
48
56
24
94
25
81
41
63
11
83
3
18
6
46
8
91
16
78
19
6
91
32
1
87
52
55
8
11
17
91
77
57
88
87
99
39
4
98
6
11
79
24
46
37
76
8
61
44
100
9
95
95
39
41
40
77
91
27
73
22
61
9
48
73
29
54
84
81
63
31
80
99
96
11
90
6
52
95
2
98
64
41
87
28
83
43
78
9
60
34
5
36
92
17
73
4
76
44
59
38
76
84
96
2
3
7
58
30
85
22
32
2
46
63
72
80
3
24
92
28
58
61
15
33
4
21
66
29
38
83
32
61
97
44
64
44
43
63
69
81
79
62
4
52
22
72
7
27
8
27
67
97
3
86
31
94
41
100
35
58
83
38
40
32
72
13
50
15
28
82
100
72
30
36
96
22
27
27
3
67
81
14
57
55
51
40
71
75
97
29
52
93
82
62
45
63
17
81
5
97
76
49
13
13
57
100
20
76
88
5
15
18
64
26
80
85
80
71
45
29
98
50
50
30
31
61
93
90
36
41
43
25
5
81
57
24
25
9
92
81
36
54
14
84
53
74
66
78
30
79
41
84
76
68
26
1
86
57
41
19
45
28
8
57
32
75
3
12
100
22
84
67
40
99
2
95
67
52
54
54
5
40
80
79
79
22
5
100
90
97
18
96
66
100
17
1
75
32
83
98
18
74
92
74
85
22
46
55
11
5
44
11
69
57
76
84
77
81
17
4
100
77
54
67
33
48
66
96
25
90
3
53
86
65
8
76
91
24
71
54
38
68
4
93
23
16
99
77
68
43
19
58
29
46
51
7
40
81
90
9
77
93
11
85
76
2
42
11
75
6
79
57
84
28
4
45
57
64
78
93
31
86
55
61
99
80
2
12
61
28
25
79
59
43
3
61
55
56
3
6
97
31
80
5
95
78
39
55
80
13
24
86
15
82
84
97
89
82
87
78
63
28
48
98
99
61
96
83
14
9
52
55
12
52
54
5
54
39
45
59
64
97
81
48
69
72
7
60
41
45
60
33
17
92
15
3
41
81
51
7
30
81
82
12
1
39
66
21
41
85
49
27
59
92
3
85
79
71
13
77
96
48
56
53
99
47
17
47
73
56
40
31
38
94
72
38
36
73
90
39
37
5
89
21
51
48
54
19
77
45
52
9
87
69
72
92
64
79
50
43
67
15
78
92
59
98
18
22
76
13
26
27
83
44
8
52
57
61
18
72
37
86
16
85
72
51
2
9
40
98
19
6
94
9
79
23
30
72
14
69
28
61
10
33
90
27
81
67
43
3
54
52
30
86
19
79
55
36
10
42
63
99
65
78
79
47
80
23
21
55
14
84
23
24
95
77
15
31
15
41
41
59
91
68
63
98
83
18
4
25
48
64
38
79
5
100
75
29
53
80
12
64
75
93
52
82
18
63
11
73
6
40
62
40
51
13
19
55
86
39
54
54
57
39
45
5
34
9
17
34
77
84
3
28
58
61
20
71
56
10
84
66
21
3
64
90
41
22
66
19
59
32
94
62
50
44
16
67
17
47
2
72
11
73
85
79
2
73
86
94
27
20
35
52
60
42
6
55
95
80
40
9
2
37
92
60
34
84
93
28
44
42
24
93
4
53
1
60
32
98
10
58
83
93
75
19
35
64
93
42
35
89
85
49
95
6
21
41
21
67
2
77
12
53
50
29
89
77
46
0 825
0 1052
0 1689
1 484
1 1049
1 1933
1 1992
2 434
2 1344
3 191
3 273
3 317
3 1777
4 125
4 357
5 500
5 1015
6 271
6 646
6 959
6 1952
7 429
7 481
7 751
7 1039
7 1891
7 1905
8 603
8 1649
9 33
9 204
9 789
9 976
9 1286
9 1725
10 718
10 896
11 1096
12 1209
12 1359
12 1850
13 116
13 340
13 411
13 1314
13 1700
14 412
14 415
14 739
14 855
14 1105
15 259
15 1532
16 649
16 932
16 1445
17 114
17 1093
18 197
18 270
18 476
18 1034
18 1313
19 641
19 850
19 892
19 1882
20 302
20 1484
21 1577
22 54
22 671
23 44
23 55
23 565
23 583
23 828
23 864
23 1622
24 1107
24 1528
24 1832
24 1905
25 304
25 1058
26 717
26 1082
26 1537
27 40
27 1262
27 1436
27 1620
27 1983
29 337
29 1929
30 742
30 941
30 1057
31 703
31 1836
32 137
32 518
32 790
32 1243
33 496
33 976
34 886
34 1140
34 1842
34 1953
35 173
35 493
35 1816
36 1781
37 242
37 1100
38 122
38 1595
39 906
39 1337
40 52
40 849
41 910
42 1396
42 1643
43 416
43 567
43 717
43 729
43 1185
43 1415
43 1899
43 1914
44 435
44 664
44 1226
45 1126
45 1305
46 700
46 906
46 1231
46 1408
46 1764
47 427
48 64
48 1034
48 1793
48 1841
48 1969
49 127
49 650
49 1314
50 649
50 845
50 1931
51 1715
51 1771
53 151
53 190
53 402
53 624
53 834
53 1510
53 1627
53 1803
54 1220
55 246
55 651
55 1273
55 1298
56 1050
56 1297
56 1889
57 178
57 624
57 1397
58 604
59 347
59 912
60 972
60 1394
60 1860
61 125
61 213
61 857
61 1208
61 1935
62 328
62 821
62 1266
63 1104
63 1189
63 1970
63 1990
64 83
64 105
64 422
64 833
64 1355
64 1886
65 823
65 1876
66 485
66 709
66 1138
66 1304
67 132
67 251
67 359
67 1010
67 1179
68 571
68 1176
68 1214
69 233
69 845
69 1079
69 1931
70 364
70 598
70 933
71 548
71 620
71 890
71 946
71 1197
72 1313
72 1449
72 1491
72 1992
73 1884
74 346
75 404
75 896
75 1001
75 1582
75 1591
75 1597
76 287
76 1266
76 1753
77 871
77 885
77 902
78 204
78 1565
78 1883
79 509
79 1054
79 1294
79 1484
79 1601
80 125
80 876
81 322
81 490
81 607
81 769
81 1064
81 1796
82 283
82 874
82 1487
83 181
83 232
83 1472
83 1954
84 606
84 1067
84 1363
84 1371
85 1845
85 1952
86 1328
86 1548
86 1691
87 1164
87 1359
88 1340
88 1767
89 1078
89 1468
90 265
90 523
90 1215
90 1822
91 971
91 1124
91 1393
91 1849
93 342
93 378
93 436
93 506
93 1216
93 1324
94 427
94 579
94 717
94 1083
94 1590
95 448
95 689
95 757
96 754
96 866
96 993
97 1451
97 1547
98 617
98 1694
99 1104
99 1397
99 1998
100 1288
101 886
101 1600
101 1841
102 635
102 821
103 124
103 703
103 1310
103 1463
103 1583
104 1496
104 1621
105 158
105 160
105 479
105 1250
105 1902
106 131
106 1486
106 1505
106 1802
106 1952
107 635
107 811
109 225
109 374
109 617
109 895
109 1138
110 893
110 1700
111 390
111 1363
111 1798
112 891
113 124
113 1072
113 1101
113 1174
113 1356
113 1867
114 202
114 549
114 811
114 1704
114 1879
115 1221
115 1346
115 1872
116 1804
116 1991
117 1243
117 1479
117 1634
117 1926
118 420
118 956
119 216
119 629
119 1709
119 1886
119 1954
120 501
120 1195
120 1469
120 1865
121 152
121 972
121 1180
121 1183
122 689
122 909
123 246
123 1905
124 844
126 147
126 708
126 925
126 1228
126 1328
126 1697
126 1753
126 1873
127 1923
128 377
128 1562
129 1016
129 1025
131 1002
131 1160
131 1615
132 420
132 1351
132 1429
133 622
133 1211
133 1263
133 1379
133 1931
134 614
134 1194
135 1108
135 1716
136 573
136 733
136 913
136 1243
136 1534
136 1694
136 1898
137 563
137 1410
138 756
138 1144
138 1659
139 774
139 1186
139 1462
140 997
140 1391
140 1773
140 1934
141 948
141 1156
142 278
142 1879
142 1935
143 272
143 400
143 1324
143 1680
144 754
144 1220
144 1661
145 434
145 1184
145 1319
145 1572
146 412
146 824
147 227
147 1229
147 1457
147 1498
147 1991
148 576
148 1095
148 1320
148 1587
150 173
150 446
150 780
150 816
150 981
151 1431
152 528
152 742
152 1043
152 1458
153 520
153 1137
153 1210
153 1984
154 558
154 630
154 921
154 1027
154 1492
154 1836
154 1856
154 1891
155 1955
156 478
156 595
156 1303
157 585
157 771
157 785
158 161
158 660
158 931
158 1733
158 1966
159 176
159 333
159 452
159 994
159 1017
159 1033
159 1088
159 1290
160 1845
163 1372
163 1874
164 305
164 1044
166 1304
166 1352
167 436
167 630
167 674
167 1158
167 1450
169 923
169 1054
169 1270
170 842
170 1237
170 1638
171 929
171 1270
171 1360
172 265
172 735
172 1713
173 274
173 1897
174 319
174 925
175 949
175 1478
175 1512
176 346
176 904
176 1869
178 969
178 1005
178 1637
178 1935
179 1105
180 393
180 1133
180 1351
180 1613
181 761
181 1699
181 1781
182 568
182 1281
182 1482
182 1663
183 1075
184 1515
184 1953
185 1847
186 1770
186 1933
187 970
187 1017
187 1299
187 1429
188 609
188 1329
188 1480
188 1506
189 755
190 742
191 814
192 1936
193 870
193 1033
193 1065
193 1284
193 1541
193 1554
193 1871
194 328
194 1019
194 1972
194 1986
196 428
196 1309
197 449
197 504
197 847
197 849
197 901
197 1415
197 1606
197 1739
197 1809
198 271
198 894
200 550
200 1454
200 1492
200 1989
201 1054
201 1124
202 1038
202 1123
202 1228
202 1501
203 1119
203 1430
203 1808
204 889
204 1143
205 612
205 1041
205 1874
206 294
206 1144
207 781
207 1867
208 806
208 1672
209 287
209 700
209 1619
209 1862
210 382
210 1412
210 1501
211 606
211 608
211 1343
211 1784
212 420
212 660
212 808
212 826
212 830
212 1019
212 1273
212 1647
212 1983
213 489
213 582
213 1355
214 1102
214 1461
215 818
215 1035
216 1891
217 444
218 1354
218 1422
218 1778
219 234
219 705
220 245
220 1122
221 310
221 1740
222 639
222 1062
222 1487
222 1840
223 737
223 882
223 1368
223 1791
224 263
225 1303
226 1275
226 1765
226 1866
227 797
227 825
227 1451
228 275
228 1944
229 508
230 948
230 954
230 1132
230 1572
230 1993
231 267
231 1123
231 1142
231 1307
231 1730
232 237
232 377
232 395
232 1370
232 1476
232 1639
232 1804
233 475
233 1347
233 1593
233 1609
233 1708
234 419
234 1174
234 1965
235 242
235 392
235 1096
235 1150
235 1678
236 1809
236 1819
237 622
238 600
239 1878
240 421
240 1622
240 1624
241 312
241 773
241 1064
241 1287
241 1641
242 1023
242 1164
243 350
243 697
243 998
243 1076
244 1265
244 1891
244 1900
245 530
245 832
245 976
245 1902
246 708
247 898
247 1458
248 1855
248 1984
249 486
249 1629
250 1001
250 1529
250 1647
250 1653
251 1246
251 1775
252 278
252 521
252 994
252 1324
252 1611
255 655
255 752
255 857
255 1693
256 526
256 797
257 657
257 1694
258 428
258 537
259 344
259 414
259 726
259 969
259 1708
259 1815
260 1603
261 522
261 1184
262 726
263 362
264 552
264 1694
265 711
265 1327
265 1532
265 1722
265 1839
266 462
266 1563
267 722
267 1089
267 1159
267 1272
268 566
268 1186
268 1343
269 550
269 1152
269 1536
270 560
270 624
270 1162
270 1663
272 1735
272 1934
273 1027
273 1958
274 754
274 1196
275 558
275 772
275 1354
276 396
277 822
277 1152
277 1222
278 448
278 1485
279 654
279 1298
279 1309
279 1556
279 1774
280 394
280 1936
281 686
281 1017
281 1041
281 1466
282 1299
282 1846
283 683
283 1142
283 1213
283 1804
283 1971
284 500
284 1108
284 1279
284 1860
285 1675
285 1983
286 465
286 630
286 1118
287 531
287 557
287 1571
288 697
288 801
288 1435
288 1665
288 1778
289 1223
290 1027
290 1070
290 1987
291 550
291 705
291 755
291 943
292 564
292 851
292 1824
293 317
293 412
293 950
293 1669
294 829
294 910
294 1634
295 397
295 1491
296 647
297 789
297 868
297 1048
297 1617
298 1779
299 458
299 762
299 772
299 1600
299 1971
300 1316
300 1841
301 420
301 969
301 1542
301 1791
302 1408
303 600
303 799
303 1649
303 1785
303 1849
304 613
304 624
304 1693
304 1719
304 1819
304 1951
305 1225
305 1989
306 600
306 1939
307 1322
307 1541
308 869
309 418
309 934
309 1698
309 1925
310 1157
310 1512
310 1771
310 1974
310 1984
311 564
311 1098
311 1253
312 515
312 1728
313 343
313 1032
314 1119
314 1594
314 1745
314 1877
315 755
315 1439
315 1620
316 1248
317 1335
319 449
319 1281
319 1628
321 676
321 885
321 1221
322 540
322 1907
323 973
324 553
324 1346
324 1943
325 600
325 769
325 1159
325 1632
326 940
327 603
327 937
327 1102
328 1340
329 600
330 626
330 853
330 1288
331 933
331 1257
331 1510
331 1606
332 1137
334 1676
335 994
335 1549
336 563
336 768
336 1034
337 511
337 1475
338 413
338 953
339 804
339 1109
340 655
340 710
340 1076
340 1424
340 1876
342 719
342 1030
342 1932
343 931
343 1086
343 1535
344 1002
344 1179
344 1371
345 1313
346 1392
346 1714
346 1843
347 1125
347 1244
348 1371
349 1034
349 1114
349 1308
349 1575
349 1653
349 1693
350 446
350 657
350 1898
351 411
351 710
351 1535
352 1359
352 1776
352 1835
353 1835
354 710
354 791
355 1044
355 1355
355 1667
356 1896
358 480
359 1409
359 1568
359 1782
360 574
360 1175
360 1321
360 1689
361 737
362 1053
362 1451
362 1822
362 1937
363 493
363 1176
363 1576
363 1785
364 1367
364 1465
365 711
365 1847
366 921
366 1249
366 1311
368 1868
369 1090
369 1297
370 707
370 1185
370 1523
370 1885
372 437
372 1644
372 1893
373 914
373 1788
373 1963
374 1083
374 1533
374 1900
375 516
375 610
375 915
376 753
377 1728
377 1907
378 1035
378 1155
378 1239
378 1446
379 403
379 938
380 655
380 1404
380 1538
380 1648
381 1375
381 1380
381 1771
381 1821
382 391
382 667
382 925
382 1000
382 1385
383 749
383 967
383 1570
384 853
384 1952
385 560
385 570
385 836
385 1270
386 1131
386 1650
387 1798
388 1099
388 1562
389 1262
390 499
390 664
390 743
391 526
391 1738
391 1840
393 1255
393 1318
394 748
394 990
394 1379
394 1878
395 1314
395 1411
396 670
396 853
396 951
396 1051
396 1163
396 1590
398 1039
398 1413
398 1416
398 1454
398 1594
398 1936
399 449
399 1761
399 1850
400 673
400 1231
400 1350
400 1632
400 1743
401 564
401 1723
402 455
402 1579
402 1827
403 1817
404 1900
405 837
406 713
406 1373
407 1034
407 1052
408 443
408 716
409 571
409 764
409 772
409 871
409 1388
409 1766
410 1877
411 415
411 974
411 1814
413 640
414 476
414 553
414 662
414 849
414 1882
415 482
415 1754
416 776
417 1038
417 1397
418 1901
419 894
419 1942
420 1071
420 1134
420 1198
420 1384
420 1448
420 1483
420 1753
421 810
421 1358
421 1952
421 1969
422 542
422 1952
423 1072
423 1111
423 1406
424 800
424 955
424 1159
424 1307
424 1541
424 1680
425 461
425 696
425 716
425 1424
427 464
427 1924
427 1972
427 1974
427 1981
429 1540
431 458
431 895
431 1218
431 1836
432 1578
433 556
434 456
434 729
434 1035
434 1273
434 1344
434 1951
435 747
435 777
435 1586
435 1749
436 993
436 1433
437 945
438 1420
438 1441
438 1577
439 1437
439 1449
439 1504
439 1914
440 723
440 1109
440 1710
441 804
441 873
442 1766
443 898
443 932
443 1042
443 1225
444 620
444 856
444 1664
444 1931
445 886
446 1046
446 1314
446 1709
448 592
448 1353
448 1962
449 711
449 1754
451 870
451 1918
452 618
452 623
452 1757
452 1764
452 1890
453 1114
453 1367
454 1926
455 897
456 774
456 966
456 1774
457 596
457 635
457 1365
458 491
458 822
458 1780
458 1996
459 494
459 752
459 1191
460 468
460 746
460 964
460 1342
461 530
461 750
461 899
461 1200
461 1367
461 1875
462 602
463 1007
463 1223
465 1084
465 1842
466 1038
467 951
467 1585
468 1158
468 1795
469 889
469 1067
469 1295
469 1956
471 1207
472 1007
472 1129
472 1535
474 926
474 1252
474 1294
474 1416
475 1340
475 1640
476 640
476 762
476 892
476 968
477 1203
477 1232
478 1598
480 1334
481 1307
481 1715
482 991
483 603
483 1426
484 1681
485 1773
486 497
486 687
486 707
486 774
486 1198
487 1009
487 1020
487 1590
488 814
488 1283
488 1386
489 718
489 1531
489 1743
491 563
491 1699
491 1716
491 1720
492 571
492 1327
492 1811
493 916
493 1252
494 806
494 1052
494 1073
494 1349
495 885
495 962
495 1250
496 1357
496 1405
496 1563
497 776
497 1101
497 1769
498 620
498 1413
498 1681
499 1038
499 1782
499 1992
500 998
500 1112
500 1362
500 1720
501 832
501 1052
501 1897
502 759
502 783
502 1162
503 878
503 1314
503 1866
503 1935
503 1971
504 725
504 1359
504 1751
505 1142
507 886
507 1511
508 1218
508 1859
509 794
509 860
510 722
510 1237
511 702
511 912
511 1311
511 1706
515 1478
515 1579
516 585
516 989
516 1512
517 976
517 1465
517 1573
517 1682
518 1383
518 1690
520 929
520 1104
520 1519
521 1258
521 1565
521 1799
521 1861
522 1294
522 1469
523 597
523 864
525 1056
527 1598
527 1963
528 585
528 599
528 1592
528 1638
529 1372
529 1790
531 920
531 1306
531 1820
532 1220
532 1970
533 796
533 1390
533 1508
533 1663
534 586
535 1220
535 1267
535 1634
535 1971
536 788
536 1226
536 1997
537 724
537 1158
538 1741
539 1182
540 981
540 1329
540 1838
541 1070
541 1175
542 1383
543 948
543 1686
547 661
547 1035
547 1195
547 1280
547 1586
548 1147
548 1599
549 1580
550 754
551 1472
551 1959
552 995
552 999
552 1539
552 1908
554 675
555 604
555 1057
555 1204
555 1456
555 1631
556 1031
557 644
558 656
558 977
558 1249
558 1460
559 933
559 1405
559 1690
560 1777
560 1810
562 637
562 1569
564 603
564 834
564 1776
564 1860
565 1384
565 1722
565 1914
567 936
569 587
569 651
570 1756
570 1778
571 1768
572 1023
572 1080
572 1871
573 582
574 1873
575 863
575 1156
575 1791
575 1913
576 1008
576 1954
577 650
578 793
578 1972
579 952
580 713
580 1638
581 1122
582 722
582 906
582 1012
582 1259
583 751
583 1181
583 1248
583 1790
584 614
584 927
584 1157
584 1177
584 1322
584 1453
585 670
585 911
585 1196
585 1946
586 700
586 1185
586 1584
587 869
587 1024
587 1489
587 1987
588 823
588 1230
589 1392
589 1936
590 1371
591 604
591 1179
592 736
593 596
593 1178
593 1862
594 713
594 1428
594 1503
594 1578
595 614
595 1291
595 1697
596 1044
598 826
598 1216
598 1269
598 1311
598 1323
598 1522
599 1017
600 736
600 842
601 1147
601 1310
601 1495
602 1778
604 1511
605 1620
605 1656
606 739
606 1346
607 1999
608 1424
608 1962
609 1057
610 848
610 1175
610 1910
611 632
611 1390
611 1910
612 1132
613 947
613 1919
614 1368
615 754
615 864
615 1326
617 776
617 799
617 1371
617 1518
617 1637
617 1688
618 624
618 996
619 1884
620 1009
620 1328
620 1449
621 878
621 1507
621 1640
622 647
622 1822
623 1482
624 701
624 1261
624 1862
625 666
626 1322
626 1879
627 649
627 1086
627 1217
628 931
628 1567
628 1928
629 727
629 934
630 1616
631 1076
631 1789
632 1592
633 1560
633 1728
635 857
636 640
636 873
636 1297
636 1576
637 662
637 847
637 1154
637 1441
637 1934
638 774
638 1822
639 1225
639 1647
640 1389
640 1557
640 1968
642 1569
642 1754
643 660
643 1181
643 1863
644 1464
645 730
645 1157
646 909
646 1045
646 1944
647 728
647 1113
647 1986
648 680
649 671
649 776
651 1293
651 1375
651 1404
652 1127
652 1489
652 1671
652 1708
653 777
653 1019
653 1195
653 1471
653 1474
653 1656
653 1672
653 1938
654 1088
654 1253
654 1562
654 1798
655 713
655 1591
656 951
656 1097
656 1896
657 998
658 1480
658 1875
658 1925
659 989
660 916
660 1201
660 1546
662 712
662 1213
663 1858
664 1370
664 1777
664 1912
664 1979
665 772
665 1464
665 1608
666 1088
666 1387
666 1457
667 1016
668 755
668 772
668 1076
668 1379
668 1502
669 744
670 1142
673 1740
673 1807
674 1906
675 1430
675 1774
675 1945
676 1655
677 1982
678 1118
678 1740
678 1864
679 1030
680 1135
680 1812
681 1475
682 1606
683 1854
684 1652
685 1088
685 1326
685 1416
686 915
688 1308
688 1318
688 1745
688 1943
689 1007
689 1827
690 724
690 1334
692 1714
693 841
693 1814
695 981
695 1029
696 768
696 971
696 1745
697 1059
697 1140
697 1881
698 921
698 1889
699 790
699 1835
700 1738
701 781
701 907
702 753
702 1779
703 1135
703 1195
705 832
705 1014
705 1824
706 1820
708 1414
709 1041
710 1034
710 1922
711 910
711 933
711 1287
711 1970
712 1180
713 1082
715 1006
716 871
716 1458
716 1692
717 1626
718 1311
719 1413
719 1492
721 837
721 1611
722 1206
722 1919
723 1116
723 1343
723 1696
723 1831
724 1140
724 1881
725 1258
725 1515
725 1842
726 1872
727 1076
727 1422
727 1562
727 1787
727 1822
728 816
728 1587
729 1091
730 915
731 743
731 877
731 1183
731 1374
731 1376
733 1090
733 1671
734 835
734 1925
735 803
735 1183
735 1415
735 1431
735 1604
736 1312
736 1800
737 831
737 1490
739 1089
741 1290
742 832
742 912
743 1407
743 1627
744 1031
744 1392
745 787
745 914
746 1712
747 1308
747 1544
748 936
748 1564
748 1569
749 1195
749 1345
750 1724
750 1730
751 1274
751 1405
751 1699
752 901
753 760
754 1588
754 1824
755 793
755 906
756 1082
757 1778
758 1193
759 783
759 1214
759 1974
760 1032
760 1306
760 1418
760 1593
760 1963
762 839
762 1765
762 1800
763 1008
764 845
764 1208
764 1396
764 1841
766 794
766 972
766 1001
766 1717
767 1106
768 822
768 1359
768 1413
768 1901
769 1800
769 1971
771 1153
771 1808
771 1852
772 1060
772 1661
772 1963
773 1011
773 1576
773 1653
773 1858
774 804
775 1195
775 1941
776 1307
776 1825
777 1622
777 1897
778 1073
779 1961
781 790
781 1546
782 1984
784 1382
784 1534
785 1936
786 1512
787 1210
787 1504
788 1617
788 1846
788 1925
789 833
789 903
789 983
789 1995
790 1022
791 961
791 1089
791 1246
792 1219
792 1978
793 818
793 937
795 1126
795 1383
796 1508
796 1806
797 1184
797 1224
800 955
801 1313
803 1693
803 1793
804 1442
804 1821
806 1149
806 1453
807 819
807 904
807 1095
807 1580
808 1827
809 909
810 1342
810 1936
811 1382
811 1667
812 950
812 1840
813 1050
813 1599
814 1535
814 1751
815 1648
816 1388
817 861
817 1301
817 1615
817 1963
818 963
819 1076
819 1554
819 1655
820 1603
820 1636
821 1095
821 1679
822 1137
822 1779
823 1414
824 1193
824 1925
825 1252
825 1303
825 1593
825 1805
826 897
826 1002
826 1151
826 1302
827 1777
827 1855
828 839
828 1059
828 1298
828 1599
829 908
829 1088
829 1229
829 1315
829 1396
830 1043
831 1099
831 1154
832 1091
833 982
833 986
833 1585
833 1727
834 1301
834 1780
835 1001
835 1050
835 1615
835 1785
835 1841
835 1974
836 897
836 1772
837 1235
837 1240
837 1714
837 1769
838 1013
838 1151
838 1442
838 1585
838 1662
838 1729
839 1090
839 1809
839 1821
840 1373
841 911
841 1280
841 1361
842 1035
843 1453
843 1922
844 1317
845 967
845 1104
848 1386
848 1542
848 1644
849 1053
850 1159
852 1830
853 1640
853 1688
853 1785
853 1842
854 1795
854 1949
855 1114
856 1455
857 902
857 1146
858 1156
858 1423
858 1957
860 1874
861 1207
863 1794
864 1209
865 1187
865 1372
867 1036
867 1208
867 1768
867 1916
867 1924
868 1042
868 1330
868 1405
868 1437
868 1728
868 1790
870 1025
871 1637
872 1062
872 1142
873 1315
873 1408
875 937
876 1318
876 1597
877 879
878 1871
880 1930
881 886
882 966
882 1270
882 1579
882 1968
883 1753
884 1581
884 1691
885 1092
885 1660
886 1212
887 1427
887 1597
887 1914
888 1367
888 1466
889 1352
890 1100
890 1601
891 1660
892 1871
893 1361
893 1413
895 1721
896 978
897 1077
897 1770
897 1858
897 1916
900 1346
900 1423
901 1324
901 1706
901 1823
902 1979
903 1366
904 1145
905 915
906 1010
906 1699
907 1011
907 1652
907 1860
908 1451
908 1580
909 975
909 1031
910 1262
910 1435
910 1518
910 1706
912 1340
915 1115
915 1716
916 1446
916 1463
916 1540
916 1728
917 1601
918 1091
918 1415
919 1242
920 1343
920 1753
921 1125
921 1160
921 1614
921 1784
922 1285
922 1550
922 1570
923 960
924 1196
924 1481
924 1725
924 1810
925 1064
925 1680
926 1442
926 1793
927 1711
927 1931
927 1944
928 1087
928 1148
928 1215
928 1901
929 1275
929 1919
930 1083
930 1409
930 1564
931 1440
931 1592
931 1801
931 1984
932 1007
933 991
933 1194
933 1809
934 953
934 1992
935 1321
935 1483
935 1778
936 1215
936 1292
936 1628
936 1837
936 1876
936 1904
936 1984
937 1167
937 1439
938 1906
939 1449
939 1842
939 1868
940 1077
940 1526
940 1568
941 1251
942 1681
943 1709
943 1836
944 1396
946 1126
946 1340
947 1051
948 1071
948 1289
948 1786
949 1174
949 1198
950 1806
951 1006
951 1065
951 1511
951 1648
953 1966
954 1157
954 1690
954 1918
955 1534
956 1085
956 1419
956 1903
956 1967
957 1430
957 1761
957 1893
958 1742
959 1821
959 1895
960 1123
960 1865
960 1926
962 1407
962 1581
963 1194
963 1385
963 1514
964 1641
965 984
965 1338
966 1932
967 1399
968 1136
968 1227
968 1371
968 1678
969 1132
969 1278
969 1305
969 1592
970 977
970 1277
971 1763
971 1851
972 1141
972 1306
973 1098
975 1044
975 1056
975 1228
975 1297
975 1662
976 1876
977 1141
977 1379
977 1890
978 1229
978 1931
979 1040
979 1160
979 1698
979 1971
980 1136
980 1833
981 1045
981 1697
983 1942
985 1062
985 1570
985 1571
986 1554
986 1566
986 1693
987 1149
991 1840
992 1172
992 1472
992 1834
993 1090
993 1150
994 1447
994 1637
994 1639
994 1917
995 1338
995 1514
996 1271
996 1550
997 1207
997 1708
998 1609
998 1616
1001 1261
1001 1610
1001 1627
1001 1951
1002 1465
1003 1471
1004 1963
1005 1538
1005 1591
1005 1833
1006 1686
1006 1741
1007 1583
1007 1945
1008 1137
1008 1737
1010 1130
1010 1749
1010 1760
1011 1812
1011 1818
1012 1038
1013 1401
1013 1512
1015 1184
1015 1694
1018 1162
1018 1271
1018 1481
1018 1710
1020 1142
1020 1933
1022 1046
1022 1740
1022 1841
1022 1854
1023 1745
1023 1923
1025 1368
1026 1430
1026 1523
1026 1710
1027 1705
1027 1859
1028 1476
1028 1524
1029 1500
1029 1654
1030 1229
1031 1605
1031 1728
1032 1151
1032 1356
1032 1366
1032 1397
1033 1510
1034 1294
1035 1633
1036 1498
1037 1289
1037 1437
1038 1071
1039 1718
1040 1166
1040 1591
1041 1405
1041 1536
1041 1649
1042 1101
1042 1277
1042 1999
1044 1972
1045 1366
1045 1635
1045 1903
1046 1944
1046 1992
1049 1792
1049 1855
1050 1563
1051 1184
1051 1577
1052 1093
1052 1584
1053 1054
1054 1460
1054 1634
1054 1819
1054 1929
1055 1864
1056 1156
1056 1182
1056 1602
1057 1580
1057 1694
1058 1221
1058 1612
1058 1890
1059 1954
1060 1452
1060 1634
1060 1666
1060 1849
1061 1360
1061 1472
1061 1841
1062 1126
1062 1139
1062 1282
1062 1755
1062 1928
1062 1942
1064 1077
1064 1222
1064 1575
1064 1999
1065 1342
1065 1549
1066 1766
1067 1170
1067 1347
1068 1516
1069 1280
1070 1478
1071 1301
1071 1983
1072 1578
1073 1739
1074 1316
1074 1319
1076 1446
1077 1247
1077 1411
1079 1669
1080 1385
1080 1446
1080 1496
1080 1735
1081 1155
1081 1415
1081 1422
1081 1473
1083 1313
1083 1397
1083 1946
1084 1113
1084 1320
1087 1291
1087 1842
1088 1970
1089 1351
1089 1688
1090 1581
1090 1616
1091 1135
1091 1155
1091 1187
1091 1222
1091 1657
1092 1598
1092 1736
1094 1168
1094 1379
1095 1537
1095 1703
1098 1813
1098 1923
1099 1219
1099 1434
1099 1633
1100 1180
1100 1617
1102 1307
1102 1440
1102 1496
1102 1806
1104 1550
1106 1272
1107 1652
1108 1963
1109 1133
1109 1626
1111 1630
1112 1289
1112 1475
1113 1316
1113 1534
1114 1351
1115 1129
1115 1504
1116 1819
1117 1125
1117 1258
1117 1720
1118 1913
1119 1589
1119 1973
1120 1803
1120 1840
1121 1804
1121 1957
1122 1553
1123 1439
1124 1671
1125 1128
1125 1251
1125 1652
1125 1845
1125 1897
1126 1148
1126 1426
1126 1529
1126 1721
1126 1798
1128 1292
1129 1579
1130 1954
1131 1165
1131 1201
1132 1475
1133 1663
1133 1727
1134 1272
1134 1351
1134 1517
1135 1248
1136 1667
1138 1260
1138 1469
1139 1310
1139 1390
1140 1470
1141 1191
1141 1974
1142 1283
1142 1349
1143 1367
1143 1749
1144 1607
1145 1262
1146 1221
1146 1441
1146 1990
1147 1956
1148 1809
1149 1902
1150 1756
1151 1508
1151 1674
1151 1764
1152 1448
1155 1951
1156 1301
1156 1544
1156 1944
1158 1893
1160 1277
1160 1631
1162 1728
1163 1279
1163 1788
1165 1422
1166 1301
1166 1780
1166 1960
1167 1933
1169 1369
1169 1850
1170 1786
1172 1956
1173 1687
1173 1807
1174 1190
1174 1225
1174 1360
1174 1400
1175 1826
1176 1589
1176 1720
1176 1809
1176 1924
1179 1703
1179 1738
1180 1486
1180 1911
1180 1931
1181 1457
1181 1834
1181 1909
1183 1469
1183 1887
1185 1229
1186 1459
1186 1676
1187 1577
1187 1788
1187 1846
1188 1686
1189 1563
1189 1920
1192 1428
1192 1947
1193 1258
1193 1311
1194 1391
1194 1914
1196 1226
1197 1278
1200 1801
1200 1817
1201 1466
1201 1677
1201 1746
1201 1940
1202 1520
1202 1552
1203 1658
1204 1608
1204 1818
1204 1893
1207 1850
1207 1944
1208 1496
1209 1310
1209 1853
1211 1298
1211 1730
1211 1790
1212 1295
1212 1377
1214 1822
1215 1375
1215 1953
1217 1363
1218 1706
1218 1814
1218 1865
1219 1921
1222 1751
1222 1841
1224 1709
1226 1381
1226 1496
1226 1630
1227 1335
1228 1606
1228 1854
1231 1239
1231 1301
1232 1449
1232 1590
1233 1253
1233 1623
1234 1329
1234 1417
1234 1866
1234 1967
1236 1410
1236 1561
1237 1729
1237 1965
1239 1982
1242 1666
1245 1273
1245 1668
1246 1406
1248 1492
1248 1986
1249 1589
1249 1831
1252 1598
1252 1739
1253 1612
1253 1633
1253 1715
1253 1718
1254 1361
1257 1984
1258 1522
1258 1778
1258 1811
1258 1922
1259 1369
1260 1509
1261 1658
1261 1827
1261 1849
1265 1854
1265 1966
1267 1429
1267 1531
1267 1582
1268 1604
1269 1438
1269 1651
1270 1410
1272 1403
1272 1926
1274 1428
1274 1580
1274 1889
1276 1939
1281 1797
1283 1315
1284 1311
1284 1808
1287 1784
1288 1528
1289 1404
1289 1443
1289 1856
1293 1716
1294 1837
1294 1870
1295 1942
1296 1647
1296 1707
1298 1802
1299 1494
1299 1800
1300 1614
1300 1841
1301 1347
1301 1357
1301 1781
1302 1835
1303 1506
1303 1912
1304 1328
1304 1757
1306 1338
1306 1431
1306 1832
1307 1974
1309 1620
1310 1333
1310 1500
1310 1686
1311 1603
1316 1338
1316 1404
1317 1341
1317 1488
1318 1858
1319 1466
1321 1809
1322 1701
1324 1560
1324 1852
1325 1825
1326 1442
1326 1514
1326 1787
1327 1393
1328 1494
1330 1572
1331 1365
1331 1503
1332 1868
1333 1353
1333 1392
1334 1605
1336 1525
1336 1683
1336 1770
1337 1884
1338 1694
1341 1940
1343 1419
1344 1620
1345 1740
1345 1774
1346 1874
1348 1735
1350 1884
1351 1635
1352 1491
1355 1364
1355 1664
1356 1616
1356 1784
1357 1651
1357 1693
1357 1890
1359 1467
1361 1513
1364 1647
1364 1883
1365 1734
1366 1369
1366 1475
1367 1713
1368 1497
1369 1546
1370 1578
1371 1679
1371 1715
1371 1732
1372 1402
1372 1444
1373 1670
1374 1537
1374 1798
1377 1442
1378 1589
1383 1504
1383 1919
1387 1820
1387 1882
1388 1639
1388 1647
1388 1649
1388 1656
1388 1663
1390 1833
1391 1467
1391 1923
1392 1443
1393 1675
1393 1922
1397 1533
1397 1914
1398 1500
1399 1510
1402 1470
1405 1727
1406 1931
1408 1796
1408 1972
1410 1480
1411 1424
1417 1569
1417 1653
1417 1825
1419 1478
1422 1982
1423 1581
1425 1507
1426 1845
1427 1722
1429 1608
1429 1723
1430 1992
1431 1945
1433 1735
1435 1798
1438 1986
1439 1576
1441 1733
1443 1548
1444 1744
1444 1764
1445 1615
1445 1756
1446 1640
1447 1495
1447 1551
1448 1589
1448 1896
1449 1475
1449 1990
1450 1583
1451 1502
1451 1798
1455 1592
1455 1735
1456 1534
1456 1581
1457 1800
1457 1979
1458 1765
1459 1827
1460 1604
1463 1742
1464 1728
1467 1736
1469 1645
1470 1787
1471 1846
1471 1903
1473 1915
1474 1593
1475 1565
1475 1573
1475 1909
1475 1994
1476 1545
1476 1670
1477 1495
1478 1553
1480 1550
1480 1870
1481 1644
1481 1731
1483 1682
1485 1548
1487 1589
1490 1540
1491 1538
1491 1586
1494 1790
1500 1732
1500 1944
1502 1766
1503 1758
1504 1739
1504 1883
1505 1544
1506 1642
1510 1760
1511 1796
1512 1553
1513 1542
1513 1619
1513 1974
1517 1533
1517 1682
1518 1674
1519 1996
1520 1647
1523 1794
1523 1897
1523 1927
1525 1689
1526 1909
1527 1694
1527 1819
1532 1741
1532 1823
1532 1975
1533 1548
1537 1646
1538 1993
1540 1858
1540 1939
1540 1991
1545 1746
1548 1885
1549 1797
1550 1848
1553 1758
1554 1638
1555 1579
1555 1816
1560 1678
1564 1620
1564 1753
1565 1682
1565 1840
1567 1837
1567 1916
1567 1991
1568 1574
1568 1802
1569 1626
1570 1947
1572 1759
1580 1966
1585 1880
1586 1898
1587 1895
1589 1655
1594 1669
1597 1741
1597 1837
1603 1785
1604 1752
1607 1707
1611 1868
1612 1691
1612 1724
1616 1764
1618 1906
1619 1853
1622 1859
1624 1644
1630 1696
1633 1717
1638 1870
1645 1720
1646 1710
1646 1956
1651 1929
1653 1981
1654 1765
1655 1798
1657 1831
1660 1835
1662 1750
1663 1801
1666 1754
1666 1779
1666 1797
1673 1880
1676 1735
1677 1698
1677 1969
1681 1976
1682 1905
1683 1704
1684 1995
1685 1754
1685 1807
1686 1783
1688 1879
1694 1805
1697 1986
1701 1854
1702 1711
1705 1945
1706 1795
1706 1814
1715 1923
1718 1915
1718 1969
1719 1819
1720 1735
1721 1889
1722 1733
1723 1933
1724 1938
1726 1769
1726 1777
1727 1959
1731 1816
1731 1888
1742 1997
1748 1755
1751 1793
1752 1953
1753 1903
1758 1873
1763 1833
1768 1943
1770 1835
1775 1846
1779 1869
1785 1821
1790 1890
1792 1963
1793 1825
1795 1826
1797 1914
1803 1919
1803 1994
1804 1815
1806 1836
1807 1831
1809 1830
1825 1871
1825 1949
1826 1971
1835 1890
1835 1975
1838 1943
1842 1921
1842 1991
1858 1918
1878 1924
1882 1990
1895 1977
1902 1929
1911 1950
1919 1932
1923 1958
1927 1987
1930 1931
1937 1989
1939 1999
1943 1977
1949 1979
