2000 2944
73
2
30
45
45
33
88
54
97
85
89
15
14
76
40
99
64
18
48
33
8
4
2
76
84
15
34
66
42
69
55
43
30
41
19
52
7
95
95
25
66
29
61
66
96
45
52
66
95
75
44
88
21
76
4
11
39
37
58
13
51
51
24
29
34
83
29
9
61
14
55
83
99
35
86
25
58
85
3
11
95
99
57
41
58
56
58
33
34
91
1
12
16
39
28
75
61
32
84
96
46
89
59
64
71
40
43
11
82
29
22
64
3
20
13
38
72
18
87
92
60
65
50
38
7
10
48
73
60
99
16
65
31
60
98
49
7
83
57
94
13
65
4
83
67
52
87
71
90
80
74
20
79
86
66
70
31
60
99
53
60
24
56
80
55
83
31
15
29
57
69
100
98
77
48
50
59
5
78
33
99
16
45
1
7
92
67
6
31
37
71
65
56
85
32
25
93
69
57
32
77
86
28
47
26
81
11
65
14
16
42
69
31
76
33
83
53
48
84
6
83
35
16
86
60
73
70
31
65
49
92
99
97
68
1
87
60
79
63
13
79
16
18
96
95
11
42
59
56
38
80
24
4
2
26
96
97
77
32
49
59
100
76
16
89
90
19
8
9
11
4
22
38
55
8
42
65
91
34
94
87
71
61
6
38
36
88
93
50
59
72
32
23
4
89
54
78
66
74
24
63
48
99
65
11
85
53
6
40
72
90
94
39
65
5
45
69
1
67
20
68
16
51
57
43
97
84
51
18
35
32
61
92
40
39
84
9
6
73
19
99
59
75
7
38
14
30
56
90
17
17
100
79
72
14
8
58
78
21
74
33
37
38
12
45
90
25
35
34
86
26
8
56
89
4
48
43
2
61
6
58
6
24
47
4
88
3
80
76
16
77
16
63
21
50
60
49
28
36
23
69
60
34
89
50
62
38
53
52
48
53
42
94
51
13
56
4
4
54
89
54
26
48
93
88
10
61
60
91
36
82
18
91
62
92
98
31
1
32
19
35
72
58
91
73
86
74
6
92
28
84
53
23
91
60
6
92
69
4
29
18
42
83
35
48
2
46
17
67
5
11
19
81
93
69
79
23
19
83
13
56
41
11
13
61
74
44
43
35
6
33
7
12
95
39
87
17
96
17
50
30
27
6
15
81
22
46
98
15
34
65
100
14
36
93
99
61
59
87
11
14
19
84
93
13
84
85
89
96
5
69
100
12
88
18
45
92
62
4
63
29
75
24
5
20
42
8
57
3
23
70
10
91
31
46
15
27
17
42
26
79
67
62
87
14
18
58
6
21
86
75
65
41
76
57
54
15
74
12
46
92
82
8
5
26
49
42
35
18
76
34
84
38
6
3
97
93
84
16
41
74
10
19
77
47
65
4
87
73
13
42
52
74
63
6
91
5
7
53
83
49
89
23
87
91
9
60
60
6
71
83
85
33
54
48
96
4
19
8
5
42
46
37
13
13
66
19
39
14
6
6
85
47
70
44
92
85
46
41
68
82
76
84
78
42
81
97
35
16
9
72
73
75
12
22
86
13
77
25
37
91
8
30
40
35
54
51
45
54
59
79
86
94
73
16
8
62
38
43
20
64
1
44
24
67
93
87
55
96
50
21
5
49
7
16
69
80
43
43
92
18
36
43
22
95
97
4
84
40
59
97
12
98
40
22
95
28
9
74
85
58
88
99
97
98
49
42
33
83
53
91
15
74
10
17
6
5
36
7
14
60
21
70
68
40
71
32
11
80
100
29
57
80
82
44
46
36
9
71
2
34
9
86
68
80
8
50
38
67
14
99
30
55
69
93
75
51
3
63
9
63
19
20
17
47
4
27
78
70
84
2
61
4
47
24
47
6
74
25
60
1
17
13
3
47
16
88
17
83
57
11
28
48
44
57
18
93
66
74
34
40
8
36
47
17
83
36
57
3
28
100
35
7
94
85
3
51
40
49
7
17
87
59
7
35
20
37
12
59
35
100
43
47
78
92
28
65
89
59
75
58
10
1
63
47
43
66
79
51
23
20
54
46
95
39
61
80
65
42
71
56
28
7
7
29
12
87
54
97
74
90
28
25
83
22
10
35
49
11
79
65
9
43
80
55
69
6
16
43
20
76
49
26
70
18
16
66
5
4
99
32
65
14
59
5
49
20
43
58
15
8
63
18
96
71
63
74
86
32
69
64
93
4
63
51
47
65
52
30
32
85
46
69
13
42
97
13
1
70
94
65
31
17
22
78
62
52
87
62
46
76
74
82
80
51
39
7
90
73
78
36
100
2
85
18
21
99
44
66
65
59
32
59
78
14
85
30
71
42
58
47
43
46
21
50
40
100
29
97
77
34
22
67
5
27
88
62
72
43
44
7
68
80
9
68
89
16
7
91
55
65
32
68
96
61
89
73
75
93
73
9
70
63
38
94
15
53
35
33
26
23
90
88
98
62
93
96
87
79
42
19
10
55
30
14
39
37
41
77
84
73
35
27
17
12
37
45
98
93
27
34
48
59
52
42
31
15
42
98
53
95
87
25
43
67
44
55
46
29
97
57
98
58
16
49
100
27
13
84
47
76
56
79
17
39
9
43
36
10
38
68
47
11
45
81
58
48
52
100
71
73
61
57
53
21
35
60
42
41
16
92
12
100
51
70
23
22
38
31
37
36
74
29
63
51
81
3
92
68
79
16
83
37
2
25
14
49
2
34
30
59
45
61
8
42
89
96
45
27
6
47
89
9
58
11
94
20
14
57
86
66
89
85
68
58
5
57
32
51
93
84
15
78
27
37
27
94
49
22
79
60
62
88
54
26
67
52
84
10
9
49
77
42
25
61
75
52
61
63
90
28
46
62
89
87
84
45
17
31
7
55
48
19
24
87
31
46
56
16
8
28
58
18
91
68
83
22
61
77
73
56
27
41
68
39
72
25
83
36
42
69
58
1
54
88
67
48
10
55
21
40
12
27
44
71
89
45
45
14
75
18
69
92
38
84
50
100
71
93
88
89
36
96
9
21
36
89
56
36
38
2
97
37
36
31
74
52
81
14
24
16
67
35
80
49
95
94
52
76
5
37
40
13
73
93
42
55
20
40
38
6
43
70
25
11
56
1
69
71
6
65
33
62
1
6
4
55
67
23
4
34
22
14
79
47
35
41
22
2
16
89
6
62
95
68
37
2
32
77
10
16
24
47
100
16
71
25
31
27
7
98
90
74
93
2
20
3
30
16
36
45
81
97
71
50
72
40
16
12
85
2
27
80
53
100
73
92
53
36
33
81
21
20
2
59
43
10
74
78
79
17
79
29
71
88
29
49
89
11
62
51
94
75
74
35
17
79
55
31
83
9
60
29
3
90
50
7
37
56
80
6
99
40
87
11
38
45
45
98
64
86
14
44
46
90
46
2
71
100
64
63
78
62
74
26
99
50
18
50
48
65
2
10
75
47
21
29
99
36
83
5
66
75
69
81
52
93
29
20
54
56
36
74
61
88
38
84
4
46
17
24
89
38
64
47
23
80
41
59
94
56
94
55
97
82
34
16
5
19
41
90
42
100
61
98
52
23
69
50
64
69
95
49
28
70
87
82
69
68
37
53
47
16
83
18
29
24
89
65
24
35
65
35
9
51
34
10
4
28
73
12
32
31
68
52
25
14
78
34
42
22
81
83
77
93
47
93
47
89
10
94
36
13
45
97
75
26
37
2
65
81
18
10
13
38
68
54
49
92
38
78
66
16
3
18
32
70
83
19
10
16
48
72
53
24
76
74
46
34
22
94
12
87
10
15
24
8
68
42
32
26
5
44
29
76
8
27
91
42
22
20
66
71
85
94
71
76
86
28
70
69
63
88
76
30
41
79
8
40
40
38
15
69
65
37
19
40
54
71
18
51
89
45
36
2
69
4
34
52
100
91
88
11
27
57
48
100
37
70
58
27
66
26
51
11
17
14
82
62
30
37
58
15
75
76
55
20
48
89
72
22
54
36
63
67
7
42
11
49
75
88
56
99
54
12
54
71
86
47
16
37
44
38
23
100
77
79
69
32
72
33
90
80
47
65
96
4
84
67
39
47
36
21
43
74
86
100
21
45
27
37
53
82
19
76
94
75
49
28
100
62
72
56
19
65
11
36
35
58
100
92
86
84
67
34
38
25
100
15
95
1
83
57
91
34
82
49
43
2
70
95
51
12
51
88
93
71
54
42
80
64
7
47
71
37
88
63
47
73
79
39
69
22
22
69
84
88
87
85
7
57
94
78
100
50
89
42
26
25
11
9
85
67
70
90
65
89
11
18
30
85
18
76
89
87
85
65
3
73
60
41
84
90
50
36
97
27
33
81
66
74
79
37
87
82
1
74
35
92
59
33
15
34
58
70
80
77
98
80
40
81
65
64
11
44
76
98
63
26
60
42
45
71
71
94
13
81
28
76
50
89
14
28
5
84
73
91
71
91
73
75
24
88
73
68
35
98
47
17
23
20
37
53
72
95
26
49
45
8
91
93
9
7
91
47
13
22
75
76
32
14
28
18
88
87
12
40
93
12
39
0 215
0 330
0 836
0 887
0 1065
0 1123
1 150
1 1948
2 334
2 604
3 56
3 431
3 802
3 1486
4 890
4 1353
5 400
5 1261
5 1306
5 1837
6 505
6 519
6 690
7 95
8 953
8 1325
8 1396
8 1546
9 583
9 1182
9 1496
10 111
10 184
10 806
11 14
11 802
11 1372
11 1603
12 72
12 218
12 1019
12 1314
12 1350
13 543
13 655
13 1942
14 1028
14 1258
14 1803
15 1764
16 657
17 261
18 1579
19 384
19 839
20 105
20 257
20 628
20 647
21 487
21 489
22 245
22 575
22 1069
23 274
23 961
23 1427
23 1781
24 444
24 1140
25 70
25 1705
26 734
26 1795
27 799
27 1767
28 696
28 921
28 1438
29 1020
30 74
30 373
30 398
30 1070
30 1134
30 1559
31 63
31 859
32 232
32 1391
33 182
33 519
33 1704
34 466
34 1195
34 1206
35 1327
35 1513
36 543
36 737
37 641
37 727
37 753
37 1332
38 250
38 426
38 553
38 1279
39 642
39 684
39 860
39 1458
40 1297
40 1367
40 1385
40 1909
41 1924
42 255
42 576
42 724
42 1200
42 1676
43 506
43 1401
44 414
44 1058
44 1209
45 290
46 109
46 627
46 762
46 1431
46 1509
47 708
48 412
48 990
48 1534
49 245
49 1126
50 567
50 889
50 981
50 1188
50 1554
51 67
51 337
51 536
51 989
51 1439
51 1681
51 1688
51 1921
52 699
52 1126
52 1166
52 1789
52 1858
53 253
53 908
53 975
53 1107
53 1708
54 135
54 815
54 845
54 1415
54 1612
55 126
55 128
55 563
55 667
55 771
55 1581
55 1886
56 1411
57 1969
58 346
58 860
58 1073
58 1247
58 1880
59 169
59 800
59 1502
60 713
60 1151
60 1319
61 1416
61 1577
62 594
63 463
63 675
63 1496
63 1604
64 974
64 1566
64 1942
65 432
65 1219
66 1207
66 1219
66 1255
66 1848
68 125
68 1202
68 1279
68 1802
69 366
69 686
69 1132
69 1665
70 1341
71 321
72 1077
72 1568
73 432
73 1246
74 184
74 998
74 1026
74 1716
75 419
75 767
76 916
77 453
77 1831
77 1915
78 1520
78 1691
79 344
79 394
79 742
79 1106
81 396
81 433
81 460
83 1912
84 1158
85 767
85 953
85 1321
86 228
86 557
86 701
87 454
87 529
87 1319
88 854
88 1867
89 566
89 641
89 963
89 1344
89 1691
90 450
90 838
90 1044
90 1383
90 1834
91 1776
92 575
92 804
92 1604
92 1804
93 302
93 929
94 138
95 218
95 1915
95 1979
96 689
96 1343
96 1684
97 479
97 940
97 981
97 1309
97 1676
98 1171
98 1306
98 1322
99 306
99 1192
99 1312
99 1313
99 1801
100 1260
100 1466
100 1546
101 244
101 601
101 793
101 798
101 973
101 1587
101 1921
102 543
102 1762
102 1854
103 196
103 550
103 1422
103 1697
106 745
106 791
106 1340
106 1671
107 746
107 1856
108 255
108 722
108 1573
109 265
109 302
109 1727
109 1794
110 1719
110 1838
111 361
111 659
111 978
112 1095
112 1495
113 773
113 798
114 257
114 951
114 952
115 793
115 1691
116 1131
116 1366
116 1442
116 1554
116 1668
116 1829
117 350
117 946
117 1867
117 1940
118 655
118 832
118 1170
119 791
119 877
119 1400
119 1702
120 527
120 951
121 1777
121 1905
123 1209
123 1302
124 1410
125 1442
125 1520
125 1808
125 1840
126 1407
126 1615
126 1856
127 429
128 1194
128 1449
129 440
129 808
129 1047
129 1120
129 1501
129 1563
129 1950
130 190
130 677
130 860
131 715
131 1338
131 1407
132 826
132 1388
133 1052
133 1254
134 1049
134 1374
134 1428
135 148
135 1358
135 1817
137 348
137 480
137 1089
138 694
138 796
139 435
139 470
139 505
139 832
139 1717
139 1806
140 236
140 887
141 1049
141 1152
142 1411
142 1499
143 1613
143 1928
144 1015
144 1523
145 275
145 440
146 570
146 1623
147 279
147 462
147 496
147 882
147 1502
147 1835
148 366
148 525
148 1163
148 1543
149 408
149 1721
150 613
151 682
151 1564
151 1752
153 572
153 670
153 821
153 1262
153 1751
154 887
154 901
155 618
155 1406
155 1769
155 1947
156 1552
157 260
157 263
157 277
157 345
157 606
157 1418
159 1409
160 461
160 542
160 568
160 1307
160 1492
161 1252
161 1722
162 478
162 501
162 576
162 751
163 381
163 575
163 966
163 1211
163 1502
163 1734
164 230
164 252
164 854
165 470
165 1180
165 1388
165 1514
166 273
166 572
167 279
167 402
167 905
167 1262
168 630
169 523
169 528
169 822
169 1018
170 384
170 1034
170 1196
172 453
173 1236
174 259
174 305
174 705
174 1097
174 1396
174 1916
174 1930
175 549
176 778
176 1789
177 528
178 619
178 950
179 515
179 967
180 1618
181 592
181 1358
181 1807
182 525
182 1563
182 1852
183 897
183 1495
184 462
184 805
184 1373
184 1494
184 1526
185 206
185 353
185 1511
186 443
186 674
186 1191
186 1211
187 350
187 987
188 882
188 1576
188 1596
188 1797
189 374
189 1083
189 1095
189 1650
190 1602
191 1402
193 762
193 1150
193 1178
194 1320
195 520
195 1086
196 1058
196 1361
196 1811
196 1821
197 1562
197 1578
197 1585
197 1870
198 357
198 1101
198 1820
199 750
199 1784
200 589
201 626
201 1363
201 1951
202 631
202 786
202 1401
202 1542
202 1933
203 1135
204 1202
205 210
205 512
205 826
205 1798
205 1982
206 1063
206 1207
206 1896
207 273
207 1065
207 1651
208 276
208 585
208 1114
208 1406
208 1938
209 276
209 773
210 618
211 693
212 693
212 961
213 784
213 924
213 1112
213 1597
214 1054
214 1119
214 1241
214 1306
214 1902
215 245
215 560
215 965
215 1109
215 1831
216 855
216 1884
217 1502
218 715
218 824
221 618
221 1061
221 1073
221 1489
221 1738
222 585
222 1340
222 1687
223 1134
223 1162
224 1239
224 1378
226 760
226 1215
226 1282
227 987
227 1535
227 1569
228 233
229 939
229 1952
230 918
230 1218
230 1223
230 1606
230 1949
231 384
231 655
232 732
232 1070
233 502
233 920
234 549
234 643
234 924
234 1239
235 432
235 1163
236 554
237 1193
238 1362
239 290
239 1289
239 1862
240 545
240 1715
240 1720
240 1824
241 1574
242 1219
242 1981
243 845
243 1586
244 526
244 658
244 745
244 746
244 1394
245 1705
245 1758
245 1929
247 597
247 1252
247 1283
247 1602
247 1678
248 832
248 1420
248 1512
249 943
249 1088
249 1689
249 1693
250 1226
250 1983
252 1862
252 1874
253 457
253 792
253 797
253 1317
253 1490
253 1684
254 530
254 767
254 843
254 1764
254 1947
255 472
255 1452
255 1547
257 1830
259 839
259 902
259 1031
259 1103
259 1141
259 1577
259 1674
259 1724
259 1835
260 325
260 1234
260 1422
261 1491
263 917
264 1119
264 1614
264 1645
265 837
265 1944
266 1138
266 1684
267 383
267 1132
267 1670
267 1902
268 316
268 1401
269 385
269 1183
270 647
271 419
271 948
271 1418
271 1721
272 882
272 1319
272 1445
272 1587
273 338
273 436
273 767
273 902
274 924
274 1821
275 522
275 663
275 1069
275 1306
275 1307
275 1374
276 927
277 636
277 1419
277 1674
277 1744
277 1828
278 523
278 672
278 734
278 967
279 457
279 698
279 895
280 323
280 553
280 878
280 1228
280 1578
280 1640
281 383
282 299
282 1204
282 1918
285 746
285 1531
286 358
286 632
287 686
288 1210
288 1368
289 1365
289 1855
289 1937
289 1946
290 378
290 746
290 851
290 1432
291 1973
293 508
293 1300
293 1363
294 428
294 1048
294 1744
295 1100
295 1785
296 324
296 971
297 334
297 1285
297 1778
298 728
298 813
298 1197
299 1764
301 523
301 863
303 1201
303 1204
303 1671
305 645
305 887
305 1103
305 1484
305 1655
306 424
306 1658
306 1900
307 1371
307 1870
308 1037
308 1197
309 1368
309 1428
309 1718
309 1786
309 1903
309 1914
310 1355
310 1835
311 522
311 740
311 1336
311 1585
311 1635
312 351
312 412
312 814
312 1089
312 1196
314 1387
315 920
315 1633
315 1671
315 1697
315 1703
316 512
316 1127
317 413
317 494
318 361
318 408
318 1053
318 1304
318 1594
319 1090
319 1375
319 1781
320 890
320 909
321 698
321 949
321 979
321 1711
322 1674
322 1953
324 1128
324 1928
325 788
325 937
325 1116
325 1560
326 1632
327 1495
327 1734
327 1875
328 468
328 696
329 1598
329 1609
329 1941
330 1669
331 1105
331 1602
332 882
332 1491
332 1935
334 635
335 864
336 556
336 1084
336 1104
337 1993
338 1192
338 1200
338 1538
339 609
339 714
339 1040
339 1198
339 1447
339 1678
340 386
340 980
340 1274
340 1447
340 1801
341 1890
342 606
342 994
342 1131
344 888
344 1145
344 1272
344 1428
344 1503
344 1627
344 1780
345 507
345 1571
345 1850
346 1556
346 1888
347 1106
347 1320
348 809
348 878
348 1334
349 1674
349 1895
350 594
350 1395
350 1830
351 660
351 768
351 845
351 1015
351 1598
351 1813
354 500
354 1838
355 1181
355 1527
355 1717
356 601
356 679
356 739
356 955
356 1307
357 644
357 1139
357 1602
357 1800
358 1543
358 1950
359 1314
359 1415
359 1483
359 1998
360 1418
360 1941
361 374
362 430
362 861
362 979
362 1526
363 1471
364 715
364 826
365 1798
366 1062
367 1938
368 1244
370 615
370 997
370 1451
371 1111
371 1180
371 1688
371 1873
372 1752
373 1000
373 1789
374 856
374 1798
375 1636
376 802
376 839
376 1234
376 1869
377 942
377 950
377 1314
377 1617
378 1034
380 437
380 1184
380 1818
381 1371
382 1659
382 1725
382 1773
383 846
383 1205
384 1726
385 1231
385 1796
386 966
386 1710
386 1780
387 470
389 853
389 1487
389 1537
389 1903
390 1077
390 1515
390 1540
390 1732
391 1603
391 1704
391 1707
392 495
392 542
392 795
392 1130
392 1270
392 1581
393 664
393 1285
393 1516
393 1575
393 1840
394 512
394 671
394 948
394 1776
395 474
395 1189
395 1536
396 506
397 1082
397 1257
398 639
398 710
398 1162
399 1013
399 1643
399 1873
400 556
400 1543
401 1219
401 1739
401 1789
402 763
402 1546
403 904
403 922
403 1492
403 1805
404 1124
406 1050
406 1210
406 1220
406 1372
407 549
407 685
407 1492
408 487
410 1814
410 1935
411 505
411 1238
411 1433
412 659
414 735
414 799
414 1578
414 1696
415 1402
415 1500
415 1858
416 490
416 562
416 1949
417 685
417 729
417 1973
418 464
418 1101
419 860
419 954
419 1587
420 421
420 535
420 1344
421 1843
422 494
422 1696
423 544
423 653
423 1446
423 1538
423 1757
424 1573
424 1683
425 604
425 684
425 802
425 811
425 1282
425 1326
426 759
426 1162
426 1219
426 1567
427 737
427 759
427 882
428 637
428 1430
429 563
429 1253
430 1784
430 1834
431 1249
431 1586
431 1668
431 1679
432 1827
433 1041
433 1619
434 1130
434 1757
435 1705
435 1860
436 635
436 1674
439 1008
441 650
442 957
442 1161
442 1432
442 1574
443 493
443 1501
443 1639
444 1872
445 573
445 1002
446 453
446 608
447 531
447 855
447 978
447 1077
447 1296
447 1416
448 626
449 1287
450 459
450 501
452 564
452 741
453 669
453 1539
453 1770
454 782
454 1169
455 1263
455 1376
456 1611
456 1678
457 1271
457 1805
458 624
458 1962
459 1157
459 1822
459 1970
460 817
460 1250
460 1274
460 1439
460 1460
461 1714
462 994
462 1279
463 638
463 734
463 823
463 1787
465 518
465 849
465 1784
466 759
466 1813
466 1822
467 1705
467 1770
468 545
468 827
468 1620
468 1623
468 1888
469 1136
469 1543
470 769
470 1946
471 1120
471 1210
471 1891
472 512
472 1678
473 574
473 780
473 900
473 1831
474 1252
474 1491
475 1056
475 1633
476 981
476 1253
476 1659
476 1696
477 819
477 1095
477 1119
478 508
478 1630
481 639
481 739
482 995
482 1311
482 1450
483 1175
483 1842
484 596
484 621
484 1167
485 556
485 864
485 970
485 1193
486 1100
486 1769
487 542
487 758
487 764
487 1368
487 1497
488 656
488 1911
489 727
489 950
489 1572
490 1106
490 1443
491 599
491 1144
492 615
492 1443
493 590
493 1065
493 1446
494 611
494 701
494 922
494 1560
495 551
495 701
495 1783
496 952
496 1089
496 1952
497 1333
497 1920
498 888
498 1223
499 531
499 865
499 1684
499 1956
500 945
500 1533
500 1985
502 511
502 1138
504 643
504 1753
506 987
506 1771
507 768
507 1996
508 670
508 827
508 1465
508 1565
509 960
509 1197
509 1331
509 1771
510 553
510 905
510 1172
510 1227
511 647
511 1046
511 1050
512 680
512 771
512 1771
512 1882
513 810
513 1241
514 535
514 903
515 551
515 578
515 896
516 1106
517 1450
517 1570
518 811
519 1134
519 1177
519 1339
519 1841
520 776
520 1357
520 1811
521 919
521 1627
521 1840
522 739
522 933
522 1062
522 1456
522 1811
523 665
523 670
523 1236
523 1677
523 1887
524 1381
525 560
525 1186
525 1495
525 1586
526 1701
527 664
527 1634
528 1239
529 597
529 1475
529 1706
530 533
530 680
530 1837
531 1846
532 998
533 919
533 1631
534 633
534 1001
534 1842
534 1939
535 1353
535 1545
536 1488
536 1512
536 1556
536 1840
537 542
537 722
537 1736
538 1107
538 1176
538 1673
539 819
540 1553
540 1618
541 942
541 1129
542 675
542 713
542 1618
542 1673
543 1195
543 1775
544 564
544 942
545 808
545 848
546 827
546 899
546 1059
547 1788
548 804
549 1336
549 1687
549 1882
550 696
550 878
550 1427
550 1449
550 1991
551 1003
553 1036
554 736
554 1083
554 1807
555 924
555 1166
555 1887
556 678
556 1749
557 973
557 1189
557 1495
557 1632
557 1832
558 1068
558 1946
559 1319
559 1858
560 1729
560 1906
561 616
561 1752
562 608
562 1422
562 1820
563 1031
563 1156
564 1474
565 1049
565 1754
566 846
566 1214
567 1474
568 650
568 950
568 1019
568 1596
568 1836
569 1114
569 1722
570 1873
571 896
571 1048
572 915
572 1214
573 760
574 1937
575 858
576 1397
576 1696
576 1747
576 1996
578 1005
578 1515
578 1571
579 597
579 664
579 812
579 1242
579 1442
580 1962
581 1270
581 1693
581 1709
582 1359
582 1508
583 761
583 1944
584 1883
584 1925
586 883
586 940
586 968
586 1358
587 1166
587 1767
588 1330
588 1598
588 1633
588 1703
589 659
589 806
589 809
590 656
590 738
590 803
590 1109
590 1147
590 1617
591 641
592 678
593 856
594 1116
594 1457
594 1610
594 1717
595 778
595 799
595 1294
597 728
597 1156
597 1185
597 1286
597 1871
598 1821
599 634
599 837
599 1173
599 1415
601 1727
602 869
602 1048
602 1406
606 1515
606 1980
607 1529
607 1794
608 625
608 838
608 865
608 1753
610 690
610 1673
610 1965
611 701
611 991
611 1289
611 1961
612 1821
613 1015
613 1483
613 1999
614 914
617 920
617 1007
617 1363
617 1494
618 838
618 1546
619 1034
620 710
620 784
620 1108
620 1834
620 1889
621 730
621 794
621 824
621 1154
621 1354
621 1972
622 1804
623 897
623 1533
623 1897
624 650
624 688
624 964
624 1111
624 1751
625 1201
625 1814
625 1849
626 1618
626 1760
627 1327
627 1492
627 1870
629 1093
629 1110
630 982
631 749
631 1271
631 1757
631 1904
632 1136
632 1918
633 1794
633 1880
634 712
635 801
635 918
635 921
635 935
635 1828
635 1863
636 661
636 1030
636 1083
636 1828
637 908
637 999
637 1264
637 1299
637 1911
638 1032
638 1685
639 1152
639 1701
639 1756
641 856
641 877
641 1544
642 1138
643 1469
643 1634
644 1201
644 1988
645 694
646 870
647 1057
648 1078
648 1409
648 1820
648 1861
649 1673
650 660
650 1640
650 1847
652 1493
653 1147
653 1346
654 839
655 855
656 716
656 1613
657 1122
657 1791
658 671
658 1143
659 874
659 919
659 1122
659 1629
660 1416
660 1596
660 1868
661 667
661 1245
661 1425
662 952
663 797
664 1838
665 1565
666 1319
666 1654
668 1609
668 1784
669 725
669 1321
670 1063
670 1769
671 1121
671 1397
671 1541
671 1965
672 1550
673 960
673 1261
673 1749
675 684
675 1690
676 1881
678 1474
679 774
679 1621
679 1702
679 1967
681 1141
681 1310
681 1530
682 1154
682 1314
682 1379
683 1176
683 1336
684 1902
685 913
686 735
686 1197
686 1494
687 937
687 1191
688 807
688 829
689 1037
691 1121
692 1414
693 1233
693 1587
693 1655
694 1879
695 726
696 824
697 1878
699 1244
699 1403
699 1458
699 1467
699 1512
700 1001
700 1438
700 1571
701 1367
701 1756
701 1815
701 1907
702 1517
703 956
703 1020
704 1001
704 1096
704 1733
704 1893
704 1933
705 1484
705 1746
705 1816
706 809
706 874
706 1024
706 1505
711 816
711 1333
712 894
712 1483
712 1492
713 768
713 1998
714 729
714 1896
714 1990
715 894
715 903
715 1737
716 748
716 819
716 1291
716 1807
717 1223
717 1458
718 1099
719 1621
720 1152
720 1349
720 1678
721 1389
721 1895
723 1651
723 1658
725 853
725 1099
725 1872
726 901
726 923
726 925
726 928
726 1337
727 1022
727 1298
727 1312
728 1586
728 1821
729 844
730 1639
731 973
731 1896
732 1492
732 1818
732 1943
733 840
733 1473
734 835
735 1170
736 773
736 1112
736 1708
737 883
737 1553
737 1779
737 1854
738 1047
738 1189
738 1377
739 807
739 986
739 1054
739 1639
739 1987
740 1291
740 1763
741 1268
741 1412
743 833
743 1755
744 1017
744 1311
745 749
745 1446
747 1079
747 1967
748 883
748 1763
749 1611
749 1823
749 1972
751 1354
753 926
754 1383
755 1334
755 1746
758 814
758 948
759 883
759 1623
760 992
760 1482
760 1619
761 950
762 1037
762 1246
763 776
763 790
763 1973
764 932
764 1726
765 863
765 1718
767 1490
768 1202
768 1622
769 1543
770 984
770 1128
770 1763
771 1335
771 1405
771 1787
771 1873
771 1945
774 883
774 915
774 1304
774 1578
774 1682
774 1822
775 1361
776 1882
777 1147
777 1155
778 1618
779 975
780 924
780 992
780 1308
781 1694
781 1774
782 1128
782 1182
782 1785
782 1956
784 1648
786 808
786 1237
786 1369
787 989
788 1117
788 1287
788 1651
789 1081
789 1388
789 1793
790 1077
790 1420
790 1875
791 1109
791 1404
791 1960
792 1379
792 1880
793 1922
794 1223
796 985
796 1351
796 1402
796 1417
797 1021
798 1375
798 1526
798 1641
799 1564
800 846
800 1425
800 1782
801 1113
802 952
802 1609
802 1923
804 808
804 1200
804 1340
804 1460
805 1106
805 1110
805 1534
805 1787
806 1036
806 1760
807 1237
808 931
809 844
810 1675
810 1970
811 1120
811 1652
812 1051
812 1485
812 1645
812 1656
813 1406
814 989
814 996
814 998
815 850
815 1368
815 1390
816 897
816 1222
817 1516
818 1685
818 1989
819 1467
819 1605
819 1702
820 889
820 1183
820 1287
820 1343
820 1724
821 1778
821 1868
821 1916
821 1978
822 1281
822 1284
822 1296
822 1885
823 866
823 1137
823 1712
823 1782
823 1959
824 1431
825 1930
826 1795
826 1974
827 832
827 1850
829 1011
829 1096
829 1430
829 1483
829 1619
830 867
831 1009
831 1435
831 1696
832 1081
832 1497
834 1022
835 1407
835 1452
835 1574
835 1959
836 1129
836 1907
837 1399
837 1502
837 1994
838 1631
839 1009
839 1291
839 1939
840 936
842 1041
843 1176
843 1432
849 1510
851 1010
851 1446
852 1350
852 1575
852 1616
853 1734
853 1985
856 914
856 1127
857 1317
859 1577
860 1066
860 1551
861 1031
862 993
862 1182
864 1508
864 1908
865 868
865 1013
865 1576
866 1061
866 1752
868 1868
869 926
871 1525
871 1804
873 1065
873 1767
874 1938
876 1108
876 1217
876 1331
876 1678
876 1845
878 1018
878 1242
878 1654
878 1685
879 1403
879 1730
880 931
880 1172
882 1039
882 1228
882 1841
883 1272
884 894
884 1445
884 1518
884 1658
884 1914
884 1951
885 1021
885 1941
886 887
886 1279
887 1156
887 1426
887 1491
887 1871
891 1611
891 1632
894 1024
894 1075
894 1118
894 1525
894 1787
895 1038
895 1338
895 1885
896 1786
896 1967
897 1356
897 1372
898 1326
899 1940
900 1934
901 1149
901 1709
902 1874
902 1875
903 1175
903 1809
905 1971
906 1340
909 1613
910 1550
910 1752
911 1424
911 1895
912 962
912 1055
912 1595
913 1922
914 937
917 1553
917 1567
917 1828
918 1164
918 1597
919 1669
920 1735
920 1849
922 938
922 1519
923 1118
923 1336
923 1810
924 981
924 1334
925 1208
925 1322
926 1187
926 1713
928 1914
929 1158
929 1399
929 1731
929 1810
930 1532
931 1030
932 1986
933 1011
935 1047
935 1137
935 1311
938 1246
939 1734
940 1677
941 983
941 1253
941 1837
942 974
942 1201
942 1491
943 1524
943 1665
943 1861
946 1319
946 1395
946 1710
948 1039
949 1720
949 1767
949 1995
950 1842
951 1377
951 1625
951 1756
953 1109
953 1718
953 1852
954 1532
957 1191
957 1287
957 1825
958 1103
958 1415
958 1772
959 1874
960 1672
961 1108
962 998
962 1291
964 1505
965 1858
966 1804
966 1955
967 1883
968 1346
969 1953
970 1180
970 1782
971 1019
971 1768
971 1827
972 1298
972 1339
973 1031
973 1978
974 1187
974 1586
975 1349
975 1555
975 1574
975 1983
976 1095
976 1746
978 1635
978 1945
979 1286
979 1599
979 1802
979 1893
982 983
983 1411
984 1573
984 1992
985 1655
986 1829
986 1986
987 1423
988 1103
988 1337
988 1574
989 1167
989 1593
990 1031
990 1344
990 1729
991 1910
991 1994
992 1060
993 1210
993 1233
993 1663
993 1789
993 1837
994 1025
994 1027
994 1624
994 1930
995 1221
996 1405
996 1563
996 1697
997 1279
997 1389
997 1750
998 999
1000 1132
1000 1136
1001 1229
1001 1474
1001 1617
1002 1131
1002 1575
1003 1102
1006 1346
1006 1521
1007 1562
1007 1949
1008 1641
1009 1321
1009 1652
1009 1738
1010 1221
1010 1318
1010 1327
1010 1899
1011 1586
1011 1612
1011 1702
1011 1882
1013 1717
1013 1801
1013 1817
1014 1415
1014 1938
1015 1343
1016 1412
1017 1102
1017 1103
1017 1124
1020 1168
1022 1383
1024 1411
1024 1699
1025 1856
1026 1167
1029 1230
1032 1338
1032 1673
1032 1923
1033 1656
1035 1117
1035 1121
1036 1212
1036 1219
1036 1931
1037 1102
1037 1254
1037 1362
1038 1858
1039 1353
1039 1701
1040 1521
1041 1482
1041 1870
1042 1383
1042 1420
1043 1421
1044 1229
1044 1879
1045 1284
1045 1476
1046 1976
1048 1702
1048 1714
1049 1059
1049 1488
1049 1664
1051 1295
1051 1584
1052 1130
1053 1360
1053 1752
1055 1541
1055 1922
1056 1133
1056 1467
1057 1402
1057 1624
1057 1765
1057 1880
1058 1985
1059 1547
1059 1603
1059 1660
1061 1493
1062 1963
1062 1974
1063 1115
1063 1301
1063 1306
1064 1778
1065 1491
1068 1422
1069 1090
1070 1137
1071 1755
1072 1405
1072 1822
1073 1361
1074 1265
1075 1286
1075 1430
1075 1747
1077 1126
1077 1534
1077 1952
1078 1231
1078 1440
1079 1426
1079 1497
1080 1294
1081 1630
1082 1825
1083 1202
1083 1834
1084 1940
1085 1302
1087 1770
1088 1563
1088 1715
1089 1460
1089 1552
1089 1869
1089 1906
1089 1926
1089 1953
1090 1550
1091 1199
1093 1174
1093 1531
1095 1102
1096 1454
1096 1486
1097 1159
1097 1847
1099 1198
1100 1787
1102 1255
1102 1855
1102 1973
1104 1201
1104 1549
1104 1553
1106 1336
1106 1540
1108 1312
1108 1474
1109 1529
1109 1931
1110 1575
1110 1626
1111 1453
1112 1714
1112 1820
1113 1308
1113 1594
1113 1601
1113 1942
1114 1552
1115 1140
1117 1218
1117 1517
1118 1432
1120 1425
1122 1483
1123 1990
1125 1212
1125 1333
1125 1692
1125 1836
1126 1314
1126 1933
1128 1434
1128 1655
1129 1223
1129 1245
1130 1879
1131 1586
1132 1257
1132 1292
1133 1767
1139 1581
1139 1725
1140 1152
1140 1417
1140 1430
1141 1772
1142 1739
1143 1357
1143 1469
1143 1511
1143 1637
1144 1413
1144 1688
1145 1253
1145 1552
1147 1362
1148 1414
1149 1869
1150 1265
1151 1200
1151 1263
1151 1501
1151 1913
1151 1935
1151 1954
1152 1323
1152 1461
1153 1682
1154 1952
1154 1964
1155 1721
1156 1936
1157 1552
1160 1384
1160 1431
1162 1165
1163 1241
1164 1240
1164 1645
1166 1691
1166 1928
1167 1352
1167 1691
1167 1701
1167 1715
1167 1875
1169 1844
1169 1989
1170 1436
1171 1297
1171 1850
1172 1688
1172 1789
1174 1452
1174 1792
1174 1917
1174 1991
1175 1380
1176 1254
1176 1677
1177 1604
1179 1255
1179 1605
1179 1746
1186 1647
1187 1240
1188 1316
1189 1588
1189 1613
1190 1675
1191 1796
1191 1861
1192 1240
1192 1261
1192 1851
1193 1668
1193 1675
1193 1951
1194 1964
1195 1265
1195 1562
1197 1980
1201 1555
1201 1810
1201 1815
1202 1375
1203 1237
1203 1260
1203 1339
1203 1589
1204 1717
1205 1719
1205 1848
1207 1670
1207 1801
1209 1267
1209 1645
1210 1371
1210 1518
1212 1839
1213 1772
1213 1929
1214 1888
1215 1319
1216 1298
1218 1320
1219 1684
1219 1818
1221 1379
1221 1656
1222 1766
1223 1320
1223 1962
1228 1466
1229 1624
1232 1824
1233 1342
1233 1360
1233 1426
1233 1574
1233 1597
1235 1760
1236 1837
1238 1310
1241 1840
1241 1924
1242 1309
1244 1317
1244 1583
1246 1396
1246 1646
1251 1446
1254 1383
1254 1461
1254 1997
1256 1552
1257 1449
1258 1582
1259 1466
1260 1290
1260 1357
1260 1533
1260 1688
1262 1385
1262 1420
1263 1317
1264 1592
1265 1469
1266 1466
1267 1356
1267 1567
1267 1672
1269 1308
1269 1480
1269 1844
1270 1847
1272 1443
1272 1684
1276 1770
1276 1802
1277 1361
1278 1978
1278 1983
1279 1288
1279 1327
1280 1910
1281 1563
1281 1942
1282 1693
1282 1738
1282 1921
1283 1790
1285 1539
1285 1744
1285 1970
1287 1723
1288 1329
1288 1452
1290 1893
1291 1495
1294 1438
1294 1588
1297 1776
1297 1882
1299 1334
1299 1871
1300 1900
1302 1581
1302 1978
1303 1323
1303 1590
1303 1762
1303 1993
1304 1712
1304 1986
1305 1684
1306 1420
1306 1952
1308 1744
1310 1408
1310 1491
1310 1957
1311 1516
1311 1909
1315 1586
1315 1742
1316 1372
1316 1450
1317 1541
1321 1402
1321 1888
1322 1707
1322 1955
1325 1644
1325 1864
1328 1432
1328 1856
1329 1490
1331 1370
1331 1668
1332 1727
1333 1397
1333 1548
1336 1410
1337 1722
1342 1398
1342 1411
1342 1438
1342 1870
1343 1909
1344 1945
1348 1509
1348 1530
1348 1619
1351 1500
1352 1611
1352 1738
1355 1592
1358 1494
1358 1905
1359 1893
1360 1818
1362 1885
1363 1942
1365 1381
1365 1643
1367 1767
1368 1993
1373 1567
1377 1920
1377 1959
1380 1602
1380 1603
1381 1454
1382 1852
1383 1702
1384 1556
1385 1790
1388 1631
1389 1807
1391 1656
1391 1952
1392 1407
1395 1562
1395 1740
1395 1916
1399 1629
1400 1415
1400 1598
1400 1761
1400 1797
1404 1677
1410 1884
1410 1887
1411 1479
1411 1773
1411 1928
1416 1449
1416 1941
1417 1585
1417 1658
1418 1715
1418 1804
1418 1926
1421 1640
1423 1579
1425 1613
1425 1878
1426 1622
1426 1730
1426 1782
1427 1567
1428 1513
1429 1466
1429 1702
1429 1812
1430 1831
1430 1849
1434 1643
1436 1985
1438 1794
1439 1640
1442 1465
1445 1830
1445 1870
1446 1782
1447 1571
1448 1585
1448 1620
1452 1798
1454 1790
1454 1998
1456 1754
1456 1914
1456 1960
1458 1628
1459 1468
1459 1906
1460 1754
1461 1605
1461 1704
1462 1686
1463 1733
1464 1528
1464 1670
1464 1974
1464 1989
1467 1864
1467 1887
1468 1832
1468 1880
1469 1854
1470 1691
1470 1933
1471 1582
1474 1896
1474 1960
1475 1502
1476 1655
1476 1881
1477 1805
1478 1508
1478 1878
1479 1726
1480 1672
1484 1785
1485 1821
1486 1575
1487 1924
1489 1627
1490 1700
1494 1871
1495 1508
1497 1837
1497 1943
1500 1554
1500 1579
1500 1633
1502 1647
1504 1740
1505 1675
1509 1511
1510 1699
1510 1904
1511 1758
1513 1534
1514 1697
1519 1875
1519 1963
1522 1805
1522 1862
1523 1734
1523 1941
1524 1605
1528 1926
1529 1690
1530 1626
1530 1633
1532 1703
1533 1777
1534 1926
1535 1621
1536 1660
1537 1912
1540 1772
1541 1674
1544 1637
1545 1576
1545 1758
1547 1699
1547 1721
1547 1845
1547 1988
1552 1857
1553 1710
1555 1686
1555 1858
1556 1662
1558 1637
1558 1894
1561 1711
1562 1630
1562 1996
1563 1670
1563 1736
1563 1936
1566 1772
1567 1715
1568 1991
1570 1748
1570 1945
1572 1698
1575 1786
1576 1653
1577 1673
1578 1764
1581 1592
1581 1617
1582 1823
1586 1751
1587 1647
1587 1695
1588 1925
1589 1898
1591 1691
1593 1863
1595 1730
1595 1804
1596 1848
1596 1968
1598 1851
1598 1976
1598 1999
1601 1803
1606 1702
1606 1794
1607 1631
1612 1824
1613 1732
1614 1862
1614 1879
1618 1698
1619 1995
1620 1891
1621 1922
1625 1715
1629 1740
1634 1917
1641 1791
1642 1804
1644 1699
1648 1686
1648 1971
1650 1732
1652 1980
1653 1737
1653 1908
1658 1963
1664 1959
1666 1919
1666 1958
1671 1926
1672 1719
1676 1931
1679 1792
1680 1721
1680 1797
1681 1911
1682 1937
1683 1762
1688 1940
1691 1709
1691 1789
1692 1939
1695 1992
1698 1707
1706 1714
1706 1869
1709 1741
1710 1750
1711 1843
1721 1984
1722 1852
1730 1943
1733 1946
1734 1839
1739 1855
1746 1814
1746 1959
1755 1773
1757 1830
1757 1894
1762 1823
1767 1950
1770 1778
1770 1823
1773 1898
1775 1841
1776 1821
1781 1841
1784 1862
1785 1892
1787 1954
1798 1845
1800 1900
1807 1843
1809 1975
1818 1835
1825 1853
1834 1835
1834 1950
1834 1992
1842 1848
1851 1917
1871 1903
1873 1945
1874 1919
1890 1958
1905 1972
1913 1926
1924 1992
1929 1935
1931 1941
1941 1968
1943 1985
1944 1986
1945 1956
1949 1983
1950 1967
1960 1982
1972 1978
