2000 2930
28
58
100
8
36
65
46
24
39
57
46
84
76
16
78
57
21
41
51
38
43
67
7
64
62
99
99
11
78
15
51
7
13
76
62
10
57
51
21
26
65
39
52
63
85
28
78
85
70
23
75
75
47
8
97
56
94
81
5
1
50
33
46
99
19
12
88
10
85
47
22
79
73
29
18
73
15
20
93
84
40
63
12
8
29
8
18
35
30
83
10
64
5
97
72
77
76
84
97
67
55
92
59
22
97
41
49
30
53
10
38
32
55
54
34
46
64
91
14
46
7
78
22
11
24
94
29
68
76
52
47
94
47
91
87
8
30
70
47
35
62
92
15
62
36
11
100
79
96
46
30
45
67
66
82
83
60
69
62
10
90
2
65
27
100
82
40
35
27
75
56
81
94
76
95
57
5
68
96
47
75
57
21
92
79
33
69
69
87
100
68
62
83
85
23
68
75
12
44
23
70
80
35
77
56
93
70
60
86
59
95
62
46
94
89
74
67
23
76
81
74
54
57
57
59
77
74
35
19
99
89
6
3
74
32
6
86
61
91
6
10
75
11
9
62
80
5
54
1
41
3
9
51
1
77
61
36
85
54
19
54
16
24
62
94
34
6
68
5
28
26
38
14
59
29
25
30
44
91
61
80
55
47
89
28
43
66
74
64
63
74
7
53
54
1
33
15
66
22
25
74
84
67
34
77
13
73
81
14
92
31
66
21
10
86
85
39
23
88
39
45
96
21
10
21
40
65
93
8
66
57
92
75
58
17
2
66
31
83
50
82
29
53
13
25
17
45
27
13
5
19
65
45
76
21
27
45
9
30
7
57
72
42
6
73
3
42
80
49
53
11
53
66
59
85
30
48
15
31
38
68
48
18
17
32
59
47
48
39
99
22
28
79
23
56
49
83
38
36
66
2
25
79
45
37
14
31
47
50
54
43
59
74
81
39
98
51
56
23
61
7
27
27
99
50
99
33
88
36
59
96
65
7
24
40
78
86
66
94
28
27
89
74
73
26
23
86
12
24
20
30
93
77
73
11
20
69
59
62
59
26
61
18
24
1
84
29
56
91
46
16
44
4
42
7
62
9
37
71
31
58
79
10
56
62
21
57
66
87
79
29
13
9
42
53
90
64
2
9
42
23
41
64
100
70
5
34
17
29
79
94
26
10
76
42
7
64
19
66
99
56
86
89
75
51
58
73
45
27
44
82
5
33
44
71
32
43
8
5
11
85
59
54
3
18
92
74
44
46
88
64
17
6
3
85
94
85
47
91
4
3
53
87
66
30
87
50
99
76
7
10
80
48
42
80
97
65
64
93
47
56
76
81
3
72
50
80
3
48
31
12
51
12
80
63
82
71
94
87
72
36
14
82
81
1
77
84
31
74
26
43
15
85
17
61
46
69
75
77
92
78
83
20
33
82
24
66
49
66
83
91
95
10
39
5
18
30
8
30
79
24
97
59
88
100
69
3
46
40
22
74
3
68
31
39
65
38
21
58
15
100
78
71
73
25
83
57
44
6
42
20
96
3
56
21
88
4
96
75
82
64
61
24
20
61
89
33
75
3
82
37
95
79
41
5
69
43
53
48
3
84
11
50
58
69
88
88
92
9
36
96
40
94
54
16
55
68
57
14
94
73
47
18
10
6
24
44
98
59
20
72
7
7
57
99
26
57
12
60
60
35
25
30
11
56
15
30
56
100
2
32
66
56
75
4
86
16
21
97
74
20
69
88
83
1
8
92
12
37
100
17
58
2
96
57
82
69
36
24
25
31
31
2
99
88
91
37
86
94
50
50
46
59
67
78
74
34
58
12
88
36
30
43
42
14
65
46
42
12
75
50
38
50
90
81
41
90
1
62
60
41
12
49
75
24
92
12
44
99
100
90
100
35
49
16
60
55
86
26
73
71
77
96
65
45
21
47
3
82
18
31
94
26
21
11
50
26
84
50
11
43
88
98
68
38
88
36
15
6
30
42
50
45
10
3
46
22
67
27
71
94
88
99
77
90
44
24
75
37
79
59
48
59
67
75
27
21
2
68
9
25
58
59
12
12
81
41
37
98
75
14
9
2
29
81
70
7
89
94
68
87
44
6
91
53
1
76
55
73
28
87
57
49
16
68
51
28
3
67
17
63
45
5
71
64
35
36
58
43
83
33
85
61
19
15
53
4
9
61
67
54
82
46
71
47
47
9
70
61
63
71
3
33
51
77
16
97
23
74
87
91
77
68
17
28
90
37
34
32
25
100
70
34
14
29
50
3
11
60
100
11
19
32
90
64
48
31
38
22
35
51
28
100
71
47
13
30
70
25
29
11
4
27
16
42
96
51
27
84
80
68
96
95
48
53
11
76
67
91
85
51
67
73
13
39
10
11
51
60
52
39
71
79
45
64
66
30
69
10
14
93
58
93
65
73
33
15
18
60
11
26
42
58
53
51
49
71
83
50
12
81
65
14
9
100
34
96
28
25
60
5
61
48
6
7
4
26
66
16
77
27
70
97
25
21
5
21
36
51
54
16
23
6
26
25
79
11
98
65
2
31
41
33
84
63
30
40
42
31
97
8
14
82
28
88
36
21
20
16
10
93
96
13
44
52
94
100
70
89
100
24
61
75
77
94
32
93
41
19
61
41
35
42
11
100
66
18
25
96
63
32
94
80
71
9
71
65
33
42
55
76
57
20
96
8
65
98
64
77
100
85
89
6
87
40
87
84
83
12
30
71
25
97
59
98
51
61
70
54
67
64
32
100
84
60
13
89
22
33
84
40
5
50
19
70
93
7
5
8
14
84
56
9
30
83
38
14
74
2
89
16
31
48
65
32
38
29
45
89
25
4
34
44
89
48
63
66
1
58
4
10
70
59
31
46
19
38
17
47
20
21
60
71
10
88
61
68
70
58
33
4
21
69
81
46
21
62
69
50
40
96
23
54
19
63
93
84
21
92
2
88
73
88
99
55
43
20
67
45
47
27
60
80
62
55
63
30
29
16
2
50
96
4
33
1
91
8
70
50
81
15
68
20
78
52
97
47
5
47
36
13
46
78
4
99
27
42
75
97
55
92
84
59
95
100
4
11
65
14
83
11
44
17
78
21
51
51
5
100
2
97
24
57
100
26
99
90
43
85
13
13
57
86
11
52
83
65
9
20
52
51
95
53
79
51
97
38
51
70
27
13
23
27
5
73
57
69
82
56
23
11
40
26
87
26
92
55
99
39
13
20
79
13
3
15
58
79
71
12
33
29
72
18
46
52
54
5
59
99
81
83
95
32
17
19
29
11
22
29
76
75
27
11
8
63
44
80
4
85
28
63
98
52
50
59
45
53
79
28
6
32
92
62
29
27
62
28
71
100
52
43
56
86
69
54
79
38
86
79
24
14
50
53
89
16
34
19
30
26
71
17
32
25
54
11
80
72
22
34
39
48
25
93
60
85
92
17
66
66
19
11
7
8
80
72
45
19
6
8
84
67
11
7
68
97
80
40
56
50
62
77
35
5
46
33
75
33
79
63
45
19
28
95
15
15
77
55
10
63
49
93
32
9
23
66
41
20
2
2
71
44
64
2
89
65
77
34
86
96
29
60
20
85
98
30
100
82
9
56
93
80
31
40
37
78
84
95
45
79
11
48
10
74
99
98
60
87
38
24
23
98
46
29
28
8
63
86
47
5
40
42
7
79
10
58
56
96
91
61
90
95
60
80
44
30
62
100
78
59
98
51
87
18
38
3
59
82
17
31
38
51
38
68
54
50
72
67
95
17
8
16
24
18
7
95
84
82
98
65
2
64
96
35
53
30
25
62
11
58
45
70
75
19
79
18
45
30
22
20
81
62
65
62
57
29
93
54
95
68
16
35
30
87
25
11
57
60
15
41
54
36
32
21
41
100
88
26
76
33
30
67
54
30
48
72
40
53
21
28
53
95
70
41
71
77
89
54
90
50
48
94
82
21
82
16
58
32
38
78
20
78
64
89
70
93
53
56
4
37
88
18
32
62
55
88
48
17
66
64
31
52
80
3
58
11
35
97
7
62
25
78
69
77
6
82
83
86
44
39
69
55
82
36
21
72
21
9
8
5
5
80
66
12
96
47
33
71
78
26
52
63
91
79
36
80
58
34
36
14
77
97
2
96
35
27
61
62
64
61
98
65
40
98
27
77
61
74
16
71
67
86
28
32
84
94
68
70
98
18
34
54
20
48
87
59
29
67
98
70
33
47
65
91
33
56
72
13
79
70
25
48
14
37
88
94
46
65
54
2
5
60
96
99
47
40
98
87
59
87
78
16
6
79
46
49
68
64
75
21
77
49
85
37
70
44
96
81
72
15
8
39
29
76
97
23
63
91
62
49
52
84
3
50
63
3
88
92
23
81
72
50
9
87
9
64
38
64
49
19
68
71
85
97
92
38
57
58
51
14
76
35
94
93
29
79
24
88
97
25
21
18
29
8
74
47
49
100
63
100
54
55
5
55
11
62
57
40
62
81
30
33
48
27
90
36
99
52
3
44
51
29
87
22
3
50
23
86
49
52
6
0 397
0 766
0 905
0 1372
0 1902
1 977
1 1435
2 163
2 846
2 981
2 1028
2 1296
2 1686
2 1894
2 1968
3 19
3 108
3 1639
4 162
4 1187
4 1437
5 955
5 988
5 1723
7 271
7 284
7 716
7 1833
8 40
8 1490
9 1026
9 1267
9 1587
9 1680
9 1737
10 356
10 1460
11 104
11 541
11 1248
11 1331
12 487
12 1489
13 172
13 1060
14 1041
14 1231
14 1417
14 1505
14 1980
15 255
15 824
15 835
15 871
15 1021
16 470
16 995
16 1008
16 1145
16 1957
18 200
18 681
18 884
19 1043
19 1144
20 1086
20 1450
21 235
21 1072
21 1077
22 156
22 283
22 922
22 1234
22 1639
23 1074
23 1105
23 1298
23 1686
23 1876
24 115
24 142
24 882
24 1450
25 1291
25 1541
26 748
26 1913
27 74
27 205
27 1390
28 739
28 988
28 1537
29 159
29 1131
30 1063
30 1349
31 1648
31 1894
32 513
32 1081
32 1149
32 1713
33 265
33 609
33 830
33 967
33 1007
33 1139
33 1734
34 246
34 298
34 443
34 1714
35 667
35 825
35 1361
35 1631
36 495
36 611
36 1002
36 1680
36 1884
37 756
38 130
38 1163
38 1989
39 431
39 783
39 1161
39 1557
39 1815
39 1888
40 83
40 1320
40 1678
41 120
41 932
42 171
42 403
42 760
42 1911
42 1975
44 359
44 507
44 910
44 942
44 1289
44 1772
45 281
45 1156
45 1454
46 72
46 990
46 1596
47 1130
47 1489
47 1653
47 1797
47 1885
48 818
48 1724
48 1833
49 375
49 712
49 1466
50 540
50 1470
50 1951
51 81
51 185
51 1755
52 1041
52 1195
53 114
53 1432
53 1557
53 1634
53 1805
54 220
54 847
54 1659
54 1817
55 348
55 1852
55 1911
55 1968
56 287
56 800
56 826
57 827
58 1082
58 1297
59 191
59 845
59 1339
60 345
60 824
60 1495
60 1648
61 233
61 239
61 389
61 1490
61 1815
62 1838
63 1495
64 1774
65 243
65 448
65 1059
65 1239
65 1338
65 1916
66 87
66 271
66 1472
67 308
67 318
67 432
67 1359
68 372
68 617
68 805
69 86
69 127
69 173
69 954
69 1306
70 244
70 601
70 711
73 125
73 698
73 1010
73 1436
74 686
74 1138
74 1703
75 182
75 308
76 948
76 1005
76 1098
76 1523
76 1955
77 1831
77 1951
79 759
79 1132
79 1411
79 1602
80 447
80 477
80 958
80 1739
80 1817
80 1861
81 1242
81 1603
83 381
83 1946
84 689
84 1991
85 620
85 896
85 948
85 1087
86 765
86 921
86 1445
86 1744
86 1956
87 686
87 1174
88 945
88 1472
88 1503
89 241
89 1098
89 1334
91 1992
92 1874
93 593
93 912
94 504
94 655
94 886
94 1516
95 347
95 792
95 1730
95 1863
96 136
96 587
97 1173
97 1424
97 1774
98 140
98 1202
98 1437
98 1565
99 411
99 644
99 1051
100 605
100 1870
101 401
101 701
101 932
102 276
102 471
102 550
102 1054
102 1615
102 1943
102 1975
103 525
103 1246
103 1407
103 1718
104 1187
104 1333
105 920
105 1093
105 1359
105 1961
106 175
106 860
107 1005
107 1634
107 1887
108 1572
109 387
109 1070
109 1424
110 642
111 1752
112 151
112 384
112 601
112 938
112 1552
113 313
113 1290
113 1330
113 1445
113 1864
114 604
114 749
114 790
114 868
114 975
114 1787
115 995
115 1760
116 1428
116 1449
117 1540
117 1892
117 1912
118 244
118 295
118 600
118 1936
119 180
119 1815
120 337
120 617
120 685
120 1103
121 188
121 581
121 646
121 1309
121 1718
121 1854
122 600
122 1052
122 1083
122 1313
122 1820
123 154
123 1536
123 1541
123 1762
124 237
124 741
124 997
124 1657
124 1795
124 1797
125 343
125 1167
125 1597
127 162
127 1034
127 1269
127 1623
127 1625
127 1731
127 1744
128 181
128 1261
128 1997
129 1955
130 754
130 803
131 493
131 1215
132 859
132 1499
132 1517
133 1085
133 1385
133 1568
134 276
134 978
134 1633
135 403
135 895
135 973
135 1703
135 1766
136 724
136 1479
137 633
137 1710
138 736
138 1684
139 183
139 188
139 318
139 928
139 1328
140 224
140 326
140 654
140 730
140 1104
140 1149
141 1442
142 178
142 841
142 1225
142 1827
143 195
143 660
143 1107
143 1280
143 1312
144 1058
145 364
145 1231
146 442
147 1355
148 820
148 965
148 1175
148 1238
148 1276
148 1464
148 1671
149 1316
150 1037
150 1803
151 246
151 555
151 1177
152 417
152 1755
153 213
153 774
153 874
153 990
154 1577
155 467
155 874
155 1350
155 1634
156 1561
156 1611
157 828
157 1073
157 1648
158 736
158 854
159 462
159 496
159 916
160 631
160 1060
161 392
161 1254
162 526
162 807
163 193
163 1227
163 1876
163 1974
165 792
166 468
166 512
166 814
166 1253
167 700
167 902
167 1884
168 1136
168 1521
168 1987
169 381
169 1165
169 1368
169 1829
170 1287
170 1722
171 808
173 424
173 1445
174 645
174 1340
174 1846
175 1917
176 469
177 1829
178 1323
179 185
179 429
179 633
179 869
179 1015
179 1925
180 509
180 524
180 541
180 1083
180 1185
180 1666
180 1956
181 677
181 1156
182 350
182 536
182 1219
182 1480
183 285
183 1521
184 893
184 1526
185 511
185 1318
185 1873
186 962
186 1806
186 1937
187 981
187 1878
187 1965
188 630
188 670
188 1747
189 457
189 880
190 456
190 1198
190 1277
190 1858
191 282
191 478
191 1143
191 1364
191 1870
191 1993
192 314
192 1536
192 1967
193 380
193 509
193 1453
193 1676
194 722
194 1186
194 1338
194 1343
195 784
195 1647
196 1524
198 264
198 364
198 1642
199 844
199 1399
200 1767
201 978
202 521
202 1077
202 1101
203 539
203 1312
203 1659
203 1765
203 1947
204 339
204 1008
204 1282
204 1533
205 625
205 954
205 972
205 1100
205 1447
205 1768
206 1365
206 1552
207 1535
208 442
208 625
208 1042
208 1827
209 656
209 1755
210 1264
210 1854
211 1879
212 331
212 784
212 1010
212 1952
213 1105
213 1328
214 415
214 924
214 1083
216 370
216 1937
217 379
217 879
217 1108
218 647
218 1047
218 1563
219 695
219 1064
219 1609
220 641
220 837
220 1352
220 1689
220 1780
221 616
221 1272
221 1759
221 1793
222 425
222 1043
222 1229
222 1404
223 373
223 1775
224 1063
225 244
225 563
225 1679
225 1808
226 466
226 1127
226 1274
226 1412
226 1787
226 1823
227 431
227 567
227 590
227 1215
227 1540
228 797
228 1987
230 668
230 765
230 877
230 1040
231 401
231 791
231 1117
231 1281
231 1480
231 1661
232 931
232 1353
232 1618
232 1937
233 366
233 447
234 1223
234 1576
235 1051
235 1623
236 450
236 1874
237 441
237 669
237 1642
238 258
239 1908
240 291
240 783
241 592
241 706
241 1029
241 1271
241 1717
242 294
242 626
242 1476
243 504
243 602
243 1125
243 1447
245 654
245 1674
246 663
246 858
246 1212
246 1603
247 912
248 1029
248 1204
248 1919
249 546
249 1341
250 580
250 1048
250 1639
252 259
252 1013
252 1342
253 436
253 1175
253 1189
254 350
254 928
254 1033
255 759
255 1733
256 1065
256 1281
256 1481
256 1837
257 324
257 1089
257 1221
257 1297
257 1335
257 1394
257 1715
258 823
258 1674
259 271
259 319
259 1385
259 1539
260 652
260 1549
261 885
261 952
262 1975
263 648
263 859
264 1262
264 1775
265 1107
265 1771
266 664
266 1121
267 356
267 507
267 556
267 621
267 844
267 999
268 313
268 604
269 1152
269 1456
269 1511
269 1708
269 1998
270 774
270 1480
271 891
272 775
272 971
273 1420
274 895
274 1096
274 1950
275 338
275 553
275 1409
275 1759
276 1715
277 690
277 1854
278 620
278 928
278 1136
278 1759
279 633
279 1093
279 1099
279 1852
280 332
280 1072
280 1462
280 1506
281 934
281 1482
282 544
282 1396
283 367
283 894
284 957
284 1052
284 1428
284 1871
285 294
285 662
285 972
285 1285
285 1767
287 394
287 794
287 940
287 1482
287 1522
287 1578
287 1595
287 1715
288 1996
289 1522
289 1986
290 1131
291 580
292 1081
292 1837
293 832
293 1509
293 1654
293 1931
294 349
294 1770
294 1880
294 1970
294 1998
296 1557
297 1246
298 969
298 1047
298 1328
299 1456
299 1801
300 781
300 829
300 1455
300 1671
301 304
301 317
301 1059
302 1298
302 1427
302 1903
303 322
303 1751
303 1760
304 801
304 1138
305 1371
305 1825
305 1858
305 1919
306 840
307 1493
308 1011
308 1423
309 1061
309 1625
311 611
311 1006
311 1176
311 1339
312 477
312 1229
312 1448
313 758
313 1177
313 1577
314 390
314 1234
315 846
315 1369
316 1280
317 571
317 1913
318 625
319 349
319 647
319 1016
319 1374
320 459
321 773
322 565
322 683
322 1103
322 1314
323 331
323 498
324 407
324 539
324 1677
324 1969
325 344
325 903
325 1488
325 1576
325 1654
325 1673
326 367
326 1188
326 1485
326 1928
327 1417
327 1555
327 1763
328 1270
329 1284
329 1573
329 1599
331 713
331 1376
331 1465
331 1738
331 1948
332 640
332 1288
334 377
334 385
334 765
334 767
336 1309
337 1078
337 1553
338 1723
338 1853
338 1867
340 1501
340 1559
340 1633
340 1949
341 608
341 682
341 751
341 899
342 1326
342 1686
343 1463
344 1153
344 1649
345 388
345 1249
345 1718
345 1876
346 691
346 871
346 924
348 1386
349 650
349 652
349 1316
349 1758
349 1800
350 634
350 969
351 1313
351 1705
352 1116
353 680
353 1018
353 1432
354 536
354 782
354 1732
355 910
355 938
356 426
356 633
356 825
356 826
356 1520
356 1915
357 427
357 496
357 733
357 1294
357 1572
358 956
359 854
359 1409
360 433
360 1169
360 1311
360 1514
362 671
362 1915
363 553
363 1012
363 1476
364 685
364 1384
364 1732
366 694
366 955
366 1564
367 474
368 1370
368 1732
369 773
369 827
369 838
370 402
371 933
371 1118
371 1247
371 1281
371 1451
371 1608
371 1740
371 1928
372 433
372 798
372 851
372 1144
373 1684
374 383
375 609
375 1598
376 904
377 415
377 1099
377 1213
378 391
378 648
378 679
379 625
379 1473
380 1114
380 1533
380 1661
382 944
382 1163
382 1216
382 1933
383 559
383 732
383 845
383 1295
383 1753
384 905
385 1821
386 840
386 1475
386 1550
387 939
387 955
387 1047
387 1961
388 876
388 1038
388 1317
388 1387
389 715
389 832
389 934
389 982
389 1313
390 1003
390 1338
390 1397
391 651
391 734
391 973
392 727
393 661
393 1709
394 713
394 760
394 1959
395 629
395 1040
395 1525
396 498
396 536
396 624
396 1812
397 718
397 1613
398 1111
398 1491
399 1783
400 486
400 541
400 1119
400 1301
401 486
401 798
401 923
401 980
402 417
402 463
402 880
402 1423
402 1644
402 1997
403 753
404 1400
404 1485
404 1538
405 788
406 922
407 1537
407 1701
409 618
409 850
410 633
410 1475
410 1485
411 604
411 1669
412 436
412 793
412 1009
412 1087
412 1521
413 704
414 456
414 1534
414 1886
415 1211
415 1820
417 636
418 1407
419 805
419 944
419 1756
419 1825
420 730
421 1824
422 1780
423 1398
423 1440
424 582
424 1217
424 1500
424 1710
425 574
426 596
426 1036
426 1167
426 1214
427 834
427 1023
427 1557
428 852
428 869
428 1648
428 1668
429 1096
429 1195
430 1096
431 496
431 1899
432 976
432 1017
432 1228
432 1641
434 783
434 1321
434 1400
434 1665
434 1903
435 1050
435 1115
435 1456
436 522
436 936
436 972
436 1606
436 1887
437 1083
439 1888
439 1949
440 745
440 965
440 1110
440 1788
441 816
441 879
442 1675
442 1760
443 759
443 1340
443 1559
446 1283
446 1354
446 1692
446 1880
447 790
447 1273
447 1825
449 1432
450 1354
451 1037
451 1458
451 1522
452 480
452 650
453 481
453 559
453 1425
453 1756
453 1845
454 459
454 1632
454 1682
455 476
455 1930
456 1630
457 1397
457 1402
457 1404
457 1880
458 817
458 1573
459 1640
459 1716
459 1940
460 673
461 909
462 598
463 633
463 689
463 1083
463 1316
464 489
464 906
464 907
464 931
465 929
465 1772
466 498
466 601
468 633
468 1523
470 723
470 1848
473 498
473 510
473 610
473 615
473 1098
475 525
475 1140
475 1724
476 802
476 1677
477 1031
477 1147
477 1800
479 978
479 994
480 568
480 737
480 1319
480 1641
480 1856
480 1971
482 1064
483 1949
483 1983
484 885
484 1798
484 1894
485 580
487 586
487 864
488 849
488 1775
489 1150
489 1470
490 581
490 1022
490 1181
491 1077
491 1174
491 1297
492 581
492 1115
492 1569
493 1119
493 1135
493 1467
493 1718
495 1215
495 1672
495 1968
497 527
497 604
497 1162
497 1342
498 1198
498 1482
498 1852
499 724
499 1122
499 1183
499 1811
499 1912
500 1501
500 1748
501 551
501 1248
502 1167
502 1281
502 1325
502 1804
502 1876
502 1890
503 962
503 1227
503 1263
503 1810
504 1761
505 680
505 736
505 910
505 1239
505 1288
505 1292
505 1519
505 1586
505 1889
506 1610
507 1551
508 1493
509 646
509 683
509 797
509 968
509 1236
509 1830
511 1129
512 977
512 1224
512 1307
512 1480
513 1420
513 1452
514 1521
516 701
516 909
516 1103
516 1152
516 1921
517 1412
517 1862
518 716
518 1013
519 853
519 1351
520 1175
521 582
521 777
521 1346
522 1119
522 1639
524 1222
524 1509
525 1010
525 1134
526 702
526 854
526 1133
526 1993
527 1048
528 803
528 1521
528 1742
529 1417
529 1996
530 972
530 1037
530 1317
532 797
532 859
532 1434
533 948
533 1322
533 1442
533 1464
534 1034
534 1325
535 542
536 1229
537 1768
538 1059
538 1364
539 642
539 1048
540 1463
540 1725
541 1059
541 1496
542 544
542 1317
543 1064
543 1154
543 1977
544 822
544 838
544 1082
544 1514
545 1781
545 1810
546 1081
546 1437
547 617
547 677
547 699
547 756
547 828
547 1096
547 1287
548 1592
548 1838
549 792
549 1157
549 1955
550 1643
551 1100
551 1261
552 1057
552 1286
553 1807
553 1928
554 712
554 917
554 1472
554 1475
554 1682
554 1686
554 1967
555 899
556 1159
557 1519
557 1967
558 1370
559 653
560 633
560 801
560 831
560 1642
561 1970
562 705
563 773
563 1284
563 1443
563 1890
564 1520
565 921
565 1028
565 1214
565 1372
565 1602
566 700
566 867
567 610
567 1262
568 1036
568 1131
571 1195
571 1369
571 1602
572 1520
573 1074
574 852
574 1690
574 1733
575 618
575 1118
577 606
577 782
577 1086
578 1415
578 1866
578 1990
579 580
579 678
579 860
579 1044
579 1106
579 1667
580 1504
581 1095
581 1219
581 1568
582 1136
583 618
583 766
583 1187
583 1386
583 1607
583 1743
584 1474
585 1327
585 1479
585 1855
585 1882
586 1408
587 1141
587 1595
588 683
588 791
588 956
588 1486
590 930
591 1821
592 1394
593 936
593 1694
593 1997
594 835
594 970
594 1224
596 1474
596 1698
597 799
597 1412
597 1874
598 1964
598 1980
599 645
600 1079
600 1528
601 996
601 1829
601 1842
602 747
602 1850
602 1860
603 605
603 1536
604 684
605 1561
605 1955
606 1139
606 1192
606 1576
607 1310
608 1669
608 1822
609 700
609 1263
609 1342
609 1743
609 1980
610 1159
612 622
612 849
612 1216
612 1855
613 1055
613 1525
613 1781
613 1984
614 1901
616 1165
616 1248
616 1584
616 1753
616 1802
617 774
617 1631
618 1120
618 1708
619 1662
619 1762
621 891
621 907
622 1049
623 765
624 1222
625 1304
625 1548
626 1264
628 1190
628 1408
628 1859
629 692
629 1083
630 779
631 833
631 1107
631 1243
631 1380
631 1699
631 1978
632 968
632 1201
632 1617
633 1803
633 1880
633 1973
634 1495
634 1510
634 1604
634 1681
635 1306
635 1534
636 988
636 1648
636 1770
638 1158
639 965
640 858
640 1056
640 1125
640 1414
640 1902
641 1291
641 1515
641 1654
641 1860
642 1091
642 1093
642 1340
643 769
643 994
645 1256
646 1001
646 1037
646 1825
647 702
647 790
647 1396
647 1631
647 1929
648 1458
648 1527
648 1917
649 1524
649 1768
650 904
650 1313
650 1718
651 1243
652 1402
652 1628
652 1875
653 990
653 1218
653 1961
654 1303
654 1494
655 951
655 1579
656 709
656 918
656 1167
656 1187
656 1218
657 1155
657 1456
657 1880
658 1544
658 1622
658 1735
659 1138
660 985
661 898
661 1527
662 1179
662 1494
662 1640
663 1758
664 1337
665 736
665 749
665 857
665 910
665 1347
666 1377
668 741
668 817
670 1639
672 800
672 875
672 990
672 1700
672 1943
673 934
673 1023
674 1360
675 1770
676 888
676 1292
676 1506
677 904
677 1166
677 1331
677 1904
678 806
678 1047
679 864
680 1025
680 1328
680 1684
681 685
682 1010
682 1153
682 1839
683 904
683 1687
684 1765
684 1784
685 1041
685 1058
685 1588
686 1433
687 747
687 1701
687 1976
688 1205
689 704
690 1869
691 1134
691 1444
692 1322
693 1648
693 1901
693 1933
694 1904
694 1923
695 1094
695 1188
695 1206
695 1339
696 883
697 1430
697 1989
698 793
698 1768
699 1349
699 1463
700 1156
700 1446
700 1480
700 1851
701 774
701 1148
703 868
703 1703
704 1132
704 1236
704 1683
704 1771
704 1863
705 834
706 1557
707 1929
708 1181
711 1007
711 1027
711 1058
713 1187
714 1474
714 1625
715 983
715 1538
715 1820
715 1956
716 1111
716 1532
717 1435
717 1926
718 909
718 1383
719 1796
720 985
720 1271
720 1651
721 1476
721 1893
722 760
722 1328
722 1729
723 1186
724 816
724 1613
726 861
726 1213
727 1786
727 1907
728 729
728 1079
728 1445
728 1764
730 958
730 1684
731 1510
731 1580
732 811
732 1197
732 1695
732 1733
732 1883
732 1997
733 1312
734 1071
734 1492
735 1527
735 1645
737 1243
737 1569
737 1603
737 1790
738 1503
739 1328
740 817
740 1073
740 1401
740 1675
740 1733
740 1911
741 1704
741 1992
743 1087
743 1238
744 884
744 1527
744 1744
745 1169
745 1335
745 1694
746 763
746 996
746 1242
746 1517
747 903
747 1362
749 754
749 765
749 883
749 1093
749 1506
749 1597
750 1232
751 1792
752 969
752 1229
752 1484
753 841
753 1351
754 1189
754 1574
754 1694
754 1802
754 1806
755 1485
756 1141
758 1532
758 1555
758 1706
758 1849
759 1346
759 1799
760 1152
760 1521
761 1167
763 1078
764 863
764 1070
764 1089
764 1996
765 878
765 1284
766 782
766 878
766 919
766 1162
766 1943
768 808
768 1415
769 1430
769 1695
770 974
770 1337
770 1765
771 1751
772 852
772 1054
775 1167
775 1426
776 1407
776 1707
778 866
778 1642
779 839
779 1269
779 1833
780 1620
780 1713
781 1879
782 1760
782 1945
784 971
785 981
785 1400
786 837
786 1903
787 1076
787 1127
787 1367
787 1904
788 1186
789 1287
789 1800
790 999
790 1981
791 1337
792 796
792 957
793 1310
793 1911
795 1096
796 1828
796 1900
797 1477
797 1488
797 1570
798 1495
799 1221
799 1938
801 1306
802 1090
802 1912
803 1139
803 1760
804 1212
806 1069
807 931
807 1361
807 1378
808 1138
809 1209
809 1399
809 1797
810 906
810 953
811 1414
812 1133
812 1845
813 940
817 1279
817 1904
820 1184
820 1640
822 880
822 1123
824 893
824 932
824 1138
824 1314
824 1655
825 1771
826 1214
827 993
827 1989
828 997
828 1500
828 1828
829 1086
829 1607
830 1584
831 1479
831 1673
835 1329
836 942
836 1361
836 1521
836 1661
837 1238
839 1606
840 1557
840 1813
841 1100
842 969
844 1363
845 1315
846 1705
846 1802
846 1982
847 1026
847 1316
847 1452
847 1699
848 1152
848 1696
849 856
849 1386
850 1575
850 1685
851 1312
851 1895
852 1415
856 999
856 1164
856 1630
857 1782
857 1806
859 962
859 1171
859 1392
859 1453
860 1170
860 1262
860 1538
861 1051
861 1320
861 1863
864 1782
864 1842
865 1183
865 1584
865 1794
866 1870
867 1357
868 1501
868 1804
869 1053
869 1781
870 1035
870 1405
870 1417
870 1544
871 1317
873 1478
873 1687
873 1789
873 1930
874 1816
874 1870
875 891
876 973
876 1002
877 1114
877 1340
878 922
878 1657
879 1584
879 1868
879 1986
880 1468
880 1635
881 957
881 959
881 1714
883 1240
884 1028
884 1480
884 1841
885 1409
886 1098
888 982
888 1538
889 1217
889 1229
889 1516
889 1591
890 927
890 1484
893 1796
894 1542
895 1389
895 1517
896 1528
896 1827
897 1977
898 990
898 1632
898 1899
899 1311
899 1605
899 1895
900 1266
901 1000
902 1338
903 1372
904 1466
904 1587
906 1552
907 1286
907 1350
907 1682
908 1591
908 1689
908 1748
909 1319
909 1936
911 1803
913 1372
915 1469
915 1529
915 1749
915 1776
916 1437
917 1161
917 1660
918 1472
919 1628
919 1822
920 1033
924 1885
925 1241
926 1490
926 1538
926 1600
927 1930
928 1560
928 1983
929 1125
929 1443
929 1524
930 1743
931 1434
931 1513
932 1406
932 1578
934 1177
934 1351
935 947
935 1622
935 1861
936 1976
937 1209
937 1219
937 1495
938 1084
938 1297
938 1671
938 1831
939 1151
939 1579
940 1524
940 1992
941 1004
941 1036
941 1404
942 1423
943 1236
943 1254
943 1535
945 1070
945 1099
945 1191
945 1394
946 1984
948 1521
948 1637
949 1434
950 1162
950 1470
951 1485
952 1350
953 1156
953 1325
954 1093
955 1767
955 1840
956 1123
956 1257
956 1609
958 1323
958 1414
958 1841
961 1657
961 1672
962 976
963 1275
963 1325
964 1899
965 1234
965 1552
966 1206
966 1381
966 1400
966 1517
966 1599
967 997
967 1395
967 1421
967 1426
968 1172
969 1378
969 1630
970 982
971 990
971 1085
971 1214
972 1070
973 1137
973 1200
973 1386
974 1380
974 1529
974 1944
975 1930
976 1475
976 1721
977 984
978 1346
978 1659
979 1630
980 1583
980 1914
980 1957
981 1349
981 1531
981 1701
982 1698
983 1783
984 1459
984 1707
986 1326
986 1553
987 1941
990 1163
990 1724
990 1815
991 1061
992 1794
993 1019
993 1201
993 1639
993 1871
994 1017
994 1236
994 1439
994 1506
994 1782
995 1342
995 1722
996 1205
996 1662
996 1923
997 1205
997 1546
998 1100
999 1576
1001 1429
1003 1639
1005 1239
1005 1688
1005 1878
1006 1750
1007 1173
1007 1292
1008 1626
1010 1109
1010 1528
1011 1078
1011 1448
1011 1969
1011 1999
1012 1370
1012 1685
1013 1204
1013 1279
1013 1493
1013 1615
1013 1726
1014 1554
1015 1075
1015 1235
1017 1100
1017 1387
1017 1682
1017 1780
1018 1287
1018 1879
1020 1604
1020 1759
1020 1971
1021 1056
1021 1440
1021 1537
1023 1387
1024 1231
1024 1429
1024 1733
1024 1889
1027 1692
1027 1937
1028 1266
1028 1468
1028 1594
1028 1596
1028 1748
1029 1989
1030 1174
1030 1231
1030 1335
1030 1663
1030 1961
1030 1967
1031 1121
1031 1932
1031 1963
1034 1364
1036 1912
1037 1432
1038 1421
1039 1876
1040 1292
1040 1702
1040 1937
1041 1648
1042 1166
1042 1734
1043 1871
1044 1420
1046 1061
1046 1134
1047 1057
1048 1088
1048 1176
1049 1753
1051 1093
1051 1621
1052 1279
1052 1555
1052 1671
1053 1659
1053 1988
1054 1443
1054 1578
1055 1342
1056 1911
1057 1058
1057 1874
1058 1408
1059 1402
1059 1824
1059 1869
1060 1820
1061 1518
1062 1497
1063 1285
1065 1114
1065 1802
1065 1875
1066 1159
1066 1602
1068 1724
1069 1982
1071 1425
1073 1273
1073 1847
1074 1582
1074 1813
1075 1154
1075 1574
1077 1737
1077 1763
1078 1517
1080 1638
1080 1787
1081 1644
1082 1257
1082 1407
1082 1999
1085 1642
1087 1252
1088 1348
1089 1130
1089 1537
1089 1590
1089 1836
1089 1933
1090 1179
1090 1978
1092 1719
1093 1411
1093 1802
1096 1684
1097 1939
1098 1297
1098 1361
1101 1258
1101 1452
1101 1690
1103 1227
1104 1261
1105 1233
1107 1992
1108 1482
1109 1262
1109 1595
1109 1769
1114 1456
1115 1505
1115 1796
1116 1749
1117 1693
1118 1558
1118 1831
1119 1349
1121 1254
1121 1908
1122 1487
1124 1844
1125 1701
1126 1354
1127 1251
1128 1566
1128 1672
1129 1272
1129 1331
1129 1741
1130 1424
1131 1400
1132 1424
1133 1604
1134 1560
1135 1219
1135 1873
1136 1815
1139 1476
1139 1767
1140 1682
1140 1897
1141 1217
1141 1849
1142 1422
1142 1640
1145 1321
1145 1322
1145 1503
1146 1972
1147 1419
1147 1504
1151 1611
1152 1833
1153 1512
1155 1922
1156 1740
1156 1794
1157 1334
1158 1655
1159 1882
1160 1359
1162 1304
1164 1208
1164 1623
1165 1767
1165 1818
1166 1988
1167 1317
1168 1252
1169 1242
1169 1971
1170 1444
1170 1753
1171 1747
1172 1728
1173 1385
1173 1695
1173 1903
1175 1870
1176 1378
1176 1708
1177 1548
1177 1559
1178 1446
1179 1799
1180 1764
1181 1324
1181 1368
1182 1388
1183 1336
1186 1359
1186 1435
1186 1794
1188 1763
1189 1302
1189 1600
1191 1573
1192 1684
1192 1945
1193 1914
1196 1726
1197 1858
1198 1285
1198 1361
1198 1386
1198 1894
1202 1308
1202 1417
1202 1699
1202 1738
1203 1702
1205 1945
1209 1539
1210 1281
1212 1592
1213 1492
1215 1646
1215 1780
1217 1637
1217 1655
1218 1412
1218 1720
1218 1839
1219 1254
1219 1466
1219 1609
1222 1617
1224 1426
1224 1596
1224 1629
1225 1479
1225 1791
1227 1490
1229 1556
1230 1831
1231 1947
1232 1867
1240 1717
1240 1725
1241 1548
1241 1869
1244 1410
1247 1372
1249 1789
1250 1838
1251 1934
1252 1558
1252 1805
1255 1452
1255 1845
1256 1590
1256 1826
1256 1860
1256 1916
1257 1275
1257 1890
1258 1259
1259 1941
1259 1954
1260 1441
1261 1290
1264 1715
1264 1880
1265 1499
1265 1596
1266 1914
1269 1991
1270 1497
1275 1296
1279 1872
1280 1505
1281 1299
1284 1543
1286 1453
1287 1767
1287 1825
1287 1872
1290 1546
1290 1896
1291 1518
1291 1583
1293 1340
1293 1883
1293 1987
1294 1518
1294 1562
1297 1556
1299 1639
1300 1309
1300 1655
1300 1957
1301 1344
1302 1413
1302 1455
1304 1712
1305 1996
1306 1705
1307 1404
1307 1503
1307 1530
1307 1758
1308 1645
1308 1659
1308 1829
1311 1448
1312 1630
1315 1793
1316 1735
1317 1660
1319 1617
1320 1728
1322 1804
1323 1497
1324 1459
1325 1387
1326 1517
1329 1412
1329 1853
1330 1744
1333 1808
1334 1681
1334 1722
1334 1925
1335 1460
1335 1898
1337 1409
1337 1937
1338 1687
1339 1637
1339 1899
1343 1386
1343 1646
1343 1681
1345 1414
1345 1643
1347 1405
1347 1515
1347 1763
1348 1912
1350 1643
1351 1377
1352 1540
1352 1684
1353 1361
1353 1697
1353 1708
1355 1414
1356 1761
1357 1947
1358 1446
1359 1370
1362 1908
1364 1921
1365 1606
1366 1371
1366 1659
1367 1407
1369 1421
1369 1617
1371 1763
1371 1961
1372 1560
1372 1686
1372 1775
1374 1602
1375 1780
1376 1692
1377 1521
1377 1973
1381 1752
1382 1575
1383 1839
1384 1864
1385 1563
1386 1542
1388 1481
1388 1498
1389 1485
1389 1513
1389 1791
1389 1842
1390 1903
1391 1452
1391 1475
1391 1736
1392 1637
1396 1609
1397 1899
1402 1446
1402 1971
1403 1475
1403 1932
1404 1482
1406 1503
1406 1833
1408 1467
1409 1873
1409 1940
1412 1428
1412 1433
1414 1448
1414 1781
1416 1508
1418 1832
1420 1496
1420 1922
1423 1902
1424 1647
1425 1655
1425 1897
1426 1744
1426 1791
1428 1519
1429 1840
1429 1921
1430 1889
1430 1904
1434 1514
1435 1537
1435 1837
1436 1592
1436 1895
1439 1913
1440 1583
1442 1628
1442 1901
1443 1841
1445 1594
1446 1612
1449 1552
1451 1679
1452 1678
1454 1492
1456 1867
1458 1521
1458 1777
1460 1505
1460 1523
1460 1947
1463 1689
1463 1783
1468 1645
1468 1693
1468 1857
1471 1735
1471 1877
1474 1561
1474 1870
1474 1980
1475 1770
1480 1744
1486 1590
1486 1597
1486 1720
1487 1900
1487 1951
1489 1704
1492 1844
1493 1938
1495 1582
1495 1771
1497 1708
1498 1710
1500 1868
1500 1979
1501 1829
1503 1731
1509 1696
1510 1706
1511 1704
1513 1943
1515 1742
1516 1764
1517 1637
1517 1880
1521 1973
1523 1982
1526 1556
1531 1880
1535 1624
1536 1638
1536 1705
1539 1822
1542 1929
1542 1978
1543 1906
1544 1931
1546 1673
1547 1794
1554 1826
1554 1843
1555 1831
1560 1754
1560 1932
1563 1873
1565 1648
1566 1920
1567 1767
1568 1771
1569 1833
1570 1746
1571 1757
1576 1800
1578 1877
1580 1807
1581 1681
1581 1983
1582 1671
1583 1773
1588 1864
1594 1672
1597 1940
1598 1704
1599 1764
1599 1799
1599 1843
1600 1611
1600 1952
1600 1983
1603 1907
1605 1687
1606 1875
1608 1757
1610 1625
1613 1706
1615 1829
1615 1920
1618 1779
1618 1980
1621 1641
1621 1702
1622 1866
1622 1938
1624 1756
1624 1967
1627 1755
1627 1822
1630 1861
1630 1886
1636 1676
1642 1991
1643 1930
1645 1741
1646 1661
1646 1727
1648 1799
1652 1882
1653 1931
1653 1952
1655 1696
1662 1961
1664 1935
1665 1760
1665 1870
1665 1959
1669 1892
1674 1895
1682 1748
1685 1924
1685 1951
1687 1768
1692 1776
1693 1921
1696 1712
1696 1981
1703 1768
1707 1879
1709 1985
1711 1930
1724 1795
1724 1936
1726 1809
1735 1751
1736 1939
1738 1803
1746 1837
1747 1966
1760 1761
1763 1913
1764 1933
1770 1957
1772 1886
1774 1918
1777 1896
1779 1949
1785 1955
1786 1889
1788 1856
1792 1922
1795 1974
1797 1864
1798 1989
1800 1816
1802 1834
1803 1915
1806 1834
1807 1885
1814 1946
1824 1985
1825 1933
1834 1915
1836 1846
1840 1887
1843 1936
1858 1945
1865 1911
1868 1988
1870 1998
1882 1979
1884 1997
1893 1968
1903 1991
1906 1992
1909 1939
1913 1961
1916 1959
1932 1965
1940 1992
1948 1986
1949 1995
