2000 3074
40
87
38
33
64
26
47
13
98
64
96
9
27
92
71
72
73
16
5
52
72
38
92
67
62
44
85
41
77
72
33
54
47
5
93
20
84
40
50
67
1
41
57
9
24
91
48
5
87
42
83
35
48
38
32
24
17
87
30
65
43
40
23
19
96
22
100
25
49
11
41
27
95
27
37
39
86
89
59
26
77
39
60
26
28
45
66
57
92
98
68
32
60
40
47
93
48
36
87
67
75
59
52
22
30
90
55
14
90
49
63
82
89
44
17
89
67
9
77
53
98
96
24
93
98
77
15
85
71
33
68
2
69
96
25
94
34
67
98
99
76
65
95
40
87
60
11
60
91
54
66
15
72
55
22
84
27
45
22
64
10
58
20
52
3
45
14
99
79
59
19
77
98
15
53
78
22
11
71
44
29
16
24
28
87
62
65
24
21
74
55
96
44
56
7
82
86
82
47
88
41
46
95
35
68
84
62
87
30
68
65
28
21
89
22
74
38
41
51
43
17
28
75
1
27
53
11
75
14
91
67
37
28
46
93
12
84
6
66
11
81
97
97
45
8
3
90
24
14
59
48
40
92
80
72
52
3
95
68
97
51
38
70
82
65
59
51
80
15
4
37
26
38
61
50
60
81
22
50
16
96
5
93
22
82
80
56
96
33
34
50
31
51
87
80
48
22
45
15
41
83
48
4
67
63
10
50
82
100
16
18
30
86
95
92
34
59
4
73
51
45
98
99
21
90
68
10
19
12
13
81
36
19
90
75
81
79
55
75
27
11
25
13
75
15
32
86
63
55
93
81
100
65
78
5
45
45
28
3
86
41
59
79
46
66
68
18
48
78
4
78
26
48
40
1
26
7
95
34
62
47
11
62
19
38
79
19
88
89
25
16
30
32
16
98
72
84
39
4
47
3
89
44
54
49
19
41
95
97
85
85
9
42
5
61
59
16
100
6
68
4
3
77
48
8
49
93
17
87
61
79
44
65
40
94
66
79
75
98
80
42
83
95
12
6
48
10
16
66
43
6
38
83
62
33
33
93
81
67
61
19
77
98
8
14
65
28
30
80
29
44
25
77
49
11
15
93
64
76
3
45
87
82
29
41
8
3
74
12
31
63
30
3
11
28
39
6
83
95
29
21
37
67
12
38
77
89
25
43
56
44
1
16
81
58
55
88
71
90
87
91
80
28
29
17
88
96
51
71
93
73
73
74
48
58
16
36
5
86
58
39
67
65
45
6
12
73
80
83
13
30
34
24
21
67
15
84
64
11
51
81
32
24
98
8
73
8
80
6
61
52
28
27
70
45
94
79
37
99
84
74
62
17
33
45
3
58
70
55
40
71
74
83
100
82
7
86
27
64
89
48
65
50
80
11
9
31
58
4
92
54
64
16
16
49
56
79
20
48
18
50
58
25
86
27
69
35
36
92
77
35
11
22
59
58
42
84
48
28
79
46
5
48
23
32
48
37
14
35
13
92
77
65
12
28
44
22
63
30
71
10
68
31
84
59
21
39
81
14
12
87
35
7
68
99
28
71
39
53
8
74
94
99
68
97
25
24
53
97
55
16
90
45
88
95
42
62
19
22
13
95
71
84
75
39
40
2
19
17
7
97
87
42
27
2
5
36
73
39
60
87
10
83
80
8
84
23
9
22
17
69
30
40
97
85
74
41
4
19
99
2
37
34
78
23
14
97
45
30
58
19
37
100
3
26
23
31
41
48
32
98
26
71
1
11
69
99
57
24
45
53
13
50
75
50
30
32
71
96
95
78
18
31
83
57
24
73
22
67
57
73
64
64
36
66
14
1
51
8
64
5
97
75
22
95
23
17
41
66
40
14
87
35
92
63
36
100
66
40
14
43
6
100
28
14
12
76
61
42
88
70
46
97
95
35
80
71
38
38
64
74
79
78
63
53
56
96
84
15
20
3
65
93
60
35
21
23
20
71
32
70
40
20
66
20
5
62
64
98
27
42
57
1
85
54
69
8
41
45
13
3
23
74
46
5
86
3
12
8
42
32
92
55
76
50
36
43
67
3
66
58
89
20
24
58
92
28
72
94
87
42
52
57
60
4
24
37
22
84
85
6
24
21
27
22
73
90
1
63
48
100
86
32
47
2
67
9
33
86
9
12
25
4
79
55
58
45
43
48
76
90
72
9
15
72
98
42
45
100
27
3
56
9
61
46
72
92
39
57
66
5
45
56
37
75
46
71
89
59
73
60
20
75
43
16
7
36
62
64
85
75
72
32
35
89
91
21
56
40
57
38
20
64
61
51
35
88
55
94
63
42
44
13
60
22
25
17
39
89
66
26
76
61
98
21
58
58
20
10
76
6
65
32
76
92
27
47
98
55
10
97
75
39
54
86
97
72
16
2
52
47
13
30
25
98
34
72
44
75
41
45
60
33
42
30
64
91
44
17
62
91
23
61
87
25
18
60
76
28
55
93
82
4
11
7
98
15
61
67
48
88
31
63
49
64
37
36
61
9
40
75
13
86
29
81
45
9
83
47
23
2
5
23
95
87
20
85
93
40
76
24
98
66
80
40
19
2
66
11
68
97
7
20
41
38
6
20
71
14
17
63
18
12
37
10
7
30
42
100
26
50
29
45
93
23
35
59
26
15
86
29
74
89
79
9
28
83
44
10
72
28
50
32
46
1
48
44
19
93
71
79
88
70
59
99
68
36
98
46
40
58
58
96
48
33
45
18
56
93
13
47
34
74
74
36
61
34
24
87
26
77
27
87
3
57
61
49
11
69
52
35
16
88
15
15
95
13
91
58
17
74
52
16
95
14
46
66
72
94
81
71
60
36
78
98
49
11
55
6
58
72
52
77
38
98
22
90
66
25
50
51
59
35
98
69
72
20
40
14
96
34
21
32
5
78
4
50
2
97
4
74
84
41
69
30
11
33
25
22
58
4
74
43
76
31
53
30
84
47
48
83
17
50
98
78
79
27
6
85
99
69
43
14
45
44
96
64
62
3
78
63
75
34
1
10
16
49
16
90
35
25
74
43
27
24
85
48
67
81
43
46
65
7
37
53
35
7
89
25
36
21
44
83
24
99
71
2
40
83
33
72
95
12
88
25
82
27
31
77
64
60
10
65
92
15
67
72
75
76
89
63
34
49
32
17
4
33
45
7
86
3
41
68
90
37
59
53
20
95
60
47
63
45
39
40
59
78
61
73
91
13
97
85
24
78
24
87
80
55
66
98
9
92
48
27
20
6
70
90
78
41
10
69
23
34
74
63
78
22
35
39
5
1
17
49
14
80
37
77
7
29
76
81
3
76
76
100
97
35
88
55
99
99
20
24
14
66
95
57
41
94
82
82
26
98
63
69
8
19
74
41
3
87
3
56
10
37
96
6
25
94
90
76
84
32
81
69
69
24
20
98
41
68
23
76
78
71
26
65
15
68
79
99
82
13
79
74
97
1
3
91
49
84
23
20
35
39
89
19
31
60
88
76
58
41
82
90
36
43
94
85
92
4
38
2
20
83
88
73
15
79
90
52
54
12
62
3
37
95
7
19
64
84
56
92
18
52
77
13
13
46
84
73
23
44
25
12
98
66
98
43
68
46
36
41
85
15
96
93
91
73
32
71
67
79
17
67
90
46
7
87
59
38
32
14
10
60
82
86
100
7
10
35
82
94
63
63
89
71
10
64
13
50
19
52
50
66
85
25
7
62
65
78
53
55
100
81
10
80
68
52
53
60
100
41
98
49
34
78
59
72
1
21
75
87
85
78
92
20
66
47
4
46
10
33
66
84
80
27
40
43
25
71
12
32
15
62
65
10
30
16
6
42
63
16
57
8
84
75
91
20
32
60
35
14
79
89
34
99
71
77
42
51
53
2
61
58
99
15
84
5
69
36
85
19
40
85
14
29
4
99
58
96
20
44
96
86
34
52
18
9
69
24
65
96
93
20
96
9
11
99
75
87
36
76
87
51
90
45
96
90
79
100
15
97
54
61
67
56
68
73
80
43
75
50
37
54
16
59
32
87
46
81
56
100
14
8
47
18
7
18
1
32
41
23
84
83
8
31
70
82
71
74
27
22
32
26
90
22
49
97
17
19
54
98
97
84
58
36
71
15
100
33
88
90
86
60
72
24
27
63
57
74
79
13
11
69
16
61
51
40
74
83
16
61
49
72
48
19
72
87
36
10
10
9
71
85
52
12
19
8
66
64
81
20
43
23
71
54
10
70
43
91
25
100
13
37
54
52
82
52
97
82
66
26
79
90
59
66
8
56
35
11
92
59
5
48
35
93
64
9
38
19
16
21
4
50
80
25
43
98
52
95
18
18
24
27
100
52
26
63
88
57
94
56
99
24
39
42
51
40
36
22
41
97
36
92
25
15
93
95
47
83
26
50
65
45
26
8
35
15
60
11
85
33
16
46
31
64
40
60
97
97
85
42
50
49
37
5
26
75
56
70
99
74
18
61
28
7
80
79
1
15
40
92
60
45
81
12
65
90
43
13
86
20
62
68
40
22
50
56
49
94
38
25
82
18
42
52
51
0 132
0 502
1 809
1 880
1 956
1 1533
1 1750
1 1775
2 515
2 1818
3 503
3 1358
3 1535
3 1564
4 24
4 1375
4 1914
5 22
5 966
5 1109
5 1291
5 1336
5 1405
6 1243
6 1765
6 1862
7 667
7 1364
8 10
8 619
9 463
9 722
9 766
9 1086
9 1492
10 1100
10 1948
11 820
11 824
11 1110
12 1555
14 354
14 1579
15 489
15 708
15 1703
16 740
16 1418
16 1946
17 117
17 163
17 183
17 1346
18 287
18 1856
19 1143
19 1173
19 1860
20 1095
20 1530
21 1213
21 1574
21 1816
22 173
22 907
22 1880
23 798
23 1722
24 273
24 355
24 442
24 742
24 1407
24 1512
25 679
25 1305
25 1374
25 1595
26 757
26 1740
27 776
27 1375
28 841
28 1324
28 1670
29 260
29 471
29 554
29 618
29 938
29 1499
29 1546
30 639
30 933
30 1100
31 662
31 1507
32 324
32 387
32 534
32 1283
33 695
33 704
33 723
33 1049
34 227
34 1635
35 139
35 203
35 384
35 448
35 744
35 813
35 1145
36 870
36 1436
37 635
37 995
37 1700
38 179
38 324
38 384
38 1431
38 1808
39 161
39 705
39 842
39 959
39 1722
40 243
41 1668
41 1882
42 69
42 623
42 1867
42 1880
43 317
43 822
43 1600
43 1629
43 1684
44 211
44 431
44 724
44 1096
44 1115
45 200
46 1344
46 1488
46 1556
46 1725
47 154
47 264
47 449
47 553
47 1042
47 1705
47 1749
48 1947
49 550
49 1010
49 1366
51 279
51 678
51 1688
51 1777
51 1929
52 175
52 647
52 1565
54 312
54 1543
55 987
55 1171
55 1773
56 303
56 451
56 538
56 975
56 1084
56 1188
56 1432
56 1714
57 496
57 724
57 1218
59 512
59 739
59 1383
59 1527
59 1591
60 469
60 1081
61 339
61 399
61 702
61 707
61 910
61 1217
61 1925
62 260
62 411
62 450
62 635
62 959
62 1282
62 1725
63 1020
63 1487
63 1526
64 1080
66 328
67 318
67 400
67 1240
67 1285
67 1386
68 1045
68 1764
69 136
69 405
69 500
69 1242
69 1514
69 1630
70 591
70 1259
71 324
71 1359
71 1479
71 1818
71 1914
72 468
72 734
72 1624
73 314
73 1504
73 1602
73 1611
74 518
74 798
75 733
75 842
76 1743
77 375
77 1088
78 729
78 1179
78 1361
79 178
79 424
79 1258
79 1550
80 257
80 374
80 562
80 707
80 1333
81 659
81 736
81 920
81 1247
81 1841
82 561
82 1285
83 477
83 1483
83 1640
84 145
85 189
85 578
85 1233
85 1590
86 203
87 135
87 964
87 1505
87 1630
87 1669
87 1967
87 1978
88 752
89 348
89 689
90 332
90 852
90 1349
90 1423
90 1885
91 1579
92 1758
93 879
93 1154
93 1792
94 581
94 1867
95 210
95 792
95 1929
96 715
96 766
96 1569
97 225
97 674
98 617
98 923
98 1513
98 1938
100 1547
101 518
101 784
101 809
101 823
101 1354
102 412
102 1592
103 139
103 262
104 958
104 1086
105 797
105 1559
106 915
106 1674
106 1919
107 787
107 1005
107 1106
107 1220
107 1265
108 529
109 181
109 275
109 854
109 1610
109 1650
109 1659
111 1746
112 1401
112 1793
113 136
113 437
113 852
113 1126
114 192
114 409
114 1833
115 202
115 799
115 1046
115 1395
115 1781
116 346
116 494
116 1085
117 284
117 676
117 785
117 1302
118 325
118 455
118 1571
119 532
119 928
119 1115
120 679
120 759
122 1026
122 1935
122 1953
123 701
124 283
124 569
124 641
124 1978
125 745
125 1339
125 1662
125 1710
126 686
126 1405
126 1531
127 879
128 189
128 213
129 250
129 304
129 967
129 1030
129 1432
130 920
130 1208
131 949
131 1051
132 1104
132 1131
132 1436
132 1603
133 184
133 1152
133 1244
134 1889
134 1988
135 457
135 470
135 860
135 893
136 803
136 1216
136 1228
137 378
137 758
137 858
138 700
138 814
138 1209
138 1620
139 355
139 782
140 167
140 596
140 1526
140 1733
141 273
141 954
142 174
142 756
142 793
143 819
143 1072
143 1396
144 772
145 958
145 1248
146 227
146 939
146 988
146 1530
146 1824
146 1898
147 358
147 763
148 841
148 909
148 1465
148 1598
149 912
150 165
150 998
150 1582
151 1727
151 1809
151 1959
153 1024
154 841
154 1487
155 375
155 1355
155 1921
156 195
156 1405
157 496
158 704
158 1141
159 723
159 1236
160 1733
160 1912
161 327
161 516
161 807
161 1767
162 1077
162 1146
162 1480
162 1895
163 326
164 898
164 1161
165 212
165 551
165 1467
165 1533
166 270
166 343
166 1207
166 1257
167 829
167 875
167 916
167 1235
167 1436
167 1808
168 920
168 1024
168 1284
169 1780
170 173
170 471
170 1263
170 1960
171 283
171 737
171 740
171 1355
171 1769
172 420
172 761
173 496
174 305
174 1421
174 1494
175 581
175 606
175 1271
176 619
176 1051
177 1125
178 776
178 991
178 1048
178 1134
178 1853
179 249
179 622
179 774
179 1308
179 1523
180 418
180 1527
181 1186
182 626
182 729
182 997
182 998
182 1282
183 467
183 482
183 699
183 798
183 1625
185 1460
185 1821
186 210
186 975
186 1940
187 442
187 1602
188 630
189 1010
190 983
191 541
191 1304
192 349
192 616
193 206
193 698
193 1986
194 289
194 1817
195 361
195 1125
195 1756
196 336
197 361
197 1815
199 426
199 1246
199 1263
199 1524
200 335
200 1826
200 1831
201 554
201 1151
201 1796
201 1805
201 1971
201 1985
203 1067
203 1319
204 542
204 816
204 997
204 1206
205 1246
205 1639
205 1890
205 1996
206 1467
206 1912
207 238
207 444
207 553
207 597
207 1236
207 1286
207 1954
208 237
209 1715
210 546
210 889
210 1073
210 1776
210 1857
211 329
211 359
211 715
211 739
211 1006
211 1899
212 227
212 1798
214 511
215 1579
216 909
216 1196
217 576
217 1582
218 525
218 1638
219 1491
220 1213
220 1412
220 1967
222 842
222 1549
222 1626
222 1687
222 1973
223 972
224 1022
224 1413
224 1499
224 1749
224 1763
227 567
227 944
227 959
227 1781
228 382
228 494
228 1246
228 1319
228 1894
229 394
229 867
229 1172
229 1333
229 1814
230 717
230 1151
230 1252
230 1908
230 1934
231 669
231 1353
231 1468
232 1046
232 1103
232 1826
233 1303
235 270
235 1378
235 1790
236 1229
237 940
237 1465
237 1663
237 1979
238 523
238 919
238 1037
238 1459
239 264
239 605
241 651
241 659
241 1056
242 657
242 1429
243 335
243 902
243 975
243 1220
243 1505
243 1746
244 402
244 847
246 671
246 1418
246 1466
247 666
247 1010
247 1901
247 1933
248 274
248 1286
249 380
249 521
249 702
250 603
250 1429
250 1844
251 326
252 1808
253 579
253 1117
253 1660
254 271
254 709
254 1664
254 1682
255 409
255 455
255 1746
256 472
256 1438
257 1283
257 1285
257 1471
257 1820
258 1036
258 1324
258 1597
258 1895
259 997
260 511
260 801
261 906
261 1207
261 1508
261 1676
262 290
262 317
262 562
262 690
262 1382
262 1639
262 1885
263 1088
263 1683
263 1893
263 1987
265 316
265 1560
265 1747
266 585
267 486
267 1196
267 1257
267 1680
267 1887
268 527
268 768
268 1212
269 1329
269 1507
269 1621
270 362
270 1319
270 1331
271 711
271 803
272 1649
272 1824
273 423
273 707
273 997
273 1210
273 1254
273 1446
274 651
274 980
274 1003
274 1171
274 1178
274 1468
274 1976
275 872
275 1022
275 1589
275 1868
275 1979
276 430
276 1507
276 1901
277 1821
279 437
279 647
280 539
280 575
280 956
281 712
281 757
281 1012
281 1499
284 635
284 1053
284 1312
285 517
285 867
285 1056
286 813
286 880
286 1264
286 1428
286 1677
287 338
287 696
287 729
287 1349
288 999
288 1986
289 522
290 490
290 1649
292 949
292 1491
292 1623
293 768
293 1827
294 1382
294 1570
295 777
295 1350
295 1415
295 1992
296 767
296 1568
297 521
297 1227
297 1503
298 657
298 843
298 1710
299 497
299 959
300 385
300 1115
301 1729
302 894
302 1590
302 1684
303 1148
303 1379
304 379
304 896
304 1535
304 1988
305 735
305 867
305 1270
305 1846
306 350
306 372
306 1358
307 580
308 322
308 977
308 1103
308 1236
308 1380
308 1890
309 639
309 891
309 1080
310 663
310 1914
311 375
312 1178
313 546
313 1600
313 1992
314 690
314 1587
314 1915
315 1923
316 637
316 956
316 1570
316 1655
318 394
318 874
318 1247
319 993
319 1146
319 1327
320 1517
320 1819
321 1389
321 1875
322 496
323 1304
323 1854
324 499
324 545
324 917
324 1170
324 1345
325 971
325 1279
325 1673
326 573
326 612
326 1516
326 1960
327 342
327 1350
328 416
328 874
328 1435
328 1898
329 514
329 1196
329 1380
329 1679
329 1965
330 1569
331 507
331 525
331 1408
331 1601
331 1923
332 698
332 1772
333 685
333 885
333 998
334 814
334 1894
335 1026
336 1048
336 1584
338 500
338 789
338 1180
338 1846
339 1336
340 1511
342 1449
343 361
343 1113
344 1711
345 1947
346 610
346 1060
347 1581
347 1693
347 1854
348 779
349 671
349 916
349 1408
350 805
350 855
350 1830
350 1856
351 871
351 1462
351 1522
351 1864
351 1962
351 1996
353 914
353 1204
353 1678
353 1924
354 1391
354 1738
355 518
356 524
356 728
356 1861
357 967
357 1777
358 462
358 610
358 685
358 1133
358 1238
359 394
359 1769
359 1976
360 715
360 1487
361 814
361 1117
361 1189
361 1592
363 975
363 994
363 1755
363 1814
363 1819
364 519
364 700
364 983
364 1260
364 1536
364 1969
365 442
365 570
365 1049
365 1784
365 1898
367 409
367 1251
369 433
369 946
369 1238
369 1468
371 750
371 1306
371 1835
372 648
372 965
372 998
372 1278
372 1606
372 1942
373 560
373 1505
373 1561
373 1947
374 800
374 974
374 1235
374 1663
374 1688
375 510
375 1703
376 972
376 1068
376 1368
376 1539
376 1703
376 1863
377 1230
377 1349
378 614
378 617
378 1140
378 1907
378 1920
379 590
379 1305
379 1509
381 454
381 728
383 830
383 964
383 1069
384 548
384 1554
384 1685
385 982
385 1498
386 951
386 1287
386 1608
387 1228
387 1875
388 1007
389 405
389 577
389 981
389 1486
389 1853
390 853
390 973
391 513
391 578
391 609
392 930
392 1638
393 663
393 1228
394 499
395 1724
395 1851
396 425
396 442
396 471
396 1177
396 1206
396 1221
396 1539
396 1767
397 1012
397 1233
397 1728
397 1832
397 1996
398 933
398 1113
398 1654
398 1674
399 673
399 1482
399 1763
401 759
401 1733
402 1046
402 1253
402 1353
402 1406
402 1544
402 1974
403 707
403 1206
403 1546
403 1717
403 1900
404 792
404 1095
404 1544
404 1600
404 1719
404 1993
405 838
405 916
405 1452
407 726
407 1039
407 1234
407 1305
408 1057
408 1067
408 1180
409 1037
409 1059
409 1213
409 1681
409 1942
410 554
411 1135
411 1550
412 1028
412 1807
412 1824
413 1861
413 1865
416 1254
416 1289
416 1925
417 500
417 1430
417 1622
418 1061
418 1186
418 1876
419 662
419 821
420 1253
421 740
421 1125
422 1042
423 505
423 1742
424 524
424 1187
425 465
425 1134
425 1388
425 1812
425 1881
426 594
426 1055
426 1277
427 1244
428 562
428 1245
428 1274
430 572
430 1131
430 1404
430 1464
431 501
431 887
431 1455
431 1887
431 1955
432 828
432 1488
433 1432
433 1641
434 1024
434 1602
435 731
435 1261
435 1985
436 644
436 1057
436 1123
436 1668
437 559
437 579
437 761
437 868
437 1401
438 454
438 615
438 1040
438 1429
439 902
439 1013
439 1160
439 1894
440 480
440 1114
441 597
441 1080
442 1426
443 623
443 913
443 1453
443 1727
444 1314
444 1767
445 626
445 885
445 1478
445 1697
447 1281
447 1908
449 472
449 532
449 1422
450 960
451 1020
451 1168
452 525
452 701
452 738
452 1280
452 1342
453 472
453 967
453 1927
454 1207
454 1996
455 1164
455 1313
456 1263
457 1407
458 1220
459 919
460 746
460 1064
460 1622
460 1759
461 943
461 1602
461 1982
462 944
463 1503
465 487
465 907
465 1132
465 1395
466 1422
467 620
467 1090
467 1097
467 1154
467 1220
467 1420
468 1354
469 653
469 1547
469 1965
470 1257
470 1883
471 899
471 1635
472 529
472 844
473 1078
473 1555
474 784
474 952
475 683
475 1032
475 1801
476 1347
477 687
478 1172
478 1919
479 1495
479 1590
480 811
480 1114
480 1236
481 495
481 882
481 949
481 967
482 928
482 1203
482 1912
483 1454
483 1882
484 699
484 816
484 1770
485 959
485 1241
485 1589
485 1643
485 1886
486 504
486 1227
486 1364
486 1470
486 1481
486 1887
487 767
487 1845
489 1015
489 1086
490 1542
491 1139
493 884
494 1100
496 538
497 548
497 586
497 886
497 1472
498 708
498 1519
498 1844
498 1871
499 1262
500 1045
500 1263
500 1322
501 1268
502 634
502 932
502 1309
502 1347
502 1962
503 1072
503 1095
503 1286
503 1652
505 709
505 732
505 737
505 949
505 1691
506 1167
507 609
507 1115
507 1436
507 1876
508 791
508 1250
508 1552
508 1987
509 549
509 1212
511 1072
511 1675
512 803
513 1112
513 1161
514 529
514 1316
514 1372
514 1617
514 1724
514 1761
515 1261
515 1436
515 1920
516 949
516 999
516 1833
518 575
518 1324
518 1911
518 1975
519 537
519 1528
519 1810
520 797
520 1836
521 1079
521 1348
522 1237
522 1407
522 1425
523 658
523 939
523 1328
524 1254
525 561
526 531
526 976
526 985
526 1270
527 1416
528 664
528 1918
530 842
530 1143
530 1263
530 1657
532 930
532 1302
532 1400
532 1630
533 1091
533 1259
533 1268
533 1967
535 703
535 1370
535 1867
536 830
536 948
536 1544
536 1992
537 636
539 693
539 703
539 799
539 1202
539 1309
539 1548
541 757
541 997
541 1014
541 1331
542 1925
543 1010
544 1609
545 1264
545 1732
546 593
546 730
546 1363
546 1621
547 1627
548 1764
548 1872
550 718
550 1389
550 1597
550 1727
550 1892
551 764
551 1337
551 1786
553 738
553 797
553 1895
554 1402
554 1793
555 940
555 1453
555 1728
556 956
556 1130
556 1848
556 1876
557 1037
557 1128
557 1991
558 1322
558 1732
558 1947
559 1308
559 1555
559 1567
559 1597
559 1683
559 1937
559 1995
560 968
560 1137
560 1866
561 1632
562 1895
563 893
564 1334
565 1094
565 1200
566 627
566 961
566 972
567 944
567 1717
567 1871
568 593
568 1517
568 1903
569 1258
569 1520
570 1029
570 1413
570 1463
572 599
572 991
572 1250
572 1476
572 1553
573 1031
573 1721
573 1784
574 652
574 802
575 704
575 1255
576 869
576 1041
576 1953
577 583
578 718
578 1353
578 1365
579 1444
579 1948
580 1417
581 1206
582 671
582 967
582 1512
582 1611
582 1639
582 1728
583 1026
583 1384
584 660
584 1109
585 1244
585 1822
586 1909
587 1074
587 1275
588 949
588 1320
588 1652
588 1860
589 700
589 1560
590 796
592 1230
593 894
593 959
593 1374
593 1400
594 627
594 806
594 1117
595 953
595 1069
596 611
596 1967
598 680
598 1049
598 1432
599 649
599 1562
600 601
600 929
600 1068
600 1299
601 727
601 742
601 1144
601 1566
601 1880
601 1890
602 633
602 1227
603 1047
603 1517
603 1777
604 952
604 1397
605 1297
605 1562
605 1988
606 785
607 1727
608 935
608 1700
608 1745
609 625
609 724
609 877
609 925
609 1936
610 848
610 1431
612 862
612 925
612 1009
612 1030
613 1095
613 1208
614 1145
614 1364
614 1593
614 1749
614 1954
615 960
615 1080
615 1349
616 786
617 641
617 693
617 1029
617 1498
617 1924
618 787
618 904
618 1158
618 1539
619 918
619 1832
620 1375
620 1802
621 1256
622 909
623 807
623 1914
624 981
624 1473
624 1809
624 1949
625 1849
626 925
626 1096
626 1964
627 1695
627 1833
628 664
628 1392
629 1420
630 1312
630 1836
631 1283
631 1846
632 1114
632 1196
632 1626
632 1891
633 1656
633 1667
634 699
634 918
634 1025
634 1197
634 1458
635 1499
636 658
638 1560
638 1574
640 1616
640 1803
641 1564
642 663
642 736
642 860
642 1282
642 1433
643 1411
643 1500
643 1535
644 962
645 1089
645 1161
645 1679
645 1724
646 838
646 1598
646 1774
647 1386
647 1409
648 754
648 764
648 1418
648 1858
649 782
650 1369
650 1373
650 1622
651 1064
652 760
653 912
653 1515
654 722
654 1261
654 1583
654 1811
654 1917
655 826
656 1186
657 970
657 1340
658 1051
658 1635
658 1959
659 1281
660 1983
662 981
662 1081
663 928
663 1054
664 997
665 1324
665 1653
666 1775
667 1442
668 690
668 965
668 1155
669 781
669 820
669 1340
671 1639
671 1647
672 890
673 858
673 986
673 1764
673 1996
674 1732
674 1853
675 754
676 1156
676 1513
677 1693
678 825
679 1672
679 1768
680 1645
680 1839
681 1092
681 1251
681 1305
682 1372
682 1549
682 1733
683 811
683 1358
683 1404
683 1646
683 1712
683 1819
684 1315
684 1649
685 805
685 1743
685 1757
686 1205
686 1826
686 1990
687 796
687 923
688 1760
688 1871
688 1912
689 951
690 1039
690 1313
690 1869
691 1667
691 1819
692 705
692 1395
692 1490
693 751
693 1385
694 929
694 1296
695 997
696 804
697 1532
697 1538
698 1370
699 1284
700 1015
701 1128
701 1922
702 1144
703 796
703 1492
704 1452
704 1525
706 770
706 776
706 1303
706 1762
706 1901
707 1059
707 1437
707 1734
709 1067
710 1054
710 1678
710 1761
711 912
711 1557
711 1998
713 927
713 1300
715 906
715 1184
715 1442
715 1634
715 1885
716 805
716 1937
717 1078
717 1154
718 1620
719 1325
719 1801
720 1387
720 1795
721 1160
721 1309
722 821
722 1328
722 1633
724 1523
724 1682
725 1883
726 1062
727 1324
728 810
728 1703
729 1613
730 752
730 1172
730 1383
730 1487
730 1609
731 1443
731 1518
731 1561
732 933
732 1240
732 1258
733 1538
734 776
734 916
734 931
734 1077
734 1621
734 1797
734 1885
735 845
735 1302
735 1612
739 1257
740 1821
741 1070
742 853
742 1150
743 831
744 1022
744 1476
745 1065
745 1233
745 1420
745 1696
746 1929
747 1668
750 937
750 938
751 1377
752 1418
752 1795
753 929
753 1645
754 1043
754 1293
755 1080
755 1348
756 1408
757 1818
761 804
762 1166
762 1760
763 859
764 814
764 1171
765 1230
765 1766
766 873
767 1126
767 1189
768 1455
769 1173
770 807
770 1219
770 1623
770 1776
771 1011
771 1238
772 1139
772 1249
772 1550
773 780
773 1532
776 798
776 1790
778 795
778 1138
779 998
780 822
780 1775
781 914
781 1224
781 1426
781 1495
782 1022
782 1699
783 1080
783 1877
784 1032
784 1116
786 1620
786 1849
787 1686
788 1191
788 1284
788 1902
789 1105
790 1299
790 1620
790 1809
790 1872
791 966
791 1505
791 1548
792 1030
792 1376
793 1220
793 1445
793 1596
794 1265
795 1405
795 1590
795 1615
795 1714
795 1928
797 975
797 1418
797 1707
798 1518
798 1920
799 1783
799 1808
801 1192
801 1446
801 1695
803 1212
803 1271
803 1293
803 1389
803 1539
803 1925
803 1998
804 924
804 1711
806 1111
806 1345
807 933
807 1152
808 1563
810 1422
812 1645
813 1005
813 1059
813 1443
814 1327
814 1680
815 1451
816 975
816 1297
816 1400
817 1442
817 1485
817 1976
818 1545
818 1878
819 1364
820 1805
821 1153
821 1322
822 1119
822 1155
822 1198
822 1716
822 1870
823 1741
825 1356
826 1953
826 1963
827 1721
828 1444
829 1156
829 1297
830 1287
830 1788
831 1497
831 1861
832 1241
832 1322
832 1398
832 1502
833 1236
833 1253
833 1796
834 1063
835 1574
836 1364
837 1199
837 1260
837 1395
838 1461
838 1960
839 1776
839 1922
840 1018
840 1470
840 1663
840 1695
842 915
842 1639
843 1265
843 1283
843 1859
844 1261
844 1599
846 1585
847 983
847 1814
848 1718
849 1031
851 980
852 1245
854 917
854 1053
854 1701
855 1341
855 1361
855 1435
855 1981
856 1532
857 1038
857 1742
859 1531
859 1614
859 1823
859 1945
860 1052
861 1879
862 1022
862 1576
862 1692
863 1340
863 1795
864 1191
864 1739
865 1107
866 1428
866 1711
866 1816
866 1902
867 1784
869 978
869 1414
870 1432
870 1957
871 1261
871 1722
873 927
873 1199
873 1677
874 1777
875 1392
876 1568
876 1681
876 1822
877 1167
877 1369
877 1691
877 1752
878 1005
879 1416
879 1706
880 1091
880 1526
881 930
881 1387
881 1931
881 1972
882 1662
882 1731
883 891
883 1072
883 1223
883 1318
884 1148
884 1301
884 1687
884 1770
884 1925
885 1012
885 1283
885 1484
885 1615
886 941
888 1212
888 1498
888 1583
888 1686
889 1541
889 1948
890 1182
891 1509
891 1948
893 1123
893 1238
894 1425
895 1737
896 1444
896 1978
897 1087
897 1549
897 1882
899 1352
900 1630
900 1721
902 926
902 1125
902 1373
902 1409
903 914
903 1631
904 1276
904 1384
905 1156
905 1336
906 1419
907 1086
907 1322
908 958
908 1244
908 1279
909 958
909 1213
910 1038
910 1870
911 1143
912 1524
912 1655
913 921
913 1420
913 1582
914 915
914 1018
914 1618
916 1400
917 1438
918 1507
918 1533
920 1228
921 1995
922 944
924 958
925 1140
925 1263
925 1381
925 1665
926 1085
926 1116
926 1191
926 1376
927 1656
929 1585
929 1932
929 1965
930 1113
930 1301
930 1757
932 1102
932 1257
932 1708
932 1720
932 1883
933 1707
933 1982
934 935
934 1500
934 1910
935 1115
935 1413
937 1016
939 1113
939 1343
939 1477
939 1909
940 962
941 1017
941 1925
942 1122
942 1926
943 1028
944 1654
944 1739
944 1839
944 1941
945 1188
946 1596
946 1651
947 999
947 1330
947 1562
948 1133
948 1361
948 1735
949 1242
949 1904
950 992
950 1609
951 1425
951 1738
952 1257
952 1401
953 1228
953 1301
955 1023
955 1025
955 1055
956 1532
958 1087
958 1185
958 1440
958 1532
958 1735
959 1314
959 1744
959 1984
959 1999
961 1275
962 1874
963 1297
963 1762
966 1855
967 1293
967 1307
967 1881
968 992
968 1066
968 1404
968 1605
970 1698
970 1999
971 1565
972 1162
973 1083
973 1163
974 1099
974 1110
974 1543
975 1575
976 1107
976 1146
976 1525
976 1555
976 1930
977 1157
978 1645
978 1869
979 1020
979 1067
980 1491
980 1893
981 1107
981 1490
982 1455
982 1940
983 1192
983 1202
983 1621
984 1278
984 1381
985 1020
985 1060
986 1269
987 1004
988 1585
988 1783
989 1047
989 1395
989 1397
990 1015
990 1379
990 1584
990 1938
990 1978
991 1208
991 1559
992 1497
992 1731
994 1473
994 1790
996 1442
996 1627
997 1287
997 1961
998 1379
999 1015
999 1162
999 1835
999 1919
1001 1044
1001 1471
1001 1640
1002 1018
1002 1146
1003 1581
1004 1826
1005 1350
1005 1702
1005 1852
1007 1526
1008 1776
1009 1214
1010 1263
1011 1761
1013 1497
1014 1324
1014 1333
1014 1747
1015 1141
1015 1425
1016 1696
1017 1259
1017 1818
1018 1711
1019 1402
1019 1955
1020 1122
1021 1066
1023 1588
1024 1344
1025 1057
1026 1408
1027 1173
1027 1596
1028 1335
1028 1453
1029 1048
1029 1084
1029 1654
1029 1884
1029 1886
1030 1245
1030 1279
1030 1691
1031 1360
1031 1470
1032 1350
1032 1526
1032 1954
1034 1267
1037 1497
1037 1671
1037 1958
1038 1418
1039 1056
1040 1317
1042 1879
1044 1461
1044 1885
1044 1915
1045 1957
1046 1536
1047 1159
1047 1245
1048 1511
1048 1874
1051 1251
1053 1315
1053 1353
1053 1796
1054 1147
1054 1312
1055 1146
1055 1996
1058 1753
1058 1830
1061 1293
1062 1110
1062 1543
1062 1812
1063 1483
1064 1291
1066 1602
1067 1086
1067 1326
1067 1444
1068 1932
1069 1796
1070 1222
1070 1593
1070 1982
1071 1927
1073 1533
1074 1102
1075 1985
1076 1415
1076 1521
1076 1976
1078 1542
1078 1902
1079 1409
1079 1939
1080 1367
1080 1794
1081 1181
1081 1223
1081 1722
1081 1755
1082 1952
1083 1237
1083 1623
1085 1196
1086 1519
1086 1916
1087 1886
1088 1205
1089 1289
1089 1595
1090 1370
1091 1686
1092 1880
1092 1997
1093 1589
1093 1839
1096 1115
1097 1779
1098 1693
1100 1151
1100 1245
1100 1827
1101 1269
1101 1631
1102 1228
1102 1350
1103 1755
1104 1429
1104 1434
1105 1210
1105 1444
1107 1714
1108 1933
1109 1217
1109 1420
1110 1318
1110 1434
1110 1700
1111 1689
1112 1517
1113 1204
1113 1443
1113 1603
1114 1431
1114 1641
1114 1759
1114 1867
1115 1876
1115 1880
1116 1872
1117 1749
1119 1965
1120 1672
1121 1185
1122 1382
1122 1493
1123 1416
1124 1150
1124 1344
1125 1849
1125 1947
1126 1950
1127 1798
1128 1807
1129 1971
1133 1661
1133 1853
1134 1409
1134 1531
1134 1770
1134 1910
1135 1540
1135 1865
1136 1795
1137 1351
1139 1263
1140 1703
1141 1504
1141 1920
1143 1401
1144 1627
1148 1172
1149 1820
1150 1514
1150 1687
1150 1789
1151 1508
1151 1525
1151 1667
1152 1278
1152 1756
1152 1840
1153 1524
1153 1599
1154 1292
1154 1416
1156 1873
1157 1243
1157 1954
1158 1647
1158 1855
1159 1882
1160 1713
1162 1356
1162 1402
1165 1188
1165 1906
1166 1786
1166 1926
1169 1385
1171 1222
1171 1952
1172 1398
1173 1654
1173 1870
1174 1697
1175 1348
1175 1502
1175 1925
1176 1640
1177 1556
1178 1943
1179 1473
1179 1805
1180 1765
1180 1893
1181 1201
1181 1203
1181 1590
1182 1274
1182 1610
1182 1980
1183 1222
1186 1877
1188 1289
1189 1604
1190 1510
1190 1620
1190 1764
1190 1850
1190 1872
1191 1267
1191 1442
1191 1534
1192 1771
1193 1908
1196 1198
1196 1266
1196 1518
1196 1740
1197 1459
1198 1477
1198 1678
1198 1726
1199 1560
1199 1964
1200 1510
1201 1736
1202 1839
1203 1505
1203 1570
1204 1731
1204 1857
1205 1842
1205 1902
1206 1834
1207 1435
1207 1671
1208 1585
1208 1977
1210 1287
1211 1946
1212 1457
1212 1636
1212 1785
1213 1951
1214 1306
1214 1353
1216 1515
1216 1662
1216 1756
1216 1872
1217 1219
1217 1767
1218 1379
1218 1807
1219 1611
1220 1556
1221 1569
1221 1583
1222 1595
1222 1861
1224 1628
1224 1667
1225 1395
1225 1459
1226 1351
1226 1636
1227 1311
1229 1958
1230 1468
1231 1235
1231 1972
1232 1852
1233 1338
1233 1895
1234 1240
1234 1692
1234 1913
1235 1607
1235 1773
1236 1605
1239 1701
1239 1940
1240 1705
1240 1987
1242 1525
1242 1870
1245 1298
1245 1345
1246 1259
1247 1784
1247 1801
1248 1465
1249 1833
1250 1784
1250 1867
1252 1654
1252 1765
1254 1460
1254 1645
1255 1512
1255 1642
1256 1838
1256 1979
1258 1387
1258 1472
1258 1491
1258 1710
1258 1757
1259 1361
1259 1415
1259 1512
1259 1766
1261 1288
1261 1644
1261 1749
1264 1394
1264 1573
1267 1730
1267 1965
1268 1600
1268 1700
1268 1826
1269 1408
1269 1808
1271 1953
1273 1465
1274 1964
1275 1793
1280 1502
1280 1626
1281 1772
1282 1424
1282 1782
1283 1458
1283 1477
1284 1524
1286 1298
1287 1329
1287 1902
1288 1715
1288 1732
1289 1379
1291 1362
1291 1783
1291 1944
1292 1376
1294 1864
1295 1982
1296 1355
1299 1341
1300 1514
1300 1607
1301 1316
1302 1629
1303 1655
1304 1429
1307 1773
1312 1688
1313 1455
1315 1402
1315 1761
1315 1977
1318 1734
1319 1700
1321 1894
1321 1954
1322 1648
1325 1518
1327 1372
1327 1587
1327 1958
1328 1783
1329 1594
1330 1718
1330 1879
1330 1971
1331 1609
1332 1863
1333 1338
1333 1376
1333 1569
1333 1679
1336 1357
1336 1505
1338 1568
1338 1740
1338 1874
1339 1847
1341 1428
1341 1512
1341 1745
1344 1410
1345 1684
1346 1613
1348 1779
1348 1977
1349 1439
1350 1417
1350 1478
1352 1707
1352 1817
1353 1682
1353 1924
1354 1662
1354 1993
1358 1685
1359 1368
1360 1436
1360 1764
1360 1834
1362 1572
1362 1741
1362 1785
1362 1842
1363 1575
1363 1680
1366 1569
1366 1982
1367 1730
1369 1867
1371 1542
1377 1479
1377 1666
1377 1850
1377 1917
1378 1503
1380 1830
1380 1852
1380 1998
1381 1866
1383 1933
1384 1598
1384 1939
1385 1719
1387 1460
1387 1735
1391 1541
1391 1666
1392 1755
1394 1997
1395 1963
1396 1865
1397 1466
1397 1503
1397 1789
1398 1690
1399 1817
1401 1519
1402 1873
1403 1585
1403 1717
1405 1552
1406 1539
1406 1938
1408 1602
1409 1468
1409 1483
1409 1708
1412 1442
1412 1660
1412 1799
1413 1636
1413 1871
1417 1617
1418 1983
1419 1707
1420 1488
1421 1847
1422 1685
1422 1846
1423 1733
1423 1839
1424 1436
1426 1428
1426 1516
1426 1668
1426 1874
1427 1633
1427 1774
1430 1955
1432 1537
1433 1546
1436 1632
1436 1929
1442 1572
1444 1850
1444 1997
1446 1510
1447 1690
1447 1808
1449 1786
1450 1616
1451 1943
1452 1865
1455 1710
1456 1810
1457 1660
1459 1663
1464 1806
1465 1883
1467 1803
1467 1804
1467 1971
1470 1925
1472 1504
1472 1653
1472 1993
1473 1631
1475 1576
1475 1616
1475 1936
1479 1600
1479 1836
1482 1587
1484 1646
1485 1813
1488 1626
1491 1793
1492 1717
1492 1988
1493 1658
1493 1911
1494 1722
1495 1693
1497 1698
1497 1714
1497 1844
1499 1902
1502 1503
1503 1641
1503 1858
1503 1929
1504 1836
1508 1555
1510 1702
1511 1538
1511 1600
1512 1619
1512 1796
1517 1658
1520 1714
1529 1654
1534 1952
1535 1735
1536 1623
1537 1582
1537 1672
1537 1678
1537 1916
1538 1966
1540 1558
1541 1684
1541 1731
1542 1695
1543 1894
1544 1762
1552 1559
1554 1584
1555 1681
1555 1690
1557 1717
1558 1573
1558 1686
1558 1741
1558 1776
1558 1994
1559 1906
1561 1898
1563 1615
1563 1825
1563 1950
1563 1966
1565 1645
1565 1811
1566 1692
1566 1703
1566 1931
1570 1789
1571 1913
1572 1748
1572 1940
1573 1660
1573 1868
1576 1979
1580 1798
1582 1679
1584 1796
1585 1735
1588 1792
1589 1642
1589 1725
1591 1870
1599 1731
1601 1724
1601 1981
1601 1999
1608 1614
1608 1719
1608 1939
1609 1937
1612 1721
1612 1968
1614 1996
1615 1695
1616 1891
1617 1977
1620 1872
1622 1937
1623 1994
1624 1792
1624 1828
1625 1995
1626 1944
1626 1992
1627 1758
1627 1829
1629 1737
1632 1912
1633 1685
1633 1955
1635 1785
1640 1833
1641 1666
1644 1702
1645 1659
1649 1860
1650 1849
1652 1863
1653 1741
1653 1812
1654 1815
1654 1937
1658 1978
1662 1866
1662 1907
1664 1929
1665 1692
1665 1928
1667 1676
1667 1976
1670 1771
1673 1675
1673 1735
1673 1873
1676 1825
1677 1680
1678 1892
1680 1825
1680 1895
1681 1702
1683 1704
1684 1975
1685 1877
1688 1730
1689 1694
1690 1882
1695 1934
1697 1855
1697 1916
1698 1746
1699 1986
1702 1902
1707 1943
1712 1758
1712 1875
1713 1900
1714 1779
1716 1915
1717 1819
1719 1973
1721 1944
1723 1796
1729 1732
1734 1822
1737 1998
1738 1796
1743 1984
1745 1928
1749 1779
1751 1919
1753 1879
1756 1989
1757 1776
1758 1980
1759 1779
1763 1823
1771 1790
1772 1848
1781 1975
1787 1838
1788 1921
1797 1921
1804 1930
1824 1884
1826 1914
1837 1930
1840 1900
1842 1852
1846 1977
1858 1899
1858 1945
1881 1899
1920 1922
1938 1939
1952 1953
1954 1970
1979 1983
