200 407
33
41
91
20
29
39
41
51
40
99
25
64
68
10
57
26
60
8
44
61
48
31
40
68
28
15
22
58
14
14
100
5
6
13
3
60
36
34
73
71
97
93
26
13
48
60
81
88
48
28
70
43
15
62
44
69
85
12
55
14
58
66
98
37
71
39
38
95
82
38
100
85
84
28
75
8
44
68
53
75
52
67
69
8
38
39
38
92
17
57
51
46
61
20
70
35
59
27
14
75
65
14
51
44
48
1
77
44
54
19
30
61
85
91
86
56
5
96
68
61
76
46
63
95
83
9
60
69
47
64
18
60
89
89
85
100
74
82
63
50
87
16
13
25
63
82
30
96
74
61
55
32
42
17
77
40
57
20
40
17
25
15
11
67
65
43
97
47
48
85
98
55
82
24
21
53
89
50
2
90
15
84
84
66
69
84
77
8
52
86
19
26
25
33
8
59
96
5
85
75
0 38
0 68
0 185
1 37
1 53
1 90
1 147
2 62
2 94
3 6
3 78
3 143
3 189
4 11
4 28
4 77
5 73
5 160
5 170
6 21
6 119
6 149
6 161
6 175
6 192
7 8
7 99
7 176
8 27
8 188
9 50
9 111
10 23
10 46
10 119
10 140
10 193
11 53
11 85
11 92
11 123
11 143
11 162
12 15
12 48
12 64
12 89
12 121
12 163
12 192
13 15
13 23
13 99
13 100
13 139
13 171
13 184
14 26
14 128
15 128
15 170
15 192
16 36
16 99
16 124
16 180
17 65
17 92
17 114
18 151
19 77
19 175
20 170
21 44
21 46
21 84
21 164
22 24
22 29
22 86
22 178
23 39
23 49
23 75
23 95
23 104
23 170
23 191
24 45
24 65
24 66
24 120
24 193
25 165
25 186
25 193
25 194
26 121
27 58
27 161
27 179
28 34
28 64
28 81
29 63
29 65
29 66
29 141
30 89
30 94
30 189
31 50
31 147
31 167
32 63
32 74
32 93
32 112
32 187
33 35
33 69
33 198
34 70
34 114
34 165
35 75
35 117
36 197
37 83
37 151
37 174
37 179
37 189
37 198
38 72
38 87
38 128
38 165
38 171
39 67
39 86
39 131
39 132
39 154
39 187
39 189
40 109
40 124
40 131
41 71
41 149
43 111
43 123
44 123
44 184
45 91
45 131
46 70
46 76
46 193
47 114
47 147
47 161
48 61
48 128
49 63
49 119
49 172
49 188
50 147
51 160
51 179
52 57
52 71
52 86
53 141
53 190
54 80
54 113
54 139
54 163
54 179
54 196
54 199
55 122
55 135
56 90
56 97
56 140
56 148
58 95
58 124
58 127
58 160
58 165
58 167
59 176
59 195
60 66
60 68
60 69
60 101
60 107
61 188
63 91
63 118
63 181
63 192
64 85
64 130
64 166
64 170
64 172
66 68
66 76
66 142
66 161
67 81
67 133
67 192
68 192
69 83
69 84
69 187
70 75
70 77
70 166
71 100
71 124
72 109
72 172
72 179
73 107
73 135
73 137
74 115
74 150
75 100
75 191
76 171
76 185
77 113
77 116
77 183
77 193
78 133
78 180
79 184
79 195
80 120
80 188
82 131
83 85
83 181
84 144
85 107
85 140
86 91
86 135
87 89
87 116
87 120
87 123
87 170
87 171
87 188
88 112
88 136
88 149
88 185
91 113
91 174
92 114
92 196
93 94
93 145
93 166
93 192
93 193
94 109
94 122
94 143
94 146
94 181
95 150
96 128
96 133
96 138
97 174
98 185
98 187
99 101
99 156
99 180
100 116
100 121
100 146
100 166
100 188
101 166
102 111
102 141
102 146
102 182
104 140
104 142
104 150
105 169
105 171
105 186
106 125
106 134
106 170
107 125
107 129
107 142
108 120
109 145
111 185
112 166
113 120
113 154
113 174
114 125
115 125
119 142
120 142
120 147
120 151
120 180
120 197
121 145
121 153
122 134
122 148
122 154
122 171
123 135
123 173
124 174
126 130
126 152
127 128
127 185
128 136
128 150
129 138
129 149
130 147
130 195
131 145
132 183
133 157
133 183
133 188
134 165
134 193
135 174
135 187
136 181
137 170
138 140
138 146
138 188
139 146
139 177
139 194
139 198
140 199
141 160
141 162
142 165
142 169
142 173
144 190
144 196
145 150
146 171
146 188
147 171
149 152
149 157
149 187
151 166
152 163
152 174
154 173
155 189
156 191
157 174
159 160
159 194
160 166
160 182
160 192
161 179
162 163
164 168
164 180
167 176
168 169
174 185
175 189
175 199
181 190
186 195
190 194
