200 406
6
32
46
49
98
67
59
22
76
41
32
92
57
33
42
16
59
45
8
33
70
33
31
27
74
64
58
97
92
63
24
98
25
89
65
12
21
75
45
77
7
7
15
24
55
70
16
50
24
78
15
27
38
40
35
80
72
76
68
96
63
46
82
5
93
61
6
61
42
70
11
34
14
84
20
17
49
54
44
3
41
45
41
14
9
82
85
33
33
42
95
61
73
35
42
49
48
27
90
29
56
75
63
86
100
39
65
26
64
39
43
60
24
11
67
97
83
93
70
49
47
98
32
85
13
77
5
97
85
57
84
68
11
81
62
18
37
31
5
51
42
5
84
79
58
29
23
15
46
28
53
70
57
1
53
67
70
43
91
18
69
29
15
57
83
33
60
79
92
9
53
72
94
82
71
78
9
68
66
51
6
56
65
32
63
37
13
89
58
68
98
5
27
94
16
63
36
65
98
93
0 16
0 49
0 68
0 69
0 110
0 138
0 145
1 7
1 37
1 139
1 142
1 145
1 180
1 182
2 3
2 34
2 73
2 143
2 186
3 37
3 87
4 74
5 11
5 50
5 133
5 163
5 166
5 167
5 180
6 56
6 66
6 82
6 106
6 157
7 21
7 25
7 110
7 162
8 101
8 140
8 180
9 27
9 53
9 117
9 119
9 156
10 35
10 43
10 143
10 188
11 80
11 84
11 155
12 29
12 101
12 127
12 147
12 195
13 17
13 72
13 110
13 116
13 117
13 192
14 22
14 49
14 93
14 108
14 163
15 30
15 120
15 181
15 192
16 24
16 88
16 137
16 146
16 155
17 97
17 107
17 118
17 125
18 37
18 51
18 56
18 70
18 88
18 136
18 160
18 173
19 57
19 90
19 137
20 87
20 172
20 183
21 64
21 80
21 113
22 26
22 27
22 69
22 107
22 124
23 27
23 45
23 50
23 69
23 125
23 174
24 60
24 144
24 156
24 163
24 170
25 38
25 41
25 87
25 178
26 47
27 92
27 98
28 36
28 135
28 139
28 173
28 192
28 199
29 77
29 120
29 149
29 194
30 115
30 169
31 39
31 87
31 96
32 56
32 192
33 91
33 106
33 151
34 91
34 95
35 53
35 67
35 174
36 72
36 80
36 146
36 156
36 165
36 169
36 183
36 192
37 85
37 153
37 154
37 181
39 83
39 93
39 148
40 154
41 174
41 179
41 188
42 47
42 92
42 172
42 179
42 187
43 93
43 124
43 135
43 154
43 187
44 97
45 97
45 127
46 54
46 82
46 159
46 190
47 127
47 177
48 97
48 138
48 156
48 191
48 192
50 74
50 117
50 171
51 115
51 170
52 70
53 119
53 154
54 112
54 136
55 82
55 141
56 69
57 104
57 122
57 125
57 176
57 184
57 188
58 85
58 148
58 154
58 184
59 104
59 123
60 125
60 188
61 173
62 70
62 133
62 162
63 121
63 135
63 181
64 93
64 154
65 85
65 87
65 148
67 168
68 111
68 182
68 193
69 109
69 163
69 175
69 181
69 183
70 81
70 136
70 148
70 176
71 96
71 121
71 154
71 166
72 81
72 108
72 143
72 186
73 147
73 165
74 80
75 84
75 119
75 144
76 125
76 126
76 147
76 195
77 112
77 157
77 179
78 89
78 94
78 151
78 177
81 85
81 114
81 120
81 154
81 156
81 180
82 83
82 86
82 90
82 195
83 87
83 114
84 108
85 140
85 169
85 174
85 177
86 122
86 127
87 124
87 149
87 199
88 163
89 198
90 119
90 145
90 185
91 154
92 105
93 171
95 176
95 178
96 109
96 112
98 109
98 119
99 127
99 184
99 192
100 108
100 115
100 156
101 109
101 151
101 156
102 108
102 134
103 122
103 155
103 178
104 177
104 181
105 136
106 147
106 152
106 165
107 147
107 170
108 113
108 131
109 153
110 117
110 196
111 171
112 122
112 136
112 142
113 196
113 197
114 143
115 138
116 149
116 155
116 186
118 123
118 197
119 123
119 181
120 137
120 185
120 190
120 197
121 140
121 145
121 159
122 161
122 194
122 199
123 125
123 161
123 176
123 184
124 137
126 128
128 146
128 184
130 179
130 198
132 141
132 157
132 180
132 192
133 168
134 142
134 159
135 186
137 148
137 193
138 142
139 149
141 148
141 163
141 199
144 145
144 151
147 150
148 198
149 162
149 174
151 159
154 168
157 187
159 177
159 183
163 176
163 178
164 194
165 184
165 186
168 191
171 178
171 192
171 195
172 188
175 181
183 184
186 193
187 194
191 199
