200 213
79
19
58
49
3
3
86
26
86
67
20
40
28
5
31
81
33
45
94
43
77
18
14
79
30
74
79
52
12
53
21
67
44
56
34
13
21
55
4
55
87
42
57
32
88
67
88
50
41
54
17
17
97
38
30
77
65
12
86
82
69
82
79
75
95
60
36
83
69
37
9
93
79
17
91
75
25
80
95
39
59
90
82
19
16
96
46
79
52
99
41
38
21
98
56
90
57
72
48
73
13
62
33
31
38
18
43
25
62
25
87
12
81
57
32
99
87
37
56
40
42
1
98
11
55
55
35
71
37
87
4
36
84
84
26
64
77
87
63
11
14
38
64
78
17
16
28
64
52
75
56
65
8
82
7
26
55
75
30
40
88
70
98
4
74
68
30
1
35
85
94
56
31
82
55
84
2
96
35
14
26
86
10
65
72
76
1
9
1
83
24
99
17
93
29
3
7
71
2
58
1 127
1 146
1 167
1 196
2 64
2 197
3 88
3 113
3 183
4 48
4 138
4 191
6 39
7 89
7 118
8 51
8 52
8 173
9 93
9 106
9 132
10 79
10 196
11 69
11 186
12 100
12 180
13 59
13 137
13 147
14 27
14 91
15 131
17 55
17 107
17 114
18 190
19 24
21 88
21 143
22 198
23 26
24 108
24 147
24 184
25 64
25 71
26 82
26 118
27 80
27 183
28 62
28 65
28 67
28 196
29 154
30 35
30 120
30 187
31 184
32 98
33 73
33 83
33 193
34 63
35 137
35 191
36 43
36 113
36 119
36 124
37 60
37 155
37 178
38 108
38 131
38 198
39 46
39 89
39 147
39 154
39 186
40 149
40 182
42 49
44 111
45 62
45 74
45 187
48 97
48 171
49 124
50 110
50 131
52 96
52 102
53 194
54 193
55 117
55 167
56 110
56 156
57 70
57 82
57 129
60 197
61 109
62 71
62 101
62 114
62 165
63 149
64 141
64 179
64 188
65 130
66 92
67 77
67 139
69 157
69 171
70 198
71 136
71 182
72 74
74 94
75 161
75 168
76 100
76 165
77 181
77 196
78 183
80 121
80 126
81 137
82 190
84 88
84 114
85 147
85 150
86 90
86 173
87 131
87 192
88 140
88 147
88 188
90 96
91 108
94 135
94 142
95 196
96 108
96 138
96 183
97 147
98 159
98 160
99 154
100 107
102 180
105 143
105 189
106 189
107 193
111 178
112 197
113 159
115 117
115 133
115 147
118 180
121 130
121 159
121 163
121 166
121 182
121 191
122 182
125 139
125 156
125 166
126 152
127 148
129 171
130 149
133 145
136 193
137 178
137 197
140 154
142 156
142 183
142 187
143 181
145 147
145 182
147 172
149 151
153 191
154 161
155 168
157 181
159 172
162 165
162 176
164 184
169 185
171 197
175 181
178 181
188 191
