200 198
48
56
86
67
49
19
36
100
78
89
48
12
62
26
27
38
27
71
21
82
74
26
3
68
14
57
82
6
42
58
53
5
12
47
4
31
49
97
87
50
79
45
55
75
93
45
87
39
100
17
8
78
3
43
84
33
46
28
29
39
76
14
31
67
45
62
69
23
10
71
46
20
30
32
69
71
34
84
13
67
97
65
66
44
91
15
100
47
47
45
31
19
66
74
39
84
52
55
33
94
100
92
45
52
43
13
90
50
71
100
84
73
65
38
6
74
45
64
49
65
42
100
83
59
6
13
88
25
95
88
18
21
73
49
95
20
42
29
79
72
77
48
90
50
45
43
98
90
98
79
54
65
73
44
94
80
52
9
94
14
71
64
93
80
52
33
59
3
45
36
69
60
25
27
7
22
90
85
25
57
32
53
19
74
36
14
77
57
24
18
97
97
97
63
5
47
95
8
71
3
0 175
1 119
1 186
2 41
3 173
3 191
4 40
5 102
8 115
8 141
9 50
9 102
9 147
9 184
10 66
10 124
11 29
11 67
11 127
12 128
13 46
13 114
13 118
15 124
15 140
15 148
15 194
16 156
17 80
18 40
18 182
19 44
19 105
19 124
20 36
20 144
20 154
20 172
21 196
25 57
26 89
26 177
27 29
27 43
27 86
28 32
29 45
32 174
32 192
33 89
33 167
34 38
34 79
34 139
34 198
35 78
38 77
38 84
39 67
39 154
40 112
41 181
43 139
44 169
45 102
45 131
46 62
46 67
46 70
46 75
46 86
46 113
46 147
46 165
46 169
47 87
48 77
49 197
50 75
50 85
50 115
52 158
52 188
52 194
53 115
53 189
54 75
54 125
55 170
56 137
57 76
57 141
58 126
58 129
58 172
58 182
60 76
60 179
60 197
61 63
61 66
62 68
62 155
62 170
63 69
63 137
64 67
64 177
64 184
65 90
66 111
67 86
67 109
67 175
67 178
68 175
69 161
71 80
72 75
72 175
73 89
73 100
76 191
77 112
77 122
77 127
78 137
79 131
82 157
83 106
83 130
83 141
83 154
83 175
84 90
84 168
84 174
84 185
85 89
85 123
86 116
87 103
87 186
88 172
89 155
90 179
91 104
93 137
96 165
97 112
98 175
102 150
104 184
106 160
107 177
108 130
108 144
108 160
110 165
112 138
113 189
117 130
118 141
120 143
120 158
121 167
122 198
123 129
123 173
130 163
132 153
141 155
141 182
145 148
145 167
146 167
148 178
149 168
151 179
151 195
153 180
153 199
155 157
156 191
157 188
159 170
160 169
163 168
165 174
171 189
172 192
174 177
176 187
178 195
179 188
182 196
183 198
196 199
