200 194
58
72
47
84
55
13
87
68
33
42
32
2
25
76
77
1
83
65
70
13
57
24
9
73
59
91
16
23
63
29
18
83
80
81
52
97
39
56
91
14
54
32
85
47
84
68
74
5
100
43
15
87
9
60
9
41
74
40
17
18
4
27
89
98
56
6
93
79
94
83
4
91
100
28
85
84
48
49
47
71
9
34
41
63
71
84
20
8
52
52
32
70
49
5
14
19
5
81
36
46
56
19
84
51
19
82
34
95
69
42
88
43
19
10
95
11
75
38
5
72
19
50
90
60
9
35
66
46
48
15
69
41
44
23
71
42
33
69
47
64
65
39
18
81
74
1
25
79
33
49
35
22
68
24
80
70
49
41
48
98
74
58
75
44
51
25
57
62
28
53
61
62
61
93
90
32
18
7
40
16
81
50
62
56
91
53
46
74
2
52
21
79
87
19
84
43
1
98
70
69
0 24
0 109
1 57
1 171
2 25
2 65
2 108
2 110
2 114
2 198
3 22
3 71
4 14
4 73
4 97
6 178
7 58
7 113
9 28
9 58
9 79
10 17
10 168
11 15
11 35
11 124
12 171
13 134
13 141
14 126
14 194
15 64
15 164
17 61
17 71
18 89
18 98
18 141
19 113
20 189
21 49
21 107
23 123
23 128
23 192
24 25
24 130
25 92
25 178
26 130
27 152
27 170
28 44
28 138
29 83
29 108
30 133
31 34
31 49
31 116
31 141
31 142
32 36
32 188
33 97
34 40
34 173
34 186
35 44
35 78
35 169
35 179
36 160
37 93
38 93
40 72
40 81
40 85
42 47
42 172
43 86
43 126
44 59
46 191
47 155
47 168
48 51
48 79
49 110
50 58
50 78
50 115
50 127
50 195
51 59
52 126
52 171
54 58
54 74
56 93
56 103
56 106
57 126
57 133
58 118
58 140
59 179
60 107
60 171
62 97
62 175
62 178
62 187
63 130
64 97
64 138
65 92
66 95
68 177
69 164
71 79
71 109
71 164
72 80
72 179
74 75
74 191
75 109
75 117
75 179
76 100
77 166
78 155
79 93
79 171
80 133
80 146
81 167
83 94
83 162
83 166
83 175
84 191
85 169
85 197
86 126
88 101
88 141
89 106
89 178
90 129
92 188
96 146
98 141
99 109
99 135
102 145
103 136
105 135
106 171
108 172
108 178
109 161
109 172
110 131
110 177
111 198
112 157
117 133
117 149
119 157
119 177
123 146
124 180
126 161
127 144
127 199
131 150
132 173
132 179
134 154
134 171
135 165
138 182
138 187
139 160
142 164
153 179
158 184
164 194
170 196
176 197
186 188
193 197
