200 182
46
68
41
70
98
41
97
75
19
11
56
74
59
58
76
73
77
85
50
21
30
47
38
6
16
14
69
7
82
58
41
72
90
52
48
28
59
1
51
82
81
28
10
39
100
34
53
34
31
91
93
81
15
41
47
75
43
78
66
20
24
76
88
87
71
63
14
65
43
28
51
84
95
25
15
38
19
22
90
61
25
97
78
16
15
22
55
36
71
19
4
83
69
48
41
39
68
62
49
50
73
75
11
30
66
41
21
81
37
51
67
13
88
24
37
40
99
94
90
30
93
59
46
31
79
71
96
53
44
67
76
7
76
42
92
23
79
68
75
75
14
72
29
89
75
28
91
66
50
92
46
38
4
31
48
17
61
39
62
82
99
63
23
53
45
27
54
31
62
70
12
96
39
30
92
67
18
58
90
63
91
9
17
34
25
24
52
75
12
43
20
72
51
4
80
31
54
33
12
3
1 51
2 116
2 132
3 16
4 21
4 110
4 145
5 42
5 195
5 196
6 56
6 176
7 93
8 70
8 186
9 26
9 101
9 159
10 32
10 95
11 56
11 180
11 181
12 27
12 58
12 185
13 76
13 151
14 93
15 17
15 43
15 77
15 124
15 147
16 55
18 120
19 33
21 103
22 36
22 98
24 143
25 101
25 126
26 53
26 118
27 49
28 64
28 74
29 133
30 192
30 197
31 43
31 44
31 121
31 125
31 191
32 99
33 45
33 190
34 85
34 143
35 53
35 122
35 137
36 57
36 114
36 196
37 187
38 52
38 116
39 119
39 146
39 154
41 125
44 58
44 124
45 81
45 114
46 199
47 114
47 152
48 85
48 115
48 199
49 84
49 193
50 136
50 190
52 173
53 187
54 122
55 162
55 173
55 184
56 94
56 108
56 148
56 166
57 76
57 132
57 183
58 83
58 178
59 98
61 69
62 75
63 154
64 169
65 73
65 107
65 116
65 141
65 148
66 68
67 111
67 116
67 124
68 110
70 85
71 121
71 196
72 135
74 151
74 183
76 82
80 124
80 174
82 100
86 132
86 136
87 147
88 155
89 141
90 112
93 175
93 191
94 127
97 189
99 128
100 110
102 107
106 128
106 136
106 148
106 187
107 129
107 136
107 188
108 129
110 145
111 119
112 147
112 164
117 156
119 179
121 133
122 149
122 183
129 143
134 141
134 153
134 188
135 159
136 157
136 162
139 140
140 193
141 163
145 168
147 195
149 194
149 195
151 157
157 179
158 189
160 193
161 183
163 166
169 184
172 183
175 187
175 198
