200 204
92
67
51
60
74
40
47
24
66
78
78
88
38
16
69
28
41
20
22
53
42
78
87
90
40
32
78
28
6
9
96
58
68
66
71
7
40
89
60
98
46
41
20
17
14
25
19
94
36
3
23
72
39
80
59
34
99
35
40
87
83
78
21
7
94
84
71
84
16
30
65
39
67
34
35
41
27
15
81
93
80
50
97
100
97
95
34
63
59
37
91
96
36
64
54
41
65
35
55
50
7
24
41
12
42
40
28
20
1
61
88
52
20
76
69
49
16
15
81
67
55
48
88
51
48
84
4
53
86
56
84
86
3
56
41
86
40
32
95
28
88
25
77
82
88
94
42
64
16
39
79
64
88
80
22
43
74
94
84
64
7
88
99
9
25
15
17
20
27
89
2
65
21
75
3
77
54
35
93
64
21
97
61
58
4
25
62
97
10
21
30
23
97
94
58
24
70
81
33
4
2 10
3 47
4 14
4 108
4 182
5 83
5 121
5 163
7 121
9 13
9 16
9 22
9 28
9 62
9 145
10 14
10 82
10 170
11 15
11 102
12 38
12 89
13 131
13 165
14 19
14 90
14 100
14 132
16 54
16 192
17 95
17 100
17 141
17 180
18 40
19 88
20 129
22 122
22 192
23 55
23 158
24 74
26 43
26 136
26 140
27 40
27 51
27 110
27 144
28 31
28 143
29 109
30 99
30 138
31 34
31 110
31 165
32 125
33 49
33 58
33 89
33 101
34 175
35 44
36 146
36 150
38 48
38 54
38 111
39 194
40 58
40 61
40 134
40 177
41 83
42 136
43 150
43 151
43 169
44 51
44 145
44 173
45 134
45 175
47 53
47 115
47 118
47 119
47 155
48 71
48 98
48 138
49 69
49 168
50 76
52 154
52 198
54 114
54 189
55 125
55 192
56 76
56 106
56 127
56 198
57 75
57 118
57 193
58 153
58 192
59 122
59 143
60 66
62 69
62 168
63 149
64 70
65 183
66 179
66 196
67 135
68 153
69 122
71 156
72 110
72 160
72 199
73 108
74 85
74 129
75 130
75 162
76 145
77 118
77 147
77 185
78 126
79 167
85 94
86 107
86 131
87 180
88 152
88 199
89 118
89 153
91 95
93 185
94 120
95 154
95 178
96 135
98 165
99 153
101 127
103 145
103 180
105 110
105 141
105 178
109 161
110 118
111 171
112 136
113 128
114 182
117 196
118 122
120 124
121 162
121 187
122 196
129 195
130 145
130 176
132 136
132 181
133 182
135 164
136 190
137 192
142 172
144 182
145 146
145 157
145 177
146 154
146 162
147 161
149 172
151 172
155 178
155 183
157 193
161 169
163 189
170 178
173 183
174 179
179 185
181 187
182 193
187 193
190 192
