200 195
30
12
33
41
39
76
60
67
20
91
74
21
39
26
34
46
40
19
95
73
60
52
29
37
77
97
5
38
70
91
62
75
53
73
79
51
59
18
57
21
7
43
56
53
24
2
20
6
76
97
61
92
27
39
72
19
43
95
90
85
82
80
65
99
5
74
20
78
38
69
69
3
56
52
58
80
59
12
39
67
78
41
5
23
100
95
60
26
60
8
46
45
87
100
69
1
99
85
77
13
91
35
40
15
87
74
45
23
19
25
55
27
12
93
17
47
12
35
43
68
69
8
4
8
3
51
7
94
74
58
83
83
93
94
78
79
54
57
88
89
48
76
67
65
28
66
51
94
48
91
74
92
69
59
62
13
79
5
35
65
27
9
11
22
66
71
76
55
77
35
64
71
33
32
7
58
15
11
89
53
20
93
35
29
97
3
70
52
78
65
24
82
14
20
15
99
100
15
94
82
1 16
1 30
1 81
1 95
1 101
1 119
2 57
2 88
3 69
4 72
4 117
5 71
5 114
5 117
6 122
8 116
8 157
9 152
10 25
10 34
10 170
11 38
11 160
12 159
13 68
14 117
16 135
17 62
17 111
17 117
17 141
17 177
17 186
19 116
20 171
20 183
22 104
23 125
24 29
27 168
28 59
28 99
28 102
28 118
28 129
28 159
29 41
29 95
29 133
30 55
30 63
30 182
31 63
31 139
32 119
34 107
35 87
37 132
39 45
39 132
40 133
40 175
41 83
41 120
41 131
42 107
42 140
42 168
42 172
43 60
43 77
44 61
44 177
45 111
45 151
47 104
48 49
49 61
50 140
52 74
52 194
53 165
54 113
54 119
54 149
55 59
55 121
55 139
56 63
57 65
57 106
57 163
58 106
59 176
59 182
60 85
61 77
61 92
61 189
62 131
63 121
63 193
64 111
65 76
65 125
66 79
66 184
67 151
68 84
68 101
68 163
69 87
69 90
70 140
71 90
72 89
72 153
73 165
74 99
74 183
76 171
76 181
78 105
78 125
80 170
81 144
81 175
81 176
82 180
83 157
84 93
85 128
85 182
85 186
86 138
88 90
88 129
88 182
90 153
91 99
92 105
93 98
95 157
96 188
97 161
97 181
99 182
100 194
101 175
102 112
103 170
107 123
107 141
108 180
108 184
109 154
114 116
114 127
114 198
115 193
116 121
116 157
117 148
120 142
124 192
127 164
128 165
129 141
129 148
131 143
131 179
132 180
135 144
138 142
138 160
138 184
138 189
140 141
140 158
141 191
142 174
144 176
147 170
154 171
159 171
160 190
162 194
163 165
164 184
164 189
166 194
172 185
175 177
181 187
193 196
