200 167
22
58
63
61
41
20
97
47
11
66
41
17
93
25
24
17
12
33
62
86
48
68
36
36
39
82
7
66
5
48
27
9
56
6
61
91
98
74
61
63
98
96
57
63
85
23
71
44
4
46
87
77
50
14
32
7
40
84
85
46
85
40
14
50
34
86
78
90
88
51
5
40
67
10
73
5
89
17
70
72
76
100
70
88
77
21
55
62
69
99
46
89
37
65
93
67
57
97
84
59
8
80
40
68
15
92
73
54
13
52
97
95
31
66
92
69
10
84
48
27
54
2
34
71
18
8
20
5
77
46
17
77
20
70
21
12
68
37
58
60
72
53
28
38
71
33
8
8
76
33
98
58
96
18
13
39
63
44
23
83
93
69
88
27
66
52
47
22
26
22
14
57
46
59
47
12
92
76
83
23
58
70
99
76
11
60
7
66
55
78
19
70
63
20
50
92
66
58
30
3
0 100
1 54
1 77
1 140
1 191
2 4
3 35
5 124
6 10
7 193
8 58
8 143
8 195
10 50
10 193
11 81
11 135
12 56
12 71
12 83
13 91
13 144
14 97
14 190
15 76
16 43
18 148
18 156
19 170
20 51
20 113
21 184
22 122
22 196
23 61
23 118
23 127
23 148
23 162
24 88
24 120
24 175
25 91
25 130
26 56
26 140
27 49
27 52
29 62
29 138
30 31
30 105
30 132
31 43
31 96
31 129
32 39
32 92
32 94
33 98
33 177
34 169
35 105
35 198
37 150
39 166
40 86
42 99
43 73
43 75
44 79
45 107
50 127
50 140
51 193
55 87
55 131
58 101
60 88
60 198
63 92
63 146
63 183
64 147
64 199
68 92
68 97
68 101
68 110
68 130
69 149
70 74
70 188
72 173
74 96
74 142
74 158
75 94
75 131
75 147
76 77
78 149
78 153
79 124
79 166
80 90
80 96
80 110
80 115
81 102
81 127
82 196
82 198
85 94
87 88
88 106
88 148
90 130
90 185
92 195
94 183
96 100
97 114
99 115
100 118
100 123
100 144
103 134
105 140
105 167
107 141
108 147
108 182
109 146
113 170
114 160
117 143
118 146
118 151
124 185
128 148
128 175
128 192
129 137
131 175
131 179
132 158
132 170
134 188
138 185
139 149
139 161
141 175
142 144
143 150
143 173
143 186
145 182
150 165
151 156
166 181
172 177
172 189
179 180
181 194
190 198
192 198
