200 188
23
20
4
97
81
85
35
86
57
97
54
8
55
67
97
56
82
43
84
54
69
73
73
26
100
61
63
26
94
17
8
17
71
64
71
63
76
29
20
22
81
50
14
96
44
39
49
82
66
38
50
74
81
37
25
27
58
14
29
28
57
98
83
2
62
85
50
64
1
81
41
23
41
54
56
35
92
46
73
45
98
16
91
71
83
9
10
40
27
82
47
75
31
71
66
80
62
64
79
67
58
16
67
1
9
88
45
94
31
97
7
92
96
55
90
11
100
86
14
28
92
86
6
32
25
91
75
59
93
29
4
29
44
73
2
76
58
77
38
83
8
26
68
7
84
2
68
48
37
35
11
45
20
24
65
82
95
81
27
83
72
17
18
95
35
75
88
93
64
66
15
18
15
3
85
67
83
73
5
94
49
94
50
8
73
8
51
13
27
27
78
69
3
84
54
3
5
18
32
77
1 104
2 86
2 103
2 131
3 63
3 86
3 105
3 127
4 37
5 47
5 115
6 115
6 150
6 169
6 172
6 176
7 126
8 39
8 86
8 113
8 119
8 147
9 15
9 39
10 43
11 197
13 33
13 85
14 22
14 52
14 193
15 71
15 73
15 96
16 65
17 194
18 87
18 95
18 107
18 159
18 195
19 82
21 85
21 94
21 121
23 36
23 98
23 99
23 173
24 76
24 113
24 151
24 153
25 63
26 51
26 125
27 172
28 180
28 199
31 61
31 175
33 106
35 196
36 65
36 89
36 96
36 163
39 133
39 179
41 54
41 91
41 106
41 111
41 180
42 116
42 167
42 180
43 124
44 73
44 99
45 127
46 172
46 175
46 193
47 53
47 144
48 78
49 133
50 183
50 196
51 81
51 93
51 97
52 58
52 131
53 113
53 168
53 189
54 185
55 128
55 190
56 155
56 159
56 197
58 64
58 171
58 186
61 62
61 115
61 175
61 190
62 153
64 93
64 130
65 133
65 146
65 191
67 149
68 186
68 187
69 165
70 131
70 173
72 124
72 177
72 188
73 75
74 149
75 83
75 100
75 151
76 95
76 111
76 134
77 176
77 194
78 164
80 146
81 109
81 161
82 144
83 150
84 176
86 117
86 120
87 132
87 151
87 184
89 158
92 97
92 177
93 101
93 107
94 124
94 128
97 109
99 155
99 170
100 127
101 178
102 106
104 150
105 119
105 197
113 122
117 130
117 183
121 139
125 135
126 169
127 146
129 181
130 186
132 135
132 179
134 184
138 168
138 184
140 176
140 192
143 192
146 193
147 184
149 168
151 192
157 173
167 169
175 179
