200 215
2
41
66
56
66
81
4
66
36
5
39
76
14
66
48
38
82
87
10
95
29
11
22
39
21
55
82
41
10
36
31
12
76
47
24
60
1
45
74
68
83
6
97
84
58
49
39
48
29
90
100
100
87
68
54
32
61
91
7
39
18
11
28
8
96
33
12
58
16
42
100
20
18
91
62
29
49
6
11
10
43
78
35
32
5
1
48
15
24
4
71
84
54
76
41
16
9
88
60
19
1
61
25
92
68
58
71
4
22
72
46
19
37
83
72
47
43
27
22
6
13
8
11
80
60
63
13
46
28
85
84
54
30
6
59
54
21
37
55
46
22
8
15
42
23
71
87
73
88
38
63
74
87
20
12
62
44
5
72
78
44
5
61
54
20
99
30
72
53
61
61
30
96
44
94
12
74
87
12
38
5
81
39
52
62
93
54
98
47
76
26
93
41
34
85
70
12
46
54
8
0 11
0 78
0 126
1 55
1 153
3 64
3 103
3 130
4 196
5 71
5 188
6 72
6 82
6 170
8 39
8 105
9 120
9 189
11 47
12 100
12 166
13 82
13 128
13 132
14 98
15 160
15 163
16 24
16 199
17 41
18 78
18 82
18 87
18 97
19 175
20 21
20 24
21 55
21 83
22 95
22 97
22 166
25 81
25 106
26 83
26 128
26 184
27 94
27 161
27 192
28 30
29 151
29 189
30 76
30 108
31 54
31 150
31 173
32 73
32 182
33 81
34 115
36 135
37 46
37 83
39 52
39 78
39 183
40 152
40 169
40 187
41 59
41 62
41 100
42 108
43 53
43 188
44 62
44 130
44 147
44 186
46 76
46 87
46 88
46 95
48 175
48 185
49 61
49 95
49 171
50 60
50 141
51 52
52 92
52 119
54 56
54 70
54 162
54 175
55 171
56 172
57 101
57 143
57 144
58 190
60 183
61 160
62 70
63 123
63 138
65 155
65 190
66 114
67 84
67 170
67 174
68 90
68 190
69 178
70 88
70 141
71 89
71 120
71 170
73 98
73 106
74 129
74 154
76 120
76 136
76 174
76 193
77 89
77 130
77 146
77 178
78 150
78 166
79 195
80 118
80 159
81 90
82 141
86 112
87 104
87 181
88 94
88 106
88 160
90 168
91 183
91 197
92 141
93 188
94 137
94 178
97 110
97 181
98 169
98 187
99 188
100 172
101 181
101 199
102 117
103 129
103 184
104 184
104 187
105 138
106 138
107 135
107 151
109 138
110 119
110 151
110 178
111 191
117 161
117 184
118 186
123 172
124 160
127 183
130 156
132 159
132 179
133 153
134 175
134 184
135 146
142 181
143 198
146 170
147 197
148 180
148 193
149 176
150 192
155 157
155 192
155 195
163 182
163 198
168 197
169 194
170 176
170 187
172 175
176 197
177 190
181 190
183 191
189 194
192 196
