200 206
81
95
38
8
79
24
96
77
89
29
53
21
92
79
55
75
43
12
62
34
72
17
14
98
44
2
15
26
12
28
8
30
73
52
90
3
47
15
72
28
34
71
91
4
2
74
19
83
34
27
41
17
100
2
51
52
15
84
94
44
64
14
59
56
93
3
37
59
99
12
48
96
13
35
28
12
93
73
10
1
100
21
64
1
12
26
36
47
84
32
1
98
21
73
100
17
59
12
7
65
14
81
90
7
93
11
88
62
69
67
52
7
86
100
58
62
25
24
99
32
94
92
27
14
40
21
91
41
90
72
95
74
67
4
99
94
39
58
48
64
54
5
37
1
11
23
68
95
27
100
10
65
58
50
6
64
30
71
69
11
67
8
40
52
4
61
82
80
95
46
41
50
9
64
3
5
49
35
4
67
7
34
41
97
12
71
96
35
19
42
21
54
53
46
98
13
36
57
76
66
0 103
0 116
1 108
1 198
2 58
2 147
3 99
3 151
4 9
4 32
4 93
4 123
4 147
4 199
5 54
5 102
7 36
7 163
8 59
8 165
9 184
9 193
10 14
10 148
11 84
12 192
13 17
13 103
13 120
14 19
14 59
14 177
14 194
16 64
16 135
16 143
17 133
18 66
19 64
19 96
20 197
21 71
21 149
22 41
22 168
23 26
25 63
25 73
25 102
25 177
26 52
26 120
26 177
26 199
28 195
29 74
30 70
30 118
32 142
33 40
33 103
34 35
34 66
35 186
38 70
38 76
38 79
38 94
39 136
39 192
40 181
41 139
42 72
42 133
43 162
44 135
45 140
45 169
46 177
47 107
47 141
47 149
48 108
48 179
49 50
50 73
51 113
51 117
51 140
52 82
53 183
54 157
55 70
55 84
55 132
56 68
56 90
56 134
57 133
57 138
58 133
58 187
59 71
60 181
61 164
63 123
63 197
64 102
64 137
64 184
64 196
67 110
68 77
68 87
68 111
68 172
68 186
69 130
69 156
69 178
70 75
70 195
71 151
71 192
72 157
73 154
74 158
77 142
77 149
78 103
78 130
81 117
81 198
84 128
85 142
85 176
86 116
86 149
87 107
87 176
87 189
88 155
88 187
89 143
90 109
92 157
93 121
94 153
96 151
96 196
97 119
97 195
98 119
101 171
102 138
103 169
104 150
104 192
104 193
105 159
107 156
108 116
108 149
109 150
110 120
111 147
111 172
112 173
113 125
113 150
113 169
115 166
115 172
118 121
118 157
121 173
122 195
123 144
124 176
127 147
127 158
127 186
129 171
130 198
131 198
132 161
132 164
134 188
136 189
137 164
137 195
141 181
152 184
156 191
157 176
157 197
158 174
159 171
160 184
166 168
170 179
171 186
172 183
174 179
182 184
186 189
