200 1032
20
22
68
85
39
11
34
61
40
31
66
32
30
92
99
24
97
52
61
76
7
14
68
63
65
98
90
52
56
52
40
48
80
15
94
32
14
35
39
55
90
73
77
76
96
62
86
82
96
62
66
90
51
24
41
15
5
15
80
9
59
45
60
52
58
32
18
59
57
67
50
81
53
78
48
62
75
22
86
85
22
81
32
42
35
51
67
89
49
65
56
63
42
92
36
38
97
24
92
74
15
36
49
24
75
42
42
21
68
79
69
7
41
22
96
39
32
12
90
24
11
16
22
49
78
91
11
63
33
65
7
43
3
67
63
100
82
39
85
86
76
88
54
67
54
56
74
66
38
79
3
41
54
10
15
11
86
77
3
70
49
7
9
79
7
81
8
64
13
28
54
20
77
96
59
7
100
93
9
30
69
97
81
29
71
92
84
54
30
8
59
81
66
81
5
34
98
6
36
23
0 19
0 31
0 45
0 64
0 105
0 141
1 17
1 65
1 84
1 85
1 93
1 112
1 165
1 175
2 19
2 21
2 33
2 83
2 100
2 109
2 113
2 114
2 120
2 127
2 133
2 134
2 135
2 137
2 144
2 152
2 161
2 166
3 38
3 51
3 59
3 80
3 106
3 140
3 150
3 180
4 7
4 37
4 90
4 98
4 101
4 105
4 108
4 122
4 146
4 165
4 170
4 190
5 12
5 17
5 96
5 115
5 137
5 190
5 194
5 197
6 13
6 28
6 38
6 64
6 67
6 68
6 73
6 82
6 122
6 126
6 137
6 144
6 146
6 164
7 21
7 25
7 122
7 131
7 149
7 151
7 188
8 78
8 91
8 111
8 119
8 131
8 134
8 146
8 151
8 169
8 172
8 175
8 185
8 191
9 10
9 16
9 54
9 128
9 145
9 172
9 182
10 29
10 44
10 86
10 109
10 168
10 191
11 20
11 43
11 83
11 111
11 119
11 131
11 140
11 168
12 25
12 33
12 47
12 62
12 84
12 115
12 136
12 143
12 163
12 166
12 184
12 189
12 198
13 36
13 85
13 93
13 171
13 174
14 31
14 137
14 141
14 179
14 186
15 16
15 30
15 71
15 76
15 85
15 86
15 93
15 98
15 129
15 130
15 134
15 137
15 146
15 175
16 41
16 48
16 70
16 71
16 91
16 92
16 100
16 108
16 124
16 158
16 194
17 37
17 62
17 92
17 100
17 108
17 124
17 136
17 148
17 178
18 41
18 69
18 99
18 100
18 111
18 132
18 139
18 164
18 178
18 179
18 192
19 36
19 44
19 94
19 107
19 125
19 158
19 168
19 196
20 47
20 114
20 123
20 142
20 145
20 146
20 148
20 158
20 164
20 173
20 181
20 183
21 22
21 33
21 72
21 119
21 129
21 131
21 151
21 153
21 178
22 31
22 33
22 36
22 59
22 100
22 105
22 123
22 166
22 174
22 195
23 24
23 44
23 49
23 57
23 87
23 96
23 126
23 129
23 160
23 175
23 185
23 191
23 194
24 49
24 57
24 83
24 97
24 99
24 100
24 129
24 161
24 163
24 182
25 31
25 34
25 44
25 81
25 83
25 86
25 92
25 95
25 124
25 171
25 192
26 39
26 66
26 79
26 119
26 146
26 147
26 157
26 159
26 173
26 181
26 190
26 199
27 29
27 71
27 94
27 112
27 113
27 159
27 191
28 32
28 40
28 44
28 54
28 75
28 76
28 77
28 78
28 80
28 93
28 103
28 105
28 112
28 113
28 154
29 62
29 105
29 118
29 123
29 139
29 180
30 35
30 57
30 65
30 86
30 90
30 91
30 165
30 171
30 175
31 38
31 55
31 56
31 103
31 106
31 161
32 88
32 165
32 198
33 35
33 37
33 82
33 101
33 124
33 143
33 163
33 172
33 193
34 49
34 84
34 86
34 91
34 130
34 140
34 143
34 162
34 174
35 47
35 50
35 52
35 66
35 75
35 99
35 139
35 146
35 162
35 163
35 164
35 165
35 167
35 187
36 39
36 61
36 77
36 117
36 145
36 148
36 151
36 168
36 175
36 177
36 188
37 44
37 50
37 110
37 119
37 121
37 151
37 165
37 179
38 46
38 92
38 109
38 120
38 131
38 178
38 195
38 196
39 47
39 73
39 104
39 113
39 152
39 153
39 186
40 45
40 81
40 86
40 91
40 94
40 97
40 115
40 132
40 155
40 166
41 44
41 75
41 88
41 142
41 189
41 193
41 195
42 84
42 149
42 164
42 198
43 54
43 57
43 81
43 87
43 90
43 107
43 109
43 118
43 148
44 47
44 60
44 61
44 68
44 94
44 96
44 106
44 122
44 134
44 171
44 180
45 78
45 108
45 117
45 136
45 171
45 180
45 183
46 118
46 129
46 133
46 171
47 67
47 73
47 77
47 87
47 106
47 125
47 134
47 155
47 186
48 54
48 55
48 94
48 103
48 118
48 135
48 155
48 176
48 191
49 112
49 113
49 127
49 132
49 140
49 141
49 145
49 183
50 107
50 109
50 111
50 125
50 129
50 160
51 68
51 72
51 106
51 107
51 121
51 153
51 185
52 74
52 129
52 160
52 169
52 175
52 195
52 197
53 66
53 73
53 117
53 133
53 184
53 194
54 56
54 61
54 69
54 88
54 98
54 132
54 143
54 161
54 178
54 182
55 66
55 78
55 83
55 100
55 106
55 108
55 113
55 116
55 117
55 173
55 176
55 182
55 188
55 192
55 198
55 199
56 80
56 97
56 146
56 148
56 193
56 194
57 58
57 64
57 69
57 70
57 130
57 134
57 152
57 153
57 162
57 181
57 194
57 197
57 199
58 60
58 110
58 114
58 117
58 129
58 139
58 143
58 195
58 196
59 71
59 74
59 85
59 105
59 107
59 122
59 126
59 131
59 180
59 188
60 69
60 78
60 126
60 145
60 153
61 93
61 112
61 185
61 194
62 73
62 81
62 104
62 116
62 124
62 152
62 166
62 168
63 68
63 83
63 88
63 166
63 173
63 193
64 74
64 89
64 93
64 94
64 97
64 158
64 180
64 187
64 191
64 195
64 196
65 73
65 74
65 90
65 103
65 115
65 117
65 120
65 129
65 132
65 172
65 180
65 181
65 192
65 195
66 79
66 86
66 107
66 110
66 120
66 128
66 139
66 151
66 155
66 163
66 190
66 199
67 92
67 93
67 102
67 150
67 156
67 165
67 172
67 198
68 74
68 97
68 119
68 191
69 78
69 80
69 102
69 104
69 106
69 121
69 123
69 136
69 160
69 189
70 77
70 82
70 103
70 104
70 180
71 95
71 109
71 184
72 82
72 96
72 114
72 150
72 185
72 199
73 99
73 117
73 127
74 100
74 143
74 172
74 176
74 179
75 90
75 93
75 162
75 188
75 190
75 198
76 83
76 109
76 120
76 175
77 79
77 92
77 106
77 145
77 156
77 171
77 173
77 186
78 134
78 147
78 163
78 187
78 189
79 82
79 108
79 152
79 153
79 166
79 174
80 110
80 118
80 180
81 84
81 115
81 136
81 169
81 174
81 176
81 186
82 89
82 104
82 108
82 124
82 145
82 154
82 158
82 159
82 183
82 185
83 100
83 115
83 127
83 128
83 142
83 143
83 163
83 165
83 175
83 198
84 102
84 110
84 132
84 140
84 150
84 178
85 105
85 133
85 166
85 180
86 91
86 111
86 139
86 141
86 193
86 199
87 115
87 117
87 118
87 125
87 140
87 168
88 132
88 164
88 165
88 198
89 115
89 127
89 149
89 151
89 155
89 170
89 177
90 105
90 111
90 124
90 173
90 188
91 134
91 161
91 182
91 190
91 199
92 101
92 139
92 181
93 100
93 111
93 129
93 138
93 178
93 191
94 107
94 166
95 101
95 144
95 146
95 148
95 174
96 98
96 166
96 174
97 121
97 140
97 183
98 110
98 119
98 125
98 127
98 145
98 150
98 171
99 116
99 160
99 161
99 179
99 191
100 125
100 129
100 139
100 157
100 172
101 129
101 143
101 148
101 153
101 175
102 111
102 124
102 125
102 126
102 134
102 137
102 151
102 197
103 173
103 178
103 184
104 110
104 130
104 168
104 181
105 173
105 177
105 188
105 194
105 199
106 140
106 179
107 122
107 130
107 168
107 178
107 184
107 195
108 147
108 165
108 167
108 178
108 180
108 196
109 121
109 194
110 181
110 187
111 149
111 170
112 114
112 116
112 133
112 134
112 140
112 166
112 180
112 185
112 193
112 194
113 128
113 129
113 151
113 171
113 195
114 125
114 146
114 151
114 177
115 136
115 175
115 194
115 199
116 151
116 160
116 164
116 190
116 192
116 193
117 136
117 163
117 194
118 153
118 159
118 178
118 179
118 185
118 196
119 133
119 148
119 162
119 171
120 151
120 157
120 174
120 177
120 184
121 122
121 136
121 147
121 165
121 168
121 198
122 149
122 153
122 166
123 127
123 128
123 129
123 145
123 151
123 177
123 178
123 187
124 139
124 151
124 154
124 161
124 187
125 145
125 163
126 184
126 189
127 131
127 148
127 197
128 145
128 146
128 169
128 172
130 179
130 182
130 185
130 192
131 149
131 164
131 196
132 141
132 175
133 149
133 150
133 155
134 138
134 161
134 185
134 194
135 161
135 168
135 174
135 176
135 196
136 141
136 145
136 195
137 169
137 172
137 177
138 159
138 173
138 181
138 183
139 144
140 157
140 183
140 186
140 196
141 143
141 184
142 150
142 153
142 154
143 151
143 153
143 156
143 160
143 161
143 172
143 174
143 184
144 146
144 163
144 164
144 187
145 164
146 150
146 169
147 152
147 157
147 164
147 181
148 170
148 181
148 183
148 188
149 159
149 162
149 171
149 178
149 192
149 194
150 161
151 179
151 198
152 175
152 188
153 156
153 163
154 158
154 175
154 182
155 198
156 195
157 160
157 168
157 180
158 199
159 167
159 170
159 173
159 194
160 174
160 196
162 163
163 171
163 183
164 184
164 190
167 174
168 169
168 188
168 199
169 195
170 186
172 188
173 199
179 184
180 190
182 184
182 193
185 193
185 196
186 197
187 194
188 190
