200 1045
24
43
49
37
14
17
24
13
26
54
20
78
95
36
96
8
58
85
96
68
31
92
76
85
47
5
8
97
18
40
38
83
28
92
1
29
51
82
57
30
8
69
22
16
24
77
91
82
84
83
14
48
87
28
44
56
5
92
9
4
90
96
37
71
99
65
99
86
59
69
86
17
46
70
30
21
7
51
52
83
27
60
89
34
63
84
2
77
1
60
46
89
84
59
11
74
84
3
20
65
5
19
37
48
57
41
31
71
53
9
18
41
22
24
21
99
62
40
6
74
15
73
97
71
100
47
64
33
51
80
91
4
47
12
5
81
96
75
44
100
83
49
19
43
99
83
67
2
86
14
62
47
74
56
17
28
31
92
76
93
60
62
77
43
38
61
60
80
84
70
9
35
91
2
20
30
8
19
57
25
4
69
56
54
98
43
94
81
46
88
48
26
82
52
13
85
87
91
99
80
0 4
0 6
0 8
0 12
0 29
0 46
0 81
0 90
0 95
0 129
0 168
0 187
1 47
1 71
1 76
1 138
1 174
1 182
1 184
2 18
2 39
2 73
2 110
2 115
2 119
2 126
2 160
2 165
2 178
2 192
2 196
3 48
3 57
3 60
3 61
3 108
3 117
3 144
3 151
3 185
4 14
4 32
4 36
4 44
4 64
4 136
4 166
4 168
5 8
5 12
5 21
5 44
5 62
5 90
5 107
5 111
5 126
5 131
5 134
5 136
5 145
6 33
6 37
6 56
6 67
6 77
6 90
6 103
6 141
6 144
6 147
6 162
6 167
6 179
7 21
7 23
7 67
7 88
7 94
7 121
7 155
7 174
7 186
7 193
8 42
8 91
8 138
8 150
8 157
8 165
9 44
9 53
9 56
9 61
9 71
9 74
9 84
9 86
9 89
9 101
9 171
10 22
10 42
10 72
10 89
10 110
10 121
10 123
10 150
10 169
10 179
10 186
11 33
11 49
11 55
11 73
11 122
11 149
11 154
11 157
11 170
11 186
12 27
12 35
12 74
12 76
12 89
12 96
12 132
12 148
12 192
12 195
13 15
13 31
13 46
13 62
13 72
13 78
13 84
13 100
13 107
13 158
13 191
13 195
14 50
14 63
14 94
14 96
14 101
14 113
14 115
14 119
14 120
14 126
14 127
14 134
14 136
14 147
14 190
15 16
15 21
15 36
15 39
15 69
15 92
15 127
15 139
15 144
15 163
15 166
15 178
15 184
15 185
16 23
16 45
16 54
16 73
16 74
16 79
16 80
16 127
16 173
16 174
16 185
16 188
16 196
17 28
17 108
17 109
17 124
17 138
17 163
17 174
17 176
17 178
18 30
18 40
18 43
18 56
18 86
18 138
18 144
18 157
18 163
18 192
19 36
19 43
19 53
19 55
19 56
19 57
19 66
19 70
19 105
19 133
19 138
19 159
19 167
19 168
19 171
19 189
20 47
20 87
20 109
20 122
20 146
20 162
20 169
21 29
21 43
21 44
21 50
21 54
21 75
21 82
21 83
21 103
21 121
21 129
21 130
21 169
21 186
21 198
22 59
22 67
22 68
22 193
22 194
23 41
23 44
23 68
23 94
23 117
23 125
23 132
23 134
23 135
23 154
23 193
23 195
23 196
24 46
24 72
24 74
24 99
24 100
24 120
24 129
24 161
24 167
24 168
24 178
24 187
24 199
25 39
25 62
25 64
25 100
25 194
26 34
26 40
26 56
26 70
26 81
26 85
26 110
26 114
26 119
26 133
26 198
27 37
27 47
27 58
27 65
27 66
27 116
27 139
27 143
27 185
28 38
28 41
28 54
28 58
28 60
28 91
28 97
28 141
28 148
29 46
29 53
29 81
29 89
29 103
29 137
29 140
29 149
29 156
29 191
30 33
30 56
30 60
30 75
30 86
30 91
30 136
30 152
30 157
30 180
31 50
31 62
31 85
31 97
31 110
31 123
31 136
31 142
31 153
31 158
31 186
31 187
32 39
32 62
32 74
32 78
32 102
32 108
32 142
32 145
32 152
32 181
32 184
33 68
33 88
33 129
33 134
33 139
33 164
33 165
33 193
34 37
34 60
34 74
34 108
34 152
34 166
35 94
35 97
35 111
35 135
35 147
35 169
36 40
36 48
36 69
36 81
36 85
36 131
36 172
36 181
37 45
37 47
37 49
37 81
37 112
37 117
37 124
37 130
37 132
37 149
37 150
37 153
37 160
37 168
38 50
38 90
38 92
38 95
38 99
38 103
38 108
38 124
38 134
38 143
38 191
39 114
39 119
39 127
39 131
39 134
39 192
39 195
40 104
40 114
40 183
41 58
41 73
41 74
41 79
41 85
41 86
41 142
41 147
41 151
41 166
41 167
42 60
42 66
42 70
42 72
42 99
42 162
42 177
43 54
43 66
43 82
43 97
43 104
43 167
43 177
43 182
43 184
43 199
44 84
44 148
44 164
44 172
44 191
45 47
45 56
45 86
45 94
45 102
45 111
45 127
45 143
45 160
45 167
45 192
46 76
46 113
46 146
46 161
46 192
47 51
47 52
47 96
47 98
47 139
47 162
47 166
47 177
48 67
48 72
48 93
48 121
48 122
48 129
48 130
48 144
48 174
49 64
49 100
49 118
49 133
49 170
49 182
49 197
50 59
50 69
50 76
50 97
50 117
50 132
50 140
50 183
50 190
50 191
51 70
51 75
51 95
51 106
51 109
51 116
51 127
51 133
51 178
52 157
52 158
52 163
52 176
52 189
53 113
53 124
53 126
53 135
53 139
53 149
54 74
54 103
54 136
54 141
54 163
55 82
55 95
55 107
55 143
55 152
55 158
55 161
56 60
56 63
56 103
56 128
56 148
57 106
57 119
57 160
57 168
57 184
58 63
58 83
58 91
58 98
58 104
58 108
58 146
58 166
58 170
58 177
59 69
59 88
59 90
59 132
59 143
59 144
59 188
60 77
60 85
60 100
60 109
60 111
60 113
60 123
60 139
60 146
60 165
60 168
60 173
60 182
60 183
61 85
61 140
61 146
61 184
62 63
62 68
62 132
62 170
62 185
63 69
63 84
63 96
63 106
63 135
63 138
63 151
63 187
64 82
64 86
64 101
64 126
64 129
64 142
64 148
64 153
64 165
64 189
65 76
65 85
65 89
65 164
66 78
66 83
66 98
66 107
66 127
66 159
66 182
67 96
67 97
67 102
67 119
67 149
67 190
67 191
67 195
68 86
68 109
68 157
69 88
69 97
69 168
70 71
70 87
70 101
70 125
70 157
70 188
70 189
71 101
71 110
71 114
71 184
72 90
72 119
72 125
72 133
72 152
72 198
73 108
73 126
73 144
73 168
73 193
74 81
74 96
74 107
74 110
74 124
74 129
74 146
74 151
74 165
74 177
75 96
75 102
75 103
75 136
75 142
75 173
75 177
76 78
76 92
76 120
76 128
76 161
76 194
77 87
77 102
77 106
77 111
77 134
77 147
77 149
77 152
77 159
77 190
78 107
78 118
78 144
78 176
79 83
79 112
79 127
79 139
79 145
79 168
79 181
79 187
80 91
80 93
80 157
80 169
80 186
80 189
80 194
80 199
81 109
81 122
81 173
81 184
81 187
81 196
82 101
82 103
82 123
82 133
82 145
83 140
83 160
83 177
83 189
83 190
83 192
84 157
84 172
84 174
85 133
85 159
85 167
86 90
86 115
86 120
86 121
86 127
86 130
86 173
86 174
86 179
86 188
86 190
87 122
87 123
88 90
88 125
88 199
89 115
89 117
89 137
89 138
89 149
89 174
90 113
90 128
90 139
91 96
91 118
91 119
91 134
91 141
92 109
92 114
92 180
92 186
93 129
93 148
93 150
93 171
93 175
94 108
94 167
94 169
94 173
94 179
94 186
95 116
95 158
95 176
95 194
96 97
96 104
96 122
96 151
96 156
96 186
96 199
97 102
97 114
97 133
97 158
97 165
97 166
97 169
97 176
97 188
98 119
98 123
98 130
98 132
98 176
98 194
99 110
99 143
99 154
99 156
99 177
100 121
100 142
100 166
100 180
100 181
101 120
101 142
101 146
101 175
101 191
101 193
102 105
102 128
102 149
102 181
103 107
103 111
103 125
103 128
103 135
104 111
104 120
104 130
104 144
104 159
104 164
104 172
104 179
104 193
105 161
105 175
105 183
106 110
106 125
106 126
106 158
106 160
106 188
106 196
107 109
107 145
107 149
107 163
107 165
107 166
108 131
108 163
108 172
108 195
109 114
109 130
109 138
109 143
110 138
110 198
111 133
111 169
112 150
112 164
112 167
112 172
112 190
113 141
113 146
113 149
113 157
113 168
113 185
114 124
114 133
114 143
114 148
114 162
114 164
114 185
115 126
115 143
115 184
116 123
116 127
116 142
117 136
117 147
117 162
117 185
117 189
117 193
118 143
118 178
119 120
119 125
119 126
119 141
119 164
119 194
120 152
120 194
120 197
121 124
121 126
121 189
122 124
123 160
123 170
124 135
124 164
125 132
125 135
125 136
125 143
125 171
126 133
126 136
126 151
126 195
127 147
127 184
127 198
128 135
128 178
130 134
130 138
130 151
130 155
130 164
130 185
130 196
131 147
131 168
131 178
132 172
133 138
133 155
133 160
134 141
134 146
134 176
135 199
136 142
136 155
136 188
137 149
137 153
137 166
137 185
138 148
138 168
139 154
140 159
140 161
140 164
140 179
141 149
141 151
141 152
141 195
142 175
142 179
142 195
143 158
143 179
143 181
143 189
144 156
144 160
144 164
144 177
144 186
144 197
145 173
145 193
146 157
146 178
146 191
146 193
146 197
147 156
147 157
147 158
147 172
147 185
147 194
148 154
148 169
148 178
148 193
149 159
149 176
150 160
151 198
152 155
152 161
153 156
153 165
153 178
153 189
154 199
155 160
155 173
155 195
155 197
156 170
156 172
156 188
157 199
158 171
158 191
159 175
159 181
159 184
159 186
159 188
160 168
161 163
161 169
161 178
161 181
162 164
162 179
164 192
165 189
166 169
166 172
166 182
166 189
168 194
168 197
169 176
169 177
169 187
169 192
170 194
171 192
172 190
173 184
173 199
174 189
175 197
175 198
177 199
178 194
178 199
181 185
181 193
184 199
188 193
189 190
189 194
190 192
