200 1002
30
12
33
41
39
76
60
67
20
91
74
21
39
26
34
46
40
19
95
73
60
52
29
37
77
97
5
38
70
91
62
75
53
73
79
51
59
18
57
21
7
43
56
53
24
2
20
6
76
97
61
92
27
39
72
19
43
95
90
85
82
80
65
99
5
74
20
78
38
69
69
3
56
52
58
80
59
12
39
67
78
41
5
23
100
95
60
26
60
8
46
45
87
100
69
1
99
85
77
13
91
35
40
15
87
74
45
23
19
25
55
27
12
93
17
47
12
35
43
68
69
8
4
8
3
51
7
94
74
58
83
83
93
94
78
79
54
57
88
89
48
76
67
65
28
66
51
94
48
91
74
92
69
59
62
13
79
5
35
65
27
9
11
22
66
71
76
55
77
35
64
71
33
32
7
58
15
11
89
53
20
93
35
29
97
3
70
52
78
65
24
82
14
20
15
99
100
15
94
82
0 10
0 21
0 73
0 81
0 96
0 144
0 157
1 16
1 30
1 46
1 81
1 95
1 101
1 119
1 169
2 4
2 28
2 57
2 59
2 80
2 83
2 88
2 97
2 127
2 133
2 137
2 140
2 154
2 160
2 174
2 192
3 34
3 49
3 50
3 53
3 69
3 78
3 80
3 199
4 49
4 53
4 59
4 72
4 100
4 117
4 147
4 156
5 21
5 25
5 71
5 114
5 117
5 162
5 165
5 189
6 10
6 50
6 71
6 77
6 83
6 99
6 100
6 122
7 44
7 68
7 80
7 81
7 90
7 111
7 120
7 136
7 146
7 156
8 21
8 37
8 61
8 63
8 83
8 108
8 116
8 137
8 157
8 161
8 176
9 30
9 33
9 83
9 103
9 142
9 144
9 152
9 165
10 14
10 25
10 34
10 81
10 82
10 170
10 175
10 180
10 190
11 24
11 33
11 38
11 81
11 97
11 134
11 149
11 160
11 197
12 56
12 65
12 90
12 134
12 159
12 161
12 192
12 194
13 55
13 68
13 73
13 74
13 109
13 115
13 168
13 177
13 182
13 185
13 190
14 31
14 40
14 101
14 106
14 117
14 130
14 153
14 188
14 193
14 196
15 62
15 104
15 120
15 156
15 162
16 65
16 82
16 135
16 160
16 182
17 36
17 44
17 62
17 76
17 78
17 109
17 111
17 117
17 124
17 141
17 156
17 169
17 177
17 186
18 157
18 180
18 191
19 59
19 80
19 90
19 99
19 108
19 111
19 116
19 118
19 127
19 133
19 139
19 166
19 198
20 34
20 43
20 83
20 105
20 122
20 171
20 177
20 183
21 58
21 86
21 97
21 111
21 118
21 154
21 181
22 33
22 64
22 65
22 104
22 108
22 154
22 184
23 28
23 69
23 95
23 125
23 127
23 133
23 136
23 161
23 168
24 29
24 114
24 140
24 162
24 189
25 76
25 123
25 129
25 137
25 138
25 151
25 165
26 63
26 114
26 123
26 132
26 135
26 144
26 163
26 167
26 172
26 182
26 186
26 196
27 55
27 59
27 90
27 97
27 113
27 168
28 59
28 90
28 99
28 100
28 102
28 112
28 118
28 129
28 133
28 141
28 142
28 159
28 165
28 186
28 191
29 41
29 43
29 66
29 90
29 95
29 119
29 133
29 148
29 156
29 172
29 178
30 55
30 63
30 69
30 91
30 94
30 157
30 182
30 188
31 63
31 70
31 134
31 139
31 191
31 195
32 40
32 49
32 59
32 61
32 68
32 77
32 83
32 95
32 102
32 119
32 123
32 188
33 44
33 92
33 102
33 116
33 145
33 150
33 154
33 156
34 61
34 97
34 107
34 124
34 151
34 167
34 196
35 44
35 75
35 87
35 93
35 104
35 112
35 114
35 140
35 157
35 172
36 75
36 76
36 82
36 149
36 162
37 68
37 85
37 89
37 99
37 114
37 124
37 132
37 155
37 163
37 171
37 191
38 50
38 78
38 87
38 127
38 141
38 154
38 198
39 45
39 48
39 57
39 104
39 132
39 143
39 161
40 116
40 128
40 133
40 138
40 154
40 175
40 185
41 83
41 120
41 131
41 140
41 153
41 163
41 167
41 179
41 185
41 198
42 44
42 46
42 63
42 68
42 69
42 107
42 119
42 140
42 145
42 156
42 162
42 168
42 172
42 176
42 180
43 60
43 64
43 73
43 77
43 83
43 104
43 169
43 182
44 57
44 61
44 66
44 67
44 75
44 150
44 177
44 180
44 185
45 51
45 53
45 96
45 102
45 111
45 132
45 134
45 151
45 163
45 176
45 178
46 69
46 76
46 117
46 191
46 197
47 52
47 60
47 97
47 104
48 49
48 62
48 94
48 110
48 115
48 122
48 152
48 156
48 186
48 189
49 61
49 63
49 64
49 71
49 75
49 82
49 86
49 116
49 143
49 156
49 166
50 111
50 140
50 156
50 184
50 196
50 198
51 96
51 100
51 102
51 136
51 155
51 177
52 74
52 105
52 148
52 162
52 194
53 59
53 96
53 165
53 166
53 168
53 190
53 192
54 68
54 104
54 113
54 119
54 123
54 132
54 148
54 149
54 187
55 59
55 61
55 64
55 99
55 108
55 114
55 115
55 120
55 121
55 139
55 172
55 192
56 63
56 64
56 120
56 186
56 189
57 65
57 95
57 106
57 110
57 129
57 163
57 188
57 199
58 97
58 106
58 123
58 157
58 194
59 64
59 67
59 107
59 122
59 144
59 161
59 170
59 176
59 182
59 195
60 65
60 85
60 100
60 127
60 134
60 153
60 162
61 68
61 77
61 92
61 97
61 129
61 162
61 174
61 176
61 189
61 190
61 193
61 198
62 65
62 77
62 101
62 118
62 131
62 146
62 150
62 156
62 165
62 185
63 78
63 121
63 137
63 144
63 191
63 193
64 84
64 99
64 111
64 129
64 137
64 147
64 174
64 181
65 76
65 93
65 125
65 192
66 79
66 99
66 106
66 121
66 126
66 137
66 147
66 148
66 161
66 166
66 180
66 184
67 68
67 81
67 102
67 127
67 151
67 167
67 173
68 74
68 84
68 89
68 93
68 94
68 99
68 101
68 119
68 135
68 140
68 163
68 184
69 71
69 87
69 90
69 183
70 103
70 116
70 140
70 150
70 175
70 178
71 78
71 90
71 110
71 128
71 156
71 179
71 185
71 194
72 89
72 121
72 141
72 153
73 80
73 96
73 141
73 165
74 99
74 127
74 133
74 146
74 155
74 183
74 189
75 85
75 88
75 95
75 148
75 191
76 129
76 132
76 157
76 169
76 171
76 181
77 81
77 89
77 96
77 105
77 116
77 117
77 137
77 146
77 187
78 105
78 114
78 125
78 182
78 189
79 150
79 151
79 169
79 180
80 170
80 196
81 99
81 144
81 175
81 176
81 182
81 189
82 103
82 122
82 180
83 91
83 97
83 99
83 102
83 124
83 155
83 157
83 192
84 93
84 107
84 119
84 193
85 107
85 116
85 128
85 179
85 180
85 181
85 182
85 186
85 188
86 95
86 109
86 138
86 139
86 142
88 90
88 111
88 125
88 129
88 154
88 182
89 95
89 119
89 138
89 180
89 182
89 196
90 98
90 118
90 120
90 147
90 153
90 196
91 99
91 102
91 118
91 128
91 138
91 142
91 150
91 167
91 174
91 178
92 105
92 107
92 121
92 166
92 176
92 187
92 188
92 194
93 98
93 124
93 186
94 98
94 119
94 125
94 134
94 158
94 185
95 102
95 104
95 157
95 159
95 184
95 199
96 104
96 135
96 156
96 188
96 192
96 194
97 112
97 115
97 126
97 152
97 161
97 168
97 181
99 121
99 182
99 198
100 194
101 105
101 111
101 154
101 175
102 112
102 113
102 130
102 142
102 165
103 117
103 145
103 151
103 153
103 170
104 114
104 177
104 181
104 197
105 118
105 125
105 164
105 179
105 190
107 123
107 141
107 143
107 171
108 149
108 180
108 184
108 196
109 136
109 143
109 144
109 146
109 154
109 178
109 181
109 186
110 156
110 186
111 113
111 122
111 151
111 189
112 146
112 185
113 127
113 146
113 167
113 171
114 116
114 127
114 134
114 152
114 168
114 198
115 193
116 121
116 122
116 131
116 142
116 143
116 149
116 150
116 152
116 157
116 170
117 148
117 176
117 179
117 199
118 140
118 147
118 149
118 156
118 189
119 129
119 131
119 134
119 154
119 186
120 128
120 135
120 142
120 145
120 167
120 198
122 154
122 183
123 164
123 166
123 189
124 192
125 189
125 190
125 195
126 147
126 185
126 189
127 133
127 164
127 181
127 188
127 191
127 192
128 137
128 161
128 165
128 192
129 135
129 141
129 148
129 174
129 196
130 131
130 157
130 162
130 181
130 195
130 197
131 137
131 143
131 166
131 179
131 188
131 198
132 159
132 180
133 137
133 141
133 161
133 162
133 185
133 190
133 193
133 195
134 138
134 141
135 144
135 152
135 179
135 191
136 149
136 152
136 193
137 160
138 142
138 147
138 148
138 152
138 160
138 177
138 184
138 189
138 190
139 144
139 159
139 181
140 141
140 158
140 187
140 191
141 157
141 191
142 174
142 175
143 158
143 176
143 195
143 196
143 199
144 149
144 176
145 153
145 155
145 158
145 160
145 167
145 185
145 188
146 160
146 165
147 153
147 170
147 182
148 167
149 158
149 184
150 164
150 183
151 181
151 182
153 173
153 190
154 157
154 171
154 189
155 161
155 189
157 179
158 172
158 188
159 163
159 171
159 180
160 190
162 194
163 165
163 185
164 184
164 189
164 191
164 199
165 171
165 176
165 185
165 186
166 179
166 184
166 185
166 194
168 170
168 198
169 192
169 193
172 173
172 184
172 185
172 189
174 181
174 191
175 177
175 179
175 185
178 190
179 182
179 198
181 187
184 193
185 193
187 189
187 190
193 195
193 196
194 198
196 199
