200 1039
40
11
36
6
75
10
37
62
86
5
94
90
56
24
95
26
40
63
15
82
43
12
80
61
7
10
58
50
93
44
99
30
18
39
57
81
56
96
59
30
40
38
70
5
69
22
98
57
92
81
70
89
31
65
65
18
52
59
68
90
56
26
21
85
14
45
22
19
59
17
36
19
1
86
67
62
72
81
47
42
88
89
38
11
3
98
75
34
74
78
8
36
63
44
40
100
90
79
21
12
62
27
82
14
40
98
62
18
89
2
86
71
96
25
72
74
63
45
6
7
71
88
50
24
100
65
61
86
61
57
65
5
4
5
40
41
75
51
48
30
69
44
49
16
96
92
91
67
34
84
94
94
81
44
38
68
57
2
62
93
68
58
63
89
2
63
34
26
6
34
11
6
41
13
20
78
80
27
1
58
5
33
33
73
95
78
88
50
39
30
37
93
31
65
98
39
41
17
62
12
0 20
0 30
0 31
0 43
0 78
0 121
0 132
0 140
0 147
0 154
0 164
0 181
0 194
0 197
1 22
1 23
1 32
1 36
1 45
1 61
1 97
1 98
1 103
1 112
1 130
1 155
1 171
1 197
2 19
2 21
2 28
2 65
2 133
2 146
2 150
2 159
2 194
3 31
3 37
3 70
3 120
3 125
3 138
3 142
3 145
3 147
3 177
4 44
4 75
4 96
4 157
4 162
5 18
5 21
5 23
5 28
5 41
5 50
5 89
5 102
5 120
5 166
5 196
6 39
6 46
6 98
6 116
6 190
7 21
7 25
7 55
7 66
7 90
7 114
7 125
7 148
7 172
7 177
7 195
8 142
8 169
8 170
9 41
9 49
9 52
9 60
9 64
9 83
9 86
9 102
9 155
9 176
9 191
9 192
10 15
10 31
10 36
10 60
10 69
10 73
10 91
10 104
10 106
10 107
10 181
10 199
11 17
11 20
11 38
11 49
11 55
11 61
11 64
11 79
11 87
11 95
11 102
11 131
11 148
11 155
11 166
12 44
12 51
12 69
12 72
12 89
12 90
12 99
12 126
12 143
12 151
13 32
13 90
13 103
13 112
13 123
13 126
13 133
13 156
13 174
13 188
13 194
14 16
14 47
14 56
14 92
14 110
14 131
14 135
14 140
14 151
14 185
14 195
14 196
15 22
15 29
15 107
15 110
15 141
15 149
15 153
15 158
15 191
16 30
16 39
16 47
16 50
16 142
16 168
16 185
17 86
17 116
17 122
17 130
17 144
17 151
17 155
18 40
18 81
18 110
18 128
18 147
18 170
18 175
19 27
19 59
19 64
19 70
19 89
19 117
19 139
19 142
19 161
19 169
19 177
20 49
20 60
20 105
20 119
20 134
20 162
21 38
21 52
21 94
21 106
21 133
21 154
21 155
21 171
22 35
22 42
22 45
22 101
22 109
22 115
22 120
22 133
23 36
23 38
23 54
23 73
23 75
23 79
23 81
23 90
23 105
23 107
23 108
23 170
24 50
24 52
24 55
24 62
24 78
24 98
24 110
24 111
24 144
24 156
24 165
24 173
24 179
24 193
25 55
25 58
25 71
25 98
25 113
25 129
25 184
25 190
26 58
26 62
26 64
26 90
26 98
26 143
26 167
26 169
26 184
26 191
26 193
27 29
27 34
27 61
27 64
27 73
27 86
27 88
27 89
27 91
27 122
27 129
27 148
27 158
27 184
27 192
28 45
28 73
28 78
28 102
28 122
28 129
28 142
28 162
28 195
29 103
29 104
29 109
29 157
29 168
29 192
30 31
30 42
30 66
30 69
30 124
30 136
30 147
30 179
31 49
31 59
31 87
31 111
31 196
32 33
32 35
32 70
32 82
32 163
32 166
32 180
32 181
32 182
32 185
33 38
33 78
33 88
33 122
33 135
33 174
34 39
34 56
34 78
34 103
34 122
34 140
34 144
34 149
34 159
34 172
34 186
35 40
35 66
35 89
35 167
35 169
36 39
36 49
36 58
36 118
36 161
36 175
36 184
36 195
37 76
37 89
37 90
37 107
37 113
37 129
37 136
37 141
37 151
37 153
37 179
38 69
38 99
38 126
38 158
38 161
38 162
38 169
38 182
38 196
39 47
39 53
39 54
39 67
39 90
39 111
39 118
39 127
39 150
39 151
40 49
40 75
40 90
40 99
40 114
40 125
40 127
40 137
40 148
41 42
41 55
41 94
41 98
41 112
41 134
41 154
41 163
41 169
41 172
41 173
42 43
42 46
42 61
42 72
42 79
42 82
42 91
42 94
42 108
42 114
43 66
43 110
43 120
43 121
43 130
43 131
43 141
43 152
43 184
43 191
43 199
44 57
44 71
44 83
44 84
44 95
44 116
44 135
44 161
44 183
45 50
45 60
45 80
45 99
45 102
45 121
45 124
45 159
45 184
46 65
46 69
46 103
46 156
46 163
46 188
46 197
47 57
47 61
47 104
47 128
47 154
47 175
47 190
48 53
48 58
48 62
48 68
48 69
48 76
48 87
48 91
48 107
48 110
48 120
48 156
48 159
48 162
48 171
48 185
49 69
49 97
49 109
49 130
49 175
50 82
50 89
50 103
50 110
50 116
50 125
50 126
50 140
50 143
50 192
51 84
51 92
51 93
51 104
51 113
51 120
51 138
51 145
51 147
51 157
51 185
52 54
52 79
52 113
52 117
52 124
52 141
52 155
52 189
53 79
53 99
53 111
53 160
53 164
53 182
53 192
54 75
54 76
54 80
54 124
54 134
54 142
54 147
54 163
54 182
54 184
54 194
55 61
55 82
55 86
55 109
55 144
55 150
55 172
55 175
56 60
56 67
56 129
56 131
56 137
56 147
56 158
57 73
57 85
57 87
57 93
57 114
57 115
57 116
57 133
57 153
57 174
57 190
58 65
58 73
58 91
58 104
58 112
58 127
58 141
58 147
58 153
58 170
58 193
58 195
59 102
59 113
59 138
59 167
59 182
60 62
60 76
60 86
60 110
60 111
60 125
60 136
60 140
60 152
60 153
60 191
61 67
61 74
61 116
61 123
61 159
61 167
61 177
61 184
62 94
62 123
62 133
62 152
62 166
62 180
62 191
62 193
63 67
63 95
63 104
63 108
63 126
63 155
64 122
64 126
64 136
64 140
64 151
64 193
65 92
65 96
65 143
65 145
65 151
65 155
65 179
65 199
66 101
66 112
66 156
66 193
67 69
67 86
67 87
67 99
67 138
67 161
67 163
67 187
68 98
68 103
68 110
68 147
68 163
68 164
68 176
68 194
69 95
69 135
69 138
69 141
69 157
69 166
69 199
70 107
70 135
70 141
70 153
70 172
70 184
70 192
71 79
71 112
71 152
71 154
71 168
71 170
71 183
72 83
72 92
72 94
72 97
72 98
72 99
72 100
72 154
72 155
72 163
72 175
72 197
73 78
73 80
73 84
73 89
73 92
73 113
73 141
73 147
73 186
74 97
74 146
74 194
75 132
75 139
75 161
75 183
76 123
76 134
76 143
76 146
76 169
76 198
77 96
77 130
77 160
77 191
77 198
78 85
78 135
78 139
78 143
78 152
78 187
78 199
79 82
79 85
79 107
79 112
79 145
79 167
79 173
79 185
79 187
80 88
80 116
80 119
80 137
80 194
80 196
81 128
81 141
81 150
81 156
81 161
81 164
82 98
82 133
82 163
82 197
83 88
83 97
83 124
83 125
83 144
83 185
84 96
84 128
84 131
84 135
84 145
84 163
84 173
84 192
84 195
85 87
85 95
85 118
85 133
85 153
85 175
85 185
86 117
86 122
86 155
86 159
86 174
86 193
87 143
87 162
87 175
87 186
87 196
88 96
88 111
88 115
88 118
88 157
88 186
89 97
89 110
89 192
90 97
90 107
90 167
90 174
90 177
90 193
91 139
91 147
91 167
91 172
91 173
91 194
91 199
92 94
92 98
92 116
92 191
93 105
93 119
93 153
94 106
94 110
94 140
94 183
95 190
95 193
96 113
96 154
96 193
96 197
97 102
97 169
97 181
98 124
98 125
98 145
98 170
98 193
99 104
99 182
99 196
100 128
100 138
100 156
100 167
100 170
100 182
100 196
101 134
101 166
101 197
102 113
103 108
103 123
103 136
103 179
103 198
104 113
104 125
104 144
104 159
104 178
105 137
106 150
106 162
106 172
107 108
107 130
107 136
107 139
107 155
107 178
107 183
107 195
108 141
109 131
109 136
109 137
110 132
110 143
110 145
110 153
110 158
110 166
110 187
111 137
112 121
112 138
112 153
113 128
113 139
113 156
113 166
113 183
114 191
115 141
115 158
115 163
115 192
115 197
116 146
116 161
116 169
117 134
117 139
117 141
117 145
117 182
117 188
117 195
118 134
118 164
119 129
119 136
119 170
119 178
119 198
120 158
120 172
120 173
120 190
121 125
121 165
121 189
122 147
122 160
122 180
122 193
123 167
123 172
123 183
124 129
124 145
124 169
124 181
124 182
125 135
125 166
126 170
126 173
126 196
127 138
127 142
127 162
127 176
128 129
128 159
128 174
128 184
129 172
129 193
129 194
130 132
130 168
130 178
131 151
131 159
131 160
131 172
132 166
132 177
132 193
133 139
133 162
133 189
133 194
134 146
134 156
135 149
135 172
135 190
135 198
136 138
136 160
136 171
136 178
136 184
136 193
137 157
137 158
137 170
138 153
138 164
139 153
139 194
140 167
140 173
140 178
141 178
141 191
141 196
142 163
142 165
142 166
142 169
142 172
142 188
143 151
144 161
144 164
144 174
144 189
145 148
145 149
145 156
145 166
145 171
147 167
147 196
148 164
148 182
149 175
149 181
150 173
152 176
152 199
153 160
153 178
154 164
154 169
155 161
155 178
155 183
155 192
155 197
156 170
156 176
156 179
156 181
156 198
157 186
158 164
158 165
160 199
161 163
161 179
161 186
162 163
162 176
162 195
162 199
163 166
163 183
164 175
164 176
164 188
165 182
166 177
166 183
167 174
168 176
168 198
169 187
169 199
170 187
170 195
171 174
172 178
172 182
173 193
174 178
174 187
175 184
176 183
177 185
177 196
178 192
179 191
181 192
182 187
182 192
185 196
186 188
187 192
189 197
189 198
193 195
193 197
194 199
