200 983
77
65
73
57
43
97
39
21
97
18
3
45
85
39
20
24
6
12
95
15
15
55
35
48
11
55
14
74
91
77
61
2
26
9
22
70
84
70
15
84
65
83
84
64
26
52
27
65
44
85
63
66
74
15
95
37
64
87
50
12
85
99
60
39
20
91
44
89
56
65
30
9
2
14
33
20
5
62
63
26
9
70
32
10
75
96
91
8
8
73
26
74
100
64
61
32
33
1
22
12
51
87
39
91
98
56
56
59
52
66
71
13
66
83
55
42
87
14
62
54
2
70
41
89
21
93
11
57
79
69
38
7
98
81
1
39
74
71
75
20
14
73
73
63
81
83
86
19
25
100
43
88
48
78
67
73
68
56
23
92
16
44
98
50
44
47
65
98
96
25
38
89
91
1
41
59
76
86
71
79
15
54
70
45
94
5
16
60
49
44
42
11
10
17
53
48
23
59
9
76
0 44
0 66
0 72
0 76
0 90
0 93
0 118
0 119
0 122
0 133
0 153
0 155
0 177
0 184
1 3
1 36
1 45
1 51
1 63
1 72
1 94
1 107
1 124
1 139
1 141
1 174
2 19
2 43
2 57
2 81
2 96
2 165
2 198
3 19
3 25
3 43
3 62
3 78
3 103
3 104
3 125
4 7
4 8
4 39
4 64
4 84
4 106
4 151
4 173
4 188
5 38
5 72
5 77
5 78
5 95
5 106
5 110
5 158
6 13
6 34
6 45
6 51
6 62
6 72
6 89
6 130
6 138
6 171
6 174
6 191
7 21
7 31
7 32
7 33
7 44
7 55
7 87
7 89
7 112
7 164
8 18
8 23
8 32
8 49
8 60
8 71
8 93
8 129
8 130
8 137
8 147
8 171
8 174
8 188
9 68
9 81
9 84
9 114
9 118
9 138
9 161
9 171
9 193
10 58
10 84
10 123
10 138
10 140
10 144
10 173
10 175
10 190
11 13
11 43
11 93
11 101
11 161
11 173
11 177
12 42
12 51
12 65
12 93
12 141
12 147
12 175
13 15
13 97
13 106
13 114
13 116
13 122
13 146
13 157
13 167
13 173
13 187
13 189
13 193
14 57
14 75
14 84
14 105
14 134
14 136
14 141
14 164
14 167
14 188
14 199
15 17
15 36
15 48
15 90
15 93
15 99
15 118
15 143
15 158
15 189
15 190
15 194
16 21
16 22
16 67
16 120
16 145
16 149
16 171
16 177
16 186
16 188
16 198
17 31
17 41
17 56
17 76
17 85
17 86
17 88
17 144
17 158
17 183
17 189
18 33
18 39
18 52
18 150
19 50
19 82
19 102
19 106
19 125
19 147
19 156
19 196
19 199
20 22
20 31
20 34
20 55
20 60
20 109
20 122
20 152
20 174
20 187
21 31
21 34
21 38
21 42
21 89
21 128
21 138
21 141
21 182
22 32
22 59
22 74
22 142
22 158
23 52
23 55
23 66
23 87
23 89
23 95
23 98
23 109
23 118
23 131
23 158
23 159
23 193
24 48
24 96
24 116
24 117
24 169
24 185
25 52
25 54
25 100
25 101
25 135
25 146
25 156
25 168
25 170
25 185
25 190
25 194
26 40
26 42
26 45
26 53
26 81
26 82
26 103
26 117
26 138
26 147
26 165
26 167
26 171
26 184
27 29
27 33
27 58
27 78
27 89
27 90
27 99
27 113
27 116
27 178
28 53
28 64
28 89
28 93
28 120
28 141
29 70
29 86
29 113
29 121
29 141
29 159
29 165
29 187
30 35
30 56
30 59
30 85
30 129
30 135
30 160
30 199
31 37
31 66
31 77
31 125
31 129
31 136
31 158
31 179
31 196
32 91
32 121
32 143
33 45
33 106
33 113
33 130
33 172
33 183
33 188
34 49
34 62
34 88
34 121
34 168
34 179
34 198
35 55
35 60
35 71
35 87
35 103
35 105
35 126
35 181
36 46
36 71
36 75
36 86
36 99
36 160
36 166
37 41
37 50
37 54
37 60
37 76
37 102
37 140
37 171
37 199
38 50
38 58
38 94
38 110
38 120
38 134
38 139
38 155
38 186
39 49
39 89
39 92
39 102
39 121
39 127
39 185
39 199
40 78
40 79
40 114
41 50
41 66
41 91
41 96
41 98
41 118
41 138
41 151
41 159
41 171
41 185
41 193
42 95
42 100
42 123
42 124
42 166
42 179
43 67
43 90
43 102
43 157
44 47
44 57
44 90
44 116
44 130
44 131
45 50
45 86
45 119
45 173
45 190
45 199
46 115
46 138
46 145
46 147
46 149
46 180
46 187
46 191
47 89
47 92
47 137
47 140
47 177
47 194
48 89
48 98
48 122
48 127
48 145
48 150
49 54
49 62
49 64
49 69
49 118
49 138
49 149
49 176
50 54
50 65
50 66
50 143
50 175
50 176
50 184
50 187
51 74
51 102
52 66
52 95
52 158
52 167
52 171
52 177
52 185
53 55
53 106
53 135
53 189
54 63
54 91
54 113
54 148
54 158
54 167
54 181
55 70
55 89
55 90
55 116
55 129
55 147
55 150
55 154
55 175
55 187
56 76
56 93
56 101
56 115
56 118
56 152
56 160
56 163
56 183
56 197
57 100
57 104
57 121
57 128
57 136
57 188
58 68
58 76
58 95
58 100
58 114
58 124
58 175
58 199
59 78
59 93
59 102
59 125
59 160
59 161
59 197
60 66
60 115
60 126
60 142
60 157
60 162
60 166
60 183
60 191
61 120
61 130
61 141
61 142
61 153
61 157
61 194
62 93
62 98
62 103
62 119
62 134
62 195
63 78
63 82
63 87
63 93
63 106
63 121
63 131
63 133
63 171
63 198
64 68
64 94
64 105
64 135
64 148
64 171
64 175
64 176
65 97
65 108
65 144
65 145
66 90
66 95
66 112
66 126
66 131
66 174
66 178
66 184
67 70
67 82
67 98
67 104
67 123
67 134
67 163
68 74
68 82
68 103
68 111
68 132
68 141
68 176
68 190
68 193
69 81
69 89
69 106
69 135
69 136
69 175
69 179
70 83
70 135
70 153
70 192
71 74
71 101
71 116
71 125
71 162
71 189
72 93
72 107
72 117
72 140
72 161
73 151
73 162
73 180
74 111
74 120
74 127
74 140
74 147
74 171
74 172
74 187
75 81
75 107
75 128
75 137
75 149
75 151
75 172
75 187
76 109
76 112
77 80
77 102
77 108
77 116
77 124
77 147
77 152
77 164
77 169
78 85
78 102
78 112
78 152
78 174
78 176
78 190
78 195
79 85
79 115
79 119
79 154
79 159
79 171
79 180
79 190
80 90
80 108
80 127
80 138
80 152
80 158
80 194
81 93
81 126
81 145
81 191
81 195
82 90
82 92
82 118
82 155
82 161
82 173
82 178
82 183
83 98
83 109
83 127
83 128
83 140
83 155
83 166
83 197
84 91
84 95
84 118
84 146
84 182
84 196
85 87
85 118
85 141
85 149
85 168
85 182
85 190
85 191
85 197
86 137
86 145
86 154
86 157
86 158
86 198
87 111
87 121
87 154
87 162
87 166
87 181
88 119
88 147
88 167
88 170
88 193
88 199
89 91
89 100
89 101
89 135
89 151
89 171
90 149
90 158
91 100
91 108
91 138
91 188
92 194
93 115
93 136
93 146
93 157
93 159
93 168
93 185
94 113
94 116
94 122
94 145
94 148
94 186
95 104
95 105
95 141
95 159
95 177
95 185
95 186
96 135
96 182
98 99
98 102
98 111
98 125
98 135
98 143
98 148
99 104
99 128
99 132
99 135
99 183
99 187
99 198
100 106
100 107
100 116
100 124
100 133
100 149
100 154
100 167
100 191
101 103
101 136
101 139
101 154
101 162
101 188
101 192
102 104
102 147
102 189
102 196
103 141
103 150
103 173
104 117
104 142
104 160
104 172
105 119
105 134
105 182
106 110
106 180
107 116
107 145
107 149
107 186
108 110
108 118
108 123
108 165
108 189
109 123
109 129
109 133
109 137
109 175
109 181
109 191
109 192
110 124
110 141
110 163
110 183
111 113
111 120
111 125
111 145
111 146
111 152
111 155
111 170
112 144
112 155
112 161
112 170
113 126
113 154
114 145
114 158
114 162
114 175
114 180
114 186
115 120
115 129
115 171
115 179
116 133
116 135
116 166
116 185
116 188
117 175
117 187
117 193
118 122
118 123
118 139
118 148
118 159
118 187
118 197
119 125
119 156
119 159
119 187
120 123
120 128
120 153
120 164
121 135
121 146
121 148
121 154
121 160
122 142
122 163
122 183
122 188
123 129
123 136
123 156
123 174
124 178
125 146
125 174
126 134
126 163
126 192
127 130
127 195
128 179
129 151
129 170
130 165
131 135
131 138
131 142
131 147
131 151
131 171
131 178
132 150
132 151
132 174
132 184
133 142
133 160
133 165
134 145
135 160
135 187
135 188
135 196
136 138
136 140
136 157
136 189
137 145
137 152
137 164
137 185
138 197
139 143
139 153
140 177
141 156
141 175
141 177
143 152
143 161
143 168
143 176
143 179
144 160
144 163
144 167
145 197
145 199
147 148
147 160
147 194
147 198
148 175
149 153
149 169
149 184
149 193
151 153
151 157
151 170
152 161
152 178
152 191
153 155
153 169
153 187
154 198
155 162
155 175
155 184
156 160
157 194
158 186
158 190
159 167
159 169
159 187
160 181
160 183
161 175
161 177
161 178
161 189
162 179
162 194
163 167
163 195
163 197
164 184
165 180
165 190
165 197
166 168
167 193
168 171
168 176
168 199
169 173
169 195
170 185
172 187
172 192
173 194
174 186
175 177
175 193
176 190
178 184
178 190
178 198
179 199
182 187
185 198
186 197
187 189
193 196
194 198
