200 998
54
62
86
72
18
18
56
68
63
28
31
56
96
76
33
75
90
55
67
12
63
91
75
36
87
63
39
92
44
72
28
23
55
75
12
44
96
87
84
95
47
51
6
34
47
98
81
99
36
87
18
83
49
96
45
58
51
46
18
7
28
35
54
89
47
49
49
23
6
4
24
55
84
62
37
50
53
46
100
72
48
91
56
5
26
67
1
31
99
79
39
93
58
21
2
46
34
86
64
70
51
28
89
97
14
28
29
74
52
7
64
32
12
20
69
1
69
65
37
42
20
54
93
60
48
13
60
43
13
80
52
61
38
86
45
84
27
94
57
57
57
42
40
9
68
47
66
41
48
30
91
76
66
48
21
100
58
79
94
74
8
32
8
71
82
22
91
47
1
33
17
46
43
35
54
34
28
56
65
98
30
70
69
47
54
77
63
46
11
75
60
40
12
55
71
75
82
51
71
66
0 7
0 8
0 36
0 101
0 123
0 129
0 130
0 138
0 144
1 12
1 17
1 28
1 37
1 82
1 83
1 133
1 159
1 163
1 165
1 169
1 180
1 181
1 186
1 187
1 193
2 19
2 54
2 103
2 108
2 125
2 145
2 191
3 8
3 19
3 43
3 55
3 56
3 64
3 113
3 118
3 135
3 138
3 140
3 141
3 146
3 159
4 19
4 46
4 48
4 92
4 93
4 145
4 166
4 192
5 49
5 104
5 109
5 112
5 163
5 194
5 198
6 15
6 68
6 113
6 135
6 136
6 163
6 173
6 186
7 32
7 36
7 99
7 106
7 139
7 153
7 156
7 177
7 182
8 56
8 76
8 117
8 120
8 133
8 142
8 145
8 160
8 173
8 178
9 16
9 32
9 56
9 57
9 58
9 76
9 92
9 146
9 152
9 163
9 174
9 188
10 22
10 27
10 45
10 79
10 95
10 99
10 130
10 156
11 17
11 22
11 24
11 38
11 47
11 62
11 68
11 69
11 84
11 90
11 103
11 132
11 156
11 187
12 32
12 38
12 46
12 71
12 93
12 99
12 112
12 118
12 138
12 147
12 165
12 178
12 186
12 191
13 40
13 41
13 45
13 46
13 86
13 109
13 113
13 133
13 134
13 143
13 167
13 186
14 101
14 105
14 150
14 171
15 17
15 48
15 62
15 102
15 122
15 142
15 162
15 167
15 196
16 27
16 57
16 76
16 152
16 157
16 197
17 22
17 59
17 73
17 128
17 152
17 154
17 177
18 19
18 23
18 40
18 64
18 78
18 108
18 133
18 139
18 140
18 145
18 154
18 175
18 183
19 52
19 95
19 115
19 140
19 194
20 33
20 67
20 81
20 103
20 107
20 118
20 125
20 132
20 137
20 161
20 163
20 179
20 180
21 35
21 50
21 57
21 58
21 64
21 94
21 109
21 120
21 129
21 150
21 178
22 51
22 56
22 78
22 127
22 141
22 143
22 159
22 171
22 187
23 24
23 96
23 139
23 155
23 182
24 35
24 60
24 70
24 72
24 73
24 94
24 120
24 140
24 171
24 189
25 50
25 63
25 65
25 73
25 91
25 133
25 143
26 30
26 34
26 46
26 92
26 155
26 166
26 183
26 199
27 44
27 108
27 127
27 152
27 176
27 181
27 192
27 194
28 51
28 60
28 66
28 67
28 81
28 111
28 134
28 154
28 156
29 47
29 63
29 72
29 77
29 84
29 100
29 108
29 123
29 129
29 159
29 160
29 188
30 52
30 85
30 86
30 100
30 116
30 123
30 128
30 153
30 183
30 196
31 39
31 79
31 90
31 118
31 121
31 138
31 143
32 55
32 57
32 76
32 79
32 81
32 108
32 141
32 187
33 41
33 61
33 65
33 66
33 97
33 125
33 133
33 174
33 180
34 75
34 173
35 40
35 62
35 92
35 107
35 159
35 164
35 169
35 173
35 175
35 191
36 65
36 133
36 138
36 150
36 193
37 63
37 72
37 93
37 106
37 156
38 46
38 50
38 68
38 176
38 193
39 67
39 141
39 174
39 182
40 45
40 58
40 68
40 98
40 130
40 133
40 138
40 141
40 177
41 85
41 89
41 109
41 157
41 178
41 189
41 194
41 196
42 65
42 71
42 80
42 95
42 168
42 178
42 192
42 194
42 196
43 66
43 94
43 95
43 106
43 176
43 182
44 86
44 90
44 107
44 139
44 142
45 50
45 70
45 73
45 90
45 125
45 126
45 144
45 183
46 84
46 122
46 136
46 183
47 55
47 69
47 101
47 117
47 124
47 195
48 84
48 103
48 127
48 180
48 190
48 197
49 126
49 137
49 153
49 184
50 69
50 77
50 79
50 89
50 96
50 98
50 102
50 108
50 120
50 146
50 172
50 188
51 80
51 100
51 115
51 120
51 165
51 168
51 176
51 177
51 195
52 64
52 69
52 80
52 126
52 144
52 183
52 187
52 196
52 198
53 68
53 69
53 81
53 100
53 115
53 125
53 129
53 145
53 156
53 180
53 198
54 106
54 157
54 159
54 161
54 183
55 60
55 89
55 90
55 93
55 105
55 123
55 139
55 146
55 152
55 167
55 185
56 60
56 62
56 80
56 125
56 133
56 187
57 79
57 83
57 102
57 105
57 106
57 145
57 148
57 181
57 197
58 75
58 77
58 97
58 102
58 124
58 146
58 149
58 157
58 169
58 199
59 92
59 125
59 132
59 136
59 144
59 161
59 166
60 84
60 85
60 104
60 111
60 139
60 196
61 62
61 80
61 81
61 116
61 134
61 135
61 172
61 193
62 63
62 87
62 92
62 123
62 157
62 197
63 77
63 85
63 107
63 114
63 119
63 156
63 160
63 199
64 74
64 83
64 87
64 133
64 170
65 72
65 91
65 104
66 91
66 98
66 107
66 142
66 160
66 183
66 193
67 162
68 80
68 92
68 95
68 123
68 125
68 134
68 141
69 87
69 98
69 147
69 156
69 168
70 93
70 98
70 100
70 108
70 114
70 125
70 126
70 138
70 159
70 172
70 188
70 197
71 80
71 98
71 104
71 106
71 147
71 190
71 198
72 79
72 107
72 129
72 132
72 136
72 139
72 143
72 178
73 102
73 132
73 165
74 87
74 88
74 92
74 123
74 137
74 144
74 151
74 159
74 167
74 172
74 183
75 80
75 109
75 134
75 179
75 193
75 196
76 96
76 104
76 157
76 167
76 181
76 183
76 185
76 190
77 93
77 168
77 177
77 182
78 109
78 126
78 134
78 160
78 177
78 180
79 136
80 82
80 88
80 132
81 97
81 100
81 144
81 181
81 187
81 195
82 106
82 121
82 125
82 133
82 137
82 145
82 159
82 169
82 181
83 84
83 88
83 89
83 119
83 144
83 148
83 152
83 156
83 180
84 90
84 92
84 98
84 100
84 105
84 115
84 160
84 189
84 194
85 100
85 142
85 185
85 186
86 123
86 163
86 187
87 143
87 157
87 161
87 172
88 117
88 132
88 166
88 169
88 177
89 98
89 104
89 119
89 120
89 147
89 182
89 187
90 103
90 120
90 121
90 127
90 160
90 177
91 115
91 129
91 146
91 152
92 96
92 97
92 101
92 150
92 168
92 180
93 99
93 102
93 105
93 119
93 144
93 155
93 193
93 194
94 108
94 112
94 125
94 130
94 136
94 152
94 190
95 104
95 107
95 130
95 135
95 138
95 144
95 152
95 155
95 166
95 167
96 148
96 184
96 191
97 103
97 108
97 155
97 159
97 199
98 134
98 147
98 160
98 175
99 150
99 157
99 160
99 197
100 108
100 120
100 123
100 131
100 136
100 178
101 102
101 135
101 139
101 143
101 152
101 176
101 194
102 119
102 129
102 138
102 172
102 183
102 197
103 131
103 137
103 191
103 193
104 121
104 139
104 141
104 143
104 173
104 183
105 116
105 127
105 153
105 166
105 175
105 179
105 184
106 122
106 143
106 159
106 190
107 115
107 125
107 163
107 171
107 188
107 197
107 199
108 159
108 195
109 123
109 148
109 158
109 181
110 154
110 164
110 167
110 190
111 167
112 117
112 124
112 186
113 122
113 127
113 140
113 145
114 131
114 158
114 195
114 197
115 125
115 136
115 157
115 173
116 150
117 122
117 131
117 150
117 169
117 188
118 169
119 133
119 149
119 194
119 195
120 154
120 160
120 178
120 182
120 184
120 197
121 153
122 132
122 136
122 138
122 153
122 165
122 172
122 181
122 188
122 190
123 132
123 136
123 160
123 170
123 188
124 158
124 189
125 145
125 148
125 150
125 172
125 186
126 133
126 157
126 173
126 188
127 149
127 160
127 184
127 196
128 142
128 179
128 181
128 184
128 186
129 135
129 150
129 175
129 180
129 185
130 144
130 165
130 166
130 184
131 133
131 174
132 134
132 142
132 155
132 163
132 190
133 154
133 156
134 148
134 183
134 184
134 185
135 157
135 183
136 143
136 145
136 157
136 161
136 165
136 166
136 175
136 176
137 166
137 180
137 189
138 143
139 146
139 152
139 173
139 175
139 178
140 152
140 158
141 144
141 150
141 163
141 194
141 197
142 151
142 156
142 176
142 194
143 164
143 196
144 152
144 158
145 196
146 185
147 148
147 174
147 175
147 182
148 164
148 177
148 199
149 162
149 176
149 177
149 188
150 164
150 183
151 161
151 182
152 189
153 160
153 188
153 193
155 157
155 164
155 199
156 166
156 180
156 189
157 165
157 173
157 199
158 178
158 182
158 183
158 198
159 176
159 188
160 169
160 175
160 186
160 191
160 194
161 184
161 194
162 166
162 189
162 193
162 198
164 169
164 179
165 188
166 169
166 177
166 178
167 175
167 184
169 179
169 181
170 197
171 188
172 173
173 189
174 176
174 187
174 189
175 176
177 198
178 188
179 199
181 197
182 197
183 193
185 197
185 198
189 195
191 194
193 198
