200 973
12
63
44
83
72
16
66
41
26
74
61
83
35
52
32
33
21
92
88
26
21
7
18
77
59
47
46
5
36
6
35
45
43
95
38
82
48
99
89
6
89
25
89
37
62
22
81
13
11
10
88
73
66
88
68
31
66
81
10
88
90
27
12
68
15
80
13
26
85
55
62
6
74
43
69
58
77
8
19
59
60
88
43
26
65
50
91
86
25
45
74
10
33
61
71
93
33
95
42
44
39
33
39
77
9
76
58
55
53
33
23
83
78
6
22
36
58
2
47
80
95
5
62
10
61
22
74
33
37
94
51
13
44
44
95
75
86
50
27
57
77
56
14
55
85
53
46
57
77
86
42
29
46
54
50
60
38
24
24
37
98
64
46
65
53
25
63
47
8
68
39
12
44
83
54
11
9
100
75
26
21
8
55
46
66
81
87
50
10
64
82
54
12
84
4
73
58
13
63
18
0 10
0 46
0 47
0 60
0 79
0 151
0 152
0 153
0 157
1 42
1 47
1 120
1 130
1 134
1 151
1 153
1 162
1 170
2 27
2 68
2 86
2 107
2 110
2 124
2 147
2 154
3 16
3 21
3 48
3 71
3 75
3 76
3 78
3 81
3 110
3 131
3 140
3 148
3 162
4 67
4 83
4 92
4 97
4 100
4 120
4 145
4 169
5 69
5 71
5 75
5 138
5 164
5 170
5 176
6 15
6 30
6 47
6 67
6 93
6 99
6 111
6 117
6 161
6 165
6 170
6 191
7 32
7 34
7 35
7 48
7 86
7 111
7 176
7 184
7 195
8 31
8 43
8 55
8 83
8 90
8 99
8 104
8 113
8 123
8 149
8 150
8 162
8 166
8 175
8 187
9 18
9 42
9 57
9 76
9 85
9 86
9 109
9 152
9 165
9 166
10 63
10 76
10 80
10 82
10 88
10 111
10 113
10 137
10 142
10 157
10 184
11 27
11 67
11 68
11 79
11 88
11 93
11 108
11 158
11 189
12 20
12 25
12 36
12 71
12 103
12 107
12 124
12 150
12 156
12 160
12 171
12 185
12 188
13 41
13 65
13 80
13 94
13 140
13 147
13 152
13 169
13 175
14 64
14 105
14 144
14 147
14 151
14 177
15 84
15 135
15 159
15 191
16 24
16 56
16 108
16 128
16 160
16 163
16 173
16 199
17 29
17 88
17 94
17 133
17 158
17 170
17 176
17 187
18 53
18 75
18 86
18 90
18 102
18 122
18 141
18 178
18 184
18 198
19 21
19 36
19 41
19 43
19 119
19 165
20 75
20 99
20 101
20 104
20 107
20 113
20 144
20 165
20 169
20 182
21 27
21 64
21 71
21 73
21 96
21 102
21 136
21 153
21 168
21 172
22 36
22 46
22 59
22 117
22 127
22 184
23 28
23 45
23 99
23 109
23 115
23 129
23 145
23 169
23 192
24 33
24 36
24 38
24 44
24 48
24 50
24 76
24 84
24 148
25 52
25 56
25 63
25 155
25 163
25 195
26 44
26 57
26 61
26 93
26 97
26 110
26 118
26 124
26 161
26 165
26 170
26 171
26 177
27 95
27 98
27 175
27 192
28 42
28 89
28 107
28 140
28 151
28 164
29 62
29 66
29 90
29 92
29 97
29 112
29 136
29 142
29 169
29 179
30 80
30 99
30 182
31 38
31 44
31 57
31 61
31 71
31 76
31 87
31 118
31 151
32 41
32 61
32 75
32 96
32 127
32 162
33 63
33 79
33 80
33 99
33 132
34 35
34 39
34 85
34 86
34 89
34 103
34 128
34 151
34 169
34 174
35 37
35 40
35 56
35 61
35 94
35 96
35 98
35 117
35 149
36 44
36 60
36 138
36 199
37 46
37 67
37 85
37 120
37 168
37 169
37 173
37 175
37 193
38 78
38 98
38 99
38 150
38 162
38 196
39 67
39 72
39 89
39 92
39 96
39 111
39 117
39 120
39 145
39 148
39 164
39 165
39 196
40 48
40 79
40 99
40 127
41 47
41 59
41 63
41 66
41 67
41 81
41 84
41 86
41 100
41 171
41 173
41 197
42 47
42 113
42 115
42 138
42 147
42 157
42 172
43 61
43 63
43 73
43 75
43 79
43 90
43 116
43 134
43 152
43 172
43 181
43 182
43 195
44 45
44 87
44 98
44 122
44 131
44 174
44 195
45 52
45 62
45 87
45 93
45 115
45 123
45 149
45 152
45 153
45 159
45 176
45 177
45 183
46 59
46 154
46 199
47 76
47 109
47 121
47 145
47 148
47 152
47 157
47 159
47 170
47 172
47 190
48 66
48 88
48 95
48 150
48 172
48 173
48 181
48 187
49 85
49 100
49 142
49 149
49 194
50 89
50 131
50 148
50 161
50 163
50 170
51 59
51 119
51 152
51 178
51 187
51 199
52 53
52 89
52 106
52 147
52 150
52 152
52 156
52 176
52 181
52 183
52 192
52 194
53 73
53 96
53 107
53 108
53 187
54 61
54 89
54 110
54 135
54 152
54 158
54 177
55 102
55 112
55 117
55 146
55 182
56 75
56 77
56 135
56 182
57 85
57 117
57 140
57 173
57 194
58 65
58 78
58 84
58 99
58 101
58 120
58 142
58 150
58 168
59 72
59 89
59 100
59 158
59 159
60 83
60 84
60 117
60 119
60 125
60 182
60 195
61 69
61 78
61 88
61 128
61 170
61 176
61 192
62 66
62 77
62 101
62 105
62 115
62 117
62 153
62 162
63 122
63 162
63 164
63 179
63 181
64 80
64 96
64 101
64 113
64 131
64 155
65 69
65 77
65 104
65 120
65 137
65 144
65 150
65 193
66 107
66 149
66 153
66 154
66 161
66 164
66 184
66 194
66 199
67 72
67 83
67 118
67 137
67 195
68 84
68 143
68 152
68 156
68 179
68 186
68 189
68 192
69 106
69 116
69 122
69 144
69 184
69 193
70 80
70 91
70 95
70 97
70 120
70 130
70 164
70 167
70 198
71 153
71 171
71 172
71 176
71 198
72 110
72 125
72 132
72 144
72 167
72 168
72 175
72 193
73 93
73 96
73 97
73 113
73 165
73 171
73 185
73 190
74 106
74 126
74 132
74 193
75 87
75 94
75 117
75 121
75 147
75 176
76 94
76 123
76 190
76 195
76 197
77 96
77 115
77 116
77 151
78 112
78 123
78 158
79 94
79 97
79 151
79 165
79 168
79 195
80 131
80 135
80 136
80 156
80 194
80 196
81 99
81 119
81 149
81 177
81 183
81 190
81 192
81 196
82 94
82 100
82 157
82 182
82 184
82 189
83 95
83 196
84 101
84 111
85 102
85 112
85 165
85 185
85 196
86 90
86 92
86 97
86 114
86 116
86 128
86 131
86 132
86 134
86 137
86 146
86 151
86 166
86 193
86 194
88 101
88 105
88 142
88 161
88 163
88 169
89 96
89 110
89 114
89 140
89 147
89 176
89 195
90 148
90 172
90 190
90 193
90 195
90 199
91 144
91 146
91 148
91 151
91 164
91 165
91 170
91 192
92 180
92 181
92 182
93 94
93 149
93 152
93 173
93 193
93 196
94 126
94 175
95 106
95 132
96 107
96 116
96 119
96 128
96 180
96 190
97 100
97 116
97 127
97 137
97 138
97 184
98 117
98 138
98 154
98 192
99 131
99 135
99 138
99 150
99 170
99 183
99 192
100 121
100 127
100 148
100 171
100 191
100 192
101 113
101 131
101 139
101 143
101 159
101 193
101 199
102 104
102 110
102 115
102 120
102 127
102 169
103 116
103 146
103 172
103 184
103 195
104 107
104 131
104 140
104 142
104 165
104 167
104 174
104 188
105 125
105 151
105 170
105 181
106 124
106 151
106 181
107 118
107 123
107 124
107 125
107 159
108 110
108 122
108 131
108 133
108 134
108 176
108 185
109 135
109 141
109 152
110 122
110 130
110 166
110 167
110 181
111 112
111 123
111 142
111 147
111 156
111 159
111 196
112 164
112 178
113 159
114 117
114 155
114 175
114 187
115 122
115 124
115 167
115 195
116 125
116 130
116 135
116 142
117 163
117 164
117 165
117 177
117 183
117 199
118 123
118 150
118 152
119 147
119 152
119 157
119 189
119 197
120 137
120 143
120 145
120 152
121 180
121 182
122 169
122 176
123 131
123 132
123 142
123 159
123 180
124 132
124 166
124 179
124 183
125 137
125 175
125 179
126 142
126 146
126 149
127 170
128 131
128 189
130 141
130 182
130 188
131 153
131 167
131 173
131 174
131 190
131 198
132 142
132 144
132 190
132 196
132 197
132 198
133 135
133 183
133 187
133 191
134 169
135 146
135 152
135 154
135 162
135 167
135 183
136 147
136 151
136 163
136 181
137 165
138 154
138 169
138 172
138 197
139 142
139 160
139 172
139 182
139 192
140 141
140 169
140 182
140 184
140 199
141 167
141 168
141 171
141 197
142 157
142 162
143 154
143 197
144 176
145 154
145 174
147 187
148 179
149 170
149 173
149 182
149 184
150 155
150 166
150 168
151 176
151 188
151 193
152 162
152 180
152 193
152 198
153 180
153 185
153 186
154 157
154 158
154 170
154 182
155 156
155 157
155 162
155 164
155 173
155 181
155 188
156 191
156 195
156 198
157 167
157 193
159 162
159 168
160 163
160 179
161 179
163 166
163 170
163 193
164 172
164 178
164 181
165 175
165 190
165 199
166 195
167 172
167 177
167 196
168 169
169 177
170 183
171 172
171 176
171 188
171 192
173 198
174 197
175 187
176 180
177 195
178 188
179 180
179 187
179 199
184 198
186 189
188 190
190 191
195 196
