200 1008
26
65
55
46
47
8
93
28
16
68
46
95
42
87
99
100
86
48
1
33
58
72
24
75
34
49
46
66
36
35
31
51
77
77
12
2
76
59
72
71
59
96
84
96
56
93
24
61
89
37
48
30
13
59
9
37
27
99
25
43
31
60
17
3
86
94
47
54
53
68
96
31
62
21
81
12
74
47
47
2
69
61
23
10
51
2
1
21
45
98
14
72
69
31
20
42
86
38
58
77
23
34
89
47
24
19
84
76
60
18
27
13
74
78
21
9
76
56
97
76
57
28
82
70
21
89
65
6
8
82
47
43
76
86
4
49
9
3
100
78
79
13
3
89
45
33
12
54
5
53
57
71
73
7
79
30
10
10
83
10
77
72
46
39
68
53
11
6
46
75
63
43
41
26
58
26
2
19
92
15
25
3
100
77
36
30
23
55
20
20
34
50
64
79
82
18
72
68
4
56
0 3
0 26
0 90
0 91
0 97
0 99
0 117
0 123
0 165
0 171
0 176
0 187
0 198
1 4
1 58
1 61
1 67
1 83
1 143
2 4
2 11
2 20
2 25
2 32
2 72
2 80
2 89
2 98
2 101
2 149
2 158
2 185
3 52
3 53
3 101
3 124
3 130
3 134
3 147
3 198
4 13
4 16
4 27
4 29
4 40
4 55
4 65
4 66
4 88
4 99
4 181
4 196
5 28
5 89
5 118
5 119
5 131
5 136
5 140
5 170
5 177
6 32
6 37
6 54
6 77
6 83
6 84
6 128
6 134
6 176
7 37
7 61
7 106
7 108
7 128
7 147
7 161
7 162
7 173
7 190
7 195
8 19
8 48
8 62
8 111
8 136
8 138
8 148
8 172
8 177
8 189
9 27
9 77
9 83
9 100
9 109
9 128
9 153
9 160
10 16
10 19
10 60
10 69
10 161
11 33
11 47
11 61
11 68
11 69
11 86
11 154
12 30
12 55
12 85
12 123
12 135
12 170
12 181
13 28
13 35
13 63
13 73
13 84
13 87
13 116
13 120
13 155
13 175
14 74
14 120
14 138
14 190
15 16
15 66
15 77
15 85
15 160
15 161
16 56
16 120
16 129
16 135
16 144
16 146
16 170
17 20
17 35
17 49
17 95
17 97
17 98
17 110
17 134
17 179
17 191
17 199
18 58
18 73
18 81
18 101
18 107
18 132
18 165
18 174
18 199
19 91
19 102
19 172
19 181
19 199
20 22
20 26
20 34
20 40
20 48
20 51
20 57
20 77
20 82
20 84
20 119
20 130
20 160
20 162
20 180
20 184
21 32
21 49
21 59
21 60
21 65
21 110
21 152
21 196
22 54
22 68
22 92
22 95
22 122
22 143
22 155
23 30
23 126
23 149
23 170
23 177
24 103
24 154
24 156
24 160
24 181
24 186
25 76
25 83
25 94
25 110
25 111
25 118
25 140
25 152
25 187
26 31
26 34
26 52
26 53
26 62
26 71
26 77
26 81
26 84
26 112
26 122
26 124
26 146
26 161
26 163
27 34
27 80
27 86
27 94
27 133
27 138
27 155
27 156
27 189
27 190
28 41
28 46
28 62
28 86
28 121
28 135
28 150
28 156
28 191
28 199
29 33
29 49
29 87
29 141
29 146
29 155
29 162
29 197
30 70
30 79
30 137
30 146
30 172
30 174
30 175
30 177
30 196
30 199
31 41
31 64
31 79
31 84
31 90
31 96
31 102
31 118
31 131
31 140
31 155
31 158
31 165
32 103
32 105
32 165
32 178
32 194
33 110
33 130
33 135
33 169
33 170
33 193
33 198
34 36
34 39
34 55
34 116
34 146
34 162
34 186
34 188
35 47
35 49
35 81
35 104
35 129
35 134
35 169
35 174
35 176
36 48
36 51
36 63
36 67
36 74
36 99
36 102
36 106
36 109
36 112
36 140
36 146
36 178
36 191
37 38
37 61
37 83
37 109
37 112
37 120
37 122
37 132
37 136
37 140
38 88
38 98
38 100
38 112
38 136
38 165
38 171
38 190
38 197
38 198
39 44
39 60
39 68
39 71
39 89
39 190
40 75
40 76
40 81
40 85
40 167
40 176
40 182
40 185
40 189
41 47
41 48
41 58
41 87
41 107
41 135
41 150
41 162
42 120
42 161
42 170
42 185
43 55
43 60
43 105
43 148
43 157
43 164
44 56
44 69
44 71
44 120
44 143
44 150
44 169
44 199
45 80
45 83
45 98
45 118
45 139
45 159
45 176
46 100
46 116
46 118
46 125
46 145
46 147
46 163
46 190
47 48
47 61
47 75
47 91
47 113
47 143
47 166
47 184
48 89
48 110
48 140
48 146
48 194
49 116
49 132
49 159
49 176
49 181
50 70
50 78
50 135
50 146
50 153
50 187
50 193
50 194
51 54
51 90
51 182
51 194
51 195
52 67
52 79
52 103
52 128
52 164
52 174
52 181
52 192
53 67
53 71
53 91
53 92
53 126
53 136
53 137
53 170
53 172
54 69
54 133
54 146
54 153
54 157
54 160
54 173
54 175
54 178
55 105
55 111
55 113
55 121
55 163
55 166
56 74
56 82
56 114
56 135
56 163
56 167
57 69
57 100
58 71
58 104
58 125
58 127
58 133
58 152
58 170
59 106
59 133
59 152
59 174
59 179
60 63
60 68
60 92
60 111
60 173
61 111
61 125
61 151
61 185
61 192
62 89
62 105
62 130
62 140
62 172
62 179
62 196
63 77
63 114
63 115
63 127
63 128
63 130
63 139
63 141
63 171
64 105
64 138
64 172
64 174
64 196
65 79
65 110
65 122
65 159
65 162
65 174
65 194
66 76
66 112
66 143
66 158
66 163
67 73
67 75
67 81
67 99
67 131
67 152
68 83
68 109
68 112
68 117
68 133
68 144
68 146
68 148
68 171
69 80
69 84
69 94
69 185
69 186
69 189
69 194
69 195
70 73
70 107
70 109
70 117
70 120
70 122
70 141
70 156
70 159
71 74
71 85
71 97
71 101
71 106
71 109
71 121
72 78
72 91
72 143
72 152
72 192
72 198
73 87
73 113
73 114
73 121
73 131
73 137
73 153
73 174
73 191
73 193
73 199
74 87
74 111
74 130
74 169
74 179
75 106
75 112
75 148
75 154
75 172
75 184
76 90
76 95
76 104
76 118
76 125
76 131
76 132
76 134
76 141
76 153
76 172
76 189
77 87
77 94
77 104
77 136
78 163
79 142
79 153
79 176
79 179
80 108
80 110
80 144
80 172
80 186
81 127
81 166
81 178
81 193
81 195
81 198
82 96
82 125
82 194
83 84
83 113
83 118
83 153
83 156
83 160
83 179
84 140
84 184
85 89
85 91
85 130
85 145
85 150
85 165
86 105
86 168
87 106
87 124
87 134
87 135
87 155
87 165
87 174
87 180
87 184
87 197
87 199
88 94
88 125
88 137
88 178
88 192
89 99
89 109
89 113
89 126
89 141
89 142
89 179
90 97
90 191
91 92
91 113
91 126
91 157
91 163
91 175
91 177
91 178
91 199
92 110
92 126
92 152
92 171
92 191
93 129
93 132
93 150
93 151
93 162
93 168
93 174
93 177
93 199
94 98
94 99
94 107
94 121
94 127
94 155
95 112
95 127
95 161
95 185
96 132
96 136
96 144
96 185
96 195
97 128
97 145
97 164
97 167
97 177
97 180
97 187
97 190
98 102
98 136
98 137
98 138
98 172
98 198
99 101
99 112
99 122
99 142
100 109
100 118
100 125
100 131
100 136
100 157
100 168
100 181
100 182
100 183
100 184
100 197
101 156
101 158
102 125
102 165
102 179
102 180
102 196
103 123
103 172
103 177
103 184
104 108
104 118
104 122
104 176
104 195
105 109
105 119
105 168
105 176
105 183
105 190
105 196
105 199
106 114
106 142
106 155
106 164
106 181
107 142
107 154
107 155
107 162
108 126
108 131
108 164
108 176
108 185
109 134
109 162
109 181
109 198
110 140
110 141
110 149
110 160
110 176
111 130
111 134
111 150
111 152
111 165
111 186
111 199
112 147
112 154
112 172
112 186
112 197
113 131
113 137
113 138
113 159
113 170
113 187
113 195
114 118
114 125
114 127
114 133
114 148
114 176
114 180
114 189
115 128
115 152
116 118
116 128
116 150
116 163
116 168
116 171
116 175
117 130
117 162
118 181
119 136
119 140
119 143
119 197
120 122
120 158
120 170
120 192
120 194
121 138
121 155
121 161
121 173
122 145
122 149
122 159
122 160
122 168
122 170
123 166
123 171
123 187
124 176
124 182
124 183
124 186
124 197
125 173
125 193
126 131
126 138
126 142
126 145
126 148
126 165
126 168
126 173
126 187
126 189
126 191
127 149
127 154
127 165
127 167
127 175
127 189
128 144
128 184
128 187
128 193
129 136
129 154
129 167
129 173
129 182
129 194
130 133
130 145
130 147
130 156
130 190
130 199
131 151
131 170
131 173
132 161
132 171
132 176
132 179
132 192
132 197
132 199
133 160
133 168
133 170
134 147
134 151
134 165
134 173
134 178
135 171
136 137
137 142
137 193
138 146
138 147
139 164
139 165
139 188
140 192
141 159
141 163
141 175
141 187
141 198
142 148
142 165
143 158
143 196
144 145
144 152
144 160
144 194
145 157
146 156
146 198
147 152
147 165
148 194
149 189
149 194
150 162
150 172
150 180
150 189
151 152
151 190
152 188
152 190
153 170
153 174
153 182
153 184
154 176
154 177
156 166
156 169
156 177
157 164
157 170
157 173
157 178
157 193
158 180
160 176
162 169
162 172
162 193
163 166
163 168
164 174
164 187
164 194
165 183
165 184
165 185
167 192
168 169
168 174
168 184
168 196
168 197
168 199
169 199
170 171
170 176
170 184
171 181
171 189
172 195
173 196
175 179
176 184
178 187
178 195
180 188
181 189
181 192
181 198
182 186
184 197
186 188
187 188
188 194
190 191
190 198
191 199
196 197
