200 1046
92
67
60
13
80
92
68
68
33
56
34
27
15
42
38
81
96
59
11
90
98
96
1
57
27
62
75
56
7
9
63
78
23
9
84
5
74
92
31
9
9
73
62
24
81
61
4
81
65
99
69
33
12
43
45
27
8
60
10
22
21
86
5
67
94
64
71
26
62
64
17
61
16
71
29
13
87
50
95
5
64
32
61
6
44
73
7
100
77
26
64
74
65
7
23
10
3
73
73
47
51
9
73
85
75
13
54
21
89
34
31
25
72
86
87
88
35
78
8
71
57
44
6
49
93
69
84
27
88
19
10
25
23
46
53
76
50
85
9
17
75
78
76
64
57
40
12
78
44
93
77
81
52
93
93
84
81
40
33
98
83
87
45
41
51
11
84
81
57
13
34
60
61
13
81
34
56
91
5
92
76
25
73
52
86
6
5
96
90
58
89
42
88
61
34
50
16
19
19
58
0 12
0 64
0 82
0 139
0 156
0 171
1 16
1 19
1 24
1 30
1 33
1 51
1 75
1 82
1 85
1 105
1 106
1 119
1 129
1 152
1 159
1 160
1 193
1 198
2 7
2 21
2 24
2 36
2 43
2 111
2 112
2 120
2 126
2 133
2 138
2 144
3 7
3 38
3 118
3 139
3 190
4 5
4 8
4 23
4 26
4 39
4 58
4 73
4 78
4 83
4 120
4 138
5 33
5 47
5 56
5 70
5 71
5 94
5 140
5 145
5 194
6 22
6 33
6 64
6 84
6 89
6 116
6 149
6 181
6 182
6 183
7 16
7 34
7 37
7 44
7 60
7 64
7 99
7 168
7 190
8 51
8 67
8 84
8 87
8 146
8 153
8 164
8 195
9 15
9 41
9 46
9 81
9 89
9 96
9 108
9 114
9 127
9 188
9 193
9 194
10 29
10 49
10 52
10 84
10 110
10 116
10 117
10 174
11 25
11 37
11 42
11 54
11 61
11 63
11 68
11 91
11 113
11 121
11 131
11 144
11 161
11 163
11 166
11 194
11 198
12 15
12 27
12 64
12 65
12 71
12 82
12 92
12 95
12 99
12 130
12 131
12 139
13 56
13 76
13 90
13 114
13 140
13 148
13 171
13 175
13 186
14 43
14 48
14 61
14 66
14 92
14 97
14 103
14 104
14 108
14 146
14 197
15 22
15 23
15 30
15 38
15 46
15 52
15 87
15 88
15 174
15 176
15 193
15 198
16 41
16 43
16 66
16 79
16 96
16 99
16 111
16 113
16 143
16 147
16 155
16 166
16 184
17 27
17 37
17 61
17 82
17 135
17 150
17 154
17 187
17 197
18 40
18 56
18 62
18 75
18 158
18 164
19 94
19 111
19 140
19 151
20 36
20 51
20 56
20 84
20 88
20 95
20 105
20 122
20 129
20 136
20 145
20 187
20 192
21 27
21 43
21 84
21 113
21 133
21 134
21 139
21 143
21 150
21 171
21 179
21 180
21 185
21 196
22 66
22 86
22 93
22 111
22 148
22 155
22 173
22 180
22 185
22 186
23 74
23 79
23 104
23 121
23 147
23 148
23 187
24 31
24 37
24 45
24 53
24 56
24 87
24 117
24 134
24 148
24 174
24 182
24 183
24 184
24 186
25 31
25 100
25 103
25 124
25 147
25 162
25 169
25 184
25 186
25 195
26 63
26 80
26 90
26 91
26 137
26 184
27 73
27 76
27 82
27 85
27 109
27 135
27 142
27 156
27 165
27 171
27 175
27 189
28 58
28 87
28 100
28 105
28 121
28 127
28 132
28 139
28 170
28 183
28 196
29 57
29 67
29 74
29 79
29 99
29 106
29 113
29 116
29 122
29 177
30 38
30 39
30 72
30 86
30 176
30 189
31 58
31 74
31 76
31 90
31 95
31 108
31 141
31 143
31 144
31 147
31 162
32 40
32 63
32 79
32 99
32 100
32 121
32 122
32 137
32 140
32 148
32 169
32 185
33 51
33 62
33 68
33 116
33 120
33 133
33 141
33 147
33 149
33 159
33 193
34 40
34 45
34 61
34 62
34 70
34 100
34 109
34 116
34 186
35 48
35 50
35 103
35 115
35 150
35 154
35 188
36 57
36 87
36 92
36 127
36 136
36 151
36 174
36 176
36 187
37 38
37 94
37 109
37 115
37 156
37 158
37 161
37 176
37 186
38 48
38 50
38 81
38 91
38 122
38 173
38 181
38 189
38 199
39 101
39 102
39 104
39 121
39 135
39 137
39 156
39 164
39 186
40 42
40 58
40 92
40 93
40 97
41 64
41 73
41 80
41 90
41 104
41 138
41 178
41 179
41 194
42 85
42 86
42 87
42 153
42 162
42 189
42 198
43 90
43 117
43 135
43 142
44 76
44 84
44 96
44 105
44 140
44 149
44 157
44 164
44 175
45 53
45 56
45 63
45 78
45 115
45 130
45 141
45 178
45 196
46 72
46 106
46 113
46 130
47 64
47 86
47 128
47 158
47 190
48 64
48 67
48 73
48 104
48 120
48 131
48 135
48 146
48 161
48 182
48 191
49 52
49 70
49 77
49 88
49 110
49 124
50 56
50 69
50 71
50 117
50 120
50 133
50 135
50 136
50 138
50 153
50 180
50 184
50 195
51 55
51 79
51 117
51 132
51 147
52 63
52 97
52 109
52 138
52 163
52 194
53 62
53 88
53 107
53 125
53 149
53 182
53 184
53 192
54 64
54 66
54 67
54 100
54 103
54 106
54 115
54 127
54 141
54 190
55 73
55 75
55 100
55 128
55 152
55 159
55 170
55 185
56 72
56 94
56 109
56 115
56 145
56 154
56 164
56 165
56 192
57 60
57 97
57 100
57 120
57 156
57 175
58 59
58 151
58 171
58 180
58 181
58 185
58 198
59 72
59 81
59 86
59 90
59 104
59 122
59 128
59 158
59 178
59 179
59 198
60 67
60 84
60 117
60 125
60 126
60 129
60 133
60 149
60 158
60 173
61 102
61 111
61 116
61 145
61 153
61 179
61 185
62 64
62 66
62 73
62 104
62 170
62 172
62 187
62 191
63 66
63 71
63 73
63 84
63 106
63 113
63 116
63 165
63 175
64 66
64 97
64 104
64 160
64 186
65 95
65 101
65 128
65 131
65 147
65 166
66 93
66 105
67 75
67 90
67 94
67 97
67 103
67 121
67 129
67 158
67 177
67 178
67 187
67 195
68 69
68 71
68 105
68 118
68 138
68 152
68 185
69 76
69 108
69 131
69 185
69 190
69 199
70 97
70 121
70 124
70 144
70 165
70 178
70 180
70 195
70 199
71 86
71 96
71 123
71 131
71 153
71 164
71 172
71 177
72 84
72 85
72 146
72 151
72 155
73 74
73 81
73 86
73 99
73 118
73 124
73 178
74 79
74 100
74 101
74 102
74 105
74 119
74 125
74 142
74 148
74 184
74 188
75 139
75 164
75 175
75 192
76 108
76 162
76 195
77 125
77 193
78 95
78 124
78 129
78 149
78 168
78 179
78 195
78 197
79 84
79 103
79 107
79 119
79 143
79 167
80 92
80 105
80 141
80 160
80 165
80 169
80 170
80 183
80 185
80 188
80 193
81 95
81 101
81 105
81 115
81 118
81 126
81 143
82 145
82 173
83 84
83 85
83 87
83 96
83 148
83 163
83 186
83 198
84 97
84 108
84 109
84 115
84 121
84 125
84 132
84 134
84 160
84 166
85 102
85 110
85 119
85 163
85 174
85 181
85 192
86 124
86 132
86 139
86 149
86 153
87 134
87 140
87 148
87 152
87 177
87 178
88 115
88 118
88 173
88 178
88 187
89 105
89 128
89 156
89 157
90 116
91 149
91 156
92 111
92 140
92 160
93 117
94 152
94 155
94 157
94 158
94 165
95 120
95 133
96 138
96 154
96 171
97 100
98 99
98 111
98 186
99 112
99 143
99 182
100 120
100 126
100 142
100 157
100 160
100 192
101 111
101 122
101 140
101 147
101 172
101 189
101 192
102 114
102 139
102 190
103 113
103 115
103 145
103 152
103 154
103 169
103 181
103 185
103 186
103 192
104 154
104 157
104 158
104 166
105 117
105 118
105 124
105 130
105 146
105 148
105 160
105 180
105 191
105 193
105 199
106 123
106 129
106 130
106 138
106 186
107 121
107 161
108 115
108 116
108 118
108 169
109 116
109 121
109 127
109 131
109 134
109 137
109 144
109 146
109 158
109 165
109 195
110 134
110 136
110 138
110 175
110 183
110 186
110 191
111 127
111 134
111 150
112 131
112 140
112 142
112 152
112 162
112 175
112 189
113 117
113 199
114 149
114 160
114 193
115 117
115 121
115 158
115 191
116 133
116 185
116 198
116 199
117 118
117 119
117 155
118 137
118 158
119 130
119 140
119 161
119 188
119 196
120 151
120 180
121 135
121 148
121 166
121 169
122 136
122 138
122 162
122 171
122 183
123 148
123 158
123 184
123 199
124 137
124 139
124 149
124 160
125 127
125 131
125 132
125 141
125 167
125 169
125 184
125 187
126 156
126 158
126 175
127 143
127 168
127 173
127 184
128 134
128 153
128 186
128 189
128 190
129 133
129 164
129 168
129 180
130 132
130 140
130 145
130 151
130 162
130 167
130 172
130 195
131 137
131 141
131 161
131 173
132 146
132 161
132 178
133 182
133 194
134 170
135 150
135 184
136 164
137 148
137 173
137 180
137 187
137 191
138 157
138 159
138 172
138 199
139 147
139 189
140 188
141 165
141 182
141 186
142 158
142 169
142 179
142 185
142 195
143 160
143 173
143 189
144 174
144 180
144 190
145 172
146 152
146 182
146 184
146 188
147 158
147 161
147 176
148 153
148 195
149 185
149 190
150 181
150 189
150 196
152 160
152 168
153 189
153 196
154 170
154 184
154 191
155 161
155 167
155 183
156 186
157 167
157 185
159 172
160 170
160 183
160 184
160 192
161 163
161 166
161 168
161 174
162 171
162 184
163 183
163 195
164 174
164 177
164 178
166 179
166 183
167 187
167 199
168 185
168 197
169 176
169 177
169 198
173 182
173 185
173 192
173 194
174 196
174 198
175 182
176 177
176 186
177 178
177 179
177 199
179 190
179 197
180 194
182 184
183 184
183 187
183 189
183 195
184 196
188 196
189 192
189 197
