200 217
13
60
23
27
25
90
18
39
9
33
73
50
78
54
32
17
35
30
96
35
50
51
46
71
47
10
74
51
50
98
76
56
46
42
16
47
44
25
75
47
19
10
82
18
45
62
57
7
8
51
44
73
59
46
64
34
17
59
42
87
97
14
29
1
47
32
71
11
22
78
58
78
8
24
56
56
59
7
8
53
54
12
59
14
14
57
61
15
95
77
88
31
49
53
95
24
99
43
15
42
71
44
57
27
20
54
18
18
81
18
26
36
3
98
95
28
75
12
37
61
89
20
60
32
30
66
94
37
6
88
30
81
83
95
88
98
44
66
34
45
17
91
16
66
29
5
25
31
78
32
65
19
13
64
89
70
93
1
91
24
97
59
89
72
74
1
72
58
51
75
84
95
53
14
91
98
66
6
45
45
75
42
65
79
38
5
27
9
99
46
49
87
93
35
47
1
99
67
3
23
0 115
1 74
1 90
1 169
1 186
2 50
2 171
3 53
3 59
4 47
4 92
4 119
4 131
5 198
6 18
6 116
6 128
7 49
7 86
7 173
9 27
9 31
9 135
9 151
9 164
10 132
11 72
11 131
11 198
12 30
12 142
12 163
13 79
13 80
13 140
13 171
13 180
14 66
14 83
14 135
14 169
15 172
16 24
16 58
17 118
18 194
18 198
19 29
19 141
20 75
20 133
20 147
21 61
21 79
22 52
22 77
23 29
23 141
24 153
25 71
26 184
28 64
29 85
30 83
30 148
30 154
32 122
33 98
34 56
34 91
34 178
36 159
37 87
37 107
37 166
38 59
40 115
40 129
41 57
41 136
41 167
42 59
42 107
42 165
43 115
43 182
44 50
44 77
44 92
45 103
45 108
46 137
47 51
49 108
49 133
50 74
50 168
51 171
52 130
54 188
55 66
55 83
55 96
55 184
56 175
57 118
58 162
59 67
59 166
59 184
61 185
62 119
62 186
63 119
64 170
65 156
66 189
67 148
68 111
68 140
69 138
69 146
69 158
69 191
70 108
70 115
70 173
71 126
71 165
72 115
72 137
72 150
74 109
75 114
75 185
75 191
76 94
77 104
77 154
78 115
79 189
80 173
81 131
81 194
81 195
83 103
83 141
84 92
84 107
84 135
85 167
86 134
87 108
88 148
88 149
88 166
88 197
89 156
90 124
91 169
92 161
92 186
93 162
94 119
94 151
94 170
96 171
98 101
98 140
98 194
99 172
101 145
104 139
105 110
105 165
105 184
106 143
107 165
109 111
113 157
116 123
117 195
119 162
119 198
120 128
122 169
123 138
124 150
125 127
125 149
125 157
127 129
128 145
132 163
133 184
136 145
137 151
137 175
138 171
138 174
139 175
139 194
144 172
147 164
148 199
150 167
152 153
155 190
157 164
157 171
160 180
165 171
168 184
173 197
178 182
191 198
196 197
