200 194
36
24
64
63
68
24
89
2
58
62
5
66
99
45
38
50
9
79
66
47
58
38
32
79
95
86
30
30
29
36
71
53
75
73
73
13
13
46
8
29
77
81
9
29
49
69
52
13
69
65
36
48
59
34
7
10
7
16
64
88
61
2
5
42
7
94
25
17
86
21
1
49
76
39
83
24
39
90
35
15
59
24
86
65
64
27
17
31
15
59
45
66
7
97
64
8
99
55
8
24
91
73
44
26
69
20
70
82
51
25
32
96
60
89
33
21
52
20
5
35
15
76
63
47
81
74
51
2
25
5
100
32
71
7
13
31
85
38
58
32
94
67
78
29
25
91
74
96
35
29
25
92
60
76
50
15
40
76
94
35
95
63
64
65
4
13
41
38
87
11
66
56
76
37
9
77
49
100
88
45
41
99
65
11
4
85
31
70
11
97
40
52
83
6
85
3
53
69
59
36
0 173
1 18
1 87
3 45
3 109
3 174
4 166
4 187
5 91
5 101
5 152
5 156
6 65
6 187
8 78
9 180
10 21
10 58
10 183
11 98
11 137
12 136
12 152
13 35
13 190
15 87
15 162
16 74
16 123
17 182
18 48
18 72
18 149
18 189
19 177
21 33
21 172
22 56
22 183
23 97
24 128
24 161
25 46
25 67
27 142
27 195
28 145
30 63
30 139
31 52
31 94
31 126
31 128
31 163
32 121
32 180
34 191
35 188
36 52
36 110
36 191
38 144
38 169
38 186
38 189
39 90
39 114
39 157
42 154
43 162
44 55
44 58
44 198
45 114
45 125
45 179
45 199
47 103
48 68
48 84
48 111
50 72
50 103
52 87
53 195
54 112
55 181
57 64
59 85
59 148
60 121
61 69
61 72
61 81
61 84
61 192
62 116
62 148
63 110
64 114
64 159
64 171
68 160
69 129
70 145
71 87
71 111
72 106
72 141
73 95
73 130
73 191
74 178
74 179
75 95
75 138
75 189
75 191
76 137
78 148
78 188
79 143
82 106
83 164
83 181
87 141
88 124
88 199
89 92
89 158
90 91
90 173
91 113
91 137
91 146
93 98
93 101
93 158
93 188
94 101
97 126
97 167
99 146
99 163
100 114
100 161
101 188
103 122
104 112
104 163
105 114
105 129
105 174
107 176
108 177
109 166
110 155
111 125
112 146
112 186
113 152
113 153
114 158
114 190
115 117
115 150
117 119
119 133
121 148
122 133
122 137
122 175
123 171
126 132
126 195
127 138
127 158
132 175
135 175
136 172
137 151
139 194
140 145
141 169
143 184
145 146
149 158
149 191
149 196
154 168
154 189
157 173
173 191
179 183
