200 202
66
28
99
27
51
8
53
56
94
97
32
9
66
47
91
39
99
66
21
86
63
43
60
36
41
4
25
64
15
3
70
87
2
54
96
77
63
81
91
69
61
84
4
78
95
89
23
46
57
91
4
92
100
50
74
93
3
56
76
38
93
13
55
6
74
3
83
89
58
47
82
40
2
67
58
85
89
86
61
19
25
15
55
68
38
89
2
5
53
57
65
92
62
94
49
90
54
75
93
13
52
48
92
18
20
19
60
10
87
98
99
42
39
8
40
58
45
16
99
76
17
81
19
11
91
34
52
62
56
31
61
23
64
8
59
9
62
19
27
6
100
42
97
43
10
15
78
57
21
1
53
96
42
42
39
12
22
62
99
5
29
50
70
57
2
40
46
20
15
72
51
32
29
1
86
57
83
54
32
79
45
53
49
29
47
22
90
27
78
37
34
87
8
33
95
81
36
16
54
91
0 57
0 124
1 70
1 74
1 79
3 36
3 70
3 120
3 153
4 21
4 67
5 58
5 71
6 107
7 19
7 21
7 129
7 173
8 97
8 179
8 183
9 125
10 13
10 41
10 110
10 116
10 189
11 43
11 49
11 68
11 136
12 151
12 180
15 62
15 156
15 184
16 76
17 63
17 70
17 77
17 78
17 103
18 47
19 53
20 37
20 70
21 89
23 69
23 122
24 65
25 27
26 81
26 137
27 41
27 50
27 73
27 86
27 99
27 167
28 100
31 74
32 155
32 194
33 49
33 56
33 63
33 188
34 91
34 105
34 107
34 119
35 89
36 135
37 52
37 199
38 172
38 182
39 76
39 139
39 164
39 199
40 94
41 43
41 95
43 44
44 167
45 196
47 92
47 139
49 125
50 131
50 172
51 146
52 71
53 70
53 80
53 187
55 58
55 132
55 150
56 83
56 87
56 101
57 199
59 89
60 106
60 113
61 173
62 186
66 87
66 113
67 132
67 164
68 89
69 85
70 166
71 112
72 76
72 128
72 189
72 197
73 111
73 122
75 112
76 154
77 135
77 148
79 193
80 123
80 126
82 92
82 103
85 96
85 171
89 149
90 91
91 142
91 161
92 172
92 173
93 199
95 184
96 131
96 173
96 183
98 168
99 118
99 186
100 183
100 187
101 148
101 165
102 177
106 179
106 192
107 123
107 143
110 134
110 152
111 133
112 119
113 199
114 191
116 122
116 184
119 135
119 163
120 181
123 146
124 177
125 128
125 129
125 176
126 144
126 178
126 182
126 195
127 165
129 149
130 138
130 185
133 145
134 185
136 163
141 167
141 184
142 167
143 190
147 158
147 175
147 177
148 161
149 169
150 163
160 183
161 167
166 179
169 177
172 178
180 187
185 188
187 189
