200 207
19
26
29
39
76
31
40
59
90
26
28
61
80
15
34
54
25
87
21
14
21
61
29
44
72
55
43
29
42
53
84
69
15
35
57
3
31
67
53
31
8
9
47
53
84
37
5
2
55
8
84
96
24
25
51
34
100
57
3
74
51
86
96
29
79
64
68
24
86
49
34
81
84
40
2
53
25
53
32
82
90
89
79
75
8
45
71
39
23
63
97
77
36
74
25
88
94
48
51
37
32
30
79
95
67
91
95
90
86
16
16
8
66
21
92
35
15
45
76
48
57
44
48
40
39
7
49
34
3
52
60
57
97
44
96
68
90
39
42
17
3
49
96
79
50
60
66
95
17
87
22
62
79
96
34
68
29
22
89
14
55
50
58
96
10
25
60
24
18
81
93
51
100
73
43
58
20
87
45
75
49
90
47
15
72
34
90
87
67
4
43
69
28
6
50
37
29
65
80
91
0 16
0 85
0 166
0 197
1 41
1 158
2 10
2 85
3 138
3 155
5 6
5 114
5 140
6 19
6 139
7 152
7 157
8 45
8 114
8 171
11 81
11 199
12 66
13 41
13 55
14 103
14 196
15 79
16 27
17 24
17 53
17 188
17 198
18 21
18 131
18 192
19 109
19 173
20 25
20 184
22 31
22 173
22 179
23 182
25 125
26 89
26 112
26 142
27 31
27 52
27 57
27 110
28 107
28 120
28 141
28 171
30 160
30 165
33 38
34 55
34 183
34 191
35 87
36 47
36 107
37 76
38 43
38 87
39 118
39 136
41 114
44 148
45 50
45 184
46 91
46 93
46 166
47 99
48 155
48 173
48 188
48 192
49 97
49 159
49 160
50 175
51 118
51 128
52 68
53 116
54 76
54 126
55 66
55 101
55 180
57 199
58 83
58 138
58 164
59 190
61 196
62 176
63 156
65 115
65 149
66 106
66 131
66 169
66 173
67 119
67 121
68 77
68 194
69 126
69 150
70 180
71 78
71 82
73 139
74 117
75 165
76 139
76 148
76 153
77 160
77 178
77 195
78 184
79 127
79 137
80 168
81 106
81 171
81 179
85 126
86 106
86 194
86 197
88 139
89 96
89 121
91 108
92 151
95 102
95 125
95 175
96 123
96 145
96 156
96 175
97 157
101 146
102 193
103 162
104 123
104 197
108 120
109 173
110 191
111 171
112 121
112 149
113 165
114 164
114 179
115 128
116 151
117 120
119 152
124 157
124 164
125 193
126 143
126 149
126 157
126 197
127 145
127 168
128 131
128 138
129 192
131 146
131 165
132 186
135 156
136 152
136 182
136 187
139 151
139 153
140 160
140 182
141 164
142 156
142 193
144 186
148 187
149 178
151 159
152 157
158 175
161 178
166 192
169 170
171 194
172 176
184 192
