200 175
76
75
86
80
72
23
62
100
63
2
49
13
71
93
99
32
40
71
14
48
96
22
21
31
43
29
52
63
29
3
68
25
37
19
62
47
62
69
24
74
100
90
82
67
72
65
7
9
62
24
61
63
92
15
33
93
89
3
54
94
80
99
62
11
2
57
30
9
69
8
17
38
17
76
80
64
24
86
27
65
73
4
5
80
23
40
67
96
24
52
61
12
71
35
38
30
14
99
89
86
84
31
48
66
95
81
22
26
57
84
2
49
54
70
80
58
49
34
17
9
53
41
9
76
62
2
36
4
82
40
18
94
49
57
33
39
49
1
6
93
32
83
11
10
89
48
80
25
28
25
44
46
100
62
45
70
44
91
46
73
39
22
75
48
53
64
29
83
58
26
17
26
50
63
44
32
69
58
95
92
58
70
55
87
36
26
32
69
37
75
17
34
38
50
56
74
10
72
77
9
0 24
2 180
3 47
3 58
3 67
3 89
4 75
4 191
5 9
6 73
6 77
7 51
7 64
7 140
8 115
9 186
10 33
11 15
11 103
11 120
11 121
12 20
12 56
14 107
14 143
16 102
16 127
17 55
18 117
18 174
21 50
21 195
23 140
23 186
24 138
26 37
26 103
27 48
27 161
28 166
29 136
30 54
30 133
30 169
33 61
34 157
35 116
36 152
37 113
38 196
39 107
39 148
39 162
41 167
42 176
43 97
43 130
43 146
44 175
45 82
46 62
46 106
47 70
47 189
49 105
50 118
50 192
51 80
51 161
53 75
53 92
53 153
54 175
55 159
57 86
57 160
58 70
59 93
60 136
60 178
61 186
65 73
65 106
66 86
66 192
67 153
67 181
68 132
73 102
73 177
74 77
74 89
78 80
78 193
80 87
80 144
80 170
81 150
82 84
82 119
82 168
86 144
87 139
88 104
88 173
90 96
90 174
91 97
91 155
91 175
91 184
92 176
93 99
93 100
95 141
96 143
99 132
99 136
99 149
99 173
101 116
102 120
102 187
105 116
105 138
106 166
107 139
108 129
111 192
113 131
113 141
113 197
116 194
117 135
118 147
118 177
121 155
121 174
122 124
123 144
124 157
125 165
125 171
126 171
127 144
127 148
129 161
129 163
130 179
131 165
133 164
135 138
135 198
136 163
136 167
137 170
137 198
139 151
139 156
140 167
141 142
143 152
147 170
150 161
150 167
155 168
159 169
160 169
160 170
162 173
170 180
171 180
172 194
173 174
177 187
