200 1013
39
35
54
89
8
65
65
13
5
9
12
55
67
97
46
100
86
47
86
17
49
90
97
65
74
84
55
26
78
54
68
79
77
79
7
80
51
87
91
81
31
52
72
83
11
22
20
7
7
49
3
49
65
52
28
26
28
93
97
26
73
89
50
37
62
67
27
11
73
84
90
57
14
17
55
58
68
65
19
26
80
30
45
32
6
8
36
13
14
33
62
52
5
17
76
13
63
56
31
83
62
96
25
5
49
74
8
47
7
42
52
10
48
81
85
96
33
70
34
98
98
64
4
50
100
39
95
87
99
19
37
26
29
90
27
8
95
62
42
82
2
93
61
55
40
91
33
94
23
78
14
81
84
88
76
80
56
74
68
52
83
15
45
47
69
52
82
1
94
77
76
61
48
26
88
18
45
92
29
37
30
33
44
81
94
89
84
46
80
80
57
85
37
74
83
51
87
88
34
70
0 31
0 33
0 42
0 58
0 77
0 115
0 119
0 131
0 140
0 159
0 165
0 174
0 188
1 25
1 60
1 73
1 114
1 118
1 178
2 8
2 11
2 50
2 70
2 77
2 103
2 124
2 174
2 185
2 192
2 196
2 198
3 4
3 8
3 17
3 23
3 69
3 95
3 127
3 133
4 29
4 44
4 74
4 98
4 102
4 156
4 173
5 75
5 99
5 106
5 107
5 173
5 175
5 182
5 199
6 8
6 13
6 86
6 87
6 89
6 91
6 93
6 97
6 107
6 156
6 161
6 163
7 35
7 59
7 72
7 97
7 111
7 159
7 163
7 187
8 35
8 43
8 46
8 52
8 115
8 119
8 140
8 171
8 198
9 11
9 19
9 31
9 46
9 58
9 60
9 90
9 97
9 102
9 113
9 126
9 137
9 151
9 171
9 194
10 12
10 27
10 62
10 74
10 75
10 92
10 136
10 163
10 186
10 190
11 29
11 82
11 90
11 133
11 177
11 189
12 21
12 28
12 53
12 62
12 66
12 72
12 87
12 88
12 93
12 136
12 159
12 179
13 49
13 59
13 178
13 184
14 24
14 49
14 56
14 86
14 90
14 134
14 150
14 151
14 161
14 177
14 193
15 25
15 33
15 34
15 44
15 65
15 70
15 71
15 88
15 91
15 99
15 119
15 130
15 154
15 189
16 76
16 78
16 85
16 102
16 115
16 145
16 161
17 35
17 36
17 65
17 105
17 116
17 119
17 135
17 146
18 36
18 49
18 54
18 71
18 84
18 86
18 91
18 103
18 107
18 118
18 123
18 124
18 135
18 160
18 174
18 181
18 183
18 188
19 22
19 39
19 51
19 65
19 77
19 120
19 145
20 28
20 66
20 72
20 90
20 140
20 143
20 156
20 159
20 189
20 194
20 196
21 23
21 41
21 43
21 56
21 72
21 73
21 100
21 125
21 127
21 152
21 164
21 175
21 186
21 190
21 192
22 23
22 39
22 59
22 94
22 99
22 101
22 107
22 117
22 126
22 140
22 154
22 178
23 51
23 53
23 82
23 89
23 102
23 116
23 139
23 164
23 169
24 36
24 59
24 71
24 88
24 107
24 124
24 139
24 158
24 172
25 94
25 97
25 105
25 154
25 157
25 166
26 39
26 63
26 68
26 89
26 90
26 111
26 124
26 127
26 136
26 177
26 194
26 199
27 46
27 90
27 119
27 169
27 175
27 184
27 191
27 193
27 199
28 36
28 38
28 71
28 101
28 137
28 143
28 145
28 150
28 152
28 170
28 194
29 32
29 48
29 69
29 86
29 97
29 146
29 192
30 34
30 66
30 70
30 113
30 169
31 35
31 99
31 101
31 139
31 141
31 146
31 152
31 158
31 160
31 169
32 51
32 52
32 53
32 69
32 71
32 77
32 124
32 128
32 156
32 162
32 188
32 196
33 52
33 66
33 71
33 77
33 79
33 116
33 152
33 167
34 35
34 47
34 57
34 109
34 145
34 161
34 171
35 93
35 94
35 141
35 147
35 148
35 190
35 193
35 195
36 44
36 74
36 80
36 92
36 112
36 162
36 177
37 38
37 45
37 69
37 75
37 115
37 129
37 149
37 182
37 198
38 40
38 89
38 122
38 135
38 137
38 177
38 199
39 58
39 82
39 98
39 117
39 138
39 142
39 149
39 166
39 173
39 176
39 179
39 184
40 65
40 69
40 79
40 102
40 109
40 118
40 129
40 156
40 164
40 175
40 189
40 196
41 52
41 63
41 64
41 79
41 90
41 110
41 115
41 134
41 169
41 179
41 189
42 51
42 117
42 139
42 145
42 173
43 88
43 102
43 112
43 121
43 168
43 183
43 187
44 45
44 57
44 61
44 65
44 79
44 81
44 83
44 119
44 156
44 197
45 57
45 120
45 143
45 161
45 183
45 186
45 193
45 194
46 57
46 58
46 90
46 93
46 105
46 114
46 116
46 123
46 125
46 146
46 164
46 179
46 194
47 72
47 84
47 85
47 121
47 136
47 139
47 177
47 196
48 61
48 92
48 108
48 110
48 115
48 124
48 130
48 135
48 159
48 165
49 57
49 67
49 95
49 103
49 105
49 125
49 158
49 191
50 114
50 118
50 128
50 133
51 76
51 127
51 136
51 155
51 163
51 170
51 188
51 191
52 131
52 137
52 156
53 58
53 63
53 64
53 69
53 98
53 104
53 110
53 148
53 151
53 152
53 179
54 83
54 110
54 128
54 140
54 147
54 169
55 57
55 76
55 121
55 136
55 154
55 159
56 58
56 61
56 76
56 87
56 89
56 103
56 140
56 148
56 153
56 181
56 182
56 194
57 60
57 65
57 72
57 75
57 106
57 107
57 131
57 144
57 149
57 166
57 182
57 185
58 82
58 127
58 150
58 163
58 191
59 118
59 120
60 76
60 78
60 79
60 134
60 143
60 155
60 159
60 165
60 167
61 70
61 95
61 130
61 148
61 160
61 179
61 182
62 64
62 70
62 91
62 96
62 158
62 163
63 84
63 89
63 109
63 113
63 117
63 125
63 171
64 66
64 78
64 84
64 108
64 130
64 148
64 181
65 66
65 74
65 106
65 112
65 123
65 131
65 145
65 164
65 171
66 147
66 151
66 192
67 101
67 120
67 125
67 159
67 193
68 77
68 83
68 107
68 121
68 122
68 143
68 146
69 125
69 144
69 151
69 156
69 172
70 71
70 78
70 161
70 165
70 172
71 77
71 131
71 158
71 167
71 168
71 189
72 78
72 83
72 94
72 121
72 131
72 138
72 147
72 157
72 187
72 190
73 81
73 91
73 95
73 106
73 107
73 111
73 128
73 143
73 151
73 155
73 184
73 187
74 85
74 91
74 100
74 102
74 107
74 113
74 118
74 149
74 155
74 179
74 186
74 198
74 199
75 79
75 96
75 105
75 119
75 136
75 137
75 168
75 180
75 188
76 116
76 143
76 156
76 161
76 182
77 89
77 98
77 102
77 106
77 117
78 80
78 131
79 96
79 112
79 139
79 156
79 168
79 177
79 183
79 192
80 88
80 95
80 162
80 164
80 173
81 85
81 130
81 143
81 162
81 175
82 84
82 158
82 160
82 172
82 177
82 181
82 194
83 89
83 103
83 111
83 139
83 180
83 182
84 100
84 119
84 146
84 152
84 171
85 98
85 153
85 183
86 122
86 129
86 134
86 137
86 164
86 178
87 144
87 157
87 174
88 127
88 135
88 141
88 142
88 174
88 175
89 114
89 181
90 92
90 97
90 98
90 127
90 156
90 162
90 175
90 180
91 94
91 99
91 103
91 106
91 117
91 161
91 174
92 113
92 114
92 164
92 184
93 98
93 99
93 105
93 123
93 180
94 122
94 146
94 185
95 134
95 142
95 143
95 150
95 178
95 180
95 197
96 101
96 105
96 115
96 148
96 163
96 178
97 107
97 142
97 151
98 150
98 151
98 158
98 161
98 164
98 170
99 102
99 118
99 140
99 147
99 157
99 174
99 189
99 194
100 139
100 143
100 150
100 192
101 109
101 146
101 163
101 171
101 178
102 107
102 124
102 135
102 184
102 189
103 150
103 152
103 185
104 185
104 188
104 190
104 191
105 111
105 146
105 149
105 160
105 195
106 130
106 155
107 136
107 166
107 185
107 188
108 132
108 140
108 156
108 159
108 169
109 126
109 143
109 145
110 177
110 183
110 195
111 123
111 161
111 197
111 199
112 120
112 126
112 129
112 156
112 160
112 164
113 132
113 144
113 186
114 117
114 144
114 154
114 172
114 192
115 116
115 146
116 128
116 132
116 144
117 157
117 174
117 181
118 126
118 145
118 160
118 178
118 192
119 120
119 133
119 175
119 188
119 191
120 136
120 162
120 164
120 165
120 174
121 175
121 185
121 191
121 198
122 128
122 152
122 158
122 172
122 175
122 178
122 185
122 199
123 124
123 127
123 139
123 159
123 196
124 127
124 128
124 153
124 156
124 186
124 189
125 135
125 164
125 182
125 183
126 167
126 172
126 185
126 187
127 128
127 134
127 136
127 147
127 154
127 184
128 163
128 190
128 191
129 138
129 146
129 149
129 151
130 134
130 147
130 156
130 170
130 185
131 152
131 173
131 185
133 173
134 135
134 138
134 180
134 196
135 151
136 149
137 173
137 180
137 182
137 193
138 140
138 165
138 183
138 185
138 189
139 185
139 189
140 152
140 187
143 144
143 170
143 184
143 185
144 155
144 176
145 178
145 196
146 153
146 167
147 188
147 192
148 162
148 174
148 175
148 188
148 192
151 173
151 197
152 160
152 171
152 175
152 198
153 157
153 169
154 196
156 184
156 194
157 159
157 189
158 195
159 161
159 162
160 199
161 171
161 185
162 190
163 182
163 191
164 174
165 175
165 195
166 182
166 185
166 193
167 180
167 193
167 199
168 179
168 186
169 188
173 183
173 196
175 182
175 192
175 199
176 195
179 193
179 195
180 186
182 199
183 193
184 196
187 196
188 193
189 190
189 192
189 198
191 197
192 195
