200 1027
81
86
19
10
7
3
18
32
66
22
90
56
62
95
72
79
76
64
93
57
77
4
46
90
28
33
37
90
50
87
97
98
36
61
87
13
39
90
67
47
74
72
77
100
6
90
88
30
39
80
79
50
22
89
76
59
11
3
13
63
69
86
5
18
56
68
38
72
93
27
69
81
68
79
59
87
87
59
42
2
64
67
66
4
99
36
36
81
55
36
80
28
23
87
54
48
100
26
54
91
58
34
51
26
26
3
17
58
56
96
85
40
65
86
76
29
98
12
9
28
33
10
36
61
7
39
21
24
37
42
93
60
56
45
92
25
64
76
9
37
4
81
78
90
17
29
27
9
67
100
70
97
52
16
96
33
2
2
87
54
76
14
92
37
5
26
58
16
73
33
96
91
50
54
81
66
81
19
9
47
82
1
36
44
40
98
93
60
12
43
44
8
54
63
60
65
11
26
89
74
0 12
0 30
0 60
0 86
0 92
0 95
0 103
0 107
0 132
1 3
1 46
1 83
1 101
1 155
1 173
1 183
1 188
2 9
2 44
2 50
2 52
2 53
2 57
2 72
2 109
2 122
2 144
2 148
2 153
2 158
3 13
3 14
3 26
3 34
3 55
3 94
3 133
3 162
3 170
3 173
3 175
3 181
3 198
4 7
4 14
4 48
4 78
4 81
4 100
4 124
4 135
4 137
4 143
5 19
5 21
5 33
5 115
5 125
5 133
5 164
5 174
5 196
6 15
6 18
6 26
6 35
6 56
6 69
6 82
6 136
6 149
6 196
7 56
7 96
7 98
7 135
7 140
7 144
7 150
7 173
7 181
8 29
8 77
8 95
8 108
8 173
8 186
8 196
9 29
9 91
9 128
9 156
9 190
10 22
10 27
10 31
10 35
10 45
10 48
10 49
10 63
10 80
10 128
10 133
10 153
10 178
10 197
11 40
11 48
11 56
11 80
11 88
11 108
11 122
11 124
11 127
11 128
11 153
11 182
11 188
11 197
11 198
12 25
12 37
12 58
12 94
12 97
12 119
12 170
12 192
12 195
13 22
13 26
13 31
13 44
13 56
13 66
13 70
13 81
13 134
13 155
13 168
13 182
13 191
14 38
14 55
14 89
14 98
14 149
14 162
14 192
14 197
15 28
15 39
15 45
15 83
15 84
15 86
15 183
15 186
15 190
16 35
16 106
16 125
16 127
16 190
17 18
17 33
17 43
17 60
17 96
17 131
17 149
17 174
17 177
17 191
17 196
18 34
18 44
18 45
18 52
18 68
18 84
18 90
18 96
18 122
18 127
18 163
18 164
18 184
18 187
19 49
19 75
19 92
19 131
19 139
19 142
19 153
19 185
19 188
20 98
20 132
21 34
21 156
21 158
21 181
21 186
22 26
22 30
22 31
22 34
22 76
22 86
22 99
22 108
22 129
22 143
22 148
22 165
22 174
22 180
23 47
23 61
23 65
23 66
23 71
23 72
23 75
23 97
23 114
23 141
23 179
23 183
23 186
23 189
23 198
24 31
24 46
24 93
24 102
24 104
24 116
24 147
24 167
24 176
24 194
25 54
25 57
25 66
25 81
25 82
25 104
25 147
25 167
26 87
26 103
26 116
26 143
26 145
26 146
26 162
26 164
26 170
26 185
26 198
27 34
27 49
27 52
27 71
27 75
27 109
27 143
27 170
28 29
28 32
28 56
28 61
28 63
28 79
28 82
28 94
28 119
28 177
29 30
29 34
29 65
29 70
29 77
29 80
29 98
29 131
29 145
30 34
30 41
30 63
30 110
30 111
30 113
30 136
30 166
30 174
30 183
30 197
31 45
31 72
31 83
31 87
31 126
31 191
31 193
31 197
31 199
32 97
32 98
32 102
32 128
32 131
32 142
32 150
32 159
32 190
33 116
33 173
33 194
34 56
34 61
34 87
34 88
34 93
34 106
34 139
35 50
35 69
35 74
35 104
35 138
35 170
35 186
35 190
35 195
35 197
36 42
36 47
36 54
36 61
36 115
36 118
36 180
36 195
37 48
37 50
37 58
37 62
37 67
37 70
37 102
37 149
37 152
37 183
37 192
38 59
38 97
38 116
38 126
38 182
38 191
39 50
39 76
39 84
39 104
39 108
39 122
39 133
39 153
39 164
39 172
39 177
39 189
40 72
40 92
40 116
40 187
41 65
41 72
41 76
41 78
41 120
41 140
41 163
41 172
41 184
41 185
42 50
42 60
42 90
42 111
42 127
42 143
42 185
42 198
43 48
43 65
43 67
43 166
43 197
44 62
44 124
44 129
44 143
44 151
44 158
44 163
44 183
44 185
44 187
45 56
45 58
45 73
45 115
45 131
45 147
45 149
45 160
45 172
45 180
46 58
46 88
46 118
46 123
46 135
46 145
46 146
47 57
47 64
47 68
47 99
47 102
47 118
47 134
47 168
47 184
47 198
48 77
48 84
48 91
48 99
48 101
48 143
48 174
49 73
49 80
49 91
49 116
49 137
49 153
50 78
50 91
50 98
50 138
50 142
51 63
51 69
51 75
51 107
51 113
51 117
51 124
51 126
51 130
51 192
52 65
52 91
52 93
52 108
52 163
52 176
53 88
53 90
53 111
53 115
53 145
53 194
53 197
54 57
54 58
54 62
54 103
54 112
54 149
54 177
54 186
54 199
55 68
55 122
55 124
55 133
55 135
55 148
55 150
55 177
55 185
55 187
56 95
56 106
56 108
56 118
56 131
56 157
56 180
56 192
57 126
57 156
57 158
57 169
57 197
58 77
58 85
58 128
58 138
58 185
59 73
59 86
59 103
59 122
59 175
59 176
59 194
60 72
60 110
60 111
60 142
60 145
60 173
60 177
60 195
60 197
61 88
61 89
61 106
61 118
61 144
61 197
62 81
62 95
62 102
62 115
62 131
62 132
62 136
62 154
62 161
62 170
62 174
62 192
63 111
63 113
63 134
63 136
63 155
64 118
64 127
64 180
64 187
65 87
65 89
65 90
65 114
65 130
65 152
65 165
65 180
65 185
66 72
66 83
66 146
66 149
66 180
67 96
67 128
67 132
67 155
67 199
68 75
68 129
68 136
69 77
69 84
69 85
69 87
69 146
69 148
69 155
69 179
69 190
69 191
70 99
70 115
70 116
70 118
70 132
71 123
71 145
71 158
71 161
71 194
72 91
72 112
72 163
73 74
73 75
73 96
73 106
73 127
73 128
73 176
74 125
74 180
74 185
75 84
75 98
75 114
75 126
75 168
75 171
75 177
75 189
76 88
76 91
76 109
76 134
76 143
76 148
76 156
76 185
76 194
77 128
77 146
77 171
77 190
77 198
78 91
78 106
78 122
78 127
78 160
78 168
78 176
78 191
79 92
79 97
79 161
79 192
80 86
80 103
80 108
80 124
80 153
80 172
81 86
81 93
81 121
81 130
81 148
81 163
82 83
82 89
82 103
82 104
82 120
82 152
82 167
82 197
83 141
83 181
84 101
84 110
84 122
84 128
84 152
84 172
84 176
84 181
85 123
85 148
85 160
85 169
86 111
86 116
86 128
86 132
86 140
86 160
86 186
87 99
87 114
87 124
87 131
87 155
87 158
87 166
87 190
87 197
88 99
88 112
88 129
88 159
89 106
89 120
89 129
89 163
90 131
90 181
90 193
91 100
91 101
91 106
91 111
91 115
91 129
91 133
91 152
91 184
92 114
92 116
92 146
92 151
92 182
92 191
92 193
93 110
93 161
93 186
93 191
94 108
94 116
94 120
94 142
94 144
94 164
94 176
94 179
94 190
95 105
95 114
95 118
95 133
95 151
95 177
95 190
96 142
96 155
96 164
96 174
96 195
97 112
97 143
97 155
97 169
97 170
97 174
97 175
97 181
98 100
98 101
98 110
98 127
98 132
98 140
98 160
98 166
98 175
99 120
99 124
99 130
99 150
99 183
100 114
100 125
100 126
100 134
100 138
100 140
100 161
100 164
100 169
100 187
100 191
101 157
101 164
101 166
101 174
101 182
102 115
102 129
102 137
102 140
102 164
103 125
103 146
103 155
103 172
103 178
103 192
104 105
104 114
104 137
104 161
104 178
105 146
105 152
105 159
105 173
105 177
105 185
105 190
105 196
106 197
107 111
107 150
108 109
108 114
108 135
108 152
108 161
109 121
109 154
109 166
109 187
109 188
110 129
110 174
110 196
111 132
111 135
111 137
111 154
111 167
111 174
112 128
112 144
112 152
112 182
113 133
113 146
113 171
113 173
114 115
114 132
114 184
114 186
115 163
115 170
115 174
115 190
116 118
117 154
117 161
117 173
117 193
118 151
118 177
119 170
120 125
120 161
120 166
120 174
120 179
120 186
121 139
121 143
121 168
121 171
121 186
122 157
122 174
123 137
123 190
124 146
124 152
124 199
125 146
125 162
126 135
126 161
126 168
127 156
127 182
127 198
128 144
128 154
128 171
128 183
129 135
129 186
131 142
131 148
131 151
131 165
132 135
132 143
132 163
132 169
132 172
132 182
133 151
133 169
133 176
134 148
134 149
134 164
135 136
135 159
135 191
136 144
136 155
136 170
136 186
137 146
137 148
137 151
137 153
137 180
138 155
138 174
138 175
138 184
138 185
138 195
139 180
139 188
139 195
139 198
140 153
140 156
140 191
141 143
141 151
141 197
142 161
143 180
143 186
143 188
144 159
144 167
144 184
145 152
145 160
145 177
145 178
145 194
146 155
146 157
146 184
147 196
148 157
148 160
149 160
150 159
150 167
150 182
150 187
150 195
151 182
152 166
153 171
154 170
154 176
155 162
155 199
156 158
156 160
156 177
156 179
157 159
157 168
158 161
158 165
158 181
158 183
158 186
159 173
159 180
159 184
160 162
160 164
160 178
160 179
161 172
161 179
161 191
161 192
162 183
162 184
162 186
163 177
163 196
163 197
164 180
164 185
164 197
165 192
165 193
166 173
166 196
166 199
167 193
168 174
168 181
168 196
169 174
169 177
169 186
170 191
170 197
171 172
172 188
173 188
175 176
178 194
178 199
180 182
181 186
181 199
183 198
184 185
186 195
187 188
