200 992
11
74
53
93
98
48
14
40
65
81
30
20
20
85
89
62
87
30
88
87
30
16
76
67
34
82
19
2
51
45
13
13
18
29
23
55
82
48
57
31
80
10
49
91
81
35
2
95
83
54
46
88
74
1
73
51
46
82
69
93
25
78
40
10
11
36
35
91
52
6
88
62
66
96
58
88
15
63
55
81
64
75
90
83
79
2
42
75
22
19
17
83
47
44
47
62
76
56
44
71
30
84
41
3
91
90
59
40
38
36
86
4
18
48
14
46
93
46
25
75
31
83
64
46
51
65
27
56
61
100
58
60
39
51
92
57
47
39
63
17
5
16
31
63
80
51
6
52
31
94
5
31
55
69
13
11
30
52
72
33
49
49
100
69
88
9
58
47
31
84
10
6
97
55
31
14
43
9
49
8
40
96
97
71
37
25
63
66
32
5
41
82
54
5
84
59
54
20
87
87
0 36
0 68
0 84
0 88
0 94
0 139
0 195
0 198
1 19
1 38
1 40
1 45
1 46
1 49
1 82
1 151
1 152
1 153
1 159
1 174
1 178
1 179
1 180
2 61
2 86
2 88
2 112
2 137
2 145
2 168
2 172
2 173
3 25
3 31
3 44
3 88
3 91
3 146
3 173
3 185
3 190
3 197
4 19
4 46
4 73
4 78
4 86
4 97
4 156
4 180
4 189
5 16
5 21
5 46
5 53
5 67
5 100
5 113
5 115
5 121
5 126
5 136
5 163
5 173
5 178
5 188
5 195
6 22
6 48
6 53
6 58
6 85
6 91
6 115
6 127
6 133
6 148
6 160
6 181
6 197
7 42
7 46
7 94
7 140
7 157
7 165
7 188
7 189
8 22
8 27
8 67
8 86
8 94
8 106
8 110
8 119
8 176
8 181
9 18
9 75
9 96
9 115
9 122
9 125
9 175
10 27
10 60
10 97
10 99
10 106
10 117
10 125
10 175
11 23
11 30
11 50
11 92
11 99
11 102
11 116
11 124
11 156
11 158
11 167
12 13
12 25
12 27
12 28
12 34
12 41
12 58
12 79
12 112
12 114
12 133
12 155
12 179
12 192
13 39
13 56
13 72
13 77
13 136
13 138
13 148
13 157
13 165
13 190
13 196
14 40
14 64
14 134
14 172
14 173
14 199
15 30
15 36
15 68
15 75
15 83
15 89
15 115
15 124
15 143
15 147
15 150
15 154
15 167
15 180
16 44
16 68
16 77
16 112
16 143
16 148
16 156
16 163
16 170
16 179
16 183
17 21
17 42
17 52
17 53
17 61
17 76
17 120
17 156
17 198
18 21
18 45
18 69
18 107
18 167
19 21
19 33
19 34
19 47
19 63
19 82
19 161
19 182
19 188
20 31
20 66
20 120
20 139
20 160
21 43
21 74
21 149
21 157
21 165
21 185
21 190
22 44
22 46
22 55
22 58
22 62
22 95
22 100
22 151
22 183
23 50
23 54
23 64
23 90
23 97
23 163
23 194
24 50
24 66
24 88
24 92
24 94
24 100
24 132
24 138
24 169
25 46
25 50
25 52
25 86
25 89
25 126
25 128
25 148
25 164
25 199
26 162
26 183
27 33
27 58
27 89
27 92
27 121
27 126
27 129
27 158
27 174
27 176
27 198
28 52
28 53
28 85
28 117
28 122
28 141
28 142
29 41
29 66
29 86
29 125
29 142
29 189
30 31
30 66
30 74
30 79
30 81
30 105
30 149
30 154
30 157
30 160
30 175
30 177
30 186
30 195
31 56
31 60
31 97
31 104
31 135
31 143
31 160
31 169
31 183
31 196
32 44
32 82
32 107
32 115
32 119
32 137
33 46
33 61
33 105
33 112
33 114
33 160
33 163
33 183
33 195
34 128
34 133
34 149
34 175
34 180
34 192
34 195
34 196
35 40
35 63
35 74
35 77
35 96
35 140
35 158
35 180
35 187
36 39
36 43
36 64
36 69
36 90
36 107
36 161
36 171
36 175
36 181
37 40
37 96
37 118
37 122
37 127
37 166
37 168
38 45
38 80
38 105
38 125
38 172
38 194
38 197
39 52
39 92
39 172
40 68
40 87
40 112
40 118
40 135
40 172
40 174
41 59
41 63
41 79
41 86
41 91
41 131
41 169
41 191
41 197
42 110
42 111
42 117
42 131
42 140
42 144
42 152
42 168
42 175
42 196
43 68
43 88
43 106
43 110
43 113
43 157
43 171
43 196
43 197
44 58
44 99
44 137
44 148
45 57
45 62
45 89
45 112
45 126
45 135
45 187
46 63
46 68
46 69
46 84
46 87
46 116
46 123
46 129
47 76
47 88
47 149
47 184
47 188
48 66
48 86
48 95
48 123
48 191
48 197
48 199
49 51
49 69
49 142
49 147
49 184
49 194
50 51
50 58
50 73
50 82
50 92
50 103
50 111
50 117
50 131
50 154
50 158
50 160
50 164
50 181
50 193
50 199
51 148
51 171
51 173
52 69
52 94
52 112
52 115
52 126
52 127
52 148
52 150
52 152
52 157
52 164
53 66
53 77
53 101
53 104
53 106
53 142
53 188
53 199
54 105
54 119
54 171
54 177
55 99
55 102
55 115
55 130
55 148
55 161
55 196
56 63
56 91
56 103
56 137
56 150
56 162
56 172
57 68
57 113
57 127
57 198
58 76
58 98
58 108
58 114
58 117
58 147
58 162
58 176
59 76
59 104
59 132
59 151
59 168
59 192
60 91
60 93
60 101
60 132
60 155
60 170
60 188
61 67
61 70
61 75
61 87
61 111
61 130
61 140
61 147
61 170
62 73
62 131
62 143
62 160
62 168
62 179
63 74
63 75
63 83
63 99
63 100
63 106
63 116
63 140
63 146
63 147
64 83
64 122
64 126
64 132
64 182
65 69
65 76
65 109
65 149
66 109
66 157
66 164
66 181
67 70
67 122
67 123
67 124
67 158
67 159
67 184
68 78
68 104
68 108
68 111
68 179
69 121
69 145
69 164
69 196
69 199
70 94
70 130
70 136
70 166
70 169
70 179
71 86
71 118
71 131
71 135
71 152
71 164
71 170
71 184
71 194
72 93
72 155
72 169
73 174
73 177
74 85
74 199
75 102
75 120
75 126
75 148
75 159
75 162
76 80
76 97
76 106
76 155
76 189
77 86
77 91
77 105
77 123
77 124
77 126
77 131
77 143
77 145
78 93
78 114
78 159
78 178
79 96
79 97
79 103
79 104
79 119
79 144
79 146
79 180
79 181
80 83
80 98
80 117
80 120
80 152
80 180
81 107
81 110
81 116
81 118
81 144
81 159
81 161
81 169
81 178
81 195
82 84
82 102
82 133
82 158
82 159
82 184
83 90
83 91
83 94
83 168
83 173
83 188
83 190
84 95
84 108
84 120
84 168
85 96
85 103
85 121
85 129
85 142
85 170
85 183
86 114
86 125
86 149
87 98
87 136
87 157
87 160
87 179
87 194
88 112
88 113
88 135
88 150
88 156
88 166
88 172
88 182
88 190
88 196
88 197
89 106
89 111
89 113
89 146
89 149
89 158
89 197
90 95
90 152
90 188
90 190
91 132
91 153
91 158
91 163
91 171
91 186
91 192
92 176
92 191
93 153
93 188
93 192
94 173
94 189
95 107
95 138
95 145
95 152
95 167
95 187
96 147
96 158
96 163
96 171
97 111
97 113
97 125
97 163
97 189
98 106
98 145
98 157
98 164
98 196
99 110
99 138
99 149
99 156
100 184
101 126
101 149
101 153
101 164
101 177
102 145
102 152
102 169
102 179
102 182
102 188
103 128
103 156
103 182
104 105
104 109
104 111
104 113
104 121
104 151
104 167
104 183
104 188
105 111
105 129
105 140
105 149
105 150
105 161
105 193
105 198
106 125
106 158
106 161
106 170
106 197
107 111
107 115
107 118
107 122
107 155
107 170
107 174
107 193
107 195
108 122
108 127
108 141
108 154
108 161
108 171
108 181
108 185
109 112
109 123
109 130
109 144
109 151
109 161
109 168
109 174
109 192
110 123
110 147
110 152
111 142
111 179
111 185
112 130
112 162
113 124
113 134
113 142
113 163
113 172
113 173
114 121
114 130
114 177
115 170
116 158
117 158
117 191
118 127
118 132
118 142
118 179
118 191
119 131
119 198
120 128
120 129
120 141
120 148
121 125
121 137
121 166
121 193
122 160
122 173
123 125
123 137
123 145
123 170
123 176
124 125
124 144
124 146
124 169
125 151
125 161
125 165
125 191
126 128
126 130
126 137
126 142
126 178
126 185
126 193
127 133
127 152
127 157
127 159
127 169
127 197
128 142
128 155
128 176
129 149
129 190
130 172
130 191
130 198
131 150
131 175
131 176
131 181
131 186
131 191
131 192
132 136
132 167
132 199
133 134
133 140
133 161
133 170
133 175
133 187
133 198
134 160
134 171
135 172
135 181
135 192
136 179
136 186
136 188
136 191
137 152
137 159
137 167
137 169
137 185
138 158
140 169
140 178
140 189
141 152
141 161
141 183
141 192
142 164
142 167
143 160
143 185
143 198
143 199
144 175
145 195
145 198
146 162
146 181
146 186
146 198
147 158
147 183
148 168
148 170
149 169
149 174
149 185
149 192
150 157
150 159
150 176
151 186
151 196
152 167
152 192
153 160
153 168
154 199
155 167
155 172
155 186
156 181
156 195
157 196
158 183
158 186
158 190
158 192
159 162
159 163
159 175
161 186
161 188
161 195
162 177
162 182
162 194
162 199
165 176
165 181
167 198
168 170
168 179
169 175
169 176
169 188
169 193
171 175
171 180
171 192
171 198
172 196
172 197
173 181
174 186
175 179
176 182
178 179
178 196
179 193
179 199
180 189
180 191
181 195
181 196
183 192
183 198
185 188
185 191
186 198
189 199
192 198
193 195
196 198
