200 988
13
87
67
2
46
28
58
64
46
12
27
62
20
12
25
77
26
45
45
67
30
87
12
25
56
9
4
39
74
95
9
12
18
79
14
58
45
54
42
76
11
98
30
100
73
46
38
49
49
90
37
3
90
33
96
90
6
8
48
75
91
54
25
44
69
15
21
50
53
28
52
35
62
35
3
100
78
10
65
83
22
41
55
99
36
72
95
49
61
58
8
27
94
77
27
28
21
70
36
66
79
88
25
1
62
62
89
90
93
11
75
40
36
29
89
70
23
2
67
57
88
73
88
3
49
54
1
81
13
65
66
56
15
15
65
24
95
53
45
43
71
77
79
54
76
59
33
21
70
31
27
66
98
22
56
7
17
23
61
42
54
42
16
63
74
45
12
80
97
40
62
81
61
25
98
71
59
86
42
22
46
98
27
45
87
81
30
88
58
89
90
9
66
61
5
8
56
52
1
59
0 9
0 42
0 54
0 69
0 70
0 92
0 99
0 108
0 119
0 122
0 123
0 125
0 133
0 142
0 162
0 173
1 22
1 34
1 36
1 47
1 85
1 92
1 96
1 107
1 127
1 139
1 199
2 22
2 25
2 38
2 44
2 49
2 69
2 71
2 79
2 130
2 163
3 6
3 71
3 91
3 101
3 124
3 140
3 143
3 162
3 197
4 17
4 25
4 38
4 60
4 128
4 180
4 195
4 196
5 7
5 41
5 64
5 91
5 97
5 103
5 115
5 129
5 171
5 179
6 9
6 21
6 65
6 84
6 87
6 95
6 113
6 139
6 164
6 188
6 191
7 14
7 25
7 29
7 44
7 100
7 120
7 156
7 160
7 163
7 165
7 185
7 188
7 190
8 25
8 50
8 119
8 125
8 129
8 137
8 141
8 179
8 182
8 193
8 199
9 11
9 21
9 35
9 54
9 74
9 85
9 146
10 19
10 46
10 54
10 73
10 111
10 133
10 143
10 156
10 166
10 179
10 180
11 19
11 21
11 22
11 26
11 34
11 73
11 76
11 77
11 126
11 128
11 159
11 181
12 14
12 24
12 56
12 57
12 65
12 129
12 133
12 134
12 185
13 25
13 39
13 45
13 67
13 71
13 83
13 87
13 108
13 122
13 139
13 147
13 187
14 26
14 42
14 56
14 82
14 118
14 123
14 196
15 42
15 60
15 63
15 69
15 76
15 124
15 140
15 141
15 170
16 71
16 101
16 105
16 110
16 112
16 132
16 163
16 174
17 35
17 110
17 112
17 180
17 190
18 87
18 89
18 113
18 147
18 190
18 196
19 27
19 51
19 71
19 93
19 151
19 153
19 176
19 192
20 43
20 79
20 113
20 143
20 192
21 75
21 89
21 102
21 104
21 139
21 185
21 199
22 43
22 60
22 70
22 98
22 108
22 131
22 134
22 164
23 38
23 40
23 53
23 57
23 58
23 69
23 99
23 110
23 111
23 140
23 169
23 172
24 28
24 49
24 52
24 73
24 99
24 101
24 109
24 117
25 47
25 54
25 95
25 170
25 175
25 187
26 64
26 80
26 112
26 115
26 130
26 145
26 155
26 172
26 186
27 32
27 36
27 45
27 69
27 81
27 86
27 87
27 115
27 134
27 156
28 30
28 35
28 50
28 58
28 65
28 69
28 89
28 113
28 121
28 142
29 31
29 50
29 138
29 155
29 157
30 34
30 71
30 101
30 136
30 148
30 158
30 162
31 56
31 69
31 83
31 98
31 103
31 110
31 115
31 141
31 143
31 153
31 160
31 164
31 197
32 42
32 45
32 46
32 133
32 155
32 163
32 178
32 181
32 187
33 49
33 66
33 97
33 101
33 113
33 195
34 69
34 71
34 107
34 109
34 133
34 136
34 164
35 75
35 94
35 99
35 101
35 103
35 113
35 131
35 133
35 147
35 158
35 175
36 39
36 49
36 74
36 102
36 192
37 88
37 112
37 139
37 155
37 168
37 169
37 182
37 195
38 39
38 88
38 91
38 96
38 97
38 119
38 131
38 164
38 173
38 183
38 197
39 41
39 79
39 84
39 95
39 98
39 122
39 134
39 140
39 149
39 162
39 174
40 57
40 78
40 123
40 138
41 52
41 85
41 162
41 163
41 169
41 177
41 186
42 53
42 77
42 92
42 123
42 178
43 48
43 107
43 131
43 156
44 71
44 89
44 94
44 128
44 133
44 152
44 162
44 185
45 96
45 109
45 138
45 154
45 174
45 191
45 194
46 71
46 84
46 121
46 155
46 168
46 174
47 50
47 68
47 83
47 91
47 97
47 111
47 120
47 122
47 127
47 147
48 88
48 114
48 126
48 147
49 62
49 79
49 111
49 122
49 147
49 149
49 174
50 75
50 149
50 198
51 53
51 59
51 100
51 101
51 107
51 113
51 120
51 153
51 156
51 198
51 199
52 93
52 120
52 149
52 165
53 73
53 89
53 100
53 138
53 198
54 61
54 197
55 58
55 87
55 148
55 159
55 161
55 181
55 190
55 191
56 73
56 75
56 111
56 113
56 118
56 159
56 196
57 63
57 72
57 103
57 123
57 181
57 195
58 108
58 118
58 125
58 138
59 78
59 87
60 62
60 67
60 95
60 148
60 164
60 167
60 174
61 62
61 80
61 85
61 126
61 131
61 173
61 187
61 198
62 66
62 67
62 85
62 106
62 135
62 154
62 170
62 182
62 188
63 95
63 110
63 117
63 130
63 145
63 147
63 165
63 182
63 183
64 99
64 124
64 153
64 170
65 108
65 111
65 115
65 117
65 136
65 141
65 164
65 169
65 175
65 180
66 67
66 72
66 99
67 73
67 90
67 106
67 161
67 165
67 167
67 177
68 71
68 78
68 90
68 133
68 139
68 140
68 146
68 165
69 84
69 110
69 127
69 143
69 152
69 194
70 123
70 124
70 140
70 142
70 155
70 160
70 163
70 180
71 99
71 153
71 171
72 93
72 100
72 112
72 121
72 138
72 150
72 163
72 177
72 186
72 189
73 76
73 94
73 95
73 111
73 112
73 114
73 117
73 120
73 129
73 151
73 196
74 103
74 105
74 110
74 111
74 175
74 198
75 82
75 123
75 133
75 145
75 172
75 173
75 194
76 79
76 87
76 125
76 143
76 145
76 166
76 173
77 113
77 135
77 163
77 185
78 85
78 90
78 154
79 80
79 90
79 93
79 101
79 117
79 149
79 153
79 198
80 81
80 107
80 110
80 122
80 143
80 145
80 160
80 162
80 167
80 169
80 170
81 90
81 91
81 115
81 117
81 146
81 171
81 174
81 194
82 94
82 137
82 183
82 187
82 190
83 101
83 143
83 144
83 166
83 182
83 188
84 101
84 124
84 144
84 173
85 112
85 120
85 124
85 142
86 90
86 103
86 125
86 134
86 145
86 170
86 177
86 185
86 198
87 135
87 150
87 169
88 102
88 185
89 91
89 103
89 109
89 121
89 158
89 170
90 156
90 169
90 181
90 189
90 199
91 151
91 158
91 170
91 179
91 181
91 183
92 96
92 123
92 150
92 158
92 164
92 176
92 177
92 193
92 199
93 98
93 123
93 126
93 146
93 185
93 187
93 188
93 191
93 199
94 95
94 101
94 126
94 130
94 146
94 161
94 182
94 183
94 191
94 194
95 110
95 121
95 122
95 164
95 195
96 101
96 103
96 152
96 159
96 161
97 98
97 105
97 110
97 114
97 121
97 123
97 178
98 100
98 103
98 110
98 135
98 142
98 181
99 107
99 172
100 195
101 128
101 152
102 103
102 109
102 110
102 141
102 175
102 196
103 108
103 113
103 115
103 117
103 143
103 185
103 194
104 180
105 118
105 134
105 144
105 182
105 198
106 127
106 142
106 162
106 172
106 174
107 125
107 160
107 178
107 198
108 112
108 118
108 120
108 124
108 127
108 191
109 129
109 155
109 166
110 124
110 130
110 132
110 138
110 183
111 122
111 134
111 137
111 140
111 143
111 146
112 113
112 130
112 155
112 159
113 134
113 143
113 159
113 169
113 186
113 187
114 117
114 170
115 144
115 158
115 177
115 189
116 121
116 136
116 169
117 146
117 164
117 178
118 139
118 151
118 157
118 160
118 194
119 131
119 140
119 160
119 176
119 177
119 179
119 187
119 191
119 197
120 131
120 167
121 131
121 132
121 179
121 193
122 128
122 137
122 153
122 174
122 198
123 158
123 159
123 166
123 185
123 195
124 191
125 135
125 139
125 141
125 177
126 138
126 141
126 145
126 149
126 167
126 177
126 179
126 184
127 129
127 156
127 181
127 189
127 190
127 198
130 132
130 145
130 146
130 192
131 142
131 147
131 152
131 156
131 159
131 198
133 138
133 144
133 168
133 181
133 184
133 189
134 170
134 171
134 185
134 191
135 145
135 147
135 155
135 162
135 189
135 194
136 157
136 177
136 194
137 189
137 196
137 197
138 160
138 169
138 187
140 143
140 179
140 192
141 172
141 194
142 159
143 160
144 169
144 178
144 182
144 189
145 149
145 156
145 158
146 159
146 165
146 185
146 190
147 164
147 179
147 182
148 149
148 159
148 168
148 197
148 198
149 150
150 184
150 197
151 163
151 166
151 198
152 160
152 185
153 157
153 166
153 167
153 170
153 173
153 183
153 185
155 159
155 185
155 194
156 167
156 178
156 182
156 184
156 186
157 168
157 191
157 195
158 195
159 160
159 197
160 186
160 191
161 174
161 187
161 199
162 170
162 197
163 192
163 197
165 186
165 189
166 180
166 184
166 190
167 187
168 187
172 198
174 187
174 188
176 185
176 189
177 181
177 183
177 188
178 190
178 195
180 181
180 190
181 186
182 183
182 189
184 197
185 193
186 192
190 192
191 198
191 199
192 197
194 196
196 198
197 199
