200 966
36
27
93
92
95
44
84
79
16
66
16
5
15
56
51
8
26
25
3
34
39
54
6
1
33
49
54
12
79
50
18
63
65
46
61
95
10
93
98
5
57
48
98
25
93
34
29
87
29
12
1
40
2
87
18
19
74
72
14
50
61
12
97
66
100
83
10
66
1
49
85
22
6
96
53
71
15
84
23
38
42
60
10
15
8
27
46
42
24
36
68
17
78
59
4
63
78
5
25
19
30
62
95
36
77
12
99
69
51
21
23
82
4
92
39
13
23
28
34
4
77
73
74
51
14
99
66
47
54
65
53
52
17
28
94
69
29
19
12
80
62
60
46
22
45
45
7
54
99
80
89
81
21
27
76
57
21
20
67
94
90
28
78
90
93
44
8
22
72
37
17
97
6
66
42
37
66
40
48
23
53
63
23
40
4
93
85
75
60
64
48
99
9
99
78
91
85
30
83
100
0 19
0 21
0 36
0 55
0 68
0 78
0 93
0 110
0 145
0 146
0 176
1 5
1 6
1 10
1 11
1 41
1 61
1 64
1 101
1 120
1 146
1 179
1 189
2 21
2 100
2 106
2 120
2 160
2 185
3 41
3 82
3 93
3 111
3 118
3 152
3 196
4 93
4 165
5 6
5 14
5 26
5 71
5 88
5 93
5 103
5 107
5 110
5 111
5 120
5 134
5 136
5 139
5 142
5 149
5 168
5 188
6 21
6 47
6 92
6 115
6 149
6 159
6 169
6 178
6 198
7 64
7 129
7 149
7 163
7 168
7 172
7 178
7 186
7 190
7 192
7 195
8 63
8 66
8 71
8 84
8 114
8 119
8 145
8 159
8 161
9 17
9 29
9 36
9 40
9 68
9 81
9 139
9 164
9 167
10 74
10 86
10 95
10 107
10 139
10 173
10 193
11 13
11 26
11 43
11 54
11 88
11 104
11 159
11 175
11 178
11 181
12 40
12 48
12 80
12 99
12 102
12 108
12 138
12 170
12 186
12 192
12 195
13 25
13 37
13 73
13 80
13 117
13 155
13 162
13 178
13 186
14 31
14 90
14 99
14 106
14 130
14 177
15 32
15 119
15 137
15 139
15 154
16 40
16 41
16 81
16 145
16 159
16 163
17 38
17 51
17 57
17 68
17 81
17 110
17 135
18 50
18 64
18 83
18 103
18 104
18 110
18 119
18 123
18 130
18 138
18 144
18 185
19 33
19 37
19 80
19 82
19 118
19 170
19 175
19 196
20 32
20 39
20 108
20 109
20 117
20 125
20 133
20 143
20 172
20 185
20 198
21 22
21 51
21 103
21 123
21 132
21 137
21 145
21 156
21 180
21 189
21 196
21 198
22 31
22 36
22 45
22 49
22 100
22 135
22 162
23 25
23 88
23 131
23 144
23 147
23 192
23 197
24 26
24 45
24 49
24 63
24 178
25 41
25 48
25 58
25 61
25 70
25 133
25 181
25 198
26 33
26 39
26 53
26 58
26 88
26 115
26 125
26 138
26 181
26 195
27 29
27 40
27 60
27 61
27 64
27 79
27 85
27 97
27 98
27 103
27 122
27 151
27 162
27 189
28 62
28 98
28 101
28 125
28 166
29 47
29 51
29 57
29 62
29 97
29 137
29 159
29 179
29 189
30 65
30 100
30 105
30 109
30 164
30 180
31 60
31 105
31 127
31 137
31 159
31 190
32 35
32 59
32 67
32 79
32 113
32 117
32 147
32 160
32 162
33 67
33 71
33 129
33 184
33 190
34 66
34 166
34 170
34 179
35 44
35 52
35 54
35 66
35 72
35 87
35 108
35 115
35 130
35 135
35 155
35 167
35 174
36 77
36 91
36 117
36 129
36 150
36 160
36 166
36 170
36 173
37 38
37 62
37 68
37 85
37 92
37 98
37 108
37 138
37 163
37 189
37 191
38 66
38 71
38 196
39 45
39 85
39 107
39 119
39 121
39 127
39 146
39 161
39 169
39 182
40 60
40 73
40 92
40 152
40 175
40 187
40 188
40 193
41 54
41 74
41 79
41 99
41 120
41 132
41 147
41 169
42 53
42 74
42 76
42 77
42 82
42 98
42 101
42 134
43 76
43 88
43 116
43 127
43 148
43 151
43 155
43 173
44 171
45 58
45 100
45 103
45 122
45 126
45 138
46 70
46 75
46 95
46 121
46 156
47 71
47 111
47 173
47 175
47 188
47 197
48 57
48 86
48 98
48 161
48 170
49 51
49 113
49 154
50 68
50 70
50 71
50 94
50 148
50 152
50 166
50 187
50 190
51 61
51 141
51 151
51 152
51 199
52 56
52 70
52 103
52 120
52 132
52 154
52 171
52 189
53 60
53 70
53 125
53 144
53 163
53 197
53 199
54 70
54 81
54 136
55 79
55 135
56 61
56 103
56 107
56 108
56 152
56 161
56 166
56 185
56 187
56 190
56 191
57 105
57 164
57 196
58 64
58 68
58 74
58 79
58 85
58 89
58 100
58 116
58 148
59 64
59 68
59 80
59 87
59 88
59 109
59 117
59 125
59 145
59 151
59 160
59 184
59 197
60 77
60 85
60 92
60 107
60 114
60 129
60 165
61 67
61 76
61 83
61 86
61 98
61 101
61 138
61 146
61 158
61 183
61 199
62 114
62 162
62 189
63 78
63 96
63 104
63 158
63 160
63 162
63 173
64 72
64 103
64 116
65 69
65 74
65 94
65 105
65 171
65 185
65 199
66 76
66 108
66 128
66 134
66 147
66 154
66 159
66 189
67 80
67 130
67 144
67 149
68 82
68 99
68 105
68 124
68 130
68 141
68 150
68 154
68 175
68 192
69 78
69 86
69 88
69 104
69 105
69 181
70 108
70 118
70 141
70 146
70 148
70 155
70 159
70 163
70 166
70 176
70 190
71 122
71 135
71 136
71 156
71 171
71 177
71 184
72 88
72 98
72 134
72 145
72 155
72 167
72 178
73 114
73 135
73 150
73 189
74 143
74 174
75 77
75 120
75 122
75 131
75 134
75 198
76 91
76 93
76 120
76 136
76 137
76 146
76 190
77 82
77 140
77 173
78 82
78 90
78 91
78 97
78 125
78 146
78 156
78 190
78 194
79 113
80 102
80 110
80 180
80 190
81 90
81 121
81 177
81 198
82 138
82 162
82 167
82 174
82 184
83 99
83 100
83 111
83 115
83 145
83 148
83 177
83 192
84 94
84 101
84 117
84 122
84 128
84 156
84 177
85 87
85 93
85 96
85 101
85 118
85 140
85 150
85 155
85 178
86 96
86 147
86 171
86 186
87 99
87 100
87 110
87 113
87 142
87 147
87 167
87 180
88 114
88 118
88 120
88 121
88 151
88 160
88 163
88 164
89 97
89 108
89 119
89 124
89 131
89 134
90 100
90 114
90 117
90 135
90 172
90 184
90 185
90 186
90 196
91 115
91 139
91 166
91 175
92 103
92 113
92 125
92 160
92 195
93 167
93 191
94 99
94 110
94 116
94 123
94 129
94 145
94 158
94 191
95 96
95 146
95 188
95 193
96 105
96 125
96 129
96 157
96 185
96 198
97 150
98 116
98 133
98 165
98 179
98 180
99 109
99 144
99 174
100 107
100 108
100 115
100 119
100 164
100 169
101 113
101 125
101 131
101 132
101 185
101 187
101 191
101 193
102 105
102 125
102 140
102 150
102 156
103 140
104 134
104 157
104 164
105 112
105 117
105 150
105 161
106 167
106 180
106 189
106 192
107 110
107 126
107 137
107 166
107 189
107 199
108 116
108 118
108 122
108 129
108 135
108 159
108 163
108 165
108 166
108 172
108 190
108 197
109 123
109 133
109 135
109 139
110 138
110 141
110 177
111 113
111 158
111 163
111 176
111 184
111 187
111 191
112 117
112 133
112 186
112 195
113 169
113 173
113 193
114 150
114 154
114 155
114 166
115 116
115 136
115 152
115 162
116 143
116 148
116 180
116 183
116 197
117 148
117 165
117 195
118 150
119 136
119 174
119 178
119 192
120 144
120 155
121 127
121 129
121 156
121 189
122 124
122 133
122 160
122 180
123 133
123 159
123 160
123 186
124 139
124 165
124 196
124 197
125 131
125 143
125 156
125 168
125 170
125 179
125 195
126 132
126 139
126 154
126 181
127 148
127 154
127 157
127 161
127 177
127 189
128 179
128 199
129 169
129 173
129 189
129 193
129 196
129 198
130 151
130 177
130 178
130 181
131 143
131 184
132 147
132 150
132 166
132 167
132 169
132 173
133 143
133 156
133 180
133 183
133 186
133 192
133 194
134 135
134 156
134 161
134 172
134 184
134 188
135 136
135 140
135 145
136 169
136 186
137 162
137 191
137 192
137 195
138 178
138 195
139 150
139 156
139 180
140 147
140 189
141 150
141 157
141 181
142 161
142 172
143 150
143 154
143 163
143 195
144 154
144 169
145 169
145 172
146 149
146 193
146 198
147 148
147 149
147 170
147 198
148 157
148 189
148 190
148 196
149 171
150 196
151 163
151 181
151 188
152 153
152 157
152 177
152 187
152 194
153 156
153 158
153 191
154 155
154 157
154 159
154 165
155 163
155 165
155 177
155 188
155 196
156 161
156 163
156 179
156 184
157 193
157 196
158 167
161 172
161 199
162 172
162 175
162 197
164 171
164 182
165 187
165 199
166 172
166 184
166 197
167 194
168 169
168 197
169 181
169 192
170 174
170 176
171 189
172 174
173 176
173 198
174 199
176 196
177 186
179 192
180 190
181 195
183 195
184 188
185 193
186 187
187 189
188 194
189 198
194 199
196 197
