200 981
78
79
49
51
2
96
62
54
3
6
100
19
27
4
32
97
9
6
23
27
29
84
21
48
81
64
53
55
35
92
3
60
30
53
10
34
44
50
90
41
32
40
22
31
42
42
74
14
67
41
13
40
29
17
91
39
5
69
56
64
22
38
63
18
56
26
81
70
7
70
88
76
50
81
67
50
15
96
39
65
94
80
85
40
60
12
5
74
52
61
25
74
34
39
77
60
33
80
98
32
5
93
54
48
62
90
59
65
85
42
76
3
53
20
47
40
4
7
70
73
27
81
59
75
93
80
96
94
45
53
88
79
66
77
74
61
8
96
14
56
72
17
82
6
56
85
88
82
82
22
29
45
71
61
13
95
82
30
92
22
3
35
93
64
23
66
38
98
77
66
61
61
52
81
27
54
41
39
8
89
35
84
74
41
47
77
48
98
27
84
95
78
28
36
67
34
50
13
17
8
0 5
0 68
0 76
0 134
0 149
0 159
0 180
0 191
0 192
1 25
1 42
1 55
1 73
1 108
1 112
1 137
1 139
1 141
1 143
1 153
1 154
1 156
1 171
2 12
2 34
2 61
2 101
2 111
2 127
2 149
3 22
3 28
3 57
3 73
3 136
3 139
3 153
3 178
3 180
3 190
4 54
4 58
4 82
4 109
4 112
4 122
4 123
4 134
4 145
4 153
4 183
5 27
5 34
5 43
5 47
5 65
5 84
5 122
5 124
5 159
5 197
6 77
6 78
6 87
6 98
6 132
6 137
6 139
6 140
6 187
7 14
7 20
7 33
7 52
7 74
7 105
7 187
7 193
8 11
8 43
8 58
8 72
8 74
8 92
8 95
8 113
8 131
8 135
8 151
8 173
8 197
9 57
9 75
9 76
9 93
9 149
9 151
9 184
9 187
9 190
9 191
9 194
10 21
10 35
10 42
10 48
10 80
10 84
10 91
10 114
10 140
10 147
10 183
11 31
11 66
11 67
11 76
11 85
11 186
11 193
12 13
12 30
12 35
12 73
12 93
12 141
12 144
12 148
12 174
12 181
13 62
13 88
13 123
13 147
13 164
13 179
13 196
14 44
14 60
14 75
14 87
14 98
14 124
14 128
14 129
14 174
14 180
14 184
14 191
15 19
15 94
15 103
15 109
15 116
15 140
15 177
15 188
15 189
16 89
16 105
16 146
16 149
16 151
16 180
16 192
16 196
17 25
17 38
17 68
17 100
17 108
17 125
17 144
17 159
17 175
17 188
17 190
18 68
18 76
18 78
18 88
18 101
18 110
18 119
18 120
18 128
18 184
18 196
19 33
19 48
19 50
19 79
19 87
19 106
19 148
19 180
19 185
19 186
20 37
20 52
20 59
20 92
20 141
20 148
20 150
20 158
20 165
20 169
21 29
21 33
21 53
21 84
21 85
21 98
21 107
21 124
21 129
21 135
21 139
21 154
21 186
22 26
22 33
22 38
22 45
22 62
22 77
22 79
22 138
22 140
22 141
22 156
22 170
23 27
23 61
23 75
23 80
23 83
23 91
23 126
23 167
24 69
24 89
24 144
24 158
24 165
24 192
25 51
25 57
25 151
25 169
25 174
25 178
25 190
25 191
26 27
26 37
26 44
26 48
26 63
26 84
26 102
26 109
26 128
26 129
26 160
26 170
26 191
27 29
27 44
27 52
27 74
27 75
27 109
27 110
27 139
27 194
28 39
28 66
28 68
28 72
28 129
28 157
28 161
29 129
29 134
29 139
29 147
29 167
30 43
30 68
30 103
30 126
30 133
30 155
30 162
30 167
30 196
31 37
31 43
31 46
31 57
31 63
31 64
31 66
31 98
31 116
31 157
31 176
32 37
32 89
32 90
32 98
32 106
32 121
32 130
32 131
32 169
33 37
33 41
33 59
33 79
33 89
33 141
33 156
33 162
33 199
34 74
34 104
34 168
35 39
35 77
35 78
35 117
35 124
35 146
35 151
35 159
35 196
36 40
36 41
36 46
37 46
37 66
37 67
37 90
37 138
37 141
37 145
38 91
38 114
38 118
38 123
38 139
38 166
38 194
39 50
39 63
39 77
39 94
39 138
39 144
39 160
40 71
40 101
40 117
40 119
40 121
40 136
40 140
40 142
40 145
40 152
40 162
40 170
41 56
41 104
41 124
41 130
41 156
41 194
42 61
42 67
42 105
42 130
42 152
42 157
42 158
42 164
42 171
42 174
42 197
42 198
42 199
43 61
43 86
43 98
43 106
43 128
43 131
43 144
43 146
43 147
43 154
43 163
43 165
43 195
43 197
44 55
44 66
44 89
44 109
44 112
44 131
44 132
44 136
44 146
44 157
44 164
45 102
45 119
45 122
45 128
45 138
45 144
45 156
45 178
45 181
45 191
46 51
47 55
47 63
47 138
47 177
47 192
48 58
48 77
48 107
48 129
48 136
48 181
48 190
48 198
49 66
49 81
49 105
49 120
49 185
49 197
50 66
50 70
50 92
50 126
50 133
50 136
50 175
50 178
50 190
50 193
51 72
51 80
51 82
51 84
51 88
51 111
51 129
51 158
51 161
51 170
51 177
52 68
52 89
52 103
52 120
52 126
52 153
52 164
52 178
53 64
53 69
53 104
53 110
53 151
53 188
53 197
54 64
54 79
54 92
54 100
54 116
54 157
55 75
55 77
55 166
55 190
56 80
56 87
56 106
56 108
56 129
56 130
56 194
57 72
57 73
57 140
57 145
57 150
57 169
57 176
57 182
57 185
57 187
57 197
57 198
58 67
58 72
58 88
58 99
58 117
59 69
59 98
59 124
59 170
59 172
59 173
59 198
60 94
60 102
60 116
60 133
60 162
60 194
60 196
61 76
61 90
61 92
61 146
61 173
61 174
62 66
62 70
62 95
62 100
62 174
62 178
63 87
63 100
63 132
63 153
63 156
63 187
64 85
64 104
64 118
64 131
64 136
64 170
65 95
65 116
65 125
65 130
65 164
65 168
65 178
66 99
66 143
66 199
67 70
67 71
67 73
67 92
67 120
67 138
67 167
67 185
68 84
68 86
68 165
68 169
68 173
68 177
69 98
69 100
69 106
69 146
69 148
69 162
70 93
70 125
70 132
70 154
70 174
71 73
71 117
71 147
71 191
72 99
72 171
72 179
72 185
72 193
72 194
73 90
73 92
73 105
73 146
73 155
73 183
73 185
73 198
74 98
74 101
74 113
74 132
74 134
74 152
74 154
74 155
74 180
74 182
74 185
74 191
75 97
75 119
75 180
76 82
76 83
76 122
76 171
76 187
77 98
77 108
77 113
77 116
77 119
77 126
77 130
77 140
77 141
77 152
77 168
77 175
77 181
77 194
77 197
78 103
78 132
78 138
78 176
78 185
78 187
79 133
79 136
79 163
79 171
80 82
80 86
80 98
80 99
80 108
80 123
80 127
80 129
80 156
80 175
80 178
81 173
81 177
82 134
82 164
82 178
82 184
82 192
82 198
83 91
83 134
83 155
83 156
83 169
84 107
84 110
84 119
84 134
84 144
84 152
84 164
84 167
84 186
85 88
85 110
85 144
85 169
85 197
86 112
86 115
86 130
86 157
86 178
86 184
86 192
87 102
87 118
87 121
87 147
87 153
87 197
88 107
88 120
89 108
89 128
89 141
89 148
89 194
90 96
90 116
90 171
90 185
91 101
91 115
91 126
91 149
91 156
91 175
91 186
91 188
91 189
92 116
92 118
92 143
92 163
92 179
92 185
93 96
93 137
93 148
93 154
94 100
94 137
94 149
94 155
94 157
94 163
94 174
94 179
94 194
95 122
95 155
95 193
96 142
96 175
97 111
97 147
97 174
97 196
98 117
98 120
98 127
98 131
98 139
99 150
99 152
99 176
100 108
100 120
100 140
100 147
100 188
100 194
102 148
102 157
103 107
103 110
103 112
103 127
103 132
103 143
103 153
103 168
103 185
104 135
104 146
104 188
105 140
105 142
105 150
106 149
106 172
106 174
106 187
106 195
107 125
107 133
107 174
107 180
107 184
107 187
109 118
109 137
109 159
109 161
109 162
109 164
109 168
109 180
110 119
111 139
111 153
111 158
111 167
111 175
111 191
112 126
112 137
112 143
113 115
113 130
113 135
113 148
113 150
113 169
114 120
114 124
114 137
114 153
114 154
114 175
114 198
115 130
115 162
116 128
116 136
116 160
116 164
116 165
116 178
116 181
116 187
117 153
117 182
118 141
118 169
118 178
118 179
119 150
119 192
120 143
120 167
120 172
122 135
122 147
122 160
122 171
122 187
122 193
123 144
123 152
124 132
124 155
124 156
124 167
124 182
124 184
125 130
125 131
125 137
125 152
126 178
127 135
127 147
127 153
127 154
127 165
128 135
128 138
128 166
128 181
129 133
129 172
130 139
130 150
130 151
130 184
131 144
131 161
133 136
133 137
133 167
133 185
133 189
133 195
134 138
134 166
134 169
134 183
134 191
134 192
135 138
135 171
135 196
136 137
136 163
137 157
138 143
138 190
139 152
139 161
139 183
139 190
140 141
140 151
140 192
141 153
141 156
141 167
141 169
142 144
142 172
142 182
142 189
142 190
143 159
145 148
145 152
146 169
146 191
147 160
147 169
147 177
147 193
148 172
148 198
149 157
150 159
150 185
151 157
151 162
151 171
151 176
152 172
153 182
153 194
154 173
154 179
154 181
154 187
155 160
155 181
156 168
156 172
156 191
157 159
157 184
157 198
158 160
158 164
158 169
158 191
159 168
159 179
159 194
161 163
163 184
163 188
163 190
164 187
165 185
165 194
167 196
168 170
169 178
170 187
173 181
176 191
177 197
179 182
179 194
185 192
186 191
188 198
192 199
193 199
