200 1008
75
81
52
26
71
19
30
34
67
5
73
84
37
6
67
49
45
28
29
86
42
68
60
51
60
76
8
78
33
83
3
50
41
87
42
22
99
63
78
41
34
86
78
1
45
53
53
90
91
49
77
90
59
31
63
49
62
62
27
57
43
38
54
96
39
62
4
41
71
19
3
69
89
97
49
56
70
40
83
71
66
46
98
71
62
42
74
54
21
45
62
94
48
2
89
36
72
9
55
79
28
81
61
35
32
65
49
80
15
17
53
14
32
84
82
6
62
3
32
87
61
43
81
58
46
92
9
94
63
8
9
83
77
27
77
18
79
81
7
32
96
48
50
95
71
6
76
45
91
79
42
78
69
52
68
63
5
37
15
36
37
87
24
79
2
63
51
94
26
91
62
18
53
48
86
54
41
49
30
36
91
91
14
21
29
8
84
17
96
22
85
33
73
85
75
78
70
94
22
30
0 10
0 20
0 31
0 54
0 89
0 94
0 100
0 115
0 136
0 151
0 159
0 161
0 180
1 14
1 35
1 70
1 85
1 115
1 149
1 186
2 10
2 40
2 43
2 46
2 57
2 59
2 68
2 112
2 115
2 126
2 128
2 134
2 182
3 13
3 24
3 34
3 71
3 74
3 76
3 81
3 82
3 105
3 116
3 151
3 157
3 193
4 20
4 27
4 48
4 51
4 54
4 63
4 77
4 82
4 137
4 149
4 151
4 171
4 173
4 186
5 26
5 98
5 102
5 106
5 107
5 111
5 123
5 128
5 130
5 150
5 153
5 171
6 56
6 91
6 93
6 155
6 179
6 198
7 149
7 179
7 197
7 198
8 13
8 27
8 42
8 54
8 75
8 77
8 117
8 132
8 171
8 173
8 178
8 190
9 64
9 77
9 78
9 83
9 90
9 117
9 123
9 125
9 138
9 140
9 182
10 23
10 29
10 36
10 51
10 54
10 74
10 75
10 77
10 79
10 114
10 144
10 164
11 15
11 30
11 44
11 72
11 77
11 99
11 113
11 128
11 191
11 198
12 14
12 25
12 28
12 50
12 58
12 68
12 71
12 129
12 135
12 160
12 198
13 17
13 29
13 34
13 55
13 58
13 84
13 86
13 98
13 104
13 106
13 113
13 141
13 172
13 183
13 188
13 195
14 23
14 24
14 40
14 51
14 59
14 81
14 108
14 130
14 186
14 188
15 59
15 63
15 75
15 97
15 124
15 160
15 168
15 171
15 183
15 187
16 34
16 46
16 57
16 61
16 78
16 108
16 125
16 142
16 149
16 155
16 161
16 171
16 196
17 21
17 34
17 78
17 83
17 87
17 110
17 111
17 114
17 159
17 164
17 172
17 199
18 27
18 35
18 45
18 48
18 114
18 132
18 138
18 197
19 42
19 84
19 104
19 109
19 112
19 143
19 194
20 42
20 72
20 94
20 116
20 133
21 103
21 105
21 175
22 45
22 57
22 64
22 74
22 126
22 150
22 163
22 176
23 27
23 38
23 59
23 73
23 81
23 89
23 95
23 124
23 178
23 182
24 55
24 99
24 105
24 108
24 114
24 116
24 157
24 162
24 172
24 177
25 57
25 77
25 94
25 105
25 128
25 160
25 163
26 61
26 63
26 85
26 101
26 105
26 121
26 175
26 181
27 38
27 96
27 129
27 169
27 174
27 179
27 186
28 33
28 45
28 65
28 82
28 168
28 184
28 193
29 42
29 46
29 57
29 59
29 65
29 89
29 92
29 177
29 191
30 35
30 37
30 46
30 54
30 72
30 126
30 127
30 135
30 144
30 145
30 181
30 189
30 193
31 62
31 68
31 79
31 148
31 151
31 156
31 158
31 182
32 67
32 72
32 91
32 124
32 127
32 138
32 144
32 159
32 170
32 188
33 66
33 78
33 104
33 127
33 137
33 145
33 181
34 48
34 53
34 63
34 75
34 129
34 133
34 146
34 147
34 148
34 155
34 158
34 161
34 185
35 38
35 40
35 60
35 65
35 71
35 146
35 179
36 79
36 83
36 91
36 130
36 165
36 166
36 172
36 198
37 67
37 79
37 105
37 113
37 132
37 142
37 173
38 87
38 92
38 107
38 177
39 47
39 60
39 67
39 69
39 114
39 137
39 150
39 153
39 155
39 158
39 179
39 196
39 198
40 55
40 68
40 88
40 101
40 123
40 127
40 166
40 186
41 68
41 95
41 119
41 130
41 132
41 166
41 168
41 186
41 188
41 189
42 57
42 58
42 87
42 90
42 161
42 175
43 59
43 73
43 86
43 117
43 196
44 54
44 139
44 156
44 166
44 175
45 52
45 84
45 122
45 130
45 148
45 169
45 194
46 97
46 115
46 117
46 126
46 129
46 166
46 170
46 187
46 191
46 194
47 60
47 69
47 84
47 94
47 98
47 159
47 163
48 86
48 94
48 130
48 141
48 189
49 53
49 56
49 78
49 127
49 144
49 159
49 173
49 179
50 60
50 73
50 93
50 99
50 111
50 140
50 151
50 169
50 179
50 184
50 187
51 115
51 139
51 184
51 193
51 199
52 56
52 74
52 77
52 116
52 127
52 131
52 156
52 157
52 159
52 171
52 184
53 89
53 100
53 143
53 177
54 64
54 90
54 106
54 118
54 135
54 142
54 147
54 174
54 190
55 60
55 67
55 75
55 91
55 99
55 113
55 122
55 126
55 134
55 137
55 193
56 62
56 79
56 85
56 104
56 128
57 67
57 81
57 88
57 130
57 162
57 180
58 66
58 76
58 91
58 103
58 133
58 147
58 152
58 192
59 135
59 160
59 172
59 181
60 79
60 88
60 108
60 121
60 130
60 131
60 167
60 185
60 194
61 82
61 94
61 102
61 130
61 153
61 161
61 166
61 179
61 184
62 65
62 67
62 112
62 180
62 195
63 92
63 109
63 119
63 128
64 76
64 77
64 81
64 88
64 119
64 135
64 156
64 177
64 178
64 198
65 66
65 74
65 84
65 103
65 106
66 80
66 91
66 100
66 123
66 125
66 134
66 158
66 195
67 68
67 98
67 104
67 143
67 149
67 162
67 190
67 192
68 90
68 121
68 137
68 156
68 161
69 178
69 183
70 130
70 133
70 164
70 175
70 179
70 197
71 113
71 121
71 133
71 171
71 185
72 81
72 84
72 102
72 118
72 145
72 146
72 171
73 103
73 117
73 135
73 156
73 168
73 183
73 189
74 110
74 121
74 130
74 163
74 175
74 184
74 188
75 88
75 90
75 105
75 125
75 143
75 147
75 152
75 157
75 161
76 77
76 106
76 109
76 114
76 115
76 145
76 148
76 165
76 167
76 181
77 131
77 168
77 180
78 96
78 155
78 163
78 167
79 86
79 100
79 198
79 199
80 107
80 115
80 152
80 164
81 94
81 98
81 143
81 185
81 189
81 191
82 130
82 132
83 88
83 90
83 131
83 157
83 179
83 186
83 188
83 190
84 91
84 120
84 134
84 142
84 190
85 116
85 118
85 126
85 133
85 142
85 147
85 151
85 158
86 93
86 99
86 114
86 132
86 142
86 150
86 161
86 185
87 97
87 126
87 137
87 157
87 165
87 179
87 196
88 92
88 102
88 132
88 151
88 158
88 176
89 96
89 100
89 134
89 142
89 165
89 178
89 188
90 95
90 98
90 107
90 136
90 174
91 111
91 141
91 155
91 194
92 93
92 97
92 102
92 164
92 182
92 197
93 156
93 158
94 97
94 176
94 195
95 107
95 117
95 159
95 162
95 170
95 173
96 134
96 181
97 99
97 110
97 189
98 153
98 170
98 184
99 136
99 177
99 180
100 112
100 176
100 181
100 183
101 108
101 111
101 117
101 119
101 140
101 154
101 157
101 163
101 181
102 119
102 121
102 124
102 134
102 142
102 158
102 161
102 169
102 179
102 185
102 191
103 104
103 123
103 129
103 132
103 158
103 163
103 192
104 125
104 130
104 137
104 143
104 151
104 196
105 148
105 156
105 159
105 171
105 174
105 176
105 187
106 122
106 131
106 187
106 199
107 130
107 132
107 157
107 186
108 160
108 169
109 137
109 145
109 151
109 155
109 167
109 173
110 128
110 137
110 150
110 182
111 126
111 132
111 150
111 179
111 180
112 124
112 171
112 197
113 135
113 144
114 137
114 158
115 122
115 141
115 149
115 186
115 188
115 198
117 142
117 188
118 144
118 150
118 152
118 167
118 180
119 138
119 142
119 181
120 121
120 134
120 138
121 138
121 161
121 163
121 174
122 126
122 157
122 176
122 179
122 181
122 194
123 167
123 170
123 171
123 172
123 173
124 127
124 136
124 138
124 148
124 150
124 169
124 176
124 198
125 138
125 175
125 181
126 131
126 140
126 142
126 150
126 179
126 193
126 198
127 147
127 152
127 187
127 188
127 199
128 146
128 150
128 165
128 175
129 134
129 168
129 183
129 184
129 193
130 135
130 153
131 172
131 178
131 179
132 140
132 141
132 147
132 151
132 156
132 158
132 197
133 135
133 139
133 151
133 177
133 191
134 136
134 161
134 165
134 173
135 139
135 170
136 139
136 169
138 139
138 154
138 162
138 197
140 148
140 165
140 177
141 149
141 176
141 186
141 194
142 154
142 157
142 172
142 179
142 181
142 185
144 154
144 175
144 176
144 183
144 198
145 149
146 150
146 156
146 169
147 187
148 149
148 155
148 164
149 152
149 156
149 165
149 190
150 152
150 154
150 161
150 199
151 190
151 192
151 199
153 181
153 183
154 178
154 180
155 166
155 173
155 183
156 195
156 197
157 167
157 184
158 172
158 177
158 179
159 179
159 197
160 161
160 187
161 176
161 197
161 198
162 163
163 175
164 171
164 197
165 196
166 182
166 185
166 197
167 180
167 197
168 179
169 175
169 180
170 191
171 184
176 182
176 186
176 194
179 182
180 192
181 190
182 191
183 186
183 199
185 186
185 191
191 195
191 198
192 197
192 199
194 198
