200 938
73
74
55
63
68
59
40
42
42
70
26
33
46
90
15
35
77
67
95
11
66
55
6
46
98
41
43
78
95
38
45
25
7
24
6
6
93
15
64
7
87
1
78
17
69
75
10
96
7
86
76
19
16
45
68
50
21
81
71
21
45
75
31
11
73
1
23
19
7
32
16
65
94
77
75
58
59
41
9
97
53
16
43
46
96
4
13
80
43
3
51
69
63
28
58
89
100
1
53
32
16
87
100
97
40
40
72
24
18
70
87
20
56
22
51
25
31
50
69
68
90
28
82
56
53
57
49
99
17
51
17
17
45
93
2
32
48
91
18
67
50
23
18
79
66
68
14
78
76
53
46
49
92
33
68
55
95
12
48
73
78
39
24
40
81
13
74
56
69
99
15
71
77
1
53
58
9
23
43
69
21
21
59
13
95
30
35
74
11
71
81
47
18
96
71
29
4
36
32
20
0 1
0 13
0 31
0 33
0 37
0 40
0 44
0 104
0 105
0 118
0 140
0 156
0 191
0 196
0 199
1 10
1 37
1 41
1 64
1 88
1 174
1 186
2 8
2 15
2 18
2 64
2 81
2 153
2 157
3 5
3 7
3 11
3 51
3 55
3 129
3 176
4 9
4 25
4 47
4 70
4 74
4 76
4 99
4 102
4 104
4 108
4 113
4 117
4 129
4 188
4 189
5 6
5 14
5 50
5 107
5 124
5 132
5 138
5 140
5 192
6 44
6 46
6 49
6 59
6 80
6 108
6 112
7 19
7 42
7 67
7 69
7 100
7 146
7 170
7 190
8 32
8 65
8 87
8 113
8 140
8 155
8 161
8 173
8 175
8 190
8 198
9 18
9 22
9 36
9 50
9 95
9 129
9 140
9 156
10 15
10 41
10 135
10 140
10 153
10 170
10 189
11 25
11 28
11 35
11 40
11 43
11 49
11 57
11 63
11 69
11 148
12 62
12 67
12 75
12 88
12 107
12 125
12 128
12 147
12 166
12 180
13 30
13 40
13 58
13 85
13 105
13 167
13 182
13 185
14 19
14 78
14 95
14 107
14 144
14 152
14 177
15 77
15 103
15 118
15 126
15 141
15 152
15 162
15 169
15 183
16 50
16 59
16 95
16 128
16 175
16 187
16 196
17 22
17 34
17 36
17 40
17 45
17 52
17 57
17 70
17 72
17 95
17 109
17 113
17 118
17 130
17 140
17 199
18 27
18 33
18 60
18 65
18 67
18 75
18 76
18 78
18 89
18 95
18 99
18 127
18 129
18 140
18 144
19 31
19 93
19 113
19 145
19 160
19 164
19 176
20 75
20 88
20 95
20 109
20 118
20 150
20 176
20 178
20 189
21 23
21 30
21 74
21 79
21 82
21 96
21 137
21 148
21 173
21 183
22 27
22 31
22 40
22 54
22 55
22 86
22 139
22 159
22 171
23 34
23 59
23 112
23 129
23 130
23 176
23 186
23 189
23 195
24 29
24 37
24 42
24 68
24 106
24 180
25 31
25 49
25 66
25 87
25 120
25 132
25 153
25 173
25 175
25 190
26 36
26 46
26 78
26 125
26 159
26 160
26 177
27 81
27 116
27 174
27 176
28 41
28 53
28 54
28 57
28 58
28 157
28 172
28 176
28 195
28 197
29 106
29 111
29 129
29 137
29 158
30 49
30 51
30 66
30 90
30 93
30 98
30 126
30 149
30 158
30 168
30 176
30 181
30 183
30 184
30 187
31 168
31 172
31 176
31 196
32 43
32 48
32 75
32 97
32 106
32 130
32 146
32 153
32 156
32 170
32 181
32 184
33 37
33 97
33 107
33 133
33 168
33 177
33 196
33 199
34 98
34 130
34 161
34 178
34 192
35 36
35 37
35 73
35 76
35 109
35 118
35 136
35 154
35 185
36 54
36 60
36 64
36 71
36 109
36 144
36 162
36 183
36 196
37 48
37 100
37 138
37 153
37 167
37 181
37 182
38 56
38 71
38 73
38 109
38 122
38 127
38 130
38 149
38 194
39 70
39 99
39 144
39 160
39 178
40 62
40 78
40 119
40 133
40 160
40 180
40 188
41 92
41 110
41 160
42 68
42 140
42 163
42 173
42 186
43 52
43 60
43 69
43 76
43 81
43 94
43 97
43 112
43 131
43 135
43 137
44 79
44 82
44 130
44 149
44 154
44 188
45 51
45 57
45 63
45 70
45 83
45 98
45 107
45 124
45 128
45 161
46 68
46 73
46 199
47 109
47 130
47 171
47 178
48 60
48 65
48 185
48 188
48 193
48 194
49 80
49 117
49 143
50 58
50 112
50 114
50 177
50 178
50 194
50 199
51 55
51 62
51 89
51 92
51 177
51 194
52 66
52 132
52 135
52 143
52 168
53 72
53 133
53 171
53 179
54 62
54 65
54 71
54 78
54 106
54 108
54 114
54 135
54 146
54 157
55 73
55 74
55 103
55 147
55 166
56 62
56 122
56 129
56 136
56 148
56 159
56 173
56 179
56 184
57 69
57 75
57 112
57 131
57 153
57 161
58 93
58 111
58 165
58 169
58 188
58 191
59 62
59 74
59 90
59 93
59 132
59 175
59 178
59 185
60 131
60 172
60 181
60 192
61 67
61 73
61 123
61 133
61 167
61 178
61 183
62 64
62 66
62 128
62 196
63 69
63 73
63 85
63 102
63 106
63 129
63 135
63 149
64 69
64 97
64 135
64 147
64 188
65 132
65 162
65 174
66 91
66 122
66 133
66 184
67 84
67 102
67 171
67 180
67 181
68 84
68 114
68 115
68 139
68 141
68 152
68 187
69 71
69 88
69 100
69 116
69 149
69 175
70 107
70 119
70 122
70 124
70 130
70 132
70 154
70 158
70 173
70 197
71 91
71 107
71 120
71 127
71 146
71 171
71 192
72 133
72 144
72 159
72 171
72 179
72 180
72 182
73 111
73 159
73 181
73 199
74 126
74 130
74 150
74 173
74 194
75 101
75 107
75 123
75 165
76 77
76 93
76 114
76 130
76 135
76 149
76 169
76 181
77 152
77 173
77 181
77 194
78 157
78 158
78 166
78 191
79 82
79 92
79 98
79 103
79 186
79 199
80 91
80 159
80 168
80 174
81 105
81 141
81 146
82 83
82 108
82 115
82 123
82 137
82 167
82 189
83 136
83 160
83 164
83 182
84 85
84 91
84 96
84 106
84 115
84 128
84 137
84 152
84 163
84 168
84 193
85 104
85 117
85 126
85 196
86 102
86 106
86 141
86 156
86 177
86 186
87 103
87 185
87 195
88 96
88 110
88 116
88 117
88 120
88 160
88 169
88 174
89 97
89 140
89 164
89 175
89 193
90 123
90 124
90 126
90 127
90 160
90 166
91 101
91 120
91 131
91 141
91 164
91 195
91 196
91 197
91 198
92 94
92 161
92 162
92 192
93 161
93 194
94 124
94 132
94 159
94 161
94 171
95 108
95 113
95 129
95 134
95 152
95 157
95 165
95 177
96 131
96 135
96 136
96 159
96 188
97 115
97 125
97 127
97 142
97 158
97 185
98 110
98 173
99 122
99 140
99 152
99 162
99 170
99 176
100 138
100 187
100 198
101 110
101 139
101 157
101 196
102 103
102 111
102 115
102 138
102 161
102 172
103 105
103 109
103 141
103 153
103 165
103 168
103 197
104 106
104 109
104 113
104 124
104 134
104 169
104 174
104 180
104 193
105 114
105 177
105 184
106 114
106 128
106 130
106 131
106 132
106 137
106 160
106 162
106 178
106 182
107 177
107 198
108 113
108 159
108 176
108 181
108 183
108 198
109 114
109 115
109 127
110 114
110 116
110 124
110 131
110 146
110 162
110 163
110 197
111 179
111 189
112 113
112 118
112 124
112 131
112 196
112 199
113 126
113 144
113 162
113 170
113 175
113 190
113 194
114 131
114 164
114 166
115 158
115 166
115 174
115 198
116 135
116 137
116 177
117 165
117 170
117 172
117 186
118 159
118 165
119 125
119 127
119 137
119 154
119 168
119 174
119 176
119 181
119 199
120 128
120 130
120 131
120 145
120 177
120 193
121 176
121 180
122 163
122 177
122 187
122 198
123 160
123 181
123 192
123 197
124 170
124 175
124 194
125 136
125 155
125 173
125 184
126 172
127 144
127 146
127 148
127 153
127 158
127 166
127 195
128 129
128 148
128 183
129 141
129 153
130 150
130 155
131 136
131 162
131 190
131 193
132 146
132 173
132 174
132 182
133 138
133 141
133 143
133 157
133 159
134 149
134 179
134 180
135 191
135 193
136 157
136 162
136 167
137 139
137 189
138 145
138 160
138 161
138 163
138 169
138 171
138 177
138 193
140 172
140 188
140 199
141 146
141 149
141 178
142 144
142 147
142 164
142 193
143 147
144 167
145 149
146 149
146 163
147 148
147 191
148 155
148 195
149 155
149 172
149 173
149 179
150 172
150 186
151 179
151 188
151 199
152 154
152 174
152 182
153 175
153 196
154 175
154 180
154 196
156 171
156 188
157 165
158 181
158 197
159 163
159 188
161 180
162 164
163 167
164 186
165 184
165 198
167 195
168 187
170 175
172 182
172 189
172 193
172 195
173 187
174 178
174 197
175 185
176 190
177 184
177 198
178 184
178 190
179 183
179 189
181 183
181 185
181 196
187 198
192 198
