200 1034
12
1
2
55
22
83
68
29
54
6
60
29
58
5
46
93
41
12
27
94
14
37
26
29
98
77
54
14
53
73
22
77
66
11
72
96
11
59
92
82
85
20
63
76
32
92
85
83
95
89
43
97
98
85
67
30
4
83
20
22
10
53
14
45
19
13
69
87
30
50
26
51
45
77
44
10
93
99
41
44
20
95
3
32
39
56
13
88
5
40
87
10
69
51
77
61
53
74
25
86
21
97
54
7
25
12
48
33
87
53
20
30
37
39
21
10
82
16
34
37
21
74
94
91
81
26
7
88
54
56
90
37
97
98
91
10
40
21
99
93
93
8
55
36
38
68
63
55
75
66
72
66
99
92
8
37
63
18
76
86
68
20
92
83
78
96
16
67
13
27
66
31
27
29
83
4
25
18
68
44
68
64
6
4
65
57
45
25
39
98
4
83
70
75
98
2
90
18
70
7
0 7
0 13
0 14
0 68
0 71
0 75
0 101
0 112
0 124
0 165
0 168
0 180
1 33
1 69
1 117
1 143
1 175
1 179
1 187
2 7
2 13
2 91
2 100
2 107
2 135
2 145
2 150
2 152
2 156
2 199
3 4
3 64
3 76
3 91
3 116
3 130
3 151
3 192
4 23
4 27
4 38
4 57
4 99
4 110
4 153
4 158
5 39
5 46
5 47
5 59
5 66
5 106
5 109
5 114
5 163
5 187
6 22
6 47
6 51
6 60
6 68
6 72
6 82
6 94
6 116
6 118
6 158
6 164
6 183
6 190
7 14
7 27
7 50
7 57
7 81
7 83
7 120
7 157
7 167
8 66
8 67
8 70
8 108
8 118
8 148
8 154
8 172
8 182
8 188
9 18
9 50
9 72
9 80
9 81
9 91
9 101
9 116
9 127
9 145
9 160
9 162
9 163
9 177
9 187
9 190
10 11
10 16
10 54
10 56
10 57
10 72
10 88
10 172
10 199
11 34
11 41
11 50
11 73
11 85
11 99
11 104
11 130
11 133
11 160
11 167
11 168
11 169
11 176
11 177
11 178
12 13
12 58
12 91
12 93
12 101
12 107
12 163
12 168
12 171
12 172
12 180
12 196
13 50
13 56
13 72
13 80
13 97
13 101
13 125
13 133
13 148
13 191
13 196
14 18
14 19
14 66
14 84
14 98
14 101
14 120
14 121
14 154
14 161
14 181
14 191
15 17
15 19
15 24
15 26
15 27
15 35
15 36
15 49
15 64
15 125
15 144
15 161
15 173
15 187
16 29
16 42
16 46
16 54
16 66
16 74
16 84
16 92
16 98
16 100
16 131
16 173
16 175
16 189
17 94
17 103
17 127
17 173
18 59
18 64
18 119
18 146
18 179
18 187
18 196
19 24
19 38
19 52
19 75
19 91
19 94
19 104
19 124
19 131
19 177
19 198
20 25
20 27
20 34
20 38
20 44
20 72
20 99
20 131
20 134
20 169
20 173
21 33
21 60
21 99
21 101
21 102
21 118
21 132
21 149
21 156
21 159
21 181
22 31
22 36
22 37
22 61
22 62
22 84
22 120
22 133
22 152
22 187
23 75
23 89
23 107
23 117
23 119
23 127
23 131
23 175
23 176
23 183
23 191
24 31
24 59
24 64
24 75
24 99
24 106
24 146
24 156
24 176
25 37
25 41
25 56
25 77
25 98
25 115
25 120
25 130
25 146
25 181
25 183
26 53
26 82
26 90
26 93
26 137
26 171
26 177
26 194
27 30
27 41
27 44
27 91
27 188
27 195
28 33
28 53
28 62
28 69
28 100
28 101
28 115
28 156
28 160
28 164
28 187
28 190
28 194
29 34
29 52
29 57
29 90
29 98
29 123
29 129
29 135
29 143
30 66
30 112
30 119
30 121
30 134
30 147
30 151
30 174
31 40
31 60
31 64
31 89
31 123
31 129
31 134
32 33
32 49
32 81
32 83
32 88
32 96
32 98
32 120
32 152
32 189
32 197
33 42
33 44
33 67
33 77
33 92
33 103
33 122
33 145
33 150
33 173
33 193
34 62
34 130
34 131
34 167
35 58
35 95
35 102
35 131
35 140
35 148
35 174
35 175
35 183
36 41
36 54
36 92
36 119
36 123
36 124
36 127
36 144
36 148
36 174
36 187
37 46
37 50
37 57
37 65
37 101
37 151
37 194
38 44
38 52
38 53
38 55
38 62
38 85
38 88
38 94
38 110
38 140
38 162
38 163
38 178
39 43
39 62
39 85
39 97
39 111
39 136
39 141
40 42
40 47
40 49
40 66
40 97
40 137
40 143
40 158
40 184
41 74
41 121
41 140
41 159
41 164
41 166
41 180
41 188
42 60
42 81
42 140
42 172
42 187
43 98
43 141
43 172
44 111
44 115
44 117
44 144
44 169
45 68
45 81
45 88
45 99
45 181
45 193
45 196
45 197
46 86
46 122
46 133
46 138
46 149
46 176
47 49
47 59
47 84
47 102
47 139
47 142
47 148
47 166
47 176
47 177
47 192
48 63
48 78
48 81
48 93
48 107
48 127
48 161
48 170
48 177
48 193
49 61
49 66
49 67
49 78
49 86
49 102
49 115
49 133
49 137
49 189
50 79
50 107
50 111
50 129
50 132
50 147
50 148
50 172
51 58
51 98
51 113
51 169
51 175
51 180
52 74
52 93
52 94
52 109
52 129
52 152
52 161
52 184
53 73
53 85
53 90
53 125
53 145
53 160
53 174
53 191
54 60
54 91
54 95
54 122
54 135
54 176
54 195
55 85
55 117
55 124
55 151
55 157
55 161
55 174
56 92
56 100
56 117
56 134
56 161
56 164
56 178
57 80
57 108
57 123
57 140
57 166
57 192
58 62
58 68
58 104
58 114
58 171
59 70
59 134
59 146
59 156
59 165
59 184
59 187
59 190
59 196
60 97
60 128
60 138
60 168
60 197
61 66
61 68
61 92
61 117
61 124
61 128
61 130
61 196
62 69
62 90
62 93
62 158
62 166
62 182
62 185
63 76
63 80
63 115
63 149
63 158
63 176
63 187
63 191
63 198
64 73
64 74
64 102
64 140
64 141
64 145
64 183
64 193
65 81
65 96
65 109
65 117
65 184
65 185
65 188
66 68
66 110
66 128
66 141
66 146
66 150
66 158
66 179
66 190
66 195
67 88
67 93
67 101
67 106
67 113
67 116
67 130
67 132
68 77
68 104
68 112
68 132
68 133
68 174
69 77
69 88
69 104
69 149
69 157
69 185
69 194
70 73
70 107
70 112
70 117
70 120
70 165
70 195
71 121
71 139
71 146
71 160
71 182
71 187
72 84
72 142
72 158
72 194
73 76
73 170
74 76
74 79
74 91
74 97
74 107
74 121
74 135
74 178
75 87
75 100
75 112
75 145
75 152
75 179
75 186
76 92
76 147
76 165
76 170
76 178
77 148
77 149
77 171
77 181
77 195
78 122
78 123
78 134
78 140
78 154
78 195
78 197
79 96
79 112
79 146
79 148
79 155
79 178
79 191
80 92
80 94
80 98
80 107
80 122
80 125
80 187
81 152
81 181
82 93
82 94
82 151
82 157
82 196
83 112
83 113
83 124
83 137
83 156
83 170
83 171
83 185
83 190
84 125
84 131
84 166
84 176
84 189
85 101
85 133
85 136
85 150
85 156
85 170
85 192
86 87
86 90
86 115
86 149
86 153
86 171
87 94
87 113
87 129
87 170
88 91
88 112
88 195
89 133
90 91
90 105
90 111
90 117
90 128
90 142
90 151
90 156
90 182
90 186
91 108
91 138
91 143
91 150
91 171
91 192
92 148
92 156
92 189
93 110
93 114
93 140
93 187
93 191
93 196
94 105
94 114
94 115
94 138
94 162
94 186
94 199
95 107
95 118
95 128
95 131
95 138
95 143
95 153
96 99
96 123
96 149
96 154
96 162
96 183
96 198
97 125
97 138
97 149
97 153
97 157
97 170
97 194
98 107
98 116
98 153
98 159
98 166
99 117
99 127
99 131
99 146
101 115
101 129
101 155
101 157
101 163
101 176
101 179
101 180
101 182
101 197
102 107
102 134
102 135
103 125
104 132
104 161
104 196
105 107
105 132
105 150
105 173
105 192
106 151
106 155
106 161
106 181
107 131
107 145
107 181
107 193
108 112
108 156
108 176
109 113
109 148
109 161
109 171
109 197
110 149
110 156
110 161
110 180
110 183
111 141
111 146
111 156
111 157
111 158
112 127
112 129
112 133
112 142
112 162
112 164
113 122
113 127
113 137
114 181
114 199
115 128
115 147
115 177
115 181
115 183
116 143
116 169
117 190
118 123
118 130
118 161
119 128
119 182
120 122
120 179
121 124
121 150
121 153
121 154
121 160
121 164
121 172
121 191
122 131
122 140
122 144
122 146
122 149
122 185
123 136
123 157
123 160
123 166
124 128
124 136
124 155
124 180
124 181
125 181
125 189
125 196
126 137
126 149
126 160
126 170
126 179
126 183
127 129
127 134
127 139
127 160
128 139
128 166
128 179
129 163
129 184
129 185
130 139
130 179
130 194
131 146
131 182
131 187
132 177
132 189
133 139
134 144
134 168
134 183
134 187
134 199
135 144
135 151
135 161
135 168
135 180
135 184
135 195
136 146
136 161
136 166
136 176
136 182
137 142
137 171
137 195
137 199
138 158
138 160
138 164
138 169
138 178
138 196
139 157
139 172
139 174
139 194
140 161
140 177
141 147
141 152
141 160
141 162
142 156
142 157
142 162
142 170
142 180
142 185
143 161
143 182
143 185
144 165
144 172
144 192
144 196
145 152
146 154
147 172
147 190
148 183
148 187
148 190
149 159
151 160
151 176
151 182
152 153
152 165
152 173
152 186
152 195
153 175
153 190
154 169
155 173
155 176
155 180
155 183
155 186
155 195
159 165
159 189
160 178
161 163
161 187
162 174
162 198
163 180
163 186
164 167
164 174
164 176
164 181
164 183
166 191
166 197
167 171
168 181
169 179
169 190
170 177
170 182
171 176
171 185
172 192
173 186
174 177
176 178
176 190
176 192
177 179
179 183
180 188
180 194
180 196
181 197
183 192
184 185
184 196
189 199
195 199
196 198
