200 101
24
43
49
37
14
17
24
13
26
54
20
78
95
36
96
8
58
85
96
68
31
92
76
85
47
5
8
97
18
40
38
83
28
92
1
29
51
82
57
30
8
69
22
16
24
77
91
82
84
83
14
48
87
28
44
56
5
92
9
4
90
96
37
71
99
65
99
86
59
69
86
17
46
70
30
21
7
51
52
83
27
60
89
34
63
84
2
77
1
60
46
89
84
59
11
74
84
3
20
65
5
19
37
48
57
41
31
71
53
9
18
41
22
24
21
99
62
40
6
74
15
73
97
71
100
47
64
33
51
80
91
4
47
12
5
81
96
75
44
100
83
49
19
43
99
83
67
2
86
14
62
47
74
56
17
28
31
92
76
93
60
62
77
43
38
61
60
80
84
70
9
35
91
2
20
30
8
19
57
25
4
69
56
54
98
43
94
81
46
88
48
26
82
52
13
85
87
91
99
80
0 4
0 46
1 76
4 14
5 44
6 37
6 77
6 103
6 144
6 162
8 150
9 56
9 84
10 22
11 49
11 73
12 96
13 62
13 191
15 139
15 163
15 184
18 43
18 157
19 70
23 193
25 100
29 103
30 33
30 60
30 152
31 62
31 136
31 187
32 145
33 134
34 74
37 49
37 124
37 150
38 108
39 119
41 73
41 142
41 147
44 191
48 122
50 132
56 60
57 160
59 188
60 168
60 173
61 146
62 185
63 106
64 126
66 107
67 102
72 119
72 152
74 96
77 134
81 173
82 103
83 140
84 157
85 133
88 125
89 115
89 117
92 180
96 156
99 143
100 142
102 128
106 196
114 143
114 185
115 126
119 125
120 197
121 124
123 160
127 147
133 138
141 152
141 195
142 179
143 181
144 156
146 191
147 156
147 185
153 156
155 173
158 171
164 192
166 172
169 177
173 184
