200 117
79
28
76
70
84
3
28
54
17
49
40
31
87
49
44
44
87
10
30
23
44
59
100
27
51
12
100
94
41
28
71
6
38
11
17
15
90
80
71
28
12
83
71
38
93
15
37
65
96
71
59
5
48
92
79
20
25
63
10
83
67
5
23
74
71
32
60
44
86
74
8
85
92
40
90
57
76
17
1
66
79
57
88
77
98
42
50
11
69
40
34
99
85
59
8
95
31
84
55
3
45
44
97
69
51
5
28
68
33
87
38
11
12
50
47
72
51
2
79
86
28
1
83
1
60
23
62
31
33
67
93
29
58
17
10
90
27
80
40
78
66
54
76
64
22
92
57
82
41
64
95
13
85
8
23
17
75
87
75
94
40
35
36
4
63
83
72
5
78
98
11
45
73
3
22
44
46
22
83
73
23
93
78
90
22
20
52
21
18
98
36
37
90
89
66
95
23
9
96
38
0 24
0 151
3 50
3 189
8 90
8 180
10 62
10 148
10 189
11 46
13 93
15 41
16 63
17 33
17 93
17 194
18 95
18 122
19 163
22 36
23 98
23 123
25 185
26 51
26 126
27 79
29 195
30 164
31 33
31 79
32 95
33 169
33 199
34 78
35 70
36 56
36 75
38 66
38 68
39 150
39 185
39 188
40 142
43 82
43 92
43 133
43 173
44 52
44 59
45 65
45 189
47 80
50 190
51 168
53 113
53 194
55 195
55 199
56 177
56 198
57 162
57 179
60 63
61 174
62 114
63 111
63 153
64 94
67 140
67 161
67 165
73 85
73 195
74 191
80 178
83 85
85 125
86 98
86 131
89 187
91 188
92 188
93 178
97 110
97 123
98 163
102 106
105 113
105 137
105 182
107 155
108 160
116 194
118 159
119 158
120 132
122 160
124 151
124 180
127 164
133 181
135 190
136 186
138 192
140 184
143 149
146 193
153 166
154 155
157 181
159 160
159 166
165 191
165 193
177 195
186 189
189 195
