200 95
40
11
36
6
75
10
37
62
86
5
94
90
56
24
95
26
40
63
15
82
43
12
80
61
7
10
58
50
93
44
99
30
18
39
57
81
56
96
59
30
40
38
70
5
69
22
98
57
92
81
70
89
31
65
65
18
52
59
68
90
56
26
21
85
14
45
22
19
59
17
36
19
1
86
67
62
72
81
47
42
88
89
38
11
3
98
75
34
74
78
8
36
63
44
40
100
90
79
21
12
62
27
82
14
40
98
62
18
89
2
86
71
96
25
72
74
63
45
6
7
71
88
50
24
100
65
61
86
61
57
65
5
4
5
40
41
75
51
48
30
69
44
49
16
96
92
91
67
34
84
94
94
81
44
38
68
57
2
62
93
68
58
63
89
2
63
34
26
6
34
11
6
41
13
20
78
80
27
1
58
5
33
33
73
95
78
88
50
39
30
37
93
31
65
98
39
41
17
62
12
1 45
1 112
2 159
3 37
3 70
3 125
3 145
4 75
4 157
5 23
6 190
7 66
7 195
8 169
10 91
11 17
11 95
13 103
13 174
14 56
15 29
16 39
18 40
19 161
23 54
23 90
23 108
24 179
25 58
25 190
26 58
29 104
32 35
32 82
32 180
33 78
34 159
36 175
37 151
38 169
40 75
42 61
43 152
43 184
43 191
45 50
48 76
48 185
50 89
52 79
53 79
56 60
57 114
57 116
59 167
60 125
61 123
64 122
66 156
67 187
68 194
69 135
69 166
73 78
76 134
77 198
78 139
78 143
80 137
81 164
83 88
84 96
85 175
86 159
86 193
88 115
88 118
93 153
94 183
100 138
101 166
106 172
109 131
116 161
117 195
118 164
119 170
131 159
142 172
152 176
157 186
158 164
168 176
175 184
185 196
