200 99
69
52
64
86
73
52
39
91
99
1
38
60
60
88
4
74
34
87
98
56
55
55
43
14
10
22
70
6
60
4
2
44
74
15
32
54
17
44
66
47
50
91
35
5
32
2
37
7
23
67
59
80
10
71
63
68
14
22
9
61
98
90
23
43
76
30
15
96
30
26
52
23
20
32
98
66
82
46
16
21
34
82
35
7
70
35
86
17
41
19
19
91
40
44
15
17
96
65
92
4
52
62
35
97
6
76
25
95
82
66
54
60
17
76
50
98
88
74
56
31
65
55
55
2
65
81
87
32
47
86
93
22
12
72
53
37
85
95
25
43
51
64
69
34
8
15
16
58
95
15
59
19
62
38
76
80
24
54
67
75
90
95
60
42
79
84
92
81
30
27
73
34
88
15
27
69
58
39
13
13
92
14
65
84
29
7
37
13
58
51
12
18
57
26
76
29
77
62
26
40
0 7
0 115
0 123
1 129
5 178
5 195
6 23
6 125
9 155
10 12
10 141
11 102
11 108
12 58
16 32
17 124
19 181
21 47
22 29
23 32
29 105
30 135
37 126
39 76
43 174
43 190
44 70
46 55
46 62
48 170
49 63
49 98
49 135
51 108
55 89
55 178
59 91
59 120
60 118
60 145
63 87
64 114
64 136
64 196
65 81
65 161
67 199
68 111
68 147
70 183
72 115
75 158
76 110
78 123
78 155
79 104
82 139
84 126
85 193
86 127
88 100
89 100
90 153
95 114
95 150
96 189
100 104
107 130
107 193
109 156
110 188
112 138
117 148
118 162
118 173
119 158
120 195
124 137
124 170
125 190
126 176
126 186
129 162
129 175
132 166
136 177
136 199
138 168
144 165
146 172
147 184
153 172
153 175
162 163
162 191
167 181
171 197
173 197
188 192
