200 90
61
90
58
23
94
41
23
35
87
12
23
26
2
26
79
83
10
14
29
99
20
9
78
69
61
1
2
31
58
71
33
38
80
53
39
28
31
8
47
73
96
74
29
62
90
100
20
33
33
8
22
57
25
59
96
81
54
83
96
18
45
11
37
38
34
28
85
18
19
85
62
3
93
35
15
16
5
96
98
82
49
97
29
55
78
6
92
3
61
16
43
12
96
61
8
45
62
53
8
69
40
39
81
31
29
7
30
8
49
73
12
28
62
60
37
78
90
68
32
69
87
38
80
25
9
8
30
81
96
46
64
4
89
24
26
53
38
57
98
44
79
44
49
51
10
6
22
29
86
30
31
71
96
53
75
45
48
100
52
54
34
21
8
75
6
67
60
1
20
73
70
17
32
10
26
72
67
91
68
55
94
90
2
80
82
55
64
70
58
6
84
41
16
96
90
80
97
10
95
94
0 80
0 190
1 145
3 188
5 89
10 183
11 78
12 165
13 55
15 107
16 135
20 108
23 33
23 50
23 52
24 152
24 179
25 136
25 152
25 194
26 126
26 177
28 31
29 103
29 140
30 55
30 160
34 190
35 134
36 94
38 52
43 97
44 77
45 104
46 106
46 125
47 150
47 159
48 55
48 199
53 99
54 108
54 127
54 187
54 190
55 183
56 114
56 176
57 96
57 133
59 92
64 142
68 84
70 122
77 102
78 149
79 83
80 114
80 126
81 159
82 107
83 149
84 109
86 169
91 162
92 100
92 133
95 180
97 138
98 187
99 164
101 175
102 167
104 170
107 157
107 193
110 176
116 150
119 197
121 145
133 151
135 198
137 155
143 178
145 159
148 169
152 190
162 189
164 179
168 181
