200 95
81
95
38
8
79
24
96
77
89
29
53
21
92
79
55
75
43
12
62
34
72
17
14
98
44
2
15
26
12
28
8
30
73
52
90
3
47
15
72
28
34
71
91
4
2
74
19
83
34
27
41
17
100
2
51
52
15
84
94
44
64
14
59
56
93
3
37
59
99
12
48
96
13
35
28
12
93
73
10
1
100
21
64
1
12
26
36
47
84
32
1
98
21
73
100
17
59
12
7
65
14
81
90
7
93
11
88
62
69
67
52
7
86
100
58
62
25
24
99
32
94
92
27
14
40
21
91
41
90
72
95
74
67
4
99
94
39
58
48
64
54
5
37
1
11
23
68
95
27
100
10
65
58
50
6
64
30
71
69
11
67
8
40
52
4
61
82
80
95
46
41
50
9
64
3
5
49
35
4
67
7
34
41
97
12
71
96
35
19
42
21
54
53
46
98
13
36
57
76
66
0 103
0 116
1 108
2 58
2 147
4 9
4 93
4 123
4 147
4 199
5 54
7 163
8 59
9 193
10 14
10 148
13 103
14 177
14 194
16 64
16 135
16 143
17 133
18 66
19 64
19 96
21 71
25 177
26 177
28 195
29 74
32 142
34 35
35 186
38 79
38 94
39 136
40 181
41 139
42 133
43 162
45 140
45 169
47 141
48 179
50 73
53 183
54 157
55 70
55 84
56 68
56 90
56 134
57 133
57 138
58 187
60 181
61 164
63 197
64 184
67 110
69 130
69 156
70 75
71 192
73 154
78 130
81 198
84 128
86 116
87 189
88 187
89 143
92 157
93 121
96 151
96 196
101 171
102 138
104 150
104 192
105 159
111 147
112 173
113 125
115 166
118 121
127 147
131 198
132 161
132 164
152 184
160 184
174 179
182 184
