200 103
89
89
20
86
30
49
60
85
60
1
66
84
23
38
93
72
93
77
28
11
72
11
16
13
28
83
25
96
93
56
13
32
35
95
81
75
78
98
80
55
97
89
100
20
56
77
83
53
23
34
70
12
55
91
37
94
23
50
57
90
57
86
25
63
98
78
45
96
77
52
15
63
77
65
97
21
87
81
62
57
73
9
72
14
96
30
67
30
81
71
82
24
64
11
41
93
28
86
98
14
77
16
63
48
40
3
28
70
95
87
81
39
98
90
27
47
62
16
74
32
65
22
63
45
16
44
70
9
27
23
26
31
26
7
68
69
16
69
11
3
6
96
86
30
42
24
86
6
56
50
72
30
65
47
69
68
86
97
58
62
54
37
32
14
45
49
6
95
11
51
15
100
85
38
65
67
10
92
53
26
3
87
46
53
100
73
42
89
87
61
15
91
52
26
88
40
59
75
33
64
0 33
0 80
0 93
0 145
0 180
2 99
3 85
4 7
4 47
4 76
5 43
5 70
5 193
6 55
7 141
7 160
11 114
12 62
12 146
16 51
17 54
17 64
17 130
17 175
18 149
23 48
25 184
27 96
27 149
29 60
29 140
29 186
30 136
30 174
31 67
31 192
32 134
32 179
33 45
35 63
35 171
36 49
38 112
41 147
41 168
44 96
45 146
46 79
46 178
50 103
53 72
54 112
54 145
55 57
57 177
59 115
59 169
60 141
60 151
61 87
62 141
62 164
64 198
65 115
66 94
72 95
72 130
73 100
73 114
73 197
75 115
75 166
75 184
75 199
81 116
88 196
92 147
93 102
98 108
99 191
104 133
105 146
107 190
107 199
109 171
110 177
111 151
111 194
113 184
115 139
117 171
119 136
124 173
125 138
126 182
131 183
134 193
136 189
138 158
159 167
160 198
173 195
182 191
