200 293
100
77
98
61
82
75
72
78
28
85
88
83
18
47
24
100
38
29
96
17
94
57
14
67
76
38
11
87
33
39
27
34
78
47
82
87
42
3
11
17
74
78
84
78
78
80
14
15
99
89
69
3
56
16
8
31
49
14
10
50
18
71
98
55
40
28
38
35
79
82
27
33
86
33
77
94
35
88
14
11
64
31
55
69
78
92
16
96
10
61
30
27
73
13
62
1
92
18
58
56
76
82
80
63
90
5
85
38
32
61
55
18
22
9
16
32
98
44
75
36
11
48
64
12
71
65
48
7
96
53
42
8
5
59
83
34
75
55
15
9
67
45
59
98
66
52
33
40
3
20
73
16
54
82
52
16
60
40
51
25
85
4
12
28
51
34
16
10
4
43
88
94
56
96
4
59
54
69
46
24
58
82
23
90
38
54
2
76
19
84
88
38
85
9
33
92
95
43
87
100
0 78
0 142
0 146
0 185
1 104
1 123
2 28
2 33
2 47
2 136
2 190
3 114
3 132
4 134
5 107
6 7
6 51
6 110
7 145
8 99
8 186
8 188
9 39
9 100
9 179
10 156
11 14
11 23
11 27
11 78
11 82
12 25
12 29
12 92
12 171
13 22
14 131
15 25
15 198
16 125
16 151
17 27
17 124
17 191
18 21
18 44
18 59
18 97
18 119
18 122
18 133
19 75
20 27
20 159
20 173
21 99
21 195
22 119
23 33
23 41
23 100
23 132
23 151
23 157
24 99
24 111
25 91
25 96
26 83
27 37
27 110
27 130
27 167
27 190
28 87
28 198
30 45
30 195
31 53
31 81
31 94
31 124
32 78
32 104
32 176
33 47
33 51
33 52
33 83
33 157
34 68
34 86
35 54
36 157
36 187
37 120
37 147
37 148
38 125
38 147
38 167
38 194
39 158
40 118
40 179
41 66
41 115
42 129
42 190
43 88
43 124
43 141
43 177
44 117
44 118
44 153
44 180
45 156
46 95
46 101
46 166
47 69
47 71
47 178
47 183
48 124
48 167
48 173
48 181
49 54
49 111
50 138
50 183
50 187
51 67
51 156
51 182
52 122
52 153
54 58
54 63
54 129
54 176
54 186
55 61
55 64
55 79
55 101
55 173
56 103
56 118
56 176
57 128
59 60
59 118
59 121
59 148
59 174
60 84
60 97
60 177
61 120
61 176
61 177
62 144
63 150
65 73
65 98
65 106
65 108
65 135
65 145
65 148
66 114
67 88
67 167
67 171
67 197
68 123
68 169
69 169
70 127
70 148
71 81
72 134
72 150
73 77
73 93
74 109
74 161
74 183
76 162
76 188
77 80
77 158
77 169
78 86
78 96
78 117
78 174
78 175
79 81
79 82
79 85
79 93
80 177
81 169
82 112
82 173
83 107
84 94
84 102
84 144
84 196
85 98
86 189
87 124
87 183
87 185
88 95
88 194
90 152
91 159
94 96
97 118
97 120
97 177
99 124
99 171
99 190
101 156
101 171
102 120
102 191
103 110
103 136
104 132
106 122
106 143
107 109
107 173
109 111
110 136
111 138
111 197
112 123
113 185
113 191
114 150
114 173
115 118
117 199
118 193
119 187
120 124
120 128
120 170
121 137
122 161
126 184
127 198
129 130
129 152
129 186
131 177
132 149
132 179
134 185
135 192
138 139
143 195
153 166
154 159
154 176
154 190
155 159
156 165
159 179
159 186
159 189
160 198
162 176
167 188
168 191
170 191
174 176
176 186
178 192
181 195
182 187
182 197
186 187
187 190
