200 284
52
8
23
54
54
78
3
14
73
88
41
60
12
31
46
42
68
30
57
1
11
80
36
86
73
59
52
69
16
91
55
94
41
26
41
79
93
99
18
55
99
28
68
89
83
91
34
36
93
11
88
97
84
71
93
28
97
50
12
57
29
95
45
70
90
94
81
29
22
13
50
66
100
86
55
86
43
62
1
89
41
87
46
70
56
86
59
22
52
50
64
81
6
50
49
1
1
50
38
74
31
50
43
42
3
28
27
65
10
50
28
70
59
18
67
5
23
63
94
77
84
63
95
76
80
9
87
23
5
7
62
47
7
26
48
80
43
61
69
54
92
24
61
63
35
33
64
7
24
8
24
44
64
15
59
60
11
8
80
39
64
38
11
70
38
99
80
77
41
7
77
38
97
44
43
24
78
91
69
91
16
11
30
86
81
65
11
37
76
81
59
5
13
45
6
79
3
53
10
20
0 104
0 141
1 31
1 60
1 64
1 88
2 56
2 92
2 151
2 186
3 91
3 184
4 67
4 98
4 171
5 54
5 105
5 108
6 12
6 174
7 68
7 118
7 131
7 164
7 169
7 182
8 42
8 96
8 138
9 105
10 11
10 14
10 187
10 199
11 59
11 82
11 102
11 128
11 154
12 34
12 70
12 162
13 145
13 170
14 91
15 39
15 178
15 191
15 197
16 104
17 65
17 143
17 190
18 50
18 83
18 174
19 120
19 157
20 92
20 117
20 163
21 149
22 58
23 36
23 38
23 106
24 125
24 165
25 60
25 70
26 28
26 61
26 62
26 79
26 193
27 33
27 137
29 63
29 109
30 39
30 170
31 47
31 71
31 186
32 61
32 142
33 41
34 52
34 57
35 86
36 90
37 123
37 125
37 152
38 107
38 124
38 125
38 185
39 45
40 124
40 172
41 111
41 183
42 118
42 176
43 59
43 139
43 145
44 73
44 152
45 133
46 48
46 76
46 175
46 194
47 68
47 161
47 167
47 183
48 136
48 180
48 186
49 116
50 85
50 99
51 69
51 123
51 155
52 79
53 117
54 84
54 182
55 75
56 179
56 189
57 73
59 102
59 113
59 114
59 176
60 113
60 129
61 62
64 77
64 114
64 123
64 170
65 174
65 175
65 189
66 184
69 141
69 148
69 157
70 146
70 158
70 196
71 148
71 168
72 84
72 116
72 131
74 96
74 160
75 119
76 87
76 99
78 148
78 162
79 162
80 102
80 154
82 182
83 127
83 132
83 145
84 135
84 160
85 106
85 186
86 120
88 119
89 128
89 144
89 147
90 106
91 176
92 189
94 169
95 98
95 138
97 155
98 142
99 138
99 141
99 148
100 142
100 183
101 104
102 147
102 169
103 129
103 158
103 183
104 157
104 182
105 150
106 159
110 171
110 198
111 113
111 131
111 175
112 125
113 151
113 159
114 128
114 154
115 171
115 176
117 170
118 130
119 123
119 165
120 147
120 156
121 137
121 156
122 174
122 180
123 127
123 151
124 161
125 172
125 193
126 155
127 156
128 162
128 166
130 188
131 149
131 159
132 169
132 178
132 180
134 151
134 159
134 185
135 158
137 155
139 188
142 191
143 168
143 191
144 178
145 190
147 170
147 197
150 154
150 180
151 190
152 178
152 185
155 167
157 191
158 192
161 189
162 183
163 198
166 180
166 186
167 197
170 179
172 188
172 196
173 177
173 178
174 194
176 180
179 183
181 190
184 188
191 197
195 196
