200 307
89
85
24
34
52
98
6
67
74
20
75
99
75
58
82
73
91
15
59
42
47
85
92
18
41
32
21
69
52
71
83
27
8
63
9
18
36
81
35
26
35
66
92
97
78
97
89
43
14
30
100
41
17
11
45
80
10
17
90
9
2
71
55
8
92
74
3
38
70
3
16
52
98
91
7
34
89
27
75
100
24
50
100
62
77
30
88
19
59
23
81
54
47
5
5
60
7
91
6
37
80
20
89
63
52
49
59
94
8
23
35
7
12
26
67
6
28
18
1
14
94
2
74
44
81
48
78
5
56
67
59
11
74
91
14
68
38
24
63
24
70
53
14
92
71
65
33
29
22
49
9
47
17
47
88
30
16
26
80
11
27
1
33
36
49
83
70
70
57
39
77
60
33
50
53
87
49
79
23
11
78
52
69
11
52
32
68
75
100
24
30
70
27
68
60
92
87
65
50
98
0 132
1 30
2 111
2 187
2 192
3 46
3 62
3 150
4 23
4 34
4 61
4 78
4 133
5 47
5 58
5 96
5 129
6 8
6 14
6 87
6 114
6 140
6 163
7 30
7 33
8 86
8 160
9 32
9 83
9 92
9 101
9 126
9 172
9 175
9 197
10 73
11 61
11 80
11 114
12 73
12 81
13 133
13 165
13 199
14 43
15 114
15 194
16 124
16 137
18 47
18 131
18 180
19 72
19 100
19 177
20 38
20 114
20 151
21 110
22 113
22 137
22 152
23 32
23 112
23 168
23 171
24 66
24 72
24 101
24 190
25 53
25 158
25 195
26 39
26 115
27 87
27 88
27 96
28 96
28 164
30 42
30 147
30 175
31 87
31 112
31 142
31 184
32 61
32 83
32 150
32 160
33 65
33 101
33 136
33 173
33 188
34 56
34 87
34 199
35 64
35 118
35 121
35 134
36 37
36 95
37 116
37 161
37 188
37 189
38 41
38 90
38 109
38 122
39 44
39 148
40 131
40 166
41 66
41 136
41 195
42 188
43 94
44 51
44 131
44 133
44 193
45 128
45 141
45 150
46 80
46 104
46 135
47 48
47 77
47 154
47 157
47 158
47 164
47 176
48 90
48 110
48 125
49 105
49 115
49 117
49 170
49 198
50 69
50 147
50 169
51 108
51 122
51 123
51 156
52 120
52 144
52 199
53 64
53 121
54 97
54 118
54 144
54 186
54 189
55 78
55 85
55 132
56 188
57 76
57 196
58 91
58 194
59 125
59 161
60 138
60 154
61 108
61 111
61 126
62 77
62 86
65 150
65 164
65 176
65 190
67 135
68 184
70 104
70 110
71 82
71 161
71 169
73 99
73 116
74 82
74 117
74 154
74 183
74 189
75 129
76 78
77 89
77 97
77 99
77 174
77 188
78 173
80 152
80 167
80 196
81 88
82 88
82 94
82 108
82 113
82 166
84 98
84 159
85 88
85 127
87 89
87 99
89 148
89 153
89 185
90 111
90 167
90 172
91 97
91 109
92 168
92 170
93 112
93 178
95 115
95 177
96 130
96 166
99 133
99 199
101 143
102 121
102 170
102 190
103 115
103 180
104 139
105 111
105 151
106 161
108 151
109 112
110 167
111 178
113 118
116 186
117 153
118 152
118 171
120 191
121 137
121 168
123 142
124 184
125 137
125 160
125 181
127 129
127 136
130 169
131 153
132 144
132 197
134 152
134 171
136 160
136 177
137 174
139 156
140 188
141 151
141 153
144 162
146 162
146 178
147 168
148 162
149 177
152 194
155 158
158 164
158 165
158 166
158 190
160 172
161 196
164 185
165 170
166 170
167 175
167 177
168 193
170 193
171 187
172 193
174 181
181 184
