200 315
82
91
100
94
100
42
93
26
48
55
95
40
33
66
58
7
28
4
82
90
93
78
82
50
56
24
29
64
5
89
95
89
97
46
100
41
77
55
1
60
98
50
36
41
39
36
91
28
97
18
86
36
31
17
59
55
86
47
25
29
2
31
73
75
100
62
50
41
49
2
57
59
10
54
19
57
44
71
91
86
98
78
29
8
18
93
33
100
60
37
8
15
5
49
27
38
18
47
30
90
11
80
94
82
95
63
42
48
40
37
63
7
51
47
23
24
61
54
24
95
55
26
29
21
94
1
96
7
25
100
62
84
90
89
74
64
51
29
31
99
9
9
66
96
12
16
21
67
52
28
40
19
3
57
75
32
95
75
20
31
9
11
81
87
5
97
88
95
42
89
23
100
9
73
96
51
41
77
7
69
69
8
30
59
86
94
8
68
32
81
91
77
29
27
2
59
38
12
8
28
0 157
0 160
0 167
1 60
1 96
2 19
2 53
2 85
2 102
3 99
3 163
4 6
4 198
6 138
6 172
7 96
7 188
8 73
8 125
9 20
9 40
9 89
10 169
11 56
11 57
11 99
11 191
11 197
12 33
12 41
12 76
12 84
12 185
13 62
14 102
14 181
15 73
15 178
15 183
16 30
16 52
16 108
16 122
17 18
17 67
17 111
17 165
19 25
19 37
19 42
19 67
19 115
19 153
20 65
20 120
20 125
20 135
20 139
20 141
20 144
21 54
21 79
21 106
21 142
21 185
22 42
22 43
22 66
22 87
22 107
22 181
24 70
24 117
25 38
25 60
25 83
25 97
25 106
26 132
26 151
27 95
27 186
27 195
28 79
28 100
29 42
29 67
29 85
29 192
30 126
30 179
31 154
32 172
32 185
33 57
33 132
34 35
34 110
34 149
34 152
34 189
35 171
35 191
36 50
37 137
37 177
38 57
38 121
39 79
39 170
40 67
41 51
41 56
41 73
41 77
42 104
42 166
43 58
43 78
43 99
43 195
44 151
44 188
46 72
46 74
47 70
47 104
47 130
47 176
47 179
47 180
47 186
47 189
48 189
49 170
50 74
50 78
50 89
50 93
50 182
51 61
51 67
51 97
51 192
52 78
52 100
52 177
53 123
53 134
53 143
53 198
54 109
54 183
55 96
55 129
55 149
55 169
57 69
57 122
57 154
57 160
57 167
58 102
58 107
58 177
59 119
60 66
60 78
60 82
60 105
60 107
60 111
60 181
61 85
61 119
61 138
62 111
62 133
62 194
63 120
63 147
63 189
64 180
66 72
66 81
66 87
66 159
67 83
67 122
68 83
68 114
69 96
69 163
70 82
70 158
71 79
71 96
71 174
72 85
73 131
73 182
74 146
74 187
76 97
76 109
76 161
76 192
77 110
77 175
77 185
78 129
78 148
79 99
79 149
79 185
80 127
80 180
81 120
81 130
81 142
82 86
82 110
82 131
84 106
85 134
86 158
87 98
88 191
89 142
89 191
90 93
90 153
91 130
91 138
91 142
92 125
92 128
92 146
92 186
95 110
96 199
97 117
97 133
100 122
100 161
101 146
101 162
101 194
102 142
102 166
103 182
104 167
105 117
105 160
106 111
106 116
106 127
107 184
110 186
110 197
111 127
112 128
112 192
113 134
113 159
114 173
114 174
115 157
116 120
116 122
116 136
116 156
117 179
119 172
123 185
124 131
124 146
124 152
124 165
127 165
129 159
129 173
130 151
132 174
133 183
134 177
134 185
135 173
136 159
139 168
141 148
142 162
143 145
143 154
145 165
148 170
151 170
152 167
153 190
155 162
161 185
161 190
166 182
167 182
167 194
171 195
172 184
174 176
174 182
176 178
177 181
179 190
181 192
181 197
193 198
