200 293
15
45
67
34
79
2
11
46
99
88
81
12
95
9
85
97
80
37
28
53
84
81
5
24
81
21
69
8
3
45
91
92
8
100
95
67
51
21
88
42
13
33
53
96
85
20
6
88
98
80
33
66
83
14
96
56
53
2
80
62
75
59
46
57
39
59
8
39
93
84
42
83
53
16
36
60
14
92
71
62
31
38
80
18
21
86
15
24
86
69
93
82
50
48
46
68
5
20
94
98
11
90
67
19
78
63
30
48
52
92
56
99
9
78
9
23
75
33
21
30
17
32
97
22
35
53
63
99
44
40
75
2
69
90
89
43
47
25
82
83
94
71
22
44
99
36
89
20
83
3
48
77
88
10
58
68
43
84
3
23
35
13
80
77
91
37
23
73
16
19
100
67
7
8
30
43
47
51
61
37
59
80
18
60
44
5
1
5
72
16
20
85
46
8
71
60
90
74
88
95
0 80
0 90
1 107
1 145
1 164
2 19
2 162
3 16
3 82
3 84
4 95
5 6
5 16
5 30
5 96
5 107
5 154
5 181
6 69
6 86
6 112
6 180
7 79
7 165
8 11
8 59
8 168
8 188
9 20
9 50
9 124
9 130
9 137
9 195
10 48
10 125
11 39
11 47
11 86
11 125
11 131
11 158
11 164
11 183
12 48
12 86
12 136
12 182
13 27
13 130
14 89
14 147
14 193
15 72
15 107
15 146
15 182
16 21
16 132
17 46
17 62
17 104
18 67
20 150
21 46
22 28
22 51
22 178
22 181
23 137
23 197
24 155
24 185
25 67
25 77
25 130
25 170
26 124
26 138
27 64
27 65
27 75
27 154
27 161
27 176
27 179
28 38
28 63
28 126
28 196
29 36
29 66
29 90
29 175
30 64
30 67
30 129
30 187
31 42
31 51
31 98
31 150
31 151
31 194
32 83
32 99
32 120
32 176
33 35
34 58
34 75
34 133
35 153
36 122
36 177
37 130
37 155
37 171
38 60
38 128
38 156
39 48
39 81
40 128
40 158
40 196
41 66
41 119
41 186
41 198
42 80
43 85
43 93
45 113
46 73
46 94
46 198
48 49
48 181
49 52
49 64
49 73
49 105
49 131
49 161
49 186
51 94
51 98
51 135
51 194
52 79
52 85
53 117
53 120
54 131
55 106
56 63
56 121
57 79
57 168
58 162
59 114
59 134
59 154
60 98
60 133
60 178
60 181
62 115
63 77
63 146
63 156
64 196
65 195
67 86
67 110
67 129
67 197
68 70
68 128
68 161
68 179
69 97
69 112
69 148
71 97
71 115
71 150
71 153
71 157
73 98
73 181
75 80
75 175
76 120
78 119
78 147
79 153
79 171
80 91
83 112
83 168
84 90
84 136
85 108
85 175
86 113
86 141
87 147
88 109
88 197
89 105
90 174
91 129
91 143
93 161
94 99
95 188
96 155
97 146
98 157
99 108
99 142
101 169
102 118
102 165
102 198
103 189
103 192
104 124
107 113
109 170
110 132
110 152
113 152
115 175
116 155
116 160
116 182
116 199
117 140
117 172
117 193
118 120
119 175
120 153
120 171
120 172
122 125
123 127
123 128
124 133
124 155
125 137
125 168
126 136
127 177
127 183
128 147
128 154
129 147
130 168
130 179
131 145
131 149
132 133
132 155
132 161
133 166
133 184
134 135
134 154
135 173
137 146
138 142
141 187
141 190
143 193
144 197
145 178
145 188
146 149
147 193
147 196
150 152
154 179
154 185
154 193
162 193
163 198
167 191
168 180
171 174
