200 340
62
90
39
39
36
36
7
26
84
48
32
28
14
73
49
48
64
31
91
39
18
38
78
1
59
54
56
82
84
56
21
3
10
19
17
30
29
8
42
81
49
59
95
20
93
8
99
2
66
33
46
77
97
94
2
20
64
62
96
24
52
100
37
43
66
71
16
50
38
36
7
12
19
92
90
43
41
61
14
75
64
28
18
59
80
55
14
1
61
14
6
98
16
78
6
83
40
64
84
30
56
10
28
96
26
23
71
26
52
1
86
90
97
31
17
77
48
33
25
1
22
94
78
7
10
67
29
15
83
49
84
81
95
89
86
97
2
63
4
84
98
41
22
47
96
44
6
79
30
68
42
84
60
12
53
29
51
2
85
35
4
26
79
92
57
34
29
46
44
48
60
54
39
99
26
86
25
4
24
6
99
65
14
33
45
86
84
66
58
66
36
53
46
97
8
72
15
95
59
8
0 50
0 86
0 180
1 23
1 30
1 34
1 42
1 88
1 95
1 147
2 72
2 102
2 107
2 130
3 136
3 178
4 109
4 140
4 147
5 12
5 25
5 32
5 64
5 156
6 167
6 185
6 194
6 199
7 39
7 116
7 124
7 137
7 165
8 13
9 115
10 18
10 33
10 92
10 137
10 149
10 154
10 165
10 183
11 107
12 47
12 142
12 177
13 37
13 105
13 160
14 128
14 139
15 36
15 39
15 109
15 115
15 196
16 66
16 95
16 100
16 123
17 50
18 47
18 85
18 129
19 74
19 119
19 123
19 139
19 140
19 189
20 40
20 103
20 183
21 55
21 69
21 112
22 36
22 49
22 125
23 27
23 44
23 55
23 73
23 133
24 88
24 122
24 176
25 28
25 33
25 61
25 132
25 167
26 150
26 198
27 149
27 154
28 45
28 151
28 178
30 60
30 136
30 182
31 152
32 91
32 154
32 160
32 169
33 79
33 135
34 54
34 128
34 199
35 49
35 66
35 79
35 107
35 123
35 126
36 67
36 71
36 126
37 135
37 173
38 43
38 84
38 186
39 167
40 56
40 165
41 199
42 48
42 91
42 101
42 114
42 195
43 51
43 140
43 162
43 172
45 68
45 123
45 157
47 80
47 92
47 101
47 148
47 186
48 65
48 139
48 181
49 108
49 177
49 181
50 98
50 131
51 87
51 103
51 128
51 161
52 91
53 82
54 79
54 106
54 143
55 57
55 113
55 175
55 198
56 115
56 181
57 88
57 130
57 174
58 145
59 141
59 175
60 199
61 137
62 66
62 110
62 138
63 70
63 95
64 99
64 141
65 66
65 122
66 188
67 78
67 123
67 193
68 69
68 84
68 126
68 150
68 162
69 122
69 140
70 96
71 145
71 189
72 187
73 93
73 97
73 149
73 175
73 196
74 137
74 175
75 76
75 123
75 145
75 158
77 175
78 82
78 104
78 160
78 176
79 95
79 164
79 185
80 148
80 186
80 192
82 99
82 121
82 132
82 195
83 146
83 178
84 104
84 119
84 180
85 100
87 103
88 111
88 151
90 147
90 168
91 105
91 150
91 167
93 116
93 135
93 155
93 169
94 96
94 111
94 149
94 174
96 99
96 154
96 182
97 169
99 158
99 159
101 170
102 126
103 182
105 119
105 152
105 181
105 183
106 133
106 174
107 130
108 175
110 121
111 170
114 142
114 194
117 151
118 172
119 121
119 143
119 153
119 199
121 146
121 153
121 179
122 137
122 157
122 171
125 197
126 147
127 147
127 161
127 171
128 132
128 143
128 144
129 137
129 149
129 160
130 173
131 192
132 180
133 184
133 187
135 174
136 165
138 158
138 171
138 174
139 166
139 191
140 149
141 143
141 168
141 180
142 146
145 188
145 193
146 191
147 196
149 198
150 160
151 190
152 182
153 156
153 185
158 181
161 171
161 197
162 185
164 176
165 178
165 199
167 175
169 179
170 171
170 189
173 184
174 199
179 195
182 198
189 195
191 198
192 195
