200 293
44
4
3
53
57
31
12
35
27
12
8
75
81
45
56
39
80
79
19
64
39
55
73
11
11
52
95
7
61
67
49
3
82
77
15
65
16
60
16
2
43
66
6
26
46
55
49
97
18
87
12
44
81
41
91
95
37
38
36
94
82
82
89
74
55
1
55
5
18
52
2
43
63
88
44
67
71
94
37
84
19
55
8
88
2
84
48
63
97
8
44
6
87
91
20
78
44
56
76
48
98
31
50
30
11
7
59
41
36
67
4
72
10
10
85
76
9
21
52
97
40
55
98
99
7
2
64
20
63
23
50
63
100
64
26
36
14
46
6
68
32
84
13
12
1
69
27
11
99
34
12
55
18
26
60
54
44
83
33
67
25
40
97
2
65
90
58
29
14
50
55
87
60
79
76
77
99
47
47
79
57
15
69
95
35
52
29
4
5
35
44
18
86
15
23
93
42
38
48
75
0 10
0 26
0 49
0 88
0 187
1 109
2 6
2 15
2 80
3 165
5 162
6 31
6 46
6 55
6 108
6 116
6 124
6 141
6 163
6 170
6 187
6 194
7 71
7 118
7 123
8 31
8 65
8 137
9 44
9 172
10 72
10 121
11 48
11 199
12 32
12 79
12 88
12 146
13 16
13 69
13 91
13 131
13 194
14 140
15 137
15 168
16 45
16 106
16 166
16 192
17 77
18 39
18 101
18 134
18 143
19 29
19 162
19 179
20 55
20 102
20 129
20 162
21 36
21 90
22 136
23 32
23 54
23 61
23 78
23 87
23 164
23 176
24 87
25 41
25 114
25 127
25 165
25 172
26 52
26 89
27 102
27 142
27 145
29 30
29 31
29 121
29 187
29 196
30 88
30 135
30 159
30 165
30 169
31 94
32 95
33 123
33 140
34 80
34 94
34 120
37 40
37 53
37 162
37 182
38 58
38 71
38 102
38 168
39 95
40 111
40 171
41 57
41 76
41 104
41 182
42 170
43 62
43 82
43 130
43 139
45 189
46 142
47 119
47 192
49 147
50 109
50 120
50 158
51 166
52 185
52 187
53 171
54 62
55 195
56 99
56 170
56 179
57 59
57 84
57 192
59 79
59 178
60 120
60 179
61 107
61 143
62 88
62 93
62 160
62 186
63 83
63 176
63 190
64 131
64 162
65 70
65 96
65 146
65 162
66 107
66 126
66 136
66 172
67 103
68 103
68 194
69 170
69 179
70 177
71 87
72 110
72 143
72 174
73 155
73 185
74 75
75 91
75 129
76 130
76 172
77 85
78 167
78 186
79 96
79 195
80 82
81 98
81 147
81 183
81 187
82 96
82 103
82 104
82 131
82 181
83 94
83 111
83 165
83 190
85 154
85 190
86 114
87 167
87 178
87 192
88 134
89 95
90 145
90 196
91 160
92 130
93 170
94 119
95 104
96 160
96 182
97 138
99 122
99 157
102 178
102 190
104 181
105 110
105 122
106 151
106 171
106 196
107 118
107 126
108 183
108 195
109 156
112 194
113 169
114 134
114 189
115 147
117 185
118 147
119 159
119 175
121 139
122 129
122 134
122 192
122 194
122 195
123 157
123 166
124 135
125 195
130 149
130 176
136 146
136 186
139 163
139 174
140 162
141 144
141 148
141 162
142 160
142 198
143 156
143 158
144 176
145 159
146 150
146 155
146 173
148 197
149 195
150 176
151 166
151 181
152 153
154 191
156 166
156 174
156 177
156 186
160 182
161 189
163 187
166 185
169 187
170 179
171 174
171 177
172 179
174 175
175 195
178 195
