200 294
50
47
64
40
61
10
11
6
95
4
90
16
87
99
90
51
75
96
71
45
38
77
48
76
45
49
28
60
46
37
38
26
36
25
65
95
20
91
84
63
22
22
98
50
71
1
38
67
76
68
88
75
81
98
44
40
48
63
14
50
47
72
96
61
8
17
75
39
4
54
35
93
19
6
90
51
94
14
71
2
74
79
17
13
56
58
66
45
30
41
50
87
22
83
41
45
44
77
6
60
25
52
46
4
18
11
64
18
10
86
9
14
96
29
58
77
37
5
11
90
18
70
99
50
11
4
46
94
38
48
60
39
65
89
2
26
61
39
14
25
15
90
65
29
33
71
93
87
43
51
70
50
27
11
7
17
75
45
100
8
44
87
30
20
52
18
66
84
90
16
22
18
63
3
64
89
15
71
28
55
89
84
15
7
18
60
91
11
79
55
33
34
17
47
51
43
38
16
56
17
0 13
0 66
0 145
0 191
1 32
2 67
2 79
2 106
2 164
2 194
4 148
5 68
5 143
5 154
6 78
6 99
6 130
6 161
6 193
7 17
7 81
7 85
7 87
7 175
9 149
10 159
10 194
11 71
11 104
11 124
12 28
12 39
12 59
13 16
13 63
13 114
13 177
14 16
14 53
14 59
14 106
14 173
15 71
15 107
15 111
15 116
15 126
16 57
16 76
16 90
16 152
16 155
18 104
18 147
19 83
21 84
21 102
21 127
22 34
22 72
22 158
22 199
23 31
23 109
24 26
24 28
24 138
24 151
24 195
26 102
26 112
26 183
27 30
27 38
27 82
27 156
28 73
28 160
28 192
29 159
30 99
30 106
30 108
31 54
32 60
32 152
33 50
33 83
33 93
34 78
34 119
35 108
35 145
36 39
36 115
37 141
38 134
38 146
39 152
39 186
40 189
41 77
41 104
42 90
42 193
43 64
43 164
44 93
44 152
45 47
45 78
45 112
45 123
45 155
46 73
46 133
46 156
47 48
47 71
48 129
48 140
48 149
48 161
50 64
50 87
50 112
50 126
51 87
51 125
51 169
51 173
51 175
52 88
52 171
53 91
53 112
53 123
54 111
54 145
54 177
55 93
56 59
56 144
56 184
57 184
58 73
58 96
58 180
59 100
59 134
59 160
60 127
61 171
62 69
62 73
62 163
62 183
64 65
64 110
64 146
65 195
66 143
67 97
67 117
68 162
69 134
69 188
69 193
72 74
72 161
72 194
73 81
73 134
73 186
74 127
74 162
75 98
76 79
76 85
76 138
78 116
78 154
79 81
80 135
81 101
81 124
82 134
82 190
83 88
84 128
84 144
84 163
84 168
85 141
86 161
87 141
87 174
87 177
88 106
88 133
89 114
90 111
90 147
91 127
91 154
91 165
91 185
94 168
95 140
96 143
96 163
96 167
97 135
98 100
99 175
100 149
100 191
100 199
101 109
101 155
102 177
102 185
103 117
103 134
103 160
103 163
104 156
105 133
106 163
106 196
107 178
108 192
109 184
110 111
110 121
110 194
112 115
113 116
113 142
113 151
114 149
115 118
116 159
117 150
118 119
118 126
118 168
119 130
120 140
120 170
121 136
121 163
122 152
123 137
123 148
124 142
126 140
126 160
127 189
129 138
130 193
130 199
133 160
133 178
133 184
134 175
134 187
135 149
135 175
137 138
137 155
138 179
143 152
143 188
145 199
146 147
146 154
146 196
148 150
151 184
153 178
155 166
155 173
155 182
163 171
163 192
165 175
165 199
166 186
167 175
167 183
167 197
169 178
185 194
