200 87
48
56
86
67
49
19
36
100
78
89
48
12
62
26
27
38
27
71
21
82
74
26
3
68
14
57
82
6
42
58
53
5
12
47
4
31
49
97
87
50
79
45
55
75
93
45
87
39
100
17
8
78
3
43
84
33
46
28
29
39
76
14
31
67
45
62
69
23
10
71
46
20
30
32
69
71
34
84
13
67
97
65
66
44
91
15
100
47
47
45
31
19
66
74
39
84
52
55
33
94
100
92
45
52
43
13
90
50
71
100
84
73
65
38
6
74
45
64
49
65
42
100
83
59
6
13
88
25
95
88
18
21
73
49
95
20
42
29
79
72
77
48
90
50
45
43
98
90
98
79
54
65
73
44
94
80
52
9
94
14
71
64
93
80
52
33
59
3
45
36
69
60
25
27
7
22
90
85
25
57
32
53
19
74
36
14
77
57
24
18
97
97
97
63
5
47
95
8
71
3
0 175
1 186
2 41
3 191
4 40
5 102
8 141
9 102
9 147
11 29
12 128
15 140
15 194
19 44
20 144
26 89
26 177
27 86
29 45
32 192
34 38
34 79
34 198
38 84
40 112
41 181
45 131
46 70
46 75
46 147
47 87
48 77
50 75
55 170
57 76
57 141
58 129
58 172
61 66
62 155
63 69
63 137
64 177
66 111
67 178
71 80
72 75
72 175
76 191
77 122
77 127
82 157
83 106
83 130
83 154
83 175
84 174
84 185
85 123
87 186
88 172
89 155
90 179
93 137
97 112
108 130
108 160
110 165
117 130
120 143
121 167
122 198
123 173
130 163
132 153
146 167
149 168
151 195
153 199
156 191
159 170
163 168
171 189
176 187
178 195
179 188
183 198
