200 102
95
9
63
16
63
44
68
86
24
61
37
52
31
1
48
99
44
53
25
61
86
63
31
20
42
84
86
57
44
12
54
42
14
54
12
28
42
17
34
41
30
3
44
74
83
20
40
40
22
40
69
73
31
28
58
69
93
25
6
13
100
37
3
56
27
4
74
59
88
79
19
25
55
24
12
49
56
86
6
97
96
64
54
40
18
28
82
12
20
51
6
44
82
75
13
59
6
81
80
26
36
92
71
44
75
76
13
10
46
37
91
16
87
20
89
87
40
19
80
12
96
58
9
91
47
51
57
68
59
64
17
60
10
86
88
62
1
56
65
32
1
25
81
82
23
12
1
1
44
76
65
23
69
42
55
36
98
52
13
5
2
26
62
8
20
62
73
47
80
94
84
79
63
21
37
16
42
33
43
96
86
77
93
41
49
9
25
85
69
94
64
59
63
21
64
89
23
48
82
22
1 20
2 27
3 116
5 182
6 188
7 25
7 46
7 175
8 96
8 164
13 154
14 41
14 190
15 114
18 196
19 121
20 155
21 52
22 27
25 85
26 110
29 68
29 84
29 169
31 81
31 178
34 92
34 114
34 186
34 199
35 75
35 76
35 88
37 76
37 89
37 194
40 82
41 134
43 153
45 136
46 51
46 183
47 134
47 142
47 198
50 195
52 118
53 108
54 81
54 176
57 119
60 157
61 110
62 117
62 131
65 69
65 86
65 101
66 98
66 142
72 159
72 175
73 169
77 156
85 123
86 107
86 193
87 178
89 130
89 196
91 134
92 137
94 171
94 184
97 130
99 154
100 119
100 146
102 150
102 184
105 169
107 149
110 129
113 159
115 150
116 178
117 137
123 158
124 170
126 170
138 184
139 178
140 142
142 147
142 189
147 170
151 188
156 167
164 187
168 199
172 196
178 183
