200 102
43
2
74
50
1
2
97
1
28
95
28
9
18
61
96
94
49
6
26
70
46
86
26
68
31
28
16
15
23
23
8
57
11
44
60
1
44
96
85
74
99
7
10
14
27
28
25
5
94
63
97
32
96
14
81
78
1
37
14
70
88
24
8
72
23
74
47
92
61
15
46
34
76
68
19
45
34
33
66
19
89
14
90
67
82
54
4
61
15
63
52
14
83
64
87
4
39
32
40
78
88
88
33
16
26
50
63
20
9
47
14
60
73
25
45
62
22
36
17
8
75
75
24
73
9
57
4
85
35
63
84
54
4
73
92
43
27
90
2
97
66
5
84
84
88
2
2
90
17
54
14
45
81
77
65
38
95
78
91
29
1
8
13
59
32
81
39
82
11
91
34
34
5
13
77
28
66
73
14
18
15
79
4
7
17
91
91
64
41
45
21
98
74
53
71
2
39
3
42
55
2 55
2 131
3 17
3 69
3 111
3 120
3 123
3 126
3 154
6 72
7 8
7 45
7 49
7 112
9 39
9 121
11 176
14 62
14 67
14 113
16 73
17 137
18 61
18 191
19 171
20 30
20 84
20 130
20 144
22 94
22 99
24 152
25 28
25 188
26 45
26 141
29 85
33 186
34 192
35 132
37 199
38 81
40 80
40 198
42 165
43 154
45 84
46 47
48 53
48 90
51 185
53 71
56 184
58 70
60 90
61 193
62 116
62 165
63 98
63 199
68 143
69 91
70 183
70 187
71 189
72 99
73 120
73 135
74 139
78 138
79 113
82 180
82 183
86 96
87 107
91 110
93 169
94 166
96 165
97 194
98 176
99 113
101 117
103 125
104 162
104 182
106 166
110 195
111 121
111 138
114 128
117 189
118 196
120 180
124 190
130 146
135 197
138 153
142 183
148 183
151 154
160 169
