200 115
79
19
58
49
3
3
86
26
86
67
20
40
28
5
31
81
33
45
94
43
77
18
14
79
30
74
79
52
12
53
21
67
44
56
34
13
21
55
4
55
87
42
57
32
88
67
88
50
41
54
17
17
97
38
30
77
65
12
86
82
69
82
79
75
95
60
36
83
69
37
9
93
79
17
91
75
25
80
95
39
59
90
82
19
16
96
46
79
52
99
41
38
21
98
56
90
57
72
48
73
13
62
33
31
38
18
43
25
62
25
87
12
81
57
32
99
87
37
56
40
42
1
98
11
55
55
35
71
37
87
4
36
84
84
26
64
77
87
63
11
14
38
64
78
17
16
28
64
52
75
56
65
8
82
7
26
55
75
30
40
88
70
98
4
74
68
30
1
35
85
94
56
31
82
55
84
2
96
35
14
26
86
10
65
72
76
1
9
1
83
24
99
17
93
29
3
7
71
2
58
1 127
1 167
3 88
3 113
3 183
4 191
7 118
9 93
9 132
11 69
11 186
13 59
13 147
14 91
15 131
17 114
19 24
21 88
22 198
23 26
24 184
25 64
25 71
26 82
26 118
27 80
27 183
28 62
30 35
30 120
31 184
32 98
33 73
33 83
34 63
35 137
36 43
38 108
39 89
39 147
42 49
44 111
45 62
45 74
48 97
50 110
52 96
52 102
53 194
55 117
55 167
57 70
57 82
57 129
61 109
62 71
62 101
62 114
64 141
64 188
65 130
67 77
69 157
71 136
71 182
75 161
75 168
76 100
76 165
77 181
77 196
78 183
80 126
81 137
82 190
84 88
84 114
85 147
85 150
86 173
88 140
88 188
94 135
94 142
95 196
96 108
97 147
98 160
100 107
102 180
105 189
111 178
112 197
113 159
115 133
115 147
121 159
125 156
125 166
130 149
136 193
137 178
140 154
142 183
143 181
145 147
149 151
153 191
154 161
162 165
162 176
164 184
169 185
178 181
188 191
