200 107
33
41
91
20
29
39
41
51
40
99
25
64
68
10
57
26
60
8
44
61
48
31
40
68
28
15
22
58
14
14
100
5
6
13
3
60
36
34
73
71
97
93
26
13
48
60
81
88
48
28
70
43
15
62
44
69
85
12
55
14
58
66
98
37
71
39
38
95
82
38
100
85
84
28
75
8
44
68
53
75
52
67
69
8
38
39
38
92
17
57
51
46
61
20
70
35
59
27
14
75
65
14
51
44
48
1
77
44
54
19
30
61
85
91
86
56
5
96
68
61
76
46
63
95
83
9
60
69
47
64
18
60
89
89
85
100
74
82
63
50
87
16
13
25
63
82
30
96
74
61
55
32
42
17
77
40
57
20
40
17
25
15
11
67
65
43
97
47
48
85
98
55
82
24
21
53
89
50
2
90
15
84
84
66
69
84
77
8
52
86
19
26
25
33
8
59
96
5
85
75
1 53
1 90
2 94
6 21
6 119
6 161
6 175
6 192
7 8
7 176
8 27
9 50
11 53
11 92
11 143
13 99
13 184
16 36
16 124
16 180
17 65
18 151
22 178
24 65
24 193
31 147
31 167
32 112
33 69
33 198
35 75
37 174
38 128
38 165
38 171
39 67
41 71
43 111
46 76
46 193
47 161
49 188
54 80
54 113
59 176
60 101
60 107
64 166
64 170
66 76
67 81
69 84
70 166
71 100
73 107
74 115
74 150
75 191
78 180
84 144
85 140
86 91
87 89
87 116
87 170
87 188
88 112
92 114
93 192
94 109
96 133
96 138
98 187
99 156
100 146
102 111
105 169
105 171
106 134
106 170
107 142
108 120
109 145
120 147
120 180
121 145
121 153
122 171
123 173
126 152
127 185
129 149
130 147
130 195
133 157
134 193
136 181
138 188
139 194
140 199
141 162
147 171
156 191
157 174
160 192
164 180
174 185
